13_Interview_Interview_Sequences_13_495
60
538 71 42 50 0.9768436 
494 120 27 31 0.9558017 
431 142 33 36 0.9461938 
351 126 26 32 0.86539984 
411 144 26 31 0.8014778 
401 117 26 33 0.68240666 
109 123 23 29 0.56852734 
305 128 26 31 0.42122388 
340 308 13 18 0.121898904 
592 98 14 19 0.10698112 
0 118 24 41 0.08747305 
179 133 13 16 0.08066279 
363 81 16 20 0.07743167 
409 138 20 27 0.07702878 
109 41 15 22 0.07416556 
119 127 16 22 0.07406455 
369 80 19 22 0.06718021 
53 116 31 38 0.056320608 
2 105 41 59 0.053154755 
155 100 12 16 0.05016279 
188 138 15 20 0.046697374 
195 140 14 19 0.04614009 
383 173 27 31 0.043729402 
427 150 23 25 0.04287408 
370 84 26 30 0.041095916 
582 89 23 32 0.039526153 
103 44 23 31 0.038895465 
103 132 25 34 0.031896167 
397 124 18 23 0.031307925 
73 129 17 21 0.030811584 
383 103 22 27 0.030675204 
48 87 28 34 0.030532174 
91 171 17 22 0.030056156 
123 124 22 29 0.029569186 
367 67 24 29 0.028581524 
132 122 14 17 0.027510919 
103 114 14 16 0.024990344 
108 146 24 30 0.024712902 
106 152 15 20 0.024681568 
370 98 26 29 0.024570426 
98 110 40 51 0.02397301 
46 84 45 59 0.023819193 
20 116 28 34 0.022922417 
179 144 16 20 0.022342976 
97 168 18 22 0.022095377 
203 141 13 18 0.021899104 
503 114 20 26 0.021741949 
392 106 25 32 0.0217129 
690 267 15 17 0.02147812 
654 96 39 59 0.02144632 
327 260 10 13 0.021354698 
94 139 12 16 0.020875335 
185 154 17 20 0.020750172 
175 137 15 18 0.020708665 
407 151 18 23 0.02067221 
343 119 25 33 0.02058123 
115 258 23 32 0.020431925 
102 130 17 21 0.02033193 
86 98 23 29 0.020317633 
285 104 22 28 0.020308403 
