13_Interview_Interview_2_People_Visible_13_461
29
155 151 65 102 0.95183104 
87 168 66 98 0.6165269 
62 458 16 18 0.46358278 
111 160 79 101 0.121672705 
45 452 15 16 0.09079137 
627 44 388 448 0.074925594 
53 455 17 21 0.05919531 
77 380 9 11 0.05892485 
51 446 15 17 0.038518604 
187 163 54 80 0.03717483 
425 175 32 41 0.03609534 
70 242 59 58 0.03422185 
728 115 230 270 0.033915486 
282 580 12 15 0.03203758 
115 387 13 15 0.031660546 
110 382 12 15 0.030506695 
62 374 12 15 0.030068168 
103 381 11 14 0.027699811 
69 376 12 13 0.025618665 
470 553 14 17 0.025284508 
217 548 30 44 0.025195606 
9 358 10 13 0.02401965 
104 375 10 12 0.023072116 
26 416 99 117 0.021924105 
110 446 14 15 0.02174982 
167 482 11 15 0.02091438 
579 596 119 128 0.020625249 
63 191 102 110 0.0200477 
53 374 13 16 0.020046782 
