13_Interview_Interview_On_Location_13_138
120
332 223 19 23 0.9150639 
97 260 19 23 0.8602381 
437 292 23 29 0.7322609 
674 277 16 20 0.69792235 
495 244 16 25 0.6568854 
330 272 19 22 0.3370033 
413 247 11 13 0.25702313 
348 375 47 58 0.21612893 
234 130 32 40 0.21568593 
246 386 92 123 0.18297416 
53 336 42 44 0.17609458 
423 316 50 54 0.16232178 
213 180 12 13 0.13659976 
369 306 25 38 0.13449594 
356 272 12 15 0.108575605 
164 138 18 21 0.0993957 
443 282 28 30 0.09799002 
10 531 48 45 0.096594945 
384 259 12 17 0.09405043 
436 302 30 42 0.073611386 
408 251 12 15 0.06648024 
318 309 21 29 0.055598155 
512 253 22 27 0.05212337 
357 303 28 34 0.05118951 
324 278 26 30 0.05008622 
596 279 13 14 0.04969703 
416 333 39 42 0.049202837 
505 250 15 18 0.04543784 
332 195 16 19 0.04357112 
447 292 30 39 0.042209763 
235 164 12 15 0.042125616 
299 151 16 19 0.041671995 
724 317 12 15 0.040960312 
581 268 10 12 0.0408181 
406 258 12 16 0.040047873 
327 199 14 18 0.03717708 
741 390 37 36 0.03619853 
286 414 65 92 0.035860363 
226 406 69 82 0.035020556 
322 317 30 35 0.034812257 
430 295 18 23 0.034441233 
410 349 36 42 0.03380241 
481 249 21 29 0.033642072 
412 275 15 18 0.0334426 
700 309 50 54 0.032843713 
516 244 13 17 0.032679994 
612 307 15 17 0.03157389 
140 585 36 37 0.031213313 
609 310 11 13 0.030699806 
607 293 9 11 0.030515464 
333 357 49 55 0.030241214 
309 283 16 17 0.030141443 
326 328 43 47 0.029959124 
365 276 13 17 0.029432317 
408 240 10 12 0.029426059 
447 311 31 41 0.02934519 
163 148 19 22 0.02899995 
52 495 28 37 0.028807912 
42 435 44 56 0.028555077 
604 286 10 12 0.028370306 
226 148 29 35 0.027931111 
458 283 25 29 0.027315516 
250 140 13 17 0.027106147 
414 379 35 40 0.026850088 
317 284 14 16 0.026758999 
199 111 12 16 0.026377069 
206 171 24 28 0.026358705 
220 181 12 14 0.026337605 
239 251 12 17 0.026299529 
509 294 13 15 0.025859939 
421 302 28 33 0.025765982 
502 254 24 30 0.025760135 
407 241 19 24 0.025632778 
523 253 13 17 0.025259033 
346 14 58 79 0.025097867 
479 387 34 37 0.02507906 
223 199 12 13 0.024850216 
402 266 24 26 0.024264002 
678 288 45 52 0.02414908 
598 292 11 13 0.02410839 
342 174 12 13 0.02409734 
157 336 209 197 0.024029085 
335 266 20 24 0.023679944 
478 314 12 16 0.023655951 
409 326 34 35 0.023373999 
590 271 9 11 0.023307746 
462 294 27 36 0.023229713 
336 318 31 34 0.023123838 
266 146 28 33 0.023008045 
191 115 12 16 0.022830896 
237 169 13 15 0.022732664 
285 171 11 13 0.022537123 
556 269 13 14 0.022330927 
322 298 27 35 0.02232066 
401 254 23 27 0.02228722 
652 283 11 13 0.022140644 
471 269 23 29 0.022106217 
270 206 9 12 0.021881707 
450 302 16 22 0.021784946 
378 312 28 38 0.021674728 
498 239 17 20 0.02158138 
647 271 8 10 0.021571761 
469 315 13 19 0.021513758 
337 301 27 34 0.021371325 
343 342 33 34 0.021354813 
609 296 23 26 0.02130568 
383 256 21 28 0.021220675 
658 351 32 38 0.021201143 
54 286 397 393 0.021033056 
195 108 24 29 0.020967597 
228 182 12 13 0.02095717 
434 273 27 34 0.020785639 
413 265 25 32 0.020745749 
262 221 11 15 0.020704573 
620 293 12 14 0.020698225 
206 173 14 17 0.020584557 
648 284 9 11 0.020465678 
401 337 38 41 0.02035885 
508 239 14 17 0.020186514 
347 300 16 20 0.020067044 
