13_Interview_Interview_2_People_Visible_13_668
177
598 468 16 20 0.9159038 
936 453 18 23 0.78399944 
415 470 13 16 0.40463617 
126 714 13 17 0.38503742 
716 627 15 19 0.33737394 
292 468 13 17 0.31693077 
106 693 12 13 0.24363725 
85 684 11 15 0.21843198 
220 720 20 29 0.17674778 
5 683 12 16 0.16957198 
39 721 13 16 0.1664013 
246 735 22 27 0.16614856 
527 488 13 16 0.1533997 
290 745 14 17 0.13985157 
90 732 14 17 0.13185301 
706 625 22 26 0.12510313 
30 746 16 18 0.123564534 
176 649 9 10 0.12166873 
692 493 24 27 0.11963516 
521 479 11 12 0.09465895 
437 525 15 20 0.08965919 
118 713 15 17 0.08924234 
499 485 11 14 0.089149095 
691 503 17 21 0.08803137 
174 722 15 18 0.08686035 
323 746 17 19 0.08397875 
63 700 12 15 0.08236769 
28 686 13 16 0.08130453 
80 685 12 15 0.08033065 
28 670 12 13 0.07972705 
339 737 17 19 0.07969501 
69 37 340 482 0.07683759 
55 691 11 14 0.072575964 
132 710 13 17 0.070802204 
17 590 11 13 0.06860587 
480 470 10 14 0.06547138 
222 711 16 22 0.064430915 
205 709 14 17 0.06329386 
150 714 15 18 0.06324476 
705 477 25 30 0.06282606 
534 470 9 12 0.062160388 
532 474 13 17 0.06094641 
568 427 12 16 0.060274336 
707 496 16 20 0.059704684 
533 449 11 14 0.05811233 
135 700 12 15 0.058027875 
67 705 13 17 0.055610515 
45 582 11 14 0.05550775 
925 453 24 29 0.051906444 
55 573 11 14 0.05189745 
27 552 11 15 0.051864296 
2 677 10 13 0.050313793 
591 497 15 19 0.050192457 
484 557 11 15 0.049816024 
68 737 15 18 0.047672942 
154 708 14 17 0.047163237 
60 694 11 14 0.04651092 
27 675 14 15 0.046376985 
528 471 9 13 0.046033416 
128 660 10 12 0.045673613 
714 283 223 269 0.045522314 
677 609 44 56 0.045495078 
158 692 11 13 0.04436277 
635 504 11 15 0.042109724 
209 727 23 28 0.041343223 
345 732 15 19 0.041342802 
330 744 18 19 0.041259766 
71 728 20 25 0.041135054 
78 656 10 12 0.04057627 
609 468 14 17 0.040490728 
109 582 10 13 0.03934103 
6 712 14 18 0.039253574 
380 740 17 20 0.03915878 
420 492 13 16 0.03897 
702 477 14 20 0.03862975 
197 701 14 15 0.038606822 
781 347 30 33 0.037676506 
156 701 12 15 0.03748975 
174 700 11 13 0.037444435 
22 726 11 15 0.0372011 
211 713 22 29 0.036916494 
230 725 22 27 0.03685043 
157 655 9 10 0.0367101 
500 530 11 17 0.035853 
30 725 12 15 0.034489427 
596 492 23 26 0.034190554 
102 696 15 17 0.033528384 
198 739 14 17 0.032692425 
213 708 14 18 0.032568373 
317 741 16 19 0.032545272 
516 488 21 26 0.032099128 
133 660 9 11 0.031874303 
90 592 17 17 0.03184112 
687 624 29 33 0.031521678 
132 720 12 16 0.031395536 
152 668 11 14 0.031026898 
611 493 16 17 0.030922545 
199 714 14 18 0.0293841 
620 492 12 14 0.02890756 
180 701 11 14 0.028518459 
66 745 17 18 0.028322788 
693 477 12 17 0.028280653 
204 721 15 18 0.0280462 
297 747 14 16 0.027943118 
156 720 13 17 0.027326623 
56 698 12 16 0.027276207 
165 716 12 17 0.026716728 
139 740 14 18 0.02634657 
59 723 14 16 0.026308322 
275 736 25 29 0.026094673 
170 645 10 12 0.02599418 
44 707 12 15 0.025928153 
47 690 13 16 0.025771895 
204 737 16 18 0.025750088 
174 669 10 12 0.025717726 
256 737 17 21 0.025642153 
152 663 10 12 0.025633112 
203 702 13 15 0.025544055 
686 453 12 18 0.02536068 
150 746 12 16 0.02519515 
551 427 10 13 0.025115974 
552 452 11 15 0.02508758 
540 491 13 15 0.025010627 
497 480 10 12 0.024913866 
70 691 13 15 0.024492063 
695 384 10 12 0.024482865 
525 496 15 20 0.024244606 
180 707 12 15 0.024098862 
964 490 17 23 0.023959113 
70 684 14 16 0.023910182 
628 613 11 13 0.02371865 
590 428 9 11 0.02366791 
420 482 15 17 0.02366434 
191 708 11 15 0.02351818 
629 512 16 20 0.023512049 
252 724 15 17 0.023477215 
559 436 11 15 0.023361804 
69 726 12 16 0.023352683 
516 498 14 18 0.023330841 
656 426 11 14 0.023327112 
479 550 12 16 0.023315933 
428 490 12 16 0.023304451 
623 429 8 11 0.023002097 
78 208 96 139 0.022838417 
64 559 9 13 0.022648359 
580 372 14 19 0.022526832 
486 462 10 14 0.022517214 
95 583 12 13 0.02240349 
38 709 13 15 0.022292385 
510 494 11 13 0.022241743 
197 619 13 15 0.022204403 
558 427 12 16 0.02214317 
78 679 13 15 0.022096338 
35 685 11 14 0.021928813 
86 476 16 17 0.021868048 
174 660 9 13 0.021810936 
703 489 26 31 0.021804597 
286 752 17 18 0.021804154 
700 627 18 22 0.021652892 
53 558 11 13 0.021572951 
637 706 16 17 0.021412173 
110 587 11 14 0.021279564 
61 730 15 18 0.021277448 
140 694 10 13 0.021185052 
117 590 10 13 0.021168077 
688 477 11 15 0.021147883 
102 583 11 13 0.021109708 
118 610 12 15 0.020930756 
171 737 16 18 0.020761685 
685 428 11 13 0.020747537 
180 652 10 12 0.02060779 
484 473 10 14 0.02052635 
157 662 9 12 0.020503134 
528 445 13 15 0.020446727 
167 698 12 15 0.020386392 
60 714 14 18 0.020314006 
700 452 12 18 0.020193681 
