13_Interview_Interview_On_Location_13_478
24
452 55 120 163 0.99988306 
385 440 258 262 0.16433571 
40 479 31 35 0.14303483 
139 461 20 23 0.10698316 
418 453 142 117 0.10466968 
168 460 20 23 0.06609506 
859 356 15 16 0.058829416 
149 459 30 32 0.04065117 
811 48 204 280 0.036252588 
879 357 10 12 0.033055287 
27 471 31 39 0.031756636 
996 532 25 38 0.0313346 
338 347 448 474 0.029212859 
408 160 16 19 0.028683014 
944 365 11 15 0.024105435 
159 371 44 58 0.02399422 
903 366 9 11 0.023730205 
261 318 10 13 0.023134792 
142 458 47 53 0.022565614 
188 549 38 43 0.021446146 
897 361 9 10 0.02125379 
50 476 20 24 0.021031328 
187 362 55 61 0.020822585 
867 357 12 14 0.020769535 
