13_Interview_Interview_On_Location_13_537
28
793 444 59 107 0.8690744 
188 373 510 615 0.7937017 
138 586 450 570 0.26190218 
485 808 95 117 0.15528096 
619 845 119 102 0.14376406 
956 587 29 36 0.1380528 
295 457 282 371 0.08628001 
0 195 443 451 0.07971906 
21 820 549 530 0.06525253 
508 821 116 142 0.057431553 
907 581 109 141 0.057342373 
905 538 31 33 0.051540047 
579 855 132 136 0.049445163 
993 973 29 49 0.044682536 
734 416 105 131 0.03661149 
976 971 48 84 0.03317423 
922 923 17 22 0.031082164 
902 499 52 67 0.030428067 
324 373 214 308 0.028110474 
924 458 55 78 0.023539992 
947 575 29 37 0.023490615 
638 889 89 80 0.023108892 
759 568 216 220 0.022822706 
968 591 28 39 0.02173559 
524 836 71 86 0.021543238 
956 948 72 145 0.020859921 
670 857 77 73 0.020714473 
866 556 30 33 0.020039756 
