13_Interview_Interview_On_Location_13_921
145
753 390 27 36 0.99966645 
660 387 25 33 0.99892694 
201 391 20 26 0.97414047 
936 385 19 30 0.9512545 
790 409 14 17 0.30263838 
583 362 13 14 0.17283992 
151 351 11 14 0.16918358 
184 396 12 16 0.1480924 
644 353 15 20 0.1420109 
813 327 10 12 0.13824235 
639 397 12 16 0.13410367 
707 387 16 20 0.11339393 
964 331 14 18 0.09464237 
730 353 17 21 0.090035126 
808 408 12 17 0.08699455 
590 381 12 16 0.08589161 
112 358 14 18 0.084599264 
91 358 18 21 0.082567014 
988 466 13 17 0.0762909 
686 380 15 18 0.07608461 
559 355 10 12 0.06402613 
288 508 12 14 0.063656375 
260 416 10 13 0.061347138 
458 415 12 15 0.060766187 
454 391 12 15 0.059872676 
596 383 11 14 0.05800445 
630 334 9 11 0.05796223 
702 358 11 15 0.056450576 
640 339 12 14 0.05472413 
94 385 13 16 0.054528728 
222 398 12 15 0.05343206 
152 371 11 14 0.051103983 
551 352 9 11 0.050414003 
726 338 14 17 0.049637415 
622 373 10 14 0.04887163 
636 399 20 25 0.048377518 
644 335 10 12 0.0465668 
127 364 11 14 0.046246607 
641 336 8 10 0.04611072 
707 357 10 13 0.046001684 
149 396 10 14 0.04430071 
189 388 22 29 0.043872166 
837 380 9 11 0.043687034 
149 416 12 17 0.043664433 
787 398 12 15 0.042513344 
570 374 15 18 0.04231966 
783 398 20 26 0.042134583 
72 377 8 11 0.04196891 
790 390 11 13 0.04117124 
525 359 7 10 0.04103781 
798 364 39 51 0.041031662 
848 374 9 11 0.040743656 
257 418 10 14 0.040293567 
639 350 13 16 0.0399278 
832 379 9 12 0.039486695 
190 364 12 16 0.038617402 
661 335 9 11 0.037912752 
966 379 14 20 0.036413614 
434 306 13 14 0.03635962 
645 371 13 16 0.03518688 
863 351 11 14 0.03507745 
971 330 12 17 0.034689106 
155 356 10 12 0.034671627 
974 348 11 15 0.034604214 
687 407 16 21 0.034412757 
732 334 10 13 0.03394243 
702 410 14 17 0.03393954 
126 360 10 13 0.033843122 
738 359 17 20 0.03357942 
659 341 11 14 0.0323602 
813 391 14 18 0.032314215 
808 377 26 30 0.032066174 
230 397 11 14 0.03194897 
498 361 15 17 0.031773485 
566 357 9 11 0.031444207 
544 387 12 17 0.03138269 
970 386 14 21 0.030346762 
820 381 10 13 0.029460572 
653 346 14 19 0.029075501 
726 346 16 20 0.028977126 
183 357 12 14 0.028945481 
143 357 11 13 0.028930869 
631 351 9 12 0.028512489 
543 342 8 10 0.028432893 
703 380 14 18 0.027571432 
638 359 15 19 0.027352212 
542 375 9 12 0.027077505 
575 359 10 11 0.027064882 
132 382 13 15 0.026926443 
141 390 12 14 0.026764836 
685 357 11 14 0.026722351 
715 374 11 15 0.0264782 
694 373 12 15 0.026340235 
223 411 13 17 0.026170816 
521 358 8 11 0.025954885 
559 343 8 10 0.025909867 
542 380 11 14 0.025850406 
178 358 9 12 0.025806814 
642 372 23 28 0.025795357 
150 344 12 14 0.02575358 
622 365 9 14 0.025460616 
695 357 13 16 0.024989892 
636 336 21 25 0.024632992 
581 378 13 16 0.024587719 
960 336 13 18 0.0244765 
246 421 11 12 0.02443599 
167 340 9 12 0.024340946 
626 341 9 12 0.024287447 
240 382 10 12 0.024272969 
600 357 10 14 0.024138842 
565 352 9 12 0.024055919 
971 338 13 18 0.023891054 
419 344 14 19 0.023317592 
113 388 10 13 0.023106847 
794 430 12 14 0.023005351 
712 379 13 17 0.022931395 
805 296 8 10 0.0228042 
182 379 12 16 0.02253643 
75 379 11 14 0.022264594 
520 363 9 12 0.022010278 
962 346 16 22 0.021965448 
254 405 8 10 0.021963634 
624 358 8 12 0.02192319 
557 362 12 14 0.021714186 
670 333 9 11 0.021642614 
181 351 20 27 0.021581033 
544 356 10 13 0.021573313 
128 371 12 14 0.021567274 
281 399 10 12 0.021374026 
240 420 10 12 0.021355644 
650 360 13 17 0.021287292 
144 349 12 15 0.021285078 
821 365 10 14 0.021109825 
691 383 15 19 0.021083673 
545 351 8 11 0.021028617 
258 370 14 18 0.020969983 
442 352 15 18 0.02086899 
662 364 12 15 0.020792758 
143 395 12 15 0.02063315 
847 364 10 14 0.02059077 
805 401 21 26 0.020318452 
146 346 19 23 0.020276286 
671 343 11 14 0.020194417 
845 356 11 14 0.020170989 
278 373 12 15 0.020048438 
