13_Interview_Interview_On_Location_13_636
145
187 38 57 78 0.99936384 
800 115 31 41 0.9961396 
724 110 32 44 0.98124367 
332 42 25 30 0.074646585 
674 104 8 11 0.069598354 
696 119 11 14 0.06405337 
802 89 14 17 0.06187499 
690 64 9 10 0.055105235 
820 92 14 18 0.052679796 
455 28 13 15 0.047934484 
623 69 9 11 0.046794824 
752 147 21 28 0.046728883 
726 20 9 12 0.044790752 
711 141 11 16 0.042469673 
693 148 14 18 0.041839264 
694 140 11 14 0.041676022 
61 598 26 32 0.04058425 
686 123 10 13 0.040453803 
671 63 9 11 0.03780522 
678 70 8 10 0.037790257 
881 600 7 10 0.03778898 
718 64 8 10 0.03671555 
680 39 7 9 0.036388204 
721 38 7 10 0.03621738 
698 123 13 16 0.035236944 
642 94 7 9 0.0351611 
463 78 10 13 0.03498684 
695 131 11 13 0.03492614 
664 62 9 11 0.03469594 
649 80 7 9 0.034494855 
654 70 9 10 0.034248456 
560 23 9 10 0.033754155 
677 103 9 11 0.033611253 
676 139 12 15 0.033382043 
657 39 8 10 0.033293996 
697 55 8 10 0.03213925 
690 69 9 11 0.03205191 
593 55 9 10 0.03191199 
705 78 8 11 0.031884033 
689 76 9 11 0.03142275 
669 138 13 17 0.03117498 
638 78 8 10 0.031165708 
721 21 9 11 0.031110039 
608 71 8 10 0.03028613 
679 64 8 9 0.03025523 
608 30 9 11 0.030186404 
440 28 12 14 0.030151635 
664 80 8 10 0.030119367 
665 56 8 9 0.02933309 
657 104 8 10 0.029253745 
664 139 11 15 0.02909085 
647 15 8 11 0.02878704 
672 47 8 10 0.028692193 
624 45 8 10 0.028670086 
674 70 8 9 0.028620757 
583 14 8 10 0.027842877 
613 30 8 10 0.027794788 
624 6 9 10 0.027683023 
444 6 11 11 0.027674424 
679 124 10 13 0.02754041 
711 21 9 11 0.027167693 
694 118 20 27 0.027163092 
568 7 9 11 0.027115138 
798 585 11 12 0.027032683 
681 54 9 11 0.026626257 
711 5 11 12 0.026623446 
886 600 9 10 0.026619807 
650 71 8 10 0.026565744 
608 24 9 11 0.026511578 
518 86 8 10 0.02638196 
671 80 7 9 0.026196046 
662 38 7 10 0.026003344 
686 148 14 17 0.025848689 
657 46 8 10 0.025651744 
686 47 8 10 0.02559481 
727 14 10 13 0.025536668 
456 21 12 14 0.025396839 
430 101 22 26 0.0253688 
879 86 11 13 0.025354315 
640 15 9 12 0.02528063 
560 14 8 11 0.025135389 
666 86 7 10 0.025044004 
703 94 8 10 0.025035258 
641 39 8 10 0.025021832 
876 147 11 13 0.024993517 
543 14 10 13 0.02478699 
505 115 11 16 0.02463085 
528 70 9 11 0.024456589 
933 288 29 33 0.024444817 
575 23 8 10 0.024207473 
744 54 8 10 0.02417166 
461 117 14 17 0.024019826 
646 93 8 10 0.023931907 
956 2 14 15 0.023887586 
850 55 8 9 0.02387999 
735 38 9 11 0.023801314 
665 133 11 15 0.023756607 
655 108 9 12 0.023728633 
624 77 9 12 0.023692869 
632 55 7 10 0.02366445 
650 62 9 11 0.0236572 
869 348 15 18 0.023644695 
686 30 8 9 0.023589034 
623 64 9 10 0.023169033 
696 39 8 10 0.023166832 
686 132 12 15 0.022805216 
811 89 19 24 0.022598522 
799 595 9 12 0.022559347 
469 54 10 13 0.022352997 
719 16 9 11 0.022230804 
852 77 10 13 0.022160577 
728 72 8 10 0.022075078 
683 126 22 26 0.02205242 
648 87 7 10 0.022010539 
710 15 10 11 0.021868795 
881 55 8 10 0.021780912 
598 22 9 11 0.021741832 
892 328 18 22 0.021638729 
680 45 9 11 0.021543462 
815 12 9 12 0.021528753 
645 133 10 13 0.02142441 
624 15 8 11 0.021405986 
680 88 9 10 0.021379221 
807 607 9 11 0.021303363 
664 29 9 12 0.021212753 
703 140 20 28 0.021174058 
767 54 10 12 0.021169947 
695 109 11 13 0.021165311 
581 152 22 26 0.021162692 
785 53 9 12 0.021161253 
699 140 13 16 0.021095516 
583 47 8 10 0.02099827 
648 31 8 10 0.020990288 
681 94 9 11 0.020886337 
653 87 8 9 0.020863418 
676 145 15 16 0.020837815 
536 7 8 10 0.020804102 
585 31 8 11 0.020623036 
696 47 8 9 0.02061276 
238 7 45 56 0.020606592 
543 8 9 10 0.020596882 
669 30 9 10 0.020344868 
593 22 8 10 0.020269154 
974 12 24 31 0.020055786 
695 104 9 11 0.020035956 
