13_Interview_Interview_Sequences_13_868
155
286 87 35 45 0.9973506 
908 46 15 17 0.47005197 
690 38 13 16 0.32405338 
880 44 13 17 0.313819 
875 241 14 19 0.2759839 
915 263 26 35 0.21653192 
735 544 10 13 0.1557548 
414 544 11 13 0.15456563 
727 561 11 15 0.13983221 
947 308 13 15 0.13657756 
680 495 9 11 0.11300765 
905 545 12 16 0.106996946 
930 549 13 16 0.1059861 
778 247 14 16 0.09697391 
911 275 14 19 0.0966552 
358 37 13 18 0.09433184 
902 36 16 19 0.08649802 
731 61 13 16 0.08065113 
717 238 10 12 0.07481888 
398 551 9 11 0.067975216 
728 30 9 11 0.065595515 
792 7 11 12 0.06531564 
574 283 46 60 0.064342 
851 286 10 12 0.06049001 
944 517 9 11 0.06022128 
861 492 13 15 0.059044056 
712 243 10 13 0.057083193 
353 524 11 15 0.056704253 
882 38 13 17 0.056514457 
524 229 16 20 0.0544191 
364 293 12 14 0.053765018 
727 66 12 14 0.052431535 
749 57 32 39 0.05045512 
887 525 9 13 0.05039962 
393 521 8 11 0.04818311 
928 265 29 33 0.045816906 
543 564 10 13 0.045328256 
720 30 8 10 0.044450488 
924 545 23 27 0.043489482 
726 53 14 17 0.042947322 
861 300 12 14 0.04276529 
573 545 11 15 0.04264868 
853 499 13 16 0.04264413 
718 76 13 17 0.042567175 
376 552 9 12 0.0411866 
755 252 28 32 0.04117873 
702 44 11 14 0.041142732 
757 531 110 135 0.04106241 
945 511 9 11 0.041051753 
546 41 18 21 0.04099571 
701 525 10 12 0.03968757 
391 30 9 10 0.03880767 
404 293 10 12 0.038648546 
890 36 24 28 0.037881896 
766 256 16 20 0.03786509 
716 523 11 14 0.03719304 
696 525 9 11 0.036568306 
769 246 23 27 0.0364085 
776 512 9 11 0.036061727 
549 565 8 11 0.035229012 
903 284 13 16 0.03492245 
874 44 12 16 0.034886666 
694 236 11 14 0.03475048 
737 278 50 59 0.034716867 
873 227 23 31 0.034432266 
719 231 9 13 0.034375273 
696 261 10 13 0.034268506 
754 517 8 11 0.033831034 
905 263 45 51 0.033533223 
725 542 21 29 0.033458874 
367 239 11 14 0.033358514 
361 238 11 13 0.03283928 
1014 475 9 15 0.032380514 
458 520 8 10 0.03170801 
414 32 34 42 0.031458467 
738 547 13 16 0.031287037 
872 39 22 27 0.03064196 
374 521 8 10 0.030479683 
793 510 9 11 0.030426804 
930 556 16 20 0.030168254 
741 61 12 14 0.029874928 
505 268 11 15 0.029543985 
931 46 25 29 0.029401418 
650 290 12 14 0.029316897 
724 555 20 26 0.029241167 
349 37 14 17 0.028830068 
738 542 12 14 0.028540812 
949 517 8 10 0.028438365 
910 543 24 26 0.028139828 
907 256 26 35 0.027969187 
704 62 12 15 0.027639607 
761 64 16 20 0.027351776 
242 68 484 514 0.027344802 
925 278 15 18 0.026781173 
820 43 47 64 0.026237885 
935 525 8 10 0.02605064 
780 48 12 14 0.025924586 
882 524 9 13 0.025773792 
903 536 12 15 0.025753476 
696 566 9 11 0.025702612 
562 272 29 41 0.025613558 
903 276 12 14 0.025431124 
917 555 14 16 0.025370438 
902 282 25 31 0.025134299 
727 545 12 17 0.02505527 
636 518 9 11 0.02496493 
623 286 10 12 0.024799684 
959 37 10 12 0.024586191 
927 44 11 15 0.02447694 
662 62 9 11 0.02446134 
957 549 11 14 0.024302758 
939 304 26 30 0.024040863 
1013 302 10 16 0.024030203 
559 559 10 13 0.023986604 
400 558 9 10 0.023820942 
575 261 14 16 0.023624161 
644 255 10 11 0.02361542 
424 517 8 10 0.023482125 
395 523 10 12 0.02346648 
373 268 10 13 0.023245975 
688 526 8 11 0.023100238 
702 244 11 13 0.023038074 
721 562 12 16 0.022967728 
393 548 10 12 0.022948505 
381 556 8 10 0.022914479 
1007 52 10 15 0.02286103 
867 489 12 15 0.022804942 
927 520 8 10 0.022784878 
700 237 12 13 0.022422973 
927 286 27 34 0.02229485 
368 525 9 11 0.022267563 
687 63 8 11 0.021992035 
712 231 11 13 0.021920893 
696 299 12 15 0.021875745 
383 545 7 9 0.021631515 
374 263 10 12 0.02159618 
830 519 8 10 0.021587035 
832 32 35 44 0.021560183 
687 50 10 13 0.021534959 
701 38 9 13 0.021478154 
380 551 8 11 0.021434192 
875 239 25 29 0.021337071 
867 297 10 15 0.021327863 
890 291 44 59 0.021271026 
1006 293 9 12 0.021223245 
713 31 8 10 0.021025203 
696 255 11 13 0.020947134 
938 273 16 18 0.020862987 
668 326 10 11 0.02071706 
986 303 14 18 0.02070852 
701 254 10 11 0.020644123 
732 30 9 11 0.020466672 
262 396 15 19 0.020329732 
892 526 9 11 0.020221373 
606 262 13 15 0.02013542 
