13_Interview_Interview_On_Location_13_554
52
289 105 309 421 0.99601483 
951 66 44 63 0.35495028 
947 505 60 91 0.35309142 
691 74 53 61 0.34425512 
818 42 60 81 0.3389502 
946 299 42 62 0.2310019 
823 180 49 62 0.19888441 
947 172 54 74 0.13844328 
406 931 401 457 0.115857564 
954 657 45 65 0.058391366 
952 536 32 52 0.04884107 
792 48 58 71 0.042639192 
949 68 28 43 0.042123474 
307 1059 375 385 0.038045734 
911 172 46 66 0.03726373 
818 273 85 106 0.035193168 
491 795 395 438 0.0350308 
948 393 53 72 0.033928458 
753 16 57 59 0.033491388 
276 1232 38 38 0.033065557 
869 34 53 70 0.03297378 
934 370 88 113 0.032062978 
827 -4 37 38 0.031479836 
774 12 87 90 0.030912958 
842 84 38 44 0.030030685 
54 624 161 223 0.029793626 
3 664 456 599 0.029137246 
690 1192 127 97 0.028086964 
943 625 73 116 0.027096203 
934 45 68 101 0.026597792 
641 782 29 35 0.02621381 
661 87 58 66 0.02537361 
989 -3 36 37 0.0245724 
739 107 44 55 0.023872223 
969 81 36 46 0.023362756 
690 772 31 37 0.02322792 
499 463 375 515 0.022945266 
896 51 45 61 0.02254809 
922 297 43 57 0.022093285 
13 519 357 505 0.022067709 
677 39 80 102 0.021637963 
815 1 102 116 0.021486351 
949 98 40 46 0.02143354 
962 -3 33 37 0.020796787 
562 999 217 251 0.020662826 
905 154 77 104 0.020593071 
851 181 51 66 0.020587012 
888 478 45 60 0.02056879 
752 46 55 70 0.020294357 
902 624 37 39 0.020291362 
152 83 304 444 0.020214764 
926 383 57 73 0.020067522 
