13_Interview_Interview_2_People_Visible_13_475
21
322 197 232 344 0.99987876 
634 215 146 201 0.99209243 
0 4 99 142 0.33799878 
166 134 312 441 0.11877084 
49 657 95 153 0.10238238 
513 523 136 174 0.08612571 
62 666 61 85 0.08337042 
19 690 128 212 0.059831478 
254 660 404 446 0.042686135 
10 579 165 236 0.041351598 
40 678 48 67 0.035535503 
113 922 419 537 0.033291478 
536 501 201 276 0.031575505 
559 107 31 37 0.03135628 
6 770 114 187 0.02764131 
44 685 64 94 0.026558287 
409 144 262 389 0.024261521 
377 11 99 115 0.023446232 
0 7 30 43 0.022868957 
-3 -15 159 235 0.021633575 
174 756 202 294 0.021490721 
