13_Interview_Interview_Sequences_13_717
95
301 171 169 217 0.99855524 
623 154 84 107 0.99262625 
130 304 20 27 0.9540455 
845 278 20 25 0.90266716 
73 308 18 23 0.8903532 
680 449 17 22 0.83557296 
604 408 23 29 0.8159272 
649 463 24 35 0.4388551 
164 420 16 22 0.41205835 
171 378 22 24 0.28798008 
806 402 24 28 0.25782397 
498 386 30 31 0.17001691 
339 472 26 39 0.16857348 
907 308 13 16 0.15381067 
831 460 24 40 0.14847009 
688 450 16 20 0.11028919 
380 622 9 11 0.10996223 
299 144 17 20 0.10884272 
320 628 12 17 0.1016612 
388 409 18 20 0.090813704 
355 629 10 13 0.081284426 
926 327 13 15 0.0771335 
902 323 17 20 0.07636376 
849 354 16 19 0.07511593 
574 136 12 16 0.07501574 
697 451 15 18 0.07427408 
644 134 13 16 0.07302866 
700 444 13 18 0.06745936 
639 382 32 35 0.0660659 
905 314 15 19 0.06315026 
946 325 10 12 0.061375346 
206 313 16 18 0.056038465 
687 358 15 18 0.052418906 
260 444 11 13 0.051098347 
844 180 11 16 0.050445076 
941 300 9 14 0.049633384 
382 629 10 11 0.049356245 
392 616 9 11 0.048548114 
390 637 12 14 0.045892067 
938 362 14 21 0.045542046 
352 624 10 11 0.04516845 
395 621 10 12 0.044418227 
927 343 12 13 0.044333808 
693 438 13 16 0.043872125 
831 389 10 13 0.043579496 
144 394 18 20 0.04319913 
315 624 21 26 0.039047927 
868 358 11 16 0.038921792 
324 623 11 15 0.03846454 
62 307 16 20 0.0381608 
878 338 13 16 0.036571223 
650 463 16 20 0.035611857 
163 404 14 17 0.034976993 
68 301 19 22 0.03474166 
916 76 10 13 0.03457656 
259 256 16 21 0.033822212 
85 145 31 35 0.03219061 
264 -9 401 459 0.031450003 
128 387 13 17 0.031385258 
616 416 16 20 0.031165931 
918 323 12 17 0.030880967 
57 332 15 17 0.030715765 
862 357 12 18 0.030131131 
854 309 12 16 0.030112436 
352 615 10 12 0.029708106 
156 108 21 27 0.02921062 
654 471 28 35 0.028192094 
945 331 10 13 0.02764525 
567 139 12 17 0.027380718 
205 313 26 31 0.027326863 
200 315 13 16 0.026324771 
830 308 13 15 0.02604712 
431 614 9 12 0.025582263 
667 490 15 19 0.025576983 
824 206 11 15 0.024922322 
383 618 8 11 0.024017602 
761 205 10 15 0.024002641 
170 410 23 33 0.023937635 
835 460 15 23 0.023691336 
782 185 10 15 0.0232454 
668 454 23 29 0.023182278 
877 162 15 19 0.023061907 
702 463 13 17 0.023033932 
861 370 15 20 0.022417257 
461 598 9 11 0.022384666 
157 403 14 17 0.021899942 
68 353 24 25 0.021568844 
944 341 10 13 0.021175526 
915 318 12 16 0.020963196 
280 139 12 17 0.02083678 
871 315 12 15 0.02063333 
487 608 10 14 0.02062462 
110 335 16 20 0.020338157 
82 142 62 79 0.020108286 
709 473 16 21 0.020080842 
