13_Interview_Interview_Sequences_13_973
28
294 121 82 110 0.99765223 
820 167 78 94 0.99552876 
786 268 17 22 0.25902477 
472 95 25 31 0.12500091 
128 117 37 44 0.10375546 
502 87 16 18 0.100695245 
709 307 10 12 0.07863419 
766 274 12 14 0.046668485 
469 105 15 20 0.04651221 
647 238 10 14 0.04405677 
611 338 23 34 0.043706063 
759 273 12 14 0.04212608 
668 279 11 15 0.03827182 
748 284 10 12 0.038256127 
728 294 9 12 0.031327136 
662 243 15 18 0.031127045 
888 453 7 9 0.028164338 
774 251 27 34 0.026393991 
491 86 22 26 0.025946395 
705 303 11 13 0.0236382 
731 252 16 18 0.023396034 
498 85 11 15 0.023169653 
750 278 11 13 0.022458361 
657 273 25 30 0.022089828 
529 83 16 17 0.021537697 
518 83 13 15 0.020493932 
465 106 12 16 0.020247472 
652 242 14 17 0.020062476 
