13_Interview_Interview_Sequences_13_35
32
622 498 43 61 0.98928225 
542 476 58 69 0.9872744 
472 75 43 59 0.982294 
356 276 53 69 0.9813115 
504 404 59 72 0.97894657 
420 446 132 166 0.3887791 
959 168 9 11 0.21558474 
479 415 83 105 0.09351938 
937 153 7 9 0.07287388 
569 416 45 54 0.070588276 
725 408 18 20 0.06808303 
832 727 45 35 0.05293328 
306 480 30 35 0.049080465 
936 156 8 10 0.04607755 
559 451 54 66 0.045629945 
672 239 36 34 0.044276446 
998 164 9 10 0.040603317 
253 9 43 51 0.036125436 
599 284 36 35 0.033093136 
742 172 11 14 0.03241268 
942 157 7 10 0.030112103 
953 174 8 10 0.026276132 
941 153 8 9 0.025728922 
992 174 8 11 0.024079597 
918 176 9 12 0.023812778 
279 608 38 35 0.023230378 
929 159 8 9 0.02317954 
503 476 88 93 0.022664756 
955 168 8 10 0.022102496 
964 167 8 10 0.021719303 
993 166 9 11 0.020863716 
588 407 56 61 0.020268794 
