13_Interview_Interview_Sequences_13_5
30
480 28 86 117 0.99847525 
107 291 37 50 0.8300711 
75 343 45 56 0.30019477 
630 77 32 35 0.24003409 
245 213 55 64 0.16755706 
73 291 32 47 0.074970625 
76 278 61 68 0.07289115 
581 53 39 53 0.06402719 
728 129 46 57 0.06301025 
707 167 28 26 0.05954296 
588 6 21 31 0.05797403 
65 235 28 27 0.055999056 
152 373 66 67 0.05549684 
673 102 25 33 0.050157584 
68 245 18 23 0.04322956 
592 48 25 39 0.042313967 
748 124 29 39 0.040036436 
629 91 26 33 0.038794726 
237 243 60 74 0.035687737 
705 152 56 51 0.032003343 
683 107 18 23 0.030897122 
73 275 38 43 0.029245289 
618 103 21 33 0.024089668 
340 116 13 16 0.022875756 
639 77 14 17 0.022567766 
143 355 51 65 0.021212898 
481 325 73 61 0.020942256 
837 8 214 226 0.02086282 
629 103 15 22 0.020676034 
249 189 79 113 0.020023338 
