13_Interview_Interview_Sequences_13_864
29
555 99 49 54 0.809918 
609 134 43 48 0.7683615 
538 93 45 54 0.46575928 
739 235 51 53 0.16431592 
316 124 41 49 0.114552185 
514 93 49 57 0.07690469 
788 128 15 19 0.07266331 
587 118 49 58 0.06643849 
727 244 38 41 0.060090303 
748 235 30 35 0.05685582 
722 254 62 73 0.043427814 
389 387 49 50 0.035875015 
576 116 33 46 0.033432357 
784 119 10 12 0.03320448 
518 607 51 55 0.032342914 
523 520 39 57 0.031628527 
789 118 12 14 0.030329622 
-32 -49 453 482 0.030152766 
733 230 13 17 0.02863017 
517 84 33 42 0.027921261 
16 275 10 14 0.027699515 
406 391 11 13 0.025127513 
552 619 43 50 0.0249768 
736 232 26 34 0.024264716 
784 124 12 17 0.023975387 
899 129 106 154 0.023493383 
109 419 14 21 0.023121024 
863 0 44 49 0.023062207 
533 80 36 46 0.020056583 
