13_Interview_Interview_Sequences_13_55
47
613 136 160 319 0.99973994 
542 370 56 78 0.9991542 
628 428 24 40 0.36022425 
995 448 26 38 0.2114481 
23 278 14 21 0.20615806 
59 262 17 20 0.1280459 
52 435 21 33 0.12601373 
297 455 30 35 0.116819486 
0 428 45 56 0.09884675 
21 274 25 33 0.08071143 
632 293 111 157 0.06317429 
937 256 89 182 0.06309654 
259 575 15 18 0.060482148 
307 631 14 14 0.05709996 
622 411 40 69 0.056705277 
350 92 198 235 0.055679142 
0 289 13 20 0.05352524 
10 207 43 51 0.049799975 
145 338 42 55 0.042229664 
315 465 13 18 0.038849704 
479 349 44 57 0.03753777 
9 256 42 56 0.034749746 
46 266 11 15 0.03431576 
119 284 20 30 0.03389928 
446 344 23 35 0.03202228 
173 195 29 32 0.031769834 
636 499 114 122 0.031477027 
27 270 15 18 0.029656539 
71 211 50 61 0.029335257 
461 388 42 58 0.02914743 
444 106 202 279 0.028530998 
117 557 120 112 0.027834874 
481 411 29 41 0.027270474 
11 272 23 32 0.026000865 
757 138 151 259 0.024818901 
855 141 150 278 0.024255289 
983 455 32 37 0.023652257 
1009 459 14 26 0.023547778 
84 231 30 36 0.023500986 
527 364 49 72 0.0222958 
351 594 12 19 0.021915758 
140 584 74 72 0.021605896 
105 283 42 52 0.021544162 
52 284 14 17 0.021386504 
58 252 27 35 0.02121112 
927 139 94 198 0.020633541 
405 446 12 16 0.020179762 
