13_Interview_Interview_2_People_Visible_13_420
562
338 395 214 343 0.9994615 
87 114 14 17 0.82591075 
957 730 18 23 0.79240495 
957 422 14 19 0.7631084 
893 75 17 20 0.76052576 
490 19 15 18 0.7477988 
92 1174 13 16 0.7438127 
988 46 14 17 0.7166638 
89 951 16 18 0.6902365 
28 1138 18 21 0.6839995 
928 791 17 20 0.6120897 
91 1013 16 20 0.6108282 
959 951 15 18 0.59615195 
25 359 15 19 0.5912111 
520 80 16 19 0.5851275 
88 672 17 20 0.5767305 
89 642 14 19 0.5238614 
459 48 14 17 0.51244694 
28 1047 16 20 0.4963831 
23 79 17 20 0.4946638 
86 421 16 18 0.48480567 
956 204 17 19 0.470873 
88 889 18 22 0.44480532 
27 888 15 19 0.4422103 
88 484 16 20 0.4333389 
987 327 16 20 0.4332013 
925 78 15 18 0.39752296 
90 1200 17 20 0.39577502 
88 329 15 19 0.3812056 
25 517 16 20 0.37178046 
85 359 19 23 0.3616633 
831 78 18 22 0.34173277 
87 147 14 17 0.34150004 
122 1234 15 18 0.33175388 
26 547 14 17 0.32838762 
300 75 22 26 0.3191999 
-1 82 12 20 0.31575626 
1012 169 11 18 0.31084362 
217 1266 13 15 0.30552873 
991 1104 15 17 0.30241263 
90 859 14 17 0.3018011 
0 609 13 21 0.29975387 
56 299 14 18 0.29210266 
55 51 13 17 0.28048038 
958 51 11 13 0.27563784 
956 1259 21 25 0.2659088 
956 80 15 18 0.26543427 
3 1136 15 22 0.26465806 
990 857 16 19 0.24562918 
25 50 15 17 0.24494453 
55 483 19 21 0.23275125 
743 1263 14 15 0.23145676 
29 1078 13 15 0.2301129 
491 47 13 15 0.22368787 
430 51 11 13 0.22235516 
25 608 17 19 0.20526521 
89 270 10 12 0.20219593 
552 75 18 21 0.20172668 
30 1110 15 18 0.19953448 
987 387 17 20 0.19828542 
27 580 14 16 0.1975828 
495 1235 13 16 0.19521452 
0 268 9 16 0.19350083 
365 78 16 18 0.19003092 
924 239 15 19 0.18386523 
989 916 16 20 0.18161929 
336 21 11 14 0.16880915 
989 517 15 17 0.16679923 
863 18 12 15 0.16663395 
92 1050 12 15 0.16630809 
650 1232 15 17 0.16547559 
0 578 11 17 0.16164888 
988 575 15 17 0.16120055 
0 51 10 16 0.16001284 
798 71 24 28 0.15576622 
55 19 14 17 0.15524243 
805 1260 16 19 0.15478328 
925 264 16 19 0.15065044 
868 1231 15 18 0.1494882 
24 19 14 17 0.14908141 
125 1211 12 15 0.14841773 
56 145 13 17 0.14353849 
27 1171 16 19 0.14307885 
60 983 15 18 0.13907543 
1013 1228 11 15 0.13421023 
928 207 11 13 0.13380359 
956 16 16 18 0.13288446 
395 79 16 18 0.1326348 
961 1107 11 13 0.13092643 
186 1233 13 16 0.12900399 
991 766 11 13 0.12611888 
553 49 15 17 0.123732656 
90 923 13 16 0.11563684 
1014 110 10 15 0.11507595 
61 1110 12 15 0.11266215 
988 423 15 18 0.111120015 
5 946 16 22 0.10928971 
26 243 14 17 0.10775532 
894 51 14 19 0.10506715 
497 1265 10 12 0.10043691 
25 325 19 23 0.09881615 
961 1051 14 16 0.097626 
712 1234 14 17 0.09627145 
956 517 15 19 0.09593492 
989 235 12 15 0.09471278 
958 547 13 17 0.09330868 
90 237 15 19 0.09208399 
58 801 13 16 0.092041366 
974 505 15 17 0.09194843 
27 983 16 18 0.09144143 
932 1046 11 14 0.09073935 
927 485 13 16 0.090604626 
87 177 14 16 0.08970283 
279 387 95 133 0.08963762 
459 81 15 18 0.0878589 
59 828 14 18 0.086280584 
428 17 15 17 0.086007304 
55 515 15 18 0.08558209 
56 579 14 17 0.08459622 
1013 701 10 15 0.08425114 
987 207 15 18 0.08416105 
434 1267 13 16 0.08398608 
47 92 13 17 0.083543114 
990 825 14 17 0.08248843 
989 796 16 18 0.081838764 
24 299 14 17 0.08001204 
28 773 12 15 0.07899616 
960 1235 12 15 0.07863278 
618 1232 15 17 0.07829396 
366 18 13 16 0.0782675 
740 79 13 15 0.077501155 
57 1012 18 21 0.07702047 
960 1139 14 16 0.07662844 
959 709 12 14 0.076178506 
519 50 15 17 0.07610689 
25 834 14 16 0.07491849 
552 18 14 17 0.07483918 
403 1267 12 15 0.07458542 
1015 1170 10 14 0.07382942 
958 109 14 17 0.07329159 
59 767 13 15 0.07275882 
830 170 22 32 0.071019426 
796 52 15 18 0.070891656 
90 766 16 21 0.06968135 
56 548 14 17 0.068238586 
957 172 15 18 0.06797467 
61 1205 12 14 0.06774057 
6 1093 12 16 0.06523549 
90 1291 18 21 0.06498137 
989 267 16 19 0.064741924 
960 578 11 13 0.06428542 
695 1215 11 14 0.06376121 
928 1202 14 16 0.063455984 
988 144 14 18 0.063387886 
598 1236 13 16 0.06291568 
437 1256 9 12 0.062666446 
926 49 14 16 0.062197164 
1 801 10 15 0.061600555 
87 299 15 18 0.061440643 
1014 638 10 16 0.060923204 
496 1296 14 17 0.060449153 
619 1295 16 19 0.0602546 
429 82 14 17 0.060200773 
934 66 15 17 0.059726946 
932 1107 13 14 0.0593486 
1013 260 12 20 0.05926438 
902 0 13 12 0.058723226 
348 98 16 19 0.05855 
57 453 15 18 0.05812516 
92 799 10 13 0.05805851 
464 1297 12 14 0.057798073 
56 268 14 18 0.057778917 
32 1239 10 12 0.05732803 
87 85 13 16 0.057278186 
997 734 12 16 0.057243593 
0 300 10 15 0.05722976 
929 517 13 17 0.056479804 
699 127 175 203 0.056376178 
24 450 17 19 0.055978045 
924 412 12 13 0.055953372 
990 674 13 16 0.055748317 
773 1233 14 16 0.055131458 
60 1049 14 17 0.05512165 
53 0 13 11 0.05507261 
962 1299 15 18 0.054579537 
91 1236 14 17 0.05327276 
950 0 14 13 0.053033188 
558 1235 11 13 0.052806698 
974 1034 15 17 0.052684188 
832 48 15 18 0.052455746 
75 757 13 16 0.05144061 
87 831 15 19 0.05139663 
997 1229 10 12 0.0513849 
2 417 15 21 0.051324397 
470 1230 9 11 0.050752807 
742 1233 15 17 0.05038356 
58 673 13 16 0.05038096 
929 734 12 14 0.05031507 
91 1144 15 19 0.050266717 
964 1255 12 15 0.05012042 
930 1014 13 16 0.049575843 
958 831 15 18 0.049256667 
92 1076 15 17 0.049246196 
277 1262 16 19 0.048582572 
967 225 14 17 0.04840222 
460 1 384 418 0.048079975 
895 17 13 15 0.047254417 
77 230 12 15 0.04723836 
966 775 14 17 0.047089808 
800 18 14 18 0.046792477 
48 620 13 17 0.046225715 
803 57 16 20 0.046179343 
28 855 14 18 0.04598679 
583 50 14 17 0.04584986 
570 1282 13 16 0.04572325 
55 426 14 17 0.04539213 
956 327 16 19 0.04522389 
580 158 13 17 0.045024432 
795 44 16 18 0.044988614 
95 1115 12 15 0.04458156 
422 1 12 13 0.044401504 
960 1075 14 16 0.04438633 
933 20 12 15 0.04437567 
711 1264 15 18 0.044015057 
988 737 13 17 0.04399203 
79 234 12 16 0.043709833 
987 506 22 25 0.04334639 
950 522 15 19 0.043320395 
91 519 11 14 0.04320901 
55 644 15 18 0.04295626 
508 69 13 16 0.04234025 
621 1210 11 14 0.041134436 
968 754 13 16 0.041020706 
939 61 14 18 0.040977284 
588 1294 14 16 0.04086786 
929 1260 13 15 0.040841028 
939 99 16 19 0.040606264 
342 1234 13 17 0.04054424 
917 65 14 17 0.040412012 
470 1223 8 10 0.04038757 
956 119 17 20 0.040255383 
991 77 14 18 0.04023816 
982 732 12 16 0.040048 
995 1050 13 16 0.039929107 
52 1281 12 15 0.039506324 
1 1108 11 17 0.039504696 
1012 378 11 18 0.03941025 
59 237 12 14 0.03929066 
4 554 13 17 0.039056778 
306 51 13 15 0.03877421 
597 92 12 14 0.03869506 
771 49 13 16 0.038567904 
1013 790 11 16 0.038551692 
87 704 15 18 0.038465142 
27 642 14 16 0.038459312 
991 1238 11 13 0.038423795 
1 211 10 16 0.03820579 
949 -1 23 23 0.038152784 
154 1007 15 19 0.03788743 
949 243 13 17 0.037876263 
464 1221 8 10 0.037611544 
54 394 15 19 0.03742429 
954 900 16 18 0.03718342 
995 500 16 18 0.036922306 
991 1139 14 17 0.036683396 
89 394 13 16 0.036661573 
78 1290 13 15 0.036581576 
4 539 13 16 0.03654692 
991 1267 12 16 0.0365256 
90 987 15 17 0.0364934 
651 1204 11 13 0.036456198 
91 1284 15 19 0.036429524 
797 36 13 17 0.03641827 
1014 50 11 16 0.036389653 
373 1238 11 15 0.036288936 
991 953 14 16 0.036093377 
710 0 12 10 0.036073513 
961 522 15 17 0.036014862 
68 91 12 16 0.035668265 
586 83 15 16 0.03560652 
0 330 12 19 0.03526123 
951 7 25 24 0.035232283 
996 1236 13 16 0.03503395 
154 985 14 17 0.034967836 
375 0 13 12 0.03476527 
75 41 14 17 0.034712043 
948 376 14 18 0.034676336 
62 1295 12 13 0.03451789 
366 58 12 15 0.034429967 
26 113 14 17 0.03425137 
87 459 13 16 0.03424739 
923 249 16 18 0.034151807 
31 708 9 11 0.03391916 
956 298 15 19 0.03378294 
91 451 13 16 0.03370284 
69 228 14 16 0.03360175 
433 1238 10 13 0.033588797 
1013 1003 11 15 0.033571787 
999 0 11 10 0.033283174 
89 547 15 18 0.032949015 
983 515 14 17 0.03270699 
404 20 11 16 0.03269408 
70 620 13 16 0.03246803 
3 9 13 17 0.032429285 
684 1233 14 17 0.03227879 
485 1230 11 14 0.032219294 
408 66 15 18 0.032204397 
1014 542 10 14 0.032187786 
335 52 13 16 0.03217195 
963 0 15 13 0.032114174 
527 1267 12 14 0.032051306 
932 52 12 14 0.03202609 
470 1253 11 14 0.031933833 
122 1205 12 16 0.031782642 
77 571 13 16 0.031764627 
963 1230 12 15 0.031726856 
987 451 15 17 0.03159969 
768 19 14 16 0.03157681 
1011 139 12 19 0.031564064 
152 1297 14 16 0.031522837 
86 231 13 16 0.031266034 
463 1237 10 12 0.031190338 
590 1237 12 16 0.031148663 
59 922 13 17 0.031088728 
959 610 14 17 0.03102182 
949 772 12 16 0.031006193 
464 1231 9 11 0.030811425 
927 858 15 18 0.030659003 
939 72 14 16 0.030548556 
929 1139 15 16 0.030548338 
280 1235 10 12 0.03050345 
808 1236 11 13 0.030430544 
776 1205 10 12 0.03038617 
389 65 13 17 0.030308245 
974 1284 10 13 0.03029961 
335 84 13 16 0.030261569 
935 421 12 15 0.030177442 
854 0 12 13 0.03010748 
965 245 14 19 0.030012578 
746 1229 13 16 0.02978798 
85 58 14 16 0.029783411 
894 38 13 17 0.029729346 
79 1254 12 16 0.029611453 
986 495 22 25 0.029514598 
401 1261 12 15 0.02947237 
988 152 15 18 0.02919825 
898 43 14 18 0.029184626 
21 443 17 21 0.029181574 
1013 327 12 20 0.029083593 
914 284 13 16 0.029070904 
1014 1107 11 15 0.029020408 
59 85 14 16 0.028935926 
766 1237 13 15 0.028865816 
480 1229 10 12 0.028848162 
92 53 14 17 0.028848093 
446 0 12 11 0.02870019 
997 709 12 14 0.028648853 
926 21 12 14 0.028527217 
441 497 402 492 0.028342372 
519 63 22 26 0.028303403 
990 1296 11 13 0.028211625 
994 204 13 18 0.028086158 
469 1237 11 13 0.027865728 
992 1202 12 16 0.0277686 
863 50 14 17 0.027729964 
87 1206 16 20 0.027729118 
998 163 11 15 0.027602132 
52 84 15 19 0.027574014 
366 71 13 16 0.027491655 
917 813 13 17 0.027384235 
927 393 13 15 0.027347656 
129 1212 14 17 0.027136898 
463 1216 9 11 0.026982432 
101 971 14 17 0.02695941 
59 1242 13 17 0.026860839 
50 96 14 17 0.026802173 
992 1230 10 13 0.026752142 
982 1251 11 15 0.026706668 
989 710 12 13 0.026682409 
837 390 12 15 0.02662778 
944 242 12 17 0.026622467 
79 243 13 16 0.02651079 
955 242 16 19 0.026401669 
55 243 13 15 0.02632327 
281 107 15 18 0.026235985 
997 179 12 16 0.026216745 
926 115 15 19 0.026144493 
454 1253 10 13 0.026109125 
923 59 15 18 0.026100205 
736 1233 13 17 0.026095647 
88 542 12 15 0.026074316 
446 1286 10 13 0.026039535 
46 1282 12 16 0.025939992 
86 1058 14 17 0.02585754 
297 417 19 25 0.02582915 
931 579 12 15 0.025825838 
465 74 15 19 0.025816396 
989 297 13 16 0.02574353 
471 1260 10 13 0.0257363 
606 0 11 11 0.025634356 
985 708 11 13 0.025572473 
2 640 15 20 0.025508499 
618 1285 15 17 0.025472438 
919 18 11 14 0.02543881 
997 1223 10 12 0.02540266 
983 179 13 16 0.025390651 
710 79 12 15 0.025370685 
92 980 14 17 0.025345514 
2 76 14 20 0.025339503 
918 407 13 16 0.025269976 
59 1078 14 18 0.02505445 
983 794 15 19 0.025032748 
977 497 21 26 0.025006076 
980 0 13 11 0.025001518 
926 429 12 14 0.024988424 
489 1235 12 14 0.024930803 
988 162 14 16 0.024905067 
983 1295 12 15 0.024874315 
854 389 11 15 0.02483503 
1005 1234 12 15 0.024771705 
982 787 14 17 0.024708683 
942 226 13 15 0.02467123 
992 1045 13 16 0.024647202 
61 230 13 15 0.02461385 
5 605 19 26 0.024571642 
759 1237 11 14 0.024369853 
7 1067 13 16 0.024304137 
102 206 12 16 0.024301816 
0 548 11 16 0.024292277 
791 55 14 19 0.024279974 
60 116 12 14 0.024233235 
457 1235 9 12 0.024183528 
925 1234 15 18 0.024149569 
60 1178 14 16 0.024099225 
1013 857 12 18 0.024089197 
478 1235 10 14 0.024071109 
940 286 13 17 0.024054194 
952 171 13 17 0.024005527 
59 618 15 17 0.023897037 
989 610 16 18 0.023879237 
0 517 10 15 0.02386368 
124 1225 20 24 0.023837227 
45 754 13 16 0.023824126 
699 1219 12 16 0.023820112 
240 53 10 13 0.023766808 
97 948 14 18 0.023734167 
488 1208 8 10 0.02372767 
438 1232 9 10 0.02372598 
0 1096 20 27 0.0236871 
150 0 11 9 0.023684759 
1002 151 22 28 0.02361511 
54 109 12 14 0.023574509 
464 1261 10 12 0.02354886 
957 186 15 18 0.02354386 
974 0 13 11 0.023518192 
614 82 15 19 0.02349934 
587 162 12 16 0.023435092 
581 1282 11 14 0.023431562 
988 0 13 11 0.023397882 
988 184 15 18 0.023311395 
470 1267 10 14 0.02322725 
992 49 15 17 0.023222536 
932 427 14 16 0.023163844 
394 58 15 18 0.023137957 
76 756 23 25 0.02307217 
357 0 13 12 0.023062475 
948 755 12 15 0.023045115 
994 113 13 18 0.023039982 
956 1238 21 27 0.022964396 
988 1210 13 16 0.022919271 
916 92 14 18 0.022813337 
1013 475 10 14 0.022752771 
272 20 13 16 0.02273858 
21 430 23 27 0.022737615 
15 78 18 25 0.022732532 
962 503 23 25 0.022722341 
465 44 13 16 0.022686353 
934 173 12 16 0.02268216 
76 251 13 16 0.0226222 
59 0 12 10 0.022444874 
172 1214 11 14 0.022427363 
74 133 14 17 0.022414122 
862 82 15 16 0.022412082 
950 725 15 20 0.022375308 
69 751 13 16 0.022343777 
352 11 12 13 0.022285594 
54 230 12 14 0.022236265 
922 67 21 25 0.022187613 
933 1114 12 14 0.022130497 
851 347 14 18 0.022123387 
455 1215 9 12 0.022099128 
970 1259 13 18 0.022012135 
581 77 16 19 0.021943765 
988 173 13 15 0.021913098 
590 1284 13 16 0.02186011 
994 145 15 20 0.021853812 
699 1242 14 16 0.021849195 
1013 1195 10 16 0.021783981 
398 21 12 16 0.021780338 
572 155 24 29 0.021778252 
877 94 13 16 0.02169833 
811 1255 11 14 0.021682823 
950 123 15 18 0.021681767 
920 75 15 18 0.021631645 
934 1083 10 13 0.021610029 
690 1234 15 18 0.021511266 
89 612 15 18 0.021497913 
925 420 11 13 0.021441733 
982 107 14 18 0.021367533 
80 425 14 17 0.021279456 
949 286 15 18 0.021262342 
803 45 15 18 0.0212285 
48 787 11 15 0.021139152 
81 1283 23 28 0.021101788 
66 1172 13 17 0.021089002 
1004 140 20 27 0.021082977 
1006 706 12 15 0.021056289 
998 172 12 16 0.021018295 
117 1218 15 17 0.020999545 
952 45 12 16 0.020995822 
1015 761 10 17 0.02098349 
896 1234 12 15 0.020961031 
22 146 15 17 0.020944199 
550 50 24 26 0.020934753 
952 77 14 16 0.020913243 
973 526 12 15 0.020899521 
991 1221 11 13 0.020789681 
894 26 13 16 0.020763436 
457 1220 9 11 0.020754155 
657 1233 15 18 0.020690657 
987 789 17 18 0.020688936 
470 0 10 10 0.020683736 
935 1090 10 13 0.020658134 
926 329 15 19 0.020641224 
452 0 14 12 0.020620108 
512 40 25 27 0.020603962 
990 691 12 14 0.020540964 
358 12 12 14 0.020530779 
489 0 12 11 0.020518012 
596 1230 12 15 0.020498008 
616 15 11 14 0.020488882 
36 779 13 16 0.0204862 
479 1223 9 12 0.020481808 
1014 12 11 16 0.020439629 
923 141 16 19 0.020409325 
54 1248 13 15 0.02038643 
920 843 12 15 0.020377943 
91 433 16 19 0.020360362 
59 15 13 16 0.020278746 
645 1239 15 18 0.020211063 
243 20 14 18 0.020148925 
984 1235 11 15 0.020142063 
0 395 13 20 0.020131476 
247 1300 11 12 0.020122517 
42 316 13 16 0.020090105 
522 56 15 19 0.02006348 
983 1213 11 14 0.020040872 
94 212 13 16 0.020036247 
940 1235 12 17 0.020023763 
87 529 13 15 0.020020138 
49 402 12 17 0.020009866 
611 1283 24 29 0.020007083 
