13_Interview_Interview_Sequences_13_37
30
796 194 60 69 0.9993674 
495 173 66 78 0.99919707 
256 183 72 104 0.98271894 
287 104 23 27 0.1546339 
605 114 27 33 0.07351838 
358 131 33 37 0.06325573 
557 142 44 56 0.05620361 
68 482 428 489 0.051994503 
577 142 42 53 0.05189687 
224 107 12 15 0.04396012 
181 525 140 127 0.043760605 
54 353 95 114 0.041571494 
785 501 46 42 0.03932871 
554 122 33 47 0.039159503 
767 225 27 37 0.036914863 
563 159 48 60 0.034091428 
694 135 43 49 0.033294696 
255 122 49 66 0.031518254 
591 127 44 54 0.03054304 
752 473 28 47 0.026943468 
276 122 30 42 0.026714737 
545 122 27 41 0.026700892 
693 144 16 19 0.026261263 
60 337 65 87 0.02544693 
691 140 27 30 0.024761539 
499 -24 338 457 0.022114204 
841 499 61 61 0.022072885 
759 212 45 59 0.021905016 
530 113 26 32 0.021766637 
309 123 12 15 0.021184664 
