13_Interview_Interview_Sequences_13_2
100
636 242 54 74 0.99903286 
491 169 52 65 0.998609 
264 188 55 73 0.9981653 
918 218 38 49 0.99509794 
549 201 31 40 0.99461657 
742 288 75 96 0.99329305 
326 28 30 42 0.991959 
944 19 53 59 0.9912423 
644 147 29 36 0.98787814 
655 25 37 47 0.9822552 
120 269 54 62 0.9789097 
235 29 38 45 0.9718598 
569 29 40 46 0.97144306 
314 139 25 33 0.8852663 
0 26 23 42 0.81973225 
225 187 32 48 0.7950355 
6 238 26 33 0.74650395 
52 148 14 17 0.50758433 
52 171 21 27 0.4640985 
677 166 29 34 0.38835168 
372 170 22 29 0.30471975 
941 291 63 69 0.23900975 
25 152 22 28 0.14195244 
0 138 11 24 0.12578702 
374 149 15 18 0.12432491 
424 514 14 21 0.12039545 
188 73 20 26 0.099978104 
693 376 30 39 0.09722171 
117 1 36 23 0.095878445 
318 224 30 39 0.09251193 
0 224 41 54 0.08331858 
710 188 25 30 0.080837876 
343 156 24 30 0.08081294 
325 222 39 53 0.06958773 
234 101 17 21 0.06931639 
333 371 36 45 0.06756162 
690 334 42 54 0.061710592 
966 4 52 63 0.061295323 
831 231 10 13 0.059614163 
998 115 17 20 0.055410326 
519 607 41 49 0.05473511 
319 32 52 61 0.05099608 
315 19 104 114 0.047576107 
21 241 24 32 0.046867315 
426 510 13 16 0.046763644 
573 526 17 23 0.045496587 
48 143 13 18 0.04455251 
145 265 44 58 0.044428468 
764 188 42 47 0.04427707 
448 0 34 23 0.04278193 
468 612 31 42 0.04239907 
891 175 16 18 0.041820534 
236 177 47 62 0.041665085 
410 172 38 46 0.039702583 
373 151 23 28 0.039585233 
561 102 23 27 0.03954923 
610 110 16 21 0.03946415 
713 157 18 22 0.038375042 
50 205 24 31 0.03796467 
22 160 16 21 0.037716288 
305 121 40 59 0.037022322 
859 294 44 59 0.03666974 
674 505 68 63 0.03637197 
13 165 24 33 0.03553336 
745 617 56 64 0.033277515 
809 300 45 65 0.03199685 
516 70 24 32 0.03122229 
692 248 34 60 0.029747415 
323 132 15 18 0.02956237 
299 430 28 37 0.02936307 
103 210 13 15 0.02687664 
69 268 44 57 0.02621946 
668 181 30 34 0.025993403 
0 22 46 66 0.02567204 
297 -2 36 31 0.02529938 
705 386 17 21 0.024934702 
30 440 35 31 0.02427132 
526 535 28 37 0.024248645 
99 202 46 49 0.024008393 
406 172 24 30 0.023044284 
997 248 12 17 0.02304101 
57 151 14 18 0.022971924 
99 203 26 31 0.022729108 
378 178 27 34 0.022599202 
592 184 41 54 0.02253776 
202 75 16 20 0.021802671 
32 241 27 41 0.021676194 
343 10 65 69 0.021409051 
213 197 31 40 0.021249048 
535 197 31 40 0.021211427 
49 129 18 20 0.021010876 
936 26 14 20 0.020878147 
676 430 16 22 0.020854663 
560 29 12 17 0.020782731 
258 557 14 15 0.020756079 
885 178 23 27 0.020545 
807 -2 36 29 0.020485852 
199 155 15 19 0.020260265 
178 224 43 57 0.020219464 
-6 10 84 118 0.020161172 
