13_Interview_Interview_Sequences_13_33
36
332 160 241 313 0.99992573 
585 819 48 65 0.5180886 
438 1250 25 34 0.31678665 
408 984 35 44 0.17008266 
492 923 24 29 0.085168816 
494 46 441 490 0.08219077 
136 1033 408 459 0.07427662 
479 1015 15 20 0.069590494 
387 90 300 439 0.056189183 
467 1016 16 20 0.04691514 
569 799 54 71 0.03971997 
434 895 15 19 0.038153008 
456 1258 17 21 0.03510254 
270 837 30 38 0.03496218 
447 1247 12 15 0.034872375 
112 347 453 527 0.0321243 
438 1247 43 55 0.029842062 
915 923 101 164 0.028501421 
171 1117 13 17 0.02830972 
525 720 36 52 0.027788254 
459 1004 24 29 0.026388949 
358 362 369 492 0.024917455 
159 1181 13 16 0.024792243 
537 947 20 23 0.024521137 
428 904 17 20 0.024445992 
703 835 94 115 0.023795344 
449 998 24 31 0.023290144 
388 924 51 65 0.02322328 
674 789 209 240 0.022772396 
421 986 47 56 0.022715101 
150 1160 12 15 0.022377176 
565 45 264 280 0.022356933 
477 1002 27 33 0.021288564 
458 884 18 19 0.021264505 
8 876 372 481 0.020999033 
531 1059 387 511 0.0208445 
