13_Interview_Interview_Sequences_13_557
107
507 347 86 105 0.9883376 
125 149 11 13 0.25692692 
102 147 10 13 0.15085731 
135 149 13 16 0.12800495 
837 5 11 13 0.11917226 
138 155 13 14 0.10465569 
75 150 9 11 0.08523093 
765 424 14 17 0.078396834 
87 218 10 13 0.06788883 
941 301 14 20 0.06694031 
232 121 212 301 0.065496944 
991 390 12 16 0.06433239 
1 324 8 12 0.062776655 
124 146 22 27 0.06246719 
106 287 7 9 0.058560252 
832 6 13 16 0.052794393 
133 161 14 16 0.05200949 
77 158 9 11 0.048898924 
803 405 14 17 0.047844518 
1000 371 10 13 0.04492567 
1003 378 20 29 0.044745293 
129 131 10 12 0.043616228 
126 171 14 17 0.04292505 
72 316 11 13 0.04223662 
797 409 16 18 0.04138243 
153 361 35 32 0.041202236 
119 156 12 13 0.039607976 
22 349 9 11 0.039558504 
103 135 9 11 0.038205672 
769 98 54 68 0.03745028 
942 439 13 14 0.037387125 
83 304 168 194 0.03732536 
72 334 8 10 0.037281934 
39 326 9 11 0.036642257 
1013 294 11 19 0.036487512 
95 208 8 10 0.036387347 
55 352 10 11 0.03620821 
2 173 15 19 0.036205105 
487 533 13 15 0.035553478 
132 177 12 15 0.034653775 
246 422 12 14 0.034588158 
93 221 9 11 0.034000397 
72 327 9 12 0.03373956 
629 538 13 16 0.03279372 
124 164 24 28 0.03278804 
84 179 11 13 0.032164115 
118 261 12 15 0.03213314 
140 160 12 15 0.031843916 
112 159 9 11 0.03126409 
144 363 55 66 0.031000918 
114 19 30 38 0.030662982 
936 297 26 36 0.030473419 
48 168 11 14 0.030031396 
596 197 407 527 0.029639678 
125 164 14 17 0.02955366 
75 366 11 13 0.027605511 
138 143 13 15 0.027445816 
111 237 8 10 0.027432743 
173 340 13 16 0.02642736 
795 41 22 30 0.02626681 
128 215 9 11 0.025590826 
118 166 12 15 0.025059434 
98 141 19 25 0.024852687 
100 189 10 12 0.02484625 
88 208 8 10 0.02450073 
111 301 7 10 0.02446456 
107 400 14 17 0.02435423 
1010 439 14 20 0.024215253 
804 31 9 11 0.024092998 
98 142 11 14 0.02406113 
104 126 10 13 0.023906182 
44 343 9 11 0.023769515 
134 214 8 11 0.023733564 
86 286 9 11 0.023692925 
32 335 8 10 0.02365773 
103 221 8 11 0.02346019 
843 4 10 12 0.023456158 
830 17 11 15 0.023389384 
134 207 9 10 0.023198988 
0 101 8 15 0.022793405 
1 107 9 13 0.022674505 
142 295 8 10 0.022549108 
107 141 10 14 0.022479564 
105 293 9 11 0.022397397 
39 349 10 12 0.02232537 
30 318 8 10 0.022177372 
99 133 9 11 0.022040775 
995 385 14 20 0.022016356 
47 303 9 11 0.021810234 
26 203 9 12 0.021767827 
593 341 58 82 0.021734612 
77 165 9 11 0.021651141 
70 168 10 12 0.02164653 
120 145 11 13 0.021386055 
1 128 11 16 0.021367582 
117 295 103 124 0.021144172 
629 577 13 18 0.021061342 
16 326 8 10 0.020767275 
42 47 108 134 0.020747492 
792 412 13 16 0.020686349 
162 286 8 9 0.020526802 
103 281 8 10 0.020484678 
82 285 9 10 0.020344967 
128 207 8 10 0.020323114 
102 153 10 14 0.020213258 
54 311 11 14 0.020111421 
86 280 8 11 0.020051455 
