13_Interview_Interview_2_People_Visible_13_743
35
153 -3 59 73 0.9995459 
855 48 44 61 0.98994315 
541 11 45 61 0.9759871 
935 49 35 39 0.67623544 
718 147 9 11 0.39830744 
664 71 12 14 0.38998145 
836 62 12 16 0.17542534 
714 164 13 16 0.11117946 
6 271 33 29 0.101007886 
717 199 10 13 0.057451922 
14 275 16 16 0.052911334 
-2 270 65 55 0.044016466 
51 309 16 21 0.04356957 
450 203 135 161 0.040888507 
944 65 20 27 0.03635115 
228 181 151 195 0.03630291 
121 -2 38 44 0.035919316 
669 81 15 20 0.035375465 
522 0 16 18 0.034520123 
941 24 31 49 0.03084619 
714 142 11 14 0.027985986 
657 68 21 26 0.025820296 
534 7 32 47 0.02527667 
674 76 15 18 0.024647295 
711 161 12 14 0.023940956 
244 172 84 115 0.023573598 
562 25 36 51 0.023569701 
279 220 35 41 0.023408625 
-9 253 94 97 0.022538628 
8 274 14 16 0.022373514 
832 60 20 29 0.02218127 
376 125 11 14 0.021607134 
835 94 27 42 0.021215238 
23 539 57 66 0.020395916 
30 539 21 30 0.02018471 
