13_Interview_Interview_2_People_Visible_13_254
32
369 128 98 164 0.99925226 
446 27 99 138 0.9992281 
729 219 50 69 0.9990872 
623 4 73 72 0.41467065 
403 86 102 167 0.24629629 
229 126 42 57 0.12571555 
727 162 12 17 0.086291626 
782 161 24 37 0.07118176 
650 101 16 20 0.052360386 
217 14 35 46 0.04298642 
539 165 53 62 0.03839667 
517 227 43 58 0.036634512 
658 106 17 22 0.034779385 
208 24 54 73 0.033747748 
574 -1 42 35 0.03257672 
700 152 12 16 0.032140363 
198 100 87 104 0.029952222 
680 116 23 30 0.028683748 
695 150 13 16 0.027723908 
603 126 43 56 0.026179435 
529 135 47 65 0.025595848 
769 -4 42 38 0.024116755 
682 155 10 13 0.02393189 
184 39 86 136 0.023483934 
516 117 38 49 0.022184217 
756 164 10 13 0.022082057 
576 142 48 54 0.021335926 
765 182 9 12 0.021255098 
652 91 15 18 0.021019178 
430 170 93 118 0.021013256 
649 113 24 30 0.020726465 
199 212 111 112 0.0200904 
