13_Interview_Interview_Sequences_13_1032
21
385 137 216 285 0.9999151 
140 561 11 15 0.37209502 
768 1197 115 142 0.091436125 
286 1371 98 102 0.08263288 
949 549 10 12 0.058405317 
2 847 64 79 0.039860196 
0 524 21 36 0.03832973 
792 493 25 30 0.036278993 
136 557 18 24 0.03217441 
688 1132 192 213 0.031739064 
123 555 11 14 0.029408045 
946 544 8 10 0.02825163 
743 641 29 38 0.025563812 
202 813 31 35 0.024326058 
215 847 23 30 0.024167154 
949 555 11 14 0.0238411 
234 1050 417 491 0.022859422 
278 699 368 496 0.02273987 
788 487 21 27 0.02191679 
888 752 25 32 0.020620694 
-90 -68 505 474 0.02008894 
