13_Interview_Interview_On_Location_13_246
31
226 408 586 637 0.99998176 
217 224 491 560 0.7050979 
403 73 14 18 0.66717833 
360 84 17 19 0.27002475 
255 53 450 482 0.18505315 
216 974 123 194 0.15752324 
749 992 106 175 0.1460534 
617 1191 211 271 0.10280515 
262 947 447 470 0.096607424 
392 695 443 510 0.08769689 
454 1466 12 16 0.077763006 
264 997 112 194 0.0695103 
386 103 16 20 0.065210745 
583 1063 336 453 0.0627595 
397 1413 12 16 0.055054273 
353 89 26 28 0.053239845 
622 13 438 492 0.046136472 
248 624 393 557 0.037081078 
360 80 13 15 0.036775865 
412 1430 15 20 0.03534221 
77 879 363 427 0.03486924 
696 472 350 531 0.032745507 
155 387 383 521 0.032589145 
40 1071 449 497 0.029248588 
205 191 16 20 0.02659807 
339 1122 207 359 0.026043106 
654 1346 16 18 0.025035584 
210 186 16 20 0.02256918 
242 935 86 153 0.021712555 
535 1464 12 14 0.020728415 
608 1227 142 172 0.020216687 
