13_Interview_Interview_Sequences_13_3
208
177 39 350 466 0.9996605 
830 359 26 31 0.62153804 
846 12 55 67 0.56614596 
617 267 13 17 0.42479935 
862 398 24 29 0.34168598 
898 419 25 37 0.33778363 
650 387 18 22 0.2781075 
648 278 10 13 0.21363436 
959 72 15 17 0.21090539 
682 234 16 20 0.1946369 
583 277 13 17 0.16762754 
889 427 35 51 0.14966033 
724 235 10 13 0.13957949 
920 532 32 40 0.13033748 
852 20 33 43 0.11983591 
734 185 13 17 0.105364785 
731 399 17 20 0.104897924 
972 129 15 19 0.10092216 
736 306 12 16 0.092935905 
848 383 39 52 0.087307334 
855 156 16 21 0.08360284 
947 110 15 19 0.07745303 
813 204 14 18 0.075621374 
710 394 23 29 0.07374059 
829 372 32 40 0.07364236 
699 514 14 17 0.06938832 
725 439 25 32 0.06826596 
720 229 11 16 0.06688253 
686 277 11 14 0.06661698 
838 398 25 34 0.06519185 
659 322 22 27 0.064962745 
638 309 10 14 0.061790094 
759 124 11 13 0.061541367 
703 370 14 18 0.061528888 
690 236 12 15 0.060167704 
677 189 9 12 0.059658457 
720 434 42 51 0.05721095 
988 470 23 34 0.056074 
880 24 31 44 0.05564751 
1002 69 16 22 0.05510839 
584 243 12 15 0.05383665 
834 490 17 23 0.051340025 
694 369 24 29 0.051213976 
684 267 13 16 0.05082288 
678 275 12 15 0.050125744 
694 259 13 18 0.04980354 
631 260 11 14 0.049610347 
775 381 22 29 0.04905209 
675 325 11 15 0.04779952 
679 305 11 15 0.046497423 
702 400 16 21 0.044908527 
894 282 13 16 0.04465044 
790 419 44 51 0.044580635 
949 124 15 20 0.04435072 
692 241 13 17 0.043574896 
563 42 16 19 0.042467035 
843 423 15 20 0.042177673 
910 92 13 17 0.040836208 
733 254 11 12 0.04027757 
75 553 13 16 0.040032294 
997 256 16 21 0.039898608 
848 409 24 34 0.039743755 
946 247 26 33 0.038628086 
577 269 10 14 0.038262304 
707 366 13 16 0.037733987 
631 243 12 15 0.03765647 
732 437 16 20 0.03725168 
765 394 12 16 0.03719692 
583 271 11 15 0.03711408 
790 180 12 15 0.03681323 
638 385 25 29 0.036066607 
763 386 24 32 0.035772815 
917 391 23 31 0.035711624 
728 253 10 12 0.035075013 
689 396 26 30 0.035044074 
747 312 29 35 0.03485071 
656 245 11 13 0.03434556 
614 343 24 30 0.034261778 
717 223 10 14 0.034175247 
627 346 16 20 0.034053102 
631 251 12 17 0.03371051 
1011 255 12 21 0.033116013 
613 325 11 13 0.03307197 
975 430 13 17 0.032930136 
644 305 14 18 0.032924864 
792 347 25 28 0.032699283 
897 436 20 28 0.03248788 
650 282 12 14 0.032481723 
866 399 39 52 0.031744514 
719 245 11 14 0.031250592 
797 253 12 16 0.031195343 
998 452 15 18 0.03059106 
639 438 29 35 0.030581484 
636 150 11 17 0.030511614 
994 452 25 31 0.030332161 
693 304 15 19 0.029998936 
557 38 27 30 0.029870776 
965 471 16 22 0.02973547 
625 30 11 14 0.029684493 
867 24 57 71 0.029666971 
604 5 23 27 0.029647125 
620 352 15 18 0.029630518 
1007 103 12 16 0.029487692 
653 328 15 20 0.02929646 
841 366 28 34 0.02926428 
692 274 13 19 0.029043198 
585 124 11 14 0.028891295 
648 332 12 16 0.028619217 
843 348 44 57 0.02859803 
632 307 12 15 0.028415384 
859 412 20 26 0.028407177 
828 355 19 23 0.028388474 
987 252 22 27 0.028173713 
667 251 12 16 0.028128054 
834 458 14 18 0.027632743 
836 395 19 24 0.027501535 
655 378 27 33 0.027295494 
985 460 38 59 0.027215865 
795 173 10 13 0.026974801 
646 270 12 16 0.026940065 
0 140 9 12 0.026543748 
724 243 12 15 0.02641995 
876 308 10 12 0.026414724 
672 364 29 32 0.02635811 
909 428 27 43 0.02617547 
634 413 44 54 0.026173053 
719 388 26 31 0.025982495 
893 426 17 23 0.025929451 
848 158 13 16 0.025812306 
884 343 15 18 0.025812171 
676 356 42 51 0.025762772 
718 324 15 19 0.02575445 
607 250 13 16 0.025613 
605 286 13 17 0.025610423 
637 293 11 14 0.025381608 
991 253 12 17 0.025347691 
892 387 23 29 0.025250157 
973 477 16 23 0.02522069 
759 393 14 18 0.025190383 
691 377 17 22 0.025163023 
134 399 16 23 0.025151115 
730 183 11 15 0.025001245 
805 424 26 31 0.024924995 
717 389 14 18 0.024696495 
636 260 20 25 0.024644082 
734 239 11 13 0.024330936 
700 243 11 15 0.024288751 
685 242 105 123 0.02414903 
650 315 24 30 0.024110101 
701 238 10 13 0.023980789 
737 393 17 22 0.023959031 
626 392 27 32 0.023871435 
608 214 10 12 0.023765644 
613 352 15 19 0.023730475 
569 221 10 12 0.023695264 
10 198 26 40 0.02367721 
890 16 31 41 0.023652697 
710 235 13 17 0.023618579 
572 133 9 13 0.023518968 
740 388 24 31 0.023483697 
834 346 30 38 0.022965243 
671 275 13 16 0.022883464 
693 251 13 17 0.022871269 
711 243 12 15 0.022835873 
768 190 11 14 0.022830488 
686 377 44 47 0.022813423 
633 339 16 20 0.022776142 
819 190 13 17 0.022756124 
812 134 10 12 0.02265301 
824 419 25 32 0.02250236 
854 27 14 20 0.022407494 
736 246 11 13 0.022252738 
621 259 20 26 0.02221265 
666 369 17 21 0.02220094 
749 308 13 16 0.021967376 
577 243 11 14 0.021828484 
690 262 21 28 0.021790845 
661 244 12 16 0.02170056 
729 183 22 27 0.02167541 
748 388 13 17 0.021625662 
739 183 14 16 0.021565376 
866 344 17 22 0.02147716 
711 213 9 12 0.021437056 
646 290 15 18 0.02133617 
898 25 18 24 0.02127313 
991 427 13 17 0.021256195 
674 269 21 26 0.021112368 
640 285 10 12 0.021105943 
668 331 24 29 0.021082941 
714 405 96 122 0.020952504 
623 326 26 33 0.020926615 
924 95 43 58 0.020913038 
675 238 23 28 0.020869592 
847 173 11 14 0.020743579 
652 315 40 50 0.020721946 
885 387 42 55 0.020690855 
903 87 48 60 0.020677153 
860 11 15 18 0.020584846 
649 368 27 34 0.02055706 
696 190 10 12 0.020510826 
677 351 27 32 0.020427743 
879 178 12 15 0.020411605 
641 276 11 14 0.020356275 
676 397 28 33 0.020336999 
768 356 42 49 0.020321188 
601 159 10 13 0.02028218 
869 337 25 32 0.020109916 
736 299 20 26 0.020029066 
