13_Interview_Interview_Sequences_13_759
19
451 588 150 190 0.99771655 
798 1334 32 36 0.68609273 
333 970 15 21 0.08664998 
783 1051 29 39 0.0606129 
396 838 29 32 0.053513523 
606 649 384 547 0.048683837 
790 1031 44 68 0.043190744 
494 188 54 74 0.040245254 
406 770 432 463 0.03737865 
333 1252 17 21 0.036728397 
328 1292 27 33 0.036484245 
348 1008 25 38 0.035030313 
808 1046 27 43 0.034755062 
754 1036 47 67 0.0308031 
363 980 12 14 0.026826164 
771 896 24 31 0.025014779 
730 1015 85 116 0.02402971 
755 1213 15 15 0.022433948 
700 1001 13 22 0.02194671 
