38_Tennis_Tennis_38_535
210
505 471 23 29 0.9904546 
514 422 22 29 0.98887956 
862 324 22 27 0.986527 
431 446 24 33 0.98623264 
579 304 22 29 0.9758756 
243 287 18 23 0.9709989 
134 456 21 26 0.95712256 
206 433 21 26 0.95522094 
356 308 22 29 0.95158154 
173 277 18 23 0.9481343 
713 318 20 26 0.9476123 
762 426 22 28 0.94108 
460 421 23 31 0.93706995 
397 321 19 22 0.9368436 
480 316 19 23 0.9273273 
641 312 21 26 0.922171 
778 308 22 27 0.92208934 
465 265 21 25 0.921604 
657 463 19 26 0.91853607 
232 319 20 26 0.9159147 
46 448 23 31 0.9151068 
369 407 21 25 0.91124105 
322 383 20 26 0.88436604 
193 341 19 23 0.88133967 
707 418 17 22 0.8783741 
596 424 21 25 0.87485147 
375 450 23 27 0.85194963 
142 413 21 27 0.8518621 
289 291 15 22 0.8368889 
421 315 20 28 0.83405375 
146 306 18 24 0.8160983 
551 469 20 25 0.8071904 
613 395 15 17 0.80289495 
508 307 21 27 0.7956384 
897 490 21 25 0.72837013 
434 415 20 27 0.7261649 
647 423 19 25 0.7256867 
288 455 23 30 0.7218787 
163 252 12 14 0.66076523 
677 411 11 14 0.5987485 
330 452 16 21 0.5527663 
408 317 22 28 0.5200217 
230 275 11 14 0.49490935 
170 455 15 18 0.34710005 
790 251 14 16 0.32518885 
256 316 17 22 0.324626 
906 268 13 18 0.3030078 
344 430 11 15 0.2584415 
197 278 12 18 0.255266 
820 479 17 20 0.23347893 
304 304 13 18 0.23139215 
71 217 13 20 0.21581866 
132 269 11 13 0.21015185 
532 396 14 18 0.20870958 
363 294 10 13 0.19294615 
184 310 13 16 0.16599418 
453 416 21 27 0.16468927 
160 248 11 15 0.16089456 
650 414 13 16 0.15702534 
109 221 11 17 0.15264688 
551 242 11 15 0.1524564 
336 358 12 15 0.14568488 
565 415 20 25 0.13607033 
75 212 13 18 0.13506962 
640 257 13 16 0.13278523 
650 388 13 16 0.12410324 
812 464 28 32 0.120165534 
271 581 27 29 0.117198244 
549 369 13 17 0.116492435 
896 477 29 32 0.1058749 
301 408 14 18 0.105039544 
665 259 11 13 0.102707766 
594 411 16 19 0.10083881 
272 240 11 13 0.097055815 
96 159 9 11 0.09098945 
709 408 15 19 0.0900702 
379 292 12 15 0.08826608 
374 501 13 17 0.086524986 
273 387 23 31 0.08581142 
527 399 16 21 0.08456501 
686 468 14 20 0.07636253 
244 411 22 29 0.07518801 
600 284 14 16 0.07458269 
449 282 13 16 0.07440435 
415 201 10 12 0.070024125 
591 417 21 26 0.06954048 
366 514 24 29 0.06796303 
506 200 9 11 0.06608266 
357 299 15 19 0.062454402 
647 536 12 18 0.06213769 
196 324 15 19 0.061718337 
764 247 12 16 0.058434244 
838 263 12 17 0.058414612 
133 414 19 24 0.05811775 
237 276 12 15 0.057948004 
630 249 11 14 0.053524833 
54 127 9 11 0.05282242 
351 307 16 23 0.05143055 
680 276 15 18 0.051336687 
265 388 18 23 0.05091914 
294 273 13 16 0.050522458 
443 301 12 16 0.05045885 
245 279 12 15 0.049825124 
191 325 25 31 0.049426705 
839 570 32 31 0.04587337 
363 504 15 21 0.045156363 
184 411 13 16 0.04512097 
469 380 14 18 0.04365168 
330 249 13 16 0.043520678 
671 165 10 13 0.04184025 
368 311 17 25 0.041484464 
319 434 13 19 0.04093559 
338 449 15 20 0.040923014 
862 510 11 14 0.040658344 
334 435 14 18 0.040406995 
577 412 21 26 0.040217966 
235 312 15 19 0.039293297 
601 548 16 18 0.038251005 
699 529 29 29 0.038141478 
164 314 14 19 0.03773346 
324 443 14 17 0.03709452 
296 296 19 25 0.03687476 
152 249 13 17 0.03656825 
373 398 13 16 0.036327466 
77 397 12 14 0.035733864 
869 311 12 13 0.03552414 
680 366 13 17 0.035087876 
290 446 18 21 0.034603067 
496 419 14 19 0.034530696 
677 448 14 17 0.034174122 
63 159 8 10 0.034086984 
360 290 21 27 0.033675224 
374 444 15 19 0.033132467 
57 158 8 10 0.032770637 
453 561 26 32 0.032374207 
128 164 9 11 0.031704366 
373 289 22 30 0.031440396 
392 308 35 44 0.0313673 
601 288 17 22 0.031141996 
420 310 16 19 0.03094743 
33 149 9 12 0.030505626 
279 293 16 22 0.03043597 
645 404 15 18 0.030235218 
773 403 30 32 0.030009637 
184 278 17 24 0.02995747 
205 292 12 17 0.02994752 
317 247 8 11 0.029288605 
658 425 13 19 0.028905056 
515 415 15 18 0.02864358 
763 410 29 36 0.028640196 
589 548 30 29 0.028079396 
666 426 15 18 0.028011749 
170 253 10 13 0.027837975 
252 417 24 30 0.027836764 
557 417 16 21 0.027609162 
155 302 13 16 0.027529052 
211 293 13 17 0.027300982 
142 406 12 17 0.027109744 
48 141 8 10 0.02705403 
894 582 36 37 0.026729632 
289 395 20 28 0.026583834 
772 294 35 44 0.026491119 
281 506 27 29 0.0264396 
662 269 21 29 0.026294155 
602 410 16 20 0.025954945 
380 322 14 20 0.025947617 
700 292 39 48 0.025506563 
334 358 20 25 0.025503628 
34 142 9 12 0.025325712 
604 400 20 24 0.025317557 
589 296 21 28 0.025266664 
50 133 8 11 0.025260862 
812 460 18 19 0.025021192 
62 143 9 11 0.024961995 
269 426 13 16 0.024612483 
227 272 19 25 0.024209661 
216 387 12 16 0.024094084 
415 128 9 10 0.023849158 
455 245 11 14 0.023834642 
536 400 16 21 0.023663364 
893 483 17 22 0.023607591 
372 505 22 28 0.023598047 
56 143 8 10 0.023504253 
470 423 18 25 0.023409368 
125 417 23 30 0.023145173 
714 530 16 19 0.022923596 
626 428 14 20 0.022784064 
265 321 14 19 0.022229256 
466 414 16 19 0.022104966 
788 493 11 13 0.021994235 
131 443 17 20 0.021649757 
903 264 11 16 0.021593835 
550 461 16 22 0.02155399 
112 244 10 15 0.021494754 
646 151 8 10 0.021273483 
501 418 23 29 0.021243118 
454 431 16 21 0.021148004 
792 255 16 19 0.021116378 
434 301 20 26 0.021088878 
113 164 9 10 0.02091755 
739 263 15 22 0.020860234 
519 399 12 16 0.020838585 
159 282 13 17 0.020749465 
624 251 14 19 0.020583421 
431 319 16 23 0.020500483 
758 246 20 25 0.020340323 
548 424 14 20 0.020302702 
407 379 13 19 0.020194586 
203 421 14 17 0.020160396 
325 581 35 34 0.020002062 
