38_Tennis_Tennis_38_501
42
565 93 116 143 0.9998883 
219 409 61 82 0.9940023 
158 592 68 91 0.98690677 
888 460 76 106 0.9798147 
959 709 20 23 0.19738871 
23 44 398 534 0.19452514 
298 788 15 18 0.06877875 
4 409 31 49 0.062149744 
281 756 42 54 0.06179339 
83 404 27 32 0.05521626 
198 781 24 29 0.04935005 
102 412 45 54 0.04805603 
3 437 34 53 0.0479534 
588 -83 368 469 0.042513184 
342 414 15 15 0.04152886 
36 550 18 22 0.041331746 
161 519 62 61 0.041025113 
282 771 17 21 0.039727755 
202 326 19 20 0.039629474 
173 501 61 57 0.038382556 
283 767 27 31 0.03765236 
133 324 14 18 0.036478575 
926 748 13 15 0.03459541 
405 327 17 21 0.03296864 
629 -16 227 300 0.03219945 
982 419 16 18 0.031179206 
367 344 26 33 0.029049138 
75 340 25 34 0.028803535 
292 777 25 29 0.02879928 
348 372 15 16 0.028688762 
667 2 125 154 0.027775485 
943 773 13 15 0.025994577 
118 451 95 116 0.025324224 
499 221 365 505 0.024496183 
221 395 14 17 0.023653777 
147 532 91 98 0.02358328 
194 595 41 52 0.023323186 
18 406 48 76 0.022903707 
302 764 11 14 0.022663543 
374 745 29 40 0.021942133 
100 402 97 121 0.021042522 
956 589 57 74 0.020738835 
