38_Tennis_Tennis_38_232
253
806 329 14 20 0.9828486 
733 252 9 12 0.89562505 
165 222 10 12 0.57603145 
648 70 7 11 0.50003284 
686 63 8 11 0.4571779 
630 38 9 11 0.44937488 
943 13 10 12 0.39846042 
990 59 11 14 0.37932202 
612 63 9 11 0.31903362 
724 70 8 10 0.31336442 
638 19 8 11 0.29542062 
728 37 9 10 0.29360098 
899 38 8 11 0.28513113 
909 16 9 11 0.2650521 
999 36 11 14 0.23824312 
693 37 9 11 0.23421559 
870 37 8 10 0.21713771 
44 414 9 11 0.21027176 
673 22 7 9 0.18625887 
591 0 13 12 0.18372428 
704 21 9 11 0.17722496 
965 22 9 12 0.17372473 
733 38 8 10 0.17272344 
726 33 8 11 0.16909604 
1008 60 8 11 0.16210838 
943 39 9 11 0.15036082 
980 44 9 11 0.14088687 
893 63 8 10 0.13988392 
981 7 13 14 0.13332905 
709 29 8 11 0.12705931 
750 54 12 15 0.12247925 
853 62 9 13 0.119303696 
106 0 16 15 0.11832104 
658 55 8 10 0.115922585 
966 34 11 15 0.11201334 
1014 257 9 15 0.111661404 
736 90 13 19 0.10911213 
742 12 10 12 0.10872053 
704 37 9 11 0.099676885 
672 28 10 13 0.09947102 
935 47 9 12 0.09696162 
647 65 8 11 0.09661894 
918 35 11 14 0.09543592 
1008 6 9 12 0.095297925 
670 95 11 13 0.09227952 
708 85 11 14 0.09091128 
976 38 9 13 0.088295855 
965 42 11 13 0.08364109 
662 40 8 11 0.08211463 
985 60 10 13 0.080765784 
963 62 12 14 0.07837685 
702 95 11 14 0.078354195 
938 11 9 12 0.07806529 
964 68 9 12 0.07529762 
677 47 9 12 0.07518927 
889 40 7 9 0.07404944 
0 301 8 13 0.07212823 
906 19 9 12 0.07147379 
669 69 9 12 0.07056763 
775 15 8 11 0.069626085 
977 6 11 13 0.069099925 
935 7 9 13 0.06726398 
751 45 10 12 0.066627905 
703 16 9 12 0.065763354 
1 360 9 13 0.06553603 
709 38 8 10 0.06477554 
610 67 9 11 0.0628079 
15 318 9 12 0.06088103 
39 271 10 13 0.06060645 
672 54 9 11 0.059990395 
1015 38 9 12 0.058338493 
629 60 11 13 0.05723078 
942 44 10 12 0.056081496 
888 45 8 10 0.055692043 
678 36 9 12 0.05442101 
682 66 9 12 0.05420887 
776 19 9 12 0.053846814 
768 40 8 10 0.053522233 
657 46 8 10 0.053209137 
661 61 10 13 0.053202067 
721 62 9 12 0.053157657 
873 8 9 11 0.053000662 
968 77 9 11 0.052479938 
623 56 10 12 0.052307945 
17 267 9 12 0.051446866 
63 -1 17 15 0.0511009 
912 29 9 12 0.045970995 
61 436 10 11 0.045709644 
966 17 8 11 0.045451313 
670 62 9 12 0.04531761 
21 267 10 13 0.04502441 
958 1 10 11 0.044690195 
721 36 9 11 0.0445122 
752 38 10 13 0.043874174 
947 38 10 12 0.043866448 
719 0 8 8 0.04297318 
897 15 7 11 0.042839978 
984 93 11 14 0.042294644 
657 60 9 12 0.041794155 
741 30 9 12 0.041198935 
961 16 9 11 0.040421665 
987 6 12 13 0.04023811 
0 326 10 14 0.039881244 
1000 23 9 11 0.03931285 
865 33 9 11 0.03910276 
672 35 10 12 0.03835841 
782 58 10 12 0.03819101 
687 56 10 11 0.03783701 
982 67 10 13 0.03781563 
636 37 8 10 0.037083182 
616 57 9 11 0.036907114 
1012 60 9 12 0.036747888 
929 52 10 13 0.036550175 
737 7 11 13 0.036409006 
929 46 9 13 0.036263343 
918 43 10 13 0.036073934 
708 79 11 13 0.03588055 
743 2 9 8 0.035743985 
46 431 9 12 0.035646055 
606 79 8 11 0.035406742 
897 33 8 11 0.035333283 
671 88 8 11 0.035040334 
928 7 9 11 0.034688577 
666 93 10 13 0.034254678 
935 30 8 11 0.0342149 
984 54 10 13 0.03404211 
32 268 11 13 0.03361174 
685 0 8 8 0.03351229 
702 6 9 10 0.03302462 
992 65 10 14 0.03278454 
626 44 9 11 0.032556746 
901 31 10 12 0.032481723 
632 33 9 12 0.032177716 
985 85 10 13 0.03216419 
733 43 9 10 0.03154404 
854 56 9 13 0.03129346 
677 54 9 10 0.031257797 
654 78 8 10 0.03110633 
664 88 8 10 0.0309752 
639 86 9 13 0.030870102 
689 32 9 11 0.030784655 
999 77 8 11 0.030632177 
399 272 8 10 0.030314257 
623 81 10 12 0.03016151 
697 21 8 11 0.030120151 
702 1 10 9 0.030092863 
57 431 9 12 0.030041534 
161 224 13 17 0.029818112 
717 55 8 11 0.029589156 
767 54 10 13 0.029569214 
736 32 9 12 0.029481143 
927 1 8 9 0.029471397 
855 78 11 15 0.029399559 
0 278 8 12 0.029237432 
1000 92 9 13 0.029125147 
919 14 8 11 0.029115796 
755 53 11 13 0.029060872 
681 0 10 9 0.028512107 
654 4 13 16 0.02808698 
949 6 10 13 0.028055955 
639 55 8 11 0.028054187 
46 437 9 11 0.02795464 
655 21 10 12 0.027586987 
749 1 9 9 0.02750039 
712 0 8 9 0.027429307 
937 39 8 11 0.02742797 
658 41 8 11 0.027423887 
925 31 10 12 0.027131956 
825 443 25 32 0.026922347 
639 61 10 13 0.026910191 
795 378 23 36 0.026843682 
758 69 10 11 0.026825283 
852 89 15 18 0.026538305 
14 332 13 16 0.02650412 
973 79 9 10 0.02639013 
3 327 13 17 0.026301028 
729 248 17 22 0.02622819 
1000 86 10 13 0.026047817 
641 78 8 11 0.026031634 
712 47 8 10 0.025897492 
24 485 11 13 0.02584692 
725 75 9 12 0.025839143 
12 322 12 16 0.025740035 
630 93 11 15 0.025727453 
952 94 10 14 0.02553989 
966 55 10 13 0.02546593 
663 22 8 11 0.02545188 
45 409 9 12 0.0253861 
695 44 9 11 0.025155563 
848 65 10 15 0.025010215 
911 1 9 9 0.024967488 
111 440 14 17 0.024940984 
896 41 11 14 0.024914086 
963 28 10 13 0.024909947 
993 45 10 13 0.024907436 
792 10 14 16 0.024738101 
222 8 135 119 0.02462748 
784 31 8 9 0.02439737 
669 76 9 11 0.02437017 
56 437 9 11 0.024251578 
949 31 8 10 0.023675391 
941 50 13 14 0.023622235 
1001 312 9 12 0.023608176 
751 308 10 13 0.023536835 
712 54 9 11 0.023495011 
877 12 7 10 0.023450306 
759 343 9 13 0.023324642 
860 1 11 12 0.02330457 
746 59 11 15 0.023206953 
661 12 9 12 0.023185974 
888 31 8 10 0.02305555 
951 0 10 10 0.023030657 
709 70 10 12 0.022946304 
866 45 8 10 0.022891195 
647 55 8 10 0.02288516 
911 8 9 10 0.022816576 
820 349 12 16 0.022803541 
649 0 23 28 0.02267975 
719 75 10 12 0.022487493 
997 71 10 11 0.022393398 
602 80 9 11 0.022295645 
605 85 9 13 0.022001043 
870 94 11 15 0.0219877 
944 33 9 10 0.021924898 
653 70 9 12 0.021823892 
776 59 10 12 0.021787897 
868 55 12 13 0.021626316 
996 61 10 12 0.021496719 
1006 17 11 14 0.021321036 
663 76 10 12 0.0213167 
685 5 9 11 0.021297935 
703 55 10 12 0.021159662 
736 1 9 10 0.020835012 
719 14 10 12 0.020818016 
993 36 10 13 0.020814419 
863 59 12 16 0.02074295 
983 80 10 12 0.020726733 
656 86 8 11 0.02067988 
962 37 11 14 0.020627985 
831 372 10 14 0.020592244 
703 59 11 15 0.020543834 
894 31 18 24 0.020468544 
52 156 196 233 0.02040538 
73 446 9 11 0.020399008 
974 61 11 13 0.020358264 
630 85 10 14 0.020352993 
903 0 10 9 0.020327777 
400 278 8 10 0.02027346 
1005 37 9 13 0.02023112 
698 15 9 12 0.020135434 
19 315 11 15 0.020108517 
15 311 11 13 0.020104082 
949 20 9 11 0.020047259 
