25_Soldier_Patrol_Soldier_Patrol_25_437
20
697 272 42 65 0.98283696 
368 383 25 41 0.94020027 
557 46 56 71 0.83475024 
261 119 28 50 0.8347236 
317 364 30 50 0.32880956 
122 196 29 32 0.12937734 
749 298 39 61 0.060881626 
421 251 52 72 0.039129984 
241 119 38 53 0.036045693 
267 97 39 63 0.030810345 
550 73 60 88 0.02863878 
287 73 38 56 0.02805545 
124 190 16 17 0.027880883 
653 362 10 14 0.027436288 
511 100 48 64 0.025504975 
673 247 79 102 0.025248334 
626 525 17 21 0.024751024 
211 105 30 51 0.024738705 
497 259 61 80 0.024154874 
600 41 28 45 0.020952357 
