25_Soldier_Patrol_Soldier_Patrol_25_640
22
432 4 236 322 0.9999256 
199 96 50 71 0.07525507 
60 56 17 19 0.037185952 
135 32 33 40 0.03423708 
205 85 35 42 0.032773957 
211 79 52 67 0.03205814 
181 51 47 63 0.030698068 
185 69 53 76 0.029454602 
319 99 50 65 0.02802904 
324 85 19 24 0.025030129 
264 56 29 38 0.024311349 
169 7 30 35 0.024239868 
79 339 15 18 0.02413585 
254 90 44 63 0.023861088 
517 558 11 14 0.023670629 
207 36 46 62 0.023364455 
228 77 30 36 0.022533437 
230 92 49 68 0.021870105 
299 94 46 66 0.021353008 
279 63 25 32 0.020873293 
216 54 50 63 0.020174915 
37 515 31 53 0.020055631 
