25_Soldier_Patrol_Soldier_Patrol_25_121
389
683 87 64 74 0.99874336 
190 84 9 12 0.54364353 
228 194 14 17 0.39211652 
123 157 14 17 0.3576655 
251 142 12 16 0.2752559 
158 72 9 11 0.22978228 
309 92 11 12 0.220022 
205 208 13 16 0.20049116 
254 115 10 14 0.18546675 
292 35 10 13 0.17878278 
113 179 16 18 0.17733544 
142 71 9 11 0.1684007 
158 93 9 10 0.1649855 
238 60 8 10 0.16181564 
239 13 8 10 0.1607391 
173 222 15 20 0.13407283 
265 95 8 12 0.13370346 
233 56 9 11 0.12895912 
303 14 10 12 0.12633707 
199 86 9 11 0.12457827 
113 102 10 12 0.11873846 
292 78 9 12 0.11771224 
229 165 10 13 0.11686875 
201 190 12 15 0.11635748 
173 84 9 11 0.11627996 
191 171 12 15 0.11561123 
249 109 9 13 0.10896495 
152 86 9 11 0.106445834 
216 69 10 12 0.10543922 
141 94 9 11 0.10476709 
161 111 10 12 0.10382052 
223 31 8 9 0.10198814 
216 77 10 13 0.10122067 
126 187 12 16 0.09943653 
165 103 9 12 0.09682108 
168 78 10 12 0.096789174 
256 71 9 11 0.09525424 
232 93 9 12 0.09117006 
136 197 13 15 0.090653695 
288 30 10 13 0.09020312 
172 210 22 27 0.089582354 
143 102 10 12 0.088809855 
173 79 8 11 0.08761598 
242 31 7 9 0.08433907 
257 13 8 10 0.08406697 
191 63 8 10 0.08214132 
100 139 15 19 0.079467684 
293 7 10 10 0.07869599 
568 264 61 59 0.078377925 
263 87 8 11 0.07807503 
209 16 7 10 0.07761025 
148 251 17 21 0.07730869 
646 390 17 21 0.07704178 
302 19 8 11 0.07694184 
183 186 14 16 0.0768289 
220 63 10 12 0.076310694 
223 94 9 12 0.07536555 
221 135 9 11 0.07523872 
193 31 8 10 0.07502052 
220 69 10 12 0.07495902 
215 46 9 11 0.07337374 
351 319 8 10 0.07232371 
192 53 8 10 0.07201915 
216 39 8 10 0.07156582 
198 31 8 10 0.07064029 
129 61 8 10 0.07047712 
258 45 9 11 0.070224546 
204 86 9 11 0.07010255 
246 127 10 12 0.069955245 
135 88 9 10 0.0694809 
132 125 13 16 0.06910661 
304 6 10 12 0.06827332 
216 8 8 9 0.06684976 
246 31 7 10 0.06649391 
177 205 16 20 0.066389635 
258 38 8 11 0.06578102 
238 8 9 10 0.065498665 
288 70 8 9 0.06536962 
245 38 8 10 0.06481657 
198 0 8 8 0.06475192 
117 95 8 10 0.064681865 
224 14 7 9 0.06457144 
290 8 8 9 0.06378934 
248 134 10 13 0.063550524 
357 81 11 12 0.06351256 
53 125 27 30 0.061929557 
207 64 9 11 0.061391167 
233 15 8 9 0.06042268 
7 267 25 32 0.060291402 
185 81 9 12 0.060026705 
149 109 10 12 0.059978694 
222 100 9 12 0.059731085 
177 45 9 11 0.059390903 
302 0 9 9 0.058988374 
120 72 9 11 0.058809303 
92 122 11 15 0.058618665 
656 98 35 42 0.05854582 
165 45 8 11 0.05823347 
216 23 7 9 0.058038343 
171 169 11 15 0.05799184 
296 15 10 11 0.057989977 
222 87 10 12 0.057835665 
268 101 10 11 0.05750579 
279 16 9 11 0.05731319 
308 13 9 11 0.057216834 
181 39 9 11 0.057156213 
167 225 14 18 0.056806084 
256 6 10 12 0.05651764 
14 446 11 14 0.054831337 
306 87 10 13 0.05466111 
167 72 8 10 0.054554176 
286 22 9 11 0.054536596 
609 466 30 34 0.05430151 
127 104 7 9 0.054168917 
154 30 7 9 0.053734772 
128 85 9 12 0.053302262 
160 39 8 9 0.052810993 
217 31 8 10 0.052575435 
195 79 14 15 0.05241092 
238 164 9 12 0.05217791 
238 127 8 11 0.052051697 
200 91 10 12 0.051286638 
167 22 6 9 0.05126946 
149 119 10 12 0.05125528 
209 68 10 12 0.051110618 
153 70 9 11 0.05075484 
146 194 15 18 0.050465066 
283 141 11 15 0.05038812 
344 0 12 11 0.05035543 
352 272 9 10 0.05011942 
298 20 8 11 0.049434748 
125 71 9 10 0.049371038 
223 191 13 16 0.049169544 
247 55 7 10 0.049042128 
113 88 8 11 0.048280388 
165 40 8 10 0.048135545 
139 147 11 14 0.048065912 
138 93 8 10 0.047953095 
280 302 9 11 0.04771914 
261 2 10 10 0.047555335 
208 21 7 10 0.04744802 
207 163 10 12 0.04737504 
160 23 8 10 0.04731368 
178 31 8 10 0.0471588 
253 181 10 12 0.047001116 
74 194 13 18 0.046770833 
142 88 8 10 0.046695195 
95 145 15 18 0.046399217 
133 56 8 10 0.046335403 
197 134 10 13 0.04633301 
223 37 8 9 0.0461572 
236 101 10 14 0.046069995 
138 72 8 10 0.045967642 
153 255 17 21 0.04587582 
112 192 13 18 0.045579836 
230 159 11 14 0.045308877 
153 92 10 12 0.045274135 
104 134 13 17 0.044547703 
270 37 7 10 0.044307917 
235 95 10 12 0.044121463 
190 69 11 12 0.043982286 
27 597 20 23 0.043801587 
223 24 7 9 0.043068152 
279 65 9 11 0.04301767 
230 88 10 12 0.043011826 
216 15 7 9 0.042926412 
246 153 14 17 0.042255625 
213 183 9 11 0.042197157 
234 126 9 11 0.042120982 
129 155 14 17 0.041965775 
216 143 9 12 0.04187641 
373 283 12 14 0.04179389 
222 8 8 10 0.041367255 
126 78 9 11 0.04116448 
247 6 8 10 0.04083163 
173 70 9 11 0.039893992 
142 124 11 13 0.03967238 
287 13 9 11 0.039314 
240 143 9 11 0.039299995 
204 195 12 13 0.039291784 
794 122 39 48 0.038841005 
200 23 8 10 0.038806733 
155 149 11 14 0.038620315 
342 84 11 15 0.038473316 
269 95 10 12 0.03845986 
196 167 11 13 0.03820084 
102 38 9 12 0.037286833 
130 189 13 16 0.037133 
707 43 13 15 0.037050452 
257 1 9 10 0.036972225 
166 116 10 12 0.03695435 
184 24 8 10 0.03680426 
199 48 7 10 0.036802683 
224 107 11 14 0.03680008 
209 7 7 8 0.03624368 
254 64 9 11 0.036152817 
320 0 11 9 0.036042817 
255 30 9 12 0.03573782 
88 38 7 9 0.035640698 
183 63 9 10 0.03534899 
131 176 14 18 0.035314906 
256 24 7 10 0.035209175 
94 78 13 14 0.035196673 
191 24 8 9 0.03518898 
6 114 14 19 0.035153903 
203 116 12 13 0.03507805 
220 140 10 12 0.035036102 
234 8 9 10 0.034847528 
237 133 10 12 0.03472551 
101 204 14 19 0.034722332 
252 136 12 14 0.03429941 
262 153 13 17 0.034292765 
209 149 8 11 0.03424843 
119 88 8 10 0.034056626 
304 167 8 12 0.034006268 
182 31 9 10 0.03379399 
215 148 9 12 0.033495493 
319 279 8 9 0.032943346 
247 24 7 9 0.032891028 
211 272 25 33 0.032811675 
240 70 8 10 0.03252675 
726 242 23 30 0.032349676 
10 109 13 16 0.032329306 
93 191 11 15 0.03197098 
213 189 10 13 0.031733494 
184 54 7 9 0.03163457 
277 174 11 14 0.03155437 
15 524 11 14 0.031522144 
278 294 12 13 0.031478897 
200 62 8 11 0.031377826 
261 70 8 11 0.0313538 
138 277 13 16 0.03129838 
247 70 9 11 0.031256348 
278 136 12 14 0.031171339 
135 77 9 11 0.030917829 
350 84 15 16 0.030811561 
143 40 7 8 0.030795014 
644 424 25 33 0.030521369 
104 180 13 16 0.030483421 
231 79 9 11 0.03048274 
148 200 16 19 0.03046789 
86 117 13 17 0.030386675 
234 384 16 20 0.030386638 
186 177 15 18 0.030312544 
247 86 11 13 0.030174958 
239 45 9 11 0.030076452 
19 317 16 20 0.029990057 
209 47 8 10 0.029927129 
147 103 11 14 0.029841773 
153 77 9 11 0.029778274 
231 150 9 11 0.029704478 
224 170 12 14 0.029597849 
230 368 26 32 0.029527878 
198 53 7 9 0.029445894 
181 45 9 12 0.029359117 
620 433 28 36 0.029210161 
180 194 14 16 0.02915631 
158 31 7 9 0.028992547 
207 184 11 13 0.028989313 
366 235 11 12 0.028464196 
356 271 9 11 0.02833015 
168 138 11 15 0.028324746 
218 95 9 12 0.028230391 
38 248 15 18 0.02819842 
133 110 9 11 0.028142558 
129 109 9 11 0.028016731 
288 181 8 12 0.027889233 
209 39 6 9 0.027716693 
96 22 8 10 0.027532373 
2 607 49 71 0.027289758 
593 244 57 55 0.027224649 
190 246 25 31 0.02722406 
246 62 8 11 0.027173478 
156 631 29 37 0.027148116 
262 37 10 12 0.027093666 
174 118 11 14 0.026976977 
175 64 10 11 0.0269566 
121 39 7 9 0.026935415 
151 14 8 10 0.026920665 
177 53 8 9 0.0268952 
263 167 10 13 0.026873482 
173 92 10 12 0.026774786 
273 21 8 11 0.026756229 
199 36 7 10 0.02657831 
152 64 8 10 0.026543336 
49 264 25 33 0.026506854 
232 119 9 12 0.02638751 
131 118 12 14 0.026328446 
117 107 8 12 0.026327886 
165 94 10 12 0.026233487 
282 29 9 11 0.026168406 
-1 574 79 113 0.026123328 
127 40 7 8 0.026111381 
281 7 7 9 0.025911137 
105 176 21 25 0.025844894 
155 204 15 18 0.025818769 
274 15 8 11 0.025815362 
193 1 9 9 0.02577596 
139 232 26 31 0.025709465 
192 140 11 15 0.025618324 
304 100 11 13 0.02554611 
183 167 11 14 0.025541075 
780 188 32 37 0.02538966 
222 55 9 11 0.02537875 
231 23 7 9 0.025283357 
156 189 11 14 0.025036553 
121 437 11 14 0.025036436 
136 49 8 9 0.024992732 
168 31 6 9 0.02479565 
154 23 7 10 0.024770759 
142 47 8 10 0.024678526 
178 24 7 9 0.02464573 
259 139 12 16 0.02458667 
255 203 9 12 0.024541527 
286 382 8 10 0.024447784 
237 104 13 16 0.024362765 
59 270 13 19 0.0243379 
342 80 9 12 0.024138356 
317 95 11 13 0.024033433 
140 198 15 19 0.02394217 
644 382 17 20 0.02391209 
126 92 9 12 0.023878826 
198 69 11 12 0.023759957 
174 217 26 32 0.02375681 
0 505 14 22 0.023743628 
186 76 18 23 0.023650268 
222 158 11 14 0.023617463 
111 77 9 10 0.023576267 
178 403 10 13 0.023529336 
240 23 7 9 0.023411538 
254 86 9 12 0.023411397 
271 367 8 11 0.023332752 
244 163 11 14 0.023303553 
245 15 8 10 0.023301763 
232 394 11 14 0.023188362 
221 148 11 12 0.023174657 
152 47 7 9 0.023150079 
289 0 22 24 0.02311795 
241 147 10 13 0.023066355 
159 124 9 11 0.023063317 
278 94 11 13 0.02297386 
268 149 13 17 0.02282487 
111 57 7 8 0.022810744 
262 24 8 9 0.022489175 
164 204 14 18 0.02244236 
231 70 8 10 0.022442061 
143 164 12 14 0.022386158 
271 292 10 11 0.02237812 
233 142 9 12 0.02231405 
359 326 10 12 0.022302616 
668 421 31 39 0.022207377 
141 211 15 20 0.022035995 
247 77 9 11 0.022009665 
239 78 8 10 0.021999719 
29 523 14 17 0.021966645 
163 223 23 30 0.021729907 
112 46 7 10 0.021667786 
180 244 15 18 0.021561287 
246 46 8 11 0.02155987 
223 0 8 8 0.02150158 
154 245 17 21 0.021466851 
116 233 14 18 0.02142984 
270 4 8 10 0.021376498 
133 493 14 16 0.021331126 
214 159 11 13 0.02122747 
37 157 12 14 0.021205774 
270 47 8 11 0.021180775 
231 48 8 10 0.021135869 
153 55 7 9 0.02111983 
96 62 8 10 0.021096867 
221 46 10 12 0.021085907 
184 91 10 12 0.02104479 
198 6 8 9 0.021007208 
279 78 10 11 0.021002188 
192 16 7 9 0.020980649 
20 523 14 18 0.020792514 
271 64 9 11 0.020738956 
270 52 9 11 0.02068092 
294 91 10 12 0.020616785 
193 6 9 10 0.020580932 
123 169 16 19 0.02053266 
239 1 8 9 0.020514749 
52 154 13 17 0.020497417 
128 130 11 14 0.020475777 
126 408 13 14 0.020354817 
323 99 11 13 0.020347357 
200 241 26 29 0.020252243 
242 375 14 18 0.020218268 
245 102 11 16 0.020075457 
