25_Soldier_Patrol_Soldier_Patrol_25_271
61
524 338 18 21 0.91747975 
140 50 20 25 0.8202451 
508 374 14 19 0.22753622 
518 365 12 15 0.16978462 
608 227 11 15 0.13573194 
473 388 13 14 0.1195774 
511 363 11 15 0.109848835 
509 359 11 13 0.10286089 
570 329 13 18 0.08699868 
459 412 16 21 0.07895196 
545 378 10 14 0.07120464 
493 366 9 13 0.06521933 
563 227 14 19 0.05481356 
644 229 13 17 0.05476684 
152 40 20 27 0.053223647 
567 281 28 34 0.050902177 
461 407 46 48 0.05018145 
639 288 16 18 0.046216752 
634 462 16 19 0.044338718 
510 351 10 13 0.04372887 
533 372 11 15 0.042170085 
487 372 10 13 0.04201429 
584 222 11 14 0.041583482 
463 393 15 19 0.041204482 
621 200 9 11 0.039551146 
114 74 16 20 0.03788038 
471 406 27 32 0.037735917 
532 366 9 13 0.037582032 
564 233 21 27 0.037440192 
369 90 15 20 0.036958896 
557 324 10 14 0.036499165 
511 365 19 25 0.035421163 
613 222 11 15 0.031782147 
580 235 13 16 0.03169198 
524 369 11 14 0.031168815 
164 540 11 12 0.031093877 
617 203 11 13 0.030292355 
622 220 9 12 0.029896893 
524 352 14 16 0.029583734 
569 227 15 18 0.027315408 
615 214 10 13 0.026729694 
460 395 23 30 0.02651287 
579 242 14 18 0.02603525 
130 48 21 29 0.025436964 
32 -23 413 437 0.025292026 
623 245 9 11 0.02510235 
622 239 9 11 0.024919447 
601 227 10 15 0.024845563 
862 251 15 16 0.024820799 
505 363 11 14 0.023256646 
671 231 8 12 0.023209732 
176 586 10 12 0.021748612 
599 220 11 15 0.021742735 
650 214 8 10 0.02128169 
559 272 9 13 0.021159407 
122 517 9 12 0.021087527 
516 360 20 24 0.020959444 
623 213 10 13 0.020894451 
614 235 10 12 0.020601107 
128 55 14 21 0.020447323 
571 238 22 28 0.020300826 
