25_Soldier_Patrol_Soldier_Patrol_25_679
79
86 180 29 35 0.99925977 
122 197 38 47 0.99918824 
598 151 82 104 0.99804354 
434 62 38 44 0.9967836 
201 173 45 51 0.9943198 
309 98 27 29 0.9935761 
308 128 39 49 0.9928081 
867 35 41 52 0.9898116 
492 149 32 39 0.9783573 
33 122 16 20 0.88843024 
56 166 20 27 0.28545815 
32 210 24 29 0.18920824 
21 167 22 29 0.17904443 
507 146 29 36 0.16173476 
52 141 13 16 0.14108889 
50 178 23 30 0.1346761 
67 165 14 17 0.10693504 
75 141 15 18 0.097531416 
27 154 21 27 0.08085647 
3 203 15 22 0.076277055 
36 150 14 19 0.0747032 
52 151 16 20 0.07112034 
277 130 21 35 0.06971313 
23 142 12 14 0.06953437 
36 205 16 19 0.0655438 
42 150 20 26 0.060419932 
135 149 12 14 0.058463894 
20 181 16 22 0.05620915 
92 154 14 17 0.0546436 
29 170 24 31 0.053314984 
998 181 11 14 0.049475316 
14 154 11 16 0.048900753 
23 162 16 20 0.046122503 
65 175 17 23 0.04575901 
159 159 13 16 0.04537484 
39 202 24 30 0.044337265 
21 147 13 17 0.040310968 
522 148 20 25 0.039189916 
997 55 10 12 0.03835682 
21 156 14 17 0.038116906 
42 129 13 18 0.03574111 
53 191 25 33 0.035092432 
348 384 11 15 0.034490332 
8 156 11 16 0.034045953 
84 148 12 15 0.033690345 
5 164 10 14 0.0326514 
49 201 17 22 0.0315514 
88 231 16 21 0.030490465 
1 166 9 13 0.030488307 
388 201 25 28 0.030214295 
29 148 15 19 0.029800475 
13 157 23 31 0.029785622 
23 121 15 19 0.029075917 
47 170 17 22 0.02876036 
455 283 30 31 0.028289553 
114 173 20 26 0.027545728 
56 147 14 17 0.026744869 
69 159 12 15 0.026724739 
3 171 11 17 0.02653327 
-13 92 420 482 0.02620796 
54 103 12 15 0.025775455 
58 156 14 17 0.025716307 
248 143 38 50 0.02560968 
94 140 11 13 0.02473936 
536 2 10 9 0.024518993 
85 143 10 13 0.024495065 
302 99 41 53 0.024251228 
6 148 12 16 0.02399505 
22 130 15 19 0.023818143 
28 219 24 34 0.02360878 
940 268 12 16 0.022846878 
47 184 17 20 0.022597836 
300 283 14 20 0.022512365 
46 192 16 19 0.02244233 
86 160 15 19 0.022380775 
317 329 18 21 0.021496128 
107 234 17 21 0.021335915 
11 146 22 28 0.020643206 
795 183 11 13 0.02061378 
