25_Soldier_Patrol_Soldier_Patrol_25_463
21
800 113 33 54 0.99440295 
351 175 41 61 0.9937744 
782 152 39 51 0.7887867 
173 170 48 63 0.20022705 
761 140 44 59 0.06214817 
172 318 10 12 0.05915535 
722 136 49 61 0.047308672 
165 236 23 28 0.04478042 
912 302 11 13 0.0397527 
788 122 32 44 0.035427492 
423 421 39 49 0.030158095 
871 459 9 10 0.029020993 
283 151 43 56 0.026447175 
178 144 33 39 0.025925921 
268 185 44 58 0.025403239 
329 188 38 42 0.024100399 
901 220 26 30 0.024060817 
498 262 32 38 0.022379726 
149 259 15 17 0.021167014 
254 154 37 50 0.020168185 
187 188 50 64 0.020014148 
