25_Soldier_Patrol_Soldier_Patrol_25_515
125
475 320 17 21 0.9898414 
786 308 18 25 0.9655682 
615 324 12 17 0.9646923 
835 313 17 26 0.9517231 
701 317 15 21 0.9436397 
394 312 14 19 0.93062705 
55 308 17 22 0.9247987 
858 302 17 25 0.92139405 
537 312 14 19 0.9157787 
720 300 20 28 0.90743375 
367 298 12 18 0.89563704 
577 324 15 20 0.88795185 
414 318 14 17 0.86185634 
669 313 15 21 0.86046416 
805 294 20 27 0.8141745 
564 338 13 17 0.7631481 
922 309 15 21 0.74989265 
885 324 20 27 0.7026819 
521 315 14 18 0.6759721 
372 319 13 19 0.66999406 
637 312 16 21 0.66600335 
460 316 12 17 0.35917234 
757 311 21 25 0.35064515 
440 332 11 17 0.31826463 
676 311 14 20 0.15788135 
941 396 13 17 0.14620396 
508 405 9 13 0.12493524 
912 312 15 20 0.11732522 
739 323 13 17 0.116891116 
629 331 13 16 0.11022125 
370 302 15 20 0.09846265 
931 398 14 16 0.09471019 
910 105 42 46 0.09218698 
654 299 13 16 0.088555925 
659 295 10 13 0.08350458 
683 320 14 20 0.08266026 
703 312 12 16 0.082491525 
644 301 13 14 0.08156629 
927 399 11 14 0.08105476 
850 307 20 26 0.07981363 
470 318 14 19 0.074470855 
456 332 8 13 0.07356405 
683 311 12 16 0.072998054 
876 306 13 19 0.071850374 
176 302 7 9 0.06811883 
461 330 10 14 0.06672015 
733 320 14 18 0.064068556 
192 245 10 14 0.05840678 
620 308 13 16 0.05798473 
628 347 13 16 0.057239257 
865 306 16 24 0.05589545 
628 323 13 17 0.054711577 
457 321 11 16 0.053664565 
552 291 11 14 0.050851677 
439 328 10 14 0.049438555 
683 346 14 19 0.046272967 
384 342 12 15 0.04455693 
629 339 12 16 0.043339655 
545 315 12 16 0.04316038 
397 334 10 12 0.043127224 
136 304 9 12 0.039269645 
381 366 9 13 0.03816819 
374 369 11 14 0.03785359 
728 381 13 19 0.03708674 
573 287 9 11 0.036621816 
663 333 12 17 0.036274593 
728 311 16 21 0.03613978 
897 329 16 21 0.03576603 
645 406 12 15 0.035471693 
398 371 10 12 0.035423078 
617 317 16 20 0.0352124 
707 305 20 26 0.034993462 
444 328 12 14 0.03441564 
943 390 14 16 0.034302667 
576 358 13 15 0.03404064 
569 337 14 18 0.033361405 
746 382 45 55 0.032847438 
380 300 11 15 0.032564707 
177 316 8 11 0.032503843 
204 303 18 20 0.032386802 
722 316 17 23 0.032150213 
591 286 10 13 0.03203585 
568 287 9 11 0.031496298 
747 317 22 26 0.0312253 
878 306 20 29 0.031118104 
643 310 20 27 0.030045746 
760 320 21 27 0.02968856 
572 292 10 12 0.029608672 
598 285 10 13 0.029550528 
904 396 8 11 0.029545892 
643 362 15 18 0.02893574 
375 313 17 25 0.028869784 
551 412 10 13 0.028615786 
882 414 8 10 0.028131224 
392 319 12 18 0.02726096 
373 389 9 10 0.026543751 
576 391 11 13 0.025649982 
399 312 18 24 0.025504274 
458 310 10 15 0.025361314 
454 387 8 11 0.025183946 
624 389 12 15 0.024813028 
505 400 11 13 0.024709122 
933 397 21 25 0.024589026 
668 344 14 18 0.024554199 
622 380 11 13 0.024536287 
677 325 15 19 0.024104789 
141 304 10 12 0.023727676 
932 341 14 18 0.023597574 
937 503 9 10 0.023043131 
616 303 10 12 0.023002507 
430 325 9 12 0.022717686 
635 329 13 17 0.022599595 
429 318 10 13 0.022502389 
147 326 16 18 0.022491382 
510 410 9 12 0.022392744 
558 400 9 11 0.02200635 
645 369 14 19 0.021843446 
640 407 11 13 0.021501463 
971 323 13 18 0.021458777 
180 303 9 11 0.021395518 
629 310 15 19 0.021381626 
453 338 10 15 0.021057654 
87 302 9 11 0.020920182 
798 296 16 24 0.020682717 
556 287 10 12 0.020474942 
