25_Soldier_Patrol_Soldier_Patrol_25_614
56
289 112 16 22 0.09915543 
571 250 384 454 0.071091816 
779 150 19 21 0.06464316 
347 186 421 456 0.062184855 
857 109 10 13 0.057212602 
105 219 13 15 0.054929715 
821 144 14 18 0.05267822 
300 112 13 20 0.051420834 
109 199 50 73 0.050124723 
369 279 46 51 0.049442362 
276 148 11 13 0.047759198 
293 217 24 26 0.045622192 
800 125 26 30 0.0453281 
325 220 27 31 0.043285288 
311 188 22 31 0.042000018 
339 399 47 49 0.04076425 
213 322 49 46 0.039158024 
317 217 24 30 0.038917895 
394 301 166 174 0.038769476 
378 286 28 31 0.03742698 
760 451 50 68 0.036709536 
560 381 213 281 0.03340736 
831 123 10 12 0.032965403 
428 256 242 245 0.032543648 
384 282 17 18 0.03177042 
824 104 9 10 0.03008642 
140 1 27 29 0.029528411 
252 76 25 39 0.028223589 
935 127 10 11 0.02697753 
221 247 11 12 0.026919428 
516 144 424 344 0.026853327 
778 133 26 30 0.026637834 
115 483 62 76 0.026204027 
278 70 27 35 0.025259322 
311 91 13 19 0.025083208 
981 406 43 78 0.024822842 
323 327 13 16 0.024531161 
267 227 17 19 0.024279904 
316 88 14 17 0.023980577 
262 65 29 39 0.023306899 
846 110 10 11 0.02312454 
641 372 30 32 0.022959534 
302 335 31 40 0.02288935 
261 96 14 18 0.022480644 
127 214 11 14 0.02239622 
325 92 9 12 0.022383384 
133 188 17 22 0.021937698 
841 110 10 11 0.021772549 
278 101 27 36 0.020889044 
231 224 26 31 0.020851381 
125 220 12 14 0.020784061 
191 238 14 17 0.020665493 
260 57 45 64 0.02054483 
290 90 14 16 0.02052856 
285 80 15 21 0.020316593 
819 181 32 34 0.020159265 
