25_Soldier_Patrol_Soldier_Patrol_25_912
19
332 273 32 37 0.99807596 
1000 22 14 20 0.20266052 
968 384 18 21 0.15135075 
290 324 37 46 0.07406225 
847 526 14 18 0.053938538 
963 377 40 54 0.04228889 
125 482 51 56 0.041041974 
856 464 24 33 0.035866164 
998 10 21 30 0.033888407 
958 91 53 89 0.031809624 
608 519 164 217 0.031167394 
1000 29 19 22 0.024387192 
639 272 44 55 0.022469616 
899 360 17 21 0.02241732 
843 351 18 21 0.022096705 
453 187 21 30 0.022080697 
364 345 30 38 0.021232383 
761 299 9 14 0.02102672 
166 -36 200 243 0.02007692 
