25_Soldier_Patrol_Soldier_Patrol_25_1026
55
204 219 47 57 0.94475937 
636 130 11 15 0.8963913 
577 231 24 31 0.66699445 
530 135 15 20 0.46104795 
580 141 10 14 0.21110521 
656 310 12 14 0.12566407 
606 126 9 11 0.116367474 
419 246 16 20 0.07342718 
545 330 12 17 0.06306392 
576 144 11 14 0.05814569 
604 119 10 13 0.0535099 
583 137 10 12 0.048832543 
517 149 12 17 0.048177533 
601 123 11 14 0.045678914 
607 132 9 12 0.044931874 
879 441 17 18 0.043597557 
30 214 8 10 0.042667978 
411 234 24 36 0.04262841 
531 361 12 12 0.041640095 
202 191 57 57 0.041102655 
525 142 17 24 0.03734988 
633 154 23 29 0.03729951 
0 180 25 41 0.036623385 
588 141 10 12 0.03628118 
345 215 10 12 0.035549205 
589 135 9 11 0.035083506 
606 341 9 13 0.033885796 
653 302 20 25 0.03353681 
584 255 46 57 0.030056335 
352 238 9 12 0.030038092 
667 299 11 15 0.029927298 
644 156 15 19 0.028834257 
600 142 9 11 0.027618082 
762 191 7 9 0.02645978 
25 213 9 12 0.02611458 
1 388 10 14 0.025984593 
640 189 11 13 0.025583146 
600 133 10 12 0.024132371 
377 217 15 16 0.023794822 
606 139 10 13 0.023145571 
590 150 8 11 0.022597468 
0 250 9 15 0.02251793 
3 397 12 14 0.022300716 
591 116 10 13 0.021976655 
766 192 7 8 0.021629935 
39 213 8 10 0.021564929 
917 82 103 137 0.02137705 
273 182 97 134 0.020948682 
4 403 13 15 0.020917453 
538 138 12 17 0.02090275 
349 220 8 11 0.020621147 
606 112 9 12 0.020204479 
669 307 11 15 0.020168018 
15 319 106 137 0.020142153 
506 292 9 12 0.020074591 
