25_Soldier_Patrol_Soldier_Patrol_25_169
32
280 99 94 120 0.9957371 
408 307 11 14 0.059421744 
435 255 16 19 0.05842632 
414 330 10 13 0.045788527 
229 109 101 123 0.04494202 
275 377 48 58 0.043339517 
212 130 67 83 0.042222686 
746 156 15 20 0.03838893 
166 245 26 34 0.03454222 
670 132 14 20 0.034350004 
421 241 11 14 0.032860503 
776 677 11 13 0.03235037 
424 319 10 11 0.031378437 
493 7 9 10 0.030067815 
489 6 8 10 0.02764741 
438 7 9 9 0.027489932 
460 128 26 29 0.026884839 
399 303 11 14 0.026612729 
793 329 15 18 0.026061691 
840 679 9 11 0.025249865 
439 48 8 11 0.025076395 
310 410 14 19 0.023237271 
130 425 235 275 0.023215495 
446 49 7 9 0.02257192 
856 683 11 14 0.022315608 
207 47 169 231 0.022224199 
353 145 16 25 0.022125285 
448 71 8 11 0.02146062 
267 490 26 29 0.02131646 
446 267 12 17 0.020797793 
502 37 9 12 0.020332796 
472 7 7 9 0.020331537 
