25_Soldier_Patrol_Soldier_Patrol_25_869
28
671 178 120 169 0.9987601 
316 241 33 36 0.99744797 
218 223 22 27 0.65956825 
33 214 25 30 0.25342515 
164 215 15 19 0.2514678 
744 185 103 157 0.17975838 
591 460 14 16 0.104945324 
394 327 16 21 0.073765434 
143 266 27 34 0.07303064 
28 214 19 23 0.07257345 
801 224 62 105 0.06292893 
622 486 13 18 0.060869157 
151 209 22 28 0.046048917 
39 222 27 33 0.042615168 
136 158 11 13 0.039761495 
534 548 9 13 0.037478376 
465 305 16 18 0.036707114 
166 245 15 18 0.031711783 
49 225 16 22 0.027003163 
19 293 16 18 0.02521617 
902 448 57 64 0.023379192 
976 320 27 33 0.022956116 
181 238 12 15 0.022888113 
128 198 16 23 0.022840438 
27 205 17 22 0.02161976 
562 464 22 30 0.020995602 
80 88 23 28 0.020952828 
3 254 12 16 0.020895964 
