25_Soldier_Patrol_Soldier_Patrol_25_173
67
275 110 109 141 0.9414493 
453 136 11 13 0.26782584 
517 141 11 13 0.24267595 
469 147 14 18 0.2357924 
558 159 12 16 0.19429792 
311 134 117 147 0.17801397 
580 185 21 35 0.1554322 
580 151 10 13 0.14040087 
476 147 13 17 0.11842064 
374 216 58 71 0.09573886 
520 207 12 13 0.09443618 
565 155 12 16 0.08786436 
484 148 12 15 0.08777725 
120 258 64 79 0.08649014 
430 117 11 14 0.08198389 
347 187 92 114 0.081233844 
597 157 12 16 0.079797365 
552 159 12 15 0.07953954 
573 150 15 19 0.071372434 
465 141 10 14 0.07009128 
579 184 39 57 0.06900288 
469 159 12 16 0.06277546 
521 209 17 20 0.062006094 
439 143 11 16 0.060084146 
447 139 11 15 0.05909903 
245 76 171 228 0.057356615 
223 107 104 124 0.053544372 
429 186 11 13 0.05307982 
592 156 11 15 0.05195309 
455 148 10 16 0.051895816 
513 143 15 20 0.04913981 
558 212 13 17 0.04217567 
258 147 38 49 0.04205534 
544 340 34 35 0.041920144 
533 153 11 14 0.039470933 
603 158 13 16 0.038283005 
295 303 35 36 0.03626268 
368 43 10 12 0.035923585 
526 149 11 16 0.033163596 
514 217 18 21 0.03228895 
494 208 12 15 0.031583555 
595 155 21 26 0.031436842 
606 196 14 20 0.03013049 
381 57 41 55 0.029584773 
555 207 28 34 0.029200856 
614 157 11 14 0.029152801 
465 152 14 19 0.027519735 
597 190 29 37 0.026960397 
394 238 35 43 0.02629542 
501 281 42 49 0.02619186 
609 157 46 57 0.026024418 
444 146 12 17 0.025169041 
598 153 10 12 0.024446812 
508 223 16 19 0.024308851 
426 114 20 25 0.02313892 
627 156 22 31 0.022855226 
492 152 13 17 0.02253806 
616 160 24 33 0.022458794 
566 199 30 39 0.022268748 
453 140 21 29 0.022169257 
542 155 12 15 0.022141017 
560 152 11 13 0.022101734 
637 161 13 17 0.02175862 
543 319 11 15 0.020580526 
611 169 17 22 0.020468123 
460 136 11 14 0.02045916 
398 47 12 14 0.020184759 
