25_Soldier_Patrol_Soldier_Patrol_25_325
109
96 207 53 59 0.9989196 
423 121 58 77 0.9987513 
764 277 31 36 0.99851614 
279 198 40 48 0.99801326 
822 298 28 33 0.9959121 
670 203 40 52 0.9944148 
852 306 26 31 0.976999 
534 200 41 46 0.9269804 
882 325 23 26 0.8765876 
302 302 32 41 0.68409234 
644 343 25 33 0.35221326 
648 412 23 29 0.3006132 
723 261 27 31 0.20810889 
896 330 23 26 0.17158915 
692 415 11 14 0.13876314 
741 429 22 30 0.106351815 
783 451 11 15 0.10321557 
468 397 18 23 0.10179034 
781 385 16 20 0.09938306 
749 303 15 19 0.097702965 
440 379 11 13 0.08574962 
788 459 12 17 0.08204603 
605 356 14 16 0.08146958 
762 452 15 21 0.080669455 
841 173 11 13 0.078419216 
839 301 23 30 0.07619525 
907 341 16 20 0.07273177 
855 356 14 17 0.06881908 
748 391 14 19 0.06848954 
145 512 42 58 0.0660317 
724 444 10 14 0.06257953 
856 433 11 16 0.06092032 
946 420 11 14 0.056424096 
242 317 26 28 0.053632252 
605 354 26 29 0.049622137 
742 422 12 17 0.049408134 
772 133 14 16 0.046862736 
932 376 10 12 0.04560134 
901 326 16 19 0.045369625 
401 379 11 13 0.04522226 
518 209 46 53 0.043988667 
916 426 11 15 0.043751985 
839 378 24 30 0.043565083 
798 446 11 15 0.04256065 
568 291 24 32 0.04144524 
725 381 23 30 0.039919328 
880 453 9 12 0.039793056 
774 450 13 17 0.039271004 
942 383 9 12 0.038652904 
348 240 40 56 0.03735975 
904 415 24 31 0.03713677 
569 273 42 54 0.03704489 
779 445 20 26 0.036285006 
431 378 13 15 0.035610218 
804 425 17 22 0.034347773 
771 123 14 16 0.034180507 
753 435 14 18 0.03252231 
944 427 11 14 0.031848975 
933 380 10 12 0.03170367 
735 461 10 14 0.031483382 
805 442 25 29 0.031183394 
642 360 26 29 0.030830905 
744 375 25 31 0.030154284 
887 435 10 14 0.030043423 
572 294 14 20 0.029941842 
893 451 9 12 0.029801467 
726 449 11 15 0.02911098 
783 468 12 16 0.028541455 
748 288 25 32 0.028460037 
810 459 15 18 0.028394802 
773 380 26 31 0.027322643 
557 349 28 39 0.027321463 
5 380 23 30 0.02730441 
723 384 16 21 0.027109025 
686 410 19 24 0.02696328 
912 365 10 13 0.02695807 
392 375 10 13 0.026803467 
611 338 38 45 0.02651148 
655 344 19 27 0.026474917 
461 394 17 23 0.026166722 
888 451 9 12 0.026166527 
647 182 7 9 0.025901487 
957 169 17 21 0.025837494 
707 299 25 31 0.025750985 
824 189 11 14 0.025453744 
799 411 13 17 0.025417088 
402 386 16 22 0.025216965 
173 499 14 16 0.024820805 
452 403 14 20 0.024673304 
790 446 22 26 0.024350917 
778 463 22 27 0.023964655 
789 446 13 17 0.023911366 
610 369 19 22 0.023416182 
466 390 17 21 0.023332555 
804 430 25 28 0.023205364 
59 436 10 15 0.022910904 
748 358 25 32 0.02186526 
886 430 9 12 0.021663042 
259 318 14 18 0.021429177 
591 273 26 32 0.021282773 
846 443 12 14 0.02122938 
739 469 11 13 0.02103686 
257 446 97 161 0.020791886 
601 278 16 20 0.020700974 
739 387 24 31 0.020656254 
299 311 20 27 0.020493561 
940 413 19 25 0.02041124 
83 396 12 15 0.020310447 
862 316 18 22 0.020294547 
