25_Soldier_Patrol_Soldier_Patrol_25_683
24
683 413 211 211 0.99938095 
673 608 56 58 0.42111564 
293 204 14 16 0.13253757 
121 149 368 453 0.06242488 
49 511 8 9 0.03703402 
21 429 9 10 0.02879278 
16 429 9 10 0.02812697 
51 360 35 36 0.027409699 
2 477 8 12 0.027389217 
372 164 405 498 0.023250954 
80 560 8 9 0.0231728 
16 424 8 10 0.022981051 
125 656 9 10 0.022667393 
5 479 9 11 0.022532253 
296 208 16 17 0.0221738 
16 661 9 11 0.022004964 
38 557 10 10 0.021612141 
48 527 8 10 0.021491965 
9 630 8 11 0.021161351 
57 544 8 9 0.020821255 
8 635 10 13 0.020629266 
56 565 8 9 0.020555515 
193 663 8 9 0.020079952 
62 544 9 10 0.020079555 
