25_Soldier_Patrol_Soldier_Patrol_25_936
19
470 212 480 527 0.9938245 
209 105 55 64 0.98709303 
219 300 343 483 0.8045896 
228 485 68 81 0.37001297 
360 317 401 505 0.30551457 
144 370 210 335 0.24001023 
202 475 112 141 0.19766983 
40 209 381 498 0.10799041 
633 19 324 477 0.07755824 
108 146 22 26 0.07507303 
272 448 135 165 0.037908975 
105 154 19 23 0.037677765 
222 495 32 49 0.033724703 
120 146 18 21 0.033268467 
236 454 114 130 0.028348092 
18 344 61 90 0.026894813 
464 361 117 174 0.022805167 
695 268 310 374 0.022181615 
70 217 92 117 0.020554913 
