25_Soldier_Patrol_Soldier_Patrol_25_882
19
801 499 133 109 0.85328126 
802 521 38 40 0.087722994 
215 209 15 20 0.074086405 
730 514 15 20 0.05570574 
-21 2 154 238 0.05173539 
522 483 93 109 0.035133813 
404 527 68 61 0.033323042 
679 464 27 29 0.029336268 
407 499 97 109 0.027055938 
726 146 12 16 0.02678198 
795 520 83 71 0.025598504 
903 518 8 12 0.024435954 
812 510 14 14 0.022355568 
776 517 23 34 0.021535525 
829 486 13 16 0.021183675 
855 516 72 69 0.021040352 
899 531 31 37 0.020872956 
795 514 29 35 0.020636978 
786 385 206 257 0.020123398 
