25_Soldier_Patrol_Soldier_Patrol_25_436
86
522 51 25 29 0.43914512 
361 115 48 57 0.41693646 
650 186 25 29 0.15495746 
855 156 39 47 0.123144776 
688 149 27 36 0.110182844 
252 238 14 19 0.1064221 
515 29 15 18 0.09724676 
446 372 53 63 0.09167071 
505 39 45 50 0.080377765 
362 81 47 61 0.078871354 
246 212 15 18 0.07493366 
251 226 14 18 0.07422102 
260 215 15 20 0.070835374 
357 124 34 35 0.06886952 
246 233 15 20 0.06806804 
292 144 16 20 0.06564436 
253 214 16 21 0.06026025 
553 213 61 65 0.059633397 
615 167 27 32 0.055770263 
939 50 65 92 0.055155385 
161 37 11 14 0.05400303 
529 16 30 32 0.05186486 
432 393 70 70 0.050452914 
232 229 9 12 0.05045264 
64 71 39 48 0.050376594 
356 190 41 40 0.049961172 
237 217 12 16 0.04747139 
289 147 24 32 0.043906603 
243 221 23 30 0.04134554 
233 220 10 13 0.037824947 
129 241 22 32 0.037438214 
848 110 33 40 0.036215797 
970 309 51 93 0.0356796 
636 170 44 48 0.034777723 
353 105 88 93 0.03405053 
261 241 12 16 0.033658285 
414 399 122 128 0.0335743 
357 166 57 56 0.03343963 
286 248 15 19 0.033028238 
518 22 26 30 0.03276859 
268 212 14 20 0.032096144 
231 238 10 12 0.031381182 
199 156 13 16 0.031094426 
236 211 21 27 0.030797971 
223 238 9 11 0.030711226 
891 74 16 21 0.03043675 
290 160 25 32 0.029923772 
312 177 14 19 0.0296888 
496 158 31 34 0.029163463 
140 61 14 17 0.02872418 
827 173 36 47 0.027904077 
348 170 36 40 0.027836667 
570 197 55 64 0.027787492 
538 18 18 20 0.026132904 
741 24 31 37 0.025546096 
509 29 24 31 0.025498006 
383 116 36 45 0.025312008 
638 -1 50 37 0.024296561 
150 47 10 12 0.024236185 
104 14 9 13 0.02380183 
535 58 16 18 0.023701059 
187 266 13 16 0.02337532 
838 149 13 17 0.023348296 
214 226 14 17 0.023318162 
194 124 14 16 0.023073265 
378 75 33 43 0.022949725 
903 64 34 37 0.022882512 
308 133 12 15 0.022766989 
1 363 155 121 0.022325894 
239 235 12 16 0.022266038 
118 26 11 12 0.022172673 
694 144 16 22 0.02188292 
496 12 96 107 0.021618318 
265 141 10 13 0.02142999 
870 75 29 31 0.021373786 
308 167 23 33 0.021234734 
841 162 38 49 0.021234615 
600 -37 208 204 0.020922203 
115 10 17 19 0.020810047 
430 371 37 43 0.02079137 
104 47 9 9 0.020775286 
497 143 31 32 0.020724794 
84 28 11 14 0.020551126 
160 70 10 13 0.020493956 
199 141 9 11 0.020447278 
94 4 11 13 0.020306325 
