25_Soldier_Patrol_Soldier_Patrol_25_174
132
110 32 29 37 0.9978599 
637 200 37 48 0.9911856 
394 162 34 38 0.97252876 
293 92 22 28 0.96192575 
371 82 24 28 0.93117136 
203 161 23 27 0.91948724 
341 139 24 33 0.4543007 
253 128 11 14 0.39489907 
338 104 15 18 0.36532018 
301 226 25 31 0.26316908 
146 180 24 27 0.15433902 
284 158 22 26 0.13495754 
247 101 11 13 0.13360918 
613 204 34 39 0.10364516 
552 267 12 16 0.10245152 
270 119 16 20 0.09471856 
165 130 11 15 0.08908042 
58 156 31 36 0.0884267 
250 131 17 22 0.0857538 
251 160 15 17 0.0856158 
345 104 16 19 0.08146854 
223 140 14 18 0.08068074 
164 161 13 16 0.07753893 
271 159 11 15 0.054769065 
688 249 24 29 0.053513426 
220 110 11 12 0.052533988 
238 158 11 16 0.05169557 
215 161 19 24 0.049878698 
533 156 13 16 0.04889253 
307 182 16 21 0.048678823 
357 176 15 20 0.048519906 
102 152 25 27 0.048424497 
227 135 12 15 0.045983076 
553 295 27 34 0.045839038 
318 92 10 14 0.045667715 
262 197 24 30 0.044201016 
251 171 15 17 0.043131024 
3 272 13 15 0.04130706 
603 237 12 16 0.04117971 
613 328 27 29 0.039980046 
186 153 14 18 0.039739586 
317 150 13 18 0.03929391 
259 156 13 17 0.037622306 
255 85 10 12 0.03707552 
576 248 23 29 0.036987927 
296 177 43 48 0.036724217 
421 65 13 16 0.03599191 
253 120 19 25 0.035934404 
550 261 22 26 0.035689466 
324 159 15 21 0.035095338 
997 230 8 11 0.03478952 
237 118 9 12 0.03367221 
246 144 24 29 0.033238664 
341 256 18 19 0.032972213 
275 92 13 17 0.032953937 
174 146 14 18 0.032557994 
556 255 11 13 0.030944426 
356 89 13 18 0.030934628 
565 244 10 13 0.030397555 
317 157 16 20 0.030084232 
216 146 23 30 0.030008914 
226 95 9 11 0.029892804 
641 376 30 34 0.02953957 
176 129 24 29 0.029286262 
190 157 22 27 0.029082313 
101 65 440 510 0.028798455 
321 209 14 18 0.028625747 
154 174 15 17 0.02854541 
277 158 13 16 0.028343515 
60 162 16 19 0.02818087 
294 58 13 15 0.028142167 
243 167 23 29 0.0280388 
307 211 27 33 0.027917625 
564 250 13 18 0.027844254 
206 109 9 13 0.027808977 
401 178 22 24 0.027807152 
275 154 23 27 0.027295433 
206 86 10 12 0.026562804 
245 191 16 23 0.026435122 
508 207 11 13 0.02641029 
253 288 40 50 0.026277114 
235 156 23 29 0.026247801 
217 115 11 13 0.02622849 
170 154 16 18 0.025994167 
282 169 24 30 0.025809899 
502 175 9 13 0.025805473 
356 165 23 34 0.025759902 
435 233 19 21 0.025619501 
252 191 23 30 0.02551269 
339 94 16 20 0.025217067 
886 48 8 10 0.025130209 
373 99 18 22 0.025099374 
208 92 9 11 0.024792211 
600 232 21 27 0.02437663 
244 179 17 22 0.024027817 
172 106 16 22 0.023762103 
560 248 24 31 0.0235811 
613 220 28 36 0.023398343 
262 85 10 13 0.023358164 
999 1 11 10 0.023066096 
177 154 24 28 0.02290691 
180 147 16 20 0.022820318 
238 110 10 12 0.022802336 
72 210 12 16 0.022772796 
438 299 24 29 0.022666195 
248 80 9 12 0.02261304 
604 220 24 30 0.022609739 
663 370 12 15 0.022424301 
545 268 11 16 0.022288878 
342 215 14 19 0.022093633 
565 239 9 11 0.021982228 
348 91 16 19 0.021822799 
579 243 16 19 0.021779526 
772 77 11 15 0.021603638 
263 117 11 14 0.02154207 
334 72 11 14 0.02153767 
47 188 12 17 0.021312134 
618 214 20 23 0.021285763 
159 157 13 17 0.021236766 
846 77 10 12 0.021165222 
180 179 15 17 0.02092521 
292 183 26 33 0.02090398 
531 150 21 27 0.020857794 
385 87 15 20 0.020777581 
190 94 9 10 0.020708626 
272 98 13 16 0.02064437 
229 110 10 12 0.020588208 
223 102 10 12 0.020565704 
163 184 15 18 0.020413622 
39 167 37 49 0.020379147 
161 123 20 26 0.0202556 
253 93 11 14 0.020157095 
