25_Soldier_Patrol_Soldier_Patrol_25_585
52
555 132 98 133 0.99930763 
375 658 59 93 0.37585312 
659 355 91 109 0.28408325 
487 570 193 233 0.23846726 
565 968 18 21 0.17762588 
659 1322 14 18 0.15164919 
570 977 15 18 0.09164035 
310 52 227 329 0.08350582 
674 1165 14 17 0.0711424 
535 1207 12 15 0.07085306 
528 1007 18 21 0.0644648 
-12 594 100 202 0.0504253 
557 1170 15 18 0.049823385 
621 1176 23 27 0.04699676 
566 985 14 17 0.045622744 
162 734 193 221 0.0445447 
545 1248 16 19 0.03877143 
693 1094 10 14 0.03779563 
534 614 119 148 0.035964865 
502 1163 92 111 0.03567911 
436 377 48 61 0.03531273 
644 1093 12 12 0.035073273 
666 1323 12 17 0.032141738 
19 437 184 291 0.031711582 
683 1170 12 16 0.031693373 
471 222 396 414 0.031445086 
589 1032 13 17 0.031262785 
531 1084 15 17 0.030404346 
131 790 149 173 0.02879009 
538 1212 26 29 0.027536528 
363 640 96 149 0.026600892 
768 232 57 51 0.026182242 
534 1050 25 28 0.026134603 
589 1017 16 24 0.024612194 
545 977 15 18 0.024609046 
694 1228 12 15 0.024490507 
521 1191 54 62 0.024385795 
613 287 186 236 0.023917055 
526 466 27 35 0.023392051 
569 840 44 46 0.023113616 
542 1217 15 18 0.023013482 
662 349 59 66 0.022828056 
643 1098 16 17 0.022766208 
674 418 17 21 0.022395855 
646 1034 14 18 0.022333166 
554 1107 16 21 0.02160063 
620 1247 18 21 0.021113219 
614 918 10 11 0.020900035 
545 1230 18 20 0.02084943 
597 1057 16 21 0.020835286 
505 956 11 14 0.020545889 
636 1207 14 19 0.020381918 
