25_Soldier_Patrol_Soldier_Patrol_25_728
30
605 92 120 153 0.9995559 
164 281 14 19 0.102206744 
144 237 11 13 0.04292996 
102 271 506 506 0.03689993 
815 398 45 45 0.036374148 
165 227 11 13 0.03290948 
997 334 10 12 0.032548863 
101 495 15 18 0.032176085 
147 231 11 14 0.03190347 
1001 335 24 33 0.03013509 
269 499 12 14 0.029995322 
260 477 14 17 0.02963248 
311 383 16 22 0.029090045 
167 235 14 17 0.028711233 
431 346 14 15 0.028497329 
481 328 7 9 0.02782226 
197 510 10 12 0.027629476 
779 383 26 29 0.026568472 
278 492 12 15 0.025567038 
334 288 13 17 0.023958394 
318 360 14 18 0.023856837 
160 271 24 32 0.023828316 
518 271 11 12 0.023514569 
161 222 11 14 0.022868836 
282 485 14 16 0.022334201 
354 475 13 16 0.021333706 
159 277 15 19 0.021333398 
673 382 45 53 0.021095866 
256 526 10 12 0.020199444 
384 448 35 40 0.020004414 
