25_Soldier_Patrol_Soldier_Patrol_25_59
133
463 90 72 87 0.9939254 
21 52 33 43 0.8506256 
255 520 102 128 0.46164125 
87 80 24 29 0.41924182 
429 210 50 52 0.23284788 
473 29 57 60 0.20024504 
566 634 52 64 0.16546339 
69 44 22 27 0.14123638 
700 95 15 19 0.13885103 
569 173 41 50 0.13436605 
583 452 50 62 0.12822866 
157 506 73 114 0.11520979 
132 74 25 34 0.10523112 
117 507 89 97 0.103119075 
381 239 51 57 0.09635765 
156 43 13 16 0.089492485 
679 152 22 28 0.08894421 
167 78 14 19 0.084686115 
246 44 14 17 0.07609288 
459 566 27 28 0.07600755 
195 124 11 15 0.07247421 
926 147 15 17 0.06619795 
281 108 17 22 0.063674726 
661 668 16 21 0.0634688 
741 170 16 20 0.060907412 
776 136 22 30 0.058076635 
403 221 56 59 0.057900038 
331 49 15 20 0.056867953 
185 528 97 110 0.056545895 
347 348 49 61 0.056440517 
679 138 22 29 0.054788582 
692 114 14 17 0.05433079 
93 522 74 63 0.053811394 
12 106 26 30 0.052405905 
346 151 28 39 0.051751647 
950 87 12 15 0.0512432 
680 192 17 21 0.050338767 
652 142 15 20 0.049885936 
685 130 16 21 0.046513192 
883 459 12 16 0.046317928 
940 470 78 114 0.045598727 
919 128 16 19 0.04373928 
200 59 10 13 0.043588273 
521 164 48 57 0.043305177 
87 466 177 179 0.042465348 
904 638 43 55 0.041753944 
910 647 27 34 0.04147111 
810 53 13 17 0.04126065 
957 120 14 19 0.04010716 
611 450 55 62 0.0399289 
827 427 25 31 0.039001174 
691 128 13 17 0.03878315 
42 363 16 18 0.03802269 
963 40 13 16 0.037563186 
593 129 27 40 0.037054315 
982 175 21 26 0.036981195 
710 122 15 20 0.036589675 
966 68 12 15 0.03646559 
751 144 15 19 0.03633784 
436 562 15 20 0.03588798 
1013 476 11 18 0.034971256 
868 53 12 15 0.033970453 
371 567 14 18 0.033694282 
669 654 13 17 0.032554813 
384 660 29 34 0.032241765 
886 51 12 13 0.032030832 
909 106 12 15 0.031724926 
904 651 11 16 0.030714205 
246 62 11 14 0.030179802 
370 648 47 55 0.030120488 
920 24 16 18 0.029265607 
867 61 13 15 0.029151695 
477 37 36 38 0.028554546 
540 254 51 66 0.028444242 
606 602 17 21 0.028288493 
829 359 17 19 0.02811028 
406 472 51 65 0.02787777 
967 81 13 16 0.027809065 
586 186 34 42 0.027331812 
964 9 14 18 0.026998315 
735 185 21 27 0.026609555 
664 655 22 31 0.026554896 
861 98 28 36 0.026169004 
1013 109 11 18 0.025927508 
838 142 16 21 0.025910055 
725 88 12 14 0.025763491 
412 120 43 60 0.025404288 
939 128 14 18 0.025355669 
681 166 17 21 0.025237292 
532 559 14 18 0.02503959 
180 116 14 18 0.02455355 
260 125 13 15 0.024213016 
167 507 210 245 0.02413666 
35 61 29 35 0.023958545 
767 212 24 33 0.023945767 
26 123 15 18 0.023760246 
961 516 52 86 0.02370827 
631 153 13 16 0.023578215 
733 76 12 15 0.023540286 
937 559 25 34 0.023501366 
987 566 32 41 0.023438664 
228 62 10 10 0.023395931 
326 532 54 77 0.023386141 
662 439 83 113 0.02322972 
219 95 17 23 0.023205418 
378 11 13 15 0.02313307 
142 91 26 34 0.022956084 
925 84 14 16 0.022687552 
22 476 12 15 0.022604102 
254 125 12 15 0.022537082 
1014 121 11 17 0.022527467 
688 142 16 21 0.022525499 
900 93 11 14 0.022397587 
963 115 12 17 0.02239313 
4 101 39 51 0.02212968 
447 199 49 52 0.022104232 
955 84 12 18 0.021970985 
898 122 15 17 0.021948174 
909 115 13 16 0.021772223 
173 444 12 15 0.021423012 
921 88 23 27 0.021358749 
251 61 12 14 0.02135557 
667 117 16 20 0.02119672 
726 113 14 17 0.021088287 
330 44 12 15 0.020983104 
173 70 21 27 0.020973653 
174 72 12 14 0.02095303 
699 128 14 19 0.020877609 
443 112 53 66 0.020696638 
982 39 22 27 0.020402366 
878 69 12 15 0.020373074 
8 59 28 36 0.020371305 
393 426 37 42 0.020319479 
