25_Soldier_Patrol_Soldier_Patrol_25_513
34
509 264 196 248 0.99983346 
127 109 173 224 0.9950655 
972 884 50 66 0.20986529 
345 8 24 29 0.14037302 
107 925 27 32 0.06457585 
372 0 17 18 0.06373481 
32 1006 39 43 0.061979458 
60 1275 107 116 0.055988546 
954 174 17 21 0.05525686 
146 933 26 33 0.043958433 
48 680 369 493 0.041633718 
2 651 27 38 0.04097766 
918 944 93 102 0.03835733 
957 14 27 32 0.034728054 
358 137 15 19 0.03412668 
397 0 19 19 0.033224054 
956 909 62 77 0.028635753 
211 560 425 543 0.028301753 
694 1256 9 12 0.025705926 
109 919 39 53 0.02361444 
110 977 34 41 0.022704383 
107 908 15 18 0.022331359 
711 1254 9 11 0.022167347 
702 1285 9 11 0.022085816 
648 1229 10 11 0.022027595 
830 536 26 34 0.021471456 
131 923 37 50 0.020913556 
41 1085 36 46 0.020904861 
195 988 16 22 0.020588335 
15 55 94 125 0.020428669 
702 1278 10 13 0.02039325 
473 354 33 46 0.020337796 
704 1254 9 11 0.02013831 
872 906 60 65 0.020124143 
