25_Soldier_Patrol_Soldier_Patrol_25_440
44
559 70 61 75 0.9942496 
38 187 52 55 0.9491259 
325 608 32 33 0.5923668 
335 598 29 36 0.23078026 
462 483 11 13 0.07803397 
871 84 9 11 0.0652162 
269 357 10 12 0.060702458 
310 613 55 48 0.053318735 
873 403 55 58 0.052572593 
390 219 10 12 0.050963927 
31 540 26 31 0.048463114 
458 507 18 20 0.04570766 
680 604 42 47 0.042673193 
24 152 79 95 0.04082263 
386 221 8 10 0.035323747 
322 619 24 24 0.03473242 
274 645 26 29 0.033736877 
435 546 13 15 0.03342356 
768 651 14 15 0.032083187 
878 86 7 10 0.030176384 
341 589 44 50 0.028541092 
890 77 10 12 0.028009351 
678 607 26 33 0.026716808 
401 230 9 11 0.025417648 
357 548 11 13 0.024941467 
362 558 25 29 0.024883464 
895 167 8 10 0.024471378 
152 284 30 35 0.024279892 
358 514 10 12 0.02395986 
431 231 10 11 0.023264458 
148 297 28 34 0.023191048 
345 223 7 9 0.023165062 
452 532 13 17 0.022784278 
362 223 7 9 0.022609813 
358 555 12 15 0.022529386 
293 597 12 17 0.02248327 
150 395 108 128 0.022303315 
283 690 30 31 0.022023149 
260 582 30 31 0.021424081 
284 607 15 20 0.021385448 
280 592 24 31 0.021370016 
373 558 13 15 0.021070192 
352 527 8 10 0.020699529 
666 161 160 229 0.020469462 
