50_Celebration_Or_Party_houseparty_50_432
271
627 827 32 38 0.99945563 
565 827 32 39 0.9993247 
336 286 29 40 0.99896824 
721 840 35 46 0.99876297 
717 38 56 78 0.9985569 
401 601 25 33 0.99807847 
512 842 35 43 0.9978259 
312 59 26 38 0.9970837 
629 75 37 48 0.9967348 
694 272 23 31 0.99504685 
471 318 23 34 0.9946437 
312 613 26 32 0.9946103 
617 280 21 27 0.9932661 
252 614 24 33 0.98905957 
416 64 25 34 0.98826575 
539 289 22 32 0.9755333 
148 565 14 17 0.97396797 
569 88 20 31 0.97036284 
393 319 17 23 0.9669116 
373 55 21 28 0.9537266 
887 351 10 12 0.94910496 
497 71 38 55 0.9345448 
478 598 25 34 0.8974624 
443 73 23 30 0.8188769 
253 319 18 25 0.8063887 
349 73 21 29 0.76994854 
142 850 13 17 0.6180113 
118 572 12 13 0.45635018 
835 325 14 20 0.45014927 
493 62 13 17 0.4419005 
198 560 15 18 0.40499687 
396 862 11 15 0.38091323 
474 587 24 29 0.3321234 
407 863 12 14 0.31851006 
293 870 15 21 0.31548098 
299 842 12 17 0.2949386 
433 69 24 34 0.28158757 
186 563 16 18 0.27172783 
456 846 26 32 0.26620886 
820 308 11 13 0.24112983 
160 96 7 11 0.24010165 
985 321 11 14 0.23988788 
106 99 8 10 0.2397819 
144 603 9 12 0.20219797 
624 599 8 10 0.19774292 
346 867 9 13 0.19352213 
181 97 8 10 0.16680166 
955 392 15 17 0.14451987 
295 838 12 16 0.13689736 
1 570 11 17 0.11255337 
11 821 15 18 0.1085522 
128 101 8 10 0.106470615 
319 43 24 38 0.105994314 
101 117 9 11 0.09990828 
323 57 23 36 0.09771973 
653 608 7 9 0.09545467 
340 65 23 33 0.09246881 
492 59 22 32 0.08877307 
455 78 28 30 0.08794595 
468 593 16 19 0.07826342 
980 353 12 15 0.0761067 
219 833 14 18 0.07500912 
269 861 12 17 0.07261405 
980 343 10 12 0.067965806 
178 563 9 14 0.06751528 
387 629 14 18 0.06683256 
86 112 7 9 0.06572762 
437 860 10 12 0.065063134 
477 62 13 18 0.06406269 
825 321 22 27 0.063668765 
260 859 16 24 0.06291571 
485 61 17 24 0.061990876 
147 599 9 12 0.05973211 
493 601 24 35 0.059533227 
470 76 39 51 0.059249364 
740 597 9 12 0.05858506 
183 559 11 16 0.058114313 
671 607 8 10 0.05808539 
446 852 23 29 0.05662048 
731 667 18 22 0.05616904 
431 856 10 12 0.05569209 
366 861 12 16 0.0528402 
827 310 12 14 0.05248911 
829 317 16 19 0.051037844 
739 605 8 11 0.05092291 
474 82 16 20 0.05066184 
243 298 13 17 0.049292408 
116 374 12 13 0.0489877 
339 59 17 23 0.048912995 
22 801 13 19 0.04855719 
354 68 15 23 0.046877023 
481 320 25 30 0.046298545 
652 612 9 11 0.045984384 
976 347 13 16 0.045644775 
722 684 14 18 0.044124097 
812 895 14 17 0.043915335 
328 870 10 12 0.04339659 
422 693 11 14 0.04320256 
220 618 15 20 0.04304814 
135 597 9 12 0.04256265 
103 113 8 10 0.04236393 
328 920 10 11 0.041720957 
277 847 14 20 0.04157222 
526 295 24 29 0.041152325 
87 374 11 11 0.041088738 
375 859 10 14 0.040894173 
51 874 15 23 0.040671065 
446 860 12 15 0.040447567 
1009 115 10 15 0.040300526 
166 580 10 12 0.040132098 
135 566 10 13 0.03983974 
525 457 234 269 0.03953838 
381 884 12 14 0.039391283 
375 869 11 14 0.039150424 
179 100 8 10 0.039002977 
310 854 11 15 0.038498253 
624 594 8 10 0.03811555 
951 375 9 11 0.03793659 
343 885 13 17 0.03785712 
768 620 132 181 0.037827943 
530 325 15 18 0.037801426 
28 803 12 19 0.037070632 
95 84 8 11 0.036713608 
36 102 9 13 0.0366328 
298 837 20 28 0.036403216 
114 579 10 14 0.035656687 
216 870 12 16 0.035365265 
982 133 10 13 0.035276834 
666 592 7 9 0.03524013 
380 876 11 13 0.03439492 
261 880 14 19 0.034099296 
275 863 13 20 0.03383869 
332 41 14 21 0.033584606 
165 571 11 14 0.033563927 
821 312 14 18 0.03331022 
230 51 15 20 0.03329007 
123 568 11 13 0.033261687 
349 88 23 31 0.033033192 
819 304 10 12 0.03258018 
133 591 9 12 0.032462817 
381 869 12 15 0.031947043 
719 603 11 14 0.031923443 
642 623 8 10 0.03167614 
927 113 9 11 0.03161883 
11 791 22 29 0.031609286 
359 862 12 14 0.03132345 
143 917 64 58 0.03129093 
697 609 8 9 0.031218627 
183 87 7 10 0.031202061 
18 825 13 16 0.031136593 
449 372 10 14 0.031073177 
173 588 13 17 0.031042254 
54 86 10 11 0.0310155 
207 374 11 12 0.030799797 
239 305 11 15 0.030783772 
830 398 43 59 0.030522006 
709 693 12 15 0.03034762 
154 570 13 15 0.029944433 
182 551 10 13 0.029914673 
389 860 20 23 0.029865576 
946 113 7 9 0.0295231 
284 841 21 27 0.029183358 
970 371 10 14 0.02888314 
94 918 27 30 0.02881773 
615 599 8 10 0.028736562 
574 311 9 12 0.028623667 
606 351 9 11 0.028611802 
401 860 19 22 0.028384855 
830 103 8 11 0.028274627 
171 916 25 30 0.028212711 
294 845 14 20 0.028054966 
609 593 8 10 0.02805036 
153 118 7 10 0.028025627 
151 928 31 37 0.02781421 
610 598 8 10 0.02752295 
165 593 14 18 0.027434152 
934 113 8 11 0.027420236 
114 568 19 22 0.027388362 
268 839 24 31 0.02725841 
39 829 11 13 0.02711901 
203 95 14 17 0.027003938 
332 876 10 14 0.026960222 
976 335 10 12 0.026914878 
6 806 24 31 0.026885604 
166 94 8 10 0.026791558 
294 832 12 16 0.026782565 
972 119 11 13 0.026755353 
950 111 8 10 0.026722115 
-1 564 18 30 0.026707022 
96 113 8 10 0.026685406 
168 89 8 10 0.026547179 
616 593 6 8 0.02650438 
213 319 10 12 0.026002606 
418 571 17 21 0.02581359 
669 612 10 12 0.025721084 
434 577 18 23 0.025437957 
314 859 12 16 0.025307598 
478 583 15 19 0.025161656 
304 852 21 28 0.024991982 
182 376 9 10 0.024941437 
383 681 13 19 0.024891298 
969 117 10 11 0.024855208 
545 97 25 32 0.024728978 
683 724 25 34 0.024664786 
601 376 11 14 0.02465579 
233 327 8 11 0.02439921 
332 916 10 12 0.024396963 
717 689 14 17 0.024396814 
183 80 8 10 0.024368033 
157 931 18 19 0.024206592 
1012 39 10 14 0.02408988 
600 340 10 12 0.024079239 
235 891 13 16 0.024069877 
464 66 24 28 0.024000147 
160 920 25 31 0.023989117 
209 323 11 13 0.0239652 
599 356 9 12 0.023866214 
742 615 8 10 0.023823872 
333 871 9 12 0.023755323 
292 323 26 33 0.023703974 
125 578 10 13 0.023585387 
430 854 23 27 0.023532072 
375 665 11 14 0.023210315 
275 874 13 17 0.023205763 
1013 121 10 15 0.023190076 
937 391 11 15 0.023085242 
66 374 9 11 0.022934856 
333 910 10 13 0.022851551 
136 118 9 11 0.022783624 
576 92 22 31 0.02267008 
446 349 10 15 0.022660539 
85 95 9 11 0.022584613 
176 79 7 9 0.022456424 
136 854 15 20 0.022365464 
790 292 10 14 0.022278482 
343 872 13 16 0.022150638 
273 868 20 28 0.022131637 
640 616 8 11 0.021998817 
142 318 11 12 0.02190468 
664 597 7 10 0.021869462 
555 95 26 31 0.021841235 
289 854 23 30 0.021810908 
969 342 10 15 0.021779647 
33 373 10 12 0.02168728 
608 369 9 11 0.021624139 
741 591 10 13 0.021519272 
268 873 14 20 0.02150944 
921 112 9 11 0.021476509 
198 364 10 12 0.021472255 
188 577 14 16 0.02145013 
229 54 22 31 0.021435082 
384 52 17 22 0.021377396 
744 623 9 11 0.021348147 
404 417 11 14 0.02106031 
996 346 14 17 0.021040363 
120 95 8 10 0.021013822 
171 54 15 18 0.020999523 
214 297 14 18 0.020840205 
434 917 9 11 0.020821905 
462 596 23 29 0.020818241 
382 860 12 15 0.020770459 
176 87 7 10 0.02064682 
81 374 9 12 0.02064058 
726 673 15 18 0.020585403 
983 332 9 12 0.020565653 
727 615 8 11 0.020485481 
271 888 12 16 0.02042168 
427 572 18 21 0.020360824 
270 853 14 18 0.020337444 
505 127 22 28 0.020263787 
757 596 10 12 0.020215662 
