50_Celebration_Or_Party_houseparty_50_303
28
485 305 128 177 0.9991271 
722 1509 76 102 0.9934983 
231 1507 75 102 0.992997 
157 448 374 491 0.37225732 
683 470 103 142 0.18875167 
887 1609 73 54 0.12096714 
902 1621 77 63 0.054816402 
703 519 65 84 0.04897252 
70 1480 411 498 0.04608909 
240 1164 41 48 0.045858074 
850 1615 31 31 0.040630084 
915 1595 58 48 0.039890192 
193 381 112 129 0.033415236 
916 985 110 231 0.033384345 
706 453 60 90 0.032494523 
244 457 64 57 0.03094473 
270 279 35 48 0.03087629 
527 1069 30 29 0.028548544 
891 1639 69 65 0.027734954 
734 528 59 78 0.027275376 
684 475 208 255 0.025954599 
166 662 445 498 0.02428605 
228 1958 19 25 0.024005394 
417 1582 27 35 0.02331327 
906 1878 56 66 0.022676157 
228 351 395 428 0.022346748 
198 444 135 102 0.02162996 
343 1960 16 19 0.020669492 
