50_Celebration_Or_Party_houseparty_50_323
19
676 170 78 96 0.9981177 
550 154 75 95 0.9975926 
618 493 68 64 0.24001741 
892 -2 114 201 0.2171151 
601 462 61 58 0.077936955 
403 293 131 128 0.0526419 
1006 141 14 25 0.051549274 
134 330 400 421 0.049863927 
843 456 182 293 0.048338957 
476 304 78 83 0.04266516 
349 294 127 120 0.040080618 
634 476 60 58 0.035050187 
324 324 248 247 0.023920126 
1004 119 20 38 0.023223687 
594 359 333 431 0.02313058 
276 304 416 370 0.022604756 
1008 120 13 21 0.02199609 
1007 130 13 22 0.021332312 
578 478 70 63 0.020777337 
