50_Celebration_Or_Party_houseparty_50_752
32
421 35 115 160 0.9998512 
716 197 87 82 0.9851031 
733 56 67 74 0.98406386 
592 109 56 63 0.366907 
556 2 68 56 0.3451353 
866 301 140 200 0.10133817 
704 20 92 99 0.07505034 
313 20 24 29 0.07119695 
901 459 78 64 0.06971699 
745 20 100 117 0.051175524 
528 -2 75 88 0.050801154 
672 5 85 105 0.048479855 
458 432 124 212 0.04429805 
476 8 102 134 0.042393412 
886 435 122 103 0.04032736 
650 240 62 76 0.036810346 
681 20 37 44 0.035473816 
348 1 19 18 0.032746006 
321 40 16 19 0.029409958 
570 482 112 153 0.029328775 
0 -1 49 49 0.028884025 
694 10 40 47 0.026384369 
955 59 57 72 0.025321402 
415 379 225 304 0.023286322 
616 256 52 70 0.022360673 
829 303 118 159 0.021980438 
200 84 125 146 0.021898765 
329 53 18 22 0.021740284 
232 144 11 13 0.021651471 
782 6 121 138 0.021113459 
387 -2 38 30 0.020929096 
574 310 54 82 0.020151068 
