50_Celebration_Or_Party_birthdayparty_50_249
35
661 185 53 70 0.99935204 
151 271 61 69 0.9990802 
805 186 62 74 0.99844104 
576 237 51 64 0.99784315 
348 265 62 65 0.9934523 
588 159 27 46 0.5050353 
434 -6 218 246 0.16790023 
219 220 32 39 0.15681225 
602 105 33 35 0.12917602 
542 132 27 42 0.12320476 
760 27 11 15 0.110769235 
207 222 33 45 0.106457725 
246 252 30 37 0.09311488 
189 234 44 51 0.06826363 
756 37 12 15 0.06704355 
553 134 32 40 0.059562776 
583 88 52 60 0.05124415 
908 67 12 16 0.043414883 
753 41 11 15 0.028206293 
534 112 48 65 0.026945503 
519 128 47 56 0.026204538 
233 227 46 61 0.024904191 
762 33 13 16 0.024843957 
517 18 118 156 0.023638872 
595 117 28 35 0.02347328 
267 214 439 513 0.02324735 
131 208 27 32 0.023169797 
0 589 24 36 0.02265965 
616 112 21 23 0.02241357 
564 143 37 52 0.021875432 
756 23 18 23 0.021568697 
851 536 35 39 0.020874854 
137 210 41 46 0.020754484 
764 52 14 20 0.020688744 
751 21 12 14 0.020248834 
