50_Celebration_Or_Party_houseparty_50_609
422
215 348 66 79 0.9991535 
213 214 32 43 0.9975095 
287 245 43 54 0.9959622 
412 234 26 36 0.99549747 
126 236 31 40 0.9884741 
144 259 39 46 0.9841584 
996 254 28 46 0.983536 
890 175 19 25 0.9804365 
843 194 21 28 0.9796341 
474 179 27 37 0.9661745 
87 223 24 36 0.96571857 
306 327 50 80 0.9350268 
635 167 15 20 0.9244989 
802 214 18 24 0.9118404 
820 166 12 15 0.90104306 
769 188 20 26 0.89783037 
599 251 33 50 0.8224962 
675 193 20 29 0.8000882 
70 344 44 63 0.7421419 
541 277 46 50 0.72141695 
532 126 11 14 0.70698404 
834 172 12 16 0.703447 
740 152 15 20 0.6632917 
223 193 23 29 0.65737534 
995 121 12 16 0.59486187 
786 156 13 16 0.5712364 
872 171 13 17 0.5648592 
446 121 14 18 0.5443885 
723 242 27 35 0.5345325 
710 190 17 21 0.52481604 
445 164 16 21 0.5232085 
833 134 11 14 0.51355904 
853 233 16 23 0.5122796 
660 260 32 39 0.4690137 
519 157 13 16 0.44586068 
954 191 23 28 0.40669847 
572 148 12 16 0.40187517 
403 146 11 16 0.39809623 
423 54 9 13 0.3951489 
175 168 10 14 0.35673603 
360 178 14 18 0.35588184 
156 187 18 19 0.33870876 
276 188 23 27 0.2972179 
569 258 41 55 0.28199765 
810 192 15 19 0.25827068 
872 280 29 45 0.24756683 
273 179 16 20 0.22102247 
657 256 19 21 0.2202265 
524 176 17 23 0.21548256 
588 168 13 17 0.21307312 
138 222 30 32 0.20942703 
880 154 12 16 0.20819311 
330 200 20 27 0.18227425 
929 126 11 14 0.18141006 
599 225 21 31 0.17819515 
712 272 44 63 0.16977182 
858 228 22 28 0.16495423 
486 181 26 36 0.16323708 
537 153 15 18 0.16060703 
190 179 15 19 0.16026446 
360 195 12 15 0.15357696 
578 125 12 17 0.15327056 
599 144 13 20 0.14973436 
548 165 12 15 0.1489204 
604 141 11 17 0.14686294 
795 178 15 19 0.14618237 
713 286 58 95 0.14515996 
537 215 36 40 0.14122933 
524 152 13 16 0.13966484 
615 260 26 39 0.13944116 
892 140 11 15 0.13277753 
182 212 17 24 0.13236208 
287 335 50 78 0.13007617 
456 56 10 13 0.12753595 
847 134 9 12 0.12753126 
480 127 11 13 0.12367265 
889 135 10 12 0.12331068 
450 128 14 18 0.121373914 
798 184 20 25 0.11899984 
388 191 17 22 0.11554121 
539 202 18 21 0.11254046 
457 180 25 35 0.10955099 
651 145 16 21 0.1092854 
298 29 14 19 0.108413115 
325 158 9 12 0.107321024 
364 24 13 18 0.10604993 
291 172 15 17 0.10468022 
626 272 15 20 0.10421495 
357 181 19 27 0.101685315 
668 75 11 16 0.100927055 
987 135 15 19 0.09778735 
331 38 13 18 0.09383148 
375 149 10 12 0.09321113 
772 134 9 12 0.09288802 
469 148 12 17 0.09184494 
157 194 22 25 0.088290066 
956 205 17 23 0.08812224 
439 117 13 18 0.08803787 
372 376 110 130 0.08790255 
535 202 30 35 0.087863445 
647 121 13 17 0.085438795 
975 232 14 21 0.084710345 
47 201 22 32 0.08384891 
409 132 10 14 0.083692454 
423 47 10 14 0.08278671 
447 188 13 18 0.08186675 
360 42 13 17 0.07952124 
587 68 11 14 0.07928812 
537 130 13 17 0.07879714 
681 262 17 28 0.07829227 
518 66 10 14 0.07710788 
348 227 16 23 0.07685682 
366 146 11 14 0.07676865 
746 149 15 20 0.07454969 
643 199 15 20 0.0739981 
884 149 11 14 0.07398418 
542 162 14 18 0.073969804 
361 23 10 14 0.07315977 
432 118 12 17 0.072867796 
265 22 16 21 0.07280742 
278 177 21 24 0.07273063 
867 226 17 22 0.07137494 
756 195 26 32 0.07127837 
223 149 9 12 0.07098728 
567 143 10 14 0.07086931 
339 160 16 19 0.07042658 
340 187 13 17 0.06939525 
138 199 15 20 0.06932559 
147 218 20 22 0.06860472 
397 238 29 34 0.068511374 
599 190 12 17 0.06753511 
447 55 9 12 0.067518376 
828 225 15 21 0.06705265 
550 69 9 12 0.065820634 
623 74 13 17 0.06521412 
421 156 24 33 0.06516424 
265 185 13 18 0.065156676 
733 158 16 21 0.06488394 
145 197 23 26 0.06358702 
741 142 12 16 0.06278452 
347 145 14 17 0.061959244 
392 47 11 15 0.061528903 
702 194 17 20 0.061158746 
239 11 16 19 0.060244985 
414 63 10 13 0.058525812 
97 225 24 36 0.057359654 
596 37 11 15 0.057165872 
129 230 20 23 0.056498636 
796 164 12 14 0.056421988 
422 39 9 12 0.05602303 
703 117 12 16 0.05582465 
175 166 19 25 0.05450255 
989 126 19 25 0.054343443 
801 122 11 14 0.053266104 
995 196 29 41 0.053164955 
908 182 21 27 0.05313489 
776 249 21 27 0.053104043 
746 187 16 22 0.05302181 
337 194 15 21 0.053009294 
531 188 24 31 0.05282763 
878 492 52 60 0.051225197 
448 183 21 29 0.05070922 
152 187 14 16 0.050376825 
686 193 21 29 0.050243583 
668 202 18 25 0.049961712 
351 202 11 16 0.049430992 
729 235 19 24 0.04918747 
659 126 15 19 0.04862666 
485 162 14 17 0.048372563 
323 176 14 19 0.04831559 
818 195 12 17 0.047907054 
364 33 13 20 0.047891635 
1001 121 14 17 0.047888037 
342 180 14 18 0.047494683 
380 150 11 13 0.047415555 
518 52 10 12 0.04712316 
925 155 13 16 0.046989415 
828 168 12 15 0.046868045 
649 194 22 28 0.04646567 
896 539 101 106 0.04565855 
181 155 13 17 0.04464968 
359 165 12 15 0.04464683 
846 165 12 14 0.04455099 
707 123 13 17 0.04436407 
511 50 12 15 0.044123083 
453 92 10 12 0.043823633 
341 168 17 20 0.043544542 
428 47 11 13 0.043047935 
270 163 10 12 0.04291637 
747 193 23 30 0.042800244 
357 200 14 18 0.042764485 
734 139 13 17 0.042166978 
577 146 14 19 0.042037137 
644 252 38 50 0.041911025 
400 152 12 16 0.041773017 
588 205 11 15 0.04163368 
105 237 35 48 0.041583903 
769 240 23 27 0.041285932 
575 235 13 20 0.04116448 
427 51 11 15 0.041103415 
658 136 16 23 0.041030962 
381 194 16 19 0.040911395 
519 35 10 13 0.040795717 
393 186 14 20 0.040787544 
544 75 9 13 0.040738788 
348 257 16 23 0.040613953 
560 135 10 13 0.03961037 
596 236 26 40 0.039495036 
337 257 26 36 0.039361596 
917 222 25 31 0.039302874 
323 162 12 17 0.03925786 
868 216 23 27 0.039134987 
494 54 11 13 0.039067782 
623 166 21 26 0.037964724 
518 182 16 22 0.03783877 
500 69 13 16 0.037548315 
853 132 9 12 0.03754667 
462 152 15 21 0.037333906 
359 141 13 17 0.03718064 
577 119 10 13 0.037062176 
215 164 9 12 0.0368039 
584 62 10 14 0.036771704 
649 121 20 24 0.036688924 
396 169 15 19 0.036637153 
582 73 12 16 0.03658833 
446 112 11 14 0.03630576 
182 183 15 20 0.03622823 
564 213 13 15 0.036195014 
345 195 20 28 0.03616548 
529 259 37 54 0.035956975 
488 47 9 12 0.035859276 
793 156 13 17 0.035709172 
875 165 14 18 0.03558131 
844 137 12 16 0.035335008 
747 178 16 20 0.03507014 
868 489 41 48 0.034845542 
60 310 54 79 0.034830857 
898 177 20 26 0.034798246 
586 209 14 22 0.034765687 
617 217 25 32 0.034691647 
628 71 10 14 0.034686666 
738 159 22 27 0.03466039 
565 134 10 13 0.03452057 
222 199 31 42 0.034394898 
54 357 43 48 0.034340706 
453 156 21 29 0.034339774 
714 228 18 22 0.034214035 
804 199 21 27 0.033938188 
638 197 14 18 0.03370132 
445 58 12 17 0.033555113 
72 227 27 31 0.033523936 
446 135 16 18 0.033347286 
511 36 12 15 0.03334219 
643 148 19 27 0.033339646 
451 272 18 20 0.03332567 
610 226 15 22 0.033208724 
753 154 14 18 0.03309172 
137 204 24 29 0.032609068 
574 77 11 14 0.032362297 
162 180 17 22 0.03218686 
588 217 22 33 0.032077644 
660 191 23 30 0.031932797 
455 64 11 15 0.031892378 
389 34 11 15 0.031788614 
230 91 11 13 0.031757005 
347 176 16 21 0.031729385 
412 41 14 17 0.03154334 
553 163 14 17 0.031515993 
918 165 14 17 0.031425796 
239 160 10 12 0.03138111 
525 59 14 17 0.03132422 
206 175 10 13 0.030985514 
520 179 25 34 0.030922456 
287 168 11 14 0.03089463 
448 48 9 11 0.030844808 
512 68 10 14 0.030814726 
339 146 21 26 0.030760514 
549 46 10 13 0.030757789 
550 51 10 13 0.030752348 
529 121 11 15 0.030554868 
477 125 19 23 0.030519797 
314 630 42 44 0.030421164 
203 178 11 15 0.030268785 
10 344 51 62 0.030184371 
453 85 10 14 0.030173967 
573 69 11 14 0.03001705 
736 189 22 31 0.029713152 
591 195 13 16 0.029655686 
529 237 35 43 0.029525582 
481 170 17 20 0.0293975 
456 46 9 12 0.029094853 
335 155 13 18 0.02841976 
317 197 26 38 0.02827684 
846 147 12 15 0.028246395 
358 155 13 17 0.028127074 
367 189 22 28 0.027892202 
1006 147 13 17 0.027820747 
727 141 12 16 0.027780099 
444 169 21 28 0.0277236 
134 236 47 54 0.027672425 
848 129 8 11 0.02766922 
591 41 12 15 0.027623594 
587 189 21 28 0.02756529 
570 203 25 33 0.027216878 
430 108 10 14 0.027189858 
614 170 13 17 0.027165603 
610 137 14 19 0.027146228 
330 175 21 28 0.027100315 
727 161 15 19 0.027056284 
338 91 13 18 0.02705335 
549 157 13 17 0.027049882 
844 170 13 16 0.026985401 
723 191 14 22 0.026923057 
599 187 21 27 0.026922796 
789 172 16 20 0.026914608 
752 230 26 25 0.026897399 
791 184 15 20 0.02688346 
711 261 34 45 0.026768181 
640 123 12 16 0.026674623 
322 186 23 32 0.026538925 
166 200 23 30 0.026498696 
504 180 25 32 0.026474353 
809 1 28 32 0.026385052 
404 34 23 26 0.026340546 
579 135 14 20 0.026277374 
698 198 25 30 0.026184918 
740 227 15 18 0.026157694 
551 64 8 12 0.026093477 
198 176 11 15 0.02607571 
942 198 24 33 0.025932847 
472 150 20 27 0.02575538 
394 179 16 19 0.02555621 
607 232 32 45 0.025327932 
894 511 59 65 0.02519675 
35 204 27 37 0.02504111 
289 85 10 13 0.024966892 
576 218 22 34 0.02496523 
557 194 15 16 0.024829654 
301 359 56 86 0.024825666 
729 265 33 46 0.024800321 
546 196 15 18 0.024701651 
614 126 10 13 0.024692878 
754 209 26 31 0.024683636 
865 233 25 30 0.024567923 
910 173 12 16 0.024372049 
209 167 9 12 0.02414223 
449 101 9 12 0.024053788 
515 220 15 21 0.024041042 
733 138 20 28 0.024039116 
549 40 10 11 0.023980383 
568 233 24 31 0.023880422 
500 61 11 13 0.023878092 
664 79 11 16 0.023769801 
645 139 17 22 0.023758648 
147 192 17 20 0.023696685 
275 19 17 20 0.023680557 
447 278 23 30 0.023660932 
765 182 16 20 0.023637945 
437 54 13 15 0.023601603 
512 161 13 19 0.023586242 
590 140 12 19 0.023354521 
555 226 28 34 0.02331768 
584 45 10 13 0.02328891 
451 54 19 24 0.023279378 
435 155 24 31 0.0232341 
18 319 57 61 0.023059467 
362 141 19 24 0.023003407 
75 230 40 49 0.022997962 
614 132 12 16 0.022968274 
541 39 11 13 0.02291811 
636 206 18 23 0.02289152 
302 18 22 28 0.022874132 
581 225 13 20 0.022873715 
551 205 30 34 0.022832524 
611 66 15 19 0.022778446 
602 149 15 20 0.022752877 
562 189 13 15 0.022749286 
785 243 16 21 0.022730296 
360 134 10 13 0.022527058 
962 212 16 22 0.022474863 
665 37 108 133 0.022288913 
821 146 13 16 0.02226579 
800 13 32 40 0.02219668 
799 138 12 16 0.022148095 
776 161 13 17 0.022140827 
292 4 12 14 0.022132672 
746 169 16 19 0.022034118 
430 57 12 16 0.02199198 
568 69 11 13 0.021976726 
233 189 15 19 0.02192782 
516 170 17 23 0.021869967 
493 46 11 14 0.021817863 
989 184 30 39 0.021700902 
606 134 12 17 0.021667238 
168 169 14 18 0.021631666 
300 83 14 16 0.021585373 
444 67 12 15 0.021583328 
322 151 18 25 0.021545991 
658 169 16 20 0.02141216 
512 61 11 14 0.021397924 
455 134 20 28 0.021342881 
225 191 13 16 0.0213163 
773 185 13 17 0.021258043 
523 197 26 33 0.021205721 
532 134 21 25 0.02110918 
766 135 14 19 0.021008447 
597 65 16 18 0.020936484 
818 230 24 31 0.020923626 
556 203 14 16 0.020818843 
661 70 19 26 0.020731539 
779 385 39 37 0.020709446 
488 52 10 14 0.020687126 
608 125 11 14 0.02062707 
545 242 49 60 0.02041635 
542 49 13 16 0.020375215 
277 198 25 33 0.020216743 
277 166 11 13 0.020198107 
540 215 17 20 0.020166725 
920 152 21 27 0.020067418 
195 176 21 26 0.02000816 
630 123 12 15 0.020004569 
247 14 23 27 0.020000596 
