50_Celebration_Or_Party_houseparty_50_189
28
357 144 97 107 0.99753857 
284 392 36 38 0.5756582 
1008 191 13 22 0.079770625 
980 570 11 13 0.06289062 
199 480 8 11 0.057016224 
190 486 10 13 0.049258474 
510 582 8 11 0.048676483 
1001 412 21 47 0.04443603 
787 218 12 16 0.0399763 
720 567 10 13 0.031851295 
1004 193 19 35 0.030519415 
870 171 10 14 0.028971512 
193 481 10 12 0.027576806 
1013 73 11 16 0.026386827 
936 174 11 13 0.02630825 
1012 252 9 14 0.02439982 
554 560 8 10 0.023162624 
738 190 13 18 0.022957148 
1010 290 11 18 0.022235941 
131 473 12 14 0.022073999 
292 152 11 16 0.021985134 
287 204 11 14 0.021968123 
758 214 14 17 0.021066906 
591 589 10 13 0.020930713 
788 238 10 13 0.020613786 
574 590 9 10 0.020596633 
972 581 12 15 0.020255847 
976 572 11 14 0.020048646 
