50_Celebration_Or_Party_birthdayparty_50_396
31
711 817 104 129 0.9998504 
190 116 126 167 0.9988317 
165 837 145 207 0.99528813 
760 1041 80 90 0.99272 
166 809 28 37 0.798631 
731 86 96 122 0.57860243 
915 354 101 150 0.13113226 
692 97 97 118 0.12741919 
355 940 88 128 0.118952624 
739 1007 32 34 0.10204312 
155 820 26 33 0.072395794 
508 1099 127 159 0.057569735 
563 391 112 141 0.050691206 
470 984 44 51 0.048167698 
723 1046 16 21 0.03819437 
563 854 20 29 0.034226682 
547 1115 35 38 0.032434043 
743 40 36 38 0.028496457 
836 276 222 195 0.027977265 
259 109 112 146 0.027012372 
674 120 65 90 0.026839536 
857 1077 51 76 0.026684467 
170 825 20 25 0.026456082 
686 66 178 232 0.026139176 
558 844 13 17 0.026105126 
157 47 387 458 0.025678437 
410 951 86 109 0.025590362 
141 820 24 36 0.025016518 
721 1044 26 33 0.02419851 
588 395 66 72 0.023098944 
544 1107 57 71 0.022014463 
