50_Celebration_Or_Party_birthdayparty_50_479
130
356 545 100 149 0.9998056 
91 547 20 22 0.6133576 
273 73 41 49 0.3787401 
485 75 10 13 0.23643543 
162 571 16 18 0.14587936 
887 41 9 10 0.12671207 
184 3 87 101 0.12083351 
540 74 11 14 0.10888503 
269 420 12 14 0.1030563 
69 593 16 18 0.10169041 
774 198 220 264 0.09349618 
909 40 9 11 0.092422456 
735 369 26 39 0.0806891 
344 76 12 15 0.08038945 
138 344 8 10 0.07855178 
273 351 8 10 0.0710463 
342 84 13 16 0.06890675 
151 624 9 11 0.061285306 
667 487 12 15 0.06103331 
270 405 9 11 0.060598873 
134 359 8 9 0.060305852 
878 432 10 14 0.05974844 
77 69 44 60 0.05918472 
619 411 16 21 0.057217084 
272 342 8 9 0.055949345 
248 408 10 14 0.05414797 
518 315 57 71 0.05293815 
911 90 11 13 0.052925598 
795 157 26 27 0.051345468 
214 246 9 13 0.04931147 
133 371 9 12 0.048441462 
130 360 8 9 0.04730635 
102 428 9 13 0.043645848 
345 70 10 13 0.043247696 
230 389 9 12 0.042190988 
756 456 9 11 0.041810278 
307 296 13 15 0.04152891 
826 497 202 257 0.041442566 
181 376 9 12 0.04067921 
142 348 7 9 0.04002412 
687 484 11 15 0.039859027 
175 379 10 12 0.039645676 
129 367 10 12 0.039014295 
264 292 10 14 0.03805827 
147 69 34 42 0.037659775 
110 377 8 11 0.037321303 
263 425 11 14 0.036265768 
883 198 12 13 0.036209658 
694 664 35 42 0.03532819 
270 334 9 12 0.035214376 
482 71 10 13 0.03431796 
217 327 7 11 0.034277163 
94 327 8 11 0.033918682 
157 548 12 15 0.033594217 
92 34 13 16 0.033431858 
152 550 10 13 0.033299334 
89 534 26 30 0.032829367 
152 360 8 10 0.032782573 
220 416 12 14 0.032398745 
892 39 8 10 0.032146852 
317 383 9 11 0.031906996 
222 326 8 11 0.031642735 
383 450 40 50 0.031477552 
288 344 7 9 0.031434674 
136 351 8 9 0.029833619 
277 350 7 9 0.029569173 
873 436 12 16 0.029487474 
230 384 8 11 0.029147826 
79 518 8 11 0.029130124 
297 414 11 12 0.028795253 
265 415 11 15 0.028518459 
540 557 23 27 0.027689237 
326 306 14 17 0.027650258 
107 579 14 17 0.02718231 
278 437 10 13 0.027042892 
73 525 11 14 0.026004283 
906 43 10 12 0.025931282 
141 638 9 11 0.025757749 
724 443 15 16 0.025623553 
601 227 14 18 0.025554955 
566 76 9 11 0.02552533 
216 274 12 15 0.025299802 
755 460 11 14 0.024960356 
257 429 9 12 0.02483752 
275 422 11 12 0.024514556 
481 63 10 12 0.02434468 
304 343 9 12 0.024316214 
565 71 9 11 0.02424105 
626 227 426 477 0.024202496 
343 443 10 12 0.024195967 
278 344 7 9 0.024093434 
297 287 24 29 0.024026182 
622 77 9 12 0.023781061 
282 375 7 10 0.023412485 
156 625 10 10 0.023406725 
632 537 9 12 0.023086477 
13 667 15 19 0.022900796 
303 278 24 29 0.02281737 
345 89 13 16 0.022772525 
79 556 13 15 0.022741355 
657 281 8 10 0.022656605 
239 352 8 10 0.02247791 
641 485 10 13 0.02237999 
126 335 8 10 0.022135291 
166 376 11 13 0.022005258 
497 529 25 30 0.021977875 
277 428 11 14 0.021845927 
905 6 8 9 0.021768557 
548 377 18 20 0.021692572 
224 320 7 9 0.021610165 
752 446 8 11 0.021265082 
361 431 16 18 0.021146115 
302 347 10 13 0.021130092 
194 375 9 11 0.021074446 
780 161 43 49 0.020982862 
216 333 8 10 0.020869566 
265 351 9 10 0.020708172 
80 548 13 15 0.020669905 
310 275 14 19 0.020468565 
22 82 33 40 0.02046493 
153 543 8 11 0.020444745 
617 598 10 12 0.02039628 
753 428 11 16 0.020356132 
196 382 9 11 0.020279868 
341 171 11 13 0.020267583 
135 540 10 13 0.020219594 
773 66 25 30 0.020104999 
185 367 8 9 0.020094667 
279 442 11 13 0.020072402 
77 619 13 14 0.020069115 
