50_Celebration_Or_Party_houseparty_50_19
73
522 397 35 47 0.9979061 
653 444 29 44 0.97856915 
132 374 45 56 0.9715576 
454 423 19 27 0.93778944 
866 428 39 51 0.93491226 
210 415 33 54 0.7179437 
404 433 23 35 0.6817345 
768 430 22 29 0.61548704 
709 481 18 22 0.2519391 
75 1 448 477 0.20912762 
747 492 13 17 0.16783378 
29 76 89 145 0.15477324 
778 436 19 23 0.14117067 
598 352 21 26 0.12203598 
386 430 35 46 0.117128536 
265 478 14 16 0.10282481 
620 379 16 18 0.09964983 
151 373 33 44 0.096512675 
662 463 27 43 0.08939078 
545 458 30 39 0.07785121 
414 424 26 40 0.07525337 
623 357 10 12 0.07309081 
671 278 21 30 0.07292455 
677 487 15 23 0.06001359 
703 482 15 18 0.059113044 
121 85 255 334 0.054326225 
396 435 19 26 0.052960027 
114 261 16 19 0.051039577 
647 352 10 13 0.04192259 
115 288 32 39 0.0413301 
379 437 27 33 0.040169 
693 469 9 13 0.03996188 
591 368 13 19 0.039283507 
473 426 24 31 0.03847378 
592 360 22 26 0.03735037 
62 330 16 21 0.032772217 
158 387 34 52 0.032756772 
448 350 18 21 0.031961154 
144 399 36 54 0.031771902 
679 350 10 12 0.03155287 
660 358 12 15 0.030980129 
753 509 9 13 0.030875398 
172 375 16 22 0.029650914 
654 333 9 11 0.02931158 
610 361 15 19 0.027122566 
639 349 10 13 0.026899561 
723 352 11 11 0.026691953 
745 487 12 15 0.026565557 
702 294 11 15 0.026564695 
411 463 14 19 0.026303055 
721 483 12 17 0.026149984 
683 289 13 18 0.025716567 
630 349 10 14 0.025625275 
612 350 12 16 0.025317773 
79 184 197 262 0.024302835 
463 378 30 34 0.024257522 
687 468 11 15 0.024056235 
693 479 22 28 0.02389667 
166 375 29 39 0.023550952 
228 425 26 38 0.023407634 
695 483 12 17 0.022623094 
108 367 29 44 0.022406766 
422 419 28 36 0.022243906 
636 341 10 13 0.021908125 
467 428 18 25 0.021837901 
668 308 10 13 0.02181077 
581 360 13 18 0.02179767 
766 445 25 33 0.021660788 
683 484 15 22 0.021608265 
121 374 33 47 0.021035623 
653 479 26 38 0.020321015 
750 490 22 29 0.020233426 
664 309 9 13 0.020232143 
