50_Celebration_Or_Party_birthdayparty_50_283
74
247 372 54 72 0.9990102 
811 180 35 42 0.9979797 
595 309 36 44 0.9978947 
121 458 54 74 0.9978946 
17 462 69 108 0.99574786 
439 270 26 37 0.99361974 
888 295 28 39 0.99092406 
362 354 37 53 0.9908574 
654 168 40 49 0.9787982 
774 482 54 62 0.9458844 
459 314 23 26 0.9418623 
466 353 30 41 0.8905088 
771 332 39 54 0.8148889 
861 455 61 96 0.41024703 
125 105 42 79 0.2861935 
845 439 62 73 0.22569564 
185 115 38 58 0.18290733 
748 296 17 24 0.16063547 
768 463 33 49 0.15564656 
851 233 23 31 0.103890374 
387 241 17 19 0.08131445 
723 302 21 28 0.069589 
332 468 30 32 0.059738904 
742 481 68 71 0.05896995 
482 258 18 22 0.055226907 
423 247 11 13 0.052779503 
147 480 33 48 0.04844596 
456 190 21 31 0.048120078 
764 329 28 40 0.046968576 
679 526 53 76 0.044408277 
725 232 19 29 0.043338004 
446 353 28 37 0.03843527 
342 243 13 16 0.034916926 
619 188 24 28 0.034281604 
267 253 12 17 0.032150146 
164 127 50 72 0.031841386 
861 231 11 15 0.031155875 
272 400 32 46 0.030933991 
33 203 11 14 0.030731115 
449 129 16 19 0.030312095 
789 239 23 27 0.030145278 
866 425 60 72 0.02974181 
467 195 24 30 0.029361807 
427 276 28 37 0.029329736 
327 238 12 14 0.029120313 
295 236 11 14 0.028787987 
929 359 22 29 0.0287375 
454 199 13 19 0.027736582 
735 301 24 26 0.026775122 
831 426 61 60 0.026736751 
301 238 11 15 0.02645225 
366 218 15 20 0.026089117 
483 183 16 23 0.025374075 
474 185 22 29 0.024825955 
650 322 16 20 0.024194537 
775 430 62 70 0.023715813 
322 245 10 12 0.023262 
729 312 26 26 0.022771757 
462 208 12 16 0.022606948 
598 462 13 17 0.022368236 
270 358 27 43 0.022357164 
428 251 12 16 0.02231535 
485 211 12 17 0.022144316 
1014 36 11 17 0.021557998 
367 244 10 13 0.021367518 
449 302 36 46 0.021255387 
468 210 25 31 0.020927083 
175 114 65 109 0.020866252 
796 417 56 59 0.020731049 
852 463 39 59 0.020523898 
297 324 10 12 0.02030996 
988 282 14 17 0.020098507 
1008 270 11 15 0.020088885 
283 419 25 37 0.020022392 
