50_Celebration_Or_Party_birthdayparty_50_170
94
939 243 37 42 0.9626516 
698 103 38 46 0.9610264 
119 463 33 32 0.53570026 
997 514 10 13 0.22863622 
269 332 8 10 0.22801767 
96 470 52 52 0.15553923 
255 356 8 11 0.12278165 
999 469 8 12 0.12257752 
893 568 10 13 0.111677825 
173 502 47 54 0.0924555 
267 328 8 11 0.08985258 
1012 475 10 13 0.08480906 
182 459 16 19 0.083876915 
744 151 10 12 0.0760341 
33 466 48 49 0.066839054 
1008 471 9 12 0.063395016 
204 174 9 13 0.06283429 
999 491 12 14 0.059020936 
47 498 33 37 0.057121918 
403 83 27 36 0.055443525 
225 328 7 9 0.053599317 
953 474 9 10 0.051033497 
208 344 8 9 0.049003404 
14 615 33 37 0.044699255 
967 487 9 11 0.044603147 
232 151 7 9 0.044495266 
86 498 52 53 0.042592414 
292 493 16 19 0.04242899 
8 648 109 102 0.041004524 
184 182 8 10 0.04081675 
748 152 10 12 0.037241597 
309 334 9 11 0.03705755 
191 144 9 11 0.035767168 
981 429 9 11 0.03529747 
285 391 7 10 0.03481256 
304 365 9 11 0.03347057 
186 177 7 9 0.033461113 
214 335 8 9 0.033268515 
250 352 9 11 0.032125592 
200 352 8 9 0.032050394 
984 520 10 12 0.03150716 
180 471 49 54 0.03125901 
3 577 108 118 0.031070394 
209 149 11 13 0.030571451 
204 472 18 20 0.029422192 
714 96 28 42 0.02932059 
202 358 8 9 0.028152492 
208 337 8 9 0.027858885 
995 511 10 12 0.027800275 
184 483 18 21 0.027708717 
190 174 8 11 0.027578453 
261 483 17 18 0.027521156 
296 373 8 10 0.027190136 
330 385 8 10 0.02715153 
684 159 13 18 0.027027417 
135 462 28 34 0.026868148 
990 487 10 13 0.026733208 
58 492 51 51 0.026716052 
296 359 8 10 0.026564868 
255 344 8 9 0.026156055 
724 98 15 21 0.025698164 
333 366 10 12 0.02531346 
76 463 24 32 0.025101164 
94 237 9 11 0.024922213 
178 469 26 30 0.02487999 
912 407 11 14 0.02471689 
221 392 9 11 0.02468065 
545 268 25 32 0.024532625 
90 236 9 12 0.023391651 
637 264 10 12 0.023249317 
992 517 10 12 0.02319768 
997 446 8 10 0.023174137 
229 328 7 9 0.02282701 
297 366 8 11 0.022663489 
310 366 8 11 0.022563593 
92 12 12 14 0.022323577 
17 216 7 9 0.02218671 
58 192 6 9 0.022159101 
92 471 32 36 0.021816581 
25 222 8 11 0.021718187 
192 136 9 11 0.021504154 
8 606 54 60 0.02148177 
310 360 9 11 0.02126258 
188 474 28 32 0.02104932 
993 464 8 10 0.020842116 
82 446 84 90 0.020821387 
311 374 8 10 0.020623604 
1007 464 9 11 0.020606034 
228 467 16 19 0.020585423 
72 200 7 8 0.02058446 
842 352 15 21 0.020530742 
174 459 15 20 0.020524472 
392 210 36 42 0.020414446 
818 590 9 12 0.020311337 
