0_Parade_Parade_0_472
237
57 136 33 36 0.9994011 
321 113 41 50 0.9852131 
513 131 34 40 0.9732131 
645 120 16 24 0.9468409 
629 162 18 21 0.89511484 
953 152 19 21 0.88439876 
747 123 14 22 0.88214767 
562 136 16 26 0.81229013 
830 115 20 27 0.7128366 
979 215 16 20 0.69143397 
975 146 18 19 0.63444877 
657 168 17 22 0.60857064 
836 77 14 17 0.58700556 
707 111 21 24 0.5721568 
933 225 17 24 0.5444631 
734 122 13 19 0.49519423 
252 157 14 18 0.48493528 
996 219 13 17 0.37640193 
174 182 16 20 0.3034092 
922 149 14 17 0.27771604 
797 127 16 23 0.2705195 
988 218 13 18 0.26169908 
602 264 43 51 0.25710878 
738 145 17 22 0.22916842 
222 184 9 12 0.21413971 
841 117 24 27 0.2016631 
511 54 27 37 0.19633204 
309 291 17 20 0.1929554 
250 204 13 18 0.18038432 
0 190 9 15 0.17570825 
820 120 15 21 0.17127015 
1002 156 12 15 0.16314915 
804 184 17 18 0.16314 
942 154 12 15 0.15832418 
844 167 25 32 0.14750662 
692 136 21 27 0.14714696 
258 291 12 17 0.14666836 
831 82 14 18 0.13483946 
610 176 14 18 0.12964466 
401 130 26 29 0.12883753 
500 480 32 37 0.124312565 
245 180 11 15 0.10799326 
968 295 10 13 0.10693788 
235 281 14 18 0.10371041 
890 472 35 41 0.10333333 
846 480 22 27 0.09661268 
741 118 13 23 0.09534754 
820 151 17 22 0.09509726 
679 126 12 15 0.09481594 
202 233 13 18 0.09369606 
937 155 10 13 0.09209346 
216 188 11 13 0.09147202 
215 242 12 15 0.08904217 
962 140 26 28 0.08771536 
810 119 21 25 0.087600954 
248 327 28 34 0.08673968 
602 145 23 26 0.085456885 
723 115 14 19 0.08507217 
726 122 14 20 0.078782484 
687 203 15 23 0.07874299 
668 145 16 21 0.078727655 
448 483 30 35 0.07802667 
220 307 13 18 0.07676366 
996 150 14 17 0.07436584 
602 226 14 18 0.073318414 
699 126 23 28 0.071751036 
661 187 22 28 0.07146567 
239 187 10 15 0.06799587 
804 114 14 18 0.06779858 
968 217 12 16 0.065441646 
213 300 16 21 0.06496162 
684 136 19 27 0.06337441 
31 288 9 12 0.06335041 
827 146 16 21 0.06313871 
587 227 12 17 0.06291096 
87 187 12 15 0.06285325 
273 370 16 17 0.061299376 
987 146 15 18 0.0607878 
969 245 11 16 0.060619317 
655 123 17 20 0.06024842 
23 178 13 17 0.05984487 
108 180 13 15 0.059080288 
933 150 11 15 0.05839156 
597 221 14 19 0.055689935 
263 276 10 13 0.054914966 
847 157 37 46 0.054664213 
195 311 21 25 0.05363136 
353 280 42 52 0.05362008 
626 192 14 18 0.05247272 
855 120 18 21 0.051009785 
994 152 21 26 0.050157696 
216 277 10 13 0.05014995 
740 133 20 28 0.048608646 
801 121 18 24 0.0480848 
250 147 25 31 0.04762071 
232 280 11 13 0.04752678 
674 138 19 26 0.047514025 
115 277 15 17 0.047085784 
0 302 8 13 0.04705899 
244 279 13 16 0.04556013 
226 307 14 17 0.04542868 
892 163 24 35 0.044824645 
397 130 15 20 0.044587925 
221 270 10 13 0.044485316 
703 138 17 20 0.04397513 
978 139 25 29 0.04387692 
250 284 17 23 0.043835238 
901 157 11 15 0.04255564 
950 253 14 18 0.042301442 
681 131 14 18 0.041205287 
74 344 10 12 0.040251717 
624 161 15 21 0.040244956 
190 404 28 34 0.040241137 
496 58 33 50 0.040066812 
791 133 24 30 0.03977963 
944 150 22 25 0.03876874 
829 67 20 26 0.037844025 
690 197 15 19 0.03775332 
249 197 10 15 0.037540354 
393 132 11 15 0.037372123 
249 228 9 13 0.03734368 
786 168 15 22 0.03696206 
432 184 13 17 0.036700346 
691 118 22 30 0.03533414 
517 65 27 35 0.035201058 
230 288 12 18 0.034417808 
809 189 16 20 0.034205213 
627 175 15 20 0.033824597 
-1 326 7 13 0.03349804 
206 293 10 12 0.033111952 
611 227 15 18 0.033040304 
0 245 9 14 0.032257423 
825 91 11 15 0.031677194 
670 197 22 29 0.03120041 
923 159 14 18 0.03104726 
596 151 16 20 0.030998666 
830 125 26 33 0.030981068 
828 110 15 22 0.030579386 
229 204 10 12 0.03051534 
232 187 10 13 0.030359956 
539 230 17 18 0.030319832 
205 285 10 13 0.030220794 
972 221 17 20 0.03004954 
962 140 41 48 0.030016491 
70 287 9 12 0.029955883 
798 180 16 20 0.02995271 
134 197 12 16 0.029873617 
895 170 14 22 0.029425813 
167 178 14 19 0.02934697 
465 63 33 49 0.02915168 
833 87 17 18 0.029148523 
743 201 21 31 0.029072568 
733 110 12 16 0.028960401 
971 237 12 16 0.028921036 
230 261 8 10 0.028704576 
764 123 14 20 0.028703071 
831 252 10 12 0.028543837 
77 346 11 14 0.028517548 
57 293 9 11 0.028505113 
788 146 15 20 0.028041005 
62 291 10 12 0.02795984 
484 70 10 14 0.02784504 
1012 153 11 16 0.027719188 
465 91 29 38 0.027711743 
229 182 10 13 0.027640734 
140 197 12 14 0.02762282 
114 182 13 15 0.027415229 
6 301 10 12 0.027206311 
86 323 9 13 0.027154539 
520 153 21 25 0.027107349 
840 81 16 17 0.02691027 
655 219 14 18 0.02677148 
789 137 14 19 0.026653334 
660 152 22 26 0.026418122 
821 109 13 16 0.026413959 
224 261 10 13 0.026160503 
663 175 19 22 0.02581879 
204 240 14 19 0.025766185 
171 393 28 34 0.025619129 
569 132 17 21 0.025536517 
268 274 11 15 0.025028983 
930 150 21 26 0.024915429 
235 182 20 26 0.024720857 
80 326 9 11 0.024684334 
172 174 16 20 0.02429874 
515 55 15 19 0.024295554 
613 209 14 18 0.024210371 
857 163 20 23 0.024192622 
684 118 12 16 0.024149211 
806 163 25 30 0.024102418 
234 308 12 15 0.023978133 
237 193 12 16 0.023910383 
644 177 15 20 0.023822052 
899 157 24 32 0.023645684 
212 220 10 12 0.023545682 
479 74 24 34 0.023418875 
246 172 13 18 0.023239706 
240 175 20 26 0.0231996 
884 153 25 36 0.023168731 
914 242 16 20 0.023069007 
824 134 24 30 0.023057504 
499 118 30 38 0.023029193 
741 213 14 21 0.022990033 
216 270 10 14 0.022976141 
255 254 10 12 0.022970311 
181 283 15 19 0.022912642 
252 166 15 19 0.022896763 
915 152 22 30 0.02285217 
256 324 18 23 0.022848072 
891 180 23 35 0.022710921 
971 202 25 31 0.022502609 
294 288 16 21 0.022462133 
458 265 17 19 0.022384796 
841 69 16 19 0.022338632 
651 175 22 28 0.022319062 
142 227 16 21 0.022272298 
1014 308 8 13 0.022182718 
625 224 16 19 0.022180203 
249 196 22 30 0.022146655 
805 130 22 28 0.022137532 
269 315 10 12 0.021984622 
884 172 23 37 0.021876767 
621 178 14 19 0.021863068 
645 169 14 19 0.021479333 
521 85 17 23 0.021352204 
772 162 23 32 0.021291494 
239 164 11 13 0.021263514 
834 57 17 20 0.02105428 
856 481 18 23 0.021030748 
592 152 26 31 0.020871047 
661 201 15 19 0.020841805 
825 157 16 21 0.020835714 
756 199 13 17 0.020611336 
846 243 28 30 0.020517552 
14 301 8 12 0.020350369 
944 226 14 20 0.020262225 
815 160 14 21 0.020257603 
