0_Parade_marchingband_1_710
21
465 124 60 79 0.9972874 
112 296 72 99 0.9947632 
-1 0 38 61 0.96937335 
828 27 43 56 0.9651719 
387 16 26 34 0.06588179 
1011 372 14 28 0.059792466 
977 242 11 17 0.047889 
620 327 13 14 0.040922716 
381 71 28 34 0.036479834 
389 1 15 17 0.034114625 
197 541 28 31 0.03102672 
348 3 13 15 0.030072454 
605 319 12 15 0.026842698 
299 317 29 32 0.026650023 
151 501 11 16 0.02577318 
845 9 33 45 0.025138654 
614 323 23 26 0.024021214 
391 20 13 18 0.02255353 
224 406 11 14 0.021970658 
928 139 12 15 0.020922823 
385 -1 26 29 0.020206243 
