0_Parade_Parade_0_317
428
308 78 14 18 0.9671409 
245 88 16 19 0.9333851 
605 106 16 19 0.9152147 
381 84 13 16 0.89651364 
223 98 13 17 0.88905674 
302 102 13 15 0.8435355 
331 75 13 16 0.818934 
451 342 76 65 0.7134778 
540 94 14 18 0.7128791 
566 85 13 15 0.69971573 
103 69 13 15 0.6772747 
430 86 13 15 0.6555938 
566 125 14 17 0.6200255 
271 71 11 14 0.60038173 
999 82 22 29 0.5940829 
836 71 14 18 0.5940326 
486 93 13 15 0.574651 
308 343 44 48 0.55376744 
178 103 13 16 0.547161 
697 100 13 16 0.53850836 
389 119 13 18 0.52567154 
784 101 11 14 0.52286536 
903 89 15 18 0.48525837 
171 198 24 29 0.48484656 
852 90 12 15 0.47175595 
159 92 14 16 0.47119296 
542 78 13 15 0.46279833 
869 92 14 16 0.45350036 
947 91 14 18 0.43374556 
123 76 21 26 0.42965877 
355 120 14 17 0.42477024 
658 75 12 16 0.40906516 
838 120 12 15 0.36078376 
642 77 13 16 0.35172594 
276 100 12 16 0.34294006 
743 115 11 14 0.33586022 
574 67 13 15 0.32694697 
644 131 16 19 0.31552258 
522 105 13 16 0.3110116 
653 102 13 16 0.28986248 
759 127 9 11 0.27937433 
624 84 14 17 0.26855475 
819 102 13 15 0.2540294 
491 69 11 12 0.25226223 
927 74 15 17 0.2284957 
32 96 12 15 0.22629939 
390 322 13 15 0.2237722 
182 68 14 16 0.22062051 
7 74 14 18 0.21858358 
708 116 14 16 0.21751833 
201 107 12 16 0.21505037 
685 81 15 17 0.20728144 
799 111 10 12 0.20550905 
279 94 12 16 0.2045839 
660 155 16 18 0.20271401 
479 87 11 14 0.20232055 
452 73 13 16 0.2009213 
771 85 13 16 0.1988362 
837 98 11 15 0.19841222 
406 345 136 94 0.19591692 
413 73 14 15 0.19458637 
263 106 11 14 0.18891841 
510 91 13 16 0.18874525 
742 76 11 13 0.17931448 
641 108 13 16 0.17856662 
808 90 13 18 0.17508201 
659 107 12 15 0.16978496 
76 71 11 14 0.15655951 
261 90 11 16 0.14605594 
815 99 12 15 0.14393923 
410 91 12 15 0.14185719 
271 104 12 14 0.1408335 
792 76 11 13 0.13077821 
349 84 11 14 0.12877545 
352 100 12 15 0.12703733 
294 93 11 15 0.11698675 
854 70 11 13 0.116798244 
607 69 13 15 0.11502351 
549 71 11 13 0.11218634 
930 83 17 21 0.11156501 
384 103 13 16 0.111533076 
445 94 11 14 0.10763377 
128 88 16 18 0.10660961 
236 69 10 12 0.103482515 
430 66 13 15 0.10209901 
347 64 13 16 0.10098745 
231 78 13 16 0.098157495 
639 70 11 13 0.09802083 
908 70 11 12 0.096426204 
502 88 11 16 0.09621358 
547 98 14 17 0.09472889 
743 100 12 15 0.09285951 
50 90 16 19 0.09227489 
831 93 13 16 0.09044653 
446 117 12 17 0.090275034 
894 84 15 18 0.08979133 
647 101 13 16 0.088680096 
296 98 12 16 0.088359945 
794 100 11 13 0.087199494 
612 130 14 17 0.08651585 
187 74 13 16 0.08577063 
606 131 13 16 0.08558086 
853 76 13 16 0.08537228 
297 157 11 13 0.0846573 
491 85 17 19 0.0845992 
811 86 13 16 0.08410035 
898 75 16 19 0.08076992 
197 81 14 18 0.08053451 
863 91 13 17 0.079632066 
351 91 13 16 0.07776484 
859 203 45 54 0.077075 
969 89 16 20 0.07613707 
781 94 12 17 0.075352594 
386 108 15 19 0.07488856 
288 70 11 13 0.07476602 
371 66 12 14 0.07421813 
700 93 14 18 0.073833756 
567 73 19 23 0.07180842 
95 91 11 14 0.07158109 
302 126 11 14 0.07093439 
284 97 14 17 0.07077765 
490 75 15 16 0.07058029 
921 102 16 21 0.07045737 
775 110 9 12 0.07039919 
700 85 12 14 0.07018566 
436 91 12 14 0.06909517 
470 70 12 14 0.069027446 
604 185 14 16 0.06845335 
515 85 12 14 0.06828942 
788 94 15 17 0.068258375 
719 77 13 15 0.0649253 
702 113 15 18 0.06477588 
347 78 13 14 0.06308658 
757 73 13 16 0.06288137 
164 88 13 16 0.06280916 
341 77 12 16 0.06214174 
97 69 12 14 0.06194198 
791 83 11 13 0.061901037 
959 107 14 17 0.061731357 
55 67 12 15 0.061677877 
452 98 13 16 0.060991235 
430 79 13 16 0.06055798 
2 107 13 17 0.060358964 
112 101 10 14 0.06008047 
507 123 11 14 0.05864434 
316 71 11 14 0.05853948 
589 91 16 18 0.058374897 
104 69 21 26 0.058320288 
406 87 13 16 0.057629365 
141 116 16 20 0.05688306 
855 186 24 35 0.05612098 
239 82 17 22 0.05604419 
924 80 16 20 0.055921167 
455 83 12 14 0.05567336 
355 109 12 16 0.054933924 
589 77 11 14 0.054611064 
487 65 11 13 0.05400682 
267 69 9 12 0.05314002 
613 82 14 17 0.05312155 
13 90 11 16 0.052990813 
888 89 12 16 0.052981295 
512 141 11 13 0.05286187 
607 138 13 15 0.052698236 
147 155 11 14 0.05235562 
833 121 12 17 0.051992193 
899 210 15 20 0.051953137 
622 70 12 14 0.051836934 
797 93 13 16 0.05181327 
620 130 13 17 0.051489156 
911 87 21 26 0.0512604 
860 69 10 12 0.05107171 
397 152 13 15 0.050468564 
237 119 11 14 0.050459743 
172 93 13 16 0.049488597 
806 70 10 11 0.049338613 
414 101 11 15 0.049177743 
419 69 13 15 0.04902448 
735 75 13 15 0.048653703 
446 86 10 14 0.04754663 
858 85 13 17 0.047250852 
611 76 13 15 0.047208194 
481 116 11 14 0.047043607 
939 86 16 21 0.04682252 
791 250 12 14 0.046728455 
860 78 11 14 0.046665993 
568 69 13 15 0.046280786 
925 90 21 27 0.04543552 
901 70 13 15 0.045236714 
2 117 13 16 0.045033205 
638 136 16 17 0.04497064 
622 76 16 19 0.04458996 
789 105 12 13 0.04442603 
863 155 13 15 0.04420829 
212 161 13 16 0.04395844 
703 71 11 12 0.04362574 
802 115 13 14 0.043525178 
737 109 13 15 0.042820845 
768 109 11 13 0.04185158 
393 115 13 18 0.04152655 
171 85 12 14 0.041196372 
115 69 24 27 0.040798165 
192 127 10 13 0.040667165 
172 211 18 22 0.040329546 
906 74 14 18 0.03991553 
225 81 19 22 0.039840072 
629 68 12 14 0.039703403 
723 82 14 16 0.03965409 
687 71 13 15 0.03959441 
798 70 9 11 0.03958867 
956 99 14 15 0.039553683 
752 125 10 12 0.039391786 
598 126 13 17 0.039351135 
340 107 13 17 0.0393358 
389 137 13 16 0.039293528 
569 64 21 24 0.038927767 
419 101 11 14 0.038155958 
338 129 14 17 0.03802429 
693 71 12 14 0.038021315 
477 68 12 14 0.037827116 
670 77 11 14 0.037578523 
1011 78 11 17 0.03753475 
917 86 13 16 0.03718544 
677 84 14 17 0.037168156 
519 77 11 14 0.037033398 
683 88 15 17 0.03683319 
15 98 11 16 0.03676271 
1012 249 11 15 0.036555044 
452 106 13 16 0.036507986 
510 69 10 12 0.036500894 
710 75 12 14 0.036344264 
173 74 13 17 0.0360152 
374 137 14 18 0.035985555 
797 85 12 14 0.035982277 
670 100 12 17 0.035897706 
767 101 12 14 0.035577726 
847 84 14 18 0.03520133 
539 155 11 14 0.034915935 
548 199 9 11 0.03468558 
819 94 13 16 0.034524065 
581 83 13 16 0.034454867 
141 78 12 15 0.03436516 
1008 94 15 21 0.03434675 
759 81 13 16 0.03427005 
342 114 12 15 0.03409091 
701 75 13 16 0.033735115 
389 68 12 14 0.033723187 
388 126 14 20 0.033506423 
706 98 14 17 0.03323126 
964 95 16 19 0.03317209 
5 90 14 17 0.0331639 
555 105 13 16 0.03314041 
777 99 12 15 0.032697394 
591 160 12 15 0.03263284 
190 81 14 17 0.03247907 
357 83 11 15 0.032469697 
806 77 12 14 0.03245144 
560 123 13 17 0.032064088 
844 98 13 15 0.032001007 
202 78 15 17 0.031980697 
790 345 57 61 0.031827737 
214 66 11 13 0.031804785 
519 68 11 14 0.03178361 
822 117 11 14 0.031598713 
2 98 15 19 0.031252194 
843 70 13 15 0.030921424 
176 116 13 16 0.03087093 
30 88 19 22 0.030757505 
748 74 13 16 0.03075567 
887 211 26 33 0.030748757 
765 79 13 15 0.03060471 
21 76 11 15 0.030552672 
347 203 13 16 0.030542687 
597 97 19 23 0.030533444 
228 154 11 14 0.030522395 
223 76 13 17 0.030510645 
685 104 15 18 0.03037559 
473 84 12 15 0.030304458 
870 79 11 14 0.030223167 
198 89 14 17 0.03016762 
191 108 11 15 0.030135691 
762 132 11 14 0.029963734 
773 114 10 13 0.029883977 
605 148 10 13 0.029763343 
857 198 26 37 0.029536111 
677 99 15 18 0.029476121 
579 76 14 16 0.029430797 
292 85 13 17 0.029177139 
621 105 11 16 0.029157896 
747 94 12 15 0.029134708 
868 218 49 59 0.0289188 
447 64 10 11 0.028917609 
342 102 13 16 0.028741626 
291 75 13 16 0.028594626 
715 122 11 13 0.028591182 
423 294 26 35 0.028583568 
503 68 10 12 0.028572284 
519 127 11 14 0.028308041 
758 110 10 13 0.02830261 
279 88 11 14 0.028104234 
179 123 13 16 0.027781727 
217 98 12 16 0.02763603 
587 84 15 18 0.027436048 
867 201 30 35 0.027421711 
0 105 20 29 0.027331928 
528 161 23 29 0.027311416 
470 138 12 13 0.027304275 
53 74 14 16 0.027213039 
301 114 12 14 0.02713317 
141 109 14 16 0.026973786 
235 135 12 15 0.026865311 
425 84 12 16 0.026819764 
354 68 12 14 0.026790334 
906 98 23 26 0.026701882 
596 157 12 15 0.02669305 
747 109 11 15 0.026656331 
671 84 11 16 0.026638407 
375 76 18 21 0.026516281 
537 81 14 18 0.02641176 
852 172 26 30 0.026281608 
423 92 11 14 0.02623713 
977 95 17 21 0.026234498 
570 88 14 16 0.026212325 
831 82 14 17 0.026183581 
888 151 11 12 0.026169512 
525 113 11 14 0.02582965 
859 163 14 16 0.025717685 
302 162 10 13 0.025657222 
465 180 11 15 0.025650276 
460 74 13 15 0.0256092 
71 71 19 23 0.025564656 
252 95 14 18 0.025492271 
254 157 10 12 0.02548827 
553 124 11 15 0.02545067 
207 158 12 16 0.025386078 
231 118 11 14 0.025361804 
476 76 12 14 0.025230471 
952 85 18 20 0.025040345 
651 112 15 18 0.024973944 
470 160 13 16 0.02488758 
363 123 11 15 0.0248585 
779 87 11 14 0.02482821 
354 307 214 167 0.0247978 
535 169 14 17 0.024713626 
318 99 12 15 0.024629297 
268 66 18 23 0.02456725 
400 92 11 13 0.02446981 
351 128 15 17 0.024391377 
338 62 20 22 0.024311023 
815 118 11 13 0.024211587 
222 68 12 14 0.02411217 
32 71 11 13 0.024088334 
885 209 14 17 0.023895858 
501 148 12 15 0.02384 
605 155 11 14 0.02380193 
15 118 10 13 0.023783581 
84 75 12 16 0.023704067 
902 103 13 17 0.02369071 
464 164 10 14 0.02361803 
773 274 15 17 0.023614287 
670 89 14 19 0.023489023 
628 131 15 20 0.023443388 
873 85 14 17 0.023308821 
758 120 10 12 0.023281489 
785 69 10 12 0.023260508 
256 109 11 13 0.023168137 
649 92 21 25 0.023038713 
313 349 23 26 0.022977708 
251 238 15 16 0.022943838 
607 66 21 24 0.022877429 
323 340 15 21 0.02275751 
188 138 13 14 0.022652814 
265 394 28 36 0.02260184 
972 103 15 18 0.022595953 
460 109 11 13 0.022561332 
263 98 19 24 0.022554917 
384 318 22 25 0.022408064 
526 169 12 16 0.022399822 
582 90 15 17 0.022387628 
263 75 12 16 0.022376515 
441 242 16 17 0.02236962 
941 70 11 13 0.022366945 
900 65 22 25 0.022331866 
335 330 58 50 0.022308925 
639 88 13 17 0.022182189 
407 98 13 15 0.022076199 
677 76 13 16 0.022059388 
300 152 11 13 0.022053508 
502 141 11 14 0.02204722 
97 76 21 25 0.022006255 
363 82 13 16 0.022003965 
181 167 15 17 0.021916484 
613 157 10 13 0.021825487 
599 179 14 18 0.021793732 
441 100 10 12 0.021787835 
0 93 10 15 0.021650879 
219 132 11 13 0.021521004 
908 250 14 18 0.021496689 
758 91 12 14 0.021431547 
603 192 16 20 0.021405619 
20 84 13 17 0.021377964 
285 85 13 16 0.02135533 
638 65 10 13 0.02122257 
896 238 28 37 0.021169666 
166 108 11 14 0.02115991 
732 157 11 14 0.021101309 
434 325 73 65 0.021099284 
382 69 12 14 0.020995652 
447 108 11 15 0.02095426 
317 139 12 14 0.020933796 
644 93 13 17 0.02083018 
866 162 13 15 0.02081652 
269 93 14 18 0.020672355 
167 78 13 15 0.020652806 
724 88 15 17 0.020607078 
29 75 13 15 0.020553613 
823 124 10 12 0.020524029 
940 75 13 17 0.020506117 
891 156 10 13 0.020410176 
648 124 16 20 0.020384692 
222 155 13 15 0.02022166 
192 116 10 13 0.020162784 
556 68 12 14 0.020157365 
775 133 10 13 0.020153543 
396 110 13 17 0.020113418 
231 64 12 14 0.020110006 
425 116 11 17 0.020051016 
571 115 15 19 0.020012824 
579 107 14 18 0.020007275 
