0_Parade_marchingband_1_653
728
123 148 16 18 0.9879023 
323 136 16 20 0.98487616 
510 131 15 19 0.97544247 
960 180 18 21 0.9721986 
603 138 14 18 0.9694381 
226 140 15 18 0.96783286 
870 193 16 20 0.9656821 
738 132 14 19 0.961573 
874 116 16 21 0.95750767 
69 98 12 16 0.93938494 
47 46 10 13 0.90534997 
537 194 14 18 0.8969424 
533 95 13 17 0.89362645 
26 139 16 22 0.89003336 
77 143 16 20 0.88772315 
649 128 15 19 0.88738775 
418 141 15 18 0.8854191 
556 36 10 12 0.8676435 
599 185 16 19 0.86697245 
508 33 12 15 0.864343 
848 91 13 17 0.8523932 
374 144 14 19 0.8520865 
675 93 13 16 0.84893805 
396 88 14 17 0.84778106 
932 94 12 16 0.8442719 
559 128 15 18 0.84302944 
763 191 16 21 0.8429274 
173 133 16 24 0.83877623 
460 147 14 18 0.8301337 
959 38 12 16 0.8128415 
480 205 13 17 0.812821 
364 45 13 16 0.80754685 
166 95 13 16 0.8047904 
603 39 12 15 0.80317724 
925 116 15 17 0.7884017 
302 96 13 16 0.78574526 
807 92 12 16 0.76377666 
890 97 13 17 0.7584513 
45 197 15 20 0.7575473 
320 43 11 14 0.7472032 
351 94 14 18 0.7386302 
488 84 12 15 0.73739606 
211 96 14 16 0.73459065 
396 199 14 18 0.72795355 
759 88 13 16 0.700566 
980 129 15 18 0.69951653 
222 205 13 17 0.6858759 
743 43 10 13 0.6813795 
678 192 15 22 0.678659 
443 94 12 15 0.6697233 
780 134 16 19 0.653411 
828 32 10 13 0.6402312 
273 154 15 17 0.63321066 
188 44 10 13 0.62505627 
700 27 10 14 0.6209321 
259 109 13 16 0.6150323 
913 31 10 14 0.6136185 
114 89 13 16 0.61337584 
630 90 12 15 0.6064126 
101 53 9 11 0.58460367 
151 58 11 12 0.58314526 
645 103 14 16 0.56295186 
987 92 17 20 0.5463264 
571 148 16 19 0.5408103 
522 153 15 17 0.53851056 
129 202 13 18 0.52204055 
691 121 17 20 0.5204706 
641 75 10 13 0.51990277 
22 96 15 19 0.51437736 
476 55 14 17 0.51140016 
411 38 10 12 0.50308603 
753 63 9 13 0.4827598 
184 156 19 22 0.47941437 
466 38 11 13 0.47055286 
784 35 10 13 0.46896064 
864 40 11 13 0.43302375 
665 42 11 14 0.4222621 
712 45 10 12 0.4118756 
716 84 12 15 0.39695764 
322 197 13 16 0.3793305 
798 53 11 13 0.3733152 
159 74 10 12 0.36671022 
274 55 11 13 0.36281443 
774 103 13 17 0.354947 
310 208 15 20 0.35046288 
839 145 15 18 0.3486267 
521 52 10 12 0.3423435 
330 60 14 15 0.33983082 
407 104 13 17 0.32929248 
862 109 12 15 0.32383892 
584 90 12 15 0.31371263 
231 47 11 15 0.31182906 
78 115 16 19 0.31105563 
511 199 12 15 0.304579 
455 111 12 16 0.29857093 
652 23 13 16 0.2971957 
200 62 10 12 0.2870914 
395 239 18 22 0.28451398 
174 112 15 17 0.28424048 
840 48 10 12 0.26830024 
973 59 9 12 0.26273406 
873 60 9 12 0.25366613 
318 111 13 17 0.22970836 
547 219 12 16 0.21833196 
375 64 14 16 0.21338333 
465 211 12 16 0.21103846 
89 162 18 20 0.20529976 
879 59 10 12 0.20330825 
710 140 14 18 0.2016931 
823 127 14 17 0.19920278 
821 54 11 13 0.19475566 
796 150 14 18 0.19381087 
334 157 16 19 0.18863092 
943 109 13 17 0.1875904 
136 168 14 17 0.18551704 
508 76 11 14 0.18489861 
284 68 12 13 0.18392064 
905 88 10 13 0.18283053 
926 51 11 13 0.18250471 
901 45 10 12 0.18028621 
716 91 13 17 0.17742084 
470 165 15 18 0.17447738 
539 92 12 17 0.1730941 
154 37 8 12 0.16914576 
568 54 10 12 0.16891587 
804 54 9 12 0.16673608 
944 34 10 14 0.15637782 
884 56 10 13 0.15284458 
755 67 10 14 0.14891663 
439 59 10 12 0.14572729 
558 218 10 14 0.14516675 
755 150 15 18 0.14182666 
816 113 14 17 0.14009933 
126 110 14 16 0.13969226 
503 102 11 14 0.13878153 
53 63 11 13 0.13703385 
549 110 12 16 0.13693422 
628 98 15 19 0.13686849 
689 216 16 20 0.13643418 
101 31 8 11 0.1363101 
969 20 10 12 0.13581595 
980 77 13 17 0.13569997 
586 100 14 17 0.13451247 
875 226 16 19 0.1341774 
903 115 12 14 0.13396198 
240 69 10 13 0.13392188 
735 104 12 15 0.1336189 
364 112 12 16 0.133418 
598 21 7 10 0.13319676 
421 54 11 14 0.13319159 
152 98 10 14 0.13124023 
113 97 15 17 0.13095985 
63 145 13 17 0.1301984 
545 87 10 13 0.1286499 
135 63 9 11 0.12712832 
159 211 9 13 0.12630804 
375 206 11 14 0.12496704 
598 110 12 16 0.12408218 
941 100 13 16 0.12352751 
744 24 7 11 0.12264969 
895 76 8 11 0.12236005 
316 202 17 21 0.120314755 
602 258 22 25 0.11891293 
244 63 13 15 0.11567343 
97 48 10 13 0.11382208 
671 88 13 16 0.11052442 
947 103 11 14 0.11002485 
775 52 9 11 0.10867954 
491 223 12 17 0.108081006 
216 112 14 17 0.10682198 
752 24 8 11 0.10577353 
823 48 9 11 0.10436697 
621 104 15 18 0.103224784 
592 15 8 11 0.10298385 
967 138 14 17 0.10195914 
112 69 8 10 0.09910987 
183 59 9 11 0.09807772 
950 52 10 11 0.09740969 
317 83 12 17 0.09710983 
308 225 29 35 0.097001694 
285 171 14 17 0.09691248 
797 138 14 17 0.09549349 
408 41 11 14 0.09534761 
976 35 10 12 0.09458025 
431 107 13 15 0.09406538 
156 55 11 14 0.091411464 
972 145 14 15 0.08933299 
893 140 14 18 0.089305185 
677 249 17 20 0.08735132 
614 57 11 14 0.08658929 
949 32 9 12 0.08638446 
483 58 11 14 0.0863307 
544 112 13 16 0.08499882 
966 87 10 13 0.08464908 
926 158 13 16 0.082062975 
128 77 9 12 0.081343055 
247 214 9 12 0.081055045 
239 160 15 18 0.080481954 
459 108 12 16 0.0804682 
310 207 25 34 0.079873644 
536 60 9 12 0.079430476 
357 30 9 12 0.07894565 
48 61 11 12 0.07846973 
942 25 9 11 0.07779924 
115 104 15 17 0.07753573 
854 56 10 11 0.075170435 
803 151 15 18 0.07516981 
184 53 10 13 0.07446382 
216 234 27 32 0.07363048 
646 19 14 19 0.07318947 
867 108 16 19 0.073116586 
870 54 10 13 0.07281376 
991 152 15 17 0.072520964 
939 94 12 14 0.07229151 
356 84 16 21 0.072020456 
639 105 12 16 0.07047475 
436 161 12 16 0.07043767 
184 235 10 14 0.0702478 
931 110 16 19 0.06952403 
600 218 25 27 0.0693226 
462 101 11 14 0.069148496 
654 67 11 13 0.06851216 
912 43 10 13 0.06837895 
382 168 14 17 0.06803481 
188 51 10 12 0.06752338 
119 63 8 11 0.06603126 
103 70 8 10 0.065787144 
216 209 12 16 0.06560618 
357 62 9 12 0.06520602 
207 86 10 13 0.065166526 
757 24 8 9 0.06327005 
696 36 11 14 0.06219793 
494 119 11 15 0.06210945 
677 201 23 30 0.06208123 
552 44 11 14 0.061764617 
430 163 13 15 0.06167429 
653 145 15 18 0.061142884 
974 205 16 18 0.060627792 
515 36 10 12 0.060129855 
687 109 11 14 0.0600385 
644 72 11 13 0.05983959 
206 136 15 19 0.05960889 
645 2 10 13 0.059497643 
967 55 12 14 0.059490006 
928 87 12 16 0.059188128 
1009 55 9 11 0.059088413 
222 62 9 11 0.059081487 
917 45 10 12 0.058964234 
573 196 11 13 0.058739223 
797 20 9 12 0.058534488 
661 146 14 19 0.058372855 
912 8 8 9 0.05786609 
456 162 13 16 0.057498083 
725 100 12 15 0.056852203 
803 101 16 18 0.056560304 
473 124 15 18 0.056379236 
127 72 9 11 0.056094512 
935 26 11 14 0.05561371 
110 159 11 15 0.05557405 
857 92 14 16 0.055366416 
862 102 12 15 0.055158984 
453 93 11 14 0.05447951 
95 68 9 11 0.054168638 
971 93 13 15 0.054138657 
502 16 10 13 0.053901546 
83 112 12 15 0.053886272 
921 51 11 14 0.053771175 
312 114 14 16 0.053025573 
943 45 10 13 0.052613057 
694 43 11 11 0.052489884 
553 32 10 13 0.052304294 
951 36 13 15 0.051896803 
132 171 21 26 0.05171761 
188 23 9 12 0.051454775 
975 125 15 18 0.051379364 
25 104 18 19 0.05116402 
622 156 13 16 0.050990704 
310 61 10 12 0.050801642 
29 112 15 18 0.050677504 
983 71 11 15 0.05065706 
829 47 10 11 0.050305407 
96 61 10 12 0.05030229 
1007 35 10 12 0.05027784 
934 46 10 12 0.049948245 
748 137 13 17 0.049486004 
281 153 15 18 0.048857577 
73 130 21 27 0.048701197 
110 140 12 15 0.048491623 
846 52 9 11 0.048478007 
111 47 7 10 0.047888145 
103 95 10 13 0.047858853 
766 101 13 17 0.04765238 
952 45 11 14 0.04754009 
854 23 9 11 0.047109228 
464 33 10 13 0.04692575 
97 35 10 12 0.04685915 
102 60 8 10 0.046788927 
759 56 10 12 0.046431087 
133 233 17 23 0.046360575 
828 116 14 17 0.04614031 
551 50 10 12 0.04572078 
703 44 9 12 0.045523446 
119 262 10 13 0.045441743 
595 216 18 22 0.04471094 
927 27 10 12 0.044215202 
975 83 11 13 0.044097878 
864 52 10 11 0.04409366 
1012 173 11 17 0.04404447 
886 137 15 17 0.043984562 
1012 60 9 12 0.04389329 
906 110 13 16 0.04351375 
37 29 9 12 0.04332297 
302 60 10 13 0.043290682 
547 89 12 16 0.043007754 
401 84 15 19 0.042498924 
834 14 8 11 0.04247987 
113 65 8 10 0.042455908 
910 13 9 11 0.04237647 
439 87 12 15 0.042120595 
325 54 13 15 0.04201201 
15 96 14 19 0.04195919 
888 68 9 12 0.041877747 
757 30 8 10 0.041824155 
682 184 23 29 0.04180355 
40 50 12 14 0.041444253 
580 79 11 14 0.041376982 
408 32 11 15 0.041295152 
461 93 12 15 0.04121856 
780 52 10 12 0.041050863 
38 37 12 15 0.040999122 
879 90 12 16 0.040928945 
974 21 10 12 0.04076457 
419 209 14 15 0.040722594 
495 100 12 14 0.040677395 
269 129 13 18 0.040606264 
817 58 12 14 0.040561277 
357 107 15 19 0.040535603 
787 30 11 13 0.04033381 
613 156 14 16 0.04023412 
527 110 11 14 0.040173173 
389 67 10 13 0.04006571 
395 229 17 21 0.039819553 
896 41 9 11 0.039590128 
680 46 8 11 0.03953054 
483 83 11 15 0.039477058 
466 218 14 16 0.039364245 
990 62 9 13 0.03930716 
522 47 13 15 0.03919152 
191 212 11 13 0.039089985 
893 61 9 12 0.039081257 
952 16 7 9 0.03907484 
197 44 10 13 0.039038964 
793 16 10 11 0.03893853 
767 52 10 12 0.038932852 
165 59 11 13 0.03884207 
758 78 11 14 0.038827028 
671 105 13 17 0.038564 
470 130 13 16 0.038507782 
1000 39 10 11 0.0383089 
235 49 12 15 0.038059287 
742 92 11 13 0.03801282 
470 109 12 16 0.03799279 
777 59 10 13 0.03796335 
858 41 10 11 0.03793241 
982 23 8 10 0.03768169 
17 79 9 12 0.037330847 
254 236 12 15 0.03726283 
102 76 10 13 0.037210196 
151 69 11 13 0.037180714 
646 93 13 18 0.037018515 
646 37 10 12 0.037008796 
474 112 15 18 0.036882922 
957 49 13 15 0.03685928 
564 38 9 11 0.03676167 
293 61 13 14 0.036604896 
510 15 9 12 0.036404185 
750 56 9 11 0.036383327 
558 52 11 12 0.03632637 
172 121 18 23 0.03616095 
549 195 12 15 0.035849962 
748 39 10 12 0.03553624 
160 44 9 12 0.035414495 
220 202 22 27 0.035404064 
657 25 13 16 0.035372376 
912 25 9 12 0.035244018 
22 111 15 18 0.035199687 
19 84 15 18 0.035025824 
743 51 10 12 0.03501311 
593 19 9 13 0.034988146 
770 215 17 20 0.03485752 
226 114 14 16 0.034733713 
360 50 11 14 0.034702506 
455 99 11 14 0.0346515 
97 101 10 13 0.03462447 
702 171 13 16 0.034464117 
995 84 23 28 0.03440051 
74 94 12 16 0.034266103 
753 92 10 13 0.03415523 
775 21 8 10 0.03413129 
79 83 10 14 0.03403955 
828 52 10 13 0.033907436 
680 52 10 13 0.03387869 
328 132 15 20 0.033868484 
617 107 12 15 0.033779763 
686 46 10 11 0.0336476 
934 75 12 14 0.033146717 
847 62 10 11 0.03296306 
386 220 13 17 0.032926217 
532 103 14 18 0.032923553 
151 44 10 12 0.032820962 
190 60 11 13 0.032817602 
656 129 15 19 0.032800946 
387 227 16 21 0.03267891 
265 107 14 18 0.032668583 
337 58 12 15 0.032626167 
596 101 12 15 0.032481648 
108 52 9 12 0.032399982 
24 87 23 28 0.032342598 
412 161 15 16 0.03231244 
216 62 9 11 0.03220795 
645 83 12 16 0.032171782 
740 75 11 13 0.03216221 
271 66 12 14 0.032079596 
762 221 24 28 0.031913638 
504 44 10 13 0.031865902 
166 155 14 18 0.031809475 
639 46 10 12 0.03179728 
961 91 11 13 0.031794153 
894 86 11 15 0.03175244 
843 198 11 15 0.031680614 
937 38 9 12 0.03153937 
448 113 12 16 0.03149733 
234 69 9 12 0.031472057 
153 33 8 11 0.03146786 
219 235 16 19 0.031312183 
849 23 9 11 0.031304467 
499 115 13 16 0.03126733 
553 31 17 22 0.031224083 
150 117 11 14 0.031062609 
290 65 13 16 0.03100123 
309 83 16 20 0.030959146 
981 119 14 18 0.030839348 
276 35 11 14 0.030773785 
211 133 19 24 0.03066432 
782 44 10 13 0.030574247 
127 62 9 12 0.030429153 
910 50 11 12 0.030387694 
172 147 21 25 0.030386046 
226 44 18 24 0.030222956 
877 136 14 17 0.030153114 
225 51 11 15 0.030142225 
420 37 10 12 0.030124838 
183 39 18 22 0.030044066 
278 169 15 18 0.029983426 
798 76 11 14 0.029920625 
735 94 10 14 0.029874487 
143 71 10 11 0.02986353 
508 43 11 13 0.029792756 
217 92 15 18 0.029781468 
710 77 13 17 0.029704493 
455 53 11 13 0.029692922 
900 87 18 23 0.02966583 
244 53 16 19 0.029641317 
223 221 25 31 0.029622333 
349 104 15 18 0.029609904 
4 93 15 22 0.029488044 
680 245 24 29 0.029484475 
917 220 10 14 0.029428286 
164 68 11 14 0.02939812 
903 40 9 12 0.029396098 
824 26 18 22 0.029345626 
159 97 13 16 0.029336102 
463 83 13 15 0.029295087 
251 212 12 15 0.029167838 
121 223 10 14 0.029138109 
381 225 14 20 0.029112961 
276 62 20 23 0.029102167 
686 164 16 19 0.02910164 
126 84 11 15 0.02896912 
1013 45 9 13 0.02882678 
380 15 13 15 0.028806575 
32 64 9 10 0.028794486 
889 75 9 12 0.028738098 
993 46 10 13 0.028688071 
138 181 17 22 0.028596954 
353 35 11 13 0.028486876 
501 248 9 11 0.028465452 
206 210 40 51 0.02842169 
358 38 11 15 0.028316488 
920 60 11 13 0.028201373 
261 120 14 18 0.028188547 
769 47 10 13 0.028112436 
945 51 9 12 0.028021779 
640 120 20 25 0.028017819 
119 68 9 11 0.028002912 
311 54 11 14 0.027797665 
311 240 28 31 0.027797092 
158 143 15 20 0.027668674 
695 22 18 23 0.02758608 
571 131 13 16 0.027552327 
771 93 13 16 0.027533788 
902 79 9 11 0.027512416 
275 45 13 16 0.027330084 
587 244 15 18 0.027232073 
637 51 11 15 0.027167898 
825 24 9 11 0.02716632 
603 82 13 15 0.027150705 
420 161 14 16 0.027143408 
509 22 10 12 0.026953919 
841 62 9 12 0.02694014 
830 24 9 12 0.026913315 
965 201 14 17 0.026885105 
502 94 11 14 0.02681735 
380 212 13 16 0.026714727 
684 101 11 15 0.026637282 
735 59 10 12 0.026637157 
424 144 15 18 0.026623985 
319 1 11 10 0.026514273 
624 87 14 17 0.026481586 
145 54 10 13 0.026331406 
599 32 10 13 0.026209032 
838 200 14 18 0.026200788 
76 156 22 25 0.026178291 
836 30 9 12 0.026136097 
2 163 12 17 0.026131231 
942 132 13 17 0.026120868 
950 22 8 10 0.026116814 
21 78 10 13 0.026085675 
599 0 12 11 0.026076254 
203 55 13 15 0.026045622 
373 51 11 13 0.025987262 
50 50 13 15 0.025868686 
265 22 8 10 0.025867436 
590 0 12 11 0.025858162 
454 266 13 17 0.025820332 
740 116 15 19 0.025813771 
744 60 9 11 0.025759032 
823 14 8 10 0.025727982 
920 119 13 17 0.025638383 
230 59 10 12 0.02563487 
879 45 10 12 0.025560545 
120 55 9 12 0.025546772 
585 14 10 12 0.025541395 
70 114 16 19 0.025480755 
207 78 11 14 0.025459511 
947 211 11 14 0.025438242 
839 38 8 11 0.025384024 
468 92 12 15 0.025337411 
736 216 12 15 0.025308141 
980 29 10 14 0.025231164 
391 98 13 17 0.025215195 
319 60 10 13 0.025179416 
398 18 11 14 0.02510659 
683 177 19 22 0.025032362 
20 162 14 17 0.025031315 
500 155 13 15 0.025021276 
550 203 12 16 0.025016552 
977 145 15 18 0.025002588 
861 220 23 30 0.024866022 
507 105 11 15 0.024790987 
24 115 23 30 0.024785722 
676 256 25 29 0.02476715 
466 155 14 17 0.02475653 
653 87 11 14 0.024737647 
966 28 12 15 0.024725167 
444 55 11 14 0.024637368 
16 83 10 15 0.024612898 
818 47 9 11 0.024489218 
309 254 26 27 0.024446482 
96 47 18 23 0.024444986 
919 24 10 12 0.024439126 
982 52 10 13 0.024356807 
269 54 19 23 0.024329595 
997 51 11 14 0.024318023 
71 79 9 12 0.02424138 
462 52 10 13 0.024240872 
276 126 14 19 0.024177372 
310 323 16 20 0.024115784 
511 0 10 10 0.02411021 
528 86 11 14 0.02402318 
688 39 10 13 0.024001155 
899 98 13 16 0.023886466 
116 164 13 16 0.02387906 
31 68 9 12 0.023867501 
111 79 9 12 0.023857422 
361 90 13 17 0.023809347 
237 73 11 14 0.02380184 
78 77 10 14 0.023711132 
983 44 10 14 0.02369663 
927 38 9 13 0.023680551 
348 237 11 15 0.023615133 
711 96 14 17 0.023461783 
596 241 15 18 0.02341495 
233 227 14 18 0.023331964 
500 83 12 14 0.02326363 
309 66 13 15 0.023240529 
949 131 13 17 0.023211852 
926 76 11 14 0.023208145 
815 130 12 16 0.023157293 
792 21 10 12 0.023140106 
561 135 16 18 0.02311838 
757 37 10 12 0.023116572 
777 36 10 13 0.023110377 
816 31 10 13 0.023066526 
39 60 9 12 0.023045432 
762 153 15 18 0.023021184 
879 39 9 11 0.023005873 
956 122 14 17 0.02296694 
652 119 13 17 0.022962987 
646 144 16 19 0.02291559 
517 262 8 10 0.022906395 
751 57 17 23 0.022900261 
827 216 15 19 0.022888519 
772 84 12 16 0.022821588 
78 71 9 12 0.022800762 
598 51 11 13 0.02279495 
486 115 12 17 0.022751428 
476 48 13 16 0.022725824 
518 58 11 14 0.022683507 
604 52 13 14 0.022538448 
652 35 11 13 0.022507573 
741 70 10 12 0.022476185 
162 75 12 14 0.022438554 
99 156 16 20 0.022420935 
365 59 13 15 0.02241927 
738 44 10 13 0.022411698 
151 50 18 24 0.022390798 
263 70 11 13 0.022304334 
82 318 23 29 0.022293169 
263 59 12 14 0.022254247 
166 112 15 17 0.022251498 
664 86 10 14 0.022214126 
612 210 16 20 0.022207016 
164 52 13 15 0.02217119 
303 68 10 13 0.022140296 
59 61 11 14 0.022101836 
752 74 11 14 0.02209898 
504 72 12 14 0.022087475 
465 138 17 21 0.022070859 
188 107 12 14 0.022061143 
34 109 14 16 0.022060208 
768 38 10 12 0.021979045 
300 228 14 21 0.021953136 
533 77 10 12 0.021948539 
308 108 15 17 0.021904802 
109 237 10 12 0.02185399 
421 48 12 13 0.021714268 
227 122 16 19 0.02170494 
161 134 21 28 0.021687442 
351 54 11 14 0.021667883 
366 21 10 13 0.021650756 
874 54 19 24 0.021543661 
444 162 13 15 0.021528412 
870 32 9 11 0.021512743 
807 21 9 10 0.021509793 
48 58 19 23 0.02149981 
298 224 26 34 0.021481289 
637 114 12 15 0.021456305 
641 37 11 14 0.021446288 
662 38 19 22 0.021440912 
927 17 9 10 0.021440616 
998 106 12 15 0.021418383 
260 237 12 15 0.021355478 
3 154 12 18 0.021336026 
170 159 17 19 0.021287035 
250 60 13 15 0.021273514 
968 51 19 23 0.021256682 
479 99 11 14 0.021243425 
435 112 14 17 0.021210397 
380 55 13 15 0.021184703 
960 21 9 11 0.021160828 
759 199 25 30 0.021153906 
116 141 17 21 0.02115117 
157 80 13 18 0.021127708 
144 47 8 10 0.021114377 
554 107 12 17 0.021108435 
638 1 14 17 0.021098416 
605 98 12 16 0.021077432 
790 318 26 31 0.021029716 
462 16 9 12 0.020971954 
673 236 24 28 0.020970535 
1012 88 12 17 0.020958371 
643 172 15 18 0.020946944 
592 52 9 12 0.020941304 
144 60 9 12 0.020921834 
959 16 8 9 0.02092085 
819 163 15 19 0.020909231 
809 86 14 17 0.02089389 
132 77 11 14 0.020876352 
583 60 9 12 0.020851057 
398 104 15 18 0.020832023 
484 98 13 15 0.020765398 
930 130 15 17 0.020764632 
959 222 10 12 0.020752259 
395 95 16 19 0.02074892 
118 111 14 18 0.02071801 
564 260 12 15 0.020706303 
308 0 13 11 0.02069108 
426 52 12 15 0.020689208 
204 66 12 14 0.020671235 
367 202 15 18 0.02066144 
706 28 12 15 0.02065843 
134 67 10 13 0.020649016 
557 92 12 16 0.020604052 
549 324 13 17 0.020562686 
894 54 10 12 0.020543603 
764 79 12 16 0.020483883 
722 84 12 15 0.02047407 
886 39 8 10 0.02046194 
594 228 24 27 0.020432627 
495 52 10 13 0.020429842 
163 202 15 18 0.020399699 
510 93 11 14 0.020374501 
339 150 14 18 0.020356275 
893 122 14 17 0.020313857 
974 67 12 15 0.020274483 
199 236 10 13 0.020266673 
956 131 14 18 0.020231135 
176 59 10 13 0.020214476 
776 182 21 27 0.020205412 
740 40 18 22 0.020180665 
883 104 15 19 0.020175762 
909 122 13 16 0.020151189 
269 22 9 11 0.020139776 
380 132 13 16 0.020132683 
33 98 14 17 0.020130618 
816 54 21 23 0.020126149 
540 59 11 14 0.020116273 
