0_Parade_marchingband_1_78
2157
725 134 8 11 0.8051766 
782 69 9 11 0.74241567 
698 468 9 12 0.6908153 
464 142 8 9 0.6584869 
752 596 11 14 0.61015344 
908 572 9 11 0.5924093 
860 595 11 14 0.57967246 
977 567 7 10 0.54696524 
992 312 10 12 0.53911775 
863 95 11 13 0.5205322 
678 253 9 11 0.5121792 
647 479 8 10 0.50569165 
655 360 9 11 0.5000969 
680 93 8 11 0.4828326 
830 197 10 13 0.4624799 
750 215 9 12 0.46016505 
613 36 10 12 0.42106274 
290 167 10 11 0.41598308 
743 111 9 11 0.411417 
914 30 11 13 0.40452418 
700 591 10 14 0.40292588 
966 88 9 11 0.39729354 
442 126 7 9 0.38956955 
494 159 8 11 0.3833828 
525 37 8 11 0.37499097 
785 32 9 10 0.3638234 
961 188 8 11 0.36265153 
973 152 8 10 0.3577654 
724 283 10 13 0.35699162 
717 28 8 10 0.3447803 
534 126 7 10 0.3437191 
896 205 9 11 0.33707654 
877 135 9 10 0.33556402 
416 160 9 11 0.33375654 
686 167 8 9 0.33085036 
861 37 10 12 0.32365707 
709 197 8 10 0.3213615 
303 181 8 9 0.3161313 
253 93 8 10 0.31238726 
239 149 8 9 0.31016526 
576 205 9 10 0.3045647 
425 128 8 11 0.30414036 
851 76 11 14 0.30265388 
369 169 8 10 0.30261055 
206 190 8 11 0.29921824 
510 127 8 10 0.29887056 
841 150 8 10 0.29724556 
720 167 8 11 0.29492107 
127 341 13 17 0.2943476 
487 133 8 11 0.29427922 
786 94 8 11 0.29343125 
799 195 10 12 0.29274476 
558 96 8 11 0.28642526 
851 60 11 13 0.28232372 
878 157 8 10 0.2820846 
510 133 8 11 0.28205675 
373 173 7 10 0.28062105 
820 109 9 12 0.27983472 
304 160 9 10 0.2781082 
830 231 9 11 0.27648938 
642 142 9 11 0.27469066 
481 215 8 10 0.27362782 
581 200 8 11 0.27049345 
311 166 8 10 0.26954445 
399 191 8 10 0.26875117 
910 124 8 11 0.2684135 
391 159 8 11 0.2674823 
664 15 7 9 0.26209113 
559 152 8 10 0.2610844 
737 166 7 10 0.25697508 
940 109 10 12 0.2563995 
880 153 7 9 0.25277838 
640 13 8 10 0.25277132 
740 199 8 11 0.25128156 
835 32 14 16 0.25048485 
909 85 9 11 0.24915221 
686 141 8 11 0.249004 
640 9 7 9 0.2488189 
287 126 8 11 0.24817152 
809 182 8 10 0.24491064 
758 207 9 11 0.24334839 
344 158 8 9 0.24280672 
1010 168 7 8 0.23978882 
810 120 9 11 0.23912466 
655 199 7 10 0.23754297 
625 144 8 11 0.23665416 
640 151 8 10 0.2363433 
599 117 8 10 0.23180537 
970 198 9 12 0.23173867 
655 191 8 10 0.22891022 
904 61 11 13 0.22427736 
936 232 8 10 0.22229318 
712 225 9 12 0.22221917 
695 190 7 10 0.22184777 
15 242 10 13 0.22120287 
589 343 7 9 0.22035043 
720 211 9 11 0.21970299 
696 490 8 12 0.21810739 
424 174 7 9 0.21806243 
917 77 8 11 0.21718085 
845 119 9 11 0.2166171 
828 588 9 13 0.21368344 
490 158 8 11 0.21170467 
167 121 8 10 0.21005432 
669 111 8 11 0.20904602 
328 292 11 13 0.20888828 
269 205 8 10 0.20883568 
270 126 7 9 0.20867176 
410 208 8 10 0.20765616 
551 214 7 9 0.20652747 
431 414 7 10 0.20625556 
1012 528 10 14 0.2060266 
929 200 7 10 0.2058854 
545 205 9 12 0.2055097 
898 320 8 10 0.204898 
975 112 8 10 0.2035908 
704 263 9 12 0.20267752 
510 87 8 10 0.2024727 
1007 288 7 10 0.20184907 
980 628 10 13 0.20100473 
788 36 10 12 0.20091027 
774 53 10 13 0.20053057 
682 167 7 9 0.2005278 
934 236 10 13 0.19877152 
962 271 9 11 0.19860034 
546 200 8 10 0.19848117 
63 397 12 16 0.19671427 
806 247 9 12 0.1959185 
775 174 8 11 0.19590187 
560 180 8 11 0.19566707 
804 613 9 11 0.1933585 
878 206 9 12 0.1915695 
711 127 8 12 0.1915272 
913 35 13 15 0.19133842 
329 158 9 11 0.19111824 
441 214 8 11 0.19055285 
294 160 10 11 0.1891964 
326 119 9 10 0.18865494 
432 190 8 10 0.18855111 
512 79 7 10 0.18842846 
263 169 9 10 0.1876737 
787 100 10 13 0.18761541 
510 192 7 10 0.185785 
450 143 7 10 0.18572298 
993 196 9 10 0.18508923 
992 606 13 19 0.18424295 
839 182 9 11 0.1836497 
940 104 9 11 0.18271244 
344 151 8 10 0.17917301 
606 190 7 9 0.1781983 
1001 142 8 10 0.17707382 
583 109 9 11 0.176007 
969 151 9 11 0.1758888 
557 343 9 11 0.17507361 
876 196 9 12 0.17489818 
560 39 8 10 0.17451715 
333 165 9 11 0.17417689 
882 317 8 10 0.17413838 
528 150 8 10 0.17387748 
910 45 11 14 0.17381525 
458 167 6 9 0.1735284 
472 198 8 10 0.17297177 
710 486 8 10 0.17121395 
833 176 8 10 0.17056368 
327 150 8 9 0.17042518 
905 120 10 12 0.17007278 
391 164 8 11 0.16959669 
617 361 9 11 0.16953081 
440 208 7 9 0.16849245 
593 149 9 11 0.16812159 
690 16 7 9 0.16732776 
399 197 7 9 0.16653714 
918 308 10 12 0.16476859 
462 191 8 10 0.16258162 
625 112 8 10 0.15959412 
821 103 10 12 0.15880121 
687 137 7 10 0.1587969 
611 31 9 11 0.1583499 
573 120 8 10 0.15792209 
736 231 8 11 0.15760075 
900 587 13 17 0.15719937 
488 230 8 9 0.15670837 
384 151 8 9 0.15667 
968 167 8 10 0.1566122 
446 216 7 9 0.15611273 
961 149 8 10 0.1560117 
745 24 9 12 0.15492497 
655 30 7 10 0.15374297 
694 206 8 10 0.15203999 
470 135 8 11 0.15176544 
688 160 8 11 0.1513389 
496 191 8 11 0.1505175 
469 80 8 11 0.15013383 
953 213 8 10 0.14956234 
846 110 10 11 0.1477298 
159 303 9 11 0.14570357 
447 221 7 9 0.14550546 
327 124 8 11 0.14507115 
458 199 8 10 0.14455536 
903 103 10 12 0.14435354 
843 126 9 12 0.14425321 
253 269 11 13 0.14256254 
641 136 8 11 0.14248002 
912 307 10 13 0.14221357 
840 213 10 13 0.14187817 
560 70 8 10 0.14073765 
574 125 7 10 0.14073499 
664 118 8 11 0.14026353 
703 53 8 10 0.13999553 
655 160 7 9 0.13934098 
591 174 8 10 0.13870315 
978 223 6 9 0.13845626 
606 7 8 11 0.13819487 
768 175 8 10 0.138156 
988 125 11 13 0.1380475 
374 230 7 10 0.13779923 
576 183 7 9 0.13769318 
414 208 7 10 0.13761172 
806 190 9 12 0.1375196 
129 313 9 12 0.1373022 
966 189 8 10 0.13686815 
503 182 7 9 0.1364872 
511 216 8 11 0.1362816 
741 95 9 11 0.13623972 
408 213 8 10 0.1360291 
309 161 8 10 0.13562278 
573 155 11 13 0.13554935 
318 173 8 10 0.13550293 
977 136 7 10 0.13546927 
463 230 8 10 0.13530628 
710 263 10 12 0.13526164 
234 184 7 9 0.13519652 
605 167 8 10 0.13511834 
402 133 8 10 0.13467991 
511 120 8 10 0.13467027 
662 89 10 14 0.13451849 
549 207 8 11 0.13411927 
511 197 7 10 0.13411798 
808 152 8 10 0.13391866 
488 129 8 10 0.13387783 
407 184 7 10 0.13369137 
322 183 8 10 0.13333863 
189 192 7 10 0.133233 
384 104 8 11 0.1314921 
941 136 8 10 0.13070756 
886 152 7 9 0.13023198 
502 207 9 11 0.13011116 
750 28 8 11 0.12993483 
598 144 9 11 0.12988703 
569 176 8 11 0.12965935 
807 176 9 11 0.12927218 
909 52 9 12 0.1289434 
486 142 8 10 0.12852706 
470 85 8 10 0.1282022 
944 151 7 10 0.12818265 
544 152 7 10 0.12771456 
370 229 8 11 0.1276233 
824 118 9 12 0.12730359 
933 327 9 11 0.12725802 
560 157 8 10 0.12716112 
433 149 8 10 0.1269898 
902 609 12 15 0.12654063 
368 143 7 9 0.12616858 
698 23 6 8 0.12501916 
542 183 8 9 0.12491568 
726 189 9 11 0.12486114 
302 258 14 18 0.124672286 
386 158 8 11 0.124660484 
601 206 8 10 0.124445006 
898 325 9 11 0.124162465 
678 260 11 14 0.124080464 
673 168 7 9 0.12399745 
263 136 7 10 0.123536766 
684 237 9 11 0.123431414 
728 129 9 12 0.12331329 
863 33 8 11 0.12313857 
910 142 7 10 0.12274427 
790 119 8 10 0.12259829 
831 192 10 12 0.12206397 
271 142 8 10 0.121986486 
553 135 8 10 0.12170636 
601 113 7 10 0.121401474 
966 184 9 11 0.12125485 
874 191 9 12 0.121219546 
769 158 8 10 0.120676115 
944 169 8 11 0.12052623 
727 158 9 11 0.12041732 
934 199 8 11 0.12004116 
432 168 7 9 0.11939397 
896 212 10 12 0.119353704 
625 17 7 8 0.11910477 
782 135 8 11 0.11894098 
324 310 11 14 0.118163414 
986 151 8 10 0.117418714 
719 14 7 10 0.11623934 
447 86 8 10 0.11615681 
689 206 9 11 0.11609149 
43 439 14 18 0.11599823 
919 118 8 11 0.11583969 
583 30 9 11 0.115422875 
288 171 9 11 0.11539517 
840 252 10 12 0.115307786 
165 292 9 10 0.11520893 
560 87 7 9 0.115103595 
488 112 7 9 0.114882305 
646 136 7 10 0.11461075 
269 70 9 12 0.11429549 
937 188 8 11 0.1140069 
210 196 7 10 0.11376793 
986 349 8 11 0.11375383 
767 151 8 11 0.113466255 
873 223 8 10 0.113422886 
336 215 9 12 0.113213226 
829 125 9 11 0.11317658 
512 221 8 11 0.112999596 
679 98 10 12 0.11290646 
457 175 7 9 0.11271852 
632 117 8 10 0.112320006 
694 15 7 10 0.11229179 
680 249 10 12 0.112170525 
553 176 8 10 0.11198268 
768 138 8 10 0.11177294 
567 157 9 12 0.11155642 
841 262 9 12 0.111461565 
860 42 12 14 0.11129619 
477 168 9 10 0.11114535 
540 471 9 11 0.11049484 
975 141 8 10 0.10948401 
569 124 9 11 0.10947252 
687 172 8 11 0.109143645 
913 80 9 11 0.10896528 
846 183 9 11 0.10867968 
495 152 8 9 0.108540215 
583 23 8 10 0.108429186 
239 200 8 9 0.10837402 
446 135 8 10 0.107849844 
839 188 8 11 0.10779217 
124 335 27 33 0.10773283 
962 87 9 11 0.10771892 
432 144 7 9 0.10758002 
726 151 8 10 0.10682358 
878 141 8 9 0.106475525 
374 183 8 10 0.10615388 
664 124 9 10 0.10611494 
701 475 10 12 0.1059102 
383 144 8 9 0.10577743 
684 246 10 13 0.10549104 
680 125 8 10 0.105312794 
775 136 9 10 0.10528004 
199 208 7 9 0.105188675 
672 253 11 13 0.10403434 
617 199 9 10 0.10355664 
839 156 9 11 0.10334474 
702 48 7 10 0.10330608 
552 165 8 10 0.10305461 
952 208 8 10 0.10297164 
726 199 7 9 0.10290078 
368 150 8 10 0.102569245 
738 172 7 10 0.10251865 
720 8 8 9 0.10246229 
632 158 8 10 0.1021047 
680 89 7 10 0.10203649 
6 476 12 18 0.101451784 
247 268 12 15 0.10105191 
703 175 8 11 0.10097349 
235 200 7 9 0.10075408 
734 160 7 10 0.10069964 
215 198 7 9 0.10047448 
758 168 8 11 0.10046419 
638 155 8 11 0.100410625 
953 121 9 11 0.100116245 
904 91 10 12 0.100005575 
672 23 7 9 0.09996562 
719 159 9 12 0.09950215 
394 191 7 10 0.09942046 
929 215 8 11 0.09941425 
681 232 8 10 0.09927796 
721 190 8 11 0.09863216 
847 144 8 10 0.09854539 
229 280 12 15 0.09853768 
512 206 8 10 0.09796122 
828 120 9 11 0.097938046 
838 177 8 10 0.097663134 
462 223 8 9 0.09760405 
705 126 9 11 0.09756923 
441 122 8 10 0.09727502 
690 191 8 10 0.097219855 
904 201 8 10 0.09717408 
902 204 10 12 0.09714224 
55 387 11 13 0.0969634 
334 255 8 11 0.09695565 
271 214 9 11 0.09666515 
623 95 9 10 0.09663396 
583 134 8 10 0.0965653 
656 205 8 10 0.09632222 
662 182 8 11 0.09590184 
766 141 8 10 0.09569274 
544 158 8 10 0.095383584 
374 135 7 9 0.095040016 
727 214 9 11 0.09485072 
345 177 7 9 0.093754426 
231 166 7 9 0.09367253 
327 191 8 10 0.093301855 
768 167 8 10 0.09327261 
399 224 8 10 0.0932424 
161 293 10 12 0.093137495 
810 142 8 10 0.092981495 
472 216 7 9 0.092710696 
218 159 6 8 0.092687406 
479 221 9 10 0.09257344 
439 159 7 9 0.092560135 
406 129 8 10 0.09255896 
893 232 8 10 0.09245554 
172 553 13 18 0.092355035 
433 208 8 9 0.092306525 
689 198 9 10 0.09198803 
509 94 8 9 0.09184134 
697 183 7 11 0.091635965 
710 282 11 14 0.09137437 
774 206 11 13 0.091350116 
734 128 8 11 0.090847805 
936 144 8 9 0.09084137 
713 166 7 10 0.09078013 
934 32 10 12 0.09064947 
594 118 8 10 0.09054275 
687 112 7 10 0.09046723 
29 125 9 11 0.09040383 
629 112 8 11 0.090345375 
664 316 11 14 0.09012094 
885 312 8 11 0.08986337 
754 167 8 11 0.08983565 
504 102 7 9 0.08946698 
512 160 9 11 0.089463934 
944 253 9 11 0.08922542 
423 167 8 10 0.08917566 
781 140 8 10 0.08888976 
650 198 8 10 0.08881226 
161 206 7 9 0.08865713 
633 23 7 10 0.08865619 
728 184 8 10 0.08862885 
262 108 9 11 0.0884759 
351 176 8 9 0.08841196 
696 120 8 10 0.08838652 
928 246 8 9 0.088318855 
567 111 8 10 0.08830061 
302 141 8 10 0.08827429 
529 120 9 11 0.0881994 
360 166 9 11 0.08809875 
472 103 9 11 0.08801599 
656 88 9 12 0.08799446 
497 183 8 11 0.08783893 
1015 142 7 10 0.08778855 
606 184 7 9 0.0877109 
705 192 9 11 0.08752058 
702 181 9 10 0.08723607 
725 206 9 11 0.087190084 
863 206 8 10 0.087152645 
878 212 9 11 0.08699546 
601 7 9 10 0.08693332 
943 337 7 10 0.08688103 
665 10 8 9 0.0868207 
705 133 9 11 0.08678457 
758 191 9 12 0.08674769 
935 149 8 11 0.08646512 
390 134 8 10 0.08636071 
417 231 7 9 0.08630148 
710 53 8 10 0.08629272 
874 158 9 10 0.08617352 
899 594 14 18 0.0861256 
696 30 8 10 0.08604116 
457 104 7 10 0.085694 
383 238 7 9 0.085587166 
839 248 9 11 0.08543285 
502 176 8 11 0.08535885 
975 173 8 11 0.08528366 
593 191 7 9 0.085276656 
812 124 9 12 0.08490924 
551 160 8 10 0.08486326 
904 148 9 10 0.08478678 
400 128 9 12 0.084648535 
601 183 7 10 0.08459214 
481 69 10 12 0.08427222 
449 148 8 10 0.08426268 
774 115 9 12 0.083906606 
510 141 8 9 0.08386911 
784 151 9 12 0.08361393 
615 54 9 10 0.08361258 
471 206 8 10 0.08355897 
551 119 8 9 0.08345318 
743 85 11 13 0.08343705 
328 145 8 10 0.08337836 
790 208 10 12 0.083188 
632 150 8 11 0.083179116 
950 167 8 11 0.08296356 
488 193 9 11 0.08282171 
552 127 7 9 0.08273508 
925 119 8 11 0.08246242 
282 134 7 10 0.08242425 
706 168 7 8 0.08216325 
605 13 8 10 0.08215914 
692 160 9 10 0.08205564 
682 149 9 11 0.08182237 
470 233 8 10 0.08176605 
680 135 9 11 0.08152708 
313 171 9 11 0.08126388 
463 198 7 10 0.081251785 
600 173 8 11 0.08123209 
266 78 8 11 0.081026174 
530 133 8 10 0.081016235 
529 54 7 10 0.080883525 
890 232 7 10 0.080870405 
760 197 9 11 0.080615796 
841 145 8 11 0.08061007 
182 241 7 9 0.07990776 
950 288 7 9 0.07989725 
658 174 8 11 0.0798467 
824 215 9 12 0.079840906 
1002 293 11 13 0.07966521 
737 100 11 13 0.0795815 
584 16 8 10 0.079464324 
263 141 8 9 0.07940396 
959 144 8 11 0.079362646 
463 448 9 11 0.07907515 
453 183 9 11 0.07893723 
625 167 7 10 0.078876205 
775 231 8 10 0.07868626 
296 152 9 11 0.078664735 
937 333 9 12 0.078637995 
997 575 9 13 0.078517705 
416 127 8 10 0.07833894 
506 95 7 10 0.07833058 
568 206 7 10 0.07825156 
945 248 8 11 0.078247614 
439 175 7 9 0.07816152 
693 326 8 12 0.07805766 
822 152 8 10 0.07799204 
465 184 8 10 0.07793577 
269 65 8 9 0.07773562 
389 110 8 10 0.07771735 
718 37 8 11 0.07758922 
624 101 8 10 0.07749565 
529 145 7 9 0.07733247 
665 254 9 12 0.077269204 
809 135 9 12 0.07726312 
855 496 10 14 0.07724414 
864 87 11 14 0.077111036 
190 197 7 9 0.07700977 
912 189 8 11 0.07689801 
583 142 7 9 0.07660398 
472 192 7 9 0.076496296 
369 136 8 10 0.076476514 
456 160 7 8 0.07634078 
520 44 8 11 0.07629506 
318 302 10 12 0.07612922 
727 230 10 13 0.0759341 
958 319 8 11 0.07579887 
733 214 9 12 0.075787276 
247 159 8 10 0.07571224 
789 151 8 11 0.075460605 
458 231 8 10 0.075373255 
440 220 8 10 0.075122416 
607 143 9 10 0.07509639 
958 215 7 9 0.07508609 
640 208 8 9 0.074884556 
673 30 7 10 0.074665114 
1006 190 8 11 0.074454814 
1000 180 8 11 0.074452385 
974 189 8 11 0.07441909 
223 185 8 10 0.07430471 
753 191 10 11 0.07415924 
857 32 10 12 0.07412635 
914 167 8 11 0.07392693 
970 157 9 11 0.0738755 
534 134 8 10 0.07386244 
463 111 8 9 0.07386186 
472 109 8 10 0.073697805 
463 118 8 10 0.073546596 
848 69 13 16 0.07317328 
729 118 8 10 0.07314002 
472 158 7 9 0.07297714 
457 223 7 9 0.07274901 
287 131 9 12 0.0727415 
538 494 24 33 0.072445005 
629 143 7 10 0.0724399 
285 200 10 13 0.07238668 
574 176 7 9 0.07231427 
856 151 7 10 0.07225745 
505 120 7 10 0.07218877 
974 183 8 10 0.07213606 
865 143 7 10 0.07210198 
937 297 8 10 0.07198148 
606 128 9 10 0.07188676 
271 183 8 10 0.07185696 
201 165 8 11 0.07176883 
846 150 7 10 0.07169475 
605 134 9 10 0.07168967 
490 165 9 10 0.07167882 
920 220 8 11 0.071637265 
618 183 9 10 0.071562916 
753 210 9 11 0.07149507 
646 149 7 10 0.071443774 
397 168 7 9 0.07138176 
328 174 8 10 0.07137662 
94 247 9 12 0.07137105 
112 232 9 11 0.07136786 
936 168 7 9 0.07119263 
487 118 7 9 0.07113786 
479 208 7 9 0.07106706 
386 135 8 10 0.07100327 
397 159 8 10 0.07090474 
625 70 9 11 0.070772216 
520 186 9 10 0.07070627 
245 176 9 11 0.070547596 
552 142 8 10 0.07047449 
905 143 8 10 0.070417345 
368 224 8 11 0.070311956 
907 585 13 16 0.070175305 
558 134 8 10 0.07010421 
465 216 7 10 0.07006297 
830 223 9 12 0.07003111 
718 228 9 12 0.07000435 
390 182 8 11 0.06995183 
510 480 9 11 0.069941506 
246 200 7 10 0.069899425 
504 197 7 10 0.06981564 
421 160 8 9 0.0697694 
920 200 9 12 0.06976906 
638 126 8 10 0.0697284 
165 256 9 11 0.06948284 
376 158 7 9 0.06944375 
744 135 7 9 0.06936728 
695 136 8 11 0.06905494 
814 208 8 12 0.06903367 
408 103 8 10 0.06900374 
713 160 8 11 0.068883985 
678 183 8 10 0.06886259 
1014 205 8 12 0.06884266 
395 197 7 10 0.06882909 
650 191 7 10 0.068816185 
784 206 8 12 0.06868525 
930 240 9 12 0.068592556 
408 149 7 10 0.06851254 
1000 360 9 12 0.06844837 
113 38 8 11 0.0682322 
957 207 9 10 0.06813086 
697 125 9 10 0.06810195 
457 191 8 10 0.06798103 
1013 244 8 12 0.06787084 
751 238 8 10 0.06782529 
329 166 9 11 0.06773155 
999 196 8 11 0.06768916 
433 185 7 9 0.06767144 
829 263 8 11 0.06754398 
358 112 8 10 0.06753134 
880 326 8 10 0.06749427 
487 223 7 10 0.067482114 
952 336 7 10 0.067422055 
680 120 9 10 0.06741763 
633 30 7 10 0.067408755 
985 208 7 10 0.06740019 
749 62 9 11 0.06739601 
650 31 8 10 0.06732185 
584 104 9 11 0.06714107 
836 231 9 11 0.06709024 
724 292 11 16 0.067002006 
265 200 8 11 0.066847704 
733 223 9 11 0.06666232 
465 206 8 10 0.066660434 
743 126 8 11 0.06639447 
250 116 9 11 0.06631545 
976 334 8 11 0.066310205 
750 38 9 11 0.066229805 
679 266 10 13 0.066136174 
494 127 8 10 0.066114254 
352 167 8 10 0.06602913 
543 191 9 10 0.065906644 
376 189 7 9 0.065844625 
658 183 8 12 0.06583184 
846 263 8 11 0.0656437 
269 76 9 11 0.06555887 
861 78 9 11 0.0655358 
438 167 8 9 0.06534671 
322 118 8 11 0.06524351 
943 142 7 9 0.06514697 
477 173 8 10 0.06510833 
294 173 9 11 0.06498171 
950 174 8 9 0.06497442 
202 185 8 10 0.06486133 
957 119 8 10 0.064743355 
647 206 8 10 0.06469716 
690 8 8 9 0.06461681 
440 100 9 11 0.0645709 
297 142 8 10 0.06452308 
952 136 7 9 0.06446438 
745 15 7 9 0.06441419 
673 184 8 10 0.06432793 
742 232 8 10 0.0643198 
281 174 8 10 0.064302586 
401 185 8 10 0.0641164 
774 59 13 15 0.0641045 
711 49 8 10 0.06390548 
730 222 8 11 0.063837975 
578 214 8 10 0.063832745 
840 207 9 11 0.063823245 
462 174 7 9 0.06382226 
534 120 8 10 0.06375833 
482 119 7 9 0.06373522 
703 485 11 13 0.063714586 
725 173 8 11 0.06365563 
910 205 8 11 0.06365324 
673 189 8 10 0.06360086 
616 43 9 11 0.06356852 
295 134 8 10 0.063495226 
864 151 7 10 0.06304426 
223 207 6 8 0.06298811 
442 69 8 11 0.06294407 
938 300 8 11 0.06286256 
589 464 10 13 0.062420916 
343 146 9 10 0.06237533 
663 21 8 10 0.062341597 
846 175 9 10 0.06232527 
721 110 7 10 0.062246475 
19 240 14 17 0.062188365 
450 184 8 10 0.062128533 
943 301 8 11 0.061946075 
552 221 7 9 0.061538387 
958 197 10 11 0.06153383 
985 214 7 10 0.061459266 
738 108 10 14 0.06143361 
586 230 8 11 0.061427504 
926 125 7 10 0.061273634 
335 275 11 14 0.0612203 
544 177 8 9 0.061189458 
317 293 11 14 0.061119538 
725 167 8 11 0.06091142 
801 174 8 11 0.0608875 
558 65 7 10 0.060841512 
734 183 9 11 0.060804542 
625 88 8 10 0.060797155 
887 325 7 10 0.060745604 
434 223 7 10 0.060698558 
903 80 9 11 0.0606052 
937 174 7 10 0.060356505 
478 103 8 9 0.060285866 
445 208 8 10 0.06023772 
981 366 7 10 0.060223546 
1005 142 8 10 0.06013589 
862 89 19 23 0.060093533 
568 200 7 10 0.060015503 
139 547 13 18 0.05995319 
775 168 7 10 0.059826482 
456 204 8 10 0.059764225 
407 144 8 10 0.05968167 
486 215 7 10 0.05959438 
504 192 8 10 0.059553266 
931 144 7 9 0.059480056 
238 183 8 10 0.059319686 
88 123 12 16 0.059293326 
337 230 9 11 0.059185088 
822 157 8 11 0.05915135 
750 134 8 10 0.05912855 
801 263 9 11 0.059013754 
354 117 8 11 0.05891777 
656 166 7 10 0.058890536 
631 16 8 9 0.058800377 
633 126 8 10 0.05873315 
410 166 8 10 0.058718413 
832 246 8 11 0.058691226 
718 239 8 11 0.0585966 
952 342 8 10 0.058587093 
886 124 8 10 0.058561932 
226 166 6 9 0.058470577 
814 135 8 11 0.058462735 
768 180 8 10 0.05845282 
1013 172 8 11 0.058445115 
919 184 9 12 0.05840072 
614 62 9 10 0.058343206 
517 159 8 10 0.058334418 
320 149 8 11 0.058309924 
688 31 8 10 0.058271665 
150 545 16 18 0.058237348 
665 222 7 10 0.058205172 
349 159 8 9 0.058203176 
384 233 7 9 0.058169197 
473 221 8 9 0.05815975 
206 185 7 10 0.058107175 
943 117 9 11 0.058079112 
552 44 9 12 0.058025535 
360 125 8 10 0.058005624 
535 142 8 9 0.05790958 
110 179 10 13 0.057853 
338 183 7 10 0.057814572 
28 142 9 12 0.057813287 
615 149 8 11 0.057797108 
359 118 8 11 0.057710033 
194 150 7 10 0.05768372 
504 86 9 12 0.057671774 
977 367 9 10 0.05752097 
334 143 8 10 0.057513032 
959 105 8 10 0.05748566 
461 168 8 10 0.057482515 
702 119 9 11 0.057434395 
513 55 8 11 0.05743006 
744 142 10 11 0.05698637 
209 214 7 9 0.05694177 
-1 487 21 44 0.056839027 
269 167 8 9 0.05681179 
415 150 8 9 0.0566875 
626 159 8 9 0.056549683 
997 316 8 11 0.0565345 
545 143 6 9 0.056176346 
304 127 8 10 0.05616436 
154 239 9 11 0.05606468 
879 175 9 11 0.056063164 
687 212 9 12 0.055970855 
926 220 9 11 0.055817813 
879 128 9 10 0.055756174 
933 244 10 11 0.05574036 
7 472 44 60 0.055736937 
872 329 8 11 0.055687033 
982 190 9 10 0.05567866 
1015 91 9 13 0.055496916 
401 215 8 9 0.055317394 
464 473 18 20 0.05526951 
584 168 8 11 0.055133894 
416 184 8 9 0.05506275 
553 151 8 11 0.0550333 
847 198 9 11 0.05500586 
535 103 7 10 0.05498041 
192 208 8 9 0.05489532 
457 93 8 11 0.054873876 
454 143 9 9 0.05484408 
978 623 10 13 0.054822043 
825 221 10 12 0.054798767 
630 166 7 10 0.05474372 
497 196 8 10 0.054717764 
375 237 8 11 0.054569207 
671 126 9 10 0.054411367 
793 190 10 13 0.054366827 
165 303 10 12 0.054343957 
480 111 7 9 0.054306746 
343 181 8 10 0.054094985 
266 119 9 11 0.054068666 
670 479 8 11 0.054061882 
737 203 9 12 0.054041512 
847 133 8 10 0.053963136 
931 149 7 10 0.053910706 
433 56 6 10 0.053826936 
703 60 9 13 0.05380984 
293 205 15 18 0.053780977 
671 173 8 10 0.053776406 
129 334 47 56 0.053715475 
290 160 9 12 0.05370235 
953 237 8 11 0.053701796 
905 135 9 11 0.053431045 
177 239 7 9 0.053358223 
399 152 8 10 0.053160463 
697 175 7 10 0.05297969 
656 25 7 9 0.05297756 
672 134 8 11 0.052891623 
725 140 8 11 0.05285361 
615 88 8 10 0.05284253 
847 103 9 12 0.052840315 
351 181 8 10 0.05278352 
328 196 9 11 0.052749522 
353 112 8 11 0.052704405 
526 33 9 11 0.052620474 
981 223 8 10 0.05258193 
415 144 8 11 0.052530892 
174 289 8 10 0.05246926 
565 72 7 10 0.052466433 
326 246 9 12 0.052407157 
571 590 15 20 0.052375365 
705 222 9 12 0.052361324 
837 237 9 11 0.052315075 
208 237 8 11 0.052279234 
958 136 7 9 0.052275896 
464 149 8 10 0.052240063 
698 47 7 10 0.052210446 
893 245 10 12 0.05219907 
671 87 8 11 0.05202691 
166 207 7 9 0.051960383 
470 183 8 10 0.051818687 
507 126 7 10 0.051651537 
457 118 9 10 0.05163339 
560 207 9 11 0.051632144 
205 167 7 9 0.051556274 
679 31 7 10 0.05146358 
583 36 9 11 0.05144624 
747 221 8 11 0.051424406 
199 160 8 10 0.051374085 
391 152 8 9 0.051362723 
847 167 8 10 0.05130748 
94 69 23 30 0.05125451 
873 152 8 10 0.051112216 
616 118 7 9 0.051090043 
933 204 10 12 0.05094174 
694 199 8 10 0.050934855 
672 79 7 8 0.05092539 
445 120 9 10 0.050922245 
607 23 8 11 0.050919916 
622 229 8 10 0.050790515 
941 188 10 13 0.050733134 
605 206 8 11 0.050620712 
816 157 8 12 0.050575886 
951 183 8 10 0.05057145 
924 308 9 12 0.050513897 
841 111 11 12 0.05049483 
988 597 14 18 0.05044887 
766 223 8 11 0.05043834 
543 37 8 11 0.050424322 
1006 198 8 10 0.050361548 
270 175 7 9 0.05034393 
272 189 9 11 0.05033052 
431 61 6 9 0.050288852 
720 183 8 11 0.050174046 
1013 254 8 12 0.050112087 
969 111 8 10 0.049880866 
432 79 7 10 0.04985271 
554 100 8 11 0.049843635 
853 246 9 12 0.049772974 
984 143 7 9 0.049730074 
398 173 8 10 0.049631465 
848 53 12 16 0.049559366 
424 209 8 9 0.04950376 
567 151 8 12 0.04936586 
990 131 9 12 0.049257565 
931 263 8 9 0.049177676 
649 24 7 9 0.049155217 
912 215 7 9 0.049117137 
529 102 8 11 0.049093332 
600 190 9 11 0.049063534 
607 112 8 10 0.049040344 
766 198 8 11 0.04895686 
688 78 7 9 0.048945133 
951 232 8 10 0.048933785 
905 47 9 13 0.048825324 
265 181 8 11 0.04880648 
845 207 10 12 0.048721027 
375 128 7 9 0.048665684 
887 157 8 9 0.04862429 
495 119 7 9 0.04861606 
590 168 10 13 0.048602242 
639 31 7 10 0.048588898 
670 223 7 10 0.04858169 
625 63 8 10 0.048570517 
807 239 8 11 0.04856166 
537 191 8 10 0.04850429 
488 151 8 11 0.048474047 
712 254 11 14 0.048400387 
545 212 9 11 0.048384894 
696 38 7 9 0.04836397 
887 171 10 12 0.04830873 
905 310 8 11 0.048226394 
496 85 9 11 0.04822413 
638 22 8 11 0.048206232 
614 4 10 12 0.048196636 
942 231 9 11 0.048185233 
438 151 7 9 0.048058067 
928 167 8 10 0.048041318 
191 213 8 10 0.048018992 
1000 85 10 11 0.047976762 
414 104 8 11 0.04793664 
616 144 8 10 0.047897853 
968 173 9 11 0.047829036 
513 111 8 9 0.047707055 
683 159 8 12 0.04761353 
982 81 9 10 0.04758033 
511 103 7 9 0.0475146 
655 136 6 9 0.047505986 
847 246 9 13 0.04747952 
680 71 7 9 0.047469836 
895 221 8 10 0.04746538 
750 16 8 9 0.04742023 
679 39 7 8 0.047371253 
988 120 10 11 0.0471119 
936 158 8 11 0.047101732 
346 94 9 11 0.047095057 
559 77 8 10 0.047083654 
693 166 8 10 0.047063034 
768 212 8 11 0.04703624 
423 184 7 9 0.047028914 
457 110 8 9 0.046992533 
991 157 7 9 0.046981946 
788 52 13 15 0.04689508 
366 118 8 10 0.04685607 
773 157 9 11 0.046855133 
925 303 8 11 0.0468271 
223 160 7 9 0.04675028 
767 114 12 15 0.046733137 
621 364 9 11 0.04665046 
775 199 10 12 0.04659915 
440 63 8 10 0.046584 
238 189 7 9 0.04647412 
519 166 9 12 0.046442278 
857 276 11 13 0.046398584 
463 104 8 10 0.046363994 
703 215 7 9 0.04635142 
872 127 8 11 0.046250995 
910 109 9 11 0.04621154 
216 153 7 9 0.046206623 
686 150 8 10 0.04616443 
989 213 8 11 0.046154954 
578 30 10 12 0.046090014 
293 199 13 15 0.046055112 
865 117 8 10 0.045994285 
640 72 7 9 0.045964032 
873 205 9 12 0.045919858 
839 281 10 12 0.04591673 
592 5 9 11 0.04589817 
258 167 8 10 0.045882598 
590 30 8 11 0.045825914 
1013 115 9 13 0.045800317 
1006 135 8 10 0.045606613 
497 14 8 11 0.045585904 
896 191 8 10 0.045573372 
387 165 8 10 0.04557014 
950 246 9 12 0.045534223 
424 62 7 10 0.045506738 
776 48 9 11 0.045450952 
701 24 7 9 0.04544786 
496 214 7 9 0.04544595 
578 22 9 11 0.045433413 
322 124 9 12 0.04541437 
82 377 14 19 0.045336317 
56 192 8 11 0.04531801 
215 252 10 11 0.045301247 
582 215 8 10 0.045285366 
564 38 8 11 0.04526931 
335 119 9 10 0.045243572 
920 216 8 10 0.045234863 
687 87 8 11 0.045227423 
789 220 11 13 0.04518845 
326 112 8 10 0.045030743 
480 229 9 11 0.044994935 
832 132 9 11 0.044989772 
1014 159 8 11 0.044967182 
255 205 8 10 0.0449586 
577 143 8 9 0.04495043 
133 553 17 22 0.044936206 
684 266 10 14 0.04493346 
1000 136 9 11 0.044912055 
336 136 7 9 0.04489553 
342 127 8 11 0.04488215 
480 94 7 9 0.044881333 
677 190 8 10 0.04480295 
559 128 8 10 0.04478867 
762 151 8 11 0.044749744 
686 118 8 11 0.044726335 
681 173 8 10 0.04470782 
1013 291 9 12 0.044680938 
617 190 9 10 0.0446439 
776 150 10 12 0.044623286 
980 636 11 14 0.04461934 
447 167 7 9 0.044599794 
579 78 8 9 0.04459173 
678 24 7 8 0.044548158 
910 199 9 11 0.04451144 
173 568 40 49 0.044464078 
391 175 8 10 0.044444617 
510 72 8 9 0.044440623 
152 531 13 17 0.04443117 
670 247 12 14 0.04437856 
1009 255 8 12 0.04423684 
175 231 7 10 0.044236638 
321 113 8 9 0.044201467 
601 20 9 12 0.04408507 
241 219 9 12 0.04406249 
335 191 8 10 0.04403189 
802 270 10 12 0.043897975 
622 189 9 10 0.043888755 
750 44 9 10 0.04388355 
446 102 8 11 0.043856163 
591 111 8 10 0.04381325 
620 593 17 23 0.043766096 
864 157 7 10 0.043741796 
585 173 8 11 0.043662664 
538 184 7 9 0.043642174 
944 126 8 10 0.04360923 
471 152 7 9 0.043599904 
877 254 8 11 0.043566592 
535 151 8 10 0.043555196 
425 71 7 9 0.043483075 
386 182 8 10 0.04344128 
222 223 9 11 0.04338307 
489 175 9 10 0.043379903 
433 214 8 10 0.04331309 
559 165 8 10 0.043252904 
175 215 7 9 0.043204688 
520 151 7 9 0.043188777 
777 36 9 11 0.04317902 
933 213 8 11 0.043150384 
270 160 9 10 0.043140367 
663 175 8 11 0.043093 
513 45 8 10 0.043055695 
248 112 9 12 0.042958293 
703 111 8 10 0.04289948 
624 20 8 11 0.04288382 
432 238 7 10 0.04282974 
670 8 8 9 0.042777363 
657 37 7 9 0.04276225 
185 207 8 10 0.042713735 
373 225 8 9 0.04260168 
520 171 9 11 0.042557463 
169 238 8 11 0.042540196 
561 554 10 14 0.042472497 
717 246 9 11 0.04234843 
495 175 9 11 0.042254563 
825 245 9 11 0.042248864 
480 192 8 11 0.042120755 
718 253 9 12 0.04210576 
303 187 10 12 0.042087387 
912 69 10 13 0.04201509 
7 472 19 28 0.041997697 
828 98 11 13 0.041978758 
902 66 11 13 0.041977238 
165 145 11 13 0.041936893 
615 112 8 11 0.04193178 
816 151 7 10 0.04191069 
325 300 10 13 0.041881397 
577 134 8 9 0.041842096 
213 238 8 11 0.04181936 
813 175 8 10 0.041788906 
800 181 9 12 0.04177604 
909 136 8 10 0.041769978 
510 485 10 12 0.041756876 
416 121 8 9 0.04173841 
482 135 8 10 0.041733198 
1000 148 7 10 0.04171445 
918 167 8 10 0.041676357 
591 71 8 11 0.04165787 
340 214 8 12 0.041613553 
424 213 7 10 0.041551076 
662 141 9 11 0.041506536 
807 222 8 10 0.04146059 
863 109 9 12 0.04145673 
457 237 8 11 0.041456457 
518 223 8 10 0.04143603 
943 207 9 10 0.041417897 
534 110 9 10 0.041408833 
920 248 7 9 0.041387968 
447 230 8 10 0.041372463 
230 231 8 11 0.041284386 
495 112 8 9 0.041281726 
498 208 8 10 0.0412509 
237 277 10 14 0.04124332 
181 164 11 14 0.041231517 
719 69 8 11 0.04117741 
983 343 9 12 0.041141786 
983 135 8 11 0.041134305 
185 78 9 11 0.041131277 
783 88 10 14 0.04112611 
634 261 9 11 0.041087613 
495 223 7 9 0.04100032 
454 87 8 11 0.040960927 
826 235 10 13 0.040932804 
703 275 10 14 0.040890943 
283 198 20 25 0.040850658 
854 400 8 10 0.040839028 
265 160 9 10 0.04081872 
632 55 8 11 0.040771857 
567 89 8 10 0.040769696 
790 109 9 12 0.04075217 
303 136 8 10 0.040743317 
967 327 9 12 0.040721368 
952 220 8 11 0.040538896 
520 32 10 13 0.0404576 
116 166 9 11 0.040439516 
897 135 8 10 0.040431503 
758 231 9 11 0.040374473 
973 202 9 12 0.040364996 
722 197 8 10 0.040350255 
688 182 9 11 0.04030591 
259 135 8 11 0.04021218 
231 161 7 10 0.04021078 
298 180 8 11 0.040169034 
328 251 10 13 0.040098645 
241 175 8 11 0.04009198 
176 93 11 14 0.04007415 
505 214 8 10 0.040067237 
90 104 8 10 0.04001126 
582 183 7 10 0.039995916 
424 433 25 31 0.039944414 
207 232 8 10 0.039810933 
841 131 9 11 0.039796516 
17 492 48 65 0.039796285 
912 246 6 9 0.039785057 
669 118 9 10 0.03978365 
640 38 7 10 0.03968081 
998 159 8 9 0.0396706 
649 159 8 10 0.03966123 
791 166 8 11 0.039610423 
716 310 10 12 0.039590023 
872 254 9 11 0.039519317 
177 555 14 18 0.03950646 
424 190 8 9 0.0394291 
641 184 8 10 0.039381713 
893 236 9 11 0.039350092 
359 135 8 10 0.039348487 
335 174 8 10 0.039340705 
463 95 8 10 0.039319728 
913 221 7 10 0.0393181 
642 190 7 9 0.039293822 
365 113 9 10 0.03929104 
938 341 9 10 0.039288227 
735 190 8 11 0.03924246 
684 93 8 11 0.03924039 
631 135 8 10 0.03918384 
55 205 11 14 0.039139017 
216 175 6 8 0.039130084 
186 214 7 10 0.039113723 
448 160 7 10 0.039101023 
673 47 8 9 0.039085366 
528 46 8 12 0.03908451 
871 230 10 13 0.03900854 
166 214 8 10 0.03890028 
639 167 8 10 0.03887012 
231 237 10 13 0.03883018 
601 582 11 16 0.038780108 
183 505 12 15 0.038740892 
785 127 8 11 0.038732577 
769 229 8 11 0.038713463 
576 111 8 10 0.038685687 
225 278 11 15 0.038657688 
600 200 7 9 0.038448542 
709 292 10 13 0.03843571 
443 133 8 10 0.038431812 
704 69 8 10 0.038431063 
983 357 7 11 0.03841791 
800 168 8 12 0.038415518 
361 223 8 11 0.038350735 
216 223 8 10 0.038342718 
919 158 7 10 0.038310204 
833 159 8 10 0.038213488 
868 52 11 14 0.038173176 
645 240 8 11 0.03814813 
977 340 8 11 0.038111813 
865 127 8 10 0.038097978 
506 222 7 10 0.038084153 
943 296 8 11 0.038019605 
999 298 11 14 0.038001288 
506 70 7 9 0.037981987 
592 198 7 9 0.037961405 
370 38 8 10 0.0379098 
576 188 8 10 0.037894677 
640 199 8 9 0.037768394 
837 219 10 12 0.037744917 
288 211 13 18 0.037687916 
279 150 8 10 0.037682295 
960 177 7 9 0.037681345 
277 215 10 12 0.037670974 
737 14 8 10 0.037627432 
726 110 10 12 0.037591532 
775 126 9 11 0.03759038 
313 150 9 11 0.037557118 
837 198 8 11 0.037452597 
162 332 45 57 0.037447754 
513 151 8 9 0.03733135 
417 226 7 8 0.0373293 
783 229 9 12 0.037286542 
953 200 7 9 0.037235018 
998 175 9 11 0.037193608 
513 39 9 12 0.037152227 
913 158 8 11 0.03713781 
560 43 9 11 0.037084144 
54 242 11 14 0.037064455 
878 235 10 13 0.037050776 
871 182 8 12 0.03702422 
1015 150 8 11 0.036978506 
781 53 11 13 0.036892626 
616 204 10 13 0.036859035 
190 588 13 16 0.036807217 
479 198 8 10 0.036786765 
918 113 9 10 0.036758736 
504 142 9 10 0.03674874 
54 212 9 12 0.036729507 
180 580 13 18 0.03670695 
991 143 8 10 0.03666369 
696 112 7 10 0.036653534 
153 539 15 18 0.036591608 
367 53 9 11 0.036480572 
528 96 7 9 0.03646363 
1009 341 10 15 0.03641563 
37 218 13 16 0.03640193 
536 158 8 10 0.03635334 
999 255 9 12 0.03631276 
813 190 9 12 0.036243733 
340 221 8 11 0.036189854 
432 231 7 9 0.036166247 
881 119 9 11 0.036108132 
375 152 7 10 0.03609904 
600 126 10 12 0.036075134 
518 205 8 10 0.036061693 
497 29 9 12 0.036050633 
56 197 11 14 0.036038876 
695 223 9 11 0.03603486 
511 185 7 9 0.03600806 
747 110 9 12 0.03597743 
785 25 9 11 0.035970535 
66 385 22 29 0.035928257 
415 174 8 10 0.035922732 
614 127 8 10 0.03589958 
700 597 13 18 0.03588374 
193 255 8 10 0.035879258 
1007 347 9 11 0.035874 
485 64 8 10 0.0358503 
534 48 8 10 0.035846554 
113 327 45 55 0.035764683 
671 230 8 9 0.03567063 
659 16 7 9 0.03565957 
433 160 8 9 0.035634115 
753 159 8 11 0.03563148 
384 190 8 10 0.035609335 
694 86 10 12 0.035597563 
359 183 8 10 0.035572644 
449 110 8 9 0.03555579 
751 232 9 11 0.03548857 
1009 160 7 9 0.035487212 
421 310 10 11 0.035463747 
505 79 8 10 0.035428308 
481 77 8 11 0.035395667 
336 259 9 12 0.035372682 
959 220 8 10 0.035359625 
511 61 8 11 0.035348095 
447 80 8 10 0.03534699 
199 77 9 11 0.035333235 
906 238 8 10 0.035322763 
673 278 9 12 0.035285726 
639 77 8 9 0.03528075 
584 190 7 9 0.035276946 
711 182 9 11 0.035266947 
616 94 8 10 0.03525154 
438 200 7 9 0.035249595 
527 189 7 11 0.035160434 
335 126 8 10 0.035142455 
432 197 9 11 0.035128858 
992 365 9 11 0.03512191 
429 128 8 10 0.034971923 
432 84 8 11 0.034964737 
456 137 8 9 0.034931116 
727 71 8 11 0.034913808 
999 126 9 11 0.03488126 
567 166 9 11 0.03485351 
479 88 7 9 0.03483386 
1006 525 17 26 0.034832977 
366 127 7 9 0.034810822 
714 36 9 11 0.03475806 
288 302 10 13 0.034755073 
766 192 8 11 0.034735553 
774 179 9 12 0.03473157 
711 62 10 13 0.034705523 
624 46 8 11 0.03469516 
480 159 8 10 0.034672648 
688 20 8 9 0.034663375 
585 94 8 10 0.034642097 
481 64 8 11 0.03463164 
944 279 7 10 0.034622442 
223 227 10 12 0.034618013 
631 61 7 11 0.03460437 
177 223 7 9 0.034566987 
533 54 8 9 0.03456091 
386 175 7 10 0.03454362 
631 71 7 10 0.0345242 
576 221 9 11 0.034494057 
959 23 9 11 0.034429286 
234 188 8 10 0.034411788 
593 182 8 10 0.03438659 
622 173 8 10 0.034323443 
439 144 7 9 0.034198113 
663 103 10 13 0.03418115 
392 229 8 10 0.034125093 
590 103 8 10 0.034121025 
743 246 10 12 0.034063894 
536 175 8 10 0.034062233 
762 136 9 11 0.03405538 
887 214 9 11 0.034034844 
951 159 8 10 0.033988915 
912 231 7 10 0.033967163 
680 111 10 12 0.03396232 
789 158 8 10 0.033948958 
671 92 11 13 0.03394861 
857 223 8 11 0.033939403 
241 203 8 10 0.033913508 
544 87 6 9 0.0338733 
641 240 9 12 0.033829227 
914 42 13 16 0.03382645 
702 141 9 11 0.033813998 
672 103 9 12 0.033807013 
952 142 8 10 0.033769663 
828 270 9 12 0.03374729 
1007 149 8 10 0.03374442 
489 182 9 10 0.033741996 
26 147 11 13 0.033653323 
577 36 9 11 0.03364233 
918 229 10 12 0.03356894 
862 198 10 12 0.033564463 
176 491 37 45 0.03352919 
992 357 9 13 0.033500917 
336 198 8 10 0.03340812 
698 268 10 13 0.033384413 
631 321 9 11 0.033372354 
191 184 7 9 0.03335798 
169 233 8 9 0.033355795 
549 193 8 9 0.033317864 
943 184 10 12 0.033269722 
745 37 9 11 0.03326495 
677 0 10 10 0.033241976 
335 150 7 10 0.03323338 
602 586 15 20 0.033221554 
322 243 9 14 0.033188276 
660 271 10 13 0.033163287 
919 253 8 11 0.033136524 
893 45 11 14 0.033099856 
583 223 9 10 0.033097282 
537 473 10 13 0.033093743 
785 223 9 11 0.033026643 
751 150 7 10 0.03299328 
680 206 8 11 0.032935355 
719 118 9 11 0.032913055 
865 182 10 12 0.032866225 
679 199 9 10 0.032854278 
605 230 8 10 0.032809485 
703 293 10 13 0.032760534 
718 127 10 13 0.032674853 
527 184 7 10 0.032669414 
601 229 8 10 0.032639574 
894 167 8 10 0.032607637 
560 33 9 11 0.032575104 
541 31 9 11 0.032493234 
558 143 8 10 0.03248752 
647 184 8 10 0.03248646 
59 389 14 17 0.03248009 
629 580 13 19 0.032477595 
705 158 8 11 0.032406155 
605 159 9 10 0.03239118 
345 319 8 12 0.03238138 
214 192 8 10 0.032367893 
464 236 8 10 0.032319807 
718 63 9 12 0.03224439 
1005 126 9 11 0.032220155 
606 173 7 10 0.03217424 
1001 224 8 10 0.03211806 
689 486 9 11 0.03207134 
609 148 9 11 0.032068804 
712 68 9 12 0.032066546 
954 324 9 12 0.032059647 
856 270 11 13 0.03201364 
920 277 8 11 0.031957854 
716 260 11 14 0.031918786 
560 200 9 10 0.031915344 
711 491 8 10 0.031816285 
155 541 22 26 0.031794105 
766 378 8 10 0.03178468 
808 213 8 11 0.031764567 
976 277 9 12 0.031747334 
929 36 10 13 0.03172239 
789 124 9 11 0.03172116 
495 144 8 10 0.031707834 
445 94 9 11 0.03166748 
745 237 8 10 0.03165333 
431 475 11 14 0.031635623 
497 7 8 11 0.03159862 
815 223 8 11 0.031577986 
622 37 9 13 0.031530377 
425 57 7 10 0.03152759 
802 239 9 11 0.0315099 
399 96 9 10 0.031492557 
391 117 8 10 0.031452414 
518 54 8 11 0.03144284 
671 152 8 10 0.03142637 
622 223 8 11 0.031418946 
792 183 10 12 0.031392142 
441 231 7 9 0.031338703 
801 141 8 10 0.031329017 
410 175 8 10 0.031285934 
222 200 7 9 0.031281833 
392 206 8 10 0.031280864 
375 204 10 13 0.031179344 
624 53 9 11 0.031178381 
246 306 12 16 0.03110832 
471 127 8 10 0.031083703 
779 60 18 22 0.03104248 
342 110 9 11 0.031041179 
776 191 9 11 0.031025948 
742 191 8 11 0.030978959 
864 189 11 12 0.030971607 
519 84 8 10 0.030939326 
983 316 11 12 0.030925088 
561 232 9 11 0.030919228 
293 234 11 15 0.030896936 
789 87 10 14 0.030804962 
785 118 8 11 0.030713454 
814 228 10 13 0.030696493 
735 116 10 12 0.030686919 
585 338 9 10 0.030676058 
382 198 8 10 0.030630577 
438 182 8 10 0.0305826 
686 125 7 11 0.03056924 
519 78 8 11 0.030516284 
181 86 12 15 0.03047961 
698 262 10 12 0.030454963 
518 110 7 9 0.030454485 
141 240 9 10 0.030452175 
661 205 8 11 0.030449508 
481 127 8 10 0.030397829 
583 45 9 11 0.030380456 
623 6 8 10 0.030334592 
583 71 8 10 0.030300327 
677 278 9 10 0.030281762 
624 127 9 10 0.03028124 
854 110 8 11 0.03027753 
317 260 10 15 0.030270945 
282 126 9 11 0.030269498 
369 182 9 10 0.030262323 
983 185 8 10 0.03023793 
898 77 9 12 0.0302327 
517 326 7 9 0.0301929 
360 160 8 10 0.030188581 
344 166 8 11 0.030185575 
308 265 13 17 0.030144185 
910 239 8 10 0.030135883 
953 92 8 10 0.030089814 
258 268 11 15 0.030047711 
173 507 11 15 0.030022463 
663 216 8 10 0.029949356 
917 172 8 11 0.029942902 
750 127 10 11 0.02992969 
561 110 8 11 0.029927345 
853 263 9 12 0.029902356 
280 159 8 10 0.029892612 
919 314 8 11 0.029876629 
928 159 8 11 0.029835016 
320 145 8 10 0.029831186 
368 47 9 12 0.02982884 
808 207 9 11 0.029828597 
688 220 8 11 0.029824944 
519 126 7 9 0.02982151 
663 167 8 10 0.029809969 
601 358 8 11 0.029804198 
609 586 22 29 0.029789524 
728 46 8 10 0.029773798 
46 221 10 13 0.02976468 
342 117 9 10 0.029753515 
750 57 9 11 0.0297407 
870 119 8 10 0.029731922 
574 92 9 11 0.029729696 
382 214 8 11 0.029729242 
408 108 9 11 0.02970845 
278 182 9 12 0.02968155 
800 110 9 12 0.02963924 
991 206 9 13 0.02954473 
721 128 18 23 0.029536653 
286 122 8 10 0.029529024 
79 294 10 13 0.029524256 
33 250 16 18 0.02950882 
665 479 9 12 0.029503176 
328 214 10 13 0.029478868 
272 268 9 12 0.029442698 
441 86 7 10 0.029433543 
878 181 9 11 0.02936207 
565 31 9 11 0.029308679 
696 254 9 12 0.029306615 
734 39 8 10 0.029258624 
528 156 9 11 0.029235212 
760 158 8 11 0.029222393 
1014 276 8 13 0.029219484 
217 183 7 10 0.02919383 
633 206 8 10 0.02917605 
829 594 9 12 0.029163282 
887 191 9 10 0.02910955 
802 251 9 12 0.029086465 
422 102 8 10 0.02904145 
615 69 9 11 0.029038597 
869 594 12 15 0.028972324 
954 88 7 10 0.028956428 
981 167 10 12 0.028948858 
917 84 9 11 0.028943727 
855 157 8 11 0.028923426 
951 150 7 10 0.028892173 
787 212 8 11 0.028839678 
278 191 8 10 0.028838947 
542 103 8 10 0.02879638 
566 103 8 11 0.02878072 
672 287 8 10 0.028779015 
631 240 9 11 0.028738514 
440 79 7 10 0.028736504 
714 16 7 9 0.02871446 
784 167 7 10 0.028698716 
703 203 9 13 0.028694363 
464 158 7 10 0.028688157 
362 143 7 9 0.028661458 
720 298 12 16 0.028656205 
484 515 14 19 0.02863826 
986 155 8 11 0.02863302 
184 563 27 33 0.028630635 
590 155 10 13 0.028609067 
504 64 7 10 0.028608331 
943 155 9 11 0.028598227 
544 118 9 10 0.02859017 
89 247 10 13 0.028536139 
360 206 8 11 0.028518088 
685 101 8 12 0.028467365 
607 1 9 10 0.028460018 
536 165 9 12 0.0284594 
861 50 13 15 0.028451238 
783 244 9 11 0.028431224 
617 212 9 12 0.028428031 
121 310 9 12 0.028374195 
530 109 9 11 0.02834706 
353 79 7 10 0.028316252 
741 183 9 10 0.02823518 
56 395 14 18 0.02817927 
783 190 9 11 0.02817793 
960 286 8 10 0.028172074 
977 104 9 11 0.028154517 
656 152 7 10 0.028096238 
48 240 11 16 0.028071849 
369 245 9 11 0.02806502 
972 102 23 27 0.028064441 
201 231 9 11 0.028039256 
423 151 7 9 0.028033001 
698 52 8 12 0.028031325 
919 93 11 13 0.028030066 
189 539 14 17 0.028005572 
589 15 9 10 0.028000448 
393 245 8 10 0.027982866 
896 126 8 11 0.02792648 
912 314 9 12 0.027922882 
942 197 8 11 0.027907247 
425 238 8 10 0.027891422 
618 174 9 11 0.027854344 
759 117 11 13 0.027849872 
897 104 10 12 0.027838351 
309 275 11 13 0.027812295 
831 278 8 10 0.027803702 
231 213 7 10 0.027801747 
563 578 25 34 0.027801363 
905 189 8 11 0.027781209 
865 134 8 11 0.027771074 
460 135 20 25 0.02773196 
486 103 8 9 0.027730277 
873 141 8 10 0.027697379 
384 127 9 10 0.027675517 
168 199 7 10 0.02767419 
389 104 9 11 0.027665518 
479 182 7 10 0.027650874 
409 159 9 10 0.027550224 
273 218 9 12 0.027541853 
967 215 8 11 0.02754018 
158 188 10 12 0.027467167 
678 61 9 12 0.027452264 
1007 229 7 10 0.02744853 
502 29 8 11 0.027442724 
671 238 10 13 0.02739664 
235 143 8 11 0.027322482 
503 159 8 10 0.02731435 
807 165 10 13 0.027298499 
869 59 11 14 0.027292967 
968 220 9 12 0.02728143 
192 262 7 9 0.027262688 
654 447 9 12 0.027220702 
184 325 46 57 0.02721599 
271 135 7 10 0.027204504 
240 244 9 12 0.027174184 
673 258 11 13 0.027168494 
689 53 8 11 0.027151978 
79 245 9 10 0.027142262 
566 231 8 11 0.027127458 
502 319 7 8 0.027104616 
174 578 13 19 0.027098985 
886 143 8 10 0.02709764 
910 149 8 10 0.027086426 
897 602 11 15 0.027078785 
324 324 11 14 0.027022172 
742 80 10 12 0.027002297 
664 135 8 11 0.026998099 
245 151 7 9 0.026987271 
600 78 8 9 0.026974425 
624 77 9 11 0.026961122 
185 184 7 9 0.026935035 
193 157 8 11 0.026932184 
761 111 9 11 0.026894467 
559 119 9 10 0.026882913 
721 77 8 10 0.02686725 
232 205 8 10 0.02686291 
976 217 7 9 0.02684665 
71 286 9 12 0.026824918 
198 256 9 10 0.026821302 
950 292 7 11 0.026816878 
878 166 8 10 0.026795657 
898 330 8 12 0.026778689 
970 332 8 11 0.026777405 
741 173 8 11 0.026729459 
648 166 9 10 0.026720606 
867 45 11 14 0.02668205 
455 151 8 9 0.026677072 
975 85 10 12 0.026673267 
290 196 26 30 0.026665948 
869 31 8 11 0.026651025 
543 62 7 10 0.026633848 
246 296 24 31 0.026627015 
781 174 7 10 0.026626615 
413 154 18 23 0.026600886 
908 103 10 12 0.026582602 
726 77 8 9 0.026573638 
310 68 8 10 0.026567487 
511 28 10 12 0.026547017 
443 449 43 51 0.026517695 
254 109 10 12 0.026517402 
200 284 10 13 0.026507093 
317 266 12 16 0.026502326 
328 69 9 10 0.026464717 
628 86 11 13 0.026396565 
294 128 8 9 0.026379947 
893 264 8 10 0.026361274 
281 120 8 10 0.02634778 
983 198 9 12 0.026328119 
361 237 8 11 0.026317077 
288 152 8 10 0.026313044 
638 320 9 11 0.026309593 
935 255 8 10 0.026282342 
401 101 8 11 0.026265044 
800 136 8 11 0.026254442 
546 491 17 22 0.026231868 
962 266 8 10 0.026218083 
958 323 10 13 0.026153406 
664 30 8 10 0.026152559 
621 0 11 12 0.02613959 
629 184 9 10 0.026137272 
543 352 8 11 0.026088681 
781 198 10 12 0.026087852 
20 479 13 18 0.026060179 
545 165 8 11 0.026057635 
656 118 9 11 0.026030397 
614 24 9 12 0.026011944 
61 246 9 12 0.025964689 
654 70 8 10 0.02594934 
830 70 12 13 0.025942605 
760 222 10 12 0.025937406 
666 78 7 9 0.02592197 
920 124 8 10 0.02589997 
511 240 10 12 0.02589682 
743 69 9 11 0.02588299 
874 215 7 10 0.025878608 
832 167 8 10 0.025858393 
806 262 8 10 0.025853667 
788 42 13 15 0.02581948 
670 159 8 9 0.025798356 
554 63 8 10 0.025787115 
637 270 9 12 0.025769698 
23 241 24 27 0.025734616 
368 157 8 10 0.025708456 
221 248 8 10 0.02570816 
875 164 8 10 0.025705434 
655 223 9 11 0.025687268 
576 16 8 10 0.025669705 
536 215 8 10 0.025659308 
247 165 8 10 0.025654912 
113 161 8 10 0.025651572 
976 80 10 11 0.025640761 
915 24 11 13 0.025617212 
824 191 10 13 0.025574874 
250 88 9 12 0.025565166 
799 222 10 12 0.02554745 
647 118 11 12 0.025547268 
646 16 7 9 0.025543923 
957 333 9 12 0.02552334 
944 307 8 11 0.025521688 
134 30 8 10 0.025504477 
359 376 9 11 0.025440158 
637 119 9 12 0.025437277 
741 166 9 12 0.025433194 
663 39 7 10 0.025429636 
547 485 14 17 0.02542542 
205 277 10 12 0.02541495 
135 247 8 9 0.025409898 
206 263 8 10 0.025398929 
1001 211 9 12 0.025338832 
469 62 9 11 0.025282757 
606 245 8 11 0.025280956 
119 76 10 13 0.025240174 
254 294 12 14 0.025199478 
724 326 10 12 0.025111038 
899 600 19 23 0.02509676 
826 276 9 11 0.025076611 
277 269 8 11 0.025061635 
670 15 7 10 0.025049102 
251 304 13 19 0.0250317 
703 103 8 11 0.025030063 
944 224 8 10 0.025025845 
78 212 10 12 0.025018437 
688 36 8 10 0.024992488 
519 229 7 10 0.024990695 
343 200 8 10 0.024989573 
657 212 8 11 0.024918107 
859 494 10 14 0.024916101 
695 464 17 23 0.02490611 
926 277 9 12 0.024906036 
788 227 11 13 0.024891892 
537 28 9 12 0.024870543 
679 79 8 9 0.024857905 
265 214 10 12 0.024808858 
527 198 8 10 0.024787335 
999 166 8 10 0.024781229 
471 94 9 10 0.024778461 
718 357 9 11 0.024767356 
718 46 8 10 0.024749681 
662 200 8 10 0.024744691 
418 61 8 10 0.024740292 
657 101 10 13 0.024718314 
909 25 18 21 0.024682568 
614 134 8 10 0.024660194 
331 285 12 16 0.02459851 
26 133 10 12 0.024592804 
1015 269 8 13 0.024543533 
418 133 8 9 0.02449968 
695 213 8 10 0.024490964 
801 152 8 11 0.024487078 
926 183 9 12 0.024474358 
224 214 8 10 0.024469486 
584 115 9 11 0.024465824 
904 232 8 10 0.024455013 
929 172 9 11 0.024425259 
840 165 9 11 0.024390867 
1008 212 8 11 0.02438068 
789 256 10 12 0.024375211 
598 1 9 10 0.024373468 
630 189 8 10 0.02434576 
193 144 9 11 0.024333343 
135 38 10 13 0.024325177 
423 231 7 10 0.02427768 
581 149 9 12 0.024266401 
163 118 9 12 0.024265634 
312 119 9 10 0.024249354 
784 239 10 12 0.024240956 
552 112 8 10 0.02422184 
970 366 8 11 0.024211168 
774 85 10 13 0.024169715 
901 211 10 12 0.024150826 
1015 222 8 11 0.024146073 
812 238 10 11 0.024138918 
431 71 6 10 0.024117092 
1008 205 9 13 0.024116497 
702 39 7 10 0.02411372 
868 37 9 11 0.024097718 
833 253 8 10 0.02407017 
647 255 8 10 0.024050273 
674 38 7 9 0.024042457 
980 334 9 11 0.024031382 
567 144 8 9 0.024021037 
351 190 8 9 0.023987181 
970 116 8 11 0.0239613 
71 222 13 17 0.023937669 
132 320 12 16 0.02393034 
493 230 8 10 0.023929453 
111 175 11 13 0.023910249 
943 259 9 12 0.02390131 
953 278 8 11 0.023899416 
488 236 8 10 0.023872104 
367 373 9 11 0.02387033 
317 274 12 14 0.023856489 
464 246 8 10 0.023827773 
309 126 9 10 0.023822363 
208 207 7 10 0.02378935 
957 342 8 10 0.02376594 
712 174 7 10 0.023732057 
162 213 9 11 0.02373125 
726 7 8 10 0.023729825 
906 263 8 10 0.023726484 
129 38 9 11 0.023719119 
929 255 7 10 0.023705214 
654 374 11 12 0.02369846 
432 173 8 9 0.02369416 
112 32 7 10 0.023681153 
992 182 9 10 0.023653647 
481 150 8 10 0.023632938 
761 183 8 11 0.023610184 
992 231 8 11 0.023603689 
376 210 10 14 0.023601811 
624 135 10 11 0.023587769 
824 182 9 10 0.023557896 
736 72 7 9 0.023550142 
376 200 9 11 0.023546644 
256 199 8 11 0.02353649 
711 141 9 11 0.023534896 
1006 182 9 11 0.023534674 
77 220 12 18 0.02352093 
980 102 11 13 0.023485558 
255 102 9 12 0.02346975 
485 77 8 11 0.023448413 
703 285 9 13 0.023385016 
728 39 9 11 0.02338226 
1007 628 10 12 0.023380978 
615 276 10 12 0.023374695 
872 318 9 10 0.02336551 
727 54 8 10 0.023361186 
990 591 12 15 0.02335985 
174 492 12 13 0.023347132 
663 159 8 9 0.023336973 
258 172 8 11 0.023304338 
350 86 8 12 0.023299215 
398 246 8 10 0.023272352 
407 96 8 10 0.023211602 
301 151 9 12 0.023210932 
750 591 18 22 0.023206964 
10 243 11 13 0.023198087 
407 64 6 9 0.023193782 
205 271 9 11 0.023191938 
591 337 8 11 0.023187624 
742 270 12 14 0.023175089 
598 341 9 11 0.023139987 
400 69 8 10 0.023133872 
417 188 8 11 0.02312779 
958 245 9 13 0.023126809 
861 71 10 12 0.023110423 
854 144 7 9 0.023100182 
394 224 8 11 0.023091981 
348 100 9 11 0.023085259 
927 46 9 12 0.023073066 
586 467 9 13 0.023066277 
177 78 9 11 0.02306473 
712 205 9 11 0.02306092 
711 120 8 11 0.023059415 
428 134 8 10 0.023048503 
607 343 10 11 0.023021078 
590 224 8 10 0.023000602 
804 275 9 12 0.022996947 
187 510 24 29 0.022980839 
662 55 8 11 0.022971924 
246 70 9 11 0.022971183 
802 157 9 11 0.022965973 
871 248 8 10 0.022953179 
148 526 22 27 0.022941772 
156 353 26 37 0.022922177 
51 220 11 14 0.022907615 
672 72 7 9 0.022906493 
493 133 8 10 0.022893326 
137 321 30 38 0.022866316 
1005 298 10 13 0.022849998 
693 311 9 13 0.022847764 
178 244 9 12 0.02283695 
971 566 9 12 0.022812456 
527 231 8 9 0.02279538 
464 125 8 10 0.022791693 
976 361 10 11 0.022784816 
189 77 9 11 0.02277311 
575 87 9 11 0.0227449 
537 207 8 10 0.02273558 
821 22 10 12 0.022728717 
578 496 16 22 0.022712614 
656 8 9 10 0.022698851 
749 244 10 13 0.022697663 
1010 110 9 13 0.022691961 
168 192 7 10 0.022676934 
863 176 8 10 0.022583986 
563 550 11 14 0.022571495 
702 29 7 10 0.022566173 
801 285 11 11 0.022555232 
175 557 23 30 0.022549009 
438 119 18 25 0.022536436 
544 56 7 10 0.022525417 
906 268 8 12 0.022498012 
606 239 8 10 0.022491718 
519 119 7 10 0.022483572 
567 214 7 9 0.022475796 
676 88 19 24 0.022466661 
477 208 19 26 0.02245283 
590 37 8 10 0.022434214 
744 56 10 11 0.022427259 
119 303 9 12 0.02240048 
366 162 17 23 0.022331135 
583 87 8 10 0.02232107 
134 23 8 12 0.022316307 
1014 135 8 11 0.022307646 
157 551 14 17 0.022276983 
158 243 8 11 0.022261888 
337 206 9 12 0.022252804 
653 499 11 13 0.02224902 
977 310 9 11 0.022236237 
431 263 10 12 0.02223473 
233 175 8 9 0.022232465 
950 310 8 10 0.022229176 
753 184 8 10 0.022186877 
937 128 8 10 0.02218243 
734 151 8 10 0.022160586 
672 0 9 10 0.022159008 
336 109 11 11 0.022138659 
332 315 11 13 0.022135999 
801 126 8 11 0.022090383 
108 598 28 31 0.0220889 
325 267 11 15 0.02207969 
719 55 8 9 0.02203214 
360 200 8 10 0.021994527 
354 135 8 10 0.021984003 
621 565 12 15 0.021945376 
896 143 9 10 0.021934438 
172 542 14 17 0.021914342 
929 294 8 10 0.021900788 
902 221 8 11 0.021890037 
858 100 8 12 0.021880448 
686 503 8 11 0.021875113 
436 191 8 11 0.021871258 
848 158 8 10 0.021849794 
353 393 12 16 0.021828245 
647 113 9 10 0.021789191 
933 321 10 11 0.021768302 
184 152 9 10 0.021753611 
983 119 19 24 0.021737019 
248 101 8 11 0.021735571 
640 62 8 11 0.02172668 
91 377 13 17 0.02171674 
928 230 10 12 0.021712609 
960 27 10 12 0.021709125 
391 239 7 9 0.021687847 
188 563 16 18 0.021662904 
385 54 8 10 0.021651015 
968 145 18 23 0.021635622 
378 103 9 11 0.021614412 
936 307 10 12 0.021612752 
565 252 10 12 0.02160483 
569 191 8 9 0.021596996 
367 205 9 12 0.02159531 
590 348 8 10 0.021593561 
609 54 8 10 0.02159338 
1006 224 8 10 0.021569759 
368 59 8 11 0.021560581 
593 76 8 10 0.021553412 
830 215 10 13 0.021532841 
690 183 18 24 0.021464353 
576 344 8 10 0.021461112 
783 45 10 12 0.02146081 
545 136 7 10 0.02142653 
800 229 9 12 0.02142405 
71 443 40 50 0.021416334 
713 7 8 9 0.021394296 
890 223 7 9 0.021389095 
895 151 8 10 0.021360274 
641 484 10 12 0.021304468 
820 51 13 16 0.021304445 
911 344 7 9 0.021302648 
919 238 9 12 0.02129698 
399 208 9 10 0.02128947 
797 204 10 13 0.021285366 
342 206 9 11 0.021282325 
812 246 9 11 0.021280017 
657 324 9 12 0.021277629 
746 596 11 14 0.021270907 
904 343 7 9 0.02126504 
927 136 7 9 0.021256547 
297 260 11 16 0.021245765 
135 601 29 33 0.021242404 
405 188 8 10 0.021226855 
665 246 11 15 0.021219546 
769 253 10 13 0.021217605 
894 158 7 10 0.021189187 
166 560 13 18 0.021172674 
648 86 10 12 0.021166032 
230 103 7 10 0.021152252 
346 89 8 10 0.021150855 
864 248 9 11 0.021142019 
601 159 9 11 0.021121092 
554 77 8 11 0.021100335 
895 313 9 11 0.021080768 
361 228 9 11 0.021053763 
423 141 8 10 0.021042855 
664 45 7 9 0.021036826 
77 357 11 15 0.021023927 
246 254 9 12 0.02102062 
245 215 9 12 0.02101634 
768 103 10 12 0.021013947 
904 173 8 11 0.020989742 
1005 326 10 12 0.020973336 
906 304 9 12 0.020959577 
48 215 10 13 0.020959014 
194 603 17 20 0.020950759 
926 599 9 11 0.02094889 
486 95 8 11 0.020930093 
701 586 10 12 0.020910727 
181 590 16 20 0.020881936 
515 485 10 13 0.020808522 
669 439 11 12 0.020806862 
825 175 8 10 0.020803565 
232 132 191 215 0.020750603 
370 237 9 12 0.020730762 
959 166 9 11 0.02070855 
509 12 12 13 0.02069113 
942 94 9 10 0.020687167 
757 236 8 11 0.020683384 
374 142 8 10 0.020680673 
256 150 8 10 0.020679386 
497 62 8 10 0.020678816 
207 255 9 11 0.020672364 
256 182 9 11 0.020669287 
126 609 42 49 0.02066664 
174 208 7 9 0.02066197 
812 253 8 11 0.02063055 
936 44 9 11 0.020609729 
656 254 9 12 0.020609654 
320 305 19 23 0.020607399 
437 55 8 10 0.020597897 
707 597 11 15 0.020594865 
341 236 9 11 0.020583663 
928 269 9 12 0.020573998 
738 105 19 22 0.020557104 
405 200 19 25 0.020552516 
1000 325 9 12 0.020547476 
577 73 8 9 0.020545956 
84 219 13 17 0.020544233 
904 245 8 11 0.02054038 
201 237 8 11 0.020536534 
452 469 45 51 0.020535825 
980 644 13 16 0.02053153 
896 118 10 12 0.020514961 
241 269 11 15 0.020496815 
853 135 9 10 0.02049466 
863 222 9 11 0.020477463 
948 302 9 12 0.020476108 
175 192 7 9 0.020436728 
243 143 9 10 0.020415787 
206 160 7 9 0.020412933 
888 44 12 14 0.020405838 
424 420 10 12 0.020401634 
991 223 7 9 0.020378832 
359 172 7 10 0.020366099 
272 149 8 10 0.020346101 
4 508 13 22 0.02034077 
254 230 11 15 0.020324811 
901 55 19 23 0.02031108 
439 239 8 10 0.020304125 
993 254 9 13 0.020303015 
980 108 11 13 0.020297557 
391 128 8 10 0.020293191 
640 212 8 11 0.020281307 
422 121 8 9 0.02026945 
535 22 10 12 0.020267256 
321 332 10 13 0.02026506 
302 272 13 17 0.02025637 
528 174 8 10 0.020252684 
935 223 8 11 0.020243477 
154 303 9 12 0.020241184 
290 231 10 13 0.020240571 
710 102 10 13 0.020237098 
736 192 18 24 0.02020713 
609 31 19 23 0.020162877 
633 7 8 9 0.020155845 
949 251 8 11 0.020153623 
553 23 9 11 0.02015204 
727 0 9 9 0.0201343 
697 285 10 13 0.020091148 
406 222 7 10 0.020082228 
479 239 8 9 0.020044908 
689 46 8 10 0.020035204 
448 176 8 9 0.020024227 
966 292 9 11 0.020013532 
526 214 11 13 0.020012502 
26 469 54 67 0.02001044 
28 257 16 17 0.020008449 
