0_Parade_marchingband_1_404
30
634 130 28 39 0.9941519 
470 149 29 43 0.992648 
194 79 82 139 0.99205595 
851 151 23 29 0.96080005 
615 201 53 74 0.25756967 
261 116 30 54 0.15174717 
344 365 46 50 0.084480286 
847 147 16 23 0.043449435 
926 189 15 18 0.039976656 
281 398 43 52 0.038214732 
817 169 11 16 0.037286453 
862 152 18 23 0.03385181 
250 399 52 56 0.033527497 
745 172 10 12 0.029945036 
836 153 25 31 0.027783822 
819 157 24 31 0.026796762 
784 140 8 9 0.026628042 
536 148 9 12 0.026317252 
469 394 25 32 0.02582526 
832 192 27 32 0.025289716 
452 169 30 36 0.023175128 
863 113 12 16 0.023044905 
826 205 47 62 0.021783158 
466 102 8 10 0.021457432 
235 99 57 101 0.021404235 
327 342 56 62 0.021355944 
623 137 26 34 0.021230426 
310 370 53 57 0.020639982 
702 158 9 12 0.020530434 
795 187 13 15 0.020185191 
