0_Parade_Parade_0_465
54
513 122 101 125 0.9998578 
409 113 93 125 0.9996526 
1004 122 16 21 0.9583142 
106 86 21 32 0.9506761 
946 119 15 20 0.88333994 
903 101 12 13 0.4198264 
501 233 345 487 0.20031482 
678 84 12 17 0.16705361 
914 130 16 21 0.13232975 
76 97 24 30 0.10258307 
931 133 12 15 0.10143653 
925 132 13 20 0.09811985 
341 196 388 472 0.07773098 
877 77 10 12 0.07483223 
1004 143 15 20 0.069052145 
846 75 11 15 0.067641445 
863 116 15 19 0.061652355 
444 382 22 23 0.060067803 
910 126 13 18 0.049510155 
928 101 10 12 0.04696623 
848 138 17 21 0.04643938 
853 101 13 16 0.046435263 
894 99 13 16 0.045562696 
888 99 12 15 0.04144685 
1009 69 8 11 0.040019955 
899 97 20 22 0.036926694 
889 143 11 14 0.03652983 
896 107 13 15 0.03545868 
902 123 13 16 0.034687415 
847 107 12 16 0.032790933 
892 108 23 28 0.032610893 
902 111 22 28 0.030628279 
92 86 27 33 0.029215364 
84 92 40 43 0.028508164 
269 91 61 52 0.02842015 
87 435 29 43 0.027305085 
895 110 38 49 0.026142813 
906 106 13 16 0.025848292 
989 93 10 11 0.025001332 
933 94 10 12 0.024996286 
852 123 26 33 0.024532866 
-1 74 21 35 0.024279486 
715 136 22 31 0.02425409 
933 119 21 27 0.02358233 
867 112 24 33 0.022991097 
713 223 11 14 0.022969985 
766 214 8 11 0.022875719 
860 109 14 18 0.021975376 
692 157 27 43 0.02181626 
724 104 13 19 0.021673629 
717 96 22 30 0.021480879 
893 122 15 18 0.020856703 
910 115 24 30 0.020293485 
671 90 12 15 0.020176698 
