0_Parade_Parade_0_266
517
954 338 26 32 0.99578863 
28 418 14 17 0.9638497 
861 570 24 40 0.72442174 
908 439 22 27 0.69894886 
636 380 91 109 0.5739457 
451 410 17 21 0.55354714 
366 357 21 28 0.543845 
957 310 10 12 0.3645499 
213 382 9 14 0.3617015 
995 322 18 23 0.3597958 
207 331 11 13 0.3330951 
265 436 9 11 0.31999642 
225 316 11 15 0.31461167 
128 331 10 14 0.29197773 
164 332 11 14 0.27082792 
153 316 9 11 0.24504694 
68 443 12 15 0.23463048 
48 335 10 13 0.23259291 
171 416 12 16 0.23061357 
27 449 16 18 0.22701609 
929 296 9 12 0.21128196 
128 406 11 14 0.20730132 
502 311 10 12 0.20636299 
929 426 20 30 0.20362954 
68 330 12 15 0.20064619 
79 428 12 14 0.19611491 
887 320 7 10 0.1951179 
703 354 44 79 0.18991956 
6 331 9 12 0.18952455 
815 318 8 9 0.18692982 
126 327 10 13 0.18352143 
148 415 11 14 0.17864384 
111 318 9 11 0.17567587 
25 334 10 12 0.17063399 
873 344 7 9 0.1689133 
912 317 8 10 0.16621852 
217 442 14 16 0.16604826 
356 522 16 18 0.1649257 
762 318 8 11 0.16129147 
921 440 17 24 0.16013326 
810 318 6 9 0.15795374 
792 349 7 10 0.15555549 
831 311 7 9 0.1401807 
934 413 22 38 0.13614511 
125 373 12 15 0.13581501 
225 339 11 13 0.13392138 
91 338 11 14 0.12925616 
871 311 8 10 0.1255196 
5 437 10 14 0.123658136 
95 445 13 16 0.1236487 
71 361 12 14 0.1229619 
6 428 9 13 0.12290844 
864 312 8 9 0.12022408 
199 175 9 11 0.119945794 
133 333 9 12 0.11981169 
933 362 11 13 0.11672612 
894 373 8 11 0.11653677 
142 341 9 12 0.11537595 
159 342 10 12 0.11493359 
175 327 10 13 0.114032894 
192 350 10 12 0.11257548 
93 451 12 14 0.11157385 
0 423 9 14 0.107653864 
999 411 18 35 0.10462228 
340 372 25 29 0.10372722 
229 423 9 11 0.10337198 
864 318 8 9 0.10227299 
119 371 14 15 0.10196593 
933 300 9 11 0.101201035 
95 395 10 12 0.10087368 
188 356 10 12 0.09989756 
225 427 9 11 0.09827668 
398 421 27 26 0.09646703 
938 395 25 40 0.09305193 
520 340 8 11 0.09259573 
911 311 8 11 0.09155882 
525 311 9 11 0.091312736 
1002 337 15 20 0.09067126 
991 307 13 15 0.08911156 
542 308 8 10 0.08845101 
1 325 11 16 0.08587103 
151 341 9 12 0.085415326 
842 319 7 8 0.08311173 
216 459 10 13 0.08283424 
956 333 16 21 0.082744285 
197 342 10 13 0.08148316 
773 357 7 9 0.08085021 
88 411 13 15 0.08020983 
902 329 7 9 0.07997456 
857 313 6 8 0.07979129 
207 452 10 13 0.07925349 
956 327 14 17 0.079053186 
837 366 8 10 0.07895968 
959 305 10 12 0.07825797 
782 310 8 11 0.07791333 
236 456 11 12 0.076406404 
120 334 10 13 0.07595485 
913 303 7 10 0.07588742 
838 359 7 9 0.07531376 
232 460 11 13 0.074761264 
560 325 7 10 0.07383359 
829 328 9 11 0.07305203 
117 339 12 15 0.07274287 
44 419 11 16 0.072632656 
133 374 12 16 0.07221253 
31 310 10 13 0.07214021 
996 304 11 14 0.0713039 
118 437 10 13 0.07111848 
793 343 8 10 0.07043838 
76 434 14 17 0.07038595 
304 334 9 11 0.07033898 
350 364 24 30 0.07016348 
136 341 9 12 0.06899656 
769 358 7 9 0.06831245 
239 439 9 11 0.067886196 
896 311 7 8 0.067794524 
240 389 9 10 0.067746416 
1002 315 20 30 0.06656214 
87 325 9 11 0.06652496 
215 453 11 13 0.06534822 
831 334 8 9 0.06524006 
182 446 11 15 0.065186106 
121 325 9 11 0.06488451 
269 445 10 12 0.06473687 
210 112 189 244 0.0644691 
873 349 7 9 0.06444113 
864 325 8 9 0.06443675 
106 318 9 12 0.06385254 
456 290 11 15 0.06367123 
257 424 8 10 0.061668497 
545 356 13 15 0.061304677 
117 319 9 11 0.060931593 
561 321 8 11 0.060874157 
863 352 7 9 0.060442936 
904 312 7 9 0.060441297 
92 458 13 15 0.060214777 
286 366 7 10 0.05953255 
212 325 11 13 0.05945403 
307 225 13 17 0.059376948 
192 344 10 12 0.058966774 
896 368 8 11 0.05890747 
334 129 26 30 0.05818323 
521 316 9 11 0.056831826 
180 333 9 12 0.056120835 
142 334 9 12 0.056070294 
852 510 12 16 0.055445876 
438 310 12 16 0.055291172 
817 336 7 9 0.05519399 
794 326 8 10 0.054856967 
106 325 9 11 0.054763075 
982 313 11 15 0.054548156 
230 439 10 13 0.05440447 
46 472 10 14 0.05425369 
605 283 13 15 0.054192647 
117 402 12 15 0.054088425 
1008 309 12 15 0.05379237 
251 477 10 13 0.053773697 
904 397 11 14 0.053580005 
468 346 14 17 0.053314693 
896 718 37 49 0.053203948 
214 254 10 13 0.0526851 
888 392 9 10 0.052617945 
29 338 10 13 0.05256122 
238 399 10 13 0.051239137 
228 312 11 14 0.05103117 
902 359 7 9 0.05102421 
553 334 8 11 0.051008105 
143 317 10 11 0.05086497 
34 414 15 18 0.050556846 
72 339 11 13 0.05033651 
245 431 9 11 0.05032571 
878 360 7 9 0.050216842 
924 428 15 23 0.049953543 
35 357 11 15 0.04983801 
88 320 9 11 0.049643517 
52 338 9 14 0.049544998 
499 310 9 11 0.04867893 
12 427 10 13 0.048463207 
950 326 11 14 0.048145 
798 335 9 11 0.0481012 
538 364 15 16 0.04792096 
141 327 10 11 0.047852732 
159 327 12 14 0.04777517 
117 431 9 11 0.047330726 
153 278 8 11 0.04724048 
863 366 6 9 0.047103595 
878 492 27 34 0.047024872 
919 303 8 9 0.04592877 
963 309 11 14 0.045668554 
457 179 27 34 0.045531683 
849 353 7 9 0.04509641 
52 366 11 14 0.044848047 
937 349 10 14 0.04484582 
376 360 16 22 0.044721816 
221 462 9 11 0.044494234 
445 316 12 15 0.044414777 
778 319 9 11 0.04439159 
526 305 8 10 0.044273913 
14 334 8 12 0.044236615 
429 299 11 15 0.04414208 
234 399 9 12 0.044010725 
257 430 10 12 0.043923292 
937 342 10 12 0.043819863 
250 155 124 143 0.043379806 
176 319 10 11 0.04334258 
945 324 10 12 0.043180075 
125 338 12 15 0.042162806 
335 374 13 16 0.041927993 
76 359 10 13 0.041766603 
511 340 11 12 0.041517474 
4 317 12 14 0.041273244 
207 337 11 14 0.0410015 
882 319 8 9 0.040476702 
149 335 10 12 0.04040341 
913 357 7 9 0.040367708 
887 324 7 11 0.040365085 
870 581 21 26 0.040340602 
917 318 8 10 0.04030297 
877 343 8 10 0.040230833 
830 304 7 9 0.03998125 
879 366 7 9 0.039819866 
589 317 12 14 0.039819427 
265 478 11 13 0.039754957 
447 396 26 31 0.039727464 
538 304 8 10 0.039650705 
245 446 9 12 0.039409272 
100 439 12 15 0.03918647 
561 303 7 9 0.038853083 
903 444 17 22 0.03883911 
902 367 7 10 0.038658973 
93 436 22 29 0.038004406 
41 340 9 12 0.037966657 
463 299 9 11 0.037866026 
74 441 12 16 0.03785576 
845 573 27 37 0.037684716 
104 311 9 11 0.037646916 
0 485 7 13 0.037598018 
222 469 9 12 0.037475526 
826 327 7 9 0.03746827 
120 262 8 11 0.03724784 
246 146 14 15 0.036971375 
127 321 9 11 0.03695486 
777 375 9 10 0.036921103 
525 350 10 11 0.036774058 
898 426 37 47 0.036732923 
274 334 9 11 0.036587287 
157 347 10 12 0.036563057 
846 318 7 9 0.036442656 
264 444 10 12 0.0362543 
527 385 13 16 0.036139242 
856 357 8 10 0.036055803 
870 317 8 10 0.036041375 
667 356 77 107 0.03602257 
765 313 9 10 0.036022004 
889 313 7 9 0.035760004 
128 420 10 14 0.035669312 
24 315 10 13 0.03558011 
144 311 10 12 0.03557034 
254 462 9 12 0.035448696 
63 450 13 15 0.03542443 
270 482 11 14 0.035241604 
848 313 7 9 0.035221003 
865 305 7 9 0.035122517 
858 318 7 8 0.03512249 
861 357 8 10 0.03495988 
157 413 10 14 0.034875862 
50 303 16 19 0.03483836 
918 358 7 9 0.034688305 
898 327 8 10 0.03459158 
0 453 10 18 0.0345114 
1 285 9 13 0.034497704 
33 302 9 12 0.034472685 
244 437 9 12 0.03445307 
110 334 10 12 0.03438114 
268 433 9 11 0.034214124 
91 406 13 16 0.03417202 
809 314 7 9 0.034131885 
470 294 11 15 0.034012843 
188 446 10 13 0.033947334 
674 419 32 44 0.033928014 
873 336 9 11 0.033764746 
898 334 7 8 0.033746142 
130 410 11 15 0.03364361 
104 333 9 12 0.03360615 
552 297 7 9 0.033541787 
202 469 13 16 0.033397004 
798 340 8 11 0.033243287 
503 306 8 10 0.033200007 
778 304 7 9 0.03317614 
113 435 11 15 0.033029415 
871 305 7 9 0.032991838 
278 445 11 12 0.032866795 
722 372 28 56 0.03274167 
553 329 7 9 0.032699034 
832 340 8 10 0.03264403 
923 524 12 13 0.032630526 
538 309 8 10 0.032597292 
930 360 9 12 0.032572206 
835 361 7 9 0.032569893 
888 335 7 9 0.032540966 
799 320 8 9 0.032493636 
847 327 7 10 0.03232598 
461 320 14 20 0.03221156 
881 325 8 10 0.032211475 
204 174 12 13 0.032198496 
894 380 8 11 0.032169014 
216 403 9 12 0.032104887 
935 380 11 15 0.031845253 
944 318 9 13 0.031711783 
123 439 10 12 0.031675097 
134 328 10 13 0.031634845 
212 206 16 20 0.03144511 
94 319 8 10 0.03140821 
47 345 10 15 0.0313299 
141 378 10 14 0.031231876 
240 444 9 11 0.030827079 
12 315 12 14 0.030697083 
774 353 7 9 0.030425522 
888 342 7 10 0.030334936 
508 310 9 12 0.030186258 
542 350 12 13 0.03005061 
411 369 17 20 0.030006645 
809 352 8 9 0.029891685 
878 312 7 9 0.029888427 
5 451 11 17 0.029676873 
502 340 11 14 0.029649498 
991 306 21 26 0.029641943 
913 352 7 10 0.029219572 
43 361 20 26 0.029188221 
843 606 11 16 0.029122964 
827 303 6 9 0.02911188 
176 365 12 15 0.029080521 
188 365 11 13 0.029065851 
256 452 9 11 0.029065838 
898 360 7 9 0.029037653 
928 325 9 12 0.0289706 
204 285 10 12 0.028948026 
896 305 7 9 0.02888963 
341 141 16 20 0.028771538 
600 277 23 29 0.028748836 
510 304 8 9 0.028663402 
264 385 8 11 0.028645525 
982 726 36 44 0.02841886 
182 339 10 13 0.028386189 
78 326 9 12 0.028324008 
933 391 21 29 0.028083831 
454 317 26 33 0.028053105 
36 308 10 14 0.028023476 
158 279 8 11 0.027954228 
777 324 8 10 0.027860228 
386 347 12 16 0.027730448 
497 315 11 15 0.027673498 
136 347 11 12 0.027530748 
585 315 11 15 0.027500292 
794 334 8 11 0.027499458 
186 474 12 16 0.027428765 
920 280 8 10 0.027375106 
237 465 12 15 0.027363298 
150 406 10 13 0.027296843 
991 491 35 59 0.027199294 
477 362 13 17 0.027175175 
934 386 11 17 0.027164191 
947 478 30 40 0.0267969 
724 128 51 68 0.026759533 
281 359 8 11 0.02673302 
246 469 11 14 0.026657738 
134 362 11 15 0.026650403 
110 374 13 15 0.026639841 
525 342 9 11 0.026579844 
439 330 25 32 0.026558828 
538 341 12 14 0.02652699 
0 443 10 17 0.026494144 
495 325 10 13 0.02648502 
897 562 28 39 0.02642401 
277 454 13 15 0.026392521 
991 328 23 31 0.026334696 
826 311 7 10 0.026326858 
159 419 11 15 0.026316427 
358 360 16 21 0.026304118 
47 329 10 12 0.02627163 
943 312 8 10 0.026167173 
954 309 20 24 0.025902089 
216 317 12 15 0.025877966 
458 334 24 31 0.02585359 
941 296 10 11 0.0258183 
550 302 7 9 0.025734123 
842 326 8 10 0.025660917 
371 348 17 21 0.025659837 
777 380 9 11 0.02563196 
246 452 10 12 0.025575638 
209 379 18 24 0.025544744 
784 360 8 9 0.025539521 
7 313 11 12 0.025496561 
246 462 10 14 0.025462802 
143 405 10 12 0.02534793 
435 300 13 17 0.025331512 
88 347 11 13 0.025265105 
921 285 9 11 0.025201991 
157 414 18 25 0.025187153 
894 390 9 11 0.025169736 
149 398 9 12 0.025081495 
824 334 8 10 0.025052804 
245 390 8 10 0.025012111 
89 396 10 12 0.024994364 
119 424 9 11 0.024929224 
477 293 10 13 0.024915673 
65 439 12 14 0.02486034 
565 319 8 10 0.024846638 
180 326 9 13 0.024811065 
326 362 37 46 0.024687279 
831 316 8 10 0.024641344 
422 293 20 26 0.024519438 
167 425 14 17 0.02439139 
144 398 10 12 0.024297226 
934 373 11 15 0.024293395 
202 332 9 13 0.024106141 
602 285 10 13 0.024048908 
191 318 9 12 0.024036434 
512 409 17 19 0.024006724 
890 368 8 10 0.024004828 
793 320 7 10 0.023866467 
100 396 11 14 0.023851749 
201 326 10 13 0.023838945 
109 411 12 14 0.023813758 
891 583 31 37 0.023810506 
926 288 9 10 0.023769671 
105 436 20 26 0.023769392 
491 369 23 29 0.023743697 
35 356 20 27 0.023685407 
116 312 9 11 0.023619547 
245 471 19 25 0.023539975 
933 487 28 39 0.023372792 
77 341 10 13 0.023327336 
888 360 7 9 0.02325708 
910 390 11 13 0.023091272 
52 312 13 16 0.023056332 
7 402 14 17 0.023033164 
273 461 10 13 0.02301657 
895 343 8 10 0.022986937 
474 346 24 29 0.02294795 
83 419 15 18 0.022831628 
124 367 11 13 0.022806164 
45 284 11 12 0.022792947 
89 444 10 14 0.022771824 
110 423 10 11 0.022606535 
126 400 18 24 0.022584569 
285 439 11 12 0.022568949 
496 332 9 13 0.02256828 
127 5 367 447 0.022568028 
216 310 11 13 0.022565357 
757 335 9 11 0.022440689 
84 436 11 14 0.022398122 
271 451 11 13 0.022295568 
976 311 9 12 0.0222537 
157 312 10 13 0.022237385 
929 357 20 24 0.022216003 
231 452 21 24 0.022143077 
460 381 14 16 0.022135902 
37 294 10 12 0.022123398 
878 335 8 10 0.0220889 
382 377 115 121 0.022023683 
126 427 10 12 0.021959975 
5 378 12 14 0.021940416 
231 225 11 14 0.021898827 
39 350 9 13 0.021879572 
466 185 15 20 0.02187419 
258 435 9 12 0.021874145 
261 425 8 10 0.021837225 
101 339 10 14 0.021827435 
566 310 8 10 0.021776523 
692 480 17 20 0.021774782 
454 297 12 14 0.021733643 
309 213 10 14 0.02171206 
219 396 11 13 0.021600254 
547 156 13 15 0.021567112 
987 416 25 34 0.021547873 
104 404 10 15 0.021523464 
12 446 19 26 0.021313883 
198 315 11 13 0.021276189 
230 252 10 14 0.021229394 
110 398 14 17 0.021192623 
231 417 9 10 0.021147793 
815 360 8 9 0.021137705 
565 304 8 10 0.021102415 
767 336 8 10 0.021090068 
185 351 11 13 0.02099062 
157 363 13 15 0.020970354 
521 364 21 26 0.020939995 
222 251 12 16 0.020918034 
213 174 11 13 0.020897731 
879 374 9 11 0.020896846 
262 451 9 11 0.020869022 
103 430 10 13 0.02082911 
496 305 9 11 0.020756518 
464 310 9 11 0.020739991 
470 309 10 12 0.02061201 
93 325 9 12 0.020560108 
989 318 36 55 0.02054446 
544 328 8 9 0.020497723 
1010 337 12 19 0.0204949 
233 467 10 13 0.02048997 
53 426 12 14 0.020460602 
143 412 18 23 0.020420142 
157 358 10 12 0.020378688 
191 286 8 11 0.020306725 
135 319 9 11 0.020251332 
119 449 12 15 0.020247912 
439 213 11 13 0.02024156 
823 319 7 9 0.0202382 
928 389 10 14 0.020236285 
236 155 15 21 0.020148655 
935 335 9 12 0.020121483 
176 449 14 16 0.02008155 
218 116 13 14 0.020070598 
937 354 13 18 0.020043217 
142 363 11 13 0.02004129 
447 339 27 30 0.020016529 
