0_Parade_Parade_0_286
141
958 552 65 83 0.9937616 
531 546 19 23 0.9438904 
460 527 15 22 0.6853076 
617 596 105 115 0.660221 
584 561 23 29 0.6056437 
900 528 18 21 0.5083082 
344 504 23 28 0.4895923 
511 537 14 18 0.33679652 
582 526 12 14 0.2942683 
507 421 9 12 0.21918188 
903 518 15 17 0.19553536 
82 522 17 19 0.19078931 
959 498 14 18 0.17182563 
0 510 44 66 0.17040424 
453 524 16 23 0.14632498 
285 578 29 39 0.13275726 
59 501 14 17 0.13014926 
943 504 13 15 0.12952253 
523 537 20 27 0.122718744 
576 342 7 10 0.118066736 
623 501 11 15 0.11559171 
309 466 37 39 0.09973933 
453 491 10 12 0.09868651 
564 522 10 13 0.09584448 
898 524 29 33 0.08845244 
447 526 15 20 0.085981175 
79 548 22 35 0.08451862 
520 508 11 14 0.08240338 
501 337 9 12 0.0804113 
611 514 11 14 0.07897236 
541 573 28 41 0.07878864 
972 508 15 17 0.0693743 
822 566 56 80 0.063647956 
52 493 13 16 0.06306071 
898 527 52 65 0.06281397 
651 510 9 12 0.06203045 
468 533 13 19 0.061861455 
596 516 10 13 0.058283653 
486 493 9 12 0.055191953 
512 535 23 29 0.05336291 
49 496 21 26 0.051632278 
964 503 17 20 0.05131256 
474 467 11 14 0.04874135 
598 524 10 13 0.04802686 
462 480 8 10 0.04595266 
549 537 15 19 0.045036107 
464 486 7 10 0.044831485 
596 559 12 15 0.04445937 
517 339 10 14 0.04268335 
618 500 10 12 0.04192548 
668 525 32 34 0.041800994 
488 488 8 11 0.039832223 
576 561 15 19 0.03982078 
536 514 11 14 0.039675493 
558 511 12 15 0.038852677 
578 531 11 15 0.03818317 
586 529 13 15 0.037841257 
341 360 12 15 0.037450064 
552 585 24 35 0.037378445 
458 477 8 10 0.035824455 
579 537 14 16 0.03567476 
-3 535 49 77 0.035665568 
540 512 9 12 0.035428528 
897 532 12 17 0.03481076 
542 534 11 14 0.03465149 
938 513 19 22 0.03370818 
571 558 38 45 0.033681445 
0 501 36 43 0.03295884 
476 530 13 19 0.032611243 
963 183 12 13 0.032391317 
842 557 82 107 0.03170577 
454 520 12 15 0.031409025 
585 333 7 9 0.03118959 
695 168 9 10 0.030698849 
557 516 20 25 0.030442156 
934 539 55 72 0.030041512 
525 469 10 13 0.029900962 
853 507 27 36 0.02955055 
936 464 10 13 0.029541224 
473 556 12 17 0.029494895 
232 544 30 38 0.029428048 
276 548 30 46 0.029416082 
504 538 15 18 0.029316042 
308 480 47 55 0.028851127 
1 580 44 63 0.028680982 
951 468 12 13 0.028606469 
133 -9 233 207 0.027769785 
973 448 10 14 0.02755013 
941 502 20 25 0.027249837 
467 512 15 22 0.026942564 
576 358 8 12 0.026904475 
731 442 46 58 0.026674602 
0 574 26 40 0.026630322 
72 560 45 59 0.026532982 
512 463 8 11 0.026389685 
752 327 9 12 0.025701674 
470 486 9 11 0.025701592 
329 499 33 40 0.025326574 
462 516 14 20 0.025024002 
454 471 8 10 0.024987852 
588 352 12 16 0.024392229 
489 477 9 12 0.02431731 
575 502 11 13 0.024283944 
879 465 34 42 0.024014395 
437 519 10 14 0.023999624 
21 476 47 56 0.023805508 
606 509 20 27 0.023770899 
959 187 15 16 0.023523852 
577 520 19 25 0.023465246 
541 160 9 11 0.023246422 
593 341 9 11 0.023204988 
470 502 10 14 0.023202695 
511 529 13 16 0.023118123 
16 503 49 64 0.02283466 
469 519 22 33 0.02271472 
617 497 21 27 0.022389947 
549 599 13 19 0.022284586 
704 440 25 31 0.022155765 
512 335 10 13 0.022060003 
550 560 27 39 0.022031786 
524 503 9 12 0.022030352 
606 524 10 13 0.021891566 
896 504 48 58 0.021794256 
829 177 9 11 0.021586016 
445 477 9 12 0.021392874 
968 505 24 30 0.021341708 
950 503 27 32 0.021291152 
620 526 12 17 0.021277212 
926 513 31 38 0.02123169 
517 503 19 24 0.021203803 
10 543 29 44 0.021049056 
622 493 13 17 0.020807086 
479 487 10 12 0.020563815 
591 513 12 14 0.020504745 
505 426 11 13 0.020367634 
340 350 12 17 0.020357033 
905 508 26 30 0.020272892 
511 468 9 12 0.020220125 
537 531 20 27 0.02015717 
854 168 9 10 0.020084305 
607 499 9 11 0.020057792 
