0_Parade_Parade_0_247
390
69 429 9 12 0.4659983 
312 419 9 12 0.4374339 
80 469 12 15 0.2998207 
52 490 14 16 0.24716014 
988 445 18 22 0.23784472 
125 494 12 17 0.2334083 
39 446 11 13 0.19548276 
891 450 10 13 0.19027573 
46 452 10 12 0.18166947 
879 488 9 13 0.18000758 
100 440 11 14 0.1758785 
733 157 15 15 0.17154743 
917 438 12 15 0.1482341 
560 360 9 11 0.14354683 
821 437 10 14 0.13965483 
79 8 376 428 0.13747145 
254 447 8 10 0.13417986 
543 455 7 9 0.12709984 
522 454 6 9 0.12551665 
415 464 8 9 0.12115226 
17 494 10 12 0.11951492 
54 452 9 11 0.1129278 
710 465 8 10 0.11155349 
400 361 10 11 0.10130955 
343 455 6 9 0.10105208 
352 470 8 9 0.09882511 
35 437 10 13 0.09590116 
351 464 7 9 0.09525321 
473 456 7 10 0.0939565 
576 464 7 9 0.0934915 
765 494 8 10 0.09206757 
514 470 6 8 0.0897683 
599 464 6 8 0.08888912 
136 434 7 10 0.088859275 
173 438 14 15 0.0884034 
455 431 8 10 0.08785294 
58 488 12 14 0.08578469 
465 448 6 8 0.08448823 
293 486 8 11 0.080988936 
462 481 8 10 0.08015262 
513 465 6 9 0.079749584 
648 508 8 11 0.0792082 
503 471 7 8 0.07894292 
583 329 13 17 0.07811168 
616 454 7 9 0.07740343 
791 430 10 14 0.07724466 
576 350 11 13 0.07665454 
862 447 9 10 0.07478875 
521 450 7 9 0.07331049 
788 381 16 17 0.0732278 
478 456 7 10 0.07318432 
168 443 12 15 0.07175898 
710 446 8 10 0.07100068 
489 471 7 9 0.06996845 
497 455 7 8 0.06993724 
551 464 7 8 0.068122745 
563 471 7 9 0.06751921 
717 496 8 11 0.06662374 
994 294 29 36 0.066566885 
235 87 246 257 0.06638189 
665 455 7 10 0.06583867 
478 480 8 10 0.0648514 
15 452 9 12 0.064629726 
198 12 25 29 0.06434566 
760 493 8 9 0.06360937 
76 451 9 12 0.062997684 
595 465 6 9 0.06230347 
315 416 11 14 0.0608304 
400 456 7 9 0.060621597 
22 445 9 12 0.060079366 
496 479 8 10 0.05974129 
386 423 8 10 0.058924984 
538 463 7 8 0.05865413 
329 463 8 9 0.058150854 
704 448 9 11 0.056204792 
342 472 7 9 0.055812906 
338 138 132 146 0.05567601 
863 487 9 14 0.055623576 
539 455 7 9 0.055064443 
519 470 6 8 0.054869708 
294 438 8 11 0.054483466 
621 487 9 12 0.054076202 
554 480 7 9 0.052724704 
902 444 10 12 0.052111477 
416 448 7 9 0.05148627 
663 342 37 51 0.051162478 
350 167 30 29 0.049436864 
607 334 11 14 0.049386326 
303 445 9 11 0.04933719 
587 317 13 16 0.049138613 
543 461 6 9 0.04807839 
829 363 14 17 0.04800698 
550 376 7 10 0.047426328 
731 154 25 25 0.04728465 
102 449 11 13 0.0470477 
65 425 10 12 0.046174243 
17 489 9 11 0.046051264 
440 447 8 9 0.045608778 
559 480 7 10 0.045490935 
757 454 7 10 0.045472123 
901 254 33 54 0.044177502 
176 459 12 15 0.04377753 
544 472 7 9 0.042790677 
584 489 7 9 0.042463638 
496 463 7 9 0.042352203 
972 493 16 22 0.042299863 
360 455 7 9 0.042008024 
751 505 10 11 0.04182401 
346 462 7 9 0.041803095 
552 471 7 9 0.0415026 
504 465 7 9 0.04126045 
328 447 8 10 0.04125378 
287 232 29 40 0.041065123 
882 113 22 33 0.041022826 
496 449 8 9 0.04084015 
180 438 11 12 0.040716507 
665 478 8 11 0.040714443 
470 438 7 9 0.040694565 
296 470 8 9 0.04055895 
576 469 8 10 0.040411286 
727 518 8 9 0.040290587 
616 470 7 9 0.04028284 
601 480 7 9 0.039939232 
281 439 8 10 0.03985762 
622 429 7 10 0.039257776 
780 319 15 17 0.039223548 
854 355 14 19 0.03918635 
171 451 15 17 0.039099954 
288 437 8 11 0.038967162 
45 421 11 13 0.038926657 
860 355 15 19 0.038908735 
337 470 8 10 0.038775574 
702 480 7 9 0.03875453 
720 513 7 8 0.038736764 
470 433 7 10 0.03836672 
670 473 8 10 0.038224217 
713 379 11 12 0.038167454 
456 439 7 9 0.038035803 
232 494 10 13 0.037919935 
804 400 15 20 0.03768667 
799 396 13 17 0.03758 
529 480 8 9 0.03749333 
705 463 9 11 0.03740699 
121 453 11 12 0.037264407 
617 425 8 9 0.03719108 
246 463 7 9 0.03708492 
549 456 7 9 0.03660676 
543 438 6 9 0.036365103 
999 172 23 30 0.036324415 
655 463 8 10 0.036281694 
537 471 7 9 0.036205694 
130 437 8 10 0.03582607 
593 469 6 9 0.035381146 
687 419 9 11 0.035022404 
296 445 8 11 0.034543984 
577 489 8 9 0.034320798 
248 455 8 9 0.034220718 
669 454 8 10 0.03409919 
517 414 9 11 0.03385773 
712 10 24 31 0.03377349 
795 386 14 16 0.033724688 
581 336 13 17 0.033722326 
441 431 7 10 0.033650376 
405 360 8 10 0.033512242 
393 447 7 9 0.033407398 
448 454 7 8 0.033389095 
537 449 7 8 0.033346873 
872 414 10 13 0.03326152 
568 465 8 9 0.033076964 
466 454 7 10 0.03289763 
637 326 11 15 0.03280474 
980 494 16 22 0.03271184 
352 456 7 9 0.032588344 
605 480 7 8 0.032565016 
621 425 7 9 0.032469228 
882 101 124 153 0.032308646 
86 503 23 35 0.031921286 
415 351 7 10 0.031864516 
344 448 7 9 0.03166655 
576 343 10 13 0.031390868 
754 493 8 10 0.031195536 
341 478 8 9 0.03086457 
528 199 15 18 0.03085592 
53 499 12 14 0.030610995 
36 431 11 13 0.030601952 
6 443 12 15 0.03060022 
168 438 21 24 0.030551514 
632 469 7 9 0.030492865 
553 325 9 11 0.030421164 
832 422 10 12 0.030337239 
327 439 7 9 0.030310161 
622 479 7 10 0.030088028 
496 471 7 8 0.030004181 
337 454 7 9 0.030002879 
18 496 14 16 0.02955387 
273 440 7 9 0.029508928 
261 431 8 10 0.029490815 
698 180 20 22 0.029472193 
109 508 11 13 0.029229332 
616 463 7 10 0.02921093 
513 479 7 9 0.029110398 
947 466 18 21 0.028970756 
999 179 13 18 0.028931597 
554 484 7 10 0.028876832 
358 473 8 9 0.02879676 
88 496 40 52 0.028783355 
865 397 9 11 0.028682033 
541 310 8 10 0.028593097 
410 464 7 9 0.028546875 
322 439 8 10 0.028483996 
87 509 13 19 0.028419347 
100 502 15 20 0.02841086 
942 465 15 19 0.028311037 
74 467 12 17 0.028240686 
862 429 9 11 0.028155556 
737 438 8 10 0.028015688 
502 479 8 9 0.02795076 
645 192 17 22 0.027934618 
127 145 52 59 0.02775348 
617 449 6 9 0.027636927 
797 330 17 24 0.027497819 
277 494 9 12 0.027408542 
293 217 17 21 0.027287511 
665 448 7 10 0.027129376 
335 464 6 8 0.027007084 
733 480 8 10 0.026902704 
801 55 50 63 0.026816254 
418 455 6 8 0.026751352 
609 472 6 8 0.026592523 
479 484 9 11 0.026581163 
108 453 11 12 0.026566051 
649 448 7 8 0.026563002 
982 187 39 56 0.026559753 
520 463 7 9 0.026402734 
343 174 27 30 0.026391901 
477 540 11 13 0.026372513 
551 496 7 8 0.026280168 
488 448 6 8 0.026264347 
934 435 11 15 0.026157692 
128 474 10 14 0.026079847 
294 419 11 14 0.02599367 
943 459 12 16 0.025884446 
438 397 9 10 0.025854243 
913 443 12 15 0.025852783 
752 520 10 13 0.025851568 
802 389 15 17 0.025847288 
874 419 13 15 0.025831465 
519 421 8 10 0.025737867 
327 431 8 10 0.02571556 
601 487 8 10 0.02567252 
831 70 50 56 0.025591554 
786 220 16 19 0.02554547 
623 464 7 10 0.025516164 
831 428 9 11 0.025487617 
60 447 10 12 0.02540221 
401 390 9 11 0.025379295 
733 123 10 12 0.02536708 
207 17 28 31 0.025215233 
11 430 12 15 0.025188547 
416 441 7 9 0.025166245 
508 309 9 11 0.025125246 
464 432 8 11 0.025112098 
95 499 24 32 0.024994895 
745 520 7 10 0.024972325 
892 47 39 54 0.024968332 
261 191 14 16 0.024835365 
811 399 16 21 0.024824189 
525 455 6 9 0.0248178 
156 485 12 15 0.024610674 
512 486 8 9 0.024559058 
553 319 9 11 0.02444032 
304 472 7 9 0.024425158 
7 436 12 14 0.024339406 
557 323 9 12 0.024309745 
826 436 11 14 0.024285438 
615 440 8 9 0.024275228 
962 284 32 44 0.02427317 
451 173 18 20 0.024269998 
759 519 10 13 0.024221221 
623 470 6 9 0.024194773 
849 86 52 58 0.02417469 
289 445 8 10 0.024108808 
473 479 8 9 0.024100296 
480 440 6 8 0.024062274 
816 444 11 15 0.02397791 
96 431 9 12 0.023947028 
895 431 8 11 0.023925906 
96 448 11 15 0.023901485 
606 487 7 10 0.023883384 
374 431 7 9 0.023784967 
447 469 8 11 0.023772812 
322 445 8 10 0.023735449 
126 486 12 17 0.023729924 
439 439 7 9 0.023670247 
489 478 9 11 0.023513202 
-20 296 102 153 0.02342424 
871 487 11 13 0.02336734 
784 323 24 30 0.023366489 
335 448 7 10 0.023343269 
32 441 12 16 0.02333506 
73 448 9 12 0.023322428 
724 33 46 56 0.023293788 
815 432 11 14 0.023081327 
745 503 9 11 0.023069639 
565 365 8 10 0.023052637 
48 487 23 28 0.023045884 
550 293 8 10 0.022984194 
395 455 6 10 0.022983499 
165 459 12 16 0.02292337 
135 445 10 14 0.022895323 
353 477 8 10 0.022846157 
843 3 16 17 0.02282239 
263 470 8 10 0.02270856 
263 454 9 11 0.022560788 
0 283 57 92 0.02255885 
665 485 7 9 0.022491401 
94 505 15 19 0.022478877 
394 364 10 12 0.022471387 
801 463 8 11 0.022406382 
727 158 16 19 0.022394652 
828 46 43 52 0.022377938 
560 305 8 10 0.022372754 
895 485 14 17 0.022370912 
503 449 8 9 0.022341503 
296 164 118 131 0.022297148 
822 389 15 20 0.022199355 
945 470 29 34 0.022127472 
988 142 23 30 0.022122465 
124 457 12 15 0.022117198 
434 439 7 10 0.022106964 
969 297 37 43 0.022094244 
981 453 23 27 0.02201161 
647 495 7 9 0.02197496 
542 478 8 10 0.021953762 
96 440 18 22 0.021952901 
302 464 7 10 0.021932917 
738 150 17 18 0.021927167 
409 448 7 10 0.021716993 
664 460 8 10 0.02171532 
696 412 11 14 0.021686226 
305 477 7 10 0.021656543 
558 318 10 12 0.02165005 
805 199 16 21 0.02162552 
290 218 29 36 0.02162318 
837 430 8 10 0.021608569 
344 440 7 9 0.021580108 
862 440 9 11 0.02134199 
305 420 11 13 0.021301523 
686 446 8 11 0.021299105 
619 347 12 15 0.021264901 
465 439 9 10 0.021260418 
830 21 29 36 0.021235835 
399 461 7 9 0.021193858 
669 449 8 9 0.021181785 
746 509 8 10 0.02116803 
447 448 6 9 0.021071676 
795 429 11 14 0.021059828 
759 502 9 11 0.021025613 
469 447 7 9 0.021006925 
297 464 8 9 0.020996591 
360 477 7 9 0.020952402 
640 480 8 9 0.020892367 
590 488 7 10 0.020832535 
358 447 8 8 0.020799644 
922 437 14 16 0.020726958 
403 364 9 12 0.020721646 
498 167 22 27 0.020675153 
584 311 10 14 0.02064688 
727 513 7 9 0.020606821 
255 440 9 11 0.020580912 
364 170 19 21 0.020484354 
535 486 8 10 0.02045098 
894 438 10 12 0.020365091 
618 480 7 9 0.020345358 
820 503 15 17 0.020312712 
490 424 8 9 0.020302523 
888 437 9 11 0.020297628 
783 385 15 17 0.020297378 
433 464 7 8 0.020263761 
942 232 30 37 0.020246515 
24 439 10 14 0.020232419 
567 315 12 14 0.02021846 
741 438 9 12 0.020198116 
535 392 6 9 0.020176744 
7 449 12 17 0.020149367 
646 479 8 10 0.020110635 
150 153 12 14 0.020100832 
53 421 9 12 0.020091878 
329 454 7 9 0.020069398 
915 431 13 16 0.020032216 
