0_Parade_Parade_0_43
2092
186 388 19 22 0.99160063 
489 224 18 21 0.99037325 
544 289 18 20 0.9899013 
770 460 19 22 0.9847882 
886 465 16 21 0.98365885 
11 481 18 22 0.9833757 
824 518 18 21 0.97747016 
755 402 19 22 0.9768421 
678 448 18 23 0.97670764 
386 340 17 22 0.97467107 
499 510 21 27 0.9738017 
265 514 20 22 0.97373134 
549 449 18 22 0.9718865 
201 452 19 22 0.9687459 
501 392 20 25 0.9676697 
306 356 19 23 0.96602803 
655 350 19 23 0.96574044 
76 455 18 21 0.96499455 
810 435 18 22 0.96418124 
943 522 19 21 0.963811 
153 508 20 22 0.9637812 
443 448 20 23 0.95662475 
253 378 19 22 0.951539 
602 509 22 27 0.9509076 
703 377 18 22 0.9422283 
599 343 19 22 0.9332855 
715 518 18 21 0.9213061 
398 512 20 23 0.91991246 
31 510 19 21 0.91874385 
310 453 19 23 0.9187208 
135 427 19 23 0.8959726 
438 284 20 27 0.8874515 
245 346 14 17 0.8244834 
900 373 10 13 0.8091287 
925 357 11 14 0.80683804 
848 293 10 13 0.77714217 
639 294 12 16 0.71609 
978 324 11 14 0.6995485 
143 277 9 12 0.6850249 
775 317 10 13 0.679989 
847 325 11 15 0.67580837 
701 335 12 14 0.64473003 
790 328 9 13 0.63157034 
306 323 14 16 0.61535317 
820 311 11 14 0.6069515 
999 309 10 12 0.6042626 
173 274 10 13 0.60383165 
620 297 14 16 0.60078543 
365 283 11 14 0.59773856 
905 326 10 13 0.5914369 
838 357 12 15 0.58438116 
935 331 11 13 0.56931305 
825 271 9 11 0.5652568 
702 261 8 10 0.56344897 
885 270 9 11 0.55988973 
993 254 9 12 0.54226166 
853 222 10 12 0.5296029 
919 278 8 11 0.5121656 
113 271 9 12 0.5100719 
968 256 8 10 0.5070624 
725 314 10 13 0.50261736 
301 231 8 10 0.49934405 
742 324 12 15 0.49666333 
808 262 9 11 0.49464718 
885 375 10 13 0.49026784 
839 255 10 13 0.48423946 
838 373 11 14 0.47726244 
342 273 8 11 0.4659587 
895 299 10 13 0.46538794 
147 405 15 18 0.46485493 
793 388 15 18 0.46425536 
905 255 10 12 0.4282406 
772 383 15 19 0.42651895 
820 367 11 13 0.42349926 
952 260 8 11 0.41538015 
277 253 10 12 0.4107545 
674 309 10 12 0.407891 
154 255 9 11 0.40630946 
981 245 9 12 0.40551284 
927 264 10 11 0.4040812 
953 239 8 11 0.3986876 
872 229 9 13 0.39832747 
930 269 10 12 0.3976689 
750 263 9 12 0.3952136 
759 228 7 9 0.38490698 
583 271 10 12 0.3792815 
656 279 10 12 0.37788376 
564 263 10 13 0.37641755 
846 261 9 11 0.36892787 
158 260 10 12 0.36462453 
803 534 18 24 0.36389974 
864 263 9 11 0.35620394 
630 326 15 20 0.35348165 
659 317 13 15 0.34410816 
639 305 11 14 0.3428727 
968 488 16 20 0.33804065 
816 334 12 15 0.33742633 
885 262 10 13 0.32295018 
888 208 7 10 0.32207674 
765 302 9 11 0.31810072 
1014 303 8 12 0.31758365 
104 232 9 12 0.31269878 
807 269 9 12 0.31248894 
349 238 8 10 0.311326 
790 270 9 12 0.3090512 
337 230 8 11 0.3088253 
673 279 8 11 0.30250078 
117 220 9 11 0.30148312 
237 270 11 14 0.29536387 
23 203 9 11 0.29446045 
74 222 8 11 0.29179028 
936 213 7 10 0.28278038 
754 292 9 12 0.28254393 
215 254 8 10 0.2801509 
362 278 10 13 0.2786637 
708 301 11 13 0.2779208 
935 247 9 11 0.27765372 
936 309 9 12 0.27614507 
327 285 10 13 0.27156135 
293 284 9 12 0.27022007 
309 302 11 13 0.26657498 
525 315 22 26 0.2656377 
782 351 10 13 0.26546824 
728 244 9 10 0.26161566 
878 405 11 13 0.26114273 
873 318 10 13 0.2595551 
878 237 10 12 0.25905058 
729 263 9 11 0.25878787 
103 208 8 11 0.25727797 
869 287 10 13 0.255509 
729 231 8 10 0.25494063 
250 229 8 10 0.25379935 
928 295 9 12 0.2531663 
607 240 9 10 0.25123185 
710 278 9 11 0.25030574 
728 239 8 11 0.2499603 
744 197 8 10 0.24921204 
151 236 9 11 0.24848619 
119 200 8 10 0.24838836 
49 191 9 12 0.24824199 
343 237 9 11 0.24819855 
862 371 10 13 0.24806292 
217 275 9 12 0.24600795 
863 395 11 16 0.24463393 
367 173 9 11 0.24343716 
686 271 7 10 0.2426158 
853 305 12 14 0.24215366 
735 292 9 13 0.24200597 
134 207 9 12 0.24095982 
787 245 8 11 0.2407136 
708 296 9 11 0.24035244 
234 213 7 10 0.23995477 
888 213 9 11 0.23964757 
61 254 7 10 0.23840755 
289 269 8 10 0.23767062 
673 284 9 11 0.23762004 
112 120 8 9 0.23631929 
781 286 10 12 0.23391488 
999 261 8 11 0.23056477 
759 271 9 11 0.2303246 
815 159 9 11 0.22989593 
119 252 8 10 0.22829151 
911 404 10 12 0.22642097 
773 356 11 16 0.22518647 
712 349 11 12 0.22469635 
361 222 8 10 0.22407761 
72 214 9 12 0.22229388 
40 256 8 11 0.21938722 
183 232 8 9 0.21807626 
899 345 12 15 0.21789964 
830 293 9 12 0.21718682 
584 293 11 16 0.21696301 
933 301 9 11 0.21473677 
919 375 10 13 0.2144163 
257 256 10 12 0.21435001 
725 329 12 17 0.212153 
151 172 8 12 0.2110752 
751 222 8 11 0.210988 
721 207 8 10 0.21087056 
982 215 8 10 0.21033987 
558 239 8 10 0.20934841 
198 277 10 12 0.20851555 
95 214 8 11 0.20684451 
713 239 7 9 0.20568211 
110 174 9 12 0.20255989 
600 255 8 11 0.20216183 
792 264 8 11 0.20196158 
901 190 8 10 0.19988179 
801 190 8 10 0.19769885 
576 238 8 10 0.197477 
718 256 8 10 0.19679254 
193 238 9 11 0.19651315 
238 246 10 11 0.19648607 
326 303 10 12 0.19537637 
708 308 11 14 0.19379139 
851 414 11 15 0.1930428 
889 359 8 11 0.1928873 
794 169 8 10 0.1922491 
576 340 14 17 0.19087064 
135 238 8 11 0.19071035 
352 300 11 14 0.1904148 
326 280 10 13 0.19026402 
887 255 10 11 0.18814896 
898 184 7 9 0.18625332 
670 215 8 11 0.18561292 
313 219 8 11 0.1853953 
672 301 9 12 0.18523799 
863 355 9 12 0.18397854 
208 230 8 10 0.18378851 
984 270 9 11 0.18359731 
743 329 13 18 0.18329038 
879 191 8 10 0.1832446 
870 599 10 13 0.18242222 
304 271 9 13 0.18215325 
468 248 22 25 0.18092325 
800 362 13 15 0.18069865 
872 366 10 12 0.1803219 
728 268 9 11 0.17986068 
806 275 9 12 0.17900603 
942 173 8 11 0.17796601 
812 237 9 10 0.17767666 
826 175 8 10 0.17630032 
815 286 10 13 0.17613497 
166 232 8 10 0.17547588 
165 573 12 16 0.1750445 
168 159 7 9 0.17454247 
735 208 7 9 0.17321731 
953 231 7 9 0.17215103 
158 232 9 11 0.17133586 
923 502 13 16 0.16964558 
613 284 9 11 0.16951913 
367 534 20 26 0.1685703 
903 318 10 14 0.16821359 
658 169 7 10 0.16784747 
94 223 8 11 0.16703376 
319 280 9 12 0.16558923 
908 330 10 12 0.16455156 
734 286 9 11 0.1643638 
871 191 8 10 0.16373985 
4 517 15 19 0.16357364 
678 238 8 10 0.16356605 
113 216 9 11 0.16273181 
911 273 9 10 0.16251594 
2 158 7 11 0.16202456 
680 322 12 16 0.16194293 
745 237 8 10 0.16084258 
582 239 8 11 0.16050665 
119 236 8 10 0.15995643 
609 262 8 10 0.15940297 
737 167 7 8 0.15939364 
912 239 9 10 0.15910757 
601 280 8 11 0.15875752 
999 332 10 12 0.15875077 
129 208 8 11 0.15841784 
351 296 10 12 0.15794154 
271 278 9 11 0.15735686 
757 289 9 11 0.15724495 
254 230 8 11 0.15673175 
702 316 11 13 0.15602846 
706 191 8 10 0.15553449 
810 232 8 9 0.15547891 
601 199 8 10 0.15496778 
694 246 7 9 0.15453419 
601 295 9 12 0.15365417 
857 215 8 11 0.15354694 
64 237 8 10 0.15315002 
178 176 9 11 0.15309466 
639 230 7 10 0.15265986 
917 480 10 14 0.15215744 
273 184 8 10 0.15176073 
317 525 11 13 0.15165436 
855 245 9 11 0.15152895 
303 307 10 13 0.15043296 
225 240 8 9 0.15004809 
1009 206 8 10 0.14987473 
970 310 10 13 0.14902467 
237 214 8 9 0.1490073 
137 232 7 10 0.1488479 
713 246 7 10 0.14861932 
575 215 8 11 0.14829049 
238 263 10 12 0.14812464 
945 225 7 10 0.14800726 
131 502 16 19 0.14756137 
326 128 7 10 0.14721668 
613 264 9 11 0.14705083 
711 183 7 9 0.1468057 
199 272 10 11 0.14675446 
863 213 8 11 0.14665225 
774 191 8 9 0.14660053 
1006 182 8 10 0.14605683 
798 173 7 9 0.14573017 
868 262 8 11 0.1452334 
309 205 7 11 0.14496288 
253 278 9 12 0.14491005 
349 330 12 17 0.14435597 
662 169 7 10 0.144285 
806 301 10 12 0.14358795 
694 206 8 11 0.14342096 
129 264 8 10 0.14309578 
322 129 7 10 0.14293961 
168 371 13 17 0.14258522 
263 191 7 9 0.14247224 
945 153 7 9 0.14131832 
849 298 12 16 0.1412759 
839 168 9 10 0.14127049 
298 135 7 9 0.14010878 
211 588 16 18 0.13984525 
73 198 7 9 0.13975829 
792 173 8 10 0.13928641 
207 254 9 11 0.13916236 
585 588 14 17 0.13883604 
876 311 10 12 0.13841347 
846 246 8 11 0.13815854 
97 142 9 12 0.1380514 
752 198 8 10 0.1379866 
133 212 9 11 0.13759308 
311 166 8 10 0.13741164 
807 256 10 12 0.13730331 
768 275 9 12 0.13718942 
952 191 7 9 0.13686858 
112 236 8 10 0.13631257 
807 308 9 13 0.13596946 
957 238 8 10 0.13543789 
554 485 17 21 0.13364156 
746 215 8 10 0.13349074 
200 152 6 8 0.13332842 
96 228 8 11 0.13284807 
344 310 10 12 0.1314898 
134 189 7 10 0.13145101 
214 223 8 10 0.13117647 
1006 176 8 9 0.13038838 
912 200 9 11 0.13036938 
719 639 14 19 0.13032344 
286 157 7 11 0.1300824 
807 325 10 13 0.12997568 
671 295 9 11 0.12984297 
857 208 8 10 0.12912111 
712 231 7 10 0.12833406 
1009 270 8 10 0.12822655 
136 269 8 10 0.1282219 
888 219 10 12 0.12814222 
76 254 8 11 0.1279355 
1007 327 9 11 0.1276174 
807 190 9 10 0.1275214 
33 176 8 10 0.12695982 
288 284 11 13 0.12662031 
102 143 11 12 0.12635192 
1007 200 9 11 0.12615001 
205 523 14 17 0.12571901 
773 275 10 13 0.12528731 
38 239 8 10 0.124769755 
324 308 12 14 0.124483265 
328 247 9 12 0.12428054 
368 246 8 11 0.124132 
638 269 8 11 0.123986505 
697 315 10 13 0.123291045 
821 376 12 16 0.123077646 
655 240 8 10 0.12293188 
583 215 9 10 0.12282446 
978 240 8 10 0.122420944 
310 296 11 12 0.12229463 
234 274 10 12 0.12194365 
744 232 8 10 0.121644065 
887 176 7 10 0.12161188 
209 214 6 9 0.121539086 
134 264 8 10 0.121477365 
959 166 8 9 0.12102179 
313 238 9 10 0.11950078 
761 168 7 9 0.118579656 
957 261 8 10 0.11851992 
672 272 7 9 0.11847521 
120 205 8 10 0.11806867 
904 271 10 12 0.117665894 
279 285 9 11 0.11751655 
176 215 8 9 0.11736655 
396 615 17 20 0.117366455 
697 255 7 10 0.11680902 
182 236 8 11 0.116675116 
920 231 8 10 0.11652792 
221 166 8 9 0.116465606 
877 232 10 11 0.116449244 
843 371 11 14 0.11598435 
898 230 8 11 0.11522451 
720 331 11 15 0.11444443 
758 263 8 11 0.11438785 
261 287 8 10 0.114020735 
567 255 7 10 0.11397815 
951 243 9 11 0.11380157 
943 363 9 12 0.11367559 
114 125 8 10 0.11353914 
993 421 11 14 0.11347952 
945 260 8 11 0.11338436 
813 150 8 9 0.11311955 
902 311 10 12 0.11271181 
328 291 10 12 0.11266253 
872 225 8 10 0.1126083 
934 277 9 11 0.11256539 
852 227 10 12 0.112533525 
805 295 10 12 0.11231524 
278 175 7 10 0.1118753 
953 309 10 12 0.11168371 
177 236 9 11 0.110984206 
588 336 20 26 0.11028204 
797 473 16 19 0.11023689 
582 192 8 10 0.110229716 
714 167 8 9 0.10946165 
837 484 13 16 0.10929438 
926 231 7 10 0.10901131 
353 143 7 9 0.108965494 
904 277 8 10 0.10891501 
785 239 10 11 0.10890089 
966 222 8 11 0.108512945 
758 199 8 10 0.108181894 
980 330 11 13 0.1081084 
927 318 9 11 0.10806298 
233 209 8 10 0.10784991 
962 200 7 9 0.1076929 
999 237 8 9 0.107424416 
703 269 9 11 0.10732792 
875 322 12 14 0.10723603 
712 198 7 9 0.10721962 
777 174 7 9 0.10711471 
93 247 8 10 0.1067797 
180 489 23 27 0.10673205 
206 208 7 8 0.10659765 
966 199 7 10 0.106502846 
581 262 9 12 0.10643572 
318 317 11 14 0.10639847 
278 232 8 10 0.106378645 
888 532 10 13 0.10635753 
245 271 10 13 0.10635471 
341 231 8 11 0.10621405 
959 255 9 12 0.1061697 
153 168 9 12 0.10616058 
605 297 12 15 0.106030606 
870 253 9 12 0.1057579 
129 167 7 9 0.1057367 
329 168 8 9 0.10538138 
893 208 8 9 0.104986794 
742 252 9 10 0.10487555 
671 220 8 10 0.104626454 
581 283 11 14 0.104624726 
946 615 17 21 0.10447235 
349 307 11 14 0.104465924 
366 289 12 16 0.10445645 
902 222 8 10 0.10424702 
24 181 9 11 0.10375763 
903 217 8 9 0.103687145 
141 206 9 10 0.10357245 
310 269 9 11 0.103420675 
285 489 24 27 0.1032407 
767 239 8 10 0.10306264 
825 190 8 10 0.102665834 
901 185 8 10 0.102363035 
992 231 8 10 0.10228294 
785 176 7 9 0.10222239 
559 231 8 9 0.101969264 
225 244 9 11 0.101933785 
273 232 7 9 0.10190017 
262 237 8 10 0.101300105 
238 209 8 10 0.10126891 
297 143 8 10 0.10118505 
217 160 8 10 0.10115275 
655 300 11 13 0.1011524 
781 160 8 10 0.10083975 
847 159 7 8 0.100674056 
337 271 10 11 0.1004463 
860 303 10 13 0.100075 
64 208 9 11 0.09932679 
646 264 8 10 0.09854944 
273 237 8 10 0.098428845 
717 357 14 16 0.09822507 
993 318 9 11 0.09816815 
930 332 10 13 0.09769394 
870 277 9 12 0.097362064 
641 253 8 9 0.09718616 
727 279 9 11 0.09716227 
958 183 8 10 0.096903026 
887 276 10 11 0.09688567 
573 207 7 9 0.09673822 
183 215 7 10 0.09647029 
764 308 10 14 0.0961666 
1012 324 9 12 0.09571656 
141 254 9 11 0.095506884 
321 133 7 9 0.095402375 
174 193 8 10 0.09516979 
807 207 8 9 0.09431616 
73 229 8 10 0.09413672 
605 257 9 11 0.09413453 
800 276 10 11 0.09411122 
524 310 14 18 0.093841 
150 190 9 11 0.0937349 
670 189 8 10 0.09359258 
255 285 10 12 0.09356519 
1007 366 11 15 0.093313694 
719 279 9 11 0.09308445 
896 196 9 11 0.0930777 
352 150 8 10 0.09294145 
753 182 7 9 0.092702374 
814 254 8 10 0.09209629 
158 168 8 10 0.09207929 
135 185 7 10 0.09198908 
640 265 8 10 0.09191459 
844 365 10 14 0.0917389 
238 252 9 11 0.09131964 
282 197 8 10 0.09101503 
1005 343 10 12 0.091009416 
9 144 8 10 0.09089132 
602 204 7 10 0.09082654 
708 316 10 11 0.09076909 
307 167 7 10 0.09052578 
681 262 8 10 0.09044224 
312 183 7 9 0.09030959 
279 249 9 11 0.090178445 
816 207 8 9 0.09009659 
210 223 7 10 0.090076014 
111 180 8 11 0.08983752 
872 208 9 11 0.08974304 
328 265 9 10 0.08957329 
256 214 8 10 0.08954546 
673 160 7 9 0.08940731 
799 185 8 10 0.089312285 
678 280 8 9 0.08929114 
200 191 6 8 0.0888911 
237 302 11 13 0.08871734 
726 207 8 10 0.08870165 
47 168 9 11 0.088564806 
339 336 14 20 0.08829017 
735 230 8 10 0.08824835 
654 245 8 11 0.087932356 
807 215 8 10 0.08764971 
994 427 12 14 0.08755323 
865 191 8 9 0.08751325 
686 263 8 10 0.087265015 
709 342 11 15 0.08717483 
775 205 8 11 0.08696774 
878 366 9 13 0.08689042 
913 181 9 10 0.08686554 
192 192 6 9 0.08686237 
53 196 8 11 0.08680654 
657 311 10 13 0.086576164 
785 181 7 10 0.086437576 
342 224 8 10 0.086115725 
164 262 8 11 0.0857892 
918 181 8 10 0.085767776 
695 241 7 9 0.08569134 
799 271 9 12 0.085614 
933 296 8 11 0.08557017 
656 201 7 9 0.08547588 
576 233 8 10 0.08537167 
786 271 9 11 0.08526838 
744 176 7 9 0.085134625 
854 240 8 10 0.08501314 
733 267 8 12 0.08475175 
144 200 7 10 0.084628515 
788 417 12 16 0.08460448 
555 207 8 11 0.08450233 
160 206 9 10 0.08435457 
813 189 8 11 0.084244706 
143 232 9 11 0.08424254 
29 199 9 11 0.08421561 
912 245 9 11 0.08390189 
911 346 9 13 0.08380701 
201 206 8 9 0.08370006 
1013 268 8 12 0.08368701 
982 221 8 11 0.08321077 
842 248 9 12 0.08292784 
369 208 8 9 0.082848705 
879 246 10 11 0.08225337 
895 246 9 11 0.08218259 
991 176 7 9 0.082096964 
40 192 8 10 0.08208504 
1000 366 10 14 0.08208323 
192 198 7 10 0.08198828 
758 192 7 10 0.08186031 
169 302 9 12 0.081646875 
190 255 8 10 0.08164441 
336 235 9 11 0.081562854 
941 285 8 11 0.08147282 
833 167 7 10 0.08144698 
11 182 8 10 0.08136373 
146 175 8 10 0.08119946 
423 480 23 28 0.08082476 
143 347 13 17 0.08079377 
240 242 8 10 0.080773324 
129 189 8 11 0.080727436 
922 215 7 9 0.080690965 
25 134 8 10 0.080659114 
784 277 10 12 0.08051011 
205 300 11 12 0.080390066 
617 213 7 9 0.080264665 
298 236 9 11 0.07992733 
672 254 8 10 0.07992211 
713 254 8 11 0.07979019 
160 221 8 10 0.0797415 
982 551 12 18 0.07967118 
353 136 7 9 0.079533584 
984 302 9 12 0.0795166 
831 159 8 10 0.07945899 
947 636 15 18 0.07945552 
913 176 9 10 0.079434276 
702 214 8 9 0.079402305 
840 173 8 9 0.079194434 
247 191 8 10 0.07906094 
281 191 8 10 0.07905382 
878 252 11 12 0.07883709 
823 476 12 17 0.078578696 
679 232 8 10 0.07849973 
677 318 12 15 0.07847168 
934 316 10 12 0.07841144 
146 190 8 11 0.07817053 
673 238 8 10 0.07814282 
462 548 10 13 0.07797813 
248 145 7 9 0.07784792 
287 248 9 11 0.077750094 
152 635 14 18 0.077518545 
577 261 8 11 0.0774127 
199 199 8 10 0.07736652 
193 285 10 12 0.07736092 
954 184 7 10 0.07696893 
789 230 9 10 0.07694432 
38 216 8 10 0.07670109 
927 214 8 10 0.076312244 
989 272 9 11 0.076269135 
823 207 8 10 0.076265 
316 324 12 16 0.07619726 
946 199 7 9 0.07588718 
933 358 9 12 0.07585124 
950 224 7 10 0.07555306 
828 275 9 11 0.07554157 
222 207 8 9 0.07541601 
769 200 8 10 0.075408995 
679 256 7 9 0.07526205 
289 212 8 10 0.07511909 
752 254 9 10 0.07510802 
160 215 9 11 0.07500664 
829 475 12 18 0.07489215 
366 272 9 13 0.074825354 
231 245 10 12 0.0747738 
58 611 12 16 0.07470103 
769 362 12 16 0.07443085 
925 286 9 11 0.07416882 
785 331 12 15 0.074143454 
991 250 9 11 0.07392367 
976 208 7 9 0.073921055 
367 251 9 12 0.073680155 
688 231 7 8 0.07366215 
9 175 8 10 0.07352723 
40 132 8 10 0.07344997 
759 207 7 9 0.073371194 
922 262 9 11 0.073346645 
304 317 13 17 0.07327211 
1011 473 12 19 0.073262274 
922 283 8 12 0.07325347 
166 255 8 10 0.07323721 
1005 554 12 15 0.073063314 
870 270 8 11 0.0728954 
847 267 9 11 0.07265312 
49 207 8 10 0.07265049 
745 221 9 11 0.0724086 
912 153 7 9 0.07213422 
656 253 7 10 0.07207131 
706 332 12 15 0.07198051 
158 268 9 12 0.071876645 
210 145 7 9 0.07177499 
88 185 9 10 0.07168345 
936 168 8 10 0.07167987 
952 270 10 12 0.07155538 
823 291 10 12 0.07136445 
558 243 9 12 0.07116745 
814 145 8 10 0.07102319 
905 287 9 11 0.07098347 
747 265 8 11 0.070820786 
688 185 7 10 0.070582926 
256 237 9 10 0.07043312 
260 443 15 18 0.070344634 
893 320 9 12 0.070206486 
822 223 8 10 0.07015318 
78 230 7 10 0.06996967 
897 306 10 14 0.06988928 
634 270 8 10 0.069881506 
373 465 15 22 0.06932863 
870 359 8 12 0.069215804 
686 276 8 10 0.069078915 
330 173 8 10 0.069036275 
863 182 8 11 0.06887765 
271 188 8 10 0.06872145 
565 297 12 15 0.06868804 
741 434 16 21 0.068602666 
993 309 10 12 0.06859316 
761 214 8 9 0.06833661 
750 238 8 10 0.06830227 
263 293 8 11 0.06830016 
815 246 8 11 0.06829493 
880 208 7 9 0.06811481 
246 183 8 10 0.067591906 
924 376 9 12 0.067562826 
218 207 7 9 0.06735643 
605 199 8 10 0.06732748 
66 212 8 11 0.06725304 
892 527 12 14 0.06718293 
607 216 7 9 0.067025654 
825 265 9 10 0.0669044 
2 588 13 18 0.066877164 
918 272 9 11 0.06685358 
822 328 10 13 0.06675736 
752 191 8 10 0.06671075 
785 144 7 9 0.06661679 
727 180 7 10 0.06655244 
696 201 7 9 0.06643976 
789 207 8 10 0.06619833 
1000 339 10 13 0.06594877 
978 215 8 9 0.06571044 
895 223 9 10 0.06564727 
917 200 9 10 0.06557816 
139 276 9 12 0.06537438 
360 157 8 10 0.06531286 
273 207 7 10 0.06525049 
343 293 9 11 0.06514424 
207 236 9 10 0.065119624 
623 269 8 10 0.06511184 
808 184 9 11 0.064983204 
224 230 8 10 0.06494922 
666 190 8 9 0.06463878 
887 167 7 8 0.06458798 
223 192 8 9 0.06453603 
151 221 8 10 0.0642934 
173 294 9 12 0.06420677 
206 260 9 12 0.06413539 
752 229 8 10 0.06404657 
94 254 8 10 0.0639553 
855 349 11 14 0.06391924 
593 254 8 10 0.063903406 
739 355 14 17 0.06385335 
192 245 9 11 0.06379177 
191 232 7 9 0.06370973 
1013 240 8 11 0.063557416 
710 273 9 10 0.06349895 
670 315 12 16 0.06349628 
783 213 8 10 0.06345705 
701 346 12 14 0.06343166 
766 254 10 13 0.06340821 
569 200 8 10 0.063330635 
277 183 7 9 0.06331512 
822 213 8 10 0.06320006 
224 199 6 8 0.06315473 
973 379 13 14 0.06313614 
773 199 9 11 0.06312273 
862 248 9 10 0.06311854 
690 416 16 18 0.06295409 
333 291 10 12 0.062779516 
184 223 8 10 0.06268789 
929 168 7 9 0.06259626 
599 166 7 9 0.06257025 
846 198 7 9 0.06253001 
143 215 8 11 0.062468853 
208 248 8 10 0.062331952 
688 225 8 10 0.062309273 
627 299 12 15 0.06217783 
953 275 10 13 0.062173788 
720 211 10 12 0.062143847 
689 240 7 9 0.062032167 
720 284 9 11 0.062004432 
919 350 11 14 0.06194023 
161 184 8 11 0.061931755 
361 272 9 12 0.061872277 
56 233 8 10 0.0617956 
290 394 18 21 0.06179223 
177 151 7 9 0.06178276 
910 293 8 11 0.061753605 
705 196 8 10 0.061645903 
821 287 9 12 0.061619572 
848 143 8 11 0.061539274 
784 208 8 10 0.061482616 
760 174 7 10 0.061361745 
776 166 9 11 0.06133771 
194 279 10 12 0.061197203 
831 232 8 10 0.061178368 
992 283 9 13 0.061144553 
78 143 9 11 0.060898792 
136 245 8 11 0.060893107 
625 174 6 9 0.06069724 
990 334 10 14 0.060614534 
944 587 11 12 0.06058742 
305 199 8 10 0.06042779 
419 320 16 18 0.060383864 
582 257 8 10 0.06036826 
25 619 11 14 0.06032931 
363 544 15 20 0.060328968 
760 245 9 11 0.060276147 
286 153 7 9 0.06025626 
333 254 9 11 0.060171563 
273 176 8 9 0.060125064 
990 278 9 11 0.06008304 
991 304 9 11 0.059936326 
334 263 8 11 0.05992815 
124 341 11 14 0.05960168 
217 192 7 9 0.059600286 
719 173 8 11 0.059550013 
615 268 8 11 0.059508048 
1001 267 9 11 0.059477285 
54 207 8 9 0.059396643 
748 362 17 19 0.05924998 
695 212 8 11 0.059154164 
635 231 7 9 0.05913664 
912 412 12 16 0.059101056 
607 281 10 11 0.059098445 
695 224 8 9 0.059070926 
68 317 9 11 0.05902573 
783 224 9 11 0.059006207 
607 182 7 9 0.058963828 
369 241 8 9 0.058906633 
214 294 8 11 0.058898997 
168 192 8 10 0.058812927 
270 293 10 12 0.05880476 
136 133 7 10 0.05877226 
957 232 8 10 0.058728036 
284 193 9 10 0.05861685 
277 260 9 11 0.058525335 
272 248 9 11 0.058457464 
697 303 8 11 0.058339603 
729 143 7 9 0.058159485 
975 260 8 10 0.058141254 
617 209 8 10 0.058088712 
892 502 11 16 0.058064193 
696 230 7 9 0.057880085 
395 412 11 13 0.057873484 
263 278 9 12 0.05784323 
366 214 9 11 0.05775254 
38 222 8 10 0.057689663 
890 571 14 16 0.057674676 
865 498 15 17 0.05766807 
217 198 7 9 0.057655245 
337 276 9 12 0.05761252 
952 152 8 9 0.057601254 
273 167 7 10 0.057594053 
98 208 8 11 0.057558376 
697 167 7 9 0.057553224 
889 322 10 13 0.057486407 
209 150 8 9 0.05744547 
183 260 9 11 0.057391725 
175 281 11 15 0.05735355 
841 191 8 10 0.05731525 
1013 213 8 12 0.057211738 
740 363 15 18 0.05712569 
144 183 8 9 0.057121232 
14 175 7 10 0.057070497 
161 200 8 10 0.05703019 
654 205 8 10 0.056945123 
138 255 8 9 0.05690591 
885 230 9 11 0.056589965 
1 523 13 18 0.056488886 
111 168 8 10 0.05645982 
679 224 7 9 0.05644984 
647 269 9 11 0.056321718 
318 268 8 11 0.056183577 
118 263 9 11 0.056146346 
384 177 7 9 0.056032363 
576 199 8 10 0.055807587 
282 153 7 9 0.05580068 
31 179 8 11 0.055761624 
558 212 8 10 0.05569825 
921 294 9 12 0.05566637 
192 217 8 9 0.05565093 
819 337 14 15 0.05562466 
886 364 10 14 0.055580754 
257 208 7 9 0.055438153 
183 207 8 9 0.05539176 
551 355 12 14 0.055322092 
314 174 7 9 0.055304993 
762 158 7 9 0.055287275 
479 539 26 30 0.055220626 
569 237 8 10 0.055188917 
872 197 9 10 0.055151314 
126 200 8 10 0.054972146 
686 291 10 13 0.054873552 
679 166 9 10 0.054794643 
136 159 7 10 0.054780483 
957 151 8 9 0.054753263 
698 261 9 11 0.054555066 
191 222 8 10 0.05454931 
166 206 8 10 0.054533176 
579 268 9 13 0.054444443 
329 160 8 9 0.054342795 
735 246 9 12 0.054332506 
984 252 10 12 0.054262437 
214 145 7 9 0.054256395 
153 160 8 9 0.054179747 
728 284 10 11 0.054087717 
381 314 13 15 0.054066572 
822 158 8 11 0.053807843 
576 221 9 11 0.053766932 
918 177 8 9 0.05374314 
175 207 8 10 0.05369546 
768 316 10 14 0.053419046 
737 323 11 16 0.053309627 
870 212 8 10 0.053308457 
40 207 8 9 0.05316395 
167 223 9 10 0.053098205 
113 265 8 10 0.05305652 
973 389 11 14 0.05298487 
185 191 7 10 0.052983355 
115 249 7 9 0.052976772 
117 275 8 11 0.05294481 
958 245 9 11 0.052816503 
873 159 8 9 0.052767817 
887 181 8 10 0.052752893 
114 253 8 10 0.052694857 
62 248 9 12 0.05261018 
343 326 11 13 0.05260343 
71 208 9 12 0.05257355 
265 185 7 9 0.05254036 
921 300 9 12 0.052533135 
917 245 8 10 0.052463856 
893 214 9 11 0.052445844 
812 302 11 14 0.052415475 
897 165 8 10 0.052403014 
440 614 17 21 0.052361406 
369 586 14 18 0.05235944 
202 330 13 16 0.052305676 
702 208 8 10 0.052250348 
766 260 10 11 0.052216627 
999 358 10 14 0.052091423 
273 285 9 11 0.05200006 
691 589 12 15 0.05197987 
830 206 7 9 0.051886313 
829 181 8 11 0.05185093 
230 151 7 9 0.051689133 
374 440 15 19 0.051654346 
161 160 7 9 0.05164395 
136 223 8 10 0.051618405 
9 200 8 11 0.05161145 
758 315 11 14 0.051597025 
926 223 8 10 0.051580492 
805 316 11 14 0.05147932 
952 304 10 11 0.051465083 
917 238 9 11 0.051456828 
568 191 7 10 0.051417746 
510 617 15 18 0.051391486 
962 223 8 10 0.051197574 
230 199 7 9 0.05119756 
102 285 8 10 0.051194467 
222 224 8 10 0.050907183 
305 185 7 9 0.050669774 
677 207 9 10 0.050668813 
782 166 8 11 0.050595764 
125 531 12 16 0.050561316 
920 317 8 11 0.050541237 
570 214 9 11 0.050470993 
842 197 8 10 0.05045746 
592 183 7 9 0.050453365 
624 208 7 10 0.05044883 
977 341 11 15 0.05041082 
317 503 16 20 0.050300397 
199 175 8 9 0.05021353 
294 247 9 11 0.050209884 
313 151 8 9 0.050144207 
813 184 9 10 0.05012627 
760 239 9 11 0.05009141 
151 216 9 11 0.050043803 
711 224 8 10 0.050036654 
668 321 14 17 0.04980571 
838 215 8 11 0.049785107 
935 252 9 12 0.04973995 
159 285 9 11 0.049732205 
943 207 8 10 0.04965034 
144 236 9 11 0.049629983 
738 254 8 10 0.049586527 
705 286 9 11 0.049404956 
912 158 8 9 0.049366888 
545 175 8 11 0.04934519 
978 223 7 10 0.0493256 
254 291 10 12 0.049293883 
838 318 12 14 0.04922625 
247 150 9 9 0.049196046 
790 310 9 13 0.049186286 
34 217 8 10 0.049136158 
651 277 9 12 0.04911837 
111 159 8 10 0.049092866 
165 183 9 11 0.04905813 
342 438 15 19 0.04904234 
801 197 9 11 0.049004413 
159 279 8 10 0.048861824 
301 143 8 10 0.04877341 
324 567 14 17 0.04871385 
296 129 7 8 0.04864914 
312 160 7 9 0.048627242 
369 379 15 18 0.048526708 
114 434 14 16 0.04844177 
919 206 9 11 0.04839856 
175 221 9 11 0.048241574 
225 150 8 9 0.04814777 
117 119 8 9 0.048134413 
974 304 9 11 0.04809091 
581 222 9 11 0.048050262 
518 321 14 17 0.048009947 
929 152 7 9 0.048002843 
33 222 8 10 0.047997657 
377 253 9 12 0.047984496 
1008 211 10 13 0.047872722 
672 209 8 9 0.04781116 
263 160 7 8 0.04771394 
144 222 9 10 0.047678344 
912 373 9 12 0.047636714 
356 332 12 16 0.047630813 
831 262 8 10 0.04760206 
766 333 11 14 0.047509998 
258 192 7 10 0.047506828 
951 206 8 10 0.04747031 
821 359 13 17 0.047337182 
706 185 7 9 0.047298744 
769 205 7 10 0.047274146 
902 197 9 11 0.04726196 
107 143 10 11 0.04725324 
333 247 8 11 0.047160756 
136 333 9 11 0.047102023 
671 248 8 10 0.04709952 
70 238 9 10 0.047090605 
91 269 8 10 0.047033444 
550 175 7 10 0.046993647 
312 265 8 10 0.046946596 
360 227 9 11 0.04686953 
159 190 8 10 0.04684698 
224 145 8 9 0.04682185 
336 226 8 10 0.04669145 
927 257 9 11 0.04662301 
673 233 8 9 0.04660921 
841 323 13 15 0.04654505 
360 217 9 11 0.04630523 
278 214 8 10 0.046300452 
22 225 8 9 0.04629016 
17 223 8 9 0.046244033 
600 176 8 9 0.046175703 
737 159 7 9 0.04614407 
102 279 8 10 0.04607129 
879 197 8 10 0.04604563 
323 314 12 15 0.045956004 
863 159 7 9 0.04583702 
897 161 8 9 0.04582235 
896 237 9 12 0.045766134 
831 288 10 12 0.045759715 
248 292 10 12 0.04568911 
807 136 7 8 0.045680847 
215 248 7 9 0.045671545 
879 159 6 9 0.04556766 
967 227 8 11 0.045555912 
714 206 7 10 0.04551844 
637 314 15 18 0.045452878 
753 206 7 9 0.045405544 
690 245 7 10 0.04537612 
167 198 10 11 0.045374267 
233 263 9 11 0.045290004 
345 135 8 9 0.045274872 
96 136 8 9 0.045266967 
374 269 10 12 0.0452236 
201 263 9 11 0.04515957 
317 216 8 11 0.045094315 
277 280 10 12 0.045019776 
966 578 12 16 0.044952843 
834 475 16 19 0.044949718 
855 262 9 11 0.044948023 
840 184 8 9 0.04470518 
737 173 8 10 0.04465307 
766 159 7 9 0.044647705 
913 233 8 9 0.044633266 
806 198 8 10 0.04463217 
329 239 8 9 0.044616718 
38 176 8 10 0.04460495 
873 402 12 14 0.04456871 
126 247 9 11 0.044565734 
624 191 7 9 0.04447664 
381 253 10 11 0.04447269 
960 205 8 9 0.04446071 
128 173 7 10 0.044458255 
928 340 11 13 0.04442427 
864 176 8 10 0.044415276 
720 272 8 10 0.044408783 
815 200 8 9 0.0444083 
777 223 9 11 0.044385355 
751 248 9 10 0.044373643 
130 511 16 20 0.04436097 
713 260 9 11 0.044342346 
665 253 7 10 0.044255547 
688 167 7 9 0.044133965 
395 310 13 15 0.044100128 
229 182 9 10 0.04409417 
864 198 8 10 0.04408624 
248 159 8 9 0.044069212 
336 143 7 10 0.044065464 
761 153 7 9 0.044026054 
360 152 8 10 0.04399777 
808 223 9 10 0.043975204 
824 199 8 9 0.04396274 
248 168 7 9 0.043925066 
841 160 8 9 0.043888524 
902 160 8 10 0.04378727 
785 149 7 8 0.043741986 
623 238 8 9 0.04368337 
198 246 8 9 0.043541286 
366 152 8 10 0.04351272 
829 617 14 19 0.043472506 
323 489 14 18 0.04342421 
77 198 8 10 0.0433192 
697 174 8 9 0.04331303 
991 596 32 73 0.043279793 
622 288 11 13 0.043199733 
493 634 14 16 0.043169074 
248 198 7 10 0.04310485 
600 182 8 9 0.043066382 
808 330 11 15 0.043058515 
655 223 8 9 0.043051194 
993 372 10 13 0.043012 
278 208 8 10 0.042961568 
590 214 7 9 0.042858016 
318 232 8 9 0.042823326 
612 612 15 19 0.042686958 
96 128 8 9 0.04266404 
983 209 8 9 0.04259358 
352 165 8 10 0.042582475 
139 500 20 26 0.042576198 
94 262 8 11 0.042543616 
185 256 8 10 0.042492367 
917 598 13 16 0.04248678 
969 380 11 12 0.042413935 
1014 182 8 11 0.042413704 
328 207 8 10 0.042406056 
295 182 8 10 0.04237704 
631 253 7 10 0.042323913 
577 191 8 10 0.042315066 
61 492 16 20 0.042279 
47 213 10 12 0.04214465 
286 224 8 10 0.04213443 
680 200 7 9 0.04211117 
622 337 14 20 0.042094607 
360 137 6 8 0.042045847 
799 507 12 16 0.04201646 
170 296 8 11 0.042000383 
113 198 8 11 0.04186397 
836 587 10 13 0.04182987 
892 356 11 14 0.041752532 
695 160 7 9 0.041734226 
318 151 7 9 0.041665006 
849 240 8 10 0.0416078 
983 230 8 10 0.041456856 
253 303 9 12 0.04142073 
81 127 7 10 0.041414052 
298 190 8 10 0.041408554 
592 190 7 9 0.041361474 
517 238 9 13 0.04135223 
902 165 8 11 0.041345805 
22 263 9 10 0.04134546 
86 119 7 9 0.041316953 
779 386 13 17 0.041311324 
765 245 9 11 0.041211385 
186 199 7 9 0.041172046 
654 231 8 10 0.041160677 
225 175 8 10 0.041126512 
237 294 11 12 0.041122157 
998 279 12 14 0.041101415 
592 247 8 11 0.041090596 
600 192 8 10 0.041082405 
181 180 9 11 0.041073468 
97 299 9 12 0.041057542 
590 208 8 9 0.041049547 
253 541 13 16 0.041044004 
843 255 10 12 0.041037 
1007 265 9 11 0.041010465 
22 229 10 10 0.040988494 
313 278 8 11 0.04086889 
128 238 8 11 0.04084906 
703 238 8 10 0.04081024 
302 190 8 9 0.040798087 
319 264 8 11 0.040791444 
1014 219 9 12 0.04077734 
74 272 8 9 0.04075033 
767 166 8 10 0.040747542 
375 247 8 11 0.0407263 
606 206 7 9 0.040635142 
125 255 8 9 0.040633038 
78 278 7 9 0.04060463 
331 230 7 10 0.040561203 
608 177 8 9 0.04055079 
749 319 13 15 0.0403892 
335 160 7 9 0.040291745 
641 191 7 9 0.0402338 
895 284 8 11 0.040202785 
831 298 10 13 0.04018728 
718 342 11 15 0.040156018 
846 562 15 21 0.04015311 
916 398 11 13 0.04012165 
696 350 11 14 0.040093213 
361 247 8 10 0.040051766 
726 213 9 10 0.040047724 
319 302 10 12 0.040017474 
927 208 9 11 0.040006507 
925 554 16 21 0.04000522 
767 153 6 8 0.039967418 
958 160 8 9 0.03996559 
220 272 9 11 0.039920736 
850 287 11 13 0.03985248 
704 295 18 24 0.039721876 
976 175 8 11 0.039709166 
281 224 7 9 0.03961717 
445 515 13 15 0.039571404 
663 240 7 9 0.039504215 
633 223 7 10 0.039447974 
360 207 7 9 0.03941944 
293 270 9 11 0.039369673 
703 167 7 8 0.03936646 
254 224 7 10 0.039339047 
752 177 7 9 0.039304245 
609 269 9 11 0.0391765 
552 403 22 29 0.039159846 
334 198 7 9 0.039140165 
16 261 8 9 0.039122365 
910 312 10 12 0.03907686 
334 166 8 10 0.039076842 
928 311 8 11 0.039005544 
776 230 9 10 0.038991205 
792 200 7 10 0.038990967 
766 216 8 9 0.038973354 
655 215 7 10 0.03895792 
812 544 14 19 0.03890148 
829 311 11 13 0.038878046 
718 247 8 10 0.03884479 
798 597 13 15 0.038804214 
32 167 7 9 0.0387944 
940 328 9 12 0.038790155 
33 240 8 10 0.038777623 
917 541 10 13 0.038698457 
143 126 8 10 0.038606912 
119 182 7 10 0.038604155 
329 224 8 9 0.038540564 
690 159 6 9 0.03853489 
920 364 10 12 0.038452253 
928 238 8 9 0.038391292 
333 191 8 10 0.03838662 
920 390 9 11 0.03837759 
615 232 9 10 0.038339306 
729 294 9 13 0.03827343 
181 286 8 11 0.038240902 
759 182 7 10 0.038200658 
278 167 8 10 0.03817733 
630 169 8 10 0.038168103 
726 256 8 11 0.03813582 
646 288 9 11 0.0380291 
982 294 9 12 0.037983067 
666 220 8 10 0.03796997 
753 389 23 26 0.037917867 
632 200 7 9 0.037878003 
704 232 7 9 0.037872873 
317 174 8 10 0.037829116 
298 307 10 15 0.037803557 
919 312 8 11 0.037749514 
215 260 10 12 0.037737496 
518 307 23 30 0.03763131 
214 150 7 9 0.037627004 
662 300 11 13 0.03758898 
855 367 11 13 0.037565943 
977 230 8 9 0.03754562 
208 582 13 15 0.03753842 
664 206 8 9 0.037538256 
905 206 8 10 0.03753419 
857 159 7 9 0.03745712 
200 168 8 9 0.037434634 
536 320 18 21 0.037420526 
350 270 8 10 0.037398368 
334 206 8 10 0.037396602 
115 466 16 20 0.03735173 
680 245 8 10 0.03734895 
134 166 8 10 0.037298787 
984 198 8 10 0.03728252 
294 208 8 10 0.03722398 
721 311 20 25 0.03720822 
262 199 8 10 0.037190888 
330 191 7 10 0.037183054 
961 216 8 9 0.03715754 
723 444 12 16 0.037142016 
992 366 10 13 0.037084844 
38 198 8 10 0.037074078 
742 299 10 12 0.03705848 
95 239 8 11 0.037049677 
375 260 11 14 0.0370202 
913 555 11 15 0.037009127 
986 182 8 10 0.03699495 
846 289 17 22 0.036987726 
625 345 14 20 0.036869 
935 152 7 10 0.036857825 
271 271 9 12 0.036835767 
248 284 11 14 0.03677743 
946 192 8 10 0.036771942 
117 127 8 10 0.036732174 
576 183 6 8 0.03671516 
695 184 7 10 0.03671378 
883 175 8 10 0.03667009 
230 362 15 20 0.036636215 
223 214 8 9 0.036627613 
553 255 9 12 0.036562983 
560 255 9 11 0.03655845 
728 199 7 10 0.03655572 
233 295 8 10 0.036551926 
295 176 8 9 0.03653574 
79 236 8 11 0.036503226 
79 134 8 10 0.03649063 
319 587 14 15 0.0364706 
176 168 8 9 0.03642969 
242 184 7 9 0.03637461 
256 135 8 9 0.036328577 
200 183 7 10 0.036289196 
927 174 8 10 0.036287177 
631 276 10 12 0.036257394 
293 263 9 11 0.03624433 
719 200 8 9 0.036212534 
990 182 8 10 0.036193665 
838 287 9 10 0.03614491 
713 174 8 11 0.036137484 
932 263 10 12 0.03610097 
710 327 10 13 0.036091626 
178 621 11 14 0.036079034 
168 249 9 10 0.035957064 
200 214 7 9 0.035907026 
350 263 8 11 0.035824057 
856 355 12 14 0.03581453 
709 284 10 12 0.03581372 
12 530 12 17 0.035798706 
579 373 17 20 0.03574774 
247 174 8 9 0.03574731 
233 252 9 11 0.03574607 
350 243 8 11 0.035725106 
633 265 7 9 0.035545673 
865 151 6 9 0.035543196 
902 293 10 12 0.035521753 
141 333 8 10 0.035506852 
737 446 22 27 0.035476115 
807 244 10 12 0.035464868 
684 319 10 13 0.03539391 
193 307 9 13 0.0353293 
174 158 8 10 0.035312064 
941 315 9 12 0.035251096 
790 317 10 12 0.035231017 
175 247 9 11 0.035189904 
808 286 10 12 0.035189305 
181 151 9 10 0.03510102 
814 224 9 10 0.035080127 
863 438 14 17 0.035070065 
774 238 8 11 0.035051115 
256 159 8 9 0.035030782 
854 343 10 12 0.03499747 
748 337 13 15 0.034996938 
948 481 15 20 0.034995276 
885 238 9 11 0.034968603 
90 214 8 11 0.034919135 
204 275 11 12 0.034903143 
887 199 7 9 0.03490242 
113 114 7 8 0.034897648 
167 165 8 11 0.034866426 
247 206 7 10 0.03486199 
167 215 8 10 0.0348538 
975 181 8 10 0.034766365 
313 285 11 13 0.03474003 
959 175 9 10 0.03473009 
613 239 9 10 0.03472269 
272 223 7 9 0.034708012 
190 291 11 14 0.034627214 
902 238 9 10 0.034592777 
478 429 23 26 0.03459101 
1011 369 11 16 0.034573555 
625 253 9 10 0.034544002 
654 182 8 11 0.034532472 
936 603 28 32 0.034529053 
232 158 8 9 0.034434427 
41 470 24 26 0.03440656 
607 233 8 10 0.03440609 
265 176 7 9 0.034404133 
647 231 7 9 0.034398295 
181 504 16 19 0.034350086 
666 184 7 10 0.034294043 
781 310 9 13 0.03426885 
161 152 7 9 0.034230098 
335 120 7 9 0.034228597 
831 379 11 14 0.034174778 
25 158 8 11 0.034170873 
206 200 8 10 0.034047175 
845 191 8 10 0.033983953 
777 214 8 10 0.033965863 
823 151 8 10 0.033956006 
262 206 8 9 0.03394729 
340 362 13 16 0.03392491 
832 236 9 12 0.033909097 
728 136 8 9 0.033904422 
127 222 8 11 0.033893116 
168 152 7 9 0.03389311 
864 255 8 11 0.033850584 
903 321 17 22 0.033818036 
831 153 8 9 0.033787075 
603 467 22 25 0.033749457 
195 589 11 13 0.033731267 
1000 550 12 16 0.033725474 
585 209 8 10 0.033709798 
226 182 8 10 0.033700883 
230 175 8 10 0.033677682 
334 308 10 13 0.033655718 
639 200 7 9 0.03358846 
937 229 8 11 0.033553183 
390 285 11 15 0.03354375 
193 159 8 9 0.033517204 
927 277 9 12 0.03351532 
472 331 12 17 0.033498455 
786 324 18 22 0.033492815 
975 199 8 10 0.033462103 
234 300 9 13 0.033449706 
818 370 12 16 0.03344928 
809 144 8 9 0.03341978 
951 175 8 9 0.03340203 
879 224 9 11 0.03339142 
263 589 13 14 0.033389665 
690 212 9 11 0.03338764 
665 248 8 10 0.033357028 
897 367 17 23 0.033267576 
5 166 9 11 0.033226077 
677 340 13 17 0.03319048 
350 174 8 10 0.033185836 
887 247 9 11 0.033166513 
847 279 9 10 0.03311511 
1008 506 14 21 0.03310182 
397 637 15 18 0.033094596 
672 164 9 11 0.03308944 
896 367 10 13 0.03308613 
638 225 8 9 0.033060815 
625 199 8 9 0.033031654 
22 246 9 9 0.03294726 
760 135 8 9 0.03281735 
737 458 17 21 0.03277287 
288 292 8 11 0.03276336 
847 151 8 10 0.032692444 
330 181 8 10 0.032642104 
1008 221 9 11 0.032544572 
849 205 8 11 0.032533627 
200 300 11 14 0.032510974 
238 285 11 13 0.03250131 
767 324 10 13 0.032484315 
789 384 15 18 0.032457184 
77 247 8 11 0.032425456 
253 270 11 13 0.032343034 
829 199 8 10 0.032326814 
342 287 9 11 0.032309562 
796 399 16 20 0.032261673 
845 166 8 10 0.032240085 
92 184 9 10 0.032238953 
102 256 8 10 0.03216308 
992 598 12 16 0.03216098 
915 419 12 15 0.032053884 
222 302 8 10 0.03204765 
369 260 9 13 0.032032598 
273 214 8 10 0.032024153 
985 190 9 11 0.032019988 
762 552 24 28 0.03200681 
221 284 10 12 0.03195409 
193 175 8 10 0.03195356 
822 254 8 10 0.031914465 
766 296 10 12 0.031901337 
142 248 9 10 0.03190108 
662 200 8 9 0.031899516 
911 368 9 12 0.031891473 
262 485 12 16 0.03189019 
17 247 8 9 0.03188559 
676 304 9 11 0.031765632 
688 256 8 10 0.031763174 
534 191 8 10 0.031720955 
373 175 9 10 0.03170671 
81 120 7 9 0.03167378 
747 373 22 25 0.031670675 
728 225 9 10 0.031659514 
822 247 8 11 0.03165383 
968 206 8 9 0.03164652 
800 246 8 11 0.03163679 
303 149 8 10 0.03163009 
933 336 12 15 0.031603403 
631 204 8 10 0.031532943 
383 279 9 12 0.031501956 
30 134 8 9 0.031497594 
171 426 16 19 0.031482145 
111 190 7 10 0.031482145 
250 342 14 17 0.0314465 
277 384 15 20 0.031434476 
112 134 8 10 0.031422026 
810 158 9 11 0.031331405 
10 523 13 17 0.031312846 
674 262 8 11 0.03124283 
293 252 9 12 0.031175919 
588 424 16 17 0.031141903 
216 284 10 12 0.031133842 
220 161 9 10 0.031132564 
858 182 8 10 0.031116216 
798 327 10 12 0.031113314 
839 278 9 11 0.031088468 
1000 214 9 11 0.03104862 
782 342 13 16 0.030972669 
911 215 8 10 0.03092027 
705 162 7 8 0.030907098 
278 268 10 12 0.030886274 
722 312 9 13 0.030872913 
297 147 8 11 0.030802 
953 168 8 8 0.030800685 
823 229 9 11 0.030718898 
18 206 8 9 0.030672612 
776 350 12 16 0.030639337 
830 362 12 15 0.030612146 
328 214 8 10 0.030600801 
306 212 8 10 0.03059625 
351 129 7 9 0.030577214 
368 296 11 17 0.030571103 
757 323 10 12 0.030564439 
942 213 8 10 0.03054606 
127 231 8 11 0.030459354 
72 247 9 12 0.030397527 
592 177 7 8 0.030361492 
389 313 13 15 0.030332308 
970 304 9 12 0.030314595 
822 265 18 22 0.030223383 
744 182 8 10 0.030214643 
8 148 8 11 0.03014298 
926 198 8 10 0.03011828 
528 482 14 17 0.030039994 
711 214 9 10 0.030006383 
159 579 12 14 0.029968128 
721 360 14 18 0.029943746 
507 581 11 14 0.029934706 
104 199 7 10 0.029934524 
229 230 9 10 0.0299232 
801 310 10 15 0.029908584 
790 253 8 11 0.029899606 
839 238 8 11 0.029873108 
342 314 12 15 0.029866971 
934 240 8 9 0.029831206 
856 200 9 10 0.02980959 
865 601 12 15 0.029798545 
735 213 8 10 0.029755298 
788 356 12 15 0.029717522 
742 279 10 11 0.029690834 
896 151 8 9 0.029625297 
916 343 11 13 0.029605713 
1013 317 10 15 0.02960553 
281 497 23 29 0.029601261 
29 159 8 10 0.029553892 
166 174 9 11 0.02952617 
1006 189 8 11 0.02952598 
982 263 7 9 0.029511219 
289 128 7 9 0.029498076 
599 221 8 10 0.02946034 
920 223 8 10 0.029447503 
412 581 12 14 0.029437399 
790 150 8 9 0.029423267 
843 482 16 19 0.029344745 
464 581 14 18 0.029342707 
977 168 7 10 0.029337237 
257 199 7 9 0.029313032 
892 511 13 17 0.029311972 
881 183 8 10 0.029299438 
943 268 9 11 0.029298235 
578 168 7 9 0.02928237 
603 238 8 11 0.02925572 
650 248 8 10 0.029195288 
857 176 7 9 0.029173087 
980 380 10 12 0.029172592 
736 337 12 16 0.029145082 
912 223 7 9 0.029112812 
599 231 8 10 0.029101655 
109 148 8 11 0.029094609 
381 333 18 23 0.028995072 
772 312 18 23 0.028993998 
831 352 11 14 0.02896739 
119 587 16 20 0.028908418 
97 110 7 9 0.028895903 
997 248 9 11 0.028852893 
295 291 10 13 0.028803922 
54 213 8 11 0.028750202 
102 136 9 10 0.028728414 
886 192 7 9 0.028722852 
710 353 14 17 0.02870704 
606 153 8 9 0.02869707 
650 201 7 9 0.028683791 
391 290 13 17 0.028674867 
16 280 8 12 0.028671017 
840 269 9 11 0.028667862 
404 274 11 13 0.028666897 
683 342 12 15 0.028654076 
86 127 8 9 0.028643828 
747 258 19 23 0.028598798 
323 324 12 15 0.028535089 
397 380 12 17 0.028520122 
192 183 8 11 0.028501354 
271 641 12 15 0.02849663 
649 183 8 10 0.028487008 
247 301 11 14 0.028441349 
719 294 10 13 0.028439168 
344 159 7 9 0.028422995 
629 607 27 29 0.028410105 
866 231 10 12 0.028359205 
630 173 8 10 0.028336579 
39 230 9 10 0.02827578 
670 331 13 16 0.028268702 
947 582 14 16 0.028264523 
215 216 7 9 0.028246563 
1008 238 9 11 0.028223943 
14 168 8 10 0.028221963 
138 345 21 28 0.028189557 
147 278 10 12 0.028163115 
384 282 11 15 0.02815093 
77 192 9 10 0.028137688 
88 230 8 11 0.028132513 
865 236 9 12 0.028109295 
615 169 8 9 0.02808776 
141 261 9 11 0.028029103 
839 395 12 16 0.02800475 
619 643 10 13 0.027966166 
444 400 17 21 0.02796003 
936 363 9 12 0.027942766 
660 329 16 17 0.027915519 
0 172 8 12 0.027865669 
704 222 7 10 0.027863165 
119 158 8 11 0.027841384 
999 222 8 11 0.027841002 
677 329 13 16 0.02781516 
870 175 8 10 0.027813436 
895 253 10 12 0.02780703 
901 467 11 15 0.027787069 
245 246 9 11 0.02775245 
240 342 14 18 0.027747259 
743 206 8 10 0.02774455 
600 248 8 10 0.02773789 
817 174 9 10 0.027719853 
973 256 9 11 0.027695395 
823 144 8 9 0.027685283 
877 286 10 12 0.027670687 
841 152 8 9 0.02762496 
118 176 9 11 0.027593648 
568 221 9 10 0.0275904 
37 142 10 12 0.027583081 
239 166 8 10 0.027571682 
870 304 11 13 0.027565245 
167 398 12 16 0.027559202 
980 348 11 14 0.02755864 
29 281 9 11 0.027556542 
551 588 12 15 0.02752413 
120 151 8 9 0.027514573 
650 239 8 10 0.027447281 
6 223 8 11 0.027437268 
968 217 7 8 0.02743577 
902 248 10 11 0.027425047 
353 207 7 9 0.027414797 
781 360 13 16 0.02739578 
671 304 17 22 0.027364634 
703 174 8 10 0.027337208 
319 394 13 19 0.027334508 
873 142 7 9 0.027320158 
289 135 7 9 0.027230715 
560 258 17 23 0.027211446 
737 200 8 10 0.027205994 
152 248 8 10 0.027201617 
648 224 7 9 0.027189916 
741 294 9 12 0.027169105 
882 166 7 10 0.02714813 
182 169 8 9 0.027103884 
397 175 8 10 0.027101934 
719 231 8 10 0.027084803 
877 304 10 12 0.027080765 
866 390 12 14 0.027076574 
566 248 8 10 0.02704465 
736 225 8 10 0.027042996 
67 433 16 19 0.02703047 
151 249 18 23 0.027012492 
174 252 9 10 0.026998641 
8 205 7 11 0.02699071 
647 254 7 9 0.02698203 
90 251 9 12 0.026866395 
0 207 7 11 0.02683307 
707 452 11 16 0.026822055 
206 175 9 10 0.026819058 
600 161 7 10 0.026810082 
63 260 7 10 0.026799435 
32 640 13 16 0.026797721 
18 539 14 18 0.02678602 
1006 308 11 14 0.026701646 
986 547 13 19 0.026697757 
170 267 18 23 0.026687691 
719 240 7 9 0.026676765 
230 145 7 8 0.026655031 
323 595 17 21 0.026637124 
968 393 10 14 0.026582513 
863 165 8 9 0.026577486 
1001 175 7 10 0.02654522 
688 200 8 9 0.026534026 
582 231 8 10 0.026529307 
120 192 8 9 0.026520181 
1005 681 21 42 0.026511798 
332 175 9 10 0.02650284 
757 332 12 15 0.026498955 
791 159 8 10 0.026491452 
88 239 9 10 0.026448905 
256 248 8 10 0.026441226 
64 278 7 10 0.026413854 
87 528 11 13 0.026404636 
613 245 9 10 0.026402207 
935 190 8 9 0.026361851 
180 464 15 16 0.026351292 
883 370 18 22 0.026347192 
198 158 8 9 0.026324203 
105 191 7 9 0.0262944 
670 174 8 10 0.02623155 
912 534 12 15 0.02619197 
799 223 9 11 0.026167888 
241 144 8 9 0.026108703 
616 174 7 9 0.026107673 
396 284 14 18 0.026095737 
889 161 6 9 0.026086563 
108 448 21 26 0.026071629 
792 183 8 10 0.026067851 
927 182 7 9 0.026059888 
368 178 9 12 0.026042258 
996 591 26 37 0.026017586 
920 257 8 10 0.025969986 
800 538 27 34 0.025962463 
2 280 8 11 0.02595498 
78 441 22 26 0.025952734 
76 260 9 11 0.02594164 
854 404 13 17 0.025930798 
786 348 13 15 0.025899237 
770 372 14 17 0.025880603 
916 491 15 18 0.025870573 
576 176 7 9 0.02586488 
136 201 9 10 0.02585909 
206 167 8 10 0.025853166 
982 356 11 14 0.0257983 
23 283 10 12 0.025785604 
973 504 13 18 0.025764655 
625 248 7 9 0.025756525 
957 304 8 11 0.025745964 
577 242 9 12 0.02568878 
992 224 7 10 0.025675926 
207 183 8 10 0.025662236 
931 246 9 11 0.025648842 
118 133 8 10 0.025609268 
800 144 8 9 0.02559822 
5 240 8 10 0.02558052 
951 199 7 10 0.025575219 
801 298 11 14 0.025541626 
920 167 7 9 0.025540013 
867 494 22 28 0.025503755 
638 215 8 10 0.025497338 
240 136 8 9 0.025483485 
766 379 15 19 0.025444306 
422 394 16 19 0.025421424 
1011 555 11 16 0.02540803 
856 254 9 11 0.025384273 
727 299 9 12 0.0253305 
391 300 11 14 0.025317587 
106 159 8 10 0.025289573 
127 118 8 9 0.025276657 
983 284 10 13 0.025264092 
290 402 22 27 0.025215466 
318 168 8 10 0.025202272 
273 248 18 23 0.025194688 
247 237 9 11 0.025189165 
854 143 8 10 0.025155181 
43 255 9 10 0.02513926 
804 370 14 16 0.02513864 
15 199 8 10 0.025122771 
783 303 8 11 0.02505735 
150 198 9 11 0.025049685 
582 168 7 8 0.025046267 
1003 559 16 19 0.025020147 
134 400 14 17 0.024956888 
810 552 27 30 0.024951411 
783 569 15 20 0.024917688 
752 276 10 12 0.02491717 
601 216 8 10 0.024901414 
619 571 14 17 0.02484887 
192 167 8 10 0.024831105 
318 292 10 12 0.024830388 
797 590 11 15 0.024777193 
606 191 7 9 0.024736209 
1006 230 8 10 0.024735793 
655 263 8 10 0.024722248 
129 113 7 9 0.02467299 
86 207 9 10 0.02464765 
167 143 8 10 0.024641266 
158 596 10 13 0.024615737 
107 119 6 9 0.024615189 
904 174 7 10 0.024604898 
830 582 13 16 0.024584886 
984 175 8 10 0.024564471 
870 226 18 23 0.024524873 
637 355 13 17 0.024511809 
967 248 7 10 0.02448986 
622 212 7 10 0.024482317 
16 257 8 9 0.024469102 
736 153 7 9 0.024448158 
63 272 7 10 0.024429327 
242 191 7 9 0.02433682 
126 336 10 12 0.024279147 
578 277 11 15 0.024261717 
158 248 8 10 0.024261193 
504 294 10 13 0.02425903 
140 273 19 23 0.024258526 
830 488 13 17 0.024246883 
231 407 23 25 0.024244469 
850 331 11 14 0.02423574 
16 216 7 9 0.024203645 
968 182 8 10 0.024182055 
353 159 8 10 0.024179569 
239 222 8 10 0.02416137 
804 379 15 17 0.0241311 
585 540 24 30 0.024121493 
996 291 13 15 0.024114331 
147 595 14 15 0.024110101 
6 127 8 11 0.024102371 
765 581 12 14 0.024056267 
296 167 7 8 0.024052998 
792 550 11 15 0.024019826 
178 270 11 13 0.023998883 
982 468 16 19 0.02399844 
718 300 10 13 0.023988156 
455 545 13 16 0.023971638 
744 152 7 9 0.02395966 
443 362 13 14 0.023946231 
254 249 18 23 0.023931153 
950 215 8 9 0.02392039 
286 229 9 11 0.023877874 
885 202 19 24 0.023870245 
814 270 9 11 0.02385986 
153 206 7 9 0.023850905 
91 602 14 19 0.023835296 
184 143 8 9 0.023828039 
660 284 10 11 0.023793083 
721 179 9 11 0.023791002 
366 191 9 10 0.02377298 
953 158 9 10 0.023758078 
924 427 14 17 0.023753034 
656 190 7 9 0.023724025 
233 266 18 23 0.02369697 
1012 331 11 14 0.023678398 
637 205 9 10 0.023665112 
836 450 13 16 0.023663327 
366 229 9 12 0.023660561 
840 220 8 11 0.02359901 
686 301 9 11 0.023585828 
743 158 7 9 0.023584642 
1012 200 10 13 0.023573441 
509 588 11 14 0.023563093 
489 306 17 20 0.02354903 
174 306 11 13 0.02347147 
150 183 8 11 0.02344371 
814 327 12 14 0.023430284 
183 292 9 12 0.023422975 
600 271 9 12 0.023410788 
793 481 22 28 0.023403745 
968 326 10 12 0.023386056 
735 143 7 9 0.023359085 
903 250 17 22 0.023343049 
957 457 15 16 0.02333524 
230 191 7 9 0.023295917 
913 191 8 9 0.023268223 
262 269 11 14 0.023257848 
735 368 14 18 0.023224628 
271 144 7 10 0.02321848 
936 223 9 10 0.023201583 
639 236 8 10 0.023192711 
651 175 7 9 0.023165468 
591 230 7 10 0.023145119 
14 149 8 10 0.023102818 
688 153 8 9 0.02310154 
510 462 11 14 0.023077646 
319 159 7 9 0.023076462 
421 612 13 17 0.02307205 
198 293 11 13 0.023052536 
918 592 11 14 0.02303529 
968 192 7 9 0.023027217 
989 357 11 15 0.023020677 
835 368 19 23 0.022972103 
802 253 9 12 0.022967214 
990 249 18 22 0.022964923 
889 294 10 13 0.022916468 
560 224 8 11 0.022906467 
935 157 7 10 0.022905743 
980 388 9 13 0.022899296 
696 189 8 10 0.022888342 
711 161 7 8 0.022885712 
228 397 22 26 0.022853767 
1006 277 10 12 0.0228181 
850 481 17 20 0.022789042 
545 541 27 30 0.022692468 
744 144 8 9 0.022671077 
591 538 14 18 0.022614397 
311 245 9 11 0.022610953 
705 248 7 9 0.022610046 
207 190 8 9 0.022584429 
296 224 18 24 0.022575477 
85 557 16 18 0.022558637 
960 580 11 15 0.022545367 
568 232 8 11 0.022503514 
836 311 11 13 0.022480497 
777 144 8 10 0.022476142 
928 326 10 12 0.022461848 
176 265 9 11 0.022452425 
133 339 12 15 0.022437988 
753 310 10 13 0.022429623 
819 488 14 18 0.022426415 
579 266 19 23 0.022423983 
304 295 9 11 0.022419045 
678 293 9 11 0.022417005 
776 292 9 12 0.022400511 
362 252 10 12 0.022378292 
958 190 8 10 0.022373253 
1006 198 19 26 0.022361908 
686 310 11 13 0.022361325 
102 261 9 11 0.02236081 
38 118 8 9 0.022349335 
677 215 8 11 0.02233832 
302 226 9 10 0.022322012 
874 603 12 15 0.022237577 
935 616 14 18 0.02223684 
912 356 10 13 0.022225557 
97 279 9 11 0.022206312 
20 466 14 18 0.022201853 
263 248 8 10 0.022190858 
14 189 9 11 0.022178726 
495 620 22 27 0.022147 
7 214 8 10 0.022146916 
345 262 9 11 0.022146711 
877 530 14 16 0.022130627 
821 509 18 23 0.022130061 
134 389 11 15 0.022126874 
759 254 9 12 0.022101996 
785 250 10 12 0.022055773 
368 142 7 9 0.022055354 
680 184 8 10 0.022044638 
773 333 11 14 0.022003483 
103 105 8 9 0.022003463 
802 135 8 10 0.021981327 
632 332 18 23 0.021954007 
844 391 11 14 0.021916106 
584 175 7 9 0.02190716 
800 149 7 10 0.021872714 
846 184 8 10 0.021844292 
143 150 8 10 0.021813601 
965 167 8 10 0.021788254 
912 479 19 23 0.021775879 
654 272 8 10 0.021751016 
345 128 8 9 0.021741737 
849 216 19 24 0.021740247 
965 602 11 15 0.021739813 
419 322 23 30 0.02172705 
989 600 23 34 0.021721434 
182 484 17 21 0.021712704 
922 143 7 9 0.021710835 
664 272 8 10 0.021698603 
428 330 13 17 0.021693764 
781 527 11 14 0.021670103 
888 143 8 11 0.021665933 
109 441 17 20 0.02166486 
1005 586 15 19 0.021631168 
199 233 8 9 0.021629404 
719 616 16 20 0.021623978 
246 539 24 30 0.021623049 
942 624 18 22 0.021620534 
302 247 9 10 0.021577656 
375 316 12 15 0.021572204 
946 239 9 11 0.021553805 
895 537 11 15 0.02155314 
153 270 9 11 0.02154344 
512 325 11 14 0.021539103 
87 112 8 9 0.021523615 
336 136 7 8 0.02151221 
344 440 24 28 0.021504244 
305 160 8 9 0.02149487 
15 127 7 10 0.021480331 
865 323 10 14 0.02144802 
607 564 24 30 0.021438792 
356 293 12 15 0.021425141 
959 603 13 16 0.021421092 
803 411 14 16 0.021410817 
796 330 10 14 0.021405881 
937 182 8 11 0.021376623 
702 560 22 27 0.021369437 
96 368 10 11 0.021348765 
797 546 14 18 0.021339092 
368 129 7 8 0.021315426 
73 135 7 9 0.021299664 
335 150 8 9 0.021291148 
607 279 20 26 0.021281632 
790 225 9 11 0.021277647 
588 275 10 14 0.02124546 
592 589 23 27 0.021242376 
33 143 9 11 0.021176863 
168 284 9 13 0.021162976 
742 312 10 12 0.021158064 
126 277 9 12 0.021144098 
628 286 12 15 0.021130951 
86 199 10 12 0.021125203 
589 286 11 14 0.021097666 
975 278 10 12 0.021090284 
56 136 8 10 0.021074489 
516 321 22 30 0.021069406 
284 473 24 28 0.02104068 
597 250 18 23 0.021038929 
330 121 7 9 0.02103658 
968 176 8 10 0.021032495 
248 224 18 23 0.02100857 
452 586 12 16 0.021007553 
880 212 10 11 0.021000499 
840 143 8 9 0.020974226 
313 145 8 10 0.020953154 
189 261 9 10 0.02093688 
0 224 8 12 0.020927886 
995 415 13 16 0.020917231 
858 563 14 19 0.020911591 
179 276 9 13 0.02090968 
78 207 9 12 0.020909242 
844 576 14 18 0.02090722 
888 284 10 11 0.020889638 
214 229 8 10 0.020863682 
725 233 19 24 0.020860128 
304 252 9 12 0.020852404 
785 263 10 12 0.020847073 
718 223 9 11 0.020842053 
916 547 12 17 0.020840166 
895 261 9 12 0.020838557 
768 184 7 9 0.02082087 
145 120 7 9 0.020820195 
510 241 14 16 0.020807536 
105 272 8 10 0.020764017 
238 159 9 10 0.020763077 
801 386 14 17 0.020762356 
702 326 11 13 0.020758765 
163 401 21 26 0.020748543 
46 128 8 9 0.02071813 
665 233 7 9 0.020708106 
23 239 8 11 0.020707693 
343 256 9 11 0.020694952 
606 220 8 10 0.020689758 
54 222 9 10 0.020673398 
941 280 9 11 0.020661699 
670 421 12 15 0.020637115 
977 239 18 23 0.020629872 
87 505 13 18 0.020622302 
356 304 11 15 0.020618115 
428 611 12 16 0.020603381 
316 572 24 27 0.020595789 
802 205 9 10 0.020595055 
992 324 9 12 0.02058187 
267 545 16 20 0.020574301 
862 379 12 15 0.020535676 
292 451 15 21 0.02052508 
574 298 13 15 0.020514863 
790 302 9 12 0.020508068 
1013 561 11 16 0.020499276 
798 184 20 26 0.020472769 
64 311 10 13 0.020464044 
289 119 7 9 0.020456724 
344 216 8 10 0.020456586 
110 266 17 22 0.020456139 
707 366 21 25 0.02045485 
228 371 21 29 0.020425752 
696 269 9 11 0.020424796 
647 189 8 9 0.020407533 
683 347 13 19 0.020385863 
162 303 9 11 0.020385534 
119 525 13 17 0.020385478 
835 256 9 11 0.020381164 
942 246 9 12 0.020367945 
6 280 9 12 0.020355199 
328 143 8 10 0.02035384 
855 381 10 12 0.020347271 
579 377 23 28 0.020343727 
296 302 10 13 0.020338656 
16 241 8 9 0.020324908 
942 292 8 12 0.02027395 
214 299 10 12 0.020262027 
880 391 9 12 0.020235592 
62 160 7 9 0.020215696 
899 301 10 13 0.020214165 
212 266 19 23 0.020188594 
977 294 9 11 0.02018225 
240 200 8 9 0.020135852 
678 161 7 9 0.020132625 
995 305 19 23 0.020111755 
853 278 10 12 0.020109912 
919 151 8 9 0.020109123 
18 228 8 11 0.020048026 
305 297 19 23 0.020031556 
352 215 9 11 0.02000583 
