0_Parade_Parade_0_72
129
132 333 32 43 0.9684515 
665 347 25 36 0.96805465 
459 389 24 28 0.9296343 
774 344 14 19 0.8548474 
206 365 22 26 0.80429024 
413 382 15 20 0.77238244 
625 344 18 21 0.75614053 
347 466 25 31 0.75066674 
256 384 18 22 0.7384738 
627 368 20 27 0.7168458 
496 339 17 20 0.6770348 
736 366 22 26 0.6598509 
546 378 18 23 0.596272 
790 266 17 19 0.3076625 
86 294 37 39 0.2943092 
2 475 18 21 0.28142515 
567 593 47 46 0.2733999 
349 376 15 18 0.23757426 
56 526 9 12 0.19803266 
23 543 12 15 0.18521015 
66 558 22 25 0.15369977 
541 372 15 24 0.15216874 
73 533 10 11 0.12565415 
347 498 13 15 0.09371724 
159 446 11 13 0.08721413 
136 460 11 15 0.086039424 
451 401 26 32 0.08170993 
539 381 26 35 0.06852603 
347 366 12 14 0.06732428 
580 356 14 18 0.06449343 
642 562 25 33 0.063819185 
550 351 11 13 0.06356069 
578 362 14 19 0.060343128 
343 370 13 17 0.057514474 
159 515 8 11 0.054830793 
81 516 9 11 0.054227483 
572 376 16 22 0.05057127 
556 376 21 27 0.05014087 
699 351 18 26 0.048714157 
168 479 9 11 0.048014432 
23 516 10 13 0.04769408 
454 370 15 21 0.047643706 
778 447 10 13 0.045714602 
541 364 14 19 0.04450871 
104 477 10 13 0.043182928 
565 343 11 13 0.042618766 
831 340 9 12 0.041941665 
632 352 18 21 0.040984392 
790 329 15 19 0.040538236 
619 399 13 17 0.039710883 
808 407 7 10 0.039288834 
543 356 11 15 0.0389026 
154 512 8 11 0.038847532 
684 355 23 29 0.037608687 
583 351 12 14 0.036586296 
204 375 24 28 0.03602601 
85 511 9 11 0.035931136 
344 494 12 15 0.035353735 
567 382 23 31 0.03511826 
805 379 10 14 0.034199197 
669 361 29 37 0.03405704 
205 359 16 20 0.033993904 
245 394 14 17 0.03380704 
342 465 41 49 0.032249622 
61 550 10 13 0.03223714 
453 374 23 32 0.032060582 
94 499 9 12 0.03204849 
167 512 7 10 0.03191967 
532 403 33 36 0.031887256 
186 447 13 16 0.030481473 
738 378 18 23 0.030267414 
602 628 18 22 0.029134896 
268 381 11 17 0.028807363 
766 374 11 14 0.02808673 
139 413 11 14 0.028014166 
83 563 14 17 0.027487423 
784 268 12 15 0.027355345 
12 469 13 17 0.026972827 
559 602 35 43 0.026943004 
777 349 15 19 0.026813317 
185 431 10 13 0.026506638 
104 310 18 22 0.026299296 
800 373 11 14 0.026116343 
494 326 23 26 0.025891973 
173 469 9 13 0.025807615 
356 364 12 15 0.025658296 
558 348 13 15 0.02541441 
666 342 16 21 0.02535931 
76 528 10 12 0.025285602 
784 237 9 11 0.025239885 
200 509 9 11 0.025040895 
126 492 10 12 0.025038864 
590 614 32 36 0.024982393 
592 609 18 20 0.02490525 
96 477 9 11 0.024892993 
554 386 41 49 0.024877239 
31 510 10 13 0.024778241 
390 485 11 14 0.024777975 
69 443 12 14 0.024764765 
80 493 10 14 0.024479223 
108 483 9 12 0.024320148 
341 361 22 25 0.02421724 
56 549 10 13 0.024159765 
343 477 24 30 0.024009982 
64 558 12 15 0.023919336 
540 410 40 42 0.023520378 
22 521 13 16 0.0232454 
347 460 19 21 0.023082629 
411 442 24 36 0.022953037 
88 499 10 13 0.022743648 
622 362 16 22 0.022219086 
532 404 13 20 0.022186933 
111 508 10 11 0.021977814 
803 266 13 17 0.021877108 
247 388 24 27 0.021845628 
3 486 17 22 0.021774415 
1012 364 10 14 0.021415502 
448 419 13 17 0.02138477 
335 365 12 16 0.02113194 
219 387 16 20 0.021041162 
157 412 15 20 0.020992564 
108 369 13 17 0.020973891 
799 461 10 12 0.02084631 
-1 538 21 30 0.020754876 
247 381 13 17 0.020570226 
320 533 10 13 0.02041664 
458 363 17 20 0.02015493 
61 519 9 13 0.020031035 
166 482 10 13 0.020018168 
