0_Parade_marchingband_1_188
214
549 516 12 14 0.92879325 
685 347 11 15 0.88094974 
252 501 12 14 0.85934246 
574 565 12 16 0.7633691 
920 487 10 13 0.72500926 
442 548 12 14 0.6457605 
520 367 9 11 0.5302689 
711 407 9 11 0.46342388 
797 358 9 12 0.37999183 
588 324 9 11 0.35642394 
604 408 9 12 0.32258847 
784 383 9 11 0.30059937 
209 418 12 15 0.27431953 
557 540 17 21 0.26221746 
242 325 8 10 0.2299349 
118 333 8 11 0.2121676 
49 430 10 12 0.1883071 
462 443 12 13 0.17750692 
694 283 9 11 0.16768047 
860 424 13 16 0.1644715 
159 368 9 10 0.15350454 
617 433 8 11 0.14936502 
868 370 14 17 0.14839697 
605 342 9 11 0.14267555 
681 304 8 11 0.12439267 
342 321 7 9 0.113618195 
618 382 9 12 0.11229862 
628 73 12 16 0.11160837 
295 247 9 12 0.10995332 
360 253 9 12 0.10774272 
334 267 9 11 0.106305435 
725 326 9 11 0.105510406 
487 211 10 14 0.1052982 
721 304 9 10 0.10284248 
505 397 9 10 0.101357326 
610 279 9 11 0.09517469 
696 315 13 14 0.093806475 
167 386 12 13 0.087271996 
998 247 9 12 0.085455716 
301 375 7 9 0.0844814 
715 349 12 13 0.0804177 
680 342 12 17 0.07753549 
63 321 8 11 0.07709549 
112 588 12 13 0.07672514 
328 264 10 13 0.07499983 
704 368 9 12 0.07058909 
554 263 9 12 0.068489626 
508 248 12 15 0.066755466 
783 448 8 11 0.06661071 
343 245 10 12 0.065709665 
776 191 11 12 0.06387256 
676 388 11 13 0.061315984 
428 252 12 16 0.060944278 
665 392 8 10 0.060408942 
196 494 14 20 0.060265794 
511 227 12 17 0.05973429 
504 279 8 11 0.058096554 
673 390 9 12 0.05687137 
998 248 13 20 0.05534061 
294 389 8 10 0.05501461 
496 240 12 15 0.054950666 
694 332 12 14 0.054754794 
217 176 8 9 0.053708207 
701 312 11 13 0.053094164 
619 307 11 13 0.052606344 
248 144 8 11 0.050736014 
489 189 10 13 0.05000938 
590 357 9 11 0.049408033 
305 232 10 11 0.04786546 
692 341 13 16 0.047513213 
453 319 8 10 0.047118664 
604 318 15 19 0.046287864 
43 453 16 19 0.046256106 
806 383 8 11 0.046159096 
585 320 9 13 0.044603165 
453 350 9 11 0.04446548 
599 319 11 14 0.04445802 
697 325 11 14 0.043981142 
775 446 8 11 0.043509793 
720 332 11 13 0.042748336 
365 252 9 13 0.04272727 
43 439 17 19 0.042638633 
622 388 9 12 0.042228792 
863 368 13 16 0.0420919 
710 354 12 13 0.041905034 
341 237 12 14 0.04129152 
854 461 11 14 0.040890217 
795 363 10 13 0.040534526 
715 355 12 13 0.040342584 
336 351 8 11 0.040232547 
621 439 8 10 0.040032484 
143 208 10 13 0.03876124 
501 242 13 17 0.038720187 
614 373 10 12 0.037721973 
222 315 11 13 0.03721887 
600 348 11 13 0.035792697 
454 323 9 11 0.035487164 
678 332 9 12 0.034806266 
785 454 9 12 0.03479135 
758 270 10 15 0.034753792 
33 492 12 15 0.034508172 
249 262 9 11 0.033870067 
301 244 10 15 0.033793546 
244 357 10 12 0.03339278 
863 377 14 18 0.032699768 
727 320 10 13 0.032473214 
799 352 10 15 0.03233893 
611 283 10 13 0.032215234 
501 228 14 19 0.03177447 
873 366 13 16 0.031616945 
295 269 10 12 0.030743577 
694 292 11 12 0.030675972 
249 300 13 16 0.030513406 
196 478 13 16 0.030197566 
145 246 10 13 0.03015713 
616 304 10 13 0.030154258 
515 249 12 16 0.02977352 
994 245 9 13 0.02959136 
801 383 8 11 0.029492633 
150 204 12 16 0.02945514 
799 339 10 14 0.029316932 
496 435 11 13 0.029023223 
437 271 9 11 0.028834525 
217 180 10 12 0.02878732 
782 422 9 12 0.02842144 
252 564 18 18 0.028415961 
445 309 11 14 0.028281296 
725 308 9 11 0.028223 
342 251 9 12 0.02792409 
703 348 11 15 0.027876556 
686 308 10 13 0.027854042 
206 435 14 16 0.027746564 
702 302 9 12 0.02773196 
325 320 8 9 0.027720978 
497 407 8 11 0.02752505 
605 333 12 14 0.027503986 
716 341 12 15 0.027446546 
216 197 11 14 0.027399126 
770 446 8 10 0.027354378 
154 366 9 13 0.027111102 
594 310 9 11 0.02690751 
994 241 8 10 0.026694974 
766 230 9 14 0.026628787 
590 351 9 12 0.026524294 
151 373 10 13 0.02625415 
863 385 11 13 0.026190883 
229 317 10 12 0.025824204 
327 231 9 11 0.025394892 
511 215 9 14 0.02533748 
506 214 19 28 0.025206823 
437 317 13 15 0.025198385 
600 421 10 13 0.024947688 
790 413 12 14 0.024579281 
503 214 11 15 0.024547009 
354 285 10 13 0.02453501 
707 371 11 13 0.024419675 
800 388 9 10 0.024282185 
340 262 10 13 0.024274247 
503 302 12 14 0.024179928 
126 351 9 10 0.024031028 
562 547 19 24 0.024018228 
695 300 11 13 0.02389182 
148 379 11 14 0.023886014 
422 274 10 14 0.023865936 
469 430 10 11 0.023711074 
207 424 14 17 0.023331616 
778 422 8 12 0.02327316 
898 149 10 13 0.023224726 
718 389 9 11 0.02321926 
51 425 11 13 0.02307292 
608 72 9 11 0.022994883 
788 419 14 16 0.022917382 
119 312 9 11 0.022892907 
966 288 13 16 0.022878122 
724 356 11 13 0.022765117 
336 253 10 12 0.02275412 
493 174 9 11 0.022665909 
508 302 10 12 0.022634877 
672 407 10 11 0.022504421 
672 414 9 11 0.022490302 
474 252 15 17 0.022461263 
544 518 15 18 0.022434918 
144 229 9 12 0.022357656 
525 348 10 13 0.022338206 
142 351 11 14 0.022142103 
790 388 8 10 0.021951254 
152 199 11 13 0.02188494 
550 314 13 16 0.021818027 
797 372 10 12 0.02177276 
690 280 9 12 0.021734403 
357 288 11 15 0.021470668 
613 71 10 14 0.02131827 
143 221 10 14 0.021306345 
430 324 11 13 0.021298433 
358 324 9 10 0.021293696 
507 391 9 12 0.021287737 
488 183 11 13 0.021250842 
783 359 9 11 0.021162147 
695 371 12 13 0.02115794 
118 338 9 11 0.021015376 
111 326 12 15 0.02099025 
492 314 13 17 0.020897675 
551 538 15 22 0.020828506 
248 266 11 14 0.0207212 
915 499 13 17 0.02063958 
590 374 9 11 0.020612357 
221 192 106 131 0.02058714 
308 234 11 14 0.020410106 
411 272 16 19 0.020403331 
347 245 11 14 0.020381669 
63 430 11 13 0.020247996 
609 304 21 24 0.020207241 
163 364 11 14 0.020203406 
514 233 13 17 0.020159274 
