0_Parade_marchingband_1_869
77
70 194 60 77 0.99969614 
302 200 59 81 0.99880946 
519 200 52 73 0.9967781 
704 326 45 56 0.9955135 
176 468 67 68 0.90904653 
2 339 54 57 0.8365031 
888 336 46 58 0.6880338 
166 452 34 47 0.31657812 
451 278 28 38 0.25737223 
746 382 18 26 0.23992927 
140 231 48 59 0.17876746 
805 427 31 38 0.1665342 
667 495 26 39 0.16104592 
549 272 22 35 0.114448 
854 538 14 18 0.10270373 
10 316 55 56 0.096725285 
862 333 47 54 0.08704465 
252 186 46 68 0.07160012 
460 268 41 48 0.06506195 
248 183 30 49 0.057599828 
1006 591 9 12 0.056307577 
770 351 36 47 0.055183847 
160 442 27 43 0.05209952 
832 542 11 15 0.048858497 
248 275 50 72 0.04787479 
734 583 43 36 0.047602117 
169 477 44 51 0.046642642 
0 359 39 48 0.044598594 
821 559 11 13 0.042505093 
1000 611 12 17 0.042306468 
755 361 38 49 0.042278595 
49 217 31 40 0.04205026 
1006 574 9 13 0.041587453 
1001 581 8 10 0.04139698 
652 465 41 52 0.039154127 
483 259 26 35 0.038553465 
873 523 16 20 0.038552262 
822 442 13 19 0.03826846 
860 351 28 36 0.0377927 
1013 564 10 14 0.03777387 
755 403 23 30 0.037409376 
860 414 27 33 0.036019396 
858 530 19 26 0.034441434 
653 502 29 37 0.033747062 
602 253 42 52 0.033483427 
754 552 17 22 0.03315713 
637 462 22 28 0.031946007 
538 253 36 51 0.030124193 
646 461 32 35 0.029779747 
974 509 8 10 0.029312067 
82 376 27 38 0.02883578 
884 521 16 19 0.028531885 
676 459 30 35 0.028035313 
419 375 16 19 0.027641593 
961 472 9 11 0.027078245 
810 518 17 20 0.02704158 
615 347 44 57 0.026393998 
960 478 9 12 0.026016533 
1002 589 10 12 0.025753517 
960 485 9 11 0.025727933 
691 462 17 21 0.025682008 
204 588 22 26 0.025114095 
769 582 35 40 0.024385585 
261 257 48 71 0.024357857 
1005 617 10 15 0.024320142 
128 251 53 66 0.023627449 
453 648 30 33 0.022690687 
971 489 13 15 0.021730645 
993 510 9 12 0.021711875 
132 371 25 29 0.021440323 
747 375 37 50 0.02124586 
1014 621 9 14 0.020791398 
699 247 16 21 0.020498868 
958 532 10 13 0.020352766 
891 529 13 17 0.020275347 
861 520 22 29 0.020036208 
990 610 12 16 0.02000482 
