0_Parade_marchingband_1_359
207
732 114 56 64 0.9995421 
165 168 36 43 0.997086 
909 119 22 29 0.9945403 
862 149 28 30 0.9904846 
481 193 15 18 0.98995084 
609 186 18 23 0.9713359 
308 192 14 20 0.9711355 
413 195 14 18 0.96843463 
504 193 12 15 0.8491807 
245 197 11 15 0.8456599 
1009 119 16 25 0.6209877 
1 215 14 19 0.5518265 
272 196 11 14 0.5179383 
453 211 10 12 0.42954263 
140 202 19 20 0.40914628 
361 198 10 14 0.35944304 
565 217 14 16 0.32345542 
53 209 16 20 0.29441774 
67 171 17 20 0.28933546 
956 161 14 19 0.28606793 
450 206 10 12 0.28035933 
124 165 22 28 0.26630318 
392 205 9 11 0.2309935 
451 198 9 12 0.21767351 
496 185 7 10 0.2080936 
689 180 11 13 0.19492567 
264 197 11 14 0.18575275 
375 212 10 13 0.18014649 
464 206 9 12 0.1762387 
432 199 9 12 0.17211664 
568 191 9 11 0.1514749 
145 206 19 22 0.14369638 
645 192 8 10 0.13819206 
585 200 8 11 0.13701391 
933 130 13 17 0.13236333 
965 134 11 15 0.1307163 
382 214 9 12 0.12908375 
558 206 9 10 0.12672623 
46 219 15 18 0.126536 
241 192 10 13 0.11017927 
462 200 9 12 0.098359466 
12 225 13 18 0.093481936 
292 213 9 12 0.09074157 
481 264 20 22 0.09021657 
552 235 9 12 0.090035826 
527 205 8 11 0.08487878 
409 180 8 11 0.083966054 
287 212 10 12 0.08291551 
591 207 8 10 0.08270121 
391 213 9 13 0.08130665 
251 197 10 15 0.08048089 
560 200 7 10 0.07622336 
608 173 10 11 0.07259538 
690 171 14 18 0.07132872 
541 198 8 10 0.07086629 
670 197 10 12 0.07048543 
656 205 9 11 0.06845016 
1005 143 19 31 0.06744497 
469 205 9 11 0.063539654 
568 182 10 12 0.062280416 
640 196 10 12 0.06194229 
670 203 11 14 0.06052425 
301 160 22 29 0.060364548 
48 233 12 16 0.0603332 
277 193 8 13 0.060072944 
29 346 14 16 0.059840407 
491 294 17 19 0.054588374 
541 215 9 11 0.054023057 
240 193 18 22 0.05311318 
535 206 8 11 0.052841127 
32 202 13 15 0.052598365 
959 133 12 16 0.052294582 
534 230 9 12 0.051413536 
560 213 11 14 0.05137162 
538 197 7 10 0.051188704 
950 140 14 16 0.050777048 
537 193 7 10 0.049427915 
526 200 7 10 0.049070757 
592 212 9 12 0.048232056 
437 199 7 10 0.046254013 
590 200 9 12 0.046049517 
366 191 9 13 0.046021927 
351 198 9 13 0.04541249 
571 214 10 13 0.04466863 
415 182 8 10 0.044646256 
423 184 8 11 0.043216225 
473 293 14 17 0.04308797 
609 169 9 10 0.042140443 
665 197 10 12 0.039437406 
375 218 10 12 0.03920069 
454 193 9 12 0.03913509 
567 207 9 11 0.038990524 
345 198 10 14 0.03831766 
951 145 21 27 0.038048733 
78 235 12 15 0.037902206 
943 237 11 14 0.03783529 
584 192 8 10 0.037776317 
666 193 9 11 0.037533633 
693 165 14 18 0.037331067 
3 217 20 25 0.03710322 
38 213 13 15 0.03607455 
450 193 8 11 0.03595022 
613 172 10 12 0.035767186 
540 237 12 14 0.035349082 
529 228 9 12 0.034828838 
542 205 9 11 0.03479129 
534 223 9 11 0.034757257 
262 192 19 24 0.034657776 
632 196 12 15 0.034384865 
970 255 18 22 0.03418936 
663 205 10 13 0.03389369 
66 210 13 18 0.03378985 
382 208 9 12 0.033486992 
606 149 10 11 0.03320956 
137 300 18 20 0.033069264 
50 217 23 28 0.032903284 
370 213 9 12 0.032887496 
58 175 24 30 0.032714106 
325 202 11 14 0.032376718 
396 211 10 13 0.03216966 
294 208 10 12 0.03196839 
1008 126 20 34 0.031716768 
573 228 11 14 0.03169128 
30 333 16 19 0.031102693 
360 191 10 14 0.03062305 
10 231 16 21 0.030516276 
49 193 24 31 0.030459397 
558 237 10 13 0.030311968 
398 198 9 12 0.030180864 
473 199 8 12 0.03014826 
604 142 10 12 0.029956117 
553 206 9 11 0.029851293 
574 197 8 10 0.029387718 
664 211 9 13 0.029125094 
995 313 14 17 0.029037876 
469 213 9 10 0.028616827 
676 198 9 13 0.028284729 
607 155 10 12 0.028136447 
278 201 10 14 0.028114852 
364 204 10 13 0.027483027 
304 172 22 30 0.027237562 
383 192 8 10 0.027231043 
521 205 9 11 0.02711653 
410 136 8 10 0.02709125 
314 198 15 18 0.02689537 
419 190 12 16 0.026640806 
922 127 15 21 0.026430305 
574 206 9 11 0.026349857 
497 188 10 13 0.026274836 
596 213 10 12 0.026058309 
313 169 14 17 0.026052589 
270 214 12 14 0.025973989 
383 219 9 11 0.025734184 
391 219 10 11 0.025595594 
76 216 15 19 0.025576234 
333 205 11 12 0.025498357 
694 155 13 17 0.025407001 
125 206 10 14 0.02538353 
272 221 10 12 0.025263377 
63 165 16 18 0.025103403 
495 228 12 13 0.025097284 
517 230 10 12 0.02447568 
471 236 10 12 0.024422783 
542 193 7 10 0.024381734 
409 142 9 11 0.024307443 
536 235 10 13 0.024271376 
676 203 11 14 0.023862792 
384 198 9 11 0.023723567 
358 192 17 23 0.023673994 
39 218 15 18 0.023572566 
393 151 8 11 0.023562383 
414 177 7 10 0.023510722 
393 231 9 12 0.023124507 
553 211 9 12 0.023033777 
598 165 9 11 0.022998467 
537 213 9 11 0.022974115 
975 323 42 61 0.02291391 
31 327 13 13 0.02288456 
520 199 9 10 0.0228716 
607 183 14 19 0.022832585 
377 175 8 9 0.022416536 
469 294 23 28 0.02229975 
373 190 10 12 0.022234704 
72 236 12 14 0.022139026 
393 174 9 11 0.022112433 
669 209 11 14 0.022051392 
114 161 37 43 0.022018796 
541 232 10 12 0.021892771 
1011 159 12 20 0.02158326 
573 176 9 11 0.02153519 
543 173 9 12 0.021262946 
134 207 17 19 0.021191666 
494 221 12 14 0.021145428 
995 153 24 32 0.021061558 
106 311 9 11 0.021016683 
392 167 9 11 0.020950066 
400 191 8 10 0.020920636 
76 197 23 28 0.020799017 
500 235 15 19 0.02079215 
515 236 12 15 0.020663058 
529 165 7 10 0.020548575 
967 343 30 38 0.02043974 
506 160 8 10 0.020330207 
596 205 9 12 0.020291647 
133 196 16 21 0.020053554 
601 136 8 10 0.020042034 
19 221 12 16 0.020039381 
