0_Parade_Parade_0_194
45
115 422 116 133 0.99978966 
364 253 92 132 0.9992926 
703 237 89 146 0.99888283 
207 346 74 106 0.9921514 
561 280 80 101 0.8737778 
1005 885 17 22 0.2293181 
173 372 90 125 0.20858687 
781 246 110 161 0.1708108 
591 752 14 19 0.06437492 
903 765 10 14 0.057326715 
1009 1047 10 13 0.045797992 
561 751 27 29 0.044640392 
573 748 23 28 0.04242503 
993 1043 11 14 0.040771954 
586 740 21 28 0.04067354 
906 1036 16 21 0.036842823 
1000 885 14 19 0.035185065 
1005 764 8 11 0.034441408 
979 1068 12 16 0.0336136 
927 755 14 16 0.033148717 
1006 966 13 17 0.031475563 
859 948 15 20 0.030521361 
621 740 11 16 0.03030445 
997 1054 9 11 0.029576698 
144 1188 191 262 0.027955785 
1001 759 9 11 0.02788751 
499 278 200 227 0.026795467 
200 348 422 543 0.025842864 
546 902 32 48 0.025311435 
53 671 10 13 0.024978723 
936 782 10 14 0.02466297 
125 672 17 20 0.02463298 
998 681 19 30 0.024399 
939 884 15 18 0.023229139 
584 740 13 17 0.02313698 
1011 1050 11 16 0.02284365 
994 1038 12 14 0.022560373 
1012 1020 9 12 0.022232583 
445 634 398 476 0.022102026 
975 913 14 20 0.021935344 
-13 589 398 459 0.021676937 
998 1062 9 10 0.021145644 
12 42 26 35 0.02109712 
993 1061 8 11 0.020909246 
654 758 47 58 0.020516038 
