0_Parade_marchingband_1_382
91
337 99 34 42 0.9994832 
801 121 38 45 0.9992192 
145 168 36 47 0.9981238 
448 39 32 37 0.9973296 
204 69 23 33 0.9438318 
932 73 18 25 0.9256913 
979 92 21 30 0.8606203 
955 69 16 27 0.8566831 
926 136 22 26 0.48898375 
998 25 11 16 0.48860058 
903 62 19 30 0.42088267 
1001 100 16 25 0.40201813 
911 30 14 21 0.35832956 
992 97 19 27 0.3336967 
194 17 61 81 0.27602348 
989 5 12 14 0.16465883 
941 1 11 11 0.13879652 
932 0 14 13 0.12856282 
213 58 27 40 0.09299436 
982 77 24 30 0.080689795 
767 0 28 22 0.07110873 
910 22 14 18 0.06003157 
950 202 46 61 0.057822727 
985 73 18 21 0.05510017 
743 46 28 32 0.05388077 
739 11 28 30 0.051868983 
990 19 15 19 0.05056619 
984 68 14 18 0.04843019 
265 2 46 65 0.045529343 
527 46 189 204 0.045410234 
895 131 14 18 0.042778067 
991 54 10 13 0.040742345 
955 181 15 21 0.0386072 
740 143 18 23 0.038206846 
185 3 47 56 0.038115688 
726 98 22 33 0.038035687 
915 36 15 20 0.037634827 
996 21 18 24 0.037141934 
738 21 31 38 0.03656252 
911 9 26 30 0.03600901 
193 49 44 61 0.03466572 
89 60 19 19 0.033954624 
929 -1 20 24 0.03318008 
1007 103 16 25 0.03207494 
959 110 23 30 0.031251367 
903 29 14 18 0.031121472 
902 85 22 29 0.030795055 
986 6 21 26 0.030500602 
901 17 22 31 0.029717399 
936 139 15 20 0.02916329 
997 3 12 15 0.028725445 
822 255 10 13 0.02847062 
944 193 30 46 0.0279848 
1005 4 10 13 0.027976325 
912 71 25 30 0.027887864 
554 116 27 40 0.027863188 
946 3 12 13 0.027458752 
692 84 50 65 0.027443593 
911 65 18 24 0.027158042 
939 19 12 16 0.02713834 
923 12 16 20 0.026695967 
914 24 21 26 0.026554728 
659 61 14 18 0.026288051 
901 50 14 21 0.025885202 
948 139 11 15 0.02587111 
916 144 16 20 0.025770158 
908 12 16 18 0.025674786 
760 4 33 34 0.02561446 
519 30 43 60 0.025498243 
37 33 55 81 0.025343565 
888 237 11 13 0.02485852 
942 59 13 18 0.024620254 
120 247 12 14 0.02459487 
1008 182 12 14 0.023542412 
997 11 14 19 0.023535421 
16 12 90 126 0.022837916 
901 11 14 17 0.022667492 
220 51 33 42 0.022644667 
529 43 95 126 0.022252554 
903 41 13 18 0.022069473 
931 12 14 17 0.021911474 
902 34 21 30 0.021861615 
346 -1 31 31 0.021774925 
1006 187 14 18 0.021755971 
982 19 13 16 0.021526031 
115 238 26 32 0.021507412 
713 93 42 62 0.021306401 
319 32 48 63 0.021116527 
896 142 23 27 0.02086456 
218 -2 70 102 0.020689264 
899 159 16 20 0.020200709 
