0_Parade_Parade_0_137
138
752 449 18 25 0.77287376 
714 447 15 20 0.71205616 
105 277 24 33 0.5836195 
661 484 16 23 0.5046438 
951 460 18 23 0.43716404 
1011 490 14 24 0.31045032 
964 486 18 23 0.28864786 
237 469 14 16 0.22990607 
708 352 18 24 0.22543426 
659 472 26 32 0.19516017 
656 454 24 31 0.1948687 
133 298 53 58 0.1828328 
507 351 19 23 0.15678775 
1004 339 14 20 0.14843649 
998 512 14 17 0.12209578 
58 341 34 39 0.110658705 
0 431 12 19 0.09528791 
926 366 23 29 0.09425101 
716 469 25 31 0.086509824 
932 366 13 16 0.08612984 
686 376 16 19 0.08158702 
341 350 17 21 0.08149323 
929 307 9 12 0.07816503 
518 340 25 35 0.07292132 
1015 315 9 14 0.07096934 
646 363 13 16 0.07086041 
618 392 16 21 0.06940329 
443 313 45 54 0.06773599 
0 449 11 23 0.06652593 
672 392 12 16 0.064675264 
997 316 9 11 0.063784726 
300 330 49 57 0.062756434 
1 321 19 31 0.061462536 
738 494 52 63 0.05764022 
528 335 30 41 0.053413842 
672 480 17 21 0.05120709 
332 360 14 19 0.04891251 
260 352 13 17 0.046598524 
906 340 14 18 0.04656031 
330 347 25 29 0.04513466 
11 363 28 36 0.044905562 
514 339 17 21 0.044082243 
1014 283 10 16 0.04311698 
540 324 36 40 0.042505093 
761 449 24 24 0.04141109 
458 326 26 34 0.04044057 
-104 349 507 437 0.040420018 
733 355 9 13 0.040302325 
715 453 25 31 0.039610364 
659 443 16 21 0.03852101 
756 504 33 36 0.037893865 
583 392 31 37 0.037813462 
692 402 16 18 0.037699793 
915 315 11 14 0.03652028 
653 451 17 25 0.035799388 
517 331 16 19 0.0357949 
476 329 16 21 0.03488896 
116 282 88 94 0.034043115 
913 312 10 12 0.034014884 
378 342 11 14 0.03388956 
906 403 15 20 0.033364665 
745 365 11 15 0.032085937 
995 407 15 22 0.031739194 
503 316 9 12 0.031711355 
213 365 25 30 0.031132564 
997 512 23 30 0.030070616 
468 341 15 21 0.03001695 
801 330 14 19 0.029955272 
821 383 35 36 0.029187437 
581 342 16 22 0.029097697 
59 334 53 64 0.029017849 
611 387 19 22 0.028976832 
523 351 14 22 0.028943978 
1005 551 16 20 0.02871762 
629 365 448 415 0.02861149 
648 458 13 19 0.02846081 
595 342 15 20 0.028391356 
703 335 8 10 0.02838612 
682 410 26 30 0.028342642 
721 443 17 21 0.028202267 
283 312 88 98 0.028129827 
998 284 12 15 0.027903227 
635 408 15 21 0.027647348 
599 390 26 32 0.027598128 
549 319 48 54 0.027070222 
95 262 40 55 0.027063137 
736 328 10 13 0.026213823 
604 385 17 20 0.025921112 
769 351 10 13 0.02577321 
1007 309 10 14 0.025766246 
363 348 11 13 0.02560829 
317 348 27 33 0.025551995 
475 345 12 16 0.025439834 
38 459 16 23 0.025244884 
504 307 12 15 0.025211282 
884 340 10 13 0.024696574 
358 349 10 12 0.024607524 
997 380 21 26 0.024432784 
703 359 14 19 0.02413117 
998 398 24 30 0.024031231 
945 305 10 11 0.023992253 
996 529 16 21 0.023833044 
620 351 9 12 0.023808787 
398 354 15 17 0.023608185 
519 325 13 16 0.023444114 
715 457 49 55 0.023284202 
237 354 14 19 0.023224512 
983 305 8 9 0.023189364 
749 403 14 17 0.02313987 
503 322 10 12 0.02310862 
717 351 21 26 0.022813711 
770 445 17 18 0.02276528 
9 328 14 20 0.022747496 
605 397 28 35 0.022576634 
12 349 46 56 0.022379626 
684 424 16 19 0.022352414 
899 367 27 33 0.022285545 
638 351 9 10 0.022259684 
650 454 42 51 0.022217838 
651 467 25 32 0.022092903 
945 309 11 13 0.02200016 
713 336 8 9 0.021912998 
1003 508 16 22 0.02159756 
747 369 12 16 0.021544075 
1008 302 11 15 0.021524431 
666 450 16 19 0.02096983 
992 313 10 12 0.02095245 
61 346 17 20 0.020935372 
685 333 8 10 0.020694522 
946 517 12 14 0.020690357 
227 364 15 19 0.02059872 
55 355 13 16 0.020533945 
669 388 21 26 0.02050122 
375 374 40 53 0.020430291 
776 454 18 22 0.02037477 
647 417 29 35 0.020347347 
398 343 11 13 0.02031261 
928 316 9 12 0.020048317 
