0_Parade_marchingband_1_649
106
969 152 33 39 0.9997454 
859 153 31 38 0.9995796 
813 203 34 46 0.99944276 
409 82 37 48 0.9993906 
489 122 36 46 0.9993242 
651 146 29 37 0.9989759 
5 127 27 33 0.99880993 
941 207 39 46 0.9984419 
54 120 31 37 0.998379 
24 198 37 49 0.998166 
174 282 43 51 0.9976672 
556 81 34 47 0.9974657 
248 143 32 36 0.9970594 
760 151 28 34 0.99690956 
341 118 32 38 0.9958287 
660 216 39 44 0.9952631 
295 286 44 55 0.99485695 
896 319 40 51 0.99428 
795 281 41 54 0.9905171 
700 287 40 53 0.989754 
246 190 39 46 0.98973304 
530 131 30 37 0.98695403 
131 233 37 44 0.98612416 
702 173 24 32 0.98596734 
905 179 23 28 0.9732247 
104 138 25 31 0.9472857 
151 125 21 33 0.7401032 
832 176 24 31 0.5998818 
669 446 23 27 0.5005018 
791 167 24 28 0.4757369 
615 425 25 32 0.43550986 
232 152 24 35 0.34396622 
169 114 25 29 0.20972742 
619 421 15 18 0.18742597 
603 444 10 14 0.157442 
114 439 35 42 0.15548256 
147 154 15 21 0.13305949 
822 184 31 42 0.10558539 
291 456 30 32 0.10403565 
117 139 22 29 0.087880835 
827 172 19 21 0.082863666 
673 472 56 51 0.0765418 
566 436 11 14 0.07013732 
70 364 12 15 0.06020919 
801 458 37 39 0.058202468 
568 431 10 13 0.057270646 
239 156 44 50 0.057076044 
537 444 8 11 0.05511867 
529 431 7 10 0.055053707 
635 419 14 20 0.0545082 
325 472 11 13 0.04812861 
141 133 21 30 0.04716328 
76 360 14 20 0.044658944 
195 128 19 34 0.04451104 
465 469 34 45 0.044485956 
626 422 23 29 0.043144014 
153 223 33 39 0.041253995 
801 163 16 20 0.04094993 
141 317 22 33 0.039663114 
799 171 27 31 0.039037228 
628 417 16 20 0.038671277 
669 453 49 50 0.037872806 
773 298 26 38 0.036975693 
542 443 8 11 0.036911473 
89 431 46 58 0.03656243 
789 156 17 23 0.035632446 
601 438 9 13 0.035488356 
333 451 28 31 0.03537428 
549 502 8 11 0.032693267 
731 447 27 31 0.031088116 
561 444 10 11 0.030332524 
303 464 30 30 0.030229773 
738 460 18 22 0.029914299 
605 431 21 28 0.029404398 
569 425 8 10 0.028737128 
373 493 9 12 0.028680086 
732 280 17 23 0.027284747 
662 446 18 23 0.026829474 
178 124 17 23 0.026758797 
819 378 201 226 0.026029455 
162 122 18 23 0.025821403 
689 456 50 52 0.02558905 
617 502 9 12 0.025199654 
148 140 23 33 0.02500253 
841 171 16 21 0.024766421 
456 384 9 11 0.02444519 
760 139 26 31 0.024255201 
661 438 41 46 0.02353176 
679 444 18 23 0.02342132 
550 462 10 13 0.02308663 
960 297 35 51 0.022703342 
160 130 25 31 0.0226888 
691 464 28 34 0.022565147 
727 116 21 26 0.022358282 
281 462 50 46 0.022245523 
798 185 30 38 0.022105755 
64 363 12 16 0.022071589 
529 437 9 12 0.022040548 
593 430 11 15 0.02183051 
335 630 56 60 0.021466449 
713 441 33 38 0.021327136 
900 519 63 59 0.021180913 
128 144 22 30 0.021167133 
76 203 31 37 0.020455213 
935 516 28 32 0.020417748 
174 130 22 30 0.020326208 
