0_Parade_Parade_0_12
278
324 153 34 41 0.9997365 
728 130 47 65 0.9990551 
394 174 36 44 0.99855584 
832 115 34 43 0.99795556 
641 143 27 31 0.9978903 
484 165 38 53 0.99393255 
251 170 23 29 0.9936859 
1004 133 22 32 0.98573583 
577 178 23 29 0.96956676 
912 149 25 29 0.9652312 
277 191 26 31 0.79087675 
157 203 12 15 0.5644504 
190 210 17 21 0.46583515 
133 197 17 21 0.45824057 
102 263 9 12 0.18992957 
699 383 14 22 0.1276213 
125 286 9 12 0.12664326 
757 18 15 21 0.12517637 
79 263 8 11 0.11713645 
540 203 14 18 0.110083304 
105 215 8 9 0.1082216 
53 200 8 11 0.10680392 
116 199 8 11 0.10665515 
93 222 8 9 0.09882175 
73 231 7 10 0.09876796 
73 262 9 12 0.089965254 
47 240 8 9 0.086119 
17 223 8 10 0.08317792 
124 277 10 13 0.07954402 
16 216 8 9 0.07927803 
117 205 8 11 0.07781172 
77 224 8 9 0.07777918 
801 121 17 22 0.07775021 
355 466 162 247 0.0774049 
176 222 10 13 0.07662177 
57 223 8 9 0.07657879 
72 209 7 10 0.073096655 
95 199 7 10 0.07284679 
90 215 8 9 0.07258592 
110 214 8 10 0.07016837 
165 278 17 20 0.06998178 
149 199 18 22 0.06909222 
72 214 8 9 0.06865709 
102 296 8 10 0.06813554 
65 238 6 8 0.06775817 
200 300 11 15 0.0675546 
12 124 9 12 0.06664535 
105 230 8 9 0.0665643 
279 134 13 16 0.06650948 
41 204 8 11 0.06446947 
109 223 8 11 0.064122766 
73 238 7 8 0.06337376 
184 212 14 16 0.062038437 
77 229 8 10 0.060246583 
9 230 9 11 0.05943033 
140 286 9 12 0.05909676 
181 219 13 16 0.058873996 
586 298 13 16 0.05797607 
14 229 9 11 0.057830065 
73 256 7 10 0.057540953 
220 286 13 17 0.056934346 
174 202 11 13 0.05642864 
256 323 12 15 0.056300815 
126 292 9 11 0.055096447 
21 222 10 12 0.054870844 
57 231 7 10 0.054820888 
23 183 8 10 0.054243896 
58 271 8 10 0.054198973 
139 189 14 19 0.0534971 
93 217 8 10 0.05348491 
79 240 7 9 0.053454988 
179 228 12 14 0.05336776 
57 278 8 11 0.05247394 
48 256 8 10 0.052246533 
31 217 8 10 0.052133713 
142 247 12 14 0.05156194 
113 205 8 11 0.051096674 
98 268 9 11 0.049318004 
465 337 17 20 0.04849037 
337 374 10 13 0.04798269 
256 348 9 11 0.04761709 
763 14 13 18 0.04758641 
207 266 14 18 0.046579536 
62 215 8 10 0.045450415 
63 232 7 10 0.045183625 
168 289 12 15 0.045058887 
102 301 8 10 0.04380951 
167 238 9 13 0.043795496 
40 199 8 12 0.043525804 
181 201 22 26 0.043071784 
166 222 10 14 0.042643882 
463 549 37 49 0.042578608 
191 183 10 12 0.042327706 
80 209 7 9 0.041705288 
0 198 8 10 0.04152141 
62 280 7 9 0.040297676 
684 331 12 16 0.040125925 
88 208 8 9 0.040029634 
105 239 7 9 0.03981777 
642 122 13 15 0.03976651 
64 256 7 9 0.03945642 
9 223 8 10 0.039035715 
585 282 26 31 0.038740564 
680 325 12 15 0.038696755 
88 245 8 10 0.03869624 
129 173 8 10 0.0386469 
312 330 14 18 0.038634233 
193 332 10 15 0.038626138 
567 344 33 44 0.03833826 
164 210 11 15 0.03805174 
73 317 8 11 0.0377772 
105 199 7 10 0.037548117 
176 238 11 14 0.03725583 
637 103 12 16 0.037155822 
230 348 9 13 0.036835272 
15 192 7 10 0.036676254 
472 243 426 485 0.036543623 
8 192 8 11 0.036449134 
79 257 8 9 0.03615335 
438 309 16 22 0.03610569 
98 301 9 11 0.036083993 
40 256 7 9 0.036051665 
11 215 8 10 0.035789512 
78 215 7 8 0.03567978 
123 269 12 15 0.03565433 
110 309 8 11 0.03537701 
106 207 7 10 0.03500532 
49 245 7 8 0.03460061 
39 222 8 10 0.03456148 
223 356 9 11 0.03428123 
103 287 8 10 0.034223665 
1008 303 10 13 0.034214508 
1 192 8 11 0.034149326 
120 213 8 10 0.034092627 
160 283 12 14 0.03339622 
105 324 9 11 0.033147983 
85 262 9 12 0.032819696 
443 157 12 15 0.032793675 
614 286 11 13 0.03276016 
22 216 8 9 0.0326647 
128 183 10 10 0.032640424 
196 333 14 18 0.032459307 
39 216 8 10 0.03236293 
41 241 7 10 0.032207765 
126 247 8 11 0.031903747 
599 96 16 19 0.031710293 
1 254 7 10 0.03130645 
192 285 11 15 0.030889403 
126 213 10 12 0.030805346 
32 240 8 10 0.030511798 
1 125 9 13 0.03048666 
129 202 13 15 0.030354593 
136 292 9 11 0.030337127 
812 37 10 13 0.03022019 
57 216 9 10 0.030193124 
232 375 8 9 0.03018431 
86 269 8 10 0.030059215 
23 187 8 11 0.030036062 
135 304 8 10 0.029889502 
175 213 10 13 0.029699756 
199 293 12 15 0.029595908 
995 274 12 17 0.029431928 
206 366 8 9 0.029324867 
565 276 12 16 0.029207617 
90 199 8 9 0.029189762 
184 188 9 10 0.02903052 
463 156 10 14 0.028916163 
120 252 9 11 0.028831204 
94 240 8 10 0.028663848 
630 305 14 15 0.028567009 
94 175 8 9 0.028483154 
159 359 9 12 0.028433805 
693 340 12 16 0.028384974 
78 183 8 11 0.028368143 
56 262 7 10 0.028206425 
307 109 16 20 0.028024025 
685 374 28 37 0.02799928 
-15 149 404 493 0.027869798 
228 340 10 14 0.027856352 
135 311 7 9 0.027843172 
566 152 15 20 0.027825234 
701 370 22 37 0.027797528 
746 402 93 112 0.027708624 
148 253 10 13 0.027705861 
616 152 20 25 0.027431976 
149 218 13 16 0.027370514 
86 254 9 11 0.027327029 
0 204 6 11 0.02713562 
6 173 8 11 0.026889686 
10 262 7 10 0.026721878 
133 230 10 12 0.026681004 
80 278 8 11 0.026629135 
140 292 10 13 0.02651538 
191 325 10 14 0.026458122 
124 262 12 14 0.026282575 
166 172 9 12 0.026191672 
24 206 7 10 0.0261885 
97 310 7 10 0.026186654 
88 229 7 9 0.026141062 
121 246 9 12 0.026028257 
63 208 8 9 0.025912303 
1014 282 9 15 0.025898349 
89 174 8 10 0.02588548 
221 263 15 20 0.02579347 
150 209 13 16 0.025745915 
202 360 8 11 0.025682975 
49 232 6 9 0.025650714 
65 188 7 10 0.025477612 
130 310 7 10 0.025443899 
79 188 8 11 0.025414208 
247 349 9 11 0.02535649 
65 286 7 9 0.025240311 
129 303 8 10 0.02523384 
49 204 9 11 0.025150813 
580 292 21 27 0.025051815 
47 222 7 10 0.024983648 
264 357 8 12 0.024756953 
74 247 7 8 0.024753146 
95 230 8 9 0.024669254 
201 214 14 21 0.024658393 
370 196 18 23 0.024613952 
32 256 8 10 0.024487587 
95 205 7 10 0.024259487 
157 203 19 25 0.024258746 
943 195 14 20 0.024224618 
291 178 13 17 0.024193613 
134 184 9 11 0.024130214 
142 302 8 11 0.024062486 
1007 308 9 12 0.023927141 
80 245 8 10 0.02385375 
109 228 8 11 0.023718901 
136 253 12 14 0.023542687 
14 255 8 10 0.023525504 
586 108 14 17 0.02344014 
545 374 25 34 0.023427429 
341 367 12 16 0.02328654 
461 342 15 20 0.023275454 
206 121 11 14 0.023060435 
54 255 7 10 0.022901233 
87 278 9 12 0.022785855 
87 311 7 9 0.022761883 
1014 274 9 16 0.022729035 
79 312 8 11 0.022644138 
135 276 11 15 0.022639813 
743 389 10 13 0.02256258 
140 207 13 16 0.022487275 
1000 320 9 11 0.022385685 
158 237 11 13 0.022363849 
197 325 13 17 0.022348298 
420 498 126 166 0.022341266 
622 318 13 17 0.022244325 
110 304 8 11 0.022220666 
993 326 9 11 0.021643844 
55 247 7 9 0.021596422 
928 335 8 11 0.021470195 
687 338 12 15 0.021414496 
127 189 14 15 0.021384927 
524 452 12 17 0.021353053 
595 290 14 17 0.02134233 
102 257 10 11 0.02107388 
109 324 8 10 0.021058155 
793 13 11 13 0.020874472 
105 243 9 12 0.02067309 
628 315 16 19 0.02064044 
736 439 10 13 0.020591848 
143 239 11 13 0.020551046 
403 301 40 46 0.020526676 
233 368 8 10 0.02045057 
15 209 8 10 0.020447217 
269 199 16 21 0.020286776 
475 175 30 38 0.020270508 
63 246 7 9 0.020249307 
95 255 9 11 0.020244762 
487 351 44 52 0.020223668 
120 302 9 11 0.020188024 
361 173 24 28 0.020184135 
92 246 9 10 0.020155102 
223 161 15 20 0.020149877 
