0_Parade_Parade_0_353
154
494 238 26 35 0.989776 
836 262 21 27 0.9430004 
325 295 30 35 0.8932964 
693 247 14 18 0.8921262 
389 259 20 26 0.88572896 
887 247 14 18 0.8824994 
288 288 14 16 0.8780254 
456 284 10 12 0.61958635 
742 248 25 33 0.59510124 
259 298 14 17 0.42113224 
571 256 53 58 0.393047 
203 304 16 19 0.37926182 
254 289 14 18 0.33890143 
315 265 13 16 0.31915244 
664 218 15 18 0.303168 
860 249 14 18 0.30252817 
171 294 23 23 0.27791652 
207 300 22 25 0.1776785 
799 256 11 13 0.1754242 
103 246 9 12 0.17374407 
450 241 20 22 0.14809276 
600 235 43 46 0.1428408 
198 309 23 29 0.13291837 
155 374 10 11 0.12965861 
245 310 12 16 0.12627809 
151 388 11 14 0.114882104 
34 339 14 18 0.11325291 
724 253 11 14 0.11180701 
824 277 11 15 0.11039998 
732 253 21 30 0.10712739 
0 367 8 12 0.10582293 
796 275 10 13 0.10524792 
295 340 15 17 0.10485428 
258 311 22 29 0.09778717 
121 370 18 21 0.09606244 
1 398 17 23 0.092252605 
937 249 9 12 0.07217195 
218 305 14 16 0.070733316 
296 336 23 28 0.06804961 
902 242 12 15 0.06782825 
796 267 14 17 0.066616066 
42 331 14 16 0.06594453 
562 266 36 47 0.06201727 
146 40 44 58 0.06188091 
721 255 22 30 0.058517057 
156 319 8 11 0.057232182 
904 302 8 11 0.057137407 
654 204 11 12 0.056761798 
942 248 7 11 0.056000087 
187 300 13 15 0.055881273 
458 278 13 17 0.05436126 
278 358 10 13 0.050626487 
42 338 15 17 0.049557075 
97 369 17 18 0.049548812 
782 269 11 16 0.04713977 
792 260 13 16 0.045003142 
724 289 15 20 0.044107787 
849 255 19 24 0.04367839 
445 267 11 15 0.043234106 
824 254 11 13 0.042728867 
317 329 13 17 0.042462595 
268 219 24 29 0.042245913 
309 258 21 28 0.0414611 
255 301 23 28 0.041397933 
262 328 14 18 0.041304592 
752 249 22 27 0.040970616 
155 380 13 17 0.040776372 
148 307 13 14 0.040077697 
908 238 12 15 0.04005284 
432 280 9 12 0.038835023 
897 233 22 25 0.03833273 
189 355 11 15 0.03825753 
460 288 12 16 0.03789747 
926 240 9 11 0.037621543 
616 252 38 46 0.037069798 
256 288 22 26 0.037062418 
191 362 11 14 0.036770996 
68 365 11 15 0.036115933 
438 282 10 12 0.036109455 
5 371 9 12 0.035922155 
174 349 10 12 0.035541732 
276 323 11 15 0.03514972 
789 267 15 19 0.03444072 
926 246 8 10 0.033602107 
301 308 14 16 0.033103082 
290 315 26 29 0.032666694 
449 277 10 14 0.03262661 
255 308 13 15 0.03203567 
121 390 11 13 0.03149193 
382 266 24 29 0.031405963 
794 254 19 23 0.03137476 
827 272 17 21 0.031158058 
814 253 9 12 0.030573586 
718 255 16 21 0.030068336 
336 310 29 33 0.029762229 
910 253 9 11 0.02914182 
26 311 8 11 0.028733322 
917 239 11 13 0.028527815 
254 323 14 17 0.028140191 
377 276 24 31 0.028040264 
308 331 14 18 0.027606139 
183 349 12 14 0.027484722 
989 255 7 9 0.027447611 
529 192 9 13 0.026864242 
30 334 13 17 0.026752142 
167 317 11 13 0.026591748 
343 322 28 31 0.026377264 
919 254 9 11 0.026332034 
686 260 12 15 0.026234023 
302 303 11 13 0.025965834 
571 259 16 19 0.02582946 
52 333 12 14 0.02533635 
323 292 20 25 0.025222827 
244 305 21 27 0.025036423 
433 180 13 17 0.024910076 
284 345 14 16 0.024862517 
84 322 13 15 0.024809862 
155 402 16 21 0.024794314 
837 290 11 15 0.024738777 
300 312 18 21 0.02470507 
149 383 21 26 0.024661569 
59 366 22 28 0.024180789 
434 235 27 31 0.02414695 
428 335 14 15 0.024063865 
888 236 22 25 0.023988437 
51 340 13 15 0.023717158 
344 297 20 23 0.023693474 
732 251 14 19 0.0235309 
849 265 14 19 0.023452997 
376 285 13 17 0.023367926 
861 250 20 27 0.023023136 
259 266 11 14 0.022981394 
868 246 12 16 0.022934023 
184 342 23 29 0.022913037 
849 232 9 12 0.022667525 
71 324 12 13 0.022630444 
999 263 7 9 0.02232012 
1002 284 8 11 0.022241702 
897 301 9 11 0.02214352 
710 250 11 15 0.022140248 
276 349 14 16 0.022079537 
267 308 12 15 0.02188104 
919 245 9 12 0.021584436 
274 354 11 15 0.021431014 
195 346 15 19 0.021388032 
195 364 13 14 0.021130012 
186 321 28 35 0.020888725 
470 289 11 15 0.020765128 
197 328 15 20 0.020613804 
827 311 11 14 0.02054823 
282 356 13 16 0.02033047 
668 247 10 12 0.020236291 
60 386 14 17 0.02003441 
48 353 28 33 0.020027962 
