0_Parade_marchingband_1_20
245
541 358 36 40 0.99907434 
28 405 27 31 0.99617296 
252 371 31 34 0.99431497 
466 354 27 30 0.9539476 
82 392 21 23 0.94562113 
731 346 15 19 0.9313954 
628 393 20 24 0.92459315 
386 369 16 18 0.91891927 
447 346 18 21 0.72559893 
679 357 15 17 0.7078769 
587 367 20 24 0.65122724 
335 377 19 22 0.5640976 
492 503 17 22 0.41619217 
232 376 18 21 0.35882542 
708 383 12 14 0.3568539 
129 377 11 15 0.31813502 
549 319 27 33 0.3089093 
853 272 33 43 0.30760443 
302 270 11 13 0.26317862 
455 327 14 19 0.23498832 
419 398 16 18 0.2095236 
699 365 10 13 0.20690183 
375 340 14 16 0.18955624 
775 362 15 16 0.18013158 
662 387 15 17 0.17298546 
614 371 16 19 0.1636836 
618 364 13 16 0.16097954 
202 345 25 34 0.15812795 
776 348 12 15 0.1572178 
450 341 26 32 0.15686148 
621 353 14 17 0.15463221 
723 416 15 19 0.14950447 
439 378 14 19 0.1487419 
213 419 14 18 0.1468618 
492 378 16 19 0.13644339 
370 385 16 20 0.13251206 
627 352 13 17 0.1307718 
804 356 14 17 0.10566407 
241 369 28 33 0.102819085 
437 448 23 30 0.09950353 
598 367 23 28 0.09815091 
285 269 9 12 0.0951838 
384 95 88 111 0.094299376 
781 390 13 16 0.0904452 
367 393 15 18 0.08669117 
280 271 10 11 0.08520338 
799 363 12 15 0.08425202 
332 314 11 14 0.07973007 
683 351 13 15 0.076398395 
602 375 25 30 0.07405278 
378 334 13 14 0.07162218 
666 397 13 16 0.06692613 
677 376 15 19 0.06691798 
813 436 28 35 0.06643889 
856 499 125 158 0.06447694 
363 328 13 14 0.0629455 
701 371 12 14 0.06175496 
448 458 14 20 0.059242196 
669 379 12 17 0.058293782 
716 388 11 15 0.058123976 
694 372 12 14 0.057493992 
46 384 15 18 0.057089504 
463 324 22 29 0.05639328 
801 353 22 29 0.05534413 
694 358 10 13 0.055265646 
759 352 8 11 0.054938704 
86 368 14 18 0.052918147 
742 334 11 14 0.05199287 
773 369 16 18 0.0515852 
628 374 22 28 0.049431153 
995 324 15 19 0.04864302 
91 372 14 17 0.048209205 
668 420 11 14 0.047448497 
540 213 14 20 0.04737566 
448 329 13 17 0.04712956 
661 401 15 18 0.0454422 
314 413 16 20 0.0444437 
279 276 11 14 0.044024628 
429 476 14 16 0.043326467 
740 340 12 16 0.04241994 
796 371 14 19 0.042218592 
620 385 20 26 0.042184457 
732 415 10 14 0.041786686 
553 318 17 20 0.041343357 
87 377 22 28 0.041278064 
599 403 26 29 0.040918134 
231 301 11 13 0.040344942 
436 483 15 18 0.039839596 
406 340 16 18 0.03966089 
686 344 10 13 0.03927478 
469 333 29 35 0.038943578 
734 334 13 16 0.03888676 
696 406 10 13 0.038617145 
429 433 15 17 0.03852666 
307 274 10 13 0.036723144 
286 308 14 18 0.036455657 
155 393 12 16 0.036411215 
229 150 15 18 0.03628126 
550 226 42 56 0.03618106 
260 340 13 17 0.036161624 
490 367 21 24 0.03558226 
390 428 13 17 0.03531449 
767 464 10 13 0.034849264 
979 315 12 15 0.03469162 
366 380 16 20 0.034594815 
733 358 15 18 0.034361947 
726 404 12 15 0.034033395 
882 118 42 52 0.033827808 
838 436 13 18 0.0338271 
270 348 14 17 0.033351976 
662 410 14 17 0.0332877 
335 348 13 17 0.033176024 
853 249 49 76 0.0331172 
280 284 12 16 0.032687586 
683 374 16 18 0.032487035 
420 476 15 18 0.031970628 
263 346 26 31 0.03164813 
421 436 13 17 0.03145679 
405 382 13 17 0.031387605 
327 310 12 16 0.031356018 
734 402 10 13 0.030880349 
792 364 11 14 0.030811314 
223 315 12 17 0.030751871 
684 470 9 12 0.030229023 
228 308 12 16 0.030173045 
448 191 38 53 0.030076696 
795 339 38 47 0.029807227 
799 367 22 31 0.029556237 
702 393 14 16 0.029504143 
718 360 9 12 0.029338682 
347 373 13 17 0.02922279 
396 380 13 15 0.029186685 
429 435 25 29 0.029149333 
703 384 19 22 0.029122304 
655 369 12 18 0.028956749 
702 405 11 13 0.028841304 
718 366 11 13 0.02865226 
345 39 45 69 0.028642526 
297 272 12 15 0.028337527 
812 347 12 16 0.028272368 
715 381 11 15 0.028104227 
707 374 14 17 0.02796023 
230 341 12 15 0.027758395 
789 378 13 17 0.027618527 
298 264 19 23 0.027557839 
654 365 10 15 0.027251692 
775 403 14 18 0.02711953 
710 412 9 12 0.02709494 
660 371 14 18 0.026983248 
631 371 13 17 0.026979944 
544 336 38 48 0.026773013 
730 332 21 27 0.026686262 
381 375 14 19 0.02664782 
482 339 14 17 0.026614036 
365 358 12 15 0.026455168 
428 483 15 17 0.026441311 
257 337 22 28 0.026328545 
641 377 16 20 0.026291167 
694 361 18 22 0.02594318 
791 410 13 17 0.02592653 
656 387 13 18 0.02591715 
338 391 17 20 0.02588055 
735 352 16 18 0.025805198 
293 317 24 27 0.02580176 
777 375 20 24 0.02574222 
708 405 11 13 0.025552304 
769 372 12 17 0.02546174 
424 317 8 12 0.025414463 
357 370 14 19 0.02541344 
683 404 11 14 0.02538602 
448 356 19 23 0.025113605 
441 314 11 14 0.025070108 
676 403 15 16 0.02493078 
559 325 28 36 0.02485089 
717 393 12 16 0.024716452 
747 334 11 14 0.024695644 
377 385 15 20 0.024665859 
462 319 12 16 0.02459073 
260 309 10 14 0.024542864 
726 379 13 17 0.024432419 
97 379 14 18 0.02405112 
361 425 14 19 0.02392103 
684 352 21 25 0.023748042 
690 376 14 17 0.023738481 
483 487 22 33 0.023685634 
808 426 28 32 0.023661168 
475 477 23 29 0.023519153 
373 328 11 14 0.023451922 
366 358 22 27 0.023441875 
811 405 14 17 0.023420824 
450 315 24 33 0.02339626 
695 395 11 14 0.0233458 
147 294 14 19 0.023339178 
691 350 11 14 0.023323318 
286 265 9 11 0.02316284 
422 382 12 14 0.023092728 
623 397 16 22 0.023060204 
328 377 16 19 0.023055516 
335 362 26 32 0.023015805 
591 386 29 33 0.022876354 
615 340 24 31 0.022867989 
818 315 11 13 0.022668118 
608 385 24 30 0.022630602 
632 362 22 30 0.022617297 
273 269 8 11 0.022616664 
281 265 8 11 0.02255959 
801 316 9 12 0.022492 
482 345 17 21 0.022418242 
396 357 11 14 0.022376426 
701 335 11 12 0.022370158 
206 421 15 20 0.02236906 
392 364 15 18 0.022149203 
411 324 15 17 0.02207248 
412 379 14 17 0.022072248 
727 396 11 15 0.021724947 
108 588 14 17 0.021618843 
670 427 12 16 0.021568654 
397 386 16 19 0.021456134 
654 342 11 14 0.02143243 
780 391 20 25 0.021413317 
322 364 14 18 0.021324547 
716 371 12 15 0.021253556 
428 353 13 18 0.02116839 
610 53 33 41 0.02107329 
803 415 24 28 0.02099531 
274 283 21 28 0.020978095 
242 324 15 18 0.020776456 
790 355 12 16 0.020745616 
263 300 10 14 0.020702286 
264 291 12 17 0.02068095 
388 358 15 17 0.020632058 
487 384 16 20 0.020622484 
846 376 43 61 0.020594306 
54 362 14 16 0.020535989 
684 462 10 14 0.020439396 
749 411 12 16 0.020417737 
661 365 11 16 0.02038104 
405 316 17 18 0.020346846 
654 402 13 17 0.020308148 
580 375 25 32 0.020298207 
631 278 9 12 0.020294178 
340 310 11 14 0.020155614 
473 455 22 31 0.020064961 
680 345 9 12 0.020061618 
725 387 11 17 0.020060288 
