0_Parade_marchingband_1_1004
55
811 223 34 40 0.9989188 
649 191 38 45 0.99811494 
120 212 36 40 0.98140234 
771 205 34 51 0.97133124 
691 202 39 44 0.88206655 
154 406 44 49 0.7691529 
431 235 33 33 0.66026276 
740 201 32 47 0.5896037 
331 405 41 42 0.5283354 
689 222 34 42 0.22159804 
82 285 27 45 0.13772368 
409 232 8 10 0.12923485 
797 213 36 49 0.11560743 
376 231 9 13 0.096029624 
758 206 32 44 0.067646906 
667 196 43 48 0.066858426 
1002 266 16 22 0.059173416 
861 224 38 49 0.049485512 
412 196 9 12 0.04456321 
692 156 43 50 0.044228554 
412 235 10 12 0.04165914 
695 179 35 39 0.041406423 
800 185 12 17 0.038647767 
707 149 30 36 0.035874 
556 206 24 33 0.03528718 
203 434 15 20 0.032474294 
448 242 18 19 0.031623263 
261 432 34 44 0.030793877 
1000 262 13 17 0.030381385 
255 222 7 10 0.029595617 
326 419 38 43 0.02920298 
629 191 9 13 0.029059352 
85 309 31 46 0.028543305 
756 256 25 31 0.027945556 
273 498 31 35 0.02740309 
356 237 11 12 0.027148737 
186 424 30 36 0.026879236 
238 431 46 57 0.025164597 
297 423 25 35 0.025084889 
401 231 7 9 0.02464887 
167 418 43 53 0.024552787 
829 174 11 15 0.023523204 
346 417 35 39 0.023320021 
963 244 13 16 0.023266446 
412 207 9 12 0.023199787 
413 213 8 10 0.02318958 
319 221 29 40 0.022824608 
483 259 11 13 0.0220465 
255 229 7 9 0.021680584 
316 432 34 38 0.021448847 
730 209 28 42 0.021443011 
391 231 8 11 0.021369725 
419 396 44 45 0.0209981 
691 208 21 25 0.020941507 
544 252 29 34 0.020197162 
