0_Parade_marchingband_1_881
138
330 157 25 36 0.9573183 
142 258 12 15 0.9351107 
52 236 11 15 0.89916444 
720 180 21 37 0.81953883 
638 160 22 34 0.7454048 
228 215 8 10 0.65649325 
96 240 11 14 0.6275578 
856 193 30 34 0.5441076 
185 213 10 13 0.48275542 
239 264 11 14 0.4241519 
882 194 23 31 0.4010043 
935 269 9 11 0.39255726 
999 259 11 13 0.34172016 
893 200 15 21 0.29494902 
934 222 10 13 0.24727643 
6 215 14 16 0.24489547 
312 163 32 36 0.24260128 
196 302 11 15 0.23521315 
279 205 11 14 0.21106578 
296 186 24 31 0.14962037 
79 216 9 11 0.1482013 
768 228 11 14 0.14613214 
568 207 8 10 0.1449993 
797 222 11 14 0.13531725 
962 260 9 12 0.11768557 
734 179 33 49 0.11585352 
537 286 11 11 0.107614845 
985 276 8 10 0.101653345 
225 303 9 12 0.09995877 
299 172 32 37 0.09367059 
234 261 11 13 0.087181166 
877 199 16 24 0.0869958 
798 216 8 10 0.08675252 
180 317 10 12 0.08365053 
198 296 10 13 0.08015824 
226 308 13 18 0.075644486 
749 249 15 19 0.0735444 
974 269 9 13 0.069318905 
941 222 10 13 0.063370675 
454 165 38 43 0.060428113 
976 264 8 10 0.05911736 
557 222 9 12 0.05700868 
848 190 26 32 0.05494341 
797 233 12 15 0.054871023 
952 238 9 10 0.05280961 
225 297 8 11 0.05081321 
953 271 9 10 0.050348148 
22 216 9 12 0.04837266 
193 296 10 12 0.04788121 
295 187 15 18 0.047100108 
563 207 7 10 0.046858855 
224 217 12 13 0.04674173 
957 269 9 11 0.045839548 
90 238 11 14 0.04540676 
222 237 11 14 0.044751182 
981 263 9 10 0.044726457 
398 249 73 70 0.044651225 
182 301 9 12 0.044511914 
917 221 11 15 0.04430818 
964 256 9 11 0.042744707 
969 277 8 11 0.040230285 
117 263 10 12 0.039489362 
951 231 8 11 0.038721424 
283 196 12 16 0.037221693 
58 235 12 15 0.03663701 
746 194 29 38 0.03583153 
137 255 11 15 0.03575985 
982 254 8 10 0.035301816 
1003 255 10 13 0.034363687 
279 198 18 26 0.03381334 
192 301 19 25 0.033680048 
439 171 36 34 0.0331404 
177 295 9 10 0.032997165 
574 206 8 11 0.032784283 
766 210 12 17 0.03266086 
948 222 9 11 0.03263495 
199 312 11 14 0.03165935 
974 275 9 11 0.031304903 
299 179 17 21 0.030560046 
188 208 11 15 0.030551713 
619 156 28 34 0.029947598 
988 272 11 12 0.029875718 
899 207 13 18 0.029831966 
912 220 11 14 0.029487364 
931 270 8 10 0.029360054 
942 287 8 11 0.029243683 
110 303 8 11 0.029076034 
700 181 27 30 0.028462155 
150 319 8 10 0.028398056 
245 296 8 10 0.02836648 
128 254 9 12 0.028240401 
285 190 11 15 0.027556071 
113 269 8 12 0.027417392 
39 229 10 13 0.027308986 
105 304 9 11 0.027166352 
891 189 16 21 0.027053365 
235 262 19 24 0.026918044 
950 255 9 10 0.026363824 
976 238 8 10 0.026054332 
88 204 11 12 0.025484303 
804 235 12 16 0.025340008 
159 205 10 14 0.024984471 
308 174 18 22 0.024936963 
181 310 10 13 0.024867339 
199 289 8 10 0.024657132 
165 212 9 12 0.024580682 
846 193 15 21 0.024383867 
24 250 10 13 0.0241977 
940 271 9 11 0.024053933 
792 218 19 25 0.024045907 
173 206 10 12 0.023782795 
976 245 8 11 0.023510104 
88 231 9 11 0.023137378 
261 271 10 11 0.022898406 
105 287 9 11 0.022803413 
134 277 10 12 0.022675047 
135 268 10 12 0.022510272 
967 246 9 11 0.022425713 
913 301 10 12 0.022323215 
967 238 9 11 0.02225756 
943 216 9 11 0.02218031 
745 246 11 16 0.022157876 
306 182 18 23 0.02199223 
111 277 8 12 0.021827286 
561 214 9 12 0.021680512 
149 325 10 12 0.021660173 
724 241 27 37 0.021599505 
937 288 10 12 0.021287004 
23 229 11 14 0.02124456 
744 259 12 17 0.021184267 
802 226 13 18 0.02104673 
79 189 106 130 0.020839017 
224 209 11 13 0.0207676 
888 253 9 12 0.020604523 
934 216 11 13 0.020547634 
722 172 15 24 0.020088827 
231 254 12 15 0.020084519 
748 266 12 16 0.020006016 
