0_Parade_marchingband_1_768
554
280 213 37 40 0.9797544 
462 611 20 27 0.93645346 
828 623 24 34 0.6383286 
783 622 12 16 0.6190394 
680 637 27 31 0.58025956 
708 620 13 17 0.46184325 
532 611 16 20 0.33643937 
222 180 24 29 0.21376093 
502 636 10 12 0.18683302 
610 630 9 13 0.18665932 
501 565 9 11 0.18021733 
983 639 32 37 0.17739922 
453 566 10 11 0.17624843 
557 565 10 11 0.15131405 
366 520 8 10 0.14957507 
678 549 9 11 0.12589438 
909 653 27 31 0.12235184 
407 521 8 11 0.11304649 
558 527 8 10 0.1130276 
680 545 8 10 0.10433667 
496 603 11 12 0.10192411 
554 527 7 10 0.10109465 
622 544 8 10 0.097894564 
641 637 10 14 0.09626315 
610 488 7 8 0.09598588 
560 504 7 9 0.094237775 
376 -6 166 241 0.09382385 
465 480 7 8 0.09288991 
557 628 10 13 0.0890816 
617 544 8 9 0.089016795 
599 550 7 8 0.08754433 
1001 550 8 11 0.08673395 
431 470 8 9 0.08369608 
626 581 7 11 0.077343054 
513 511 7 9 0.07652514 
301 651 9 14 0.07652376 
528 495 7 9 0.076344915 
537 614 17 20 0.07538289 
609 575 8 9 0.074562 
674 551 8 10 0.0741453 
535 600 12 14 0.07289463 
623 576 8 10 0.07266662 
873 559 8 10 0.07219674 
568 479 8 10 0.07165325 
607 560 9 11 0.07155191 
549 619 12 16 0.071004 
477 533 8 10 0.07064551 
661 597 9 12 0.06999538 
369 544 8 10 0.069841586 
466 456 7 9 0.06770952 
777 620 12 15 0.067650594 
496 518 8 9 0.06747461 
382 463 8 10 0.06739623 
630 583 8 11 0.066555984 
486 516 9 11 0.06575709 
415 551 8 10 0.06559181 
433 518 7 10 0.065398045 
624 518 7 9 0.06518459 
489 544 8 9 0.065150455 
640 527 7 8 0.064417124 
398 626 10 13 0.06432823 
696 559 7 10 0.063906536 
643 645 11 14 0.06388234 
409 525 8 10 0.06381579 
839 633 16 23 0.06373679 
616 549 8 10 0.06279558 
607 565 8 10 0.06269059 
574 520 8 9 0.06245317 
586 573 9 12 0.062069356 
433 512 7 9 0.061762646 
433 11 87 146 0.061623808 
695 576 8 10 0.060932327 
658 496 6 9 0.060661394 
639 502 7 10 0.059692852 
361 488 8 9 0.059657 
152 518 9 10 0.058950137 
609 50 431 473 0.05893684 
817 621 24 31 0.058875423 
512 487 7 9 0.058671053 
409 495 7 9 0.058147807 
568 544 8 10 0.058129415 
471 479 7 9 0.058020942 
33 518 8 10 0.057528097 
544 549 8 10 0.05729127 
511 536 8 10 0.057057224 
362 518 7 11 0.05647358 
705 535 7 8 0.056258414 
575 464 7 9 0.05617665 
607 520 8 9 0.055804696 
614 488 7 10 0.055757754 
648 574 8 11 0.055416264 
471 503 7 9 0.05530261 
471 455 6 9 0.05508575 
790 557 8 9 0.055043023 
520 509 6 10 0.055034988 
679 511 7 9 0.054985985 
438 503 8 9 0.054847937 
616 494 7 10 0.05482048 
552 487 7 9 0.05445996 
235 182 11 16 0.054330386 
400 471 8 10 0.0542414 
464 527 8 10 0.05397444 
608 512 7 9 0.05395208 
575 480 7 9 0.05375277 
408 534 7 10 0.053643454 
432 465 7 9 0.052953377 
600 545 6 8 0.052734807 
624 512 7 9 0.052696142 
662 496 7 9 0.051705543 
481 513 8 10 0.051063072 
497 471 7 9 0.050929587 
478 529 8 10 0.050736237 
489 480 6 8 0.050712686 
496 487 7 9 0.050666634 
598 584 7 10 0.05011546 
976 536 7 10 0.049954087 
567 496 8 9 0.049743507 
447 534 7 9 0.049545575 
437 519 7 10 0.048998483 
502 495 8 10 0.04885543 
422 478 8 10 0.04868545 
664 513 7 8 0.048623353 
576 497 7 8 0.048471957 
528 510 7 10 0.048260674 
703 573 9 11 0.04786139 
614 589 8 10 0.047735114 
502 502 8 10 0.04748464 
511 526 8 9 0.047304865 
432 488 8 9 0.04688431 
554 504 7 9 0.046758678 
449 487 7 9 0.046676386 
352 611 12 14 0.0465656 
455 470 7 9 0.046137836 
455 553 8 10 0.045309186 
345 476 8 10 0.04519057 
463 587 8 11 0.044406757 
655 464 7 8 0.044267945 
607 525 7 9 0.044165876 
584 520 7 9 0.04382876 
498 495 7 9 0.043609943 
515 596 13 15 0.043528635 
392 560 6 10 0.043321945 
608 543 7 9 0.043212797 
593 488 6 8 0.04305759 
678 556 8 10 0.04284413 
512 520 8 9 0.04200075 
456 511 7 9 0.04195799 
520 505 7 10 0.04182047 
876 566 10 12 0.04148085 
568 526 8 10 0.04137959 
447 603 11 13 0.04136299 
527 541 8 10 0.04123838 
551 472 7 8 0.041221693 
129 481 6 8 0.041052897 
406 472 7 9 0.04095859 
669 574 9 12 0.04084003 
449 551 8 10 0.040829167 
482 517 8 10 0.04070108 
599 495 7 8 0.040638067 
820 612 14 17 0.04056318 
623 462 8 10 0.040402703 
663 478 8 9 0.040330544 
383 535 7 8 0.040300537 
489 549 8 10 0.040296678 
471 448 7 9 0.040255442 
472 528 8 11 0.040130757 
400 542 7 9 0.03998057 
498 502 7 10 0.039836075 
433 503 7 9 0.039741583 
376 558 8 10 0.03971426 
393 565 8 10 0.03947818 
481 487 6 8 0.039094694 
455 558 10 12 0.038988 
626 480 6 8 0.038934443 
391 628 11 12 0.03889223 
616 518 7 9 0.038702615 
480 463 7 10 0.03865536 
601 566 8 10 0.03848228 
529 535 7 10 0.038479052 
786 558 8 10 0.03834322 
609 582 8 10 0.038336575 
463 553 8 10 0.03809886 
135 481 7 9 0.03789505 
442 479 7 9 0.037789125 
551 544 8 10 0.037702966 
822 551 8 10 0.037700154 
495 479 7 9 0.037582517 
494 544 8 10 0.037267376 
391 512 8 10 0.03716849 
897 551 7 10 0.036994364 
689 521 7 9 0.036990512 
616 513 7 8 0.03692225 
568 472 7 8 0.036858335 
592 495 7 9 0.036791373 
649 534 6 8 0.036741033 
119 511 7 8 0.036717806 
551 519 8 9 0.03656564 
609 551 7 9 0.0365172 
662 472 8 10 0.03633385 
655 511 8 10 0.036187425 
406 627 9 11 0.036153033 
268 659 13 16 0.036131576 
646 581 10 12 0.035655178 
575 502 8 9 0.035576608 
414 521 8 10 0.035551373 
673 544 8 10 0.03538175 
657 528 7 9 0.035154928 
438 464 8 9 0.03513382 
554 622 11 15 0.03512757 
583 544 7 9 0.0350843 
609 463 6 9 0.03505223 
423 496 8 9 0.03499267 
449 471 7 9 0.03495392 
456 465 8 10 0.034933276 
425 471 7 10 0.034894887 
584 568 8 10 0.03488021 
535 534 7 9 0.03463432 
536 573 8 10 0.034510653 
576 567 8 11 0.034479972 
425 448 7 9 0.034423374 
357 534 8 10 0.03440888 
882 603 13 16 0.034378298 
384 503 7 9 0.03432507 
609 480 7 8 0.03426012 
496 513 7 10 0.03406716 
456 479 7 9 0.03406058 
535 511 7 10 0.03401394 
569 520 7 9 0.034003835 
464 462 7 9 0.033947136 
110 603 10 12 0.033794973 
518 566 9 11 0.03368459 
640 520 7 9 0.033633456 
656 502 7 8 0.033595014 
647 528 7 9 0.033326 
817 558 7 10 0.033250786 
413 525 8 10 0.033231415 
376 551 7 10 0.033180892 
208 484 10 15 0.033135958 
818 551 8 11 0.033053346 
631 495 7 10 0.032836773 
600 489 6 8 0.03273018 
543 527 7 9 0.032681406 
513 470 6 9 0.032611307 
544 504 7 9 0.032396868 
576 440 8 9 0.03238571 
672 512 7 8 0.03229816 
557 572 10 12 0.03228749 
424 536 7 9 0.03223522 
590 568 8 10 0.03220725 
726 567 7 9 0.032192457 
583 480 7 9 0.03218653 
640 496 7 9 0.032147046 
537 529 7 9 0.03211788 
616 463 7 10 0.032095913 
464 512 7 9 0.032085318 
352 503 7 10 0.032008074 
517 629 11 14 0.031907808 
432 495 8 9 0.031850446 
679 503 8 10 0.031827565 
504 512 7 9 0.031815805 
824 574 10 11 0.031717535 
416 488 7 8 0.03165401 
129 564 9 12 0.03158683 
488 487 7 8 0.031536557 
55 541 8 10 0.031524256 
486 567 8 10 0.031479906 
368 558 7 9 0.031417158 
553 561 9 10 0.031268485 
119 526 8 10 0.031107822 
575 543 7 9 0.030768812 
471 496 7 8 0.03075344 
505 527 8 9 0.030683953 
639 583 9 10 0.030629428 
884 600 10 12 0.03061758 
114 511 7 9 0.030600151 
568 549 7 10 0.030548606 
543 588 8 11 0.03028961 
544 464 6 8 0.030161932 
399 501 7 9 0.030090412 
607 504 8 8 0.03001931 
360 511 7 10 0.029975967 
37 519 8 10 0.029878048 
391 518 8 10 0.02983138 
671 487 7 9 0.02970441 
488 528 8 9 0.029704258 
559 544 8 10 0.02962465 
114 486 7 9 0.029592538 
399 496 7 10 0.029580483 
903 598 9 11 0.029574316 
528 504 7 10 0.029500945 
381 527 8 10 0.029445497 
500 570 11 13 0.02928304 
496 583 10 13 0.029259128 
846 560 9 10 0.02922714 
702 614 16 19 0.029075952 
455 487 6 8 0.029019529 
513 480 7 9 0.028980065 
481 470 7 9 0.028947564 
566 502 7 9 0.028859606 
129 485 7 9 0.028809713 
602 527 8 9 0.02867737 
600 472 7 9 0.028623143 
601 559 8 11 0.028420454 
702 558 7 9 0.028332395 
552 511 8 10 0.028287102 
520 487 7 8 0.028263118 
704 569 8 10 0.02815985 
205 530 13 16 0.028001811 
494 549 9 10 0.027963536 
106 527 8 10 0.027888188 
368 632 10 12 0.027783494 
510 559 8 10 0.027758889 
613 559 8 10 0.027704827 
616 471 7 8 0.027593406 
439 544 7 10 0.02752828 
842 565 8 11 0.02752258 
518 550 7 10 0.027520595 
471 511 7 10 0.027304096 
447 479 7 9 0.027279204 
377 526 8 10 0.027203614 
689 559 7 9 0.027166761 
439 496 7 9 0.027095895 
584 464 7 8 0.027080245 
377 564 9 11 0.027046582 
873 571 10 13 0.026926117 
368 549 7 10 0.026884483 
464 496 7 8 0.026768338 
359 504 8 10 0.026730882 
625 495 7 10 0.026691904 
415 448 8 9 0.026676526 
544 519 7 9 0.026638335 
527 488 6 8 0.026632022 
440 527 7 8 0.02659304 
577 571 8 11 0.026537975 
438 511 7 9 0.026534155 
393 496 8 10 0.026503384 
503 488 7 8 0.026445204 
901 550 9 11 0.026438009 
632 472 6 9 0.026322186 
537 470 7 9 0.026296098 
128 504 7 9 0.026252406 
528 464 7 9 0.026217116 
135 485 8 10 0.026178135 
624 527 7 9 0.026174827 
648 519 7 8 0.026127659 
480 480 7 9 0.026086405 
472 462 7 9 0.026070332 
584 579 9 12 0.026053024 
631 519 7 9 0.026047418 
601 511 8 9 0.026026346 
471 487 7 9 0.02599112 
686 479 8 10 0.025847811 
536 465 7 9 0.025841653 
664 517 6 9 0.02582603 
639 456 7 8 0.025801891 
383 551 8 9 0.025790516 
416 495 7 9 0.025640761 
693 521 8 10 0.025634946 
487 472 7 8 0.025567422 
568 485 8 9 0.025517125 
826 613 14 17 0.025440145 
657 486 7 9 0.025388993 
353 527 9 11 0.025385529 
689 536 7 8 0.025377043 
689 526 7 9 0.025336819 
650 511 7 10 0.025248678 
657 471 7 9 0.025205823 
104 503 8 9 0.025142424 
449 519 7 9 0.025074128 
401 536 7 9 0.025065975 
512 551 9 10 0.025061307 
736 489 7 8 0.025058711 
543 558 8 10 0.024902746 
553 480 7 8 0.024850925 
623 446 8 10 0.024816962 
422 487 8 9 0.024809683 
513 542 8 10 0.024800425 
813 625 16 21 0.024773465 
367 503 7 10 0.02470334 
512 461 204 233 0.024648637 
449 465 7 10 0.0245942 
538 487 6 8 0.02446359 
200 538 11 13 0.02443002 
552 572 10 12 0.024427375 
841 536 8 10 0.024417229 
672 472 7 8 0.024336265 
696 454 8 9 0.024328187 
681 479 8 10 0.024321668 
534 424 7 9 0.024275206 
663 487 8 10 0.024220727 
1000 545 8 10 0.024192696 
439 471 7 9 0.024190668 
911 494 8 10 0.024167104 
633 549 7 9 0.0241364 
543 488 7 9 0.024132999 
480 439 8 9 0.024081957 
722 567 7 9 0.024081921 
392 544 7 9 0.024056984 
625 456 6 9 0.02405162 
73 558 8 11 0.024019621 
825 569 8 10 0.023877645 
409 489 7 8 0.023826698 
686 550 7 9 0.023789052 
360 493 8 9 0.023708867 
129 541 8 9 0.023671886 
486 496 7 9 0.023532562 
136 505 7 9 0.023495926 
865 472 7 10 0.023396801 
641 650 11 14 0.023381347 
857 550 8 10 0.023303874 
649 568 8 10 0.023301452 
848 518 7 10 0.023261927 
608 535 7 10 0.023246005 
431 535 7 9 0.023243055 
673 503 7 9 0.023232128 
531 598 22 29 0.02320182 
526 481 7 8 0.023137111 
633 456 7 9 0.023110345 
822 556 9 11 0.023078369 
649 543 7 9 0.02305791 
537 480 7 8 0.023050286 
656 518 7 8 0.023048213 
574 526 8 9 0.023039164 
365 566 8 11 0.02296395 
349 477 8 10 0.022951908 
825 469 8 10 0.022881314 
418 479 7 9 0.022852618 
665 579 10 13 0.022844035 
96 535 7 9 0.022837214 
584 487 7 8 0.022824235 
418 544 7 9 0.022812849 
689 576 8 11 0.022721136 
835 621 15 21 0.022672767 
623 568 8 9 0.022671765 
361 551 8 11 0.022618942 
695 536 7 8 0.022601759 
665 550 8 10 0.022553392 
520 543 7 9 0.022542575 
113 560 8 10 0.022542529 
384 519 7 9 0.02252633 
367 479 8 9 0.02251465 
631 511 7 9 0.022513336 
593 543 8 10 0.022510584 
489 535 8 10 0.022486221 
456 495 7 9 0.022477223 
503 470 7 9 0.022473048 
625 487 6 9 0.022451114 
505 454 7 10 0.022448879 
439 488 7 8 0.02241794 
425 519 6 9 0.02240425 
360 526 8 10 0.022337018 
205 523 12 16 0.022321489 
591 463 7 8 0.022286063 
448 511 7 9 0.022270804 
558 509 8 10 0.022247672 
119 565 9 11 0.022245212 
506 535 7 9 0.022218054 
710 535 7 9 0.022177992 
133 560 9 11 0.02216998 
552 432 7 9 0.022028664 
535 504 7 9 0.022023922 
560 463 7 9 0.022014663 
480 551 7 10 0.021995654 
632 502 8 10 0.021987215 
496 464 7 9 0.021944959 
120 504 7 9 0.021936318 
442 448 7 9 0.021917459 
657 478 7 10 0.021914776 
309 654 10 14 0.021812415 
641 488 6 8 0.02180804 
577 445 8 9 0.02180443 
465 519 7 10 0.021800356 
574 536 8 9 0.02179467 
467 608 14 17 0.021757035 
521 480 7 9 0.021744158 
696 566 8 10 0.021717286 
377 488 7 9 0.021705247 
789 615 20 25 0.021685397 
680 519 7 9 0.021669285 
887 568 10 12 0.02166266 
713 624 13 17 0.021651238 
847 514 7 8 0.021564104 
231 176 11 13 0.021548446 
616 502 8 9 0.021534365 
603 519 8 10 0.021482611 
512 564 8 11 0.021426821 
479 455 7 9 0.021408303 
503 550 8 9 0.021390328 
654 543 7 9 0.021379126 
537 518 7 10 0.021342386 
110 528 8 10 0.021331448 
705 496 7 8 0.021321923 
545 512 7 9 0.021280231 
696 553 7 9 0.021177173 
494 535 7 9 0.021177167 
632 527 7 8 0.021153677 
672 496 7 9 0.021143897 
647 598 10 12 0.021125542 
447 448 8 9 0.021123556 
377 503 7 9 0.021109361 
152 523 11 12 0.021090087 
881 497 7 9 0.021078486 
673 527 7 9 0.021072946 
423 542 7 9 0.02101709 
815 612 12 16 0.020966405 
614 583 8 10 0.02093925 
584 603 9 12 0.020937176 
383 456 7 9 0.020901814 
393 456 7 8 0.020900456 
639 472 6 8 0.020892408 
500 582 11 13 0.020877695 
769 560 7 10 0.020860892 
401 520 8 10 0.020832703 
686 503 7 8 0.020823587 
681 487 7 8 0.020791605 
640 544 7 10 0.02076028 
384 480 8 10 0.020759223 
558 633 12 15 0.02071504 
440 549 7 10 0.020695833 
511 465 7 9 0.020660456 
472 588 8 10 0.020645536 
455 519 7 9 0.020633014 
656 439 7 9 0.020629715 
442 534 7 9 0.020597635 
535 567 8 11 0.020577466 
519 470 7 9 0.020547567 
341 443 10 13 0.020516776 
569 511 7 9 0.020516066 
81 503 8 9 0.020443607 
511 493 8 10 0.020415667 
86 504 8 9 0.020408897 
136 511 7 8 0.020393858 
96 504 7 8 0.020385876 
809 558 8 10 0.020364732 
680 537 7 9 0.020341488 
592 480 7 8 0.020338053 
537 447 7 10 0.020333184 
393 486 8 9 0.020323265 
520 464 7 10 0.0203089 
584 526 8 9 0.020283112 
465 533 8 10 0.0202732 
598 447 8 9 0.020254899 
856 558 9 10 0.02021417 
367 495 7 9 0.020189635 
502 519 8 10 0.020181641 
837 644 16 20 0.020173142 
574 511 8 9 0.020162862 
374 621 9 11 0.020157654 
608 625 10 12 0.020152347 
353 510 8 10 0.020126916 
592 456 8 10 0.020020017 
592 582 9 10 0.020004733 
846 537 8 10 0.020002814 
366 488 7 9 0.020000553 
