0_Parade_marchingband_1_172
731
245 167 31 40 0.9985964 
747 124 24 31 0.9980222 
852 181 31 36 0.996445 
569 240 40 50 0.9962535 
113 83 24 30 0.9895403 
509 144 24 30 0.98695683 
375 107 22 28 0.9811513 
872 103 18 21 0.96616155 
68 32 15 18 0.9609316 
605 47 15 18 0.9576429 
988 130 18 22 0.9512223 
651 104 19 24 0.94432354 
930 86 16 21 0.94142205 
925 36 13 16 0.9397761 
713 100 18 22 0.93354285 
524 94 19 23 0.9332657 
305 76 18 23 0.92989767 
653 41 13 17 0.9208276 
674 181 24 29 0.9122419 
494 109 20 25 0.9119456 
542 68 15 19 0.9067507 
406 63 15 20 0.9029088 
563 131 22 28 0.894311 
280 94 19 24 0.8933358 
250 47 16 20 0.89243406 
697 138 23 27 0.8900284 
811 78 16 20 0.88851285 
253 93 20 26 0.88732874 
73 81 18 24 0.8851073 
204 115 18 21 0.8832212 
229 84 18 24 0.88187015 
589 77 15 18 0.8803767 
945 127 20 24 0.8782381 
372 82 18 22 0.8683135 
842 99 18 23 0.8594999 
201 36 14 17 0.84655815 
865 602 119 140 0.8461965 
439 106 21 23 0.84282154 
489 68 17 21 0.8287394 
787 45 13 16 0.8277788 
779 101 21 27 0.8273542 
278 171 23 32 0.8272601 
560 48 16 22 0.8270051 
172 81 18 22 0.8139334 
466 38 14 17 0.81241167 
197 95 18 22 0.80890495 
442 70 18 22 0.8041724 
0 32 12 21 0.80056757 
840 27 11 14 0.79674274 
330 88 17 23 0.796622 
997 33 14 18 0.79622036 
113 27 14 17 0.7387328 
1005 74 17 21 0.72580516 
902 36 12 16 0.72237384 
951 55 13 16 0.72142607 
382 13 11 15 0.70092845 
331 119 20 27 0.70080644 
696 74 14 19 0.69341016 
675 53 14 18 0.682508 
565 18 12 16 0.6800557 
780 187 29 34 0.67181677 
742 46 13 15 0.66619027 
647 75 15 19 0.655012 
882 166 23 31 0.6531518 
823 22 10 13 0.64714545 
892 141 18 22 0.632445 
0 3 11 17 0.6155393 
872 75 11 15 0.6109589 
956 85 15 18 0.59800756 
728 34 11 15 0.5953438 
486 4 14 17 0.594688 
630 46 12 14 0.5921201 
17 5 12 14 0.59003526 
71 2 14 18 0.5868423 
47 9 15 19 0.5838244 
0 107 21 31 0.577989 
315 20 13 17 0.5757218 
376 42 13 16 0.5745079 
428 12 13 17 0.57317644 
579 32 13 17 0.52831376 
146 0 15 18 0.5257427 
631 25 13 15 0.5072561 
277 155 24 33 0.50681025 
461 8 15 18 0.5050491 
907 99 15 19 0.50466436 
797 20 11 15 0.5035362 
286 39 14 16 0.5027274 
579 5 11 13 0.49743268 
594 111 20 25 0.49431828 
49 72 15 18 0.4906833 
968 117 17 22 0.48373073 
317 11 13 16 0.4823054 
127 20 13 16 0.4579749 
87 15 12 14 0.45694157 
607 149 20 25 0.45232147 
511 67 14 20 0.44867954 
114 63 18 19 0.44391525 
812 34 10 14 0.42697662 
402 10 13 17 0.4249877 
505 48 15 18 0.40628973 
210 66 13 16 0.39705577 
263 69 15 18 0.38996643 
166 45 15 18 0.38866076 
920 18 14 17 0.38838565 
773 27 12 14 0.37824714 
295 2 14 17 0.37607935 
666 146 23 27 0.3654786 
102 1 14 17 0.35955065 
443 25 14 16 0.35557336 
94 61 14 17 0.34507793 
337 5 12 13 0.34479597 
751 29 10 12 0.32909715 
376 11 12 15 0.32276604 
536 137 18 22 0.31872192 
241 2 9 10 0.3176252 
355 14 11 13 0.31473488 
289 64 14 18 0.30930105 
140 66 12 16 0.30375114 
487 33 13 17 0.30192438 
675 13 11 15 0.29889405 
348 0 10 11 0.29188108 
398 100 20 25 0.287075 
552 107 18 21 0.28681535 
334 20 11 14 0.27951965 
647 8 10 12 0.2788992 
604 20 12 16 0.2786724 
9 116 21 29 0.27849144 
335 13 10 12 0.27637577 
846 65 12 15 0.27596948 
608 26 11 14 0.27308533 
911 73 14 17 0.27260408 
246 1 10 12 0.27184612 
340 27 12 15 0.2688497 
879 27 9 13 0.26547423 
869 20 12 14 0.26250666 
517 19 15 20 0.25971788 
858 29 9 11 0.25826553 
711 70 12 15 0.2563256 
309 60 15 19 0.25341976 
884 30 10 13 0.24872434 
215 12 11 13 0.23534888 
229 0 10 11 0.23185311 
886 36 9 12 0.23138948 
597 14 14 17 0.23119426 
695 30 11 14 0.229023 
15 59 14 17 0.22761229 
369 66 16 19 0.22484042 
706 191 19 24 0.22312684 
20 43 16 19 0.22282666 
741 21 10 12 0.22021393 
814 162 26 28 0.22003055 
804 57 15 17 0.21963608 
284 6 12 15 0.21539386 
200 104 20 25 0.20677175 
545 28 11 14 0.20259286 
262 92 20 27 0.20197766 
551 19 13 17 0.19559075 
903 104 16 21 0.19439974 
1001 173 19 30 0.19262408 
653 19 11 13 0.1897946 
878 23 9 12 0.18825823 
859 146 15 19 0.18738692 
519 9 15 19 0.18682405 
907 41 11 16 0.18653631 
558 18 13 17 0.18482058 
522 40 15 18 0.17916761 
737 17 10 12 0.17764056 
852 150 21 27 0.17702565 
397 208 382 440 0.17373528 
253 0 10 12 0.17295647 
628 13 11 12 0.17145535 
269 6 12 15 0.17102052 
556 113 22 26 0.16674332 
619 152 15 20 0.16667412 
197 1 11 11 0.16570577 
280 140 18 21 0.16537005 
335 1 11 11 0.16207424 
476 311 227 280 0.15362337 
970 62 13 15 0.15260923 
715 21 11 15 0.15013155 
694 15 9 12 0.14874242 
388 151 26 33 0.14740641 
575 86 12 17 0.14706592 
213 137 23 31 0.14471732 
319 41 15 17 0.14446765 
1013 32 11 18 0.14353786 
894 172 22 30 0.1426406 
445 37 13 16 0.13603789 
856 23 10 13 0.13459599 
782 1 9 11 0.1344263 
490 8 16 19 0.13298835 
838 7 10 12 0.13233078 
221 5 11 13 0.13041216 
669 83 13 16 0.12985964 
498 19 14 18 0.12907483 
967 66 13 17 0.12900653 
300 11 12 18 0.12897721 
270 25 13 17 0.12813082 
843 23 10 13 0.1263226 
182 1 11 12 0.12596548 
612 28 10 14 0.12539418 
766 21 12 14 0.124509 
79 77 19 24 0.12347352 
414 80 14 18 0.12306601 
163 22 15 17 0.12053391 
692 21 11 13 0.11803547 
416 42 13 17 0.11780688 
17 124 18 22 0.11699662 
34 -1 17 14 0.11607461 
763 16 11 11 0.11372312 
867 16 12 14 0.11311862 
839 12 10 13 0.11189862 
243 87 19 25 0.11180412 
629 8 9 11 0.111639865 
919 27 13 17 0.111058794 
190 19 11 14 0.1079251 
687 28 10 14 0.106554195 
817 1 10 10 0.10635661 
277 0 10 11 0.1060928 
811 56 14 18 0.10604983 
946 184 18 21 0.105629876 
778 2 8 9 0.10557679 
816 4 10 12 0.10400776 
255 241 39 42 0.103607535 
408 29 11 13 0.10303212 
459 15 16 18 0.10276937 
743 151 16 20 0.100338936 
455 43 12 16 0.0999317 
830 74 13 17 0.09974597 
165 66 14 16 0.09953936 
424 16 12 16 0.09940791 
575 10 11 15 0.09864649 
732 31 11 14 0.093330696 
314 117 23 29 0.09317991 
582 24 12 14 0.0918986 
213 180 22 30 0.090958476 
823 108 14 19 0.08984314 
322 6 12 14 0.08931887 
625 46 10 14 0.08797311 
224 2 11 10 0.08718572 
977 241 24 29 0.086617626 
95 0 14 12 0.08658427 
861 33 11 14 0.086039536 
846 8 9 11 0.08407286 
861 19 13 15 0.08372614 
718 13 9 11 0.08316447 
491 26 14 17 0.08297704 
135 2 13 14 0.08220532 
539 337 53 65 0.08152239 
126 0 10 10 0.080766544 
181 66 13 16 0.07905571 
90 18 13 17 0.078884795 
977 122 20 24 0.078693636 
206 4 12 15 0.07832252 
614 3 11 12 0.07814952 
582 80 15 19 0.077566735 
824 157 23 29 0.0775253 
745 28 10 13 0.075869665 
851 65 13 16 0.07576779 
823 16 10 13 0.07548906 
522 24 16 19 0.0752774 
315 113 15 20 0.075181216 
854 13 11 13 0.07482215 
481 20 13 17 0.07450742 
926 129 13 17 0.07447087 
871 27 11 13 0.074464485 
958 4 11 12 0.07437181 
603 113 20 25 0.07293016 
284 19 14 16 0.072844416 
198 187 25 33 0.072065674 
404 16 14 16 0.07172712 
270 49 12 16 0.07147975 
445 135 22 26 0.07130204 
828 83 13 17 0.07077225 
963 87 15 19 0.0698889 
219 44 12 16 0.06964042 
306 125 18 24 0.069495514 
1007 115 13 17 0.06929627 
849 50 11 14 0.06922692 
756 29 10 12 0.06862658 
835 68 13 16 0.06853259 
2 187 19 25 0.06763916 
773 85 15 19 0.065830655 
845 13 9 12 0.06580187 
869 211 41 52 0.065633334 
368 4 12 14 0.06562563 
214 30 10 12 0.065398775 
509 58 15 20 0.06507428 
897 34 12 16 0.065050535 
232 19 12 15 0.064966604 
452 20 13 17 0.064695664 
214 0 10 10 0.06360034 
216 18 12 16 0.063004114 
250 112 16 21 0.062737264 
587 123 21 28 0.062483013 
891 131 17 22 0.062322367 
308 53 14 18 0.06212959 
779 26 10 14 0.06199095 
702 47 10 14 0.061811663 
373 0 10 11 0.061718512 
773 73 14 17 0.06121488 
639 81 14 18 0.060975287 
343 1 11 11 0.060860213 
688 14 10 12 0.06046311 
900 25 12 14 0.060436502 
478 72 15 20 0.0601384 
440 42 12 16 0.05954256 
265 10 13 15 0.05898266 
854 7 10 10 0.058739055 
803 19 10 13 0.05870498 
834 155 15 19 0.05825405 
413 0 9 9 0.05818706 
623 6 11 13 0.05809185 
909 30 11 14 0.05745102 
19 0 14 15 0.05741344 
348 50 11 15 0.057311334 
321 2 11 12 0.057270154 
811 175 27 32 0.05698524 
264 162 31 43 0.05679285 
216 262 42 48 0.05655338 
972 89 15 18 0.056288138 
420 76 13 17 0.056166787 
458 132 15 18 0.055216976 
131 125 25 32 0.054732613 
199 32 13 16 0.05431813 
94 73 15 21 0.05399521 
703 185 17 21 0.053943455 
84 149 16 19 0.053607006 
661 83 14 18 0.05354128 
759 21 11 14 0.053249557 
434 4 15 19 0.053227734 
640 6 10 12 0.053052478 
614 82 13 18 0.052883048 
433 164 17 22 0.052748866 
834 82 15 18 0.05269739 
29 0 15 16 0.05269371 
767 73 12 17 0.052639093 
1005 31 13 16 0.052614722 
130 13 14 18 0.05255623 
909 129 14 19 0.052170426 
369 90 23 29 0.05207487 
814 44 10 12 0.052052382 
991 68 11 15 0.051671416 
398 94 15 18 0.051497307 
63 144 402 502 0.05119625 
543 33 14 18 0.050961964 
182 154 16 20 0.050717093 
285 73 16 21 0.0501658 
576 2 11 12 0.049726404 
16 66 16 19 0.04964103 
213 50 14 17 0.049634676 
239 29 12 15 0.049593188 
679 29 11 13 0.049273863 
591 20 11 14 0.04924737 
278 43 13 17 0.049210045 
171 66 15 18 0.048629288 
245 252 40 47 0.048618708 
845 35 9 12 0.048587438 
367 1 11 10 0.048258156 
196 145 15 20 0.048213407 
176 111 14 18 0.048210237 
573 55 14 20 0.04812751 
608 0 11 10 0.0479262 
205 0 11 10 0.04792114 
575 130 19 27 0.04784086 
799 53 10 15 0.047796406 
659 39 11 16 0.04776315 
797 136 17 23 0.04713057 
839 46 9 12 0.047128443 
546 130 21 29 0.047061667 
395 147 17 21 0.04699655 
963 159 22 27 0.04687029 
62 86 15 21 0.04683489 
14 49 20 25 0.046615567 
388 61 12 17 0.04647913 
187 89 18 24 0.045895036 
804 67 16 21 0.045783374 
882 145 25 31 0.045715947 
806 15 9 12 0.045636218 
188 65 12 16 0.045427456 
284 84 15 18 0.045079537 
10 69 16 21 0.045010675 
623 28 12 15 0.044747233 
42 0 16 15 0.044413764 
892 6 11 14 0.044364125 
177 3 12 14 0.044307224 
1002 119 19 25 0.044292286 
602 98 15 18 0.04399747 
764 84 14 19 0.043696083 
212 36 11 14 0.043562658 
994 126 21 26 0.043452974 
220 156 22 29 0.04332896 
642 85 17 21 0.04308447 
76 8 14 17 0.043067526 
669 184 19 22 0.04305949 
1005 164 16 21 0.042790215 
841 152 23 30 0.04233051 
700 14 9 11 0.042266317 
626 149 17 21 0.041963562 
888 11 11 13 0.041933358 
542 230 17 24 0.041533493 
571 19 13 15 0.041458376 
759 39 9 12 0.041426156 
430 0 12 12 0.04134337 
85 5 14 17 0.041330587 
275 26 13 17 0.04038892 
608 251 28 38 0.04022478 
924 8 10 12 0.040058855 
28 73 15 17 0.039996926 
599 9 11 12 0.039872825 
368 11 10 14 0.039749913 
128 3 12 14 0.039661128 
606 5 12 13 0.039521094 
773 120 16 21 0.039440732 
118 0 11 10 0.0394315 
294 17 13 16 0.0393384 
597 0 11 10 0.039259147 
273 0 10 10 0.039166287 
945 51 12 17 0.038953416 
459 75 14 18 0.03883613 
898 182 24 33 0.038832348 
760 85 11 16 0.038647622 
275 5 20 23 0.03847699 
310 104 15 21 0.038261324 
86 0 12 11 0.038205124 
701 21 9 12 0.038032606 
367 88 16 20 0.03786676 
352 17 11 15 0.037484046 
887 0 11 11 0.03747436 
864 170 27 37 0.037342638 
436 142 24 30 0.03728762 
431 75 13 18 0.037192803 
929 40 13 17 0.03718372 
749 35 11 13 0.03716154 
111 39 14 17 0.037128534 
136 -3 20 21 0.03708869 
681 143 23 27 0.036986403 
85 65 14 17 0.036793724 
829 102 19 26 0.036780614 
184 13 11 15 0.036680534 
696 45 11 15 0.03665632 
177 91 16 23 0.03660257 
830 37 9 12 0.036502738 
605 36 15 18 0.036365494 
191 1 14 15 0.03630872 
282 26 16 18 0.036014352 
131 166 22 25 0.035998195 
367 74 17 20 0.035923816 
698 89 13 19 0.035909127 
778 44 12 16 0.03571144 
325 19 12 15 0.035699654 
105 9 14 16 0.035690185 
575 0 17 23 0.035580687 
907 80 17 18 0.03550207 
4 1 11 13 0.035473585 
766 35 11 14 0.035412196 
678 37 12 14 0.035364714 
881 34 11 14 0.0351789 
991 75 13 18 0.035165753 
652 28 13 15 0.035095304 
170 26 15 17 0.035034664 
411 72 14 19 0.03477851 
680 57 14 17 0.034713194 
794 45 10 14 0.03468746 
436 118 17 22 0.03467088 
209 10 11 13 0.03466848 
808 45 11 12 0.034615412 
255 79 21 26 0.03445808 
212 279 30 37 0.03438618 
479 10 14 18 0.034293797 
509 174 16 19 0.034287408 
773 109 18 23 0.034208678 
853 143 13 16 0.034078017 
611 34 14 17 0.034019493 
234 242 33 35 0.03386599 
765 5 11 11 0.033830445 
942 177 18 21 0.0336027 
115 419 42 49 0.0334093 
917 90 18 25 0.033364534 
312 167 21 31 0.03335897 
506 157 27 32 0.033115488 
661 151 17 20 0.03303339 
863 68 12 16 0.032732803 
539 363 102 125 0.032646377 
599 155 22 27 0.03263948 
902 95 14 19 0.032563873 
570 122 16 21 0.032512676 
418 68 13 17 0.032478202 
711 7 10 12 0.032353003 
607 206 23 27 0.032202717 
775 13 10 12 0.03217298 
744 40 12 14 0.032087762 
562 359 51 67 0.032037593 
671 45 13 18 0.03184104 
460 30 15 17 0.031801734 
231 105 15 21 0.031798735 
437 76 17 21 0.031750903 
748 182 18 21 0.0314353 
406 34 12 15 0.03138416 
904 68 13 17 0.031290296 
51 79 16 20 0.031222621 
771 90 22 29 0.031168502 
820 16 19 24 0.031074397 
323 48 16 19 0.030909004 
701 71 18 23 0.030839235 
389 7 11 14 0.030759323 
212 246 27 35 0.030758657 
326 0 11 11 0.030695984 
37 9 16 18 0.030214643 
280 36 13 17 0.030202558 
413 19 11 15 0.030181548 
222 38 10 14 0.030089632 
246 117 16 20 0.03004767 
385 99 22 28 0.030030714 
706 132 17 22 0.029975481 
622 248 11 14 0.029955579 
970 110 15 18 0.029786872 
313 84 20 26 0.02970929 
711 178 22 27 0.029677222 
834 6 9 12 0.029646099 
958 10 13 15 0.029623443 
664 27 10 14 0.029587554 
793 187 27 31 0.029577326 
898 23 9 12 0.029571457 
530 85 15 18 0.029486831 
294 78 19 25 0.029452585 
845 120 14 18 0.029344173 
396 108 16 24 0.02926552 
726 15 8 11 0.029220343 
933 78 15 19 0.02921145 
788 0 12 12 0.029057186 
779 93 16 18 0.029005291 
208 97 15 18 0.028953698 
181 162 15 21 0.02894697 
491 152 16 19 0.028865226 
727 21 9 13 0.028819973 
979 83 14 19 0.02871173 
7 33 20 24 0.028668147 
991 41 13 17 0.02865839 
956 68 16 17 0.028613506 
309 44 13 16 0.028608682 
621 0 11 11 0.028490191 
232 165 26 33 0.028410112 
377 76 15 20 0.02824926 
863 101 19 25 0.028227318 
235 111 14 20 0.028154891 
382 61 12 16 0.028021317 
141 21 11 15 0.028007194 
693 7 11 13 0.027938472 
619 209 15 19 0.027879607 
663 21 10 14 0.027729118 
15 27 12 16 0.027624628 
682 222 28 33 0.027561694 
492 41 14 17 0.027502075 
-1 77 9 15 0.027472634 
950 167 23 28 0.02744259 
997 69 15 19 0.027399126 
364 0 20 23 0.027396694 
874 80 14 17 0.027385205 
894 93 12 16 0.0273162 
683 44 13 16 0.027281575 
638 0 9 10 0.0272042 
98 52 15 19 0.027167264 
130 44 13 16 0.027130302 
287 170 28 36 0.027120097 
266 6 20 24 0.027019566 
25 37 16 19 0.02694082 
940 142 17 21 0.026919479 
2 125 17 21 0.026878484 
179 -4 22 23 0.02678663 
475 41 12 16 0.02671728 
795 111 15 21 0.026673147 
948 189 22 27 0.026622836 
767 1 10 10 0.026619552 
195 21 12 14 0.0265263 
519 199 25 30 0.026520822 
800 75 15 20 0.026449846 
46 88 14 17 0.026435886 
808 7 9 11 0.0264141 
323 99 23 28 0.026390947 
684 34 12 14 0.026381267 
750 169 24 28 0.026324939 
545 57 18 24 0.026259983 
586 34 13 18 0.026247237 
412 48 15 18 0.02624711 
810 203 26 32 0.02620977 
49 60 19 25 0.026168324 
156 89 14 19 0.026146725 
285 1 12 13 0.026145346 
203 264 491 499 0.026061665 
460 46 14 18 0.026033217 
676 7 11 13 0.02602846 
518 202 15 19 0.025952186 
998 77 16 20 0.025940992 
119 22 19 21 0.025931852 
670 38 11 14 0.02591192 
211 71 15 19 0.025907986 
497 55 19 24 0.025826784 
240 51 12 17 0.025591573 
276 112 17 21 0.025536554 
728 74 12 17 0.025426079 
220 27 11 14 0.025384242 
529 220 34 48 0.025312077 
313 48 20 23 0.025310459 
914 119 19 24 0.025269255 
165 76 17 21 0.025227576 
815 11 9 12 0.025180425 
758 1 10 10 0.025175998 
899 137 18 25 0.025130382 
537 101 20 26 0.025093138 
647 29 12 14 0.025087396 
591 7 10 12 0.025065318 
531 19 13 18 0.024980733 
892 193 24 31 0.024818243 
517 0 14 16 0.024727365 
645 3 18 22 0.024716139 
915 115 13 17 0.024709148 
515 49 15 18 0.024694985 
225 166 21 29 0.024573557 
160 49 13 17 0.024498736 
317 92 22 28 0.024427561 
324 26 12 15 0.02439308 
324 117 19 25 0.024265405 
968 148 24 29 0.024219576 
963 73 15 19 0.024131421 
125 135 16 21 0.024082128 
861 6 10 12 0.02400101 
856 186 40 48 0.023988692 
556 153 16 20 0.023877379 
512 23 13 17 0.02380358 
456 11 14 17 0.023745893 
420 46 13 18 0.023740571 
720 37 11 14 0.0237033 
122 145 16 22 0.023650782 
669 25 13 16 0.023611195 
468 119 16 20 0.023607904 
864 158 25 30 0.02352979 
204 138 21 29 0.023479553 
782 162 16 19 0.02347576 
142 100 15 18 0.023455698 
284 681 23 29 0.02343597 
902 48 13 17 0.023421897 
893 0 10 11 0.023373604 
823 35 10 13 0.023363084 
190 150 20 26 0.023325402 
820 188 27 32 0.023321232 
343 45 13 17 0.023158696 
957 204 25 33 0.023125874 
912 22 11 14 0.023114974 
169 37 16 19 0.023072733 
897 98 13 19 0.023057364 
753 1 9 10 0.023029897 
469 74 14 19 0.023024486 
960 121 19 26 0.022996841 
190 28 13 17 0.022925405 
193 35 12 17 0.02282274 
703 0 11 11 0.022808831 
848 147 14 19 0.022747254 
783 41 12 15 0.022721125 
735 44 11 16 0.022696635 
598 212 25 29 0.022645082 
196 195 16 21 0.022574384 
124 50 15 18 0.022519978 
658 76 13 18 0.02250559 
586 28 12 16 0.022497311 
742 154 25 30 0.022461422 
358 0 12 10 0.022380391 
31 10 13 16 0.022376446 
248 -5 20 22 0.022365443 
461 122 15 19 0.022338195 
533 0 10 10 0.022291465 
149 151 15 19 0.02227061 
782 154 16 19 0.022179605 
219 67 14 17 0.022152564 
494 141 22 29 0.02210852 
399 61 15 21 0.022086158 
1011 111 11 16 0.022063931 
1014 24 9 14 0.022056252 
942 46 12 17 0.02205307 
839 194 13 18 0.021993821 
649 89 22 28 0.021964775 
629 37 13 16 0.021958388 
726 6 9 12 0.021933507 
261 0 12 12 0.021785052 
564 37 14 17 0.02173625 
828 194 15 19 0.021722518 
951 3 14 15 0.021716649 
798 67 13 19 0.021694008 
996 211 26 31 0.02165584 
499 5 13 17 0.021598076 
65 3 14 18 0.021573493 
580 87 14 19 0.021573393 
838 63 12 15 0.021440271 
817 191 19 22 0.021425616 
492 137 15 22 0.021336544 
444 90 16 19 0.021294486 
884 23 9 13 0.021254936 
463 1 13 14 0.021239787 
491 166 14 19 0.021215683 
476 119 14 20 0.021181341 
525 144 23 28 0.021118656 
741 74 13 18 0.021060301 
991 232 27 34 0.021049429 
759 5 9 11 0.021046845 
836 188 24 31 0.021005198 
648 2 9 10 0.020857366 
237 -3 19 20 0.020781495 
794 17 9 12 0.020742752 
224 -5 21 22 0.020677973 
815 115 13 18 0.020675257 
831 28 9 12 0.02064179 
886 42 11 16 0.02063922 
860 279 33 46 0.020560594 
665 106 15 21 0.020526376 
933 121 22 28 0.020510202 
662 51 12 16 0.020506127 
285 49 16 19 0.020504149 
60 60 14 18 0.020503987 
509 83 13 18 0.020491784 
124 35 14 18 0.020407887 
787 137 22 26 0.020395791 
205 50 14 18 0.02033277 
557 38 13 15 0.020258976 
819 54 11 14 0.020256972 
828 169 24 31 0.02020058 
272 16 20 24 0.020119324 
301 69 18 24 0.020083882 
444 62 15 18 0.02005972 
599 367 52 65 0.020056432 
662 480 8 9 0.020050038 
922 27 18 21 0.020041963 
