0_Parade_marchingband_1_620
347
799 411 31 40 0.99593 
912 326 30 36 0.9950605 
768 340 24 30 0.9729785 
841 350 26 30 0.9726705 
820 250 23 27 0.94520646 
120 274 19 25 0.94259965 
659 337 29 34 0.93298614 
954 236 15 17 0.9245715 
193 177 18 20 0.9185321 
84 191 15 20 0.9088541 
439 243 20 22 0.897583 
469 194 11 15 0.82867867 
905 217 15 19 0.8269796 
623 165 10 13 0.6961194 
132 229 23 30 0.6859621 
587 180 12 16 0.66602874 
858 203 18 20 0.6320635 
338 249 13 17 0.6126159 
323 244 16 19 0.59929293 
110 187 13 17 0.57774496 
292 238 12 15 0.57122004 
1005 327 18 30 0.5262323 
398 194 11 13 0.458694 
974 216 16 20 0.40444133 
919 260 14 19 0.3923794 
328 179 11 12 0.3586869 
609 242 18 19 0.33487308 
256 202 12 15 0.3211231 
761 213 11 13 0.31025222 
515 174 11 14 0.28911108 
841 233 15 19 0.26975742 
409 174 10 12 0.2501841 
962 171 13 15 0.24139303 
944 554 64 78 0.23623933 
970 268 17 24 0.23140779 
406 194 11 14 0.21627966 
393 195 10 13 0.20958073 
310 189 13 14 0.20176905 
741 189 11 15 0.18282165 
414 180 10 12 0.18170838 
878 203 11 16 0.1777012 
851 173 12 14 0.16445176 
776 412 19 26 0.14755653 
413 195 8 11 0.14742003 
225 219 12 15 0.14395308 
478 213 9 13 0.128059 
851 179 15 18 0.11885665 
940 175 11 15 0.118501626 
222 170 12 15 0.110304914 
266 248 7 10 0.107629396 
719 167 9 13 0.106655896 
866 206 16 20 0.10574304 
406 211 11 13 0.10226018 
172 190 12 15 0.10115845 
909 188 10 14 0.09675967 
493 221 9 12 0.095919825 
831 239 21 27 0.09526403 
741 182 10 12 0.09053998 
333 181 8 11 0.09031327 
646 190 7 10 0.08984378 
332 254 16 20 0.08887001 
869 225 15 17 0.087250404 
596 189 9 13 0.087235995 
921 172 9 12 0.0844639 
780 257 14 17 0.08441124 
147 238 14 20 0.082141355 
809 194 13 16 0.08077416 
0 137 9 15 0.07992767 
726 171 10 13 0.07974288 
560 162 13 18 0.0747711 
422 187 10 13 0.073629096 
737 179 10 13 0.07177012 
254 263 7 10 0.07121883 
139 305 17 18 0.07051077 
857 350 16 22 0.068614066 
529 187 11 13 0.067376636 
117 205 13 16 0.06626459 
628 190 9 12 0.0654224 
629 171 10 12 0.06538099 
317 166 8 12 0.06458645 
113 191 14 18 0.063792 
961 241 14 16 0.06347494 
478 286 10 14 0.0629211 
471 200 11 14 0.06207978 
66 251 15 16 0.061060857 
781 409 26 34 0.060406994 
672 173 8 10 0.05953857 
76 250 13 15 0.058590792 
979 272 13 19 0.058424197 
648 184 7 10 0.057609584 
657 197 9 11 0.057418767 
536 171 11 12 0.055566765 
782 187 10 13 0.054250233 
431 189 9 12 0.053784933 
228 214 11 15 0.053762008 
54 139 11 15 0.05321702 
542 199 9 12 0.05307928 
290 149 12 14 0.052638944 
63 188 12 16 0.052575886 
369 197 9 12 0.052154336 
222 225 13 16 0.050909866 
859 181 12 16 0.050901573 
904 172 9 11 0.050820615 
912 218 13 17 0.050229214 
342 191 8 10 0.05002025 
448 282 13 19 0.049840473 
654 282 11 14 0.048608974 
828 170 12 15 0.048271343 
331 265 13 17 0.04730225 
770 218 13 14 0.047172192 
918 234 11 15 0.04694592 
871 174 10 13 0.046854496 
70 161 24 30 0.046743844 
435 221 14 18 0.046740457 
657 176 8 10 0.04656093 
915 227 12 17 0.04455917 
224 236 11 12 0.044400554 
432 181 10 13 0.044308826 
289 165 9 13 0.04416618 
885 173 9 11 0.04405762 
852 197 17 23 0.043714922 
608 143 10 13 0.04351371 
102 182 15 19 0.04350585 
965 186 13 17 0.04326212 
714 166 10 13 0.042405106 
114 182 13 18 0.04221928 
753 173 10 12 0.041610952 
656 180 8 11 0.041610364 
991 180 10 13 0.041421887 
477 205 10 13 0.040534694 
438 213 11 14 0.040488012 
201 174 15 21 0.04009849 
744 215 9 12 0.039923094 
864 225 12 17 0.039854985 
964 260 14 18 0.039729826 
951 172 10 14 0.03967733 
319 173 10 13 0.039426148 
598 195 9 12 0.039142538 
261 186 14 16 0.03906177 
317 181 11 14 0.03893266 
471 154 13 15 0.038789798 
593 180 11 16 0.038680468 
390 237 13 17 0.038506236 
959 259 11 15 0.038304843 
636 283 16 21 0.0378164 
601 242 14 17 0.03777495 
352 197 10 13 0.037585758 
981 199 14 18 0.037349477 
230 206 10 13 0.03712788 
208 205 12 17 0.036940493 
869 295 15 20 0.036622703 
614 211 10 12 0.036479067 
662 175 8 9 0.03632032 
941 196 11 14 0.03613472 
713 172 10 12 0.035964176 
472 214 10 12 0.035831474 
989 284 13 15 0.03569821 
340 277 16 20 0.035620194 
260 206 13 17 0.03550945 
435 189 12 14 0.035477374 
812 306 18 22 0.035442065 
313 159 9 12 0.035384305 
405 204 12 15 0.035030887 
395 189 19 23 0.03497456 
432 174 9 13 0.034969073 
673 348 16 23 0.034513623 
982 190 9 13 0.034209937 
316 194 12 14 0.034106545 
78 202 12 16 0.033871815 
306 190 10 12 0.03361067 
737 195 11 14 0.03333042 
147 228 14 20 0.03298167 
686 124 15 17 0.032661237 
910 172 10 11 0.032654624 
762 314 18 24 0.032505207 
487 238 11 15 0.03244781 
175 244 14 17 0.032424673 
788 257 15 18 0.032394648 
401 180 11 14 0.03225179 
620 160 17 22 0.032031234 
692 181 9 12 0.031977985 
68 193 13 16 0.03178204 
639 181 8 11 0.031720772 
795 260 11 16 0.03150629 
362 225 13 17 0.031258013 
791 400 29 37 0.031247558 
909 232 14 18 0.031010736 
879 188 11 14 0.030963209 
656 192 9 11 0.030837266 
470 181 13 16 0.030700613 
988 227 12 16 0.030508455 
536 197 9 12 0.0304826 
903 182 12 15 0.030343523 
678 380 14 19 0.030250968 
1000 573 25 42 0.030244054 
647 168 8 10 0.0302197 
144 188 10 13 0.030105764 
112 202 12 16 0.030078929 
73 204 11 14 0.030015416 
934 174 19 24 0.029895626 
346 167 7 10 0.029784469 
73 153 18 19 0.029756997 
589 230 9 12 0.029618962 
423 173 9 12 0.029285783 
335 204 10 12 0.029284079 
716 197 10 13 0.029151903 
852 182 22 29 0.028996231 
303 172 11 15 0.028821766 
516 198 9 11 0.028732179 
970 288 15 19 0.028703157 
229 197 10 13 0.028699087 
988 197 10 15 0.028594872 
590 206 9 11 0.028482383 
642 199 9 11 0.028344933 
123 209 12 15 0.028323226 
450 278 22 28 0.028108366 
959 223 20 25 0.0279755 
197 245 11 14 0.027903458 
623 180 10 13 0.027753472 
109 210 13 16 0.027725944 
646 205 9 10 0.027717868 
399 201 11 15 0.02760148 
749 188 11 14 0.027592825 
487 190 10 13 0.027557591 
780 264 14 18 0.027469978 
628 278 19 27 0.027453791 
532 183 11 13 0.027408822 
680 191 8 11 0.027302625 
402 174 9 13 0.027228227 
718 191 9 11 0.027182205 
512 188 10 11 0.027178856 
683 385 16 21 0.027088555 
289 155 12 15 0.02707935 
310 170 11 15 0.027011432 
462 173 11 12 0.026950547 
851 275 22 27 0.02688385 
761 208 17 21 0.026786432 
918 188 11 15 0.026665548 
597 155 11 13 0.026441662 
288 171 9 11 0.026421031 
973 235 12 16 0.026363602 
751 266 11 13 0.026118731 
992 322 25 37 0.026008524 
333 276 12 16 0.025990399 
279 172 9 11 0.025893295 
591 195 10 13 0.02577503 
270 253 9 11 0.025713217 
741 287 14 20 0.025654001 
479 232 9 11 0.025634404 
775 187 10 14 0.025630891 
336 188 9 12 0.025598025 
970 575 41 53 0.025533183 
631 181 9 12 0.025448821 
865 347 13 18 0.025438562 
196 191 13 17 0.025425205 
1 130 13 18 0.025337694 
505 173 10 12 0.025267676 
860 173 11 15 0.025043769 
882 198 13 16 0.025039742 
212 198 11 14 0.024881564 
102 212 12 14 0.024850728 
941 187 11 16 0.024742179 
413 204 11 13 0.024736784 
350 216 11 12 0.024730895 
249 264 9 11 0.024716659 
984 280 22 25 0.024691906 
225 95 215 223 0.02456166 
269 185 12 16 0.024440723 
688 181 9 11 0.024393152 
751 207 9 12 0.024355456 
335 198 10 13 0.024333587 
684 345 13 19 0.024032634 
897 218 14 19 0.023978932 
289 144 10 13 0.023914404 
350 166 8 11 0.023895446 
239 182 10 12 0.023685541 
932 250 14 19 0.023590967 
366 180 10 12 0.023536038 
349 220 15 18 0.023472296 
879 182 10 13 0.023468388 
64 182 21 27 0.023423739 
360 174 9 11 0.023283942 
327 155 11 13 0.02328238 
0 101 10 18 0.023215115 
436 226 25 32 0.02320002 
687 176 10 11 0.0231797 
619 282 14 20 0.023051737 
903 192 14 19 0.023044074 
60 256 16 18 0.02291667 
678 175 8 10 0.02260348 
1006 172 11 13 0.022560319 
122 219 24 32 0.022557331 
737 255 10 13 0.022509106 
413 168 9 12 0.022479739 
342 197 10 12 0.0224494 
606 208 13 15 0.022393553 
298 242 11 14 0.022312842 
973 203 15 18 0.022246325 
605 362 16 20 0.022239303 
540 167 12 14 0.02220003 
133 220 17 19 0.022198506 
923 250 16 22 0.022154314 
851 243 14 19 0.022098837 
244 172 11 13 0.022040242 
439 278 12 17 0.021980843 
846 184 16 19 0.02181733 
464 189 19 23 0.021760574 
367 311 12 15 0.021737928 
511 169 18 23 0.02172819 
766 187 12 15 0.021704739 
255 255 9 11 0.021663679 
432 195 10 12 0.021515723 
71 169 14 18 0.02151492 
860 285 20 27 0.021420322 
949 188 11 14 0.021383822 
936 204 11 15 0.021360597 
298 166 21 27 0.021322489 
663 183 8 9 0.021212308 
327 272 13 16 0.02107588 
740 259 11 14 0.020967828 
984 252 11 15 0.02096338 
149 221 11 15 0.020952402 
263 174 11 13 0.020940112 
287 311 11 13 0.020886473 
627 159 11 13 0.020795671 
148 187 12 15 0.020743476 
782 174 9 11 0.020701952 
406 169 18 23 0.02069599 
983 181 10 14 0.020665908 
742 204 10 13 0.02064689 
29 202 11 13 0.020598961 
839 292 13 18 0.020511242 
345 227 11 15 0.020443397 
986 277 13 17 0.020429784 
926 331 19 23 0.02038936 
766 175 9 10 0.020385772 
751 180 10 12 0.020377338 
718 159 10 14 0.020372845 
223 179 10 13 0.02037097 
774 289 15 19 0.020310976 
364 292 11 14 0.020281648 
485 213 12 16 0.020243429 
591 155 12 14 0.020204326 
225 196 10 13 0.020160355 
237 206 10 14 0.020132467 
373 539 14 18 0.020102588 
402 204 21 25 0.02005987 
