0_Parade_marchingband_1_445
316
484 148 38 48 0.9645392 
669 122 32 42 0.92913806 
822 115 33 41 0.8940751 
155 110 18 22 0.50727546 
260 114 25 32 0.4152057 
338 100 19 24 0.38616288 
635 1 18 18 0.36568844 
242 0 17 19 0.35083592 
416 124 18 22 0.34881276 
71 43 11 13 0.2750457 
858 131 15 20 0.26297662 
654 126 29 41 0.24526526 
93 176 27 36 0.24273337 
53 34 11 14 0.20761193 
652 1 13 15 0.18870293 
757 82 12 14 0.17208324 
576 141 10 13 0.16278534 
280 113 23 29 0.15777269 
13 24 13 16 0.15335919 
910 278 25 34 0.13783213 
871 107 14 19 0.13716842 
845 2 13 15 0.13687909 
756 139 14 16 0.1368465 
934 110 11 13 0.13251236 
737 84 10 12 0.123624414 
661 2 12 14 0.11148295 
7 22 13 17 0.106634565 
810 5 13 16 0.106565 
245 115 28 37 0.10579312 
213 141 10 13 0.102375634 
47 140 10 12 0.09315576 
901 110 9 11 0.08984942 
269 1 15 17 0.089641124 
253 194 25 30 0.08868628 
341 95 32 35 0.087485835 
893 195 10 13 0.08654529 
496 3 17 18 0.08549616 
119 32 10 11 0.084331855 
47 83 11 13 0.08204331 
791 4 10 12 0.079978265 
867 583 14 17 0.07992474 
1005 5 11 12 0.07554571 
773 110 9 11 0.07362584 
150 82 13 17 0.07325777 
601 37 11 15 0.07268747 
642 0 17 16 0.068580724 
239 87 12 13 0.068422936 
47 149 11 15 0.06812659 
916 275 16 21 0.063263535 
461 89 14 16 0.062795356 
899 264 43 55 0.062302586 
182 2 26 30 0.062150363 
95 7 9 12 0.060928375 
1006 210 11 14 0.060780182 
813 88 54 72 0.060681034 
722 143 16 21 0.060288604 
949 71 11 14 0.05944569 
8 139 10 12 0.058738727 
10 578 55 59 0.058530074 
461 128 50 61 0.058411635 
255 73 12 17 0.057366543 
741 69 10 12 0.0566478 
274 0 15 14 0.05572578 
782 2 11 14 0.055132207 
789 74 22 29 0.053877797 
921 282 14 17 0.053584818 
605 2 13 15 0.053534996 
650 99 45 63 0.05345728 
681 132 20 26 0.052488416 
744 99 13 16 0.051712696 
519 3 11 12 0.050477453 
652 138 18 26 0.049923863 
775 4 11 14 0.049011968 
267 145 15 18 0.048618432 
400 -4 32 28 0.048548818 
667 1 17 17 0.04835151 
425 119 46 55 0.047776747 
686 107 11 16 0.046438303 
853 299 55 69 0.046419602 
49 30 11 14 0.046204817 
87 123 12 14 0.04530473 
713 134 21 27 0.04431751 
469 2 14 16 0.04426245 
773 82 11 15 0.04364212 
41 135 10 13 0.04345098 
56 69 10 12 0.042974103 
377 4 32 35 0.042900775 
737 185 17 20 0.04258376 
974 93 9 11 0.042556066 
790 70 12 16 0.041636374 
245 133 15 19 0.041341115 
710 69 9 11 0.04116962 
198 133 27 34 0.04077119 
161 109 26 31 0.0405761 
983 110 9 12 0.039656468 
205 199 28 33 0.039556418 
95 1 9 9 0.039519496 
612 60 11 14 0.038999025 
715 134 13 17 0.038876638 
864 109 12 16 0.03873506 
99 144 13 15 0.038710557 
686 102 10 13 0.038606223 
732 100 11 13 0.03826567 
842 129 15 22 0.03806824 
4 6 10 12 0.037676364 
1004 101 10 13 0.03764341 
211 142 16 20 0.037564013 
251 147 14 18 0.037410337 
688 194 16 18 0.037009608 
796 185 19 23 0.03693037 
588 11 14 16 0.036764 
284 0 13 15 0.03662266 
29 227 34 39 0.03637068 
730 145 14 18 0.036332045 
922 158 9 11 0.036275793 
13 139 11 12 0.03626914 
676 140 18 24 0.0360398 
524 4 11 11 0.03594604 
810 131 14 18 0.03563097 
839 1 13 14 0.035585936 
753 14 9 11 0.035463557 
476 93 11 14 0.035226736 
272 115 18 23 0.03512307 
582 21 14 17 0.035086308 
783 69 10 15 0.034833096 
988 108 9 12 0.03464014 
221 200 14 19 0.03454114 
679 189 27 30 0.034370348 
716 151 15 20 0.033943746 
755 134 22 28 0.0339261 
355 2 15 16 0.033884674 
266 199 16 21 0.0337524 
452 0 26 29 0.033655096 
409 106 45 58 0.033465926 
237 5 16 21 0.03338472 
753 76 20 25 0.033333566 
765 82 12 16 0.03329064 
169 119 60 68 0.033161145 
18 20 13 18 0.0330527 
739 77 13 16 0.032930326 
76 178 26 35 0.032911543 
749 143 15 19 0.03285562 
999 148 12 15 0.032386154 
594 135 46 53 0.032366816 
590 216 55 66 0.032177627 
46 1 9 9 0.032005858 
838 11 11 13 0.03171579 
177 112 26 31 0.03161144 
779 612 17 18 0.031460315 
782 70 19 27 0.031331234 
831 28 12 14 0.03124921 
892 36 10 13 0.031176796 
544 12 11 14 0.031132087 
156 78 11 14 0.031114493 
262 102 41 49 0.030876312 
361 123 17 20 0.030655334 
600 5 11 14 0.030598786 
581 4 12 13 0.030466864 
720 211 28 36 0.030287214 
976 87 9 11 0.030274557 
771 384 29 32 0.030243011 
719 125 10 14 0.029826596 
766 5 12 14 0.029499156 
619 156 14 17 0.029431295 
796 5 11 12 0.02942966 
300 52 11 13 0.029415498 
611 2 13 15 0.029017942 
89 11 11 14 0.028966589 
291 120 25 31 0.028925966 
181 120 15 20 0.028724832 
60 110 10 13 0.02872478 
989 154 10 12 0.028512908 
224 113 50 56 0.028497148 
980 115 10 12 0.028122893 
757 21 11 13 0.02805058 
836 121 28 36 0.027978588 
592 116 12 15 0.027942402 
145 12 10 11 0.02765858 
983 151 12 16 0.027480286 
175 60 9 12 0.027398007 
576 22 12 14 0.027376331 
894 135 9 13 0.027350003 
833 5 11 12 0.027344327 
440 3 29 31 0.02727657 
141 62 9 10 0.027236525 
292 -1 16 14 0.027221646 
581 218 33 44 0.027113166 
206 4 13 16 0.027077079 
862 93 9 14 0.027069855 
753 78 12 15 0.02695038 
876 67 11 12 0.026592515 
366 26 13 15 0.026424004 
465 86 24 29 0.026379881 
249 200 14 21 0.026344666 
699 96 20 30 0.026329095 
722 114 91 117 0.026189193 
695 107 11 18 0.026176972 
642 9 14 15 0.026117617 
808 122 29 34 0.026097042 
232 97 30 38 0.026042253 
832 21 12 15 0.025932413 
776 70 11 15 0.025880598 
784 177 27 34 0.025839288 
151 54 8 11 0.025723703 
59 61 11 14 0.025464593 
752 134 12 16 0.025389947 
949 301 11 14 0.02522236 
981 14 11 13 0.025166942 
187 1 16 16 0.025101325 
187 204 32 41 0.025015587 
23 6 11 13 0.0249833 
112 61 11 13 0.024884384 
773 172 15 19 0.024824854 
929 227 10 13 0.024821695 
901 234 16 21 0.024767114 
227 3 15 19 0.024731928 
96 39 10 12 0.024698183 
457 83 23 26 0.024637667 
52 77 10 14 0.024617337 
327 28 54 58 0.024599416 
47 4 10 13 0.02454245 
602 42 12 15 0.024529612 
865 136 12 18 0.024495898 
44 79 20 26 0.024494551 
742 95 11 13 0.02428951 
630 40 12 15 0.02412359 
856 110 10 14 0.0240884 
77 186 16 21 0.024071738 
726 174 24 30 0.024069056 
467 -1 22 24 0.024016442 
356 125 29 33 0.023999143 
148 109 50 57 0.023958238 
436 132 48 57 0.023801358 
621 2 15 17 0.023793131 
394 5 16 17 0.023774354 
622 32 14 18 0.023630178 
766 166 30 36 0.023584416 
900 70 12 14 0.023554387 
992 46 10 11 0.023333866 
200 63 9 12 0.023273133 
694 1 14 17 0.023154523 
316 117 10 14 0.023149552 
4 11 13 18 0.023105824 
610 149 25 29 0.023055859 
87 87 10 12 0.023035835 
862 113 23 29 0.022972798 
782 63 10 13 0.02292674 
72 178 40 56 0.022869283 
593 189 12 15 0.022826789 
149 84 23 28 0.022806793 
700 -1 17 18 0.02274746 
42 84 11 13 0.022669965 
897 219 24 31 0.022596903 
745 132 53 66 0.02255916 
651 124 14 19 0.022545876 
113 28 9 12 0.022495924 
52 7 11 12 0.022442257 
50 151 14 18 0.022344721 
144 69 8 11 0.022317812 
915 182 12 14 0.022317009 
910 119 11 12 0.02231578 
978 181 11 12 0.022205338 
735 154 12 15 0.02220216 
128 6 11 13 0.022133065 
996 46 10 12 0.02199225 
646 130 16 22 0.021904081 
425 127 17 20 0.021873815 
369 20 16 17 0.021869225 
1 135 8 11 0.021753818 
459 145 31 37 0.021722049 
244 153 16 18 0.021683335 
163 84 12 15 0.021671075 
832 13 11 13 0.021636494 
704 44 12 14 0.021500772 
965 7 11 12 0.02149374 
202 117 52 59 0.021467531 
756 15 10 13 0.02145048 
377 155 14 19 0.021438 
183 137 37 41 0.021371495 
748 94 12 14 0.021363962 
79 116 12 15 0.021332791 
438 4 16 18 0.021305908 
53 186 45 56 0.02129857 
218 196 24 30 0.021296937 
250 121 17 22 0.021208504 
253 68 20 27 0.021207724 
604 30 12 16 0.021146264 
352 115 28 31 0.021133818 
246 139 23 29 0.021107627 
777 63 8 11 0.020983089 
926 22 9 11 0.020926246 
467 86 13 16 0.02085149 
631 6 14 18 0.0208074 
1002 229 9 11 0.020792764 
218 141 12 15 0.020748729 
703 76 9 11 0.02074003 
879 5 10 12 0.020646997 
127 70 9 11 0.020576246 
691 12 14 18 0.020572476 
336 40 30 32 0.02057127 
92 117 14 16 0.020561568 
914 187 15 18 0.020522928 
679 103 23 30 0.020508511 
799 111 56 67 0.020470418 
151 113 27 33 0.020398093 
606 150 12 15 0.020377899 
37 216 30 36 0.020347048 
267 153 15 19 0.020342425 
103 87 11 14 0.020292755 
1002 213 10 12 0.020289488 
89 0 10 10 0.020268453 
871 5 11 12 0.020266447 
424 538 29 34 0.020153077 
782 148 11 13 0.020092113 
92 -8 91 119 0.020089012 
708 62 11 14 0.020079413 
