0_Parade_Parade_0_917
123
650 122 29 36 0.83903354 
150 237 9 11 0.4725388 
52 399 26 33 0.39149746 
135 261 11 12 0.30947956 
0 317 8 14 0.20937563 
156 254 11 13 0.17446275 
324 429 10 13 0.15705262 
728 460 27 33 0.14484814 
991 351 23 30 0.14323953 
136 254 12 15 0.14220034 
544 323 11 15 0.13427015 
593 412 26 39 0.12872772 
533 295 12 15 0.1266372 
23 328 8 10 0.12622453 
113 247 11 14 0.109668285 
587 197 15 17 0.0955507 
821 337 30 38 0.08225283 
936 323 40 49 0.07414919 
563 418 13 19 0.07247138 
642 108 45 60 0.06938879 
116 261 10 13 0.06843528 
634 325 18 23 0.0651149 
419 302 8 11 0.061793413 
153 259 11 12 0.05837406 
140 248 10 12 0.05718091 
397 384 12 16 0.056342583 
495 347 10 13 0.054945286 
81 294 7 10 0.051380392 
584 438 100 125 0.049249817 
592 299 13 17 0.04904334 
152 244 10 12 0.046314538 
692 109 17 23 0.04568932 
493 393 59 72 0.0456594 
157 247 10 13 0.045620497 
690 418 43 57 0.044983737 
457 397 10 12 0.043903757 
519 360 21 26 0.042967163 
635 132 13 16 0.041841444 
560 425 11 15 0.04179916 
808 335 26 32 0.04065481 
502 318 15 19 0.040588386 
487 278 7 9 0.04034203 
823 283 11 14 0.04029815 
489 343 10 12 0.039925057 
943 289 34 41 0.039131053 
145 232 10 12 0.038954303 
129 262 9 12 0.03830864 
500 147 400 490 0.03771464 
111 287 9 12 0.03755929 
448 263 8 9 0.037496906 
529 292 20 26 0.03749454 
81 288 7 9 0.03748263 
835 344 18 24 0.03731493 
134 232 9 11 0.036373187 
600 332 11 15 0.03574063 
662 128 18 23 0.03556865 
641 328 19 24 0.035531502 
458 405 10 12 0.035272274 
500 349 9 12 0.03481877 
633 126 26 32 0.03278628 
535 287 10 14 0.032448955 
7 325 9 12 0.032218713 
541 286 11 13 0.031002248 
19 253 12 15 0.030852525 
472 363 11 14 0.030819837 
129 232 9 11 0.030606093 
110 241 20 24 0.03058481 
836 514 14 17 0.03043546 
595 295 11 13 0.03012059 
3 316 10 14 0.029407263 
37 253 13 17 0.02917748 
441 344 7 10 0.028361099 
601 408 17 27 0.02835918 
517 493 13 13 0.028318983 
488 361 13 16 0.028282411 
939 338 19 22 0.028137749 
540 293 10 13 0.027606351 
566 406 11 13 0.027191296 
95 287 6 9 0.027159415 
190 244 14 16 0.027069008 
145 230 19 24 0.026868908 
40 246 10 12 0.026702428 
799 323 44 49 0.026559029 
446 343 8 10 0.02654512 
676 122 11 16 0.026146097 
591 351 12 15 0.025926283 
675 82 42 53 0.025764689 
590 390 25 32 0.025722804 
33 258 10 14 0.025539001 
243 382 10 13 0.025189623 
861 318 10 14 0.025006266 
619 351 25 33 0.025004413 
605 109 42 58 0.024917293 
494 357 11 15 0.02479433 
595 402 18 24 0.024748148 
47 285 7 10 0.024679963 
563 408 23 30 0.024571441 
662 259 143 170 0.024440426 
405 304 8 10 0.024363888 
986 152 40 82 0.024355752 
586 300 22 27 0.024255391 
541 316 19 26 0.024109636 
574 478 33 41 0.023314856 
576 460 52 75 0.02325833 
15 333 9 10 0.02307947 
538 298 13 17 0.022524029 
0 248 8 12 0.022509068 
60 251 11 13 0.022506038 
96 295 7 9 0.022407845 
814 318 12 16 0.022228511 
771 313 22 25 0.022003043 
64 401 19 24 0.021926481 
290 391 8 11 0.02161488 
295 400 9 11 0.021348765 
780 303 14 16 0.021339092 
296 406 9 12 0.02116957 
320 -29 398 471 0.021006165 
14 341 11 14 0.020921534 
629 318 14 18 0.020754531 
684 384 15 18 0.020448638 
797 357 16 22 0.020238658 
88 288 7 8 0.020187424 
475 359 11 14 0.020081528 
