0_Parade_marchingband_1_156
225
568 248 61 69 0.9989753 
168 250 64 70 0.99863154 
872 185 79 99 0.9853064 
404 189 14 19 0.6200029 
349 199 13 18 0.5192748 
68 200 17 20 0.5084933 
889 0 16 17 0.5079471 
152 136 51 51 0.42240363 
39 576 26 41 0.3930135 
44 14 21 29 0.35853106 
330 9 16 21 0.34336638 
658 91 14 17 0.3397297 
668 112 14 19 0.31234157 
187 24 15 19 0.29693902 
749 158 14 17 0.29134566 
287 253 23 34 0.29120067 
360 275 21 25 0.26489344 
15 198 16 20 0.23840325 
445 289 14 18 0.21870887 
734 232 15 18 0.21506009 
317 196 13 16 0.20411336 
343 265 15 21 0.20105597 
439 258 16 20 0.18812625 
88 56 15 20 0.17704132 
4 331 16 21 0.1558198 
458 155 13 17 0.15503058 
1007 209 15 23 0.15171881 
377 20 13 18 0.15005806 
404 268 14 18 0.14775805 
352 335 22 28 0.14725305 
708 352 14 17 0.14667293 
384 202 14 18 0.14467505 
384 177 12 15 0.14106816 
823 21 13 16 0.122217126 
267 -1 17 14 0.121516705 
263 33 14 18 0.11840966 
739 6 14 17 0.11564071 
292 245 15 17 0.11043004 
5 239 14 17 0.107116245 
99 215 27 40 0.10671007 
324 240 17 22 0.10614795 
438 190 15 19 0.101494566 
244 24 15 19 0.10097294 
269 218 17 22 0.09589155 
18 5 22 26 0.095764264 
397 267 15 18 0.093642004 
367 192 13 16 0.08904183 
394 148 14 18 0.088916935 
775 219 14 19 0.08853579 
233 150 48 69 0.0879143 
343 226 13 16 0.08521643 
690 277 14 17 0.08479149 
59 0 16 17 0.08198072 
12 604 24 33 0.07898624 
1002 289 16 23 0.07848415 
484 176 16 21 0.07842968 
663 255 15 19 0.07768225 
420 168 14 18 0.07619747 
391 265 14 17 0.07360329 
181 139 51 57 0.0734218 
345 268 22 27 0.07307746 
75 205 41 52 0.07282107 
503 -1 15 14 0.07269288 
715 154 19 22 0.071111806 
451 217 17 21 0.07071499 
43 147 16 20 0.06997669 
75 503 45 58 0.06861455 
806 0 16 18 0.0648489 
43 312 13 17 0.06469906 
297 26 15 20 0.064029954 
125 4 24 26 0.06051674 
315 344 18 22 0.059786946 
979 22 12 15 0.059089713 
366 271 15 18 0.058710404 
478 67 16 18 0.05848038 
84 160 18 26 0.057530366 
693 190 13 17 0.057233762 
777 -2 17 15 0.056280676 
469 86 13 17 0.05497223 
475 105 12 16 0.05460333 
37 58 15 19 0.05363588 
481 182 27 35 0.05327144 
724 186 14 18 0.052077472 
345 138 15 19 0.052050997 
568 177 22 31 0.051918205 
415 341 15 20 0.051341493 
446 56 16 24 0.051162843 
33 242 17 24 0.049833294 
447 341 28 35 0.0493142 
159 130 35 35 0.049042773 
298 188 12 16 0.04872649 
157 60 15 19 0.04870491 
439 412 56 59 0.048421405 
530 499 107 129 0.048139896 
355 89 13 16 0.04779036 
810 85 16 19 0.047646087 
130 0 15 14 0.046587035 
51 4 23 28 0.04498247 
735 541 44 56 0.0444572 
704 93 11 15 0.04443918 
516 130 15 20 0.04376895 
60 57 16 21 0.04353367 
131 17 16 20 0.043129534 
1000 101 25 41 0.042119976 
303 90 15 18 0.041431803 
362 224 15 17 0.04142881 
400 274 23 28 0.040303864 
333 12 21 26 0.04024805 
266 5 24 28 0.03976592 
715 257 14 17 0.03927197 
355 282 18 23 0.03903277 
430 140 14 17 0.03872598 
105 0 17 16 0.038632683 
21 12 26 31 0.03861174 
471 99 14 19 0.03852646 
738 338 17 23 0.038311273 
148 137 32 37 0.037644833 
362 330 15 20 0.037541576 
636 145 15 19 0.037316527 
685 10 14 16 0.03646273 
30 18 28 33 0.035744246 
299 -1 17 19 0.03548324 
1004 113 16 25 0.035407692 
168 154 35 43 0.034946095 
4 319 21 28 0.03467811 
331 184 13 18 0.03466754 
17 650 32 47 0.033925347 
811 107 27 34 0.033677675 
211 85 15 20 0.033091616 
-6 0 82 116 0.032659482 
765 -1 14 12 0.03199713 
807 208 14 17 0.031986233 
237 0 16 18 0.031960048 
386 215 15 20 0.03169921 
133 123 85 84 0.031629916 
117 241 16 22 0.031183278 
390 142 14 16 0.030968975 
87 217 15 19 0.03059079 
715 298 16 21 0.030562205 
459 375 51 60 0.030490557 
706 123 14 18 0.030260427 
340 30 21 28 0.030000491 
295 249 18 23 0.02980826 
1 295 24 37 0.02971572 
28 585 27 37 0.029617509 
408 272 15 19 0.029315317 
709 157 16 20 0.02927634 
11 150 16 20 0.029234644 
376 148 12 15 0.029071607 
601 161 38 49 0.028927807 
854 223 26 37 0.02889428 
62 592 26 35 0.028439213 
54 95 22 31 0.02834515 
769 130 14 17 0.028208895 
348 20 12 15 0.02818092 
313 290 22 27 0.028107233 
574 179 46 52 0.027843809 
798 269 14 17 0.02756471 
396 53 15 18 0.027550207 
474 90 15 19 0.027437016 
397 280 15 21 0.02741388 
422 202 12 15 0.027408808 
630 162 24 36 0.027320566 
762 266 13 16 0.027224 
124 56 17 23 0.0267016 
389 53 14 18 0.026535673 
593 10 14 17 0.026188103 
284 171 13 15 0.026163198 
515 115 22 28 0.026006984 
427 201 13 17 0.02539304 
737 208 15 18 0.025202233 
520 511 31 36 0.025171667 
238 19 17 20 0.025059888 
320 10 22 26 0.024839222 
810 97 15 19 0.024421113 
356 325 17 20 0.024196845 
511 113 13 17 0.024190068 
652 116 15 20 0.024078691 
714 11 14 16 0.02402022 
504 63 10 12 0.023985209 
626 113 14 19 0.023898363 
511 82 14 18 0.023852555 
551 164 26 35 0.023779089 
183 132 34 43 0.023717018 
389 273 16 20 0.02369297 
26 30 16 21 0.023536013 
149 62 21 25 0.023442851 
661 108 16 21 0.023429189 
465 401 43 48 0.023390103 
133 63 15 20 0.022958895 
718 49 15 18 0.022893658 
522 506 62 66 0.022618469 
450 339 18 23 0.022609038 
944 0 16 17 0.022607451 
818 0 16 18 0.022582449 
714 218 15 19 0.022503085 
676 280 13 18 0.022458853 
308 298 24 31 0.02211229 
485 167 14 16 0.021986661 
435 53 24 31 0.021841891 
13 25 49 61 0.02167923 
726 98 13 15 0.021645304 
515 109 15 18 0.021473162 
395 179 21 26 0.021469776 
74 51 21 29 0.02146709 
286 122 14 16 0.02145073 
198 44 16 21 0.021343973 
386 187 14 17 0.021294449 
457 365 38 47 0.02127779 
774 102 14 17 0.021248737 
291 266 25 31 0.021243526 
419 104 15 17 0.021180185 
337 5 14 19 0.021177003 
46 582 37 49 0.021044469 
991 281 26 40 0.021015935 
435 313 22 30 0.0210034 
970 91 16 19 0.02094825 
245 176 30 41 0.020801581 
1000 209 27 42 0.020682266 
262 164 11 17 0.020480758 
647 300 24 29 0.020272754 
403 319 24 30 0.020201232 
854 -1 12 11 0.020146364 
930 94 15 21 0.020144528 
461 -1 13 12 0.020063406 
