0_Parade_marchingband_1_74
687
189 362 35 46 0.99809736 
501 382 15 19 0.993385 
463 338 14 18 0.9885971 
780 382 16 21 0.9882633 
629 374 15 17 0.980941 
469 370 13 18 0.9807328 
909 374 14 18 0.9798496 
867 381 15 20 0.9702635 
733 302 14 17 0.9689836 
604 407 16 20 0.9669462 
564 370 14 18 0.96407837 
484 333 13 17 0.9627998 
852 350 13 16 0.9618923 
572 333 13 16 0.9613313 
527 359 14 18 0.9526612 
661 413 15 18 0.95173657 
708 357 14 17 0.94909036 
248 307 15 19 0.94661576 
529 404 14 18 0.9433687 
506 314 14 18 0.9426652 
582 391 15 18 0.9416818 
775 316 12 15 0.93795437 
493 301 13 16 0.93741626 
655 302 12 16 0.9362522 
277 296 14 17 0.9350193 
744 368 14 19 0.93291515 
656 364 15 19 0.9285286 
839 374 15 19 0.9276241 
699 383 15 19 0.9260816 
315 328 15 18 0.92160267 
386 339 14 17 0.92061126 
350 346 12 15 0.91605234 
759 392 15 19 0.9159341 
589 314 12 16 0.9052179 
547 345 13 16 0.8973788 
724 286 11 13 0.8868729 
434 364 13 16 0.88664997 
837 325 13 15 0.88584906 
958 359 15 18 0.8806969 
823 395 14 17 0.8769336 
875 355 15 17 0.87233245 
420 313 14 16 0.8710056 
716 401 15 18 0.8706977 
294 318 13 17 0.86438453 
457 317 11 14 0.85888624 
261 266 12 16 0.85753655 
769 343 15 18 0.8538374 
176 297 15 18 0.85186964 
410 358 12 16 0.84756464 
210 311 15 18 0.8399923 
663 282 11 13 0.8306097 
823 303 12 15 0.82747066 
581 294 14 16 0.81616545 
804 357 14 18 0.81332004 
919 327 12 14 0.81170875 
674 323 13 15 0.8082076 
932 364 12 16 0.8021028 
756 272 14 16 0.79451144 
346 313 13 16 0.77749354 
855 292 11 14 0.76561064 
992 332 12 16 0.763885 
684 354 14 17 0.7596988 
495 358 14 17 0.7579498 
754 325 12 15 0.75317186 
563 282 11 14 0.74447185 
627 303 12 15 0.74096084 
903 343 13 15 0.72927177 
765 300 10 14 0.72612345 
888 327 11 14 0.7246768 
439 311 12 15 0.7207174 
735 337 14 16 0.7041176 
646 345 14 16 0.6969975 
704 301 11 14 0.695282 
405 329 13 17 0.6880297 
266 317 12 15 0.6879453 
954 325 15 18 0.68202764 
632 269 10 12 0.67724717 
816 277 11 13 0.6639281 
575 356 13 16 0.65697414 
538 324 12 15 0.6567666 
553 298 12 15 0.65114665 
603 349 13 16 0.6331269 
405 295 10 13 0.62154055 
267 228 13 17 0.61620885 
671 393 14 16 0.5976911 
866 338 13 16 0.590131 
615 358 13 16 0.5874204 
796 308 12 14 0.5796683 
935 300 11 14 0.572364 
382 384 12 17 0.5664662 
619 330 13 16 0.5566909 
973 350 12 15 0.552241 
368 308 12 16 0.5435492 
511 342 13 16 0.5386629 
321 284 11 13 0.51085645 
607 315 10 13 0.4985944 
706 335 13 15 0.48212188 
839 293 9 11 0.46029705 
828 338 11 14 0.44489297 
331 301 12 15 0.43564722 
964 311 13 15 0.43041065 
784 296 10 12 0.4087858 
643 282 11 14 0.40543547 
594 382 14 18 0.3866488 
10 110 8 11 0.38140306 
372 314 13 15 0.3789021 
448 293 11 13 0.37300187 
889 308 11 13 0.3715069 
728 327 10 14 0.36233702 
615 294 9 12 0.34074345 
311 366 10 12 0.33499515 
1015 378 9 14 0.33333078 
687 302 10 12 0.31921247 
891 348 11 16 0.31179458 
468 295 11 13 0.3058402 
535 317 12 16 0.3041064 
374 323 12 15 0.30038655 
431 421 9 12 0.29992282 
886 289 8 11 0.2818863 
768 294 11 14 0.27565518 
805 309 10 13 0.2677604 
216 285 11 13 0.25800943 
346 298 13 16 0.2536583 
546 279 10 12 0.2528155 
716 407 17 21 0.2513096 
959 315 14 17 0.25079685 
488 276 12 15 0.24844475 
132 281 14 16 0.24747297 
860 421 12 16 0.24144426 
236 285 10 12 0.2402549 
685 309 12 14 0.24002917 
374 287 11 13 0.23680612 
903 294 9 12 0.23451678 
639 344 12 16 0.2279093 
881 291 9 12 0.22379102 
783 339 11 15 0.22276396 
431 414 11 15 0.2147371 
793 285 8 11 0.21177045 
531 309 12 15 0.21129416 
813 349 12 16 0.19005565 
262 373 12 14 0.18875213 
549 433 14 19 0.18220045 
555 326 11 14 0.180449 
861 317 10 13 0.17735061 
660 461 12 17 0.17701787 
645 294 11 14 0.1750587 
159 297 12 16 0.1733765 
890 683 98 118 0.17328288 
724 349 11 16 0.17281708 
966 422 14 19 0.17162384 
883 353 13 16 0.1698506 
869 350 15 19 0.16768123 
871 411 10 13 0.16460013 
787 338 11 14 0.16181591 
550 400 15 18 0.15983707 
123 314 19 24 0.15624665 
520 294 9 13 0.15062064 
436 342 11 14 0.14812902 
485 283 11 13 0.14666364 
793 314 11 14 0.14522976 
437 287 10 12 0.1449153 
711 278 8 11 0.14322105 
938 355 13 17 0.14100443 
263 350 11 15 0.14096867 
773 288 9 12 0.14005435 
549 330 14 16 0.13946305 
421 294 11 12 0.13497993 
344 371 10 13 0.13342257 
528 330 10 14 0.13062745 
531 300 12 15 0.1298796 
427 315 12 15 0.1257544 
703 283 10 12 0.12545946 
673 255 8 10 0.1251144 
230 307 13 16 0.124362476 
493 415 11 15 0.12222695 
462 405 9 12 0.121447295 
838 288 9 11 0.119331084 
615 287 10 12 0.11417182 
467 24 17 22 0.113780424 
813 293 9 12 0.110959865 
707 305 12 14 0.109942004 
464 420 10 14 0.108555555 
341 284 10 12 0.10825506 
809 353 14 18 0.10822439 
464 30 21 30 0.10804131 
192 286 11 14 0.10786058 
429 399 10 12 0.1076759 
455 340 13 17 0.10731097 
630 326 12 14 0.10656114 
815 342 11 14 0.10642278 
371 331 11 16 0.105619214 
861 411 13 16 0.10353367 
1005 351 8 13 0.103138976 
858 352 13 17 0.10111899 
639 315 11 14 0.10066627 
406 416 8 11 0.0996287 
230 290 12 16 0.09805959 
399 288 9 11 0.09785902 
531 293 13 15 0.09701666 
653 248 10 12 0.096858606 
702 433 12 16 0.09465691 
369 348 10 13 0.094571084 
431 404 12 16 0.0938311 
904 425 11 15 0.093413085 
641 293 10 13 0.09266839 
570 425 13 17 0.09231651 
831 293 11 13 0.0905223 
269 308 13 17 0.08754195 
735 281 8 11 0.08713519 
968 296 10 12 0.08704498 
491 454 11 13 0.08672803 
895 287 9 11 0.0856804 
937 362 12 16 0.082626574 
414 295 11 12 0.082161486 
595 315 11 15 0.08151227 
310 383 12 15 0.08138866 
174 326 13 16 0.080875315 
926 320 11 13 0.07868058 
501 309 14 18 0.07839098 
586 298 13 15 0.07793577 
420 301 12 13 0.07778305 
316 366 10 12 0.07706106 
306 364 11 15 0.07683005 
812 427 13 17 0.07667124 
887 343 12 15 0.07623614 
635 331 12 15 0.07595274 
202 333 14 17 0.074694194 
464 298 12 14 0.074422345 
457 404 10 13 0.07397748 
814 284 11 13 0.073314026 
717 308 10 12 0.0728836 
810 270 9 13 0.07268969 
118 104 13 15 0.072402425 
163 294 12 15 0.07189567 
648 252 10 12 0.07143621 
833 287 9 11 0.07028447 
296 286 10 13 0.06992888 
909 412 11 13 0.069370754 
670 342 13 16 0.068250954 
369 339 11 14 0.06824537 
1005 273 9 12 0.068069614 
862 311 10 14 0.06718919 
981 353 11 15 0.066568665 
788 301 11 14 0.066506565 
380 292 10 12 0.06596082 
796 323 11 14 0.06571381 
858 287 11 14 0.065344304 
649 300 12 15 0.06469696 
412 351 13 17 0.064491384 
742 286 9 10 0.064402066 
479 325 14 18 0.064289354 
758 405 16 20 0.06415232 
677 255 9 10 0.064099625 
541 328 15 17 0.063842416 
219 291 13 17 0.063269675 
685 344 13 17 0.06316573 
301 287 10 13 0.06316409 
860 298 10 13 0.06307588 
478 317 13 15 0.062826976 
389 286 11 13 0.062627055 
526 295 11 14 0.06218588 
680 311 12 14 0.062097166 
462 414 11 14 0.061982706 
654 332 14 17 0.061649878 
312 285 11 14 0.06123704 
335 220 20 26 0.060522325 
782 237 14 16 0.05992893 
598 295 10 13 0.059858635 
405 388 10 13 0.059479844 
569 360 17 20 0.059377875 
448 342 12 15 0.05891166 
828 454 14 16 0.058709733 
904 299 9 13 0.05863747 
681 348 12 16 0.058314618 
987 293 10 13 0.058232885 
282 375 11 14 0.05821144 
433 288 9 12 0.057434622 
267 355 12 15 0.05741007 
547 284 11 13 0.057140913 
377 371 11 14 0.057053 
446 298 11 14 0.056103054 
261 363 14 18 0.055043448 
796 280 9 12 0.05504067 
439 302 12 15 0.054925684 
612 469 15 17 0.05373578 
525 257 8 9 0.053517684 
961 407 9 13 0.05349901 
802 365 16 19 0.053406727 
632 422 11 13 0.052920915 
889 315 13 15 0.052888803 
342 380 13 17 0.052884553 
305 387 10 13 0.052233826 
1014 426 10 16 0.05217975 
918 339 12 14 0.05210931 
399 327 13 17 0.05171852 
75 148 12 14 0.051420677 
779 310 11 15 0.051416464 
900 454 11 13 0.050704602 
520 436 11 15 0.050323784 
998 318 9 11 0.04994928 
983 419 11 14 0.049843248 
301 311 14 17 0.049299963 
633 428 12 15 0.048950974 
806 302 11 14 0.048946448 
693 295 9 12 0.04861175 
911 332 12 15 0.047966555 
708 296 11 14 0.04782944 
344 319 14 18 0.047677208 
467 427 12 15 0.047621142 
372 303 11 15 0.04754454 
678 245 9 11 0.047531746 
1006 298 11 14 0.047208685 
314 387 13 14 0.04705693 
948 429 11 13 0.04696126 
972 316 11 14 0.04686785 
500 350 15 18 0.046663955 
818 348 12 15 0.046607345 
573 308 11 13 0.046433132 
944 285 9 11 0.046401497 
909 428 10 12 0.04612321 
869 315 10 12 0.045950025 
525 438 10 12 0.045903794 
582 277 10 12 0.045877114 
488 27 14 18 0.045572948 
501 427 12 15 0.044321083 
382 375 10 13 0.043927353 
554 428 12 17 0.043098465 
966 300 12 14 0.043055028 
713 273 8 11 0.04300282 
611 310 11 14 0.04299311 
752 320 12 15 0.04297806 
825 259 9 12 0.042717144 
399 299 12 14 0.04220878 
495 311 13 17 0.04198901 
400 422 9 10 0.041888498 
985 338 11 15 0.041256614 
695 263 11 13 0.041238233 
488 305 14 16 0.04099181 
584 310 13 15 0.040657863 
904 406 11 13 0.040512446 
541 87 13 18 0.040478114 
452 288 12 13 0.040093284 
734 247 13 14 0.04001144 
620 352 11 13 0.03998915 
279 356 11 14 0.039788537 
627 270 8 11 0.039515987 
831 269 9 11 0.03943457 
963 349 17 23 0.03935267 
575 271 9 11 0.038770586 
600 361 13 16 0.038743176 
567 308 10 13 0.038710743 
988 355 11 14 0.03829599 
558 407 13 17 0.038132142 
703 317 11 13 0.038037587 
195 194 28 33 0.037890792 
368 290 12 15 0.037786223 
488 295 10 13 0.037765633 
928 278 10 12 0.037354574 
892 304 11 13 0.03722061 
439 292 11 14 0.037159216 
901 460 11 13 0.037101228 
691 300 11 14 0.037022 
455 443 12 14 0.036981054 
911 316 10 13 0.036965974 
511 302 12 14 0.03695635 
757 339 13 16 0.036912575 
637 300 10 14 0.036730137 
342 395 13 16 0.036583252 
257 261 13 17 0.03657658 
831 280 8 10 0.03641307 
741 279 9 11 0.036278617 
700 373 15 19 0.036057495 
606 320 12 16 0.036056653 
910 311 10 12 0.036038343 
509 335 11 13 0.035894684 
568 453 14 16 0.035872664 
829 262 11 12 0.035790045 
660 289 13 16 0.035660323 
334 295 11 14 0.035585925 
600 251 8 11 0.03547659 
958 294 10 13 0.035316683 
356 220 13 15 0.03528102 
952 293 10 13 0.035196617 
237 280 11 14 0.035180625 
477 294 11 13 0.03514627 
764 247 10 12 0.035073202 
908 301 11 13 0.035002396 
151 279 11 13 0.034947284 
961 399 9 11 0.03485922 
894 343 11 15 0.03467723 
903 309 10 13 0.034517534 
628 294 12 15 0.03450633 
585 251 9 12 0.03443028 
477 300 10 13 0.03420935 
534 467 14 16 0.03414888 
927 286 9 10 0.03406989 
971 294 13 14 0.03403215 
91 150 13 17 0.034028906 
164 785 17 18 0.034000672 
856 323 11 14 0.033892456 
637 264 9 11 0.033824366 
930 293 11 14 0.033778436 
550 271 9 12 0.033775236 
720 331 10 14 0.033564888 
392 318 11 13 0.03334769 
275 218 13 18 0.03327732 
237 374 12 15 0.03317129 
872 280 8 11 0.033031166 
108 157 14 18 0.03301422 
374 398 12 14 0.032862037 
606 359 13 17 0.032849707 
708 444 15 18 0.032802816 
463 287 10 12 0.032406025 
542 308 11 14 0.032168213 
867 419 12 15 0.03210278 
261 352 19 25 0.032055583 
469 316 10 14 0.03200139 
836 238 10 12 0.031969994 
596 449 13 17 0.031949736 
959 300 10 12 0.031771872 
916 414 11 13 0.031727444 
734 344 14 18 0.031606995 
896 292 9 12 0.031482816 
256 346 14 19 0.03145687 
673 247 8 11 0.03143818 
778 323 13 15 0.031405542 
928 309 10 12 0.031043723 
548 247 10 12 0.030975388 
433 197 45 52 0.030965725 
202 202 17 19 0.030866904 
840 253 11 14 0.03080244 
762 295 18 23 0.030788053 
630 315 13 16 0.030671896 
454 418 12 15 0.030670032 
841 329 13 15 0.030637233 
855 310 11 14 0.030522082 
608 295 11 12 0.030518709 
429 391 10 13 0.030510742 
611 351 13 17 0.030483602 
219 308 13 17 0.030438928 
564 405 11 16 0.030434864 
397 307 10 14 0.030314803 
629 265 18 22 0.030183947 
159 304 11 16 0.030042743 
711 236 10 11 0.029995315 
414 422 8 10 0.02998114 
452 299 12 13 0.02994926 
661 340 10 15 0.02993696 
204 721 13 15 0.029887702 
542 291 11 14 0.029819947 
613 279 10 12 0.029805206 
336 382 11 15 0.029710924 
378 318 11 14 0.02969778 
932 271 10 13 0.02965573 
633 340 12 16 0.029480021 
401 289 18 23 0.029394642 
-1 716 10 19 0.029370252 
770 336 15 17 0.02932411 
607 300 11 13 0.02906666 
839 259 11 13 0.028992482 
558 317 12 15 0.028861653 
809 287 10 12 0.028840635 
499 433 13 17 0.02876044 
688 349 14 17 0.02870287 
582 322 13 18 0.028698847 
894 415 11 14 0.02865535 
709 392 18 23 0.028630536 
752 467 11 13 0.028599685 
821 283 10 12 0.02842967 
813 273 18 21 0.028389802 
900 468 11 15 0.028360544 
709 315 10 12 0.028001713 
336 279 11 14 0.027984962 
691 307 11 14 0.027946126 
444 283 21 24 0.027758071 
798 333 10 14 0.027670622 
958 55 10 12 0.02756963 
549 319 12 15 0.027476113 
646 307 11 15 0.027438274 
777 244 10 12 0.027344309 
380 367 10 12 0.027327653 
568 337 13 16 0.027269615 
392 417 9 11 0.027255228 
896 79 9 12 0.027176937 
544 300 11 14 0.02714559 
400 406 9 10 0.027128238 
992 319 11 13 0.02712301 
465 374 13 17 0.027079357 
317 277 18 24 0.02688512 
277 288 14 16 0.026847048 
285 357 9 13 0.026785498 
700 324 13 15 0.02678402 
874 412 11 13 0.026758986 
139 278 12 16 0.026641073 
622 397 12 17 0.026617058 
836 455 10 13 0.026493507 
704 349 13 16 0.026438503 
591 248 8 11 0.02639735 
901 288 10 12 0.02627912 
904 315 10 13 0.026204402 
665 237 8 10 0.026157951 
278 349 12 15 0.026152425 
567 327 12 16 0.026144993 
697 279 10 13 0.026125925 
607 279 10 12 0.026085667 
952 62 9 11 0.02606876 
266 378 12 15 0.026008321 
847 287 9 11 0.025981072 
302 303 11 14 0.025934502 
293 341 10 13 0.025914485 
196 279 11 14 0.025888015 
845 277 10 12 0.025842153 
832 345 11 15 0.025802074 
250 250 13 17 0.025748247 
278 363 12 14 0.025704706 
940 305 11 14 0.025685154 
210 299 20 26 0.025637096 
904 48 9 9 0.025509857 
408 225 104 116 0.02549687 
874 285 9 12 0.025443736 
759 306 12 15 0.025400287 
183 346 14 17 0.025398396 
933 324 9 12 0.02539266 
487 415 20 24 0.0253474 
727 317 12 15 0.025346026 
816 403 12 15 0.025307927 
909 62 11 14 0.025265919 
326 236 9 12 0.025250731 
663 247 8 11 0.02520827 
349 221 14 17 0.025194408 
183 187 31 34 0.025000349 
348 365 10 13 0.024946148 
197 334 21 26 0.024830965 
894 84 9 13 0.024810283 
597 311 10 13 0.02476679 
641 253 8 11 0.024759661 
468 411 14 17 0.02465322 
907 293 12 13 0.024592852 
965 54 11 13 0.024543446 
959 60 11 13 0.024533276 
701 268 10 12 0.024473961 
568 374 16 19 0.024440944 
307 316 11 15 0.02443647 
12 104 11 14 0.024417438 
302 247 9 10 0.02435471 
260 341 14 18 0.024344288 
426 413 11 14 0.02427944 
664 254 9 11 0.024279349 
461 399 11 14 0.024271602 
265 262 12 14 0.024268564 
258 372 22 25 0.024255348 
916 301 10 13 0.024244469 
211 273 22 25 0.024223544 
952 356 12 16 0.024170741 
990 194 9 13 0.024132943 
476 411 12 15 0.02411211 
18 762 29 37 0.024065688 
648 259 9 12 0.024036163 
448 419 11 14 0.024025401 
981 319 10 13 0.023994979 
469 288 10 12 0.023940172 
256 230 12 15 0.02391696 
130 309 15 18 0.023775768 
815 308 9 13 0.023630189 
621 287 10 13 0.023565467 
919 286 9 12 0.02345726 
533 288 11 11 0.023452159 
902 399 11 12 0.023444539 
391 307 11 15 0.023443623 
942 280 10 12 0.0234114 
969 310 12 14 0.023408843 
1006 305 11 15 0.023401516 
418 284 10 12 0.02337712 
566 303 9 13 0.023347992 
270 359 22 28 0.023345454 
285 348 10 14 0.023338398 
207 317 16 21 0.023314988 
278 369 19 26 0.023176376 
164 267 10 14 0.023175802 
939 294 11 14 0.023169605 
621 293 11 14 0.023094568 
501 454 10 13 0.023077693 
7 102 18 25 0.023059929 
413 340 11 15 0.023054888 
989 298 10 13 0.023012025 
532 349 12 16 0.022995463 
847 292 10 13 0.022994941 
351 278 9 11 0.022944145 
178 329 14 16 0.02288759 
1001 311 11 13 0.022809613 
988 225 14 18 0.022759033 
598 284 11 12 0.022726258 
325 388 11 14 0.022725254 
382 254 8 9 0.022637388 
702 247 9 11 0.022583628 
571 443 15 18 0.02256882 
388 353 12 14 0.022558676 
717 271 10 12 0.022510353 
696 323 11 15 0.02249783 
425 403 13 16 0.022473041 
20 99 21 28 0.022445366 
284 283 14 16 0.02242172 
165 295 18 22 0.022402523 
319 301 12 15 0.022391146 
276 210 14 18 0.022383042 
1011 299 11 16 0.022290843 
867 426 12 16 0.022289826 
625 276 9 11 0.022275528 
834 338 13 16 0.022246446 
680 241 9 11 0.022245066 
764 252 9 11 0.022207312 
307 309 11 15 0.022197897 
960 419 13 19 0.022136988 
640 238 7 9 0.022064857 
412 382 11 13 0.02203022 
460 415 19 24 0.02199862 
845 309 12 14 0.021969719 
347 285 12 14 0.021954713 
437 205 13 15 0.021894302 
23 106 12 16 0.021887291 
828 254 13 15 0.021869225 
605 268 10 12 0.021854911 
202 342 23 27 0.021820014 
518 450 13 16 0.021761475 
951 389 9 13 0.021756452 
434 281 19 23 0.02174776 
256 273 14 16 0.021713028 
839 247 10 12 0.021711128 
509 453 14 15 0.021695592 
178 214 16 22 0.021611765 
778 344 13 17 0.021609485 
413 323 13 17 0.021594357 
431 302 11 14 0.02153091 
346 342 12 16 0.021525655 
180 286 13 16 0.02136096 
755 461 13 16 0.021359365 
888 84 11 13 0.021327993 
507 352 13 19 0.02129848 
264 330 13 16 0.021293221 
1014 382 11 18 0.021291664 
400 416 9 11 0.021256171 
958 350 14 19 0.021222001 
346 218 25 27 0.021159811 
730 401 12 17 0.021156937 
951 299 12 14 0.02115425 
316 370 12 15 0.021151803 
462 289 19 23 0.021147568 
503 331 11 14 0.021132661 
607 264 9 11 0.021097533 
226 295 19 25 0.021021925 
735 237 10 12 0.021019086 
44 378 13 16 0.020983767 
877 281 9 10 0.02095058 
467 434 13 17 0.02091587 
576 300 12 14 0.020878129 
762 276 11 12 0.020853635 
324 404 11 14 0.020844352 
759 247 10 11 0.020830024 
630 246 8 10 0.020816544 
759 252 10 12 0.02078776 
460 436 14 17 0.020782854 
399 382 11 14 0.020762295 
933 287 11 13 0.020711796 
652 521 13 17 0.02064183 
869 67 10 12 0.020636756 
470 359 13 16 0.020624993 
621 317 14 16 0.02059358 
426 414 19 24 0.020547403 
504 459 9 11 0.020441469 
992 499 12 17 0.0204365 
682 302 9 11 0.020399285 
701 253 9 12 0.020393735 
544 259 10 13 0.02037396 
622 254 9 11 0.020364312 
817 301 10 13 0.020354468 
604 421 15 19 0.020325433 
726 338 13 17 0.02026596 
1006 417 16 19 0.020212399 
111 106 13 15 0.02020627 
543 273 17 22 0.020187374 
974 404 11 13 0.020162327 
677 275 11 13 0.020126062 
115 310 36 44 0.020093963 
751 340 10 14 0.02008528 
579 351 12 14 0.020064052 
832 317 12 15 0.020060679 
481 279 12 14 0.02004818 
