0_Parade_Parade_0_443
132
370 234 51 69 0.9994056 
688 298 69 90 0.9987925 
522 208 73 87 0.99746585 
302 178 41 55 0.98919547 
215 272 31 50 0.9438124 
790 209 22 35 0.90984815 
213 238 22 28 0.8946043 
812 175 13 16 0.6004041 
64 254 10 14 0.39178878 
403 438 11 14 0.33836704 
38 234 28 40 0.2484017 
129 257 7 10 0.2385446 
129 261 8 11 0.23220205 
166 256 8 11 0.19441743 
151 267 10 12 0.18358158 
451 262 23 31 0.15718056 
726 221 10 13 0.15415056 
112 255 8 10 0.1470052 
162 255 8 10 0.14329414 
79 272 9 11 0.12331629 
87 261 8 10 0.1101781 
182 311 11 14 0.106374376 
110 330 15 18 0.10531578 
455 262 13 20 0.090845786 
36 282 23 35 0.08922549 
70 285 8 10 0.08432012 
67 259 9 12 0.08192533 
118 294 10 12 0.08176997 
448 276 26 37 0.07695977 
86 255 7 10 0.07663834 
47 211 13 16 0.07471538 
104 256 7 9 0.071265645 
136 317 10 13 0.06976878 
696 214 7 9 0.067768425 
142 237 8 9 0.062131174 
118 275 9 11 0.06145511 
992 175 9 11 0.056825556 
464 263 15 19 0.054286107 
845 367 42 49 0.05261986 
741 142 15 21 0.052049894 
51 246 14 21 0.05197684 
177 291 9 13 0.05010663 
7 220 31 38 0.04819051 
145 270 10 10 0.04808951 
687 190 7 10 0.04635794 
103 260 8 11 0.044345442 
794 208 36 50 0.044003613 
743 176 8 10 0.041945945 
671 627 27 39 0.041636366 
139 238 7 10 0.041423026 
137 313 9 11 0.041155312 
686 225 8 10 0.0408783 
159 220 10 11 0.040513456 
178 220 9 10 0.04042605 
82 261 9 11 0.039098624 
1 253 10 16 0.038852483 
811 141 10 13 0.038820997 
158 261 9 12 0.038140822 
127 268 9 11 0.03772257 
152 257 8 9 0.037673865 
748 144 13 17 0.036978915 
134 271 9 10 0.03690106 
173 261 10 11 0.03624115 
213 246 39 53 0.035625305 
181 271 11 13 0.035197835 
37 218 27 39 0.0349562 
86 268 9 12 0.034530133 
30 194 16 21 0.034456737 
134 276 10 13 0.03435627 
119 255 8 11 0.034216102 
71 280 9 11 0.034028262 
181 217 10 11 0.033729125 
146 263 9 11 0.033690296 
416 240 26 40 0.033532534 
59 248 20 26 0.03301294 
988 277 11 14 0.032780338 
862 385 29 38 0.032263704 
26 266 39 57 0.031442396 
208 241 15 20 0.031163745 
158 292 9 12 0.030812465 
734 228 10 13 0.030455766 
203 268 13 18 0.029994093 
176 269 9 11 0.029985702 
156 269 9 10 0.029786872 
94 313 8 10 0.029731944 
688 185 8 10 0.029642245 
133 256 7 10 0.029413147 
27 232 423 473 0.02912551 
185 312 14 18 0.029032549 
34 196 23 27 0.028921243 
1014 212 8 13 0.028845182 
177 236 10 11 0.028615387 
44 197 14 18 0.027811412 
759 183 11 13 0.02745556 
87 337 13 17 0.026890796 
681 228 9 12 0.026884215 
45 217 16 22 0.0264122 
119 288 10 12 0.026112488 
688 207 7 11 0.026110442 
120 260 9 10 0.02528753 
176 313 13 16 0.025117937 
208 231 37 48 0.024991432 
97 255 7 9 0.024861673 
112 247 7 9 0.024859685 
192 258 11 14 0.024798177 
44 252 15 21 0.02477652 
160 238 8 10 0.023791268 
694 208 8 11 0.02330135 
85 302 8 10 0.023134857 
105 327 11 13 0.023119966 
160 248 8 10 0.02277167 
705 166 8 10 0.022613648 
737 192 9 11 0.022287289 
34 205 27 34 0.021947967 
3 231 24 39 0.021833755 
88 287 7 9 0.021752762 
828 420 16 24 0.021716917 
49 234 16 25 0.021657918 
213 230 13 17 0.021529643 
86 248 10 12 0.021385208 
446 261 13 18 0.02120883 
104 317 8 9 0.021148585 
14 238 50 59 0.021018619 
738 175 8 11 0.020822875 
676 258 13 17 0.020802317 
223 239 26 33 0.020768858 
86 278 8 10 0.020651234 
801 173 10 14 0.02053286 
53 333 11 15 0.020446884 
230 321 15 20 0.020150714 
20 202 47 61 0.020080877 
79 248 10 14 0.020009814 
