0_Parade_Parade_0_639
249
711 78 29 32 0.99781954 
637 579 46 63 0.997556 
339 206 33 43 0.9864429 
515 162 24 30 0.9851141 
980 537 47 99 0.9697748 
593 103 24 28 0.9610247 
436 271 29 34 0.89022434 
271 200 32 40 0.86983585 
950 421 15 20 0.8568346 
939 408 11 14 0.6006282 
900 565 41 69 0.5887533 
289 229 24 29 0.55986714 
840 474 12 14 0.4758719 
968 405 10 13 0.3606317 
578 153 18 20 0.3558 
882 428 12 14 0.31246796 
421 280 35 39 0.28167123 
512 148 16 18 0.26435047 
867 462 11 15 0.25009832 
929 437 10 13 0.2435253 
762 19 17 21 0.21949306 
936 431 11 13 0.2022167 
981 419 10 13 0.19821736 
1007 421 12 15 0.19401804 
962 486 29 42 0.18966818 
345 590 13 15 0.17232388 
909 413 8 10 0.15365866 
878 555 48 72 0.15219869 
826 434 14 16 0.1380412 
1007 414 10 13 0.13606499 
1013 308 9 13 0.13550523 
1002 399 9 11 0.1332803 
255 179 26 29 0.13003819 
881 424 10 12 0.12833133 
989 398 8 10 0.12338126 
805 437 12 16 0.12187444 
852 252 18 20 0.118278526 
270 268 25 28 0.11805687 
670 453 13 14 0.11574185 
469 131 12 15 0.11558374 
966 400 9 11 0.111560844 
989 406 9 12 0.1112817 
893 511 13 16 0.10831153 
1001 404 9 11 0.10702326 
756 409 13 16 0.106874384 
905 413 8 11 0.10671601 
919 436 9 13 0.100880764 
285 171 12 14 0.09518814 
1005 406 9 11 0.09058889 
961 469 24 35 0.09054381 
514 153 20 25 0.08801113 
1001 382 9 11 0.08796209 
999 420 11 14 0.08736631 
932 442 12 16 0.08450926 
949 458 23 32 0.08094466 
959 537 44 85 0.07866236 
913 435 10 14 0.0777678 
810 55 40 50 0.07475363 
828 467 11 15 0.07374428 
926 415 8 10 0.072299294 
794 74 13 17 0.071174696 
540 245 33 41 0.069398 
943 428 11 15 0.065123744 
579 288 18 22 0.06508275 
903 479 12 15 0.06405519 
956 415 13 16 0.063947596 
839 424 8 11 0.063710734 
496 670 11 13 0.062745996 
1002 389 10 12 0.06266552 
1010 426 12 17 0.0625436 
1015 406 8 13 0.06118224 
925 420 10 12 0.06110264 
964 390 8 11 0.06044536 
977 414 9 13 0.06034742 
643 298 14 16 0.058169976 
666 1 29 22 0.05688915 
290 301 19 22 0.056548443 
893 429 10 13 0.05534643 
805 431 10 14 0.054742236 
963 396 9 11 0.053388763 
233 233 13 17 0.053238694 
587 174 15 19 0.05055756 
744 9 34 33 0.04909952 
827 443 13 15 0.04798587 
504 287 26 40 0.047490735 
893 422 10 13 0.046242684 
523 276 25 31 0.046142805 
962 426 13 17 0.04604714 
251 303 32 38 0.045473136 
924 551 48 84 0.044820193 
814 436 11 16 0.04379873 
654 71 38 37 0.04359329 
318 203 12 16 0.0433896 
326 249 15 20 0.043337196 
820 505 16 20 0.043305468 
952 417 10 13 0.043155808 
351 615 17 20 0.042973425 
988 420 12 15 0.042484388 
715 22 12 14 0.042048655 
479 166 9 13 0.041044712 
904 391 7 10 0.04022848 
434 154 17 19 0.03984512 
873 415 8 11 0.039143953 
344 485 9 13 0.038711306 
995 515 13 18 0.038698114 
934 448 13 16 0.038212582 
922 415 7 10 0.03820469 
479 261 25 30 0.03809499 
910 472 11 14 0.037848018 
884 510 21 24 0.03768041 
983 427 11 16 0.037673358 
979 500 26 35 0.037574314 
988 412 10 12 0.03715539 
790 67 23 27 0.036924154 
547 218 15 20 0.03669568 
631 193 13 16 0.036470585 
678 0 23 17 0.036385473 
920 505 12 16 0.03637407 
988 435 11 15 0.03549436 
990 393 8 10 0.03541703 
687 455 11 12 0.035109837 
571 247 13 18 0.034705516 
526 258 34 38 0.034650866 
822 461 13 16 0.034058318 
454 274 18 23 0.033996318 
869 433 12 16 0.033125035 
831 423 10 12 0.032984227 
828 448 15 19 0.03295852 
835 468 19 24 0.032912746 
271 171 26 28 0.03280545 
518 666 10 12 0.032508038 
838 451 10 14 0.03213238 
413 606 18 20 0.032016285 
990 443 11 12 0.031294186 
985 393 9 10 0.031218017 
273 349 38 39 0.031083517 
804 444 15 20 0.031005029 
921 384 9 10 0.030843336 
815 577 54 57 0.030673804 
527 164 16 24 0.030504497 
877 428 20 22 0.030482557 
1016 400 8 11 0.030169308 
578 236 14 17 0.030158347 
612 444 15 19 0.030136805 
704 36 31 36 0.030100616 
960 367 8 10 0.030012872 
941 451 12 16 0.029793045 
730 4 33 32 0.029704548 
333 192 32 35 0.029522672 
269 299 27 30 0.029420871 
968 484 42 58 0.029329833 
783 422 11 15 0.029299954 
878 442 14 17 0.0291891 
895 415 9 11 0.029173525 
724 115 18 23 0.029012384 
817 445 23 28 0.028993903 
81 642 12 15 0.028903667 
537 661 8 12 0.028833874 
715 62 30 39 0.02873766 
926 398 9 12 0.028286513 
811 443 11 16 0.027984478 
648 28 43 52 0.027981868 
789 52 27 32 0.027695553 
586 283 16 22 0.02767319 
617 212 11 13 0.027575703 
526 200 14 18 0.027564313 
512 278 28 38 0.027493952 
620 447 14 17 0.027199445 
836 276 12 13 0.027007567 
964 401 19 23 0.026970971 
583 290 24 32 0.026892869 
936 422 11 13 0.026663013 
781 52 10 13 0.02661978 
754 21 24 31 0.02654107 
273 604 10 12 0.026359046 
510 169 19 22 0.02628383 
916 472 10 12 0.026274411 
808 503 13 17 0.026269067 
962 406 10 12 0.026099194 
540 419 10 12 0.026009949 
667 66 44 49 0.02596319 
964 460 13 18 0.025582513 
977 381 8 10 0.02515048 
1007 408 18 25 0.025149906 
307 235 14 19 0.02507248 
1006 446 12 14 0.024543708 
718 42 34 39 0.024490401 
942 380 9 12 0.024213828 
975 435 10 13 0.023974875 
824 422 10 13 0.02386937 
642 455 10 12 0.02379088 
864 483 11 15 0.023742199 
878 406 9 10 0.023661168 
698 405 23 34 0.023631599 
1010 303 9 13 0.023582974 
292 510 21 28 0.023552772 
651 308 12 15 0.023363117 
887 417 9 11 0.023240387 
898 544 33 59 0.023111597 
923 77 11 13 0.02310209 
974 401 8 10 0.023019433 
608 147 16 20 0.022898586 
866 431 9 13 0.022813378 
961 383 10 11 0.022725657 
263 162 47 58 0.022675421 
269 280 27 31 0.022548147 
927 437 20 25 0.022479339 
587 91 38 46 0.022456964 
636 293 16 19 0.022368636 
964 500 17 25 0.022353929 
725 24 33 35 0.022155235 
580 304 15 21 0.022106 
999 446 10 13 0.022097006 
1003 480 19 34 0.021977117 
369 536 9 12 0.021964928 
274 184 28 34 0.021834446 
575 229 14 16 0.021812784 
282 166 22 28 0.021797607 
603 432 27 31 0.021783032 
837 491 13 18 0.021703668 
281 265 18 24 0.021509692 
960 359 8 10 0.021495005 
878 416 10 11 0.021456236 
826 461 18 24 0.021426857 
474 130 14 17 0.02131474 
1001 414 11 13 0.021314276 
522 296 16 21 0.02116708 
837 481 13 17 0.02110078 
344 595 23 29 0.021015802 
-50 229 178 261 0.020959599 
756 116 12 16 0.020917304 
307 200 25 30 0.020838005 
474 212 21 29 0.020813614 
916 579 36 61 0.02079016 
707 3 14 15 0.020656867 
365 240 15 22 0.020611135 
844 246 17 18 0.020534731 
712 25 30 36 0.020508336 
663 85 34 33 0.020445818 
943 459 14 20 0.020425338 
449 281 19 26 0.02034584 
457 499 11 16 0.020289078 
636 349 11 15 0.02025207 
873 420 9 12 0.020221137 
942 375 9 12 0.020182364 
296 348 40 38 0.020163653 
808 431 20 28 0.020162739 
764 406 10 14 0.020057904 
929 407 8 11 0.020047445 
