0_Parade_Parade_0_829
60
488 162 278 415 0.9940764 
415 283 386 546 0.4376589 
-17 3 418 539 0.18826777 
649 1228 103 134 0.1582812 
439 1148 33 46 0.12145005 
407 1202 22 29 0.082836024 
610 63 437 552 0.07038487 
297 241 364 462 0.068549305 
516 1217 16 19 0.05777687 
535 1243 13 19 0.053659365 
750 1106 55 80 0.052939367 
487 1221 12 14 0.050977234 
451 1241 13 17 0.05081558 
427 1248 15 17 0.050265208 
551 1185 18 21 0.04411358 
445 1219 16 19 0.042525124 
-51 319 347 539 0.0417103 
538 1237 18 22 0.041510854 
806 582 32 44 0.03970252 
453 1222 24 31 0.03808261 
354 1154 28 30 0.037521053 
597 523 490 524 0.036981374 
630 1021 54 54 0.03628768 
502 965 29 34 0.033812173 
709 1083 97 127 0.033474747 
147 208 364 517 0.033235166 
73 1032 197 242 0.032549053 
451 1218 18 22 0.032208882 
16 1279 56 78 0.031568374 
464 1149 43 54 0.031492587 
826 1096 48 70 0.031483855 
442 1160 45 51 0.030889625 
357 1025 383 464 0.030078307 
476 1180 23 31 0.029749053 
483 1191 14 18 0.029464843 
600 316 417 489 0.028724354 
756 1039 17 19 0.028253403 
508 1212 14 20 0.026961736 
226 969 409 404 0.026650261 
771 1092 55 82 0.025771031 
463 1176 27 34 0.025319764 
547 1080 41 52 0.025110736 
39 1011 137 158 0.024927715 
444 1229 23 30 0.024830839 
412 1282 31 38 0.024324384 
738 1032 14 18 0.02411432 
772 1095 32 41 0.023981158 
572 293 241 328 0.023337616 
696 1004 120 163 0.023255514 
527 1241 14 19 0.022836242 
487 1290 29 39 0.02268288 
776 1055 13 15 0.022546073 
518 1193 13 17 0.022340082 
540 1173 27 37 0.022244768 
498 1197 15 17 0.021135962 
463 616 194 175 0.020899542 
546 1283 15 18 0.020822363 
762 1145 35 48 0.020660853 
433 1244 15 18 0.020248674 
731 1028 25 28 0.020144228 
