0_Parade_Parade_0_288
252
507 210 14 17 0.9235825 
500 171 11 14 0.84425586 
462 198 13 16 0.6669216 
522 229 11 13 0.44189712 
424 218 11 13 0.3900273 
478 339 15 18 0.37061024 
592 340 14 17 0.36733443 
703 407 11 13 0.34804216 
298 390 12 15 0.34269118 
709 338 12 15 0.3262712 
452 343 14 17 0.32494175 
406 184 16 20 0.28481796 
747 328 17 20 0.28379166 
380 360 14 17 0.27307034 
184 499 14 19 0.24612445 
352 250 11 13 0.23988949 
475 218 12 16 0.23812099 
481 273 15 19 0.22462234 
503 277 14 19 0.22412351 
411 205 14 16 0.22384512 
535 326 10 14 0.22211693 
388 255 15 20 0.22046185 
388 338 13 17 0.19243596 
427 214 13 14 0.18651544 
575 330 10 12 0.17619072 
656 359 10 11 0.17015676 
513 212 13 16 0.16798306 
334 338 16 21 0.167237 
579 332 10 12 0.14178766 
697 348 10 12 0.13775691 
792 406 11 14 0.13453165 
509 342 9 12 0.12967281 
470 215 13 16 0.12479749 
374 214 9 13 0.122067146 
429 348 14 18 0.11605284 
463 217 11 14 0.1128112 
523 222 12 14 0.11191852 
488 221 11 15 0.11008131 
526 342 11 13 0.10901446 
523 294 13 15 0.10716092 
421 199 11 13 0.105147325 
367 284 15 18 0.10053138 
445 367 15 18 0.09852996 
503 189 12 17 0.09851821 
408 222 12 13 0.09758112 
413 195 13 16 0.09332013 
286 412 9 12 0.08923715 
413 220 11 14 0.087063625 
349 379 13 15 0.08517678 
655 364 11 13 0.08321156 
873 419 13 16 0.08272786 
506 360 17 20 0.08252203 
425 321 9 11 0.081330165 
593 367 12 14 0.079371825 
352 197 9 12 0.079072945 
629 363 10 12 0.07631577 
704 342 12 14 0.0760837 
695 363 15 19 0.073710755 
417 366 11 15 0.073274225 
357 367 11 13 0.07284459 
472 338 13 16 0.07075646 
784 385 13 17 0.06954921 
712 396 10 13 0.068913475 
655 347 10 12 0.06719916 
506 173 10 13 0.06267156 
317 340 10 13 0.060874235 
343 378 11 14 0.06060438 
671 345 9 11 0.060570758 
428 207 12 14 0.058891848 
319 334 10 13 0.057104327 
532 338 12 14 0.056769785 
324 301 12 16 0.05562696 
352 191 9 13 0.05459556 
701 359 10 12 0.05442388 
536 395 13 16 0.053456157 
350 332 12 16 0.052875116 
435 212 10 13 0.051539518 
201 490 11 14 0.05103484 
663 347 9 12 0.050946373 
347 386 14 17 0.05084786 
689 391 10 12 0.050841186 
536 388 12 15 0.05059712 
401 378 15 20 0.050267987 
366 323 12 15 0.04923202 
427 323 12 14 0.048690543 
529 333 12 14 0.048663653 
324 324 11 14 0.048188735 
411 227 11 13 0.048010908 
423 389 17 19 0.04744018 
482 368 21 26 0.046827946 
735 365 9 12 0.046771258 
523 213 12 16 0.046240527 
504 347 11 12 0.046075936 
780 405 11 14 0.04564783 
407 325 9 10 0.045331493 
345 198 10 13 0.044946197 
357 331 11 13 0.0445992 
558 293 12 17 0.044535242 
755 369 39 49 0.044313956 
458 339 13 17 0.044218775 
456 200 13 17 0.042976335 
729 381 10 14 0.042285625 
563 298 11 15 0.041947916 
116 356 13 14 0.041556716 
389 276 13 16 0.04131437 
776 413 11 13 0.041080322 
507 244 11 14 0.04085973 
520 341 10 13 0.040758725 
679 361 12 16 0.04062675 
350 372 14 17 0.039456993 
636 323 11 13 0.03936455 
648 341 11 15 0.03895095 
485 362 16 20 0.0383884 
506 192 16 19 0.038367428 
495 175 13 17 0.037883304 
743 315 12 15 0.03783819 
467 192 12 15 0.037197955 
677 350 10 11 0.036674187 
415 274 13 17 0.035949938 
743 314 23 31 0.035899427 
517 335 10 12 0.035749145 
222 339 11 12 0.03571399 
687 424 11 14 0.035686795 
648 359 9 10 0.035551887 
579 260 11 14 0.035315 
462 334 14 16 0.03519411 
388 265 15 19 0.035151895 
153 349 10 13 0.034993947 
653 369 12 15 0.03487545 
544 363 13 17 0.034819175 
222 356 13 14 0.034745146 
764 381 24 30 0.03465949 
350 201 10 13 0.034576584 
156 340 14 16 0.034536604 
542 372 11 13 0.034394234 
293 399 13 17 0.033629 
364 341 15 19 0.033543643 
580 366 10 13 0.03303298 
326 226 11 17 0.032984894 
688 396 11 14 0.032859843 
535 347 12 16 0.03271945 
324 332 12 15 0.032237206 
683 358 10 14 0.0321368 
519 346 12 15 0.032013588 
139 216 423 441 0.03193441 
647 366 12 13 0.031717855 
489 248 16 19 0.03129345 
175 319 10 12 0.03119508 
407 372 21 26 0.031161567 
697 327 9 11 0.031111976 
438 335 11 13 0.030780926 
517 217 19 24 0.030764883 
878 340 11 12 0.030420488 
708 344 13 16 0.030287856 
541 349 10 15 0.030059313 
761 387 17 20 0.030012703 
262 429 11 14 0.0297273 
417 418 15 19 0.029318 
511 336 11 13 0.029015271 
491 226 12 14 0.028741919 
703 333 11 14 0.028570822 
487 272 19 25 0.028037671 
279 414 13 14 0.027981693 
524 287 13 15 0.027802737 
502 231 10 13 0.02772687 
335 379 12 15 0.027420746 
423 226 12 15 0.027411288 
332 221 12 17 0.02734989 
546 304 18 21 0.027058952 
395 338 11 15 0.026758214 
225 408 9 10 0.026362035 
509 180 10 14 0.026275674 
251 322 15 19 0.026233075 
337 380 22 28 0.026165409 
575 345 11 16 0.026028415 
256 350 11 13 0.025861701 
215 352 11 13 0.025721705 
371 316 15 19 0.025343034 
709 365 10 13 0.0251238 
672 363 11 14 0.02507272 
577 284 12 16 0.024658013 
581 255 8 11 0.024488527 
540 314 15 19 0.024397047 
182 353 11 12 0.02434063 
327 340 13 17 0.024243873 
568 465 10 13 0.024129508 
535 373 11 11 0.024127577 
361 312 20 25 0.023982156 
576 266 13 16 0.023936147 
426 198 12 14 0.023860771 
429 372 11 14 0.02381747 
351 184 9 12 0.023764059 
711 358 10 13 0.023692802 
508 238 10 13 0.023670608 
483 335 15 18 0.023620497 
574 310 12 16 0.023610516 
781 395 11 15 0.023571776 
276 420 15 16 0.023516 
175 352 9 11 0.023283184 
811 309 14 18 0.023276065 
542 356 12 17 0.023259604 
649 348 10 12 0.02325626 
415 327 9 10 0.023247555 
781 435 18 19 0.023229994 
383 247 11 14 0.023199594 
714 334 11 14 0.02317731 
503 322 10 14 0.023154112 
714 389 13 16 0.023043264 
341 235 14 17 0.023018239 
249 439 10 12 0.022982627 
688 349 9 12 0.022958755 
332 246 16 19 0.022922205 
518 288 21 25 0.022835655 
575 227 12 14 0.02268512 
561 204 9 12 0.02264702 
691 422 14 18 0.02250789 
582 372 9 12 0.022472147 
312 339 11 15 0.02244824 
920 364 11 15 0.022402193 
517 276 12 15 0.022305451 
348 338 12 17 0.022301381 
775 378 12 15 0.022294436 
582 337 20 24 0.022165405 
748 365 29 35 0.021776453 
532 228 13 16 0.021598838 
239 479 9 12 0.021537298 
504 279 24 28 0.021437153 
328 251 12 16 0.021408383 
684 362 12 17 0.021383421 
798 210 117 123 0.02135292 
350 356 12 15 0.02126926 
488 171 11 14 0.021107933 
515 195 15 19 0.021082489 
495 187 13 18 0.021052957 
525 354 12 16 0.020957645 
774 396 12 16 0.02091094 
487 238 14 17 0.02084702 
326 382 11 14 0.020601155 
324 327 20 24 0.020569103 
371 279 12 15 0.02052337 
408 382 22 28 0.02051644 
374 362 22 27 0.020512385 
214 340 12 13 0.02044893 
200 359 11 12 0.020427363 
775 387 22 28 0.02040432 
335 239 21 25 0.020376986 
867 422 16 20 0.02034942 
789 397 12 15 0.02031968 
660 370 11 14 0.020313842 
538 366 21 26 0.020277753 
962 333 11 14 0.020128861 
177 499 13 17 0.020091232 
