0_Parade_Parade_0_873
637
818 503 64 81 0.998705 
319 461 48 61 0.99842024 
402 324 25 33 0.9977278 
298 354 25 30 0.99740416 
149 411 34 38 0.9970521 
612 488 51 73 0.9962205 
745 355 24 31 0.99613816 
772 358 24 32 0.9944886 
450 395 32 44 0.9939547 
627 364 24 31 0.9921079 
716 406 34 45 0.9911317 
727 485 45 64 0.9897098 
453 521 66 84 0.98881197 
957 343 31 36 0.9868019 
95 585 77 105 0.9844319 
853 328 21 27 0.98373204 
29 432 31 44 0.9815553 
867 579 104 122 0.9766947 
902 376 24 35 0.97401637 
964 296 15 20 0.9721871 
211 308 19 23 0.971422 
370 322 20 23 0.9696185 
23 299 13 16 0.9646805 
131 386 27 33 0.9627661 
932 297 22 28 0.9619504 
60 336 14 17 0.95737165 
277 373 23 29 0.9540391 
927 404 46 50 0.95399934 
702 290 14 18 0.9515167 
743 314 20 25 0.9495919 
668 363 22 28 0.94852436 
665 393 26 36 0.94837296 
480 310 17 22 0.94672996 
808 352 20 27 0.9462063 
818 319 22 27 0.93239397 
189 358 17 22 0.9234365 
467 349 16 21 0.92241085 
317 403 33 45 0.92224747 
426 307 16 20 0.91376483 
901 350 28 36 0.88680726 
318 322 14 18 0.8823369 
14 362 22 29 0.8773845 
587 322 14 17 0.87500334 
991 308 22 28 0.87175435 
974 458 50 74 0.87022495 
78 461 47 59 0.8669658 
907 307 16 19 0.8647611 
572 309 13 16 0.85673434 
0 390 22 32 0.8421702 
980 294 15 20 0.8398881 
32 338 15 17 0.83280647 
856 380 26 35 0.8258308 
631 310 17 22 0.81397027 
624 333 18 28 0.79900295 
735 300 15 18 0.78430176 
663 312 13 19 0.7820821 
79 371 22 27 0.77163935 
657 616 64 65 0.7594745 
446 371 25 32 0.7527351 
934 271 16 18 0.7485377 
995 363 25 37 0.7459982 
501 322 16 20 0.71111387 
553 424 38 55 0.70874166 
511 372 20 28 0.69267297 
982 283 17 21 0.68531173 
777 416 36 42 0.66432023 
459 317 14 18 0.6423193 
178 336 15 18 0.6190147 
721 366 20 28 0.61603755 
810 438 42 50 0.6101302 
534 359 24 30 0.592627 
247 323 14 16 0.5924974 
523 345 17 22 0.55319566 
336 369 26 30 0.54759306 
691 389 28 35 0.53719014 
140 481 31 55 0.5335518 
794 315 15 20 0.5316881 
293 331 14 18 0.52288514 
96 465 47 64 0.49056694 
246 344 15 18 0.4591692 
77 355 13 15 0.45326722 
969 423 37 54 0.4510369 
811 296 13 17 0.45011827 
807 265 12 15 0.43345782 
151 333 12 14 0.40900776 
99 342 12 13 0.40737477 
275 318 16 18 0.40425023 
161 346 14 17 0.40357596 
533 300 11 13 0.40078866 
586 369 25 29 0.3916576 
350 345 16 20 0.38504294 
534 317 14 17 0.38476974 
785 300 15 18 0.38436076 
528 351 22 29 0.38382426 
238 370 23 26 0.38083503 
154 327 11 13 0.37813422 
873 267 10 13 0.37283745 
501 359 17 22 0.37087378 
254 351 16 22 0.3668372 
920 275 12 15 0.34817004 
678 388 28 40 0.33434075 
15 546 28 39 0.31323385 
831 301 12 13 0.3004671 
710 307 15 19 0.30029222 
59 364 13 18 0.29648668 
691 358 15 19 0.29333958 
78 392 22 27 0.28103623 
322 326 16 19 0.27917752 
202 399 21 26 0.2712489 
905 358 33 48 0.27085006 
708 270 9 11 0.26422018 
773 328 16 19 0.25680172 
4 326 14 19 0.25524938 
726 336 14 19 0.2551402 
1011 320 13 23 0.25091597 
785 344 22 27 0.24882609 
320 352 20 26 0.24835075 
230 342 12 16 0.23588276 
744 268 10 13 0.22908941 
560 311 10 13 0.221327 
143 392 18 21 0.21226877 
342 328 15 18 0.2099699 
252 327 16 18 0.20409948 
593 325 12 15 0.19868201 
864 341 24 29 0.19673252 
956 384 34 40 0.1905395 
789 424 42 54 0.1883122 
1001 310 18 31 0.18723047 
299 326 12 15 0.18698901 
796 346 23 27 0.1864361 
172 382 22 26 0.18620905 
791 409 33 37 0.18596667 
258 351 22 27 0.18398587 
603 377 22 27 0.1753856 
761 394 30 39 0.17367451 
502 342 13 17 0.17310964 
35 372 13 17 0.17195323 
65 443 30 34 0.17129005 
472 303 12 16 0.17037554 
861 284 13 16 0.16976544 
870 305 17 21 0.16623504 
1003 293 14 19 0.16593975 
436 327 13 18 0.1642217 
771 402 31 42 0.15999164 
913 412 42 51 0.15821083 
12 317 10 13 0.15792903 
214 353 15 19 0.157842 
158 363 13 19 0.15702587 
324 378 29 37 0.15567167 
17 345 15 18 0.15559106 
665 341 17 22 0.15102957 
708 353 17 21 0.15092258 
876 319 17 22 0.15085828 
237 326 12 15 0.150585 
-1 372 8 15 0.14571224 
567 330 12 16 0.14355192 
681 311 11 14 0.14344676 
519 367 23 30 0.14141726 
967 393 33 43 0.14032675 
779 351 22 28 0.13952868 
150 368 14 18 0.13726965 
327 358 20 27 0.13560241 
573 395 24 29 0.12959036 
948 383 26 34 0.12864226 
582 316 14 18 0.12597345 
10 329 13 16 0.12534505 
835 308 15 18 0.125128 
598 389 24 29 0.12383932 
247 307 14 16 0.12134565 
535 309 13 16 0.11960622 
130 378 19 25 0.11954192 
758 300 13 15 0.11797419 
81 350 13 15 0.1169615 
812 263 10 14 0.116801284 
773 374 28 37 0.11337856 
700 397 32 40 0.11262354 
24 367 18 22 0.10912731 
679 361 19 27 0.10761255 
642 428 27 39 0.10748582 
201 339 12 14 0.106999494 
185 374 23 26 0.10578528 
126 342 11 13 0.103983216 
548 331 11 14 0.101265416 
739 308 14 18 0.10123465 
908 316 21 28 0.101176195 
135 350 12 14 0.10011522 
697 353 17 21 0.09996078 
857 280 10 13 0.099890836 
766 330 14 20 0.09734602 
761 285 11 13 0.0967714 
348 349 24 28 0.09641698 
898 336 16 20 0.09637125 
44 416 15 19 0.095985934 
954 440 55 67 0.09559687 
530 349 39 48 0.09413327 
539 320 15 18 0.09372818 
111 440 35 41 0.0936633 
378 308 14 18 0.093046054 
592 398 22 26 0.092059046 
226 416 30 33 0.09149796 
118 323 11 13 0.09107774 
654 430 30 43 0.090469465 
39 316 10 12 0.09040791 
101 335 12 13 0.0901811 
857 349 24 31 0.08925596 
802 400 28 32 0.08894912 
936 313 24 28 0.088709794 
163 319 12 13 0.08825031 
758 256 8 10 0.087939546 
779 339 21 24 0.08690854 
750 245 8 9 0.08683983 
743 275 11 14 0.08619878 
61 432 26 34 0.084395036 
18 356 17 22 0.08411082 
322 319 14 16 0.08400289 
199 352 20 25 0.08362604 
235 341 13 18 0.08314161 
784 255 8 10 0.08161239 
99 353 15 18 0.081221245 
529 342 16 18 0.08116637 
282 322 14 19 0.0811429 
449 343 16 21 0.0811415 
894 346 22 31 0.08035109 
166 384 17 21 0.08010274 
650 355 16 20 0.07963766 
71 361 13 17 0.07874738 
526 337 10 14 0.07792708 
204 388 22 27 0.077297755 
584 347 18 21 0.07715923 
727 307 15 19 0.0759601 
801 322 14 17 0.07506876 
54 357 12 15 0.07442822 
460 329 15 20 0.074102364 
345 361 19 24 0.07342788 
775 388 30 37 0.07212931 
123 478 36 55 0.07170176 
198 409 22 30 0.071608685 
334 353 23 29 0.07159418 
956 404 45 54 0.07120921 
822 279 8 11 0.070583686 
351 454 41 62 0.06993269 
685 325 14 19 0.06977217 
706 299 15 18 0.06941435 
21 413 22 26 0.06918981 
146 341 10 12 0.069075204 
789 295 12 14 0.06768191 
224 341 12 14 0.06751288 
100 361 21 26 0.067504086 
120 342 11 13 0.06729206 
578 374 26 32 0.06700927 
95 446 40 51 0.066839576 
30 395 14 17 0.06666084 
48 356 10 14 0.06545329 
856 365 25 36 0.06529084 
212 369 15 21 0.06262302 
31 317 10 12 0.062501326 
287 361 22 32 0.062425774 
537 437 45 62 0.062150527 
904 437 31 42 0.062098417 
109 334 8 11 0.061920762 
729 362 17 25 0.061750066 
8 547 45 59 0.061619986 
567 312 13 17 0.060616724 
483 335 16 20 0.06045099 
23 323 10 13 0.060072802 
44 340 11 14 0.059669178 
667 386 18 25 0.058930192 
149 389 23 27 0.058782462 
534 372 26 36 0.058543988 
507 451 44 60 0.05854298 
981 375 30 37 0.058442093 
862 322 21 27 0.05828441 
1016 270 8 13 0.058041513 
10 312 10 13 0.05773097 
942 393 39 43 0.057627488 
87 363 23 28 0.057287097 
159 378 13 20 0.056639425 
564 436 43 61 0.05636563 
760 292 12 14 0.05614719 
64 474 36 40 0.056108184 
45 348 11 15 0.05587446 
274 325 18 21 0.055745885 
328 313 10 11 0.0555094 
217 360 16 21 0.05523451 
8 372 12 16 0.055225905 
72 361 22 28 0.0540904 
429 328 13 19 0.05380265 
37 312 10 12 0.053720005 
911 300 18 22 0.05356117 
162 368 14 17 0.053304296 
988 302 35 48 0.053076867 
29 467 21 30 0.052611433 
844 380 25 32 0.05240434 
880 326 19 25 0.052315477 
830 311 20 27 0.0520144 
257 284 14 16 0.0520105 
925 271 18 21 0.051914867 
321 419 40 46 0.05187527 
218 410 25 32 0.051610798 
915 343 29 34 0.051519938 
229 364 24 28 0.051256374 
864 223 8 11 0.050730594 
249 375 16 22 0.05061262 
82 539 29 43 0.050469067 
106 372 15 20 0.05031997 
968 346 39 50 0.05026731 
748 263 10 12 0.05025495 
158 353 14 20 0.050249305 
713 347 17 22 0.0501069 
198 325 10 13 0.04981713 
22 402 21 26 0.04979622 
233 330 12 15 0.049726445 
132 370 16 21 0.049707253 
792 298 19 24 0.04949684 
644 359 23 30 0.049380984 
4 370 24 33 0.049230233 
542 380 26 32 0.049138498 
574 338 13 16 0.04909351 
470 310 19 25 0.048884407 
65 453 39 42 0.04876203 
1001 237 9 11 0.04848081 
997 297 22 28 0.048475653 
582 390 26 31 0.048055187 
202 374 21 26 0.04789217 
582 327 15 19 0.047853034 
745 241 8 10 0.047678746 
361 394 24 28 0.047417752 
1 474 15 22 0.047153533 
214 397 23 30 0.046659287 
17 299 12 16 0.04630805 
455 404 43 52 0.046155866 
712 468 44 63 0.045832794 
914 327 18 22 0.04581084 
761 280 10 12 0.04577998 
513 323 13 16 0.045778014 
760 354 24 30 0.045705028 
688 365 22 27 0.04561579 
128 337 8 11 0.045587912 
94 371 21 27 0.045544855 
829 353 14 19 0.045363627 
266 340 22 27 0.0453008 
609 370 16 22 0.044804815 
902 336 23 31 0.044634633 
701 339 15 17 0.04449699 
928 336 24 30 0.04443615 
87 305 9 10 0.044412166 
677 330 14 21 0.04439519 
329 326 19 23 0.044340532 
787 277 10 12 0.04378587 
373 449 38 60 0.043759745 
963 270 11 13 0.0431401 
18 423 26 34 0.043116134 
7 397 23 32 0.04277646 
803 304 15 19 0.042673327 
7 434 26 34 0.0424497 
44 326 11 13 0.042216785 
56 424 25 30 0.041907065 
900 322 15 21 0.04178904 
715 338 18 20 0.0415846 
774 302 11 14 0.041385863 
78 342 12 13 0.04109328 
837 295 10 13 0.04087789 
692 330 15 20 0.04075547 
37 516 27 32 0.040554468 
139 364 20 24 0.04042193 
49 413 21 26 0.040400084 
763 383 19 25 0.04039418 
171 340 20 24 0.04016915 
533 428 35 41 0.040162105 
752 255 9 11 0.040037587 
150 358 13 17 0.039879397 
161 395 31 36 0.03939452 
530 317 11 15 0.039287157 
864 269 10 12 0.039145187 
341 345 20 26 0.039124373 
45 428 28 38 0.039109547 
984 317 23 30 0.039007984 
564 389 23 30 0.03894386 
318 392 25 36 0.038938258 
327 349 18 22 0.03877588 
306 360 23 34 0.038702212 
931 281 16 20 0.038364407 
632 512 51 71 0.038315665 
31 417 19 27 0.038139023 
538 347 14 18 0.038084116 
763 365 27 36 0.03806709 
314 376 16 24 0.038003914 
921 392 35 42 0.037946396 
985 359 27 33 0.037826814 
356 344 21 25 0.03767891 
444 349 16 22 0.037543595 
824 387 25 29 0.037419796 
790 392 31 37 0.03740455 
284 348 14 21 0.03730576 
949 359 44 53 0.03726718 
1005 354 16 21 0.03725671 
658 351 17 23 0.037170287 
911 381 34 40 0.037121136 
683 336 14 20 0.037062507 
355 362 16 21 0.03693228 
269 361 22 28 0.03667789 
947 341 24 33 0.036542226 
667 355 17 22 0.03651317 
555 340 14 16 0.036415298 
952 377 20 25 0.03635025 
232 325 20 23 0.036337674 
134 333 10 12 0.036230724 
651 321 14 21 0.036002208 
747 347 20 24 0.035970043 
224 400 27 30 0.035884097 
570 324 14 17 0.03516618 
220 347 14 19 0.03497936 
644 321 15 21 0.034915738 
704 373 24 29 0.034902897 
78 335 11 12 0.03476684 
952 425 39 56 0.034545742 
732 315 14 18 0.034521572 
888 252 9 11 0.03445465 
888 247 8 11 0.03434866 
253 339 20 24 0.034307364 
816 255 10 11 0.03428697 
745 257 9 10 0.034199137 
337 360 41 48 0.033987056 
938 326 18 24 0.03397277 
824 238 8 10 0.033930805 
58 373 15 20 0.033575684 
47 334 10 14 0.033551402 
312 353 18 24 0.03355123 
105 395 14 20 0.033464782 
111 327 10 12 0.033364125 
252 672 15 16 0.033182535 
476 338 15 20 0.033152744 
15 372 25 31 0.03302075 
35 399 14 18 0.032867406 
955 281 15 20 0.03276702 
774 320 12 15 0.032653395 
367 358 25 31 0.032571018 
372 342 15 19 0.032474406 
980 328 16 20 0.0323306 
580 361 24 31 0.032287475 
454 358 23 29 0.032169595 
910 243 8 11 0.032023903 
321 371 22 32 0.031855416 
30 307 10 14 0.03182669 
7 353 22 31 0.031798545 
93 394 22 28 0.031776335 
645 307 13 17 0.031690154 
911 332 25 32 0.031586677 
292 344 24 31 0.031517595 
549 318 12 15 0.031266183 
226 387 17 20 0.031087637 
579 341 15 17 0.030912383 
589 310 14 17 0.030910574 
574 345 15 19 0.03083426 
926 284 13 17 0.030828733 
682 373 17 25 0.03080898 
1006 232 9 12 0.03062318 
912 269 10 12 0.030566948 
489 333 18 25 0.030482106 
-1 465 13 23 0.030451225 
11 471 22 32 0.030371344 
889 215 8 11 0.030319205 
504 341 20 27 0.029997222 
726 322 14 19 0.029825341 
435 331 20 25 0.029769218 
521 341 13 18 0.029695833 
230 301 12 15 0.029010084 
1014 274 11 16 0.028946191 
654 314 14 20 0.02883809 
880 345 24 31 0.02882379 
356 332 14 16 0.028801547 
600 497 38 53 0.028786607 
905 415 32 38 0.028729476 
229 378 16 20 0.028721308 
52 401 17 20 0.02868435 
237 302 12 14 0.028649485 
397 411 24 27 0.028586918 
789 272 8 11 0.028581223 
703 274 13 16 0.02857315 
855 247 10 12 0.028564636 
523 457 49 62 0.028514812 
9 303 10 13 0.02843756 
35 354 14 18 0.02835001 
714 360 19 26 0.028264392 
667 332 16 21 0.02810361 
116 371 20 29 0.028058894 
130 443 28 35 0.027923761 
1011 346 13 19 0.027861344 
212 372 22 28 0.02773695 
835 373 16 21 0.027736528 
820 309 14 17 0.027698822 
889 321 21 27 0.027676845 
492 366 15 21 0.02765958 
742 223 9 11 0.027649632 
119 335 9 12 0.027633507 
219 392 17 21 0.02752648 
868 291 12 16 0.027505785 
85 343 11 14 0.027473552 
650 302 12 17 0.027461201 
331 317 12 14 0.02744805 
816 278 11 12 0.027370535 
339 333 20 24 0.027194936 
198 337 21 24 0.02708469 
563 402 27 40 0.027070457 
819 332 17 22 0.027002472 
71 303 9 11 0.026965361 
673 342 17 21 0.026943047 
517 331 12 16 0.026941393 
581 471 50 69 0.026692089 
15 552 16 23 0.026665509 
957 273 16 18 0.026624491 
234 402 29 33 0.02658642 
653 308 13 18 0.026442526 
71 572 49 71 0.026353762 
69 398 23 27 0.02625235 
324 338 16 20 0.026182659 
259 376 14 20 0.026073452 
240 307 12 15 0.026055887 
188 390 16 21 0.025923071 
710 246 9 11 0.025900083 
876 555 72 104 0.025885647 
106 494 36 52 0.025838627 
1012 334 13 22 0.02582248 
774 346 16 20 0.025751786 
796 291 14 18 0.0257254 
690 315 15 19 0.025699725 
26 356 16 20 0.02561763 
795 326 15 19 0.025522497 
820 259 10 13 0.02536919 
553 362 18 22 0.025355812 
968 334 25 31 0.025301121 
150 346 12 16 0.025160532 
144 441 28 34 0.025085883 
829 298 20 23 0.024792511 
132 342 11 14 0.024685651 
458 337 19 25 0.024677308 
231 388 26 30 0.024665045 
97 295 8 10 0.024508629 
757 239 9 10 0.024484871 
464 319 15 20 0.024442343 
783 249 7 10 0.024408227 
174 295 10 12 0.024369402 
188 332 12 16 0.024336891 
177 311 10 13 0.024326015 
659 442 19 26 0.0242285 
404 362 14 17 0.024185859 
830 240 9 11 0.024156628 
845 220 10 12 0.024064245 
707 340 16 18 0.023954174 
196 349 15 18 0.023715071 
239 315 19 23 0.023704616 
845 286 10 12 0.023680175 
167 334 12 14 0.023626054 
493 324 20 25 0.02361455 
190 325 13 15 0.023597296 
710 265 9 12 0.023506727 
557 331 13 16 0.023492197 
949 325 24 29 0.02339865 
753 486 48 65 0.02332625 
902 311 16 20 0.02328417 
55 348 12 16 0.023275213 
587 339 16 19 0.023236189 
225 430 20 23 0.023122737 
166 349 21 25 0.023108495 
819 283 11 15 0.023089053 
100 385 16 23 0.023083748 
549 338 13 16 0.02299759 
695 295 15 18 0.022971828 
80 303 9 11 0.02292372 
151 321 18 22 0.022913076 
736 410 28 35 0.022890972 
27 382 21 27 0.022839349 
816 381 25 30 0.02280169 
889 240 8 10 0.022768926 
366 318 17 20 0.02276509 
255 361 22 30 0.02271156 
-2 366 19 30 0.022673009 
500 376 17 22 0.02266704 
148 378 15 20 0.022612352 
788 330 15 19 0.02259401 
94 303 9 10 0.022592276 
790 224 8 10 0.022578195 
120 380 23 32 0.022410374 
1 453 22 34 0.022407787 
28 324 12 13 0.022230946 
7 354 12 18 0.02210566 
332 312 10 13 0.022092016 
915 293 14 18 0.021988899 
192 367 18 22 0.021962188 
636 324 23 29 0.021899847 
526 382 23 33 0.021872593 
974 317 38 50 0.021765506 
364 373 28 35 0.021737674 
70 309 11 13 0.021708647 
870 276 11 13 0.021560593 
19 330 21 22 0.021500964 
664 372 35 48 0.021452552 
286 335 15 20 0.021330122 
40 394 22 27 0.02122996 
44 317 11 13 0.021182666 
531 371 17 25 0.02116892 
174 315 11 14 0.021053655 
729 339 22 28 0.02100061 
22 395 13 18 0.020999974 
495 344 14 18 0.020941311 
183 355 15 20 0.020912113 
235 382 19 23 0.020908475 
221 333 10 13 0.02087241 
765 304 13 18 0.02085606 
1009 296 13 19 0.020854678 
684 345 14 19 0.020849163 
216 329 10 13 0.020805443 
595 382 17 21 0.020757515 
905 240 8 11 0.020756256 
631 425 27 41 0.020722575 
77 382 16 22 0.020720039 
616 373 23 32 0.020703841 
790 286 11 13 0.020676805 
83 367 16 19 0.02066998 
197 395 17 22 0.02066972 
472 425 45 57 0.020643488 
435 452 45 70 0.02063441 
819 299 12 16 0.02060196 
46 361 12 18 0.020600222 
102 317 10 12 0.020496873 
705 264 9 11 0.020409647 
1005 287 13 16 0.020330036 
402 401 18 20 0.020313757 
397 449 42 63 0.020299824 
43 455 28 42 0.020276513 
195 317 13 16 0.020216139 
839 231 8 9 0.02018681 
133 352 21 22 0.020184658 
363 430 29 42 0.020083329 
667 303 13 16 0.020061119 
445 641 43 52 0.02004933 
17 392 23 29 0.020037612 
