0_Parade_marchingband_1_311
239
477 298 16 23 0.86897516 
832 326 11 13 0.8160127 
263 301 13 16 0.7874985 
543 338 10 12 0.6641845 
574 340 13 17 0.63650495 
202 294 11 13 0.6180345 
719 346 10 12 0.5768833 
584 320 10 11 0.46460158 
772 338 13 15 0.43515056 
619 358 13 15 0.3439204 
336 320 9 11 0.2836962 
551 316 10 11 0.2523892 
615 342 9 12 0.24941804 
217 294 11 14 0.24651417 
730 324 13 16 0.2137456 
392 340 10 14 0.20550677 
622 343 11 13 0.1951102 
728 321 10 11 0.19381443 
664 334 10 12 0.16792999 
608 341 8 12 0.16070774 
413 337 11 14 0.15257253 
222 317 10 13 0.14839971 
247 311 8 12 0.13808653 
301 319 11 13 0.13595119 
375 335 9 13 0.13237341 
415 312 11 14 0.12016858 
408 338 11 14 0.11871664 
778 339 11 14 0.115571834 
600 340 10 13 0.11317346 
769 336 10 13 0.10685394 
53 310 8 10 0.10652816 
585 324 14 15 0.10447822 
484 311 15 20 0.103821546 
705 349 10 14 0.0975528 
145 313 9 11 0.09715797 
334 357 22 29 0.09400699 
223 312 9 12 0.09127034 
608 357 8 12 0.09037856 
657 340 10 13 0.08927335 
97 311 7 11 0.08877511 
637 367 9 11 0.08738419 
310 332 9 12 0.0847624 
831 341 11 12 0.08414881 
718 335 11 14 0.08278155 
342 126 27 29 0.08159287 
240 316 9 11 0.075888254 
150 313 9 11 0.07450343 
844 342 10 12 0.07414589 
256 276 10 11 0.07251047 
557 326 11 14 0.07249316 
319 334 11 13 0.07083173 
835 332 11 12 0.06665466 
399 318 11 14 0.06570701 
37 303 9 11 0.063835174 
177 320 7 9 0.0636434 
308 326 10 13 0.06319758 
598 359 10 11 0.06259218 
412 318 16 21 0.060109463 
548 334 11 13 0.05970123 
663 329 10 11 0.05928517 
418 315 12 16 0.05918646 
396 333 12 16 0.058583412 
686 288 10 12 0.057809636 
656 317 9 11 0.055397883 
628 341 11 14 0.054668307 
80 320 6 8 0.05386496 
533 310 12 15 0.053809278 
338 323 11 13 0.053613283 
656 349 11 13 0.05338994 
668 338 11 13 0.05309825 
102 317 8 9 0.05291867 
712 343 10 13 0.05253117 
582 333 10 13 0.05211899 
175 326 8 10 0.051948134 
726 327 13 17 0.04789073 
556 318 9 11 0.047189172 
87 311 7 10 0.04713901 
129 311 8 10 0.04706421 
831 349 11 13 0.046229765 
111 327 8 10 0.045931738 
82 312 7 9 0.04548007 
201 289 9 13 0.04375272 
384 407 10 13 0.04330875 
74 320 7 9 0.043004412 
609 347 9 12 0.042843524 
142 296 9 11 0.042805545 
709 320 9 11 0.04277869 
553 324 10 14 0.04263731 
309 367 10 12 0.042542115 
96 333 8 10 0.04253903 
589 330 12 15 0.042301007 
166 342 8 10 0.042230975 
391 334 19 26 0.042128 
837 341 10 12 0.041159064 
510 296 21 27 0.04070731 
615 337 9 12 0.04036037 
632 372 11 12 0.04026363 
825 331 11 14 0.040219035 
215 335 9 11 0.040084127 
228 318 10 12 0.03997181 
328 319 9 10 0.03978802 
402 329 20 26 0.03941154 
212 289 19 24 0.03939669 
384 318 9 11 0.039333504 
660 369 13 15 0.039293174 
663 349 10 13 0.039206408 
87 328 8 10 0.039113272 
617 325 9 11 0.03880977 
159 318 8 10 0.038221557 
54 304 7 10 0.03758957 
647 379 10 13 0.037367035 
309 320 9 11 0.037164543 
409 272 191 217 0.037147865 
608 363 9 12 0.037043545 
327 358 12 16 0.03664231 
706 342 10 13 0.036323145 
538 340 9 13 0.0362182 
710 348 11 14 0.035696436 
430 332 12 17 0.035561282 
771 359 237 249 0.034669343 
319 320 9 10 0.03452511 
151 326 8 9 0.034517355 
103 328 8 10 0.034227762 
479 332 10 15 0.03403096 
217 315 12 16 0.033597432 
323 332 13 15 0.032985434 
656 367 11 13 0.03281323 
112 344 8 10 0.032665227 
168 326 8 11 0.03254021 
112 351 10 12 0.03247701 
677 317 12 13 0.03240262 
216 309 11 14 0.031680673 
192 309 8 10 0.031239942 
704 322 10 13 0.030839616 
262 277 9 11 0.030694107 
78 343 8 10 0.030441632 
404 312 18 24 0.03017538 
543 317 10 12 0.030083407 
707 354 11 15 0.0300222 
830 322 17 21 0.030002154 
167 335 8 10 0.029905384 
667 349 12 14 0.02975122 
247 293 10 13 0.029458331 
319 326 10 12 0.029447613 
656 310 12 14 0.029377412 
470 340 10 16 0.029293906 
173 368 9 11 0.029234942 
169 295 8 10 0.029194571 
575 317 11 13 0.029151162 
319 310 9 10 0.029068844 
327 326 10 11 0.029051173 
623 337 10 12 0.029039271 
400 312 9 12 0.029008405 
564 324 12 14 0.028866734 
138 301 8 11 0.028845316 
616 320 9 11 0.028678147 
321 271 8 12 0.02866528 
176 301 7 10 0.028657075 
73 325 8 10 0.028233241 
229 310 9 12 0.0281304 
48 304 9 11 0.028043786 
111 312 7 9 0.027675653 
198 307 10 13 0.027662521 
192 300 9 12 0.02754484 
88 333 8 10 0.02741158 
206 306 11 14 0.02706394 
406 310 12 15 0.026868504 
37 308 10 12 0.026643243 
669 327 11 13 0.026571628 
333 324 23 27 0.02641001 
824 341 10 12 0.02616304 
617 345 20 23 0.026028933 
814 324 12 13 0.02582915 
461 383 9 11 0.02573221 
181 319 7 9 0.025701938 
259 301 10 14 0.025497677 
383 324 9 13 0.025422098 
790 319 9 12 0.02538695 
95 351 8 10 0.025148785 
771 336 21 24 0.024986738 
599 347 10 12 0.024852391 
720 318 9 12 0.024829557 
167 319 8 9 0.024680959 
326 310 10 11 0.024480753 
339 348 16 19 0.024437612 
126 294 8 9 0.024163539 
73 344 9 10 0.02411653 
103 303 8 9 0.023903638 
184 302 7 9 0.02385927 
158 296 9 10 0.02383432 
347 356 13 18 0.023783423 
71 349 8 10 0.023612067 
676 341 11 13 0.02350374 
177 332 8 10 0.0234621 
673 316 10 13 0.023433035 
456 391 11 13 0.023395943 
229 324 10 12 0.023387475 
661 317 9 12 0.023381945 
39 346 13 15 0.023318408 
183 334 8 10 0.023113789 
54 317 7 9 0.023051096 
394 320 21 27 0.022945909 
311 358 11 15 0.022944583 
278 316 11 14 0.022918705 
86 317 7 9 0.022866726 
87 304 8 10 0.02282109 
71 311 7 10 0.022577489 
629 356 10 14 0.02255089 
622 326 9 11 0.02250727 
772 325 14 16 0.02238592 
854 344 11 11 0.022339309 
257 388 12 15 0.022319792 
166 312 8 10 0.02215583 
213 310 20 26 0.022079876 
583 372 12 13 0.021954294 
412 344 14 18 0.021942249 
263 352 9 13 0.021937944 
319 356 11 16 0.021844648 
538 334 10 13 0.02174369 
30 328 8 11 0.02174177 
836 349 10 12 0.0217146 
326 349 13 17 0.02145618 
813 126 26 28 0.021351265 
782 315 11 14 0.021217994 
138 296 7 10 0.02113433 
49 317 8 10 0.020974785 
864 320 8 11 0.020947766 
524 300 11 16 0.020938585 
183 311 8 10 0.02093288 
6 318 9 11 0.020879854 
99 316 8 10 0.020772295 
247 302 9 12 0.020755626 
405 344 12 16 0.020738026 
540 336 18 22 0.02062449 
695 326 10 12 0.020583618 
714 343 18 22 0.020541186 
420 338 12 16 0.020398863 
230 270 8 10 0.020376557 
737 325 14 15 0.020187667 
