0_Parade_marchingband_1_552
135
183 381 11 14 0.77471375 
533 372 14 18 0.743311 
738 380 13 16 0.62806374 
970 385 14 16 0.6226237 
349 373 11 13 0.5037202 
852 396 11 15 0.3708059 
110 398 10 12 0.1915437 
397 387 14 18 0.18209167 
405 381 15 17 0.1807856 
582 380 13 16 0.17342024 
982 388 9 11 0.17266737 
363 397 15 20 0.1595703 
563 322 11 14 0.14539573 
942 389 11 14 0.117530055 
959 386 11 13 0.09196496 
355 375 11 13 0.087872654 
835 399 15 18 0.08584111 
43 361 13 16 0.084592916 
559 365 10 13 0.07605788 
758 385 13 14 0.06376971 
367 477 10 14 0.060447156 
300 393 31 36 0.060355406 
143 365 12 13 0.05930328 
208 402 10 13 0.056522522 
344 369 12 14 0.055021726 
411 382 15 19 0.05491694 
308 373 11 13 0.050746266 
990 387 10 12 0.050701644 
468 360 15 17 0.050184045 
79 387 9 11 0.050085198 
609 358 26 33 0.050009023 
928 387 12 15 0.049949955 
875 428 10 13 0.049616233 
187 383 13 16 0.049583003 
397 384 23 26 0.048941128 
909 423 8 11 0.047973715 
747 379 13 17 0.04782109 
946 413 9 11 0.047103938 
574 380 16 18 0.04705155 
929 397 10 12 0.04581657 
860 395 11 14 0.04534835 
441 396 11 13 0.04494687 
870 397 11 14 0.042526115 
491 371 12 14 0.041717 
871 424 11 14 0.04162946 
993 493 11 13 0.041317895 
373 279 9 12 0.040952273 
420 381 11 14 0.04034366 
371 284 11 13 0.039269943 
351 355 12 14 0.03818554 
932 383 11 15 0.038181722 
928 405 8 11 0.036307342 
494 394 12 15 0.03569299 
847 392 12 15 0.035449103 
437 428 11 12 0.03499438 
429 365 10 13 0.03402215 
845 399 15 18 0.033961136 
174 388 12 14 0.03389828 
445 372 11 13 0.033559065 
368 472 11 13 0.033479225 
364 364 12 14 0.0329988 
589 375 11 15 0.032786753 
904 382 8 10 0.032633338 
487 367 10 13 0.03222101 
580 380 21 26 0.031903643 
1008 391 12 13 0.031788234 
1013 395 9 13 0.03160406 
870 388 12 15 0.030949675 
912 389 10 12 0.030336736 
439 389 12 15 0.03010972 
548 380 10 13 0.029863691 
927 373 9 11 0.029846745 
949 389 9 13 0.029354542 
917 388 11 13 0.028748004 
613 367 14 19 0.02864134 
688 360 27 33 0.028304225 
864 487 14 18 0.028161207 
373 399 11 15 0.028117092 
212 400 9 11 0.027692905 
911 384 8 11 0.027438542 
480 388 12 15 0.027275793 
777 294 25 29 0.027075922 
176 375 12 15 0.026189623 
895 383 8 10 0.026160065 
921 408 9 10 0.026010133 
734 382 20 23 0.02587722 
926 366 10 11 0.025555141 
392 394 12 15 0.025242155 
596 379 11 15 0.025217168 
539 383 14 16 0.025032107 
138 362 23 27 0.024869928 
476 357 12 15 0.024850816 
876 398 9 13 0.024515275 
924 382 20 25 0.024473734 
274 331 25 26 0.02439009 
959 381 21 25 0.024242084 
888 428 8 11 0.024211971 
147 370 12 16 0.023965003 
73 381 12 15 0.023671133 
564 364 10 13 0.023623627 
159 405 9 10 0.023196427 
344 376 14 17 0.023174234 
500 388 12 16 0.023030601 
115 397 11 13 0.022784019 
177 376 18 23 0.022627234 
38 366 15 19 0.022458702 
484 369 23 25 0.022439567 
365 391 11 15 0.02234058 
967 387 21 23 0.022248631 
359 365 11 14 0.02206748 
167 421 10 13 0.02187397 
552 363 12 14 0.02179592 
619 362 16 20 0.021792844 
488 386 22 27 0.021790132 
33 357 12 14 0.021731282 
301 379 27 34 0.02166395 
398 374 11 13 0.021486891 
672 373 10 13 0.021464782 
839 391 10 14 0.021457965 
959 376 10 12 0.021433061 
197 398 12 15 0.021323899 
429 382 10 13 0.021238698 
948 407 10 12 0.02109724 
454 382 11 13 0.021070348 
16 472 7 10 0.021068608 
759 300 37 45 0.0208615 
823 390 10 12 0.02078544 
477 364 11 14 0.020696038 
43 448 18 23 0.020396393 
453 387 13 16 0.020321699 
973 378 11 13 0.020305151 
920 433 8 11 0.020158323 
446 368 10 11 0.020126509 
568 387 12 16 0.020088451 
167 379 9 12 0.02008003 
