0_Parade_marchingband_1_329
375
135 314 22 26 0.99614316 
572 423 19 24 0.9886847 
660 336 18 21 0.98265624 
191 311 21 26 0.9734169 
291 321 17 18 0.97287285 
836 326 20 24 0.97151875 
448 415 20 26 0.97066677 
566 339 16 18 0.9613204 
77 295 22 27 0.96079636 
632 428 20 24 0.95993465 
756 389 22 26 0.95829755 
330 323 16 18 0.949023 
714 371 23 27 0.9489634 
414 322 14 16 0.9455927 
511 428 18 23 0.9373051 
783 349 20 22 0.93374157 
374 330 12 15 0.93101346 
525 321 13 16 0.90538484 
181 393 22 24 0.9026123 
251 383 21 25 0.9016304 
640 310 17 20 0.87472147 
212 338 22 26 0.8613971 
328 387 20 21 0.8443087 
896 335 21 26 0.83478403 
798 400 19 23 0.83165294 
589 313 17 22 0.8045849 
706 333 16 19 0.79762715 
748 343 16 19 0.7774353 
683 331 16 20 0.7580465 
338 358 14 17 0.7337379 
478 316 18 19 0.719228 
542 323 15 18 0.71644235 
506 336 14 16 0.69702524 
159 325 21 24 0.6897373 
654 373 15 19 0.68966943 
388 379 22 24 0.6769945 
627 398 15 20 0.6305147 
566 315 21 24 0.5990568 
355 357 14 19 0.5577676 
611 315 16 18 0.52077484 
670 363 15 19 0.47054368 
651 393 20 22 0.41415337 
292 359 13 17 0.39264962 
679 306 13 17 0.38587502 
644 346 15 19 0.38356847 
466 330 13 16 0.37121022 
613 347 14 18 0.3698086 
445 323 13 16 0.36900073 
400 326 10 14 0.3498046 
783 395 12 17 0.343834 
579 310 20 26 0.33431485 
524 348 14 19 0.30871582 
476 348 11 14 0.30599424 
695 309 14 16 0.30030322 
716 424 20 25 0.28106618 
767 334 14 18 0.2691903 
185 448 17 20 0.26801994 
571 308 17 17 0.2580312 
439 350 13 17 0.25505427 
371 316 14 18 0.25208005 
301 450 15 19 0.24922247 
442 361 15 19 0.24700849 
316 338 12 15 0.2298285 
682 387 13 18 0.22616811 
477 342 11 13 0.21344072 
635 352 15 19 0.21279259 
274 306 15 19 0.21226946 
368 431 14 19 0.20630209 
280 379 18 23 0.18303418 
439 325 13 16 0.17591812 
751 302 13 16 0.17368668 
486 395 15 17 0.16131005 
413 308 13 15 0.15849058 
780 297 24 27 0.15163243 
757 431 16 21 0.1473858 
396 355 14 18 0.14287467 
508 356 10 14 0.13699934 
391 347 12 16 0.13685952 
413 289 12 15 0.13560517 
800 442 16 20 0.13542743 
750 149 13 16 0.13236408 
607 345 13 18 0.13194862 
870 323 16 20 0.1278542 
452 324 12 16 0.11709333 
462 308 9 13 0.11689189 
350 281 12 14 0.11561811 
627 292 15 17 0.11508344 
603 312 18 24 0.11044565 
263 425 14 18 0.10851341 
900 371 12 16 0.107857145 
757 316 11 13 0.1077594 
193 353 15 19 0.10772374 
703 372 14 18 0.10398266 
523 360 14 18 0.099941276 
661 432 25 28 0.0996953 
454 330 12 16 0.09859797 
310 332 15 18 0.09851473 
740 387 13 17 0.09589202 
531 347 16 21 0.09553513 
754 307 13 16 0.09512527 
474 352 13 19 0.09456638 
785 392 19 25 0.08942076 
462 317 12 14 0.08894951 
396 426 14 18 0.08730675 
635 290 12 15 0.086571716 
520 407 19 23 0.0833565 
396 339 14 16 0.07918114 
621 330 13 16 0.075430855 
69 299 18 20 0.0750938 
338 330 12 15 0.07481788 
271 331 12 16 0.074571505 
736 344 14 18 0.07193268 
619 322 13 16 0.07056172 
253 371 20 25 0.07038453 
383 361 14 16 0.069030516 
645 333 13 17 0.06854021 
561 322 13 16 0.068430535 
431 325 11 14 0.06783076 
627 332 12 15 0.067662224 
709 343 14 18 0.06740714 
445 339 11 14 0.06668433 
581 121 17 18 0.06599612 
282 367 21 27 0.065945014 
473 282 10 14 0.06516632 
676 357 14 19 0.06442073 
79 270 14 16 0.06357788 
463 390 12 15 0.06349299 
618 311 15 18 0.063157804 
558 159 12 15 0.062698804 
507 347 13 16 0.0625105 
296 315 16 20 0.060676444 
612 328 15 18 0.059371598 
432 271 8 10 0.05924458 
-47 187 456 490 0.05882584 
520 354 14 18 0.05784892 
713 337 14 17 0.05751022 
767 357 13 16 0.057508253 
686 378 14 21 0.05718004 
477 278 11 15 0.05654208 
784 311 19 20 0.05569232 
765 328 12 17 0.05490358 
388 363 15 17 0.054539915 
260 499 24 30 0.05453259 
334 311 12 15 0.054507762 
343 283 10 15 0.05363198 
348 355 17 23 0.053562526 
725 341 12 15 0.053506497 
373 284 11 13 0.05317398 
717 470 14 17 0.052973155 
265 433 15 19 0.05165378 
580 269 12 14 0.051348656 
114 249 16 19 0.051092423 
299 309 12 16 0.050511707 
756 330 20 23 0.050012257 
494 389 14 19 0.049980935 
228 347 12 16 0.049340162 
445 354 21 25 0.04928428 
659 364 19 24 0.04911206 
350 339 13 15 0.04907239 
542 437 13 17 0.04886097 
94 350 14 16 0.04876265 
114 324 13 17 0.04757869 
485 347 12 16 0.04735042 
718 356 14 17 0.047200985 
715 347 13 16 0.047117256 
390 284 11 13 0.046784 
327 329 13 16 0.04618393 
749 435 23 28 0.045722917 
709 372 17 22 0.045334086 
247 355 13 16 0.045276213 
518 342 12 16 0.045212094 
648 341 20 24 0.045051802 
356 341 12 14 0.044724833 
669 388 14 18 0.044670407 
199 369 14 17 0.04457974 
473 268 9 12 0.044546872 
476 330 15 17 0.04453719 
300 424 16 21 0.044019576 
243 448 16 19 0.04392029 
388 371 18 21 0.04382799 
470 336 14 17 0.04362512 
335 285 12 14 0.04319704 
101 247 17 21 0.042960804 
392 268 9 11 0.042685784 
515 460 26 30 0.042653583 
336 434 15 18 0.042365644 
790 381 14 16 0.04172878 
773 355 14 17 0.04164605 
613 337 20 25 0.041520774 
611 391 16 20 0.041498084 
747 372 15 17 0.040972732 
425 364 14 17 0.040667895 
439 342 12 16 0.040603776 
402 362 15 19 0.040088788 
405 322 14 17 0.040086865 
419 306 12 16 0.039968297 
301 302 11 13 0.03937042 
680 290 14 18 0.03919285 
795 388 16 18 0.039115246 
212 381 14 17 0.038992833 
650 405 18 21 0.03874941 
74 273 24 30 0.038704623 
822 359 21 28 0.038464423 
591 285 11 14 0.038301017 
751 313 14 16 0.03814383 
793 354 14 17 0.03810644 
280 306 19 24 0.038011022 
643 304 13 17 0.03750869 
415 270 10 11 0.037472494 
735 385 13 19 0.037297122 
550 349 11 14 0.036377188 
740 324 11 13 0.03632411 
356 361 21 27 0.036016684 
507 324 14 18 0.035776075 
682 355 12 16 0.03514719 
431 348 11 15 0.034962587 
277 325 11 15 0.03457127 
111 330 14 17 0.034487464 
592 302 10 13 0.034273516 
914 339 12 16 0.034096405 
533 388 13 16 0.033980023 
417 328 14 16 0.03396702 
564 285 12 14 0.033854358 
256 478 33 36 0.033785366 
409 285 13 16 0.033637024 
743 380 14 19 0.033405874 
793 303 16 20 0.03337088 
335 254 478 485 0.033346836 
717 364 17 21 0.03327075 
689 323 15 19 0.032642085 
756 323 15 18 0.03257045 
745 378 23 28 0.032553334 
516 329 14 17 0.032385264 
295 302 11 14 0.0321367 
152 317 22 26 0.032123633 
465 396 15 18 0.031658236 
786 321 16 19 0.03134843 
469 303 9 11 0.031269625 
401 329 15 17 0.03125917 
756 379 18 22 0.03115397 
414 387 13 17 0.031011749 
206 377 15 19 0.030825444 
354 278 13 16 0.03079426 
436 403 17 20 0.030731102 
484 342 11 13 0.030567236 
838 418 13 15 0.030504718 
672 306 14 18 0.030504217 
629 158 12 13 0.030499205 
591 164 11 14 0.030424861 
237 458 15 18 0.030069504 
370 410 15 19 0.030065512 
240 384 23 27 0.029854082 
646 401 16 19 0.029777475 
796 100 17 18 0.029719243 
802 291 14 17 0.029701833 
309 316 12 15 0.029694447 
859 419 16 19 0.029417302 
796 468 12 14 0.029379455 
557 355 11 14 0.029302146 
380 337 12 15 0.029224835 
359 263 11 12 0.029132765 
624 463 32 33 0.028829657 
235 349 13 16 0.02846793 
419 292 11 14 0.028397212 
369 323 14 19 0.028380638 
712 309 10 13 0.02832984 
744 301 12 15 0.027995827 
632 305 19 24 0.027905203 
224 340 14 18 0.027830174 
422 302 10 14 0.027623732 
786 289 25 28 0.027560888 
540 336 15 18 0.027546769 
677 344 15 19 0.027489878 
593 291 10 13 0.027395997 
471 358 14 20 0.027319495 
284 444 14 18 0.027166562 
784 325 22 27 0.027069805 
930 301 9 12 0.026834697 
260 364 15 18 0.026691537 
105 271 29 32 0.026529448 
593 158 11 13 0.026382955 
814 389 12 17 0.026345842 
617 351 15 19 0.02620989 
739 437 16 20 0.026146585 
217 325 16 19 0.026088389 
452 286 14 16 0.026070986 
592 437 11 15 0.025981322 
490 348 13 17 0.025947932 
608 330 12 17 0.025932644 
433 277 9 12 0.025923308 
440 394 22 27 0.02588667 
895 366 13 17 0.025738047 
454 350 15 18 0.025666654 
400 320 10 14 0.025445879 
633 402 15 18 0.025302378 
468 368 17 20 0.025243534 
648 372 14 18 0.025230179 
222 408 14 18 0.025220579 
711 317 12 13 0.025044149 
204 272 15 19 0.024985319 
577 302 15 17 0.024900718 
745 154 12 15 0.024857387 
328 397 19 21 0.024792112 
264 377 19 25 0.024716252 
742 334 13 16 0.024592763 
82 278 26 36 0.02457738 
644 410 15 19 0.024530753 
624 288 11 13 0.024406826 
203 283 16 20 0.024396388 
461 335 15 17 0.024329523 
432 283 11 13 0.024294864 
778 468 16 20 0.024256948 
698 301 13 17 0.024092132 
275 345 15 18 0.024066709 
567 360 11 15 0.024033401 
212 314 14 19 0.023919532 
318 395 12 16 0.023912396 
830 279 22 28 0.0238387 
327 310 12 15 0.023765774 
429 319 11 15 0.02363749 
523 311 15 18 0.02355488 
806 395 19 27 0.023505092 
454 318 12 16 0.023473136 
717 310 9 13 0.023401955 
747 360 16 18 0.02337065 
519 311 12 16 0.0231816 
749 334 16 18 0.023173157 
64 304 14 18 0.023172555 
796 331 14 17 0.023155395 
907 369 16 20 0.023146499 
384 284 9 13 0.023144579 
702 344 14 18 0.023115253 
944 364 11 14 0.023109827 
338 365 17 21 0.023108372 
191 392 18 22 0.023106039 
325 469 15 18 0.022921601 
252 364 17 21 0.02289121 
183 312 17 21 0.022772213 
168 378 14 19 0.022732807 
835 435 17 21 0.022648139 
467 401 16 21 0.022557639 
525 289 14 16 0.022515034 
475 401 16 20 0.022441 
780 330 15 18 0.02241056 
629 313 13 18 0.02221169 
362 349 15 19 0.022181807 
309 323 13 18 0.022164933 
383 269 9 11 0.02210888 
193 358 21 24 0.02196806 
471 317 12 15 0.02195887 
178 485 15 17 0.02193229 
753 352 15 18 0.021925539 
323 337 13 16 0.021755913 
409 269 10 11 0.02163455 
335 299 11 14 0.021603117 
710 353 14 18 0.021543564 
351 269 9 11 0.021492362 
510 316 13 17 0.021376774 
220 393 14 18 0.021363929 
395 368 20 27 0.021343984 
493 322 11 16 0.021301676 
575 458 28 32 0.021268697 
100 418 17 25 0.021170657 
391 331 12 16 0.021160234 
533 327 15 19 0.021052988 
158 334 23 28 0.021021085 
907 334 15 20 0.02070913 
772 326 14 17 0.020687247 
752 310 22 26 0.02064976 
742 315 11 15 0.020542022 
413 393 16 20 0.020431556 
190 285 12 17 0.02040763 
264 441 14 18 0.020382473 
196 377 15 20 0.020204455 
430 392 15 20 0.020118954 
