49_Greeting_peoplegreeting_49_56
23
441 73 86 126 0.9992137 
580 66 47 60 0.99465126 
716 72 50 73 0.99406993 
806 62 42 53 0.98724395 
228 108 55 116 0.89069515 
909 60 42 61 0.88356 
963 57 34 56 0.26524037 
805 363 30 40 0.15367411 
206 141 67 103 0.0871519 
788 174 52 70 0.07400522 
975 54 39 68 0.05430153 
45 456 50 67 0.03788516 
339 49 108 123 0.037417207 
286 53 112 120 0.03051139 
995 53 32 57 0.026867947 
144 123 98 131 0.026400112 
971 180 58 109 0.025144875 
629 219 29 43 0.025088983 
673 105 44 67 0.023155412 
252 62 103 135 0.022571273 
905 50 31 46 0.022421591 
968 43 32 45 0.020460486 
973 -2 29 29 0.020393608 
