49_Greeting_peoplegreeting_49_48
36
720 126 57 71 0.9990252 
293 222 32 40 0.9988476 
586 195 48 59 0.9984584 
231 268 29 34 0.99789524 
380 231 40 45 0.99354714 
-26 60 162 326 0.98352414 
162 285 24 30 0.9674887 
526 146 42 80 0.86995006 
194 283 22 28 0.8640058 
27 331 88 102 0.5315119 
767 137 29 36 0.16158552 
148 300 14 19 0.12321096 
371 564 29 35 0.10305973 
918 461 46 65 0.07001981 
198 273 27 33 0.059004948 
237 342 13 19 0.058852125 
816 5 90 110 0.05282698 
150 294 24 29 0.04794894 
690 132 50 64 0.045402184 
77 347 53 77 0.03932092 
986 587 36 50 0.038790192 
957 57 15 17 0.034676373 
662 134 49 66 0.031107252 
188 295 24 29 0.027975045 
160 390 11 14 0.027836485 
548 143 47 69 0.025702475 
101 337 50 69 0.024576938 
816 486 39 35 0.02321019 
383 109 48 73 0.022411961 
896 439 49 64 0.022078026 
217 430 9 12 0.021423731 
139 298 19 25 0.021237377 
148 406 13 19 0.021167051 
900 444 14 18 0.020565858 
210 283 16 22 0.0205049 
225 258 18 21 0.020284202 
