49_Greeting_peoplegreeting_49_53
98
437 338 54 71 0.9989292 
328 644 68 93 0.99831855 
795 394 64 83 0.9977063 
775 669 68 86 0.9976279 
666 213 51 71 0.99644333 
85 387 58 79 0.995992 
223 336 44 68 0.9946684 
568 172 40 64 0.9946254 
348 338 40 64 0.9881116 
705 293 39 59 0.9695681 
174 287 41 64 0.8749117 
113 346 49 72 0.87170327 
225 218 49 70 0.791492 
332 234 36 53 0.76052254 
827 331 39 57 0.7549996 
684 383 47 64 0.40486038 
391 687 56 76 0.29523325 
233 254 45 69 0.28145102 
848 287 43 65 0.27582783 
508 272 50 61 0.25858125 
222 139 29 34 0.24682005 
452 1163 15 16 0.22017895 
215 126 45 58 0.1840916 
240 205 62 75 0.16803686 
363 -1 18 15 0.15762642 
198 296 39 56 0.12959151 
690 59 36 46 0.11076944 
356 669 78 95 0.09964077 
223 283 43 61 0.09790665 
536 6 35 43 0.0977866 
190 1334 48 51 0.071671456 
261 198 44 50 0.07139822 
214 301 50 75 0.06465617 
786 113 41 54 0.063749425 
775 39 32 38 0.05975822 
499 245 50 64 0.058628034 
151 347 42 61 0.055227544 
204 267 46 74 0.05472389 
219 220 34 50 0.05335355 
707 373 50 69 0.053295866 
367 622 37 42 0.05231112 
372 605 13 13 0.05166831 
808 350 57 76 0.051473662 
582 135 16 21 0.04980238 
577 148 48 63 0.04860545 
111 642 342 470 0.048030958 
524 1064 201 248 0.04524354 
815 265 64 71 0.0419073 
1 81 28 49 0.04103513 
533 406 33 45 0.040741567 
382 169 37 45 0.039081454 
562 235 27 37 0.039067835 
309 208 53 75 0.03778519 
602 4 27 34 0.03740168 
198 362 37 48 0.03632031 
585 120 48 59 0.035999306 
414 23 50 71 0.03509577 
585 178 34 47 0.034998756 
-5 499 68 134 0.034191936 
977 1091 12 17 0.033689346 
450 802 55 74 0.033545814 
180 346 39 62 0.033255078 
599 306 40 55 0.032077216 
769 641 63 76 0.032001812 
719 291 48 68 0.03189239 
263 273 32 42 0.031052696 
197 101 54 75 0.030580325 
812 127 16 21 0.030459544 
344 245 38 48 0.029354455 
275 187 50 62 0.029320845 
369 330 46 62 0.029286131 
174 3 33 22 0.029282084 
240 179 53 67 0.029089121 
853 315 33 49 0.028225802 
539 925 17 22 0.02792455 
282 215 55 70 0.027732396 
572 100 96 116 0.02769384 
625 338 30 39 0.026875233 
789 483 38 48 0.026753714 
833 316 33 41 0.026565634 
446 1160 23 27 0.025120445 
248 239 41 48 0.024725027 
273 250 34 50 0.0247162 
843 338 34 45 0.024339197 
552 0 31 41 0.0238542 
772 87 24 34 0.023340382 
799 325 52 67 0.023303175 
445 1139 13 16 0.023291543 
349 303 54 65 0.02298472 
677 165 30 35 0.022832097 
506 82 33 34 0.021786526 
654 161 42 54 0.02151398 
803 117 26 35 0.0211379 
601 133 31 35 0.020555228 
797 93 33 45 0.020525316 
472 76 51 60 0.020122156 
1 347 42 65 0.020112082 
337 1051 151 211 0.020027207 
