49_Greeting_peoplegreeting_49_307
58
176 272 32 39 0.99652195 
873 282 29 36 0.96774566 
272 239 20 27 0.95798665 
621 272 16 23 0.85192704 
686 279 14 23 0.8474978 
363 254 15 24 0.8315854 
714 281 15 23 0.73531675 
806 372 15 20 0.38004065 
849 294 24 33 0.31505045 
869 296 27 37 0.21703765 
943 357 14 18 0.18864727 
614 280 15 18 0.1327751 
747 299 11 15 0.12025783 
367 260 19 23 0.08187085 
704 360 10 12 0.07543357 
729 324 16 18 0.07263073 
165 341 32 34 0.07052141 
697 277 21 28 0.060615644 
168 321 31 39 0.060390938 
719 365 9 12 0.053384136 
616 261 23 29 0.049025014 
221 356 11 13 0.048482362 
733 279 14 17 0.04276718 
375 263 19 20 0.04112614 
742 292 14 20 0.038519695 
686 404 11 14 0.038474783 
158 331 26 35 0.036677755 
709 380 12 14 0.03418654 
756 332 10 14 0.033374004 
150 459 15 20 0.0318837 
721 320 39 52 0.031368453 
873 315 19 23 0.030655304 
577 360 12 17 0.029811665 
695 309 9 13 0.029673077 
671 430 11 13 0.02930352 
359 246 13 21 0.028898628 
293 314 10 13 0.02838541 
708 362 11 13 0.02837138 
697 388 10 12 0.028277583 
121 377 16 17 0.027292758 
875 276 19 22 0.026508108 
379 245 14 18 0.02646776 
607 277 15 18 0.026436483 
670 350 10 12 0.026381377 
158 336 15 21 0.025710046 
720 285 16 22 0.025408715 
604 347 15 19 0.025065895 
700 386 14 16 0.024728075 
649 341 9 12 0.023970546 
883 269 16 19 0.023410851 
620 287 15 18 0.02340528 
293 592 11 12 0.023331003 
739 283 12 16 0.022732576 
595 363 15 18 0.022173153 
664 349 11 12 0.021874418 
670 425 9 12 0.021599703 
839 307 25 33 0.02121947 
683 341 10 12 0.02003046 
