49_Greeting_peoplegreeting_49_218
236
391 631 66 85 0.99611974 
684 619 75 85 0.99442405 
-1 911 31 52 0.97344923 
191 755 41 59 0.902114 
664 1154 49 65 0.87965995 
748 321 22 27 0.7796519 
679 331 28 32 0.5819638 
838 259 30 31 0.4915767 
546 711 53 60 0.38842914 
491 108 42 53 0.38748598 
101 39 60 74 0.3687604 
56 8 52 58 0.31285673 
851 372 27 34 0.25628892 
578 327 32 36 0.25602573 
26 359 18 21 0.22897263 
893 25 24 27 0.21234472 
654 249 26 32 0.20843288 
0 5 15 25 0.20434682 
709 340 28 31 0.19514808 
685 358 37 42 0.18197758 
681 84 30 39 0.17839405 
418 249 18 22 0.16293713 
830 240 46 56 0.1604841 
677 345 35 44 0.1564887 
346 346 22 28 0.13838068 
744 631 48 59 0.12514967 
763 391 33 44 0.12112426 
884 65 26 31 0.11808722 
61 11 84 101 0.11136979 
517 201 45 54 0.107089676 
826 0 21 15 0.094415806 
5 365 22 27 0.09020556 
21 8 56 57 0.08392979 
41 0 19 20 0.08330044 
610 183 19 22 0.08105366 
409 329 35 39 0.080983356 
703 353 28 36 0.07803473 
106 379 18 24 0.07736425 
389 669 61 83 0.07419535 
25 1029 68 67 0.07361756 
242 762 65 80 0.071962915 
580 643 27 35 0.071912855 
540 697 82 100 0.071897976 
649 327 27 36 0.069491304 
691 341 31 35 0.06800674 
100 397 378 438 0.06745101 
773 290 31 39 0.06641039 
754 252 24 30 0.06409811 
841 111 18 22 0.063977025 
26 -5 90 91 0.0610769 
331 335 17 22 0.06056678 
622 2 26 28 0.06030957 
656 35 34 42 0.060086276 
644 633 30 39 0.058177102 
432 5 37 39 0.055722747 
553 37 27 30 0.055456888 
859 4 25 32 0.05510578 
740 -2 62 56 0.054244973 
682 325 20 21 0.053962506 
42 270 26 31 0.053861164 
855 506 26 31 0.053763483 
719 166 33 37 0.053372554 
650 260 28 38 0.052413598 
60 308 15 18 0.052214995 
396 224 16 18 0.051852472 
26 464 27 33 0.051810876 
606 271 29 35 0.050814223 
243 576 32 36 0.049991217 
732 169 18 21 0.047069587 
523 254 35 42 0.04557606 
403 326 27 30 0.044662353 
269 292 12 16 0.044581346 
612 336 24 32 0.043871593 
246 358 16 19 0.042507757 
52 1154 76 70 0.04225997 
398 -7 107 108 0.041783407 
323 336 18 22 0.04171469 
127 334 41 54 0.041624017 
371 95 367 500 0.041595664 
568 501 12 15 0.041332945 
402 516 18 23 0.040649343 
691 251 17 20 0.040436197 
97 843 25 27 0.040223762 
602 193 39 49 0.040079705 
451 579 15 18 0.039917856 
128 320 29 36 0.03936933 
465 84 52 62 0.03906016 
429 281 15 18 0.03854917 
217 376 27 32 0.03822791 
63 121 436 547 0.037520044 
755 311 27 30 0.037202828 
509 499 16 18 0.037101515 
684 185 107 129 0.03691938 
112 371 25 32 0.035839576 
556 34 18 20 0.035505243 
257 749 93 132 0.035485465 
816 231 89 100 0.03510159 
43 874 39 51 0.034926035 
762 296 29 34 0.033897895 
531 0 32 28 0.033845957 
38 793 16 19 0.033798214 
592 326 31 36 0.03348825 
515 277 50 57 0.033375327 
13 368 27 31 0.03334832 
362 52 23 28 0.033070464 
678 310 26 31 0.032968674 
25 734 47 51 0.03280373 
230 568 52 57 0.032332096 
258 1156 48 61 0.032144293 
2 11 29 33 0.03206943 
507 508 25 29 0.03198021 
509 559 15 19 0.031754524 
392 289 17 21 0.03165369 
580 270 23 29 0.03158306 
829 264 32 40 0.031535476 
630 13 56 62 0.031136822 
420 4 60 64 0.031112725 
393 336 48 54 0.03099298 
352 400 18 22 0.030805396 
854 86 22 26 0.030692346 
452 68 38 46 0.030652799 
15 16 28 32 0.030522985 
363 513 24 28 0.030450696 
545 68 365 457 0.030406099 
223 368 26 30 0.03039134 
534 547 14 19 0.030335877 
97 835 41 50 0.03028113 
843 358 47 53 0.030245576 
780 276 30 37 0.03017145 
516 585 16 19 0.02999586 
668 364 34 40 0.029993443 
378 315 88 102 0.029966217 
878 24 40 48 0.029441912 
23 25 34 35 0.02925918 
442 40 94 105 0.029156238 
533 481 15 19 0.029056622 
291 362 16 20 0.02881405 
697 211 28 33 0.028764965 
583 36 29 34 0.02858626 
499 1 35 34 0.028129593 
721 337 27 32 0.02811091 
29 371 26 30 0.027839933 
615 353 27 36 0.027485853 
828 101 27 34 0.027484223 
390 447 26 27 0.02720915 
624 228 26 34 0.026871415 
398 312 25 28 0.02661584 
768 630 31 47 0.026215065 
88 174 96 124 0.026163552 
631 198 105 129 0.026055347 
-1 759 11 21 0.02604966 
401 357 28 34 0.025992822 
55 339 21 28 0.025972854 
920 108 21 31 0.025963373 
25 287 16 22 0.025818137 
23 4 29 31 0.025686597 
474 300 46 53 0.025454713 
44 384 17 20 0.025406986 
28 44 30 32 0.025381122 
8 295 16 21 0.025340082 
8 896 27 39 0.025265649 
819 278 30 38 0.025220938 
715 148 33 40 0.0252131 
28 198 109 174 0.024955345 
362 1119 55 56 0.024950242 
618 211 28 35 0.024937838 
379 1146 36 36 0.024870288 
822 309 43 51 0.024683245 
689 94 35 43 0.02462897 
49 941 54 61 0.024558518 
179 98 29 29 0.024528239 
584 0 30 30 0.024479393 
347 217 13 15 0.024443116 
137 331 26 33 0.024347458 
53 1 33 39 0.02432187 
0 867 22 32 0.024263868 
623 35 23 32 0.024171414 
36 963 71 75 0.024062583 
357 55 55 69 0.023823192 
689 343 19 22 0.023716949 
171 738 67 94 0.023706526 
704 87 46 57 0.023612287 
340 348 46 56 0.023552664 
117 178 12 14 0.02346788 
590 639 29 35 0.023450145 
125 364 32 37 0.023331322 
150 678 13 16 0.02325626 
794 61 30 32 0.023256078 
709 0 51 51 0.023196066 
52 380 15 22 0.023115661 
197 -8 111 134 0.022856232 
556 45 34 38 0.022775792 
238 246 12 16 0.022741843 
652 220 17 22 0.022740193 
752 235 29 34 0.02261989 
99 190 59 78 0.022469714 
527 704 53 57 0.022461284 
800 333 26 34 0.022373613 
120 360 18 21 0.02236183 
59 462 29 36 0.022278706 
195 330 24 29 0.022222117 
737 324 36 44 0.022203796 
33 366 18 23 0.022135643 
30 788 28 30 0.022130892 
863 267 49 52 0.022098372 
26 345 25 32 0.022088332 
880 219 49 55 0.02185949 
667 746 51 67 0.021842562 
28 877 38 55 0.021711959 
66 310 14 19 0.021669699 
525 193 32 37 0.02166943 
36 5 19 22 0.021641813 
340 344 18 24 0.021283995 
487 302 28 33 0.021216273 
707 317 28 35 0.021166794 
364 226 13 15 0.020992406 
512 225 54 65 0.020963078 
861 79 25 28 0.020873815 
832 613 44 62 0.020788783 
379 443 25 26 0.020765524 
375 244 13 16 0.020759873 
12 353 23 31 0.0206806 
823 386 44 51 0.020647464 
642 216 25 33 0.020631138 
403 449 18 22 0.02062144 
110 46 34 49 0.020584902 
571 640 53 60 0.020559497 
484 38 23 33 0.020539228 
182 272 48 55 0.020443859 
371 1070 59 59 0.020233741 
152 225 17 19 0.020190308 
888 106 43 53 0.02014594 
201 105 17 20 0.020093326 
413 208 11 14 0.020062037 
325 333 43 54 0.020020174 
742 74 28 35 0.020005904 
