49_Greeting_peoplegreeting_49_943
38
192 432 51 65 0.99965966 
124 444 59 75 0.99947006 
357 443 55 75 0.99934286 
287 443 48 58 0.9983967 
343 77 20 27 0.89702314 
148 97 18 24 0.8709998 
255 147 18 22 0.7949987 
207 142 15 17 0.7900039 
9 133 27 35 0.16805904 
262 111 16 20 0.10501354 
414 202 138 186 0.10099871 
239 173 11 14 0.098558396 
529 -1 80 72 0.0825028 
815 102 20 27 0.06911388 
192 132 12 16 0.054892 
319 158 12 17 0.04980833 
0 346 23 37 0.037840992 
199 140 13 17 0.036765125 
210 136 15 18 0.034710877 
915 520 17 23 0.03369073 
414 -5 127 105 0.03353868 
273 132 11 15 0.033224966 
392 91 13 16 0.03087289 
375 -62 330 425 0.030836895 
678 293 12 17 0.02932868 
359 138 20 19 0.028599503 
840 247 181 271 0.02847314 
847 371 178 291 0.028160395 
525 241 187 271 0.027744269 
238 165 14 17 0.027435858 
170 168 23 35 0.025800074 
753 314 13 16 0.024464523 
179 177 12 20 0.024073465 
274 139 16 20 0.02333636 
351 83 17 24 0.022895345 
219 141 11 16 0.022365563 
132 15 39 49 0.021865629 
295 133 13 17 0.021835241 
