49_Greeting_peoplegreeting_49_896
18
324 437 137 144 0.99858415 
386 899 450 452 0.5010654 
694 325 128 128 0.20841065 
485 466 89 108 0.16816351 
190 1074 393 515 0.11412767 
765 346 132 107 0.07982757 
401 592 419 507 0.06982521 
550 998 232 331 0.055372063 
844 2 129 167 0.047830664 
724 354 79 77 0.041925084 
806 1232 33 32 0.039691094 
607 1285 99 139 0.03794855 
475 1419 48 33 0.031145517 
139 891 467 476 0.026366398 
65 564 446 486 0.021382583 
390 449 110 127 0.021120733 
46 1434 26 29 0.021022592 
236 349 110 132 0.02035983 
