49_Greeting_peoplegreeting_49_153
25
482 294 391 541 0.9997712 
112 76 381 516 0.7234994 
344 257 333 475 0.56907403 
177 1210 406 383 0.29593244 
635 247 346 507 0.25691164 
15 215 372 502 0.1599027 
486 40 259 197 0.08351363 
523 45 396 491 0.07890204 
550 259 266 346 0.07507168 
88 728 458 414 0.06148504 
290 33 329 467 0.06068457 
-8 1297 272 226 0.058202054 
553 258 132 149 0.053793147 
-26 305 218 349 0.051193353 
260 285 237 308 0.05111596 
450 -31 330 413 0.03804408 
-82 1246 450 344 0.037500862 
874 627 136 126 0.03744067 
563 332 127 151 0.036540993 
340 1338 138 142 0.030210828 
225 995 247 239 0.029971877 
10 1351 120 204 0.027034564 
250 715 129 160 0.024677552 
147 540 347 441 0.023810389 
125 915 394 379 0.02009545 
