49_Greeting_peoplegreeting_49_923
45
388 146 58 75 0.9988263 
600 277 56 70 0.998767 
542 156 53 65 0.99826705 
656 70 58 88 0.99792886 
497 126 53 67 0.9895238 
521 138 52 70 0.23637988 
293 472 10 13 0.12791128 
703 431 55 89 0.08229906 
292 161 14 17 0.05845376 
809 80 45 57 0.058269635 
863 84 48 75 0.04169055 
392 310 9 11 0.03929229 
394 304 9 11 0.036490537 
165 382 25 35 0.034309823 
276 166 26 35 0.033655137 
373 640 25 37 0.032778956 
306 0 17 17 0.032711197 
409 353 10 11 0.03190275 
651 241 47 54 0.031538025 
459 348 11 14 0.031409793 
405 331 10 13 0.027919658 
506 220 40 47 0.027876344 
329 221 11 14 0.027761606 
424 396 9 9 0.027761456 
325 202 17 22 0.027714044 
386 384 7 10 0.025237592 
284 229 12 17 0.024746114 
230 75 13 18 0.024706557 
962 473 17 21 0.024695445 
282 397 40 52 0.02439872 
491 207 36 38 0.024390334 
333 209 13 17 0.023674225 
148 357 14 19 0.023559123 
748 424 57 86 0.022750916 
440 359 8 10 0.021801464 
230 70 11 15 0.02136128 
270 236 10 13 0.021319702 
165 387 15 22 0.02094142 
677 264 16 18 0.020747913 
613 150 33 45 0.020716645 
279 360 25 30 0.020690415 
271 174 11 16 0.020688366 
144 358 11 17 0.020259066 
291 167 17 22 0.020258488 
516 159 37 44 0.020045461 
