20_Family_Group_Family_Group_20_90
23
501 77 179 221 0.6125564 
461 -9 165 248 0.46424246 
681 556 108 191 0.2749585 
451 542 63 84 0.2073361 
75 431 186 314 0.09049081 
370 0 159 245 0.08452238 
485 207 113 146 0.063088454 
449 92 335 440 0.060498428 
485 149 226 243 0.048830185 
516 176 471 436 0.043748178 
423 566 104 97 0.04322385 
442 -6 110 178 0.037367687 
161 415 203 302 0.036931448 
47 415 81 126 0.036871005 
981 -6 46 48 0.03232093 
768 64 176 202 0.03199012 
522 3 141 177 0.028833108 
383 -4 60 45 0.027202072 
145 533 132 192 0.026632523 
447 628 64 51 0.025410393 
714 644 67 119 0.022549462 
637 165 103 122 0.020910617 
575 150 147 166 0.020468919 
