20_Family_Group_Family_Group_20_835
53
180 266 31 40 0.9990885 
741 267 38 49 0.97334903 
65 329 40 62 0.9438917 
2 277 30 57 0.7345508 
840 304 25 51 0.7072848 
764 283 32 43 0.28043517 
857 113 57 70 0.22608687 
800 119 12 15 0.17008 
325 112 9 11 0.14608306 
575 413 32 37 0.12835202 
588 423 17 22 0.11578806 
706 333 18 22 0.108065024 
639 422 49 55 0.08089958 
154 309 28 39 0.079940595 
317 125 8 11 0.063963026 
313 120 10 12 0.0539767 
319 116 10 13 0.053806223 
798 82 96 115 0.051966716 
813 347 184 228 0.05028268 
519 408 12 16 0.043396708 
696 341 11 15 0.04203868 
828 381 52 70 0.041579135 
799 166 14 19 0.041277878 
0 328 25 55 0.039926942 
836 289 32 45 0.037188556 
-3 299 40 75 0.037022054 
518 636 9 12 0.036954425 
693 124 11 16 0.036003437 
830 123 11 13 0.03559283 
557 413 41 44 0.035563067 
754 263 37 43 0.033108488 
222 32 14 18 0.032731187 
845 82 89 116 0.030001102 
795 320 35 44 0.02900857 
670 515 55 73 0.027533922 
569 565 10 12 0.027455963 
594 436 52 54 0.027341595 
560 383 56 61 0.027130006 
834 389 90 116 0.02562976 
659 333 12 16 0.025113722 
640 387 46 57 0.023311373 
858 300 45 56 0.023276502 
829 117 10 13 0.023194905 
604 378 12 18 0.023126887 
53 308 66 103 0.022658775 
302 146 30 29 0.022506863 
796 163 25 31 0.02214792 
539 619 10 16 0.020565327 
370 558 16 20 0.020519903 
776 300 19 24 0.020417798 
532 574 10 11 0.020385405 
627 403 50 58 0.020214485 
835 125 10 13 0.020153748 
