20_Family_Group_Family_Group_20_87
23
458 387 103 135 0.9997814 
197 513 69 86 0.9994068 
323 429 73 91 0.99837023 
730 545 83 105 0.99482346 
627 510 81 100 0.99190617 
965 847 62 69 0.4400522 
468 797 118 91 0.25997162 
685 523 85 109 0.10708243 
284 703 427 537 0.06448795 
14 171 232 261 0.059336305 
710 196 356 442 0.048435662 
309 -16 370 421 0.04705256 
579 40 224 224 0.047021825 
37 960 28 38 0.032137647 
251 542 32 42 0.030205285 
105 833 393 487 0.02960482 
-70 83 398 399 0.028577995 
252 12 315 230 0.025315724 
931 849 75 82 0.024304966 
860 1512 16 19 0.023318043 
688 958 186 233 0.023166675 
502 838 88 66 0.023112906 
184 537 455 503 0.020838087 
