20_Family_Group_Family_Group_20_62
44
627 169 36 47 0.9997634 
645 306 31 40 0.9995016 
444 244 35 45 0.9994655 
240 125 33 44 0.99945277 
538 169 33 45 0.99944836 
416 138 33 43 0.9991524 
630 386 31 37 0.9991372 
335 130 35 44 0.99912196 
839 152 31 42 0.9989478 
716 140 35 45 0.99891186 
106 105 40 49 0.99875593 
761 187 37 46 0.99861395 
242 218 37 50 0.998544 
560 310 34 42 0.99770194 
447 168 37 45 0.9975309 
865 205 38 49 0.9969885 
309 176 34 45 0.9966145 
514 134 33 41 0.99649197 
621 126 33 44 0.99412537 
366 207 28 34 0.991295 
190 166 39 49 0.989933 
723 235 31 36 0.94163066 
517 193 23 30 0.1678968 
340 85 26 32 0.0982764 
633 108 11 14 0.060315248 
607 598 9 12 0.057935692 
355 53 13 16 0.051527653 
636 598 9 13 0.04726674 
986 112 13 18 0.042888567 
449 151 24 30 0.038512357 
345 7 37 46 0.03822297 
454 149 14 17 0.036957774 
454 582 12 17 0.030634075 
642 10 13 18 0.029448884 
616 49 44 70 0.027243285 
730 302 26 42 0.025966637 
381 462 14 18 0.024201518 
595 187 13 18 0.023565527 
629 100 23 29 0.023112535 
621 115 12 15 0.021421824 
352 93 26 35 0.02056428 
664 576 10 12 0.020355372 
615 109 11 16 0.020319674 
441 234 29 38 0.02003968 
