20_Family_Group_Family_Group_20_775
22
423 365 211 289 0.9999192 
283 578 207 249 0.9998393 
71 331 32 40 0.9957066 
147 362 27 34 0.9858159 
338 368 24 36 0.93132013 
624 301 39 43 0.9065988 
362 484 205 244 0.48734972 
54 849 310 460 0.28444904 
661 1080 196 296 0.07576638 
575 908 387 533 0.070568234 
152 356 20 22 0.057487026 
850 454 23 24 0.052535776 
81 447 23 30 0.05196433 
212 258 16 17 0.04682665 
213 331 16 21 0.04420406 
224 223 25 30 0.042681985 
676 299 427 494 0.027484031 
833 742 211 289 0.025563823 
243 230 13 17 0.024846561 
97 417 34 40 0.021879705 
214 221 23 29 0.021150405 
668 495 52 84 0.020836182 
