20_Family_Group_Family_Group_20_339
49
525 195 30 38 0.99974304 
618 182 32 41 0.9996567 
448 171 32 39 0.999456 
361 127 41 51 0.99693537 
31 90 46 53 0.9963169 
147 160 37 44 0.99555874 
698 165 33 43 0.99353 
242 133 39 51 0.9905703 
856 103 41 51 0.98501575 
767 145 39 51 0.9835101 
829 174 31 37 0.89171225 
665 213 25 31 0.47856274 
829 146 24 29 0.18867582 
412 326 13 19 0.17627376 
172 125 35 37 0.11935876 
831 156 26 31 0.117300235 
352 256 16 19 0.08815944 
1014 483 9 15 0.058851626 
838 171 20 24 0.054437425 
362 327 15 22 0.053686406 
377 275 15 20 0.051387846 
209 302 393 451 0.049585737 
634 185 26 36 0.04445541 
428 280 15 20 0.042700104 
675 154 17 21 0.041861273 
276 181 16 20 0.04115125 
668 200 25 29 0.03976348 
835 112 27 36 0.039318264 
973 312 12 17 0.038997557 
177 189 26 32 0.034234416 
552 188 20 27 0.032219693 
565 219 15 22 0.03141575 
909 116 24 28 0.03079762 
175 163 28 35 0.030425485 
651 188 23 32 0.028808791 
1015 268 9 14 0.028787345 
994 412 26 40 0.028527217 
74 142 24 34 0.02795616 
190 125 35 38 0.027657399 
747 173 22 30 0.026995257 
937 330 18 22 0.024870174 
679 187 23 27 0.024751995 
97 176 16 21 0.024367493 
133 162 16 23 0.023548843 
953 108 28 40 0.02121503 
134 151 32 42 0.020823656 
5 103 25 40 0.020603782 
391 307 11 14 0.020355532 
352 168 17 22 0.020313058 
