20_Family_Group_Family_Group_20_27
28
521 45 61 73 0.997962 
713 232 62 80 0.9976573 
907 328 63 93 0.99670047 
784 188 74 100 0.9950113 
179 140 77 102 0.9942205 
300 151 72 96 0.98875016 
595 316 74 97 0.9883603 
328 383 71 102 0.9815555 
445 221 26 31 0.2267436 
737 205 70 104 0.17030877 
20 413 63 53 0.14386842 
282 385 92 112 0.12520176 
248 394 82 113 0.059917986 
457 225 20 26 0.0566826 
491 43 39 56 0.048833117 
8 383 95 90 0.04180292 
353 414 42 61 0.038910475 
26 436 45 43 0.035891764 
475 373 51 88 0.031201681 
880 338 50 77 0.030190133 
357 346 104 144 0.029560847 
889 531 34 49 0.025372569 
359 168 46 67 0.024339492 
637 326 52 73 0.023540026 
578 36 16 19 0.022918569 
503 36 50 66 0.022803372 
535 302 89 120 0.021893768 
379 170 44 62 0.0207524 
