20_Family_Group_Family_Group_20_1015
59
647 319 94 110 0.9992654 
519 346 83 108 0.998016 
379 280 73 102 0.9898024 
970 228 14 18 0.52643067 
425 189 13 16 0.34303376 
222 363 16 22 0.20697874 
783 268 12 15 0.15828483 
1003 276 15 21 0.15090308 
255 388 14 19 0.12662677 
264 340 25 29 0.11728679 
123 341 16 18 0.10357871 
270 378 12 15 0.08415382 
984 284 12 16 0.059092134 
435 200 18 22 0.05684415 
457 20 375 432 0.056782886 
462 324 55 68 0.05304407 
423 188 22 26 0.052666288 
267 463 14 18 0.05223051 
919 231 10 14 0.052024666 
232 367 16 20 0.047806855 
290 262 90 110 0.04438259 
224 363 28 35 0.043376327 
444 195 15 19 0.041639432 
257 433 12 17 0.04123419 
996 408 17 22 0.040771347 
258 379 22 28 0.038424976 
935 299 25 31 0.03666906 
1 260 39 72 0.036606472 
918 235 13 20 0.03582484 
957 256 11 12 0.035261612 
429 301 82 99 0.034561325 
334 263 90 114 0.033446625 
907 205 93 108 0.03232582 
999 189 11 12 0.03194227 
698 212 42 50 0.03189958 
252 414 11 14 0.03145003 
217 342 11 13 0.03022309 
804 289 16 19 0.029807866 
46 506 22 31 0.028595837 
988 253 11 14 0.027106272 
223 228 121 161 0.025692195 
222 374 14 19 0.025139313 
193 391 9 12 0.024892846 
177 423 8 10 0.024818445 
911 233 26 33 0.024337694 
999 336 12 17 0.02293682 
254 419 12 17 0.022908697 
564 77 211 301 0.022836823 
969 239 15 18 0.022521919 
320 265 31 39 0.022340842 
757 388 60 75 0.02206883 
783 268 19 25 0.021840211 
217 341 52 65 0.02160945 
982 233 11 16 0.021232186 
244 377 25 32 0.020946797 
219 347 13 15 0.020916406 
811 288 16 19 0.020888185 
988 244 12 17 0.020431856 
117 275 15 22 0.020167666 
