20_Family_Group_Family_Group_20_750
89
341 68 179 261 0.9995635 
557 211 178 230 0.9992435 
929 558 9 13 0.31607798 
992 622 11 13 0.1624616 
34 1038 17 20 0.11116484 
992 591 9 11 0.101445265 
985 747 11 14 0.09106428 
594 110 40 49 0.078739725 
981 610 10 13 0.07095777 
998 723 9 12 0.069047466 
1000 603 10 13 0.061962314 
115 1086 105 143 0.052452758 
952 573 11 14 0.049420856 
1005 605 9 11 0.048962988 
993 725 9 12 0.047900174 
934 562 9 13 0.047733966 
41 667 490 578 0.04589297 
944 608 10 13 0.04566875 
940 565 9 12 0.04373949 
990 597 11 15 0.043609746 
910 581 11 13 0.043181907 
1009 662 11 15 0.042913537 
969 782 8 10 0.041910645 
965 708 8 12 0.04111085 
919 536 8 11 0.040726807 
426 145 174 230 0.040367585 
795 1242 40 37 0.040207144 
987 602 12 16 0.039865114 
953 557 11 14 0.039529175 
926 553 9 12 0.038447 
934 668 10 13 0.038046658 
956 566 12 15 0.036357805 
939 558 10 13 0.036057066 
971 765 9 12 0.0352071 
984 773 9 11 0.034360714 
917 602 12 14 0.033540856 
991 508 11 13 0.03189768 
959 550 11 13 0.031846814 
913 597 10 14 0.031209802 
910 587 12 14 0.030835513 
926 540 9 11 0.03067262 
990 614 12 15 0.030495496 
909 519 8 10 0.030363536 
1006 566 10 12 0.02945484 
1000 566 9 11 0.029215744 
970 774 9 11 0.028011974 
1007 742 10 12 0.027996851 
949 612 8 11 0.02702453 
956 627 10 13 0.026569888 
1007 524 12 14 0.026555125 
911 629 10 13 0.026510477 
904 535 8 10 0.026388727 
910 527 8 9 0.026098097 
905 517 9 11 0.025790578 
952 743 9 11 0.025337875 
927 535 9 12 0.025322719 
975 517 8 10 0.025222063 
933 644 10 12 0.024760239 
965 613 11 13 0.02471399 
1001 743 8 11 0.023917679 
991 638 10 11 0.023860812 
980 575 9 11 0.02383595 
975 733 8 10 0.023638189 
942 574 9 12 0.023496935 
934 604 12 14 0.023486048 
926 604 10 14 0.02347812 
922 555 12 16 0.023213549 
911 603 11 13 0.023040624 
912 535 7 10 0.022890005 
924 613 9 13 0.022806121 
977 816 8 11 0.022634378 
900 551 10 12 0.022403227 
960 675 11 13 0.022056725 
1000 800 8 9 0.021652792 
975 791 8 11 0.02163642 
1006 725 11 13 0.021452567 
926 518 9 11 0.021330347 
1010 775 8 11 0.021295233 
897 556 10 12 0.021289479 
991 557 9 13 0.021166522 
902 541 9 12 0.020896407 
936 705 8 10 0.020866387 
945 696 8 11 0.020862062 
996 507 10 12 0.02074428 
945 523 9 11 0.020726157 
925 553 17 23 0.020607857 
935 572 11 13 0.02041315 
992 821 10 13 0.02030424 
997 614 11 15 0.020215053 
