24_Soldier_Firing_Soldier_Firing_24_1037
23
754 128 113 152 0.7219632 
57 275 43 50 0.26775002 
803 114 107 144 0.13113222 
636 472 30 31 0.11517552 
675 406 31 33 0.0642031 
763 391 36 33 0.057887837 
771 79 175 233 0.04636102 
733 356 36 42 0.04306056 
617 522 21 22 0.038649883 
753 379 34 39 0.028742068 
728 395 31 32 0.026883949 
671 403 13 16 0.02583619 
668 467 16 20 0.025450574 
855 392 176 249 0.024575109 
656 478 27 31 0.022980252 
676 395 13 16 0.022301778 
773 398 39 35 0.021088798 
679 477 24 28 0.020935541 
675 381 24 28 0.020510817 
721 377 58 49 0.020465495 
667 474 24 27 0.02034179 
681 424 19 21 0.02031573 
54 266 32 37 0.020096479 
