24_Soldier_Firing_Soldier_Firing_24_931
62
496 99 67 80 0.9973424 
364 69 24 27 0.94581723 
259 50 26 32 0.6739627 
733 57 24 27 0.5138067 
438 55 20 25 0.42741507 
916 95 11 14 0.37527165 
926 117 11 14 0.2716234 
879 121 15 17 0.19069226 
904 123 11 13 0.16264817 
900 110 10 12 0.15201376 
919 117 13 15 0.1408529 
863 141 11 14 0.11163231 
908 118 13 15 0.10001381 
877 110 10 13 0.098496854 
333 169 12 15 0.07815645 
631 223 39 52 0.067554034 
868 139 13 16 0.067375824 
837 111 11 13 0.06604519 
525 269 39 43 0.050622538 
903 130 11 15 0.04494764 
1014 164 8 13 0.03834808 
652 190 22 30 0.03715935 
428 57 17 20 0.03708395 
442 66 18 24 0.033049542 
565 246 27 40 0.031634413 
831 116 11 15 0.030644938 
917 105 14 17 0.03062624 
276 190 11 14 0.029840095 
896 112 12 17 0.029413125 
909 107 13 14 0.029399827 
634 129 86 109 0.028980287 
938 172 9 11 0.0289153 
543 33 29 30 0.027917562 
873 138 15 16 0.027070105 
548 316 38 39 0.026800519 
425 53 11 15 0.024498882 
911 151 12 15 0.02422738 
939 166 10 12 0.023990052 
990 115 11 13 0.02364081 
932 110 11 14 0.02347212 
872 114 12 16 0.023449978 
274 61 17 23 0.022948587 
473 111 31 46 0.022884957 
424 174 32 37 0.022541033 
921 100 12 15 0.022293605 
886 108 12 15 0.021780008 
900 114 18 23 0.021677772 
901 150 11 13 0.021660345 
555 298 29 34 0.0215479 
938 158 8 11 0.021493018 
531 45 56 67 0.021473583 
427 63 25 32 0.021299114 
871 123 12 16 0.021269519 
252 60 28 32 0.021107245 
448 58 15 20 0.021105587 
654 189 14 18 0.021071492 
546 109 41 48 0.020955319 
265 196 11 13 0.020734588 
547 31 16 19 0.020454107 
854 140 12 16 0.020179676 
438 235 61 67 0.020143937 
903 104 11 13 0.020028036 
