24_Soldier_Firing_Soldier_Firing_24_431
68
235 144 42 58 0.9168395 
188 147 60 74 0.30936527 
413 395 12 13 0.17138511 
319 256 38 47 0.1273949 
713 473 17 22 0.10799353 
195 119 61 76 0.08805976 
146 148 47 62 0.0723433 
1014 271 7 10 0.0651854 
503 285 12 14 0.06084564 
450 397 24 28 0.051360954 
806 253 14 17 0.049174037 
994 429 30 35 0.043880224 
957 404 21 25 0.04354881 
445 396 17 18 0.042236254 
810 445 27 28 0.040167212 
738 412 8 11 0.039339874 
616 108 463 479 0.038613617 
576 350 12 14 0.03725605 
522 122 12 15 0.0348573 
430 397 13 15 0.03359291 
206 109 36 51 0.032858953 
705 413 9 11 0.03261497 
736 408 9 10 0.030938124 
467 402 13 18 0.03084272 
494 360 10 12 0.030476242 
853 236 11 14 0.030132553 
678 398 8 11 0.029988851 
735 459 13 15 0.029730838 
777 481 18 21 0.029137041 
437 397 13 15 0.028323567 
333 267 38 50 0.028097874 
922 414 30 32 0.027868945 
970 302 8 9 0.026956882 
719 407 10 11 0.026235098 
733 444 13 15 0.026228493 
828 119 9 11 0.026127102 
409 392 20 22 0.025523895 
588 454 15 18 0.025472805 
496 285 12 14 0.025354596 
734 441 10 12 0.02526752 
429 289 8 10 0.025155563 
956 309 9 10 0.025141567 
1005 293 8 10 0.024499487 
339 297 16 20 0.023860328 
409 391 12 15 0.023762746 
1015 275 8 11 0.0236465 
684 439 10 11 0.023564205 
576 431 9 12 0.023427144 
1007 309 9 11 0.02301678 
324 293 29 32 0.022987764 
958 304 8 10 0.022634048 
742 412 9 11 0.02241685 
823 452 18 20 0.022263236 
725 407 9 11 0.022231039 
202 134 35 51 0.021604808 
964 621 31 33 0.0213615 
639 138 12 14 0.020866727 
535 109 11 13 0.020857604 
698 468 23 28 0.020721793 
829 124 8 11 0.02065271 
462 143 14 18 0.020482177 
651 427 11 13 0.020400176 
468 365 22 26 0.02025 
952 284 10 12 0.020148948 
534 457 15 18 0.020130103 
364 287 18 23 0.020052917 
479 399 11 14 0.020045713 
419 390 11 14 0.020037811 
