24_Soldier_Firing_Soldier_Firing_24_601
99
294 320 31 36 0.99967504 
859 303 36 39 0.99967325 
84 313 33 38 0.99885345 
472 305 33 37 0.99818367 
174 323 33 38 0.99733293 
390 308 33 38 0.99732506 
734 321 38 42 0.99593014 
594 305 42 44 0.9690823 
980 293 12 17 0.9175034 
311 291 34 38 0.8757623 
24 327 16 20 0.8159856 
415 285 30 37 0.643804 
986 334 13 16 0.36449984 
905 322 17 21 0.34434998 
829 327 24 28 0.31666902 
63 316 24 31 0.25767007 
366 477 12 15 0.16753794 
627 299 32 38 0.13449599 
513 302 16 22 0.12601657 
260 341 23 30 0.12534706 
306 489 16 20 0.11923146 
323 479 16 20 0.11781011 
97 473 24 27 0.112282045 
499 471 24 29 0.10826607 
33 484 17 21 0.10790404 
236 494 21 25 0.10781213 
833 323 17 20 0.098398626 
0 341 11 18 0.09411609 
997 332 11 15 0.08009113 
237 306 23 30 0.078504615 
975 339 9 13 0.07116858 
521 291 26 39 0.068654664 
310 480 21 25 0.06688618 
1007 345 7 10 0.06359444 
380 313 28 34 0.061756663 
386 452 12 16 0.061392423 
1007 349 10 12 0.059649266 
489 302 30 34 0.058453612 
636 467 17 24 0.055154987 
204 298 27 27 0.05165571 
986 323 15 18 0.05161508 
987 314 14 17 0.05136726 
505 300 27 36 0.047744077 
432 473 12 15 0.04624247 
985 298 12 15 0.043369163 
997 324 14 18 0.042832438 
397 357 31 37 0.04121084 
227 464 17 20 0.039670143 
1011 380 13 18 0.037719365 
46 360 15 20 0.037048683 
267 333 24 32 0.036782652 
605 291 50 53 0.03614737 
366 499 10 14 0.03484756 
644 291 424 483 0.03448281 
944 301 10 13 0.033957694 
951 332 12 16 0.033377465 
405 473 28 33 0.032899443 
107 456 29 32 0.031738292 
347 484 11 15 0.03150437 
198 474 16 19 0.029941356 
919 306 12 16 0.0293768 
975 383 11 14 0.028643886 
581 318 27 36 0.028485138 
1 336 18 29 0.028010063 
524 455 17 21 0.027825302 
370 315 23 30 0.027526863 
411 481 17 21 0.027442131 
280 328 28 34 0.027116623 
991 372 11 14 0.027076626 
888 313 29 32 0.026937215 
840 332 19 25 0.026642233 
16 318 19 27 0.026154779 
969 338 11 14 0.026124358 
384 468 10 12 0.025244685 
201 489 16 17 0.024519952 
860 416 28 37 0.024312243 
258 339 17 22 0.024121143 
328 284 20 23 0.02409275 
225 308 25 36 0.023712123 
405 313 28 34 0.023672916 
841 324 14 17 0.023395678 
375 508 12 15 0.023153638 
373 482 11 14 0.023049148 
1008 353 11 16 0.022870546 
33 471 22 27 0.02286365 
953 358 9 12 0.022762455 
528 559 25 30 0.022667665 
373 501 11 14 0.022464957 
822 329 17 24 0.022225443 
384 478 9 13 0.02217914 
992 366 10 12 0.021560544 
966 377 9 11 0.021189714 
994 314 15 20 0.02081788 
938 320 15 20 0.02077793 
384 459 11 15 0.020660706 
183 615 48 48 0.02045999 
496 653 21 26 0.020252524 
146 459 15 20 0.02008758 
786 318 25 39 0.020017987 
