24_Soldier_Firing_Soldier_Firing_24_702
65
176 59 47 57 0.997265 
833 83 38 47 0.9952689 
401 172 13 18 0.6590915 
634 112 27 29 0.60859776 
268 124 31 30 0.5567974 
387 167 19 24 0.5184607 
420 175 13 17 0.23891032 
565 278 22 31 0.2018006 
344 129 9 12 0.172334 
470 170 11 13 0.1486388 
380 172 18 21 0.14817572 
414 171 14 19 0.13019346 
677 238 23 28 0.12501475 
914 275 24 26 0.120794855 
647 112 24 25 0.11925534 
629 118 16 24 0.10783218 
679 236 15 18 0.09393945 
205 437 12 19 0.089534685 
325 220 17 20 0.075920336 
372 148 10 13 0.06534308 
487 298 23 30 0.06163246 
298 287 18 23 0.059883907 
75 34 16 24 0.050917793 
350 163 10 11 0.04855438 
529 150 9 11 0.048136808 
821 96 39 43 0.04484502 
294 284 15 21 0.042617045 
477 172 11 14 0.042226903 
308 293 15 21 0.042212922 
411 213 15 19 0.041214496 
723 254 48 55 0.03863166 
415 201 11 13 0.035430674 
578 280 15 23 0.03413072 
469 324 16 22 0.03313379 
548 273 26 35 0.032222796 
424 340 16 19 0.03210078 
278 246 22 27 0.031749733 
634 123 19 23 0.031517044 
275 472 17 19 0.031342175 
389 158 14 18 0.030299647 
676 270 25 31 0.030298583 
483 173 11 13 0.028106825 
348 128 8 11 0.027811294 
335 150 9 11 0.026987517 
844 200 30 37 0.025856782 
302 279 31 36 0.024794586 
497 303 17 21 0.024708979 
814 226 45 52 0.02449212 
21 370 16 20 0.024003854 
612 174 13 15 0.023866046 
817 110 31 39 0.022618003 
271 371 42 54 0.022289203 
452 174 11 14 0.021807771 
300 493 10 14 0.021737238 
211 438 13 16 0.02162258 
465 165 11 14 0.021538496 
927 283 17 20 0.021338137 
27 372 18 21 0.021200163 
503 166 9 12 0.021040529 
456 155 12 15 0.02101049 
19 366 14 16 0.020937745 
198 432 22 28 0.020642372 
475 313 26 35 0.020615939 
332 488 14 17 0.020571928 
176 4 24 31 0.020287044 
