24_Soldier_Firing_Soldier_Firing_24_368
29
390 136 139 159 0.9776278 
445 322 70 78 0.63597375 
583 229 48 67 0.08066133 
833 74 52 78 0.07333547 
739 34 17 22 0.058643073 
598 244 55 76 0.05492229 
599 313 71 88 0.051760633 
815 87 55 80 0.04643352 
807 114 49 69 0.04116179 
37 183 17 21 0.039603967 
871 233 28 36 0.038450524 
601 226 27 38 0.036409397 
401 251 131 134 0.034552764 
-11 111 412 439 0.029662054 
799 388 47 54 0.028362308 
859 447 24 30 0.02738242 
773 113 92 111 0.02528532 
407 127 195 258 0.02381674 
81 124 24 32 0.023535661 
629 227 408 467 0.02310834 
533 72 104 124 0.023074066 
972 524 28 38 0.02280879 
602 269 61 87 0.022758016 
183 211 100 117 0.022249723 
724 121 27 36 0.021829512 
240 245 478 439 0.021701047 
318 68 91 134 0.02132946 
845 456 49 58 0.020985508 
139 264 48 55 0.020884909 
