24_Soldier_Firing_Soldier_Firing_24_268
18
484 440 124 167 0.9990582 
741 455 47 58 0.6123723 
143 -86 396 451 0.19070145 
718 437 9 13 0.15244755 
539 13 379 488 0.13398027 
10 729 444 417 0.10241209 
881 731 96 107 0.044365034 
284 20 366 448 0.04420838 
192 306 89 115 0.042985436 
0 908 56 82 0.03820665 
507 681 105 114 0.0347118 
55 900 133 96 0.03393289 
98 927 187 111 0.03345362 
365 593 113 133 0.028183794 
542 818 104 141 0.026080528 
560 867 419 550 0.023110518 
407 524 14 15 0.02241708 
714 444 45 57 0.021205785 
