24_Soldier_Firing_Soldier_Firing_24_405
124
333 376 61 81 0.9953225 
170 533 10 13 0.22339606 
452 223 8 10 0.11859816 
539 1021 61 74 0.09793541 
261 518 9 11 0.09578502 
889 487 11 13 0.092208855 
194 188 9 11 0.08155343 
0 528 9 12 0.07860798 
263 391 10 12 0.072387084 
874 484 12 14 0.07054076 
450 208 8 9 0.06426271 
165 421 10 12 0.064183086 
1 542 9 14 0.060715996 
455 207 7 9 0.058247704 
434 215 8 10 0.056747403 
799 576 7 9 0.0504951 
893 480 10 11 0.049651198 
195 546 11 13 0.048497774 
913 457 8 9 0.04841081 
873 480 9 11 0.046705913 
698 1119 149 181 0.04664371 
509 30 8 10 0.046240795 
918 456 8 10 0.044511795 
584 798 36 37 0.044489615 
263 599 10 12 0.042976744 
853 527 148 185 0.0413318 
432 193 8 10 0.040922087 
531 14 7 10 0.040736195 
117 507 10 13 0.040165856 
549 6 9 10 0.03831452 
873 491 12 14 0.038307652 
123 595 14 15 0.037248306 
463 142 8 10 0.036837418 
301 575 8 11 0.035770178 
918 471 12 13 0.03567402 
710 548 13 14 0.03535026 
845 532 10 12 0.035031773 
126 561 7 9 0.034713097 
176 571 10 13 0.03443366 
33 544 9 11 0.034422535 
290 508 8 11 0.03415278 
93 599 8 10 0.033487372 
903 464 8 10 0.033351187 
870 470 7 9 0.033329815 
840 534 10 11 0.03295791 
527 38 7 10 0.03264322 
437 222 8 11 0.03207184 
537 28 8 10 0.031767413 
450 213 8 10 0.03131408 
171 538 12 13 0.030968057 
438 230 7 9 0.030535327 
358 264 8 10 0.029899672 
329 382 10 12 0.029708246 
103 578 12 15 0.029417874 
5 547 9 12 0.029166501 
285 159 8 9 0.028693572 
692 1053 15 18 0.028616067 
545 64 7 10 0.028205913 
317 1495 9 11 0.028180156 
175 566 10 12 0.027935306 
917 460 9 11 0.027914343 
505 24 8 11 0.027728736 
112 598 10 12 0.027651897 
294 511 7 9 0.027256487 
121 579 10 12 0.027068054 
533 532 58 74 0.027041877 
829 536 8 9 0.026791105 
665 552 8 9 0.026753396 
533 309 8 12 0.026609283 
913 441 7 9 0.02647222 
694 542 11 14 0.026384406 
919 447 8 9 0.026383093 
534 15 8 8 0.026282994 
175 96 9 10 0.026000781 
842 528 9 10 0.025917469 
24 526 8 10 0.025800405 
940 1309 59 58 0.025757352 
510 94 7 9 0.025701227 
584 96 8 9 0.025370227 
526 32 7 9 0.025344051 
247 551 8 10 0.025314374 
721 296 7 9 0.025161255 
297 561 8 10 0.025145646 
544 69 7 9 0.024995625 
520 24 7 9 0.024976894 
122 559 8 10 0.024891153 
509 25 8 10 0.024716102 
167 551 9 11 0.024488961 
855 471 7 9 0.024374623 
193 504 8 11 0.024225863 
424 190 7 9 0.024163406 
73 540 9 11 0.02404231 
285 596 8 11 0.02394892 
162 166 8 10 0.023821969 
545 492 50 79 0.023693867 
937 469 9 12 0.02350727 
920 432 7 8 0.023476433 
805 564 9 10 0.023447366 
6 559 10 14 0.023254279 
206 534 8 11 0.023144612 
161 184 8 10 0.022974743 
912 446 8 9 0.022973366 
17 525 8 10 0.022899985 
627 1371 13 15 0.022651121 
535 9 7 9 0.022519311 
888 479 10 11 0.022462476 
839 519 8 9 0.022342047 
520 120 8 10 0.021804862 
886 448 9 10 0.021716319 
478 181 10 13 0.021715544 
176 580 10 12 0.021701725 
942 463 9 11 0.021593897 
865 466 8 9 0.02139478 
451 227 9 12 0.021193791 
1013 474 9 15 0.020756422 
853 477 9 11 0.020566735 
145 583 9 13 0.020558806 
741 252 10 14 0.020518905 
522 39 8 10 0.02034895 
88 600 9 11 0.02026968 
881 448 8 10 0.020267872 
162 189 8 10 0.020252353 
644 719 48 49 0.020141803 
183 96 8 10 0.020040257 
