24_Soldier_Firing_Soldier_Firing_24_890
40
748 54 63 75 0.99907506 
61 213 42 54 0.9832659 
43 146 24 30 0.95461005 
132 151 22 31 0.94859 
300 146 24 29 0.9083602 
214 132 24 30 0.881441 
476 157 19 26 0.7410047 
386 163 20 25 0.7143892 
36 462 13 18 0.2942667 
226 134 16 25 0.22740659 
313 146 16 23 0.13813742 
95 206 26 38 0.11740917 
663 148 11 15 0.10963776 
612 214 16 20 0.098657615 
55 150 16 24 0.05420985 
1 409 15 23 0.051135324 
395 158 16 22 0.050861113 
17 210 25 35 0.044743378 
890 228 44 56 0.04395529 
293 147 17 23 0.039903123 
524 197 11 12 0.034210123 
143 152 16 25 0.03403327 
86 483 46 60 0.032097995 
656 421 9 11 0.028606083 
401 165 14 22 0.026674086 
206 134 19 24 0.025914786 
376 204 35 49 0.024813283 
283 187 39 51 0.024533857 
330 402 40 51 0.024480086 
484 151 13 20 0.0238926 
607 217 23 29 0.02366678 
409 280 9 12 0.023614418 
352 208 26 37 0.022562644 
209 518 10 14 0.021800986 
233 139 16 25 0.021360822 
60 485 47 67 0.021238787 
859 273 18 19 0.021034019 
435 146 16 21 0.020632496 
236 385 42 52 0.020554148 
364 208 31 40 0.020099025 
