24_Soldier_Firing_Soldier_Firing_24_644
102
280 170 27 33 0.9931377 
207 151 26 37 0.8565536 
550 283 26 30 0.58030766 
469 196 16 17 0.34148386 
577 278 27 30 0.32238021 
47 99 24 32 0.31953132 
462 211 15 18 0.24883847 
398 192 16 20 0.22036548 
440 205 10 15 0.18830459 
312 180 26 30 0.1663129 
178 360 32 46 0.1293003 
130 104 26 29 0.12926841 
39 369 13 16 0.11839398 
199 323 27 35 0.10199271 
458 288 32 31 0.09177168 
0 89 22 44 0.08863982 
444 208 11 16 0.07895782 
92 133 25 30 0.07653628 
348 180 14 20 0.07612027 
442 338 41 44 0.06997822 
116 143 21 29 0.06490675 
437 281 15 20 0.061622147 
224 108 18 22 0.05653061 
137 112 25 34 0.05453465 
389 193 18 20 0.04943599 
331 187 12 16 0.046760418 
309 258 13 17 0.04555473 
559 275 42 47 0.044199638 
32 95 34 45 0.043731082 
556 274 27 31 0.041351516 
58 107 17 23 0.04086119 
395 175 23 31 0.040849436 
246 178 9 14 0.03922668 
282 173 48 55 0.038324628 
487 257 13 16 0.038128175 
238 178 12 18 0.03708618 
387 256 17 21 0.036990695 
318 387 15 19 0.036525536 
210 153 39 50 0.034954645 
0 497 18 35 0.034947164 
10 75 26 38 0.034300752 
372 546 23 27 0.03383911 
139 102 16 19 0.033477727 
21 74 16 22 0.03343467 
331 380 12 14 0.03340137 
593 283 12 16 0.033270106 
370 251 28 31 0.033147894 
410 177 15 20 0.031484354 
111 105 38 50 0.031121768 
311 185 16 19 0.03087388 
221 293 11 14 0.030821394 
298 239 27 38 0.030704925 
274 342 17 20 0.03015773 
465 201 23 28 0.029532414 
477 249 16 20 0.029014932 
149 147 27 34 0.028978845 
138 161 31 36 0.028235061 
335 258 11 15 0.02776129 
8 91 29 40 0.027620452 
322 182 27 34 0.027480517 
99 116 33 38 0.027333187 
456 211 27 31 0.026723512 
17 325 12 15 0.026394071 
393 252 16 21 0.025866117 
315 259 13 15 0.02554555 
76 113 38 48 0.025504097 
228 296 15 19 0.025006028 
561 294 16 19 0.024884995 
426 274 25 34 0.0247189 
43 109 17 22 0.024708427 
811 595 26 28 0.024703646 
249 241 28 41 0.02431918 
13 89 14 21 0.024248777 
10 289 14 16 0.024041075 
156 133 31 37 0.02376241 
571 72 46 49 0.02327682 
402 197 16 22 0.023189303 
268 175 20 25 0.023155255 
223 233 40 50 0.023152428 
538 274 30 34 0.023111774 
103 829 29 34 0.023102399 
432 204 14 16 0.02294065 
77 200 26 34 0.022813711 
435 202 20 26 0.022797177 
419 173 13 17 0.022777563 
247 173 9 15 0.02248786 
541 288 19 22 0.022194998 
58 92 15 24 0.022175685 
91 99 14 19 0.022169193 
455 211 15 19 0.02206714 
160 162 24 35 0.02193421 
4 349 13 17 0.021691985 
28 224 12 16 0.021470116 
486 288 32 35 0.021408703 
305 252 25 31 0.021400351 
263 307 13 17 0.021372681 
125 111 13 18 0.020936277 
-1 171 21 43 0.020869952 
466 236 28 33 0.020817569 
45 114 27 36 0.02067734 
550 7 389 449 0.02032326 
168 112 28 36 0.020283116 
