24_Soldier_Firing_Soldier_Firing_24_115
67
277 102 84 123 0.9972155 
282 408 73 75 0.1904762 
634 536 21 27 0.17835191 
700 514 18 20 0.117416844 
700 503 19 22 0.1026439 
708 543 18 21 0.086343184 
641 531 17 23 0.08382437 
104 216 18 21 0.08343093 
732 539 17 24 0.08080259 
1 505 13 20 0.06585993 
17 49 44 58 0.060527675 
684 530 12 15 0.059291214 
733 533 14 18 0.05764093 
660 511 17 21 0.054340858 
606 533 14 18 0.052228164 
25 279 16 20 0.051051196 
633 549 18 24 0.050568108 
638 526 13 15 0.049551327 
614 548 13 17 0.04670831 
797 252 24 32 0.045771107 
45 26 18 23 0.04409057 
675 614 16 19 0.04228817 
699 530 23 27 0.042037603 
52 3 18 16 0.04175913 
119 3 16 16 0.03839657 
253 52 146 205 0.037794 
243 329 32 36 0.037455816 
699 547 22 27 0.036897015 
118 82 14 17 0.036536843 
0 601 12 19 0.036035664 
42 1 18 17 0.034649532 
845 175 28 32 0.03453707 
83 226 15 19 0.034351554 
36 53 28 36 0.033255186 
692 586 16 22 0.032659076 
51 197 13 15 0.031224476 
97 -1 17 18 0.03076602 
123 201 29 31 0.030089632 
115 625 47 55 0.02981243 
21 609 57 54 0.029783698 
307 447 41 41 0.028998023 
710 599 24 30 0.028772956 
153 52 17 21 0.028685134 
182 45 15 18 0.028622849 
68 49 23 33 0.02837233 
1 481 12 17 0.02758578 
621 543 20 26 0.026447278 
684 556 23 28 0.026431408 
42 34 28 34 0.025896983 
179 3 15 16 0.025199719 
622 543 37 51 0.025018958 
714 506 15 19 0.024801154 
650 494 27 32 0.024364715 
624 5 410 476 0.024040539 
651 513 24 29 0.023426369 
718 592 27 28 0.023035193 
732 505 16 21 0.023025557 
50 406 377 444 0.022705732 
35 1 17 14 0.022561645 
0 71 11 20 0.02236217 
1 660 25 37 0.022349685 
694 507 15 18 0.0218854 
222 469 37 41 0.021759003 
76 46 11 14 0.021590156 
132 99 13 17 0.02138618 
11 501 22 29 0.02110842 
700 494 18 22 0.02002588 
