24_Soldier_Firing_Soldier_Firing_24_281
23
244 441 12 16 0.11910693 
717 417 12 16 0.04405598 
207 665 43 48 0.041284762 
190 428 8 10 0.03655926 
270 438 10 13 0.033381414 
897 507 14 17 0.03034274 
141 445 20 26 0.030337801 
58 581 27 36 0.027824515 
223 674 48 51 0.026952667 
185 423 10 11 0.026602378 
241 704 53 53 0.025865598 
836 512 45 49 0.025792098 
191 414 10 12 0.02499813 
200 431 9 11 0.02498137 
589 241 227 273 0.02377312 
485 137 13 16 0.023608202 
179 453 14 17 0.023369255 
894 499 15 18 0.02315809 
148 413 10 12 0.0225149 
201 437 9 11 0.02234261 
182 437 9 11 0.022172637 
36 595 45 51 0.021680152 
91 444 14 16 0.02114569 
