24_Soldier_Firing_Soldier_Firing_24_15
50
485 211 135 152 0.9994442 
635 314 175 225 0.59165895 
-40 971 381 482 0.1912793 
364 933 32 51 0.18401451 
738 264 19 22 0.18082908 
203 509 16 18 0.13946709 
777 971 57 85 0.12073444 
337 918 45 80 0.1124158 
341 1037 442 457 0.09076134 
114 912 402 562 0.07131006 
820 971 29 40 0.069549136 
791 1001 36 48 0.06779982 
925 904 91 150 0.06726731 
661 975 443 470 0.065847605 
305 891 80 122 0.06387416 
215 533 52 67 0.05965179 
551 211 165 220 0.057184078 
178 777 200 259 0.056513634 
606 1222 29 40 0.0519043 
223 659 379 440 0.04985391 
366 862 30 34 0.048399016 
255 859 112 159 0.039895486 
205 503 15 15 0.039588317 
285 545 17 21 0.039277047 
731 259 18 23 0.038154352 
355 910 53 79 0.036323264 
724 261 31 37 0.035370618 
-5 1058 222 303 0.03520989 
655 1030 106 109 0.034474716 
728 639 34 48 0.03116195 
697 991 114 124 0.028699461 
495 133 197 250 0.027829403 
-6 1090 153 160 0.02683357 
622 1210 34 45 0.026716746 
199 886 185 311 0.02650535 
-2 1182 41 56 0.025563773 
594 1199 47 67 0.025502764 
838 136 29 35 0.024257695 
892 698 159 272 0.023908697 
767 677 39 36 0.023151286 
585 757 195 251 0.022375954 
616 256 108 128 0.022182554 
939 1135 87 135 0.021648344 
467 808 28 36 0.02131625 
260 911 390 438 0.020828264 
78 1385 102 120 0.020592816 
793 950 62 84 0.020560505 
876 463 55 62 0.020170068 
746 927 99 137 0.020147014 
0 1308 103 152 0.020026144 
