24_Soldier_Firing_Soldier_Firing_24_264
47
743 137 60 79 0.9916352 
275 53 62 81 0.9910966 
518 217 14 18 0.9787048 
584 224 13 17 0.60966307 
884 231 29 31 0.36977312 
690 223 22 31 0.17284997 
925 272 17 26 0.16674024 
894 183 13 17 0.14945452 
899 186 15 18 0.108986944 
922 236 14 19 0.100864135 
707 223 24 33 0.09596584 
875 229 25 28 0.093151115 
906 189 15 18 0.07679911 
864 303 19 22 0.075615115 
589 188 10 13 0.051654413 
957 253 14 16 0.049736463 
897 229 28 30 0.042933136 
962 270 13 17 0.040550087 
868 225 17 21 0.03993236 
584 217 11 14 0.039422147 
430 167 24 46 0.03874964 
884 294 14 18 0.037482798 
350 185 44 73 0.036793627 
691 213 19 25 0.03539839 
872 215 12 15 0.035343554 
587 230 14 17 0.034212414 
365 140 10 15 0.030691594 
845 182 15 21 0.030612938 
437 167 15 24 0.030545147 
866 329 22 29 0.030272668 
885 265 15 20 0.027592855 
871 240 15 18 0.026762823 
755 421 31 33 0.02627436 
918 230 15 19 0.026152594 
421 180 27 52 0.025956905 
366 190 58 93 0.024163788 
739 398 47 58 0.02283445 
389 210 53 79 0.022439023 
883 244 26 32 0.02175613 
874 248 25 34 0.021750266 
865 292 18 20 0.021740224 
863 239 29 34 0.021572897 
428 245 10 16 0.02135542 
930 275 22 30 0.021340426 
962 258 15 17 0.021337043 
698 221 45 56 0.020418307 
778 492 38 35 0.02033721 
