19_Couple_Couple_19_836
21
628 33 104 167 0.99964607 
116 441 108 163 0.9995509 
293 855 106 173 0.9993717 
286 468 90 145 0.99935573 
806 476 101 162 0.9992822 
806 75 88 138 0.99926764 
632 426 113 184 0.99917644 
111 817 117 193 0.9984843 
235 80 85 118 0.9958688 
200 88 83 111 0.9362337 
636 928 155 108 0.92460793 
627 878 197 217 0.40683717 
174 123 79 90 0.22768557 
705 866 122 155 0.05938285 
579 767 190 274 0.03357151 
171 162 39 46 0.032661844 
239 821 119 197 0.028025856 
439 1110 55 64 0.0268068 
165 331 54 72 0.02319243 
624 966 137 110 0.020596402 
756 475 95 155 0.02009263 
