19_Couple_Couple_19_667
25
470 98 238 355 0.99849176 
565 105 276 357 0.926308 
108 698 471 480 0.81545573 
449 390 213 273 0.46062252 
380 836 383 510 0.4088103 
152 536 337 447 0.34171212 
517 747 409 537 0.2455701 
618 614 454 559 0.19405894 
478 491 133 173 0.14260425 
57 723 17 21 0.108589344 
245 10 27 31 0.0970109 
287 345 364 432 0.09383477 
161 1353 18 23 0.08810423 
122 1343 13 15 0.085419245 
424 199 218 336 0.06845037 
681 172 160 238 0.06753861 
626 419 421 508 0.049694438 
56 900 474 545 0.037091617 
47 1054 30 41 0.035800792 
379 84 16 19 0.031177828 
657 118 330 457 0.02676767 
49 721 27 34 0.026015883 
360 228 95 114 0.023446154 
377 75 27 31 0.02335737 
401 627 16 18 0.022096133 
