19_Couple_Couple_19_743
93
523 277 32 39 0.9968039 
447 306 30 38 0.99666613 
126 319 27 33 0.9955384 
403 304 33 41 0.9952786 
697 413 27 35 0.9902643 
858 298 34 43 0.9811808 
157 312 25 31 0.954319 
670 394 27 30 0.91307646 
279 415 22 35 0.7985398 
803 303 35 39 0.7377283 
636 326 17 23 0.7124975 
182 473 24 34 0.68170244 
664 365 17 20 0.655318 
141 315 26 33 0.64734924 
152 465 37 45 0.2781731 
657 395 24 31 0.24279384 
214 383 23 28 0.18815804 
648 398 21 30 0.13781928 
627 298 15 17 0.13635264 
266 423 26 31 0.13594636 
603 319 17 21 0.11214237 
735 392 25 30 0.10208687 
786 89 32 33 0.08705479 
757 215 25 27 0.0866583 
743 223 48 60 0.08034655 
783 127 43 60 0.06247176 
874 322 33 36 0.062413275 
596 296 17 19 0.05869649 
676 364 13 17 0.056055244 
550 38 147 140 0.05271833 
710 241 13 17 0.047512744 
644 360 16 19 0.047276244 
223 389 25 31 0.044430643 
404 108 56 65 0.04413054 
651 360 20 25 0.04317148 
909 319 14 17 0.042094044 
326 216 11 14 0.03995326 
670 379 25 30 0.034877993 
700 350 13 16 0.03474021 
109 347 17 20 0.03442728 
127 427 19 22 0.033708397 
716 213 11 15 0.033041015 
269 213 8 12 0.03296397 
464 177 17 19 0.032705113 
244 273 15 16 0.032043118 
458 463 24 29 0.031775333 
257 405 24 33 0.031144168 
890 387 35 35 0.03098147 
623 270 26 32 0.030405283 
285 406 16 23 0.02984679 
491 183 22 30 0.02970504 
594 302 23 29 0.029636921 
735 205 9 14 0.029400356 
281 228 10 11 0.029099438 
552 192 25 30 0.02887394 
256 428 12 16 0.028852383 
860 318 33 41 0.028504597 
111 380 32 40 0.027870314 
257 428 22 31 0.027609851 
534 179 35 46 0.027100101 
330 366 14 15 0.027055768 
207 384 16 22 0.026650682 
319 213 24 28 0.026136097 
635 304 14 18 0.0254642 
155 302 16 19 0.025339436 
300 238 9 12 0.025270244 
602 391 22 27 0.02499685 
681 405 28 34 0.02494905 
139 310 13 16 0.02483668 
645 385 17 22 0.024601975 
150 303 26 30 0.024019586 
112 324 30 34 0.023996647 
902 317 23 29 0.023859534 
628 378 13 19 0.023826981 
687 353 21 25 0.023664804 
595 186 15 15 0.023538433 
554 389 21 27 0.023509674 
278 327 10 12 0.02338995 
326 140 34 31 0.02249981 
634 265 18 27 0.022410983 
174 461 29 35 0.022377321 
647 412 16 22 0.02217055 
105 426 16 21 0.022131594 
643 207 17 18 0.022095695 
358 189 13 18 0.02207446 
310 318 11 14 0.022009954 
538 230 26 32 0.021970304 
679 357 21 27 0.021355549 
621 289 23 27 0.020929867 
153 477 21 26 0.020886565 
510 473 25 27 0.020856787 
221 344 16 20 0.020419052 
318 206 10 12 0.02040561 
