19_Couple_Couple_19_881
54
248 193 95 121 0.9993993 
585 231 92 121 0.9990563 
883 296 27 33 0.6687137 
226 564 38 38 0.22829732 
337 123 15 17 0.14825808 
358 74 12 14 0.14614107 
370 59 13 15 0.14048986 
459 91 14 16 0.11945551 
949 293 17 22 0.10613804 
358 144 14 18 0.07667975 
987 322 24 34 0.06090058 
482 72 14 15 0.059554018 
387 42 15 18 0.053998474 
973 311 23 31 0.05323223 
320 44 12 15 0.049183354 
898 12 37 44 0.045444865 
372 127 10 12 0.04331017 
996 260 17 22 0.04199288 
499 113 14 17 0.03741757 
950 297 26 33 0.03605948 
29 302 13 17 0.034854047 
495 86 12 14 0.034620702 
157 280 14 16 0.034216374 
508 266 13 15 0.03413035 
367 132 11 13 0.03218097 
859 11 30 35 0.032023046 
947 288 43 53 0.03164693 
173 246 12 14 0.03109103 
429 1297 15 17 0.030247146 
-2 403 87 157 0.029316477 
477 83 14 16 0.028924566 
478 90 14 16 0.028405676 
356 125 11 13 0.026828852 
917 334 22 28 0.025904067 
340 101 13 15 0.025751974 
949 141 31 35 0.02559136 
476 67 23 26 0.025051773 
-77 723 390 527 0.024461795 
382 48 15 17 0.024386697 
972 325 17 21 0.024122817 
921 331 14 17 0.024084814 
852 297 17 19 0.023029318 
907 211 31 34 0.022869123 
434 99 14 16 0.022151833 
40 338 20 22 0.021890577 
453 206 11 13 0.021204071 
362 70 13 16 0.021054972 
958 305 45 57 0.021001553 
389 118 12 14 0.020690676 
460 148 13 14 0.02064513 
440 146 12 14 0.02048029 
404 43 16 18 0.020372244 
385 118 10 12 0.02023368 
484 128 12 13 0.020116378 
