28_Sports_Fan_Sports_Fan_28_7
1552
471 644 112 151 0.9999186 
873 1126 103 151 0.9998766 
945 851 68 92 0.9959435 
653 580 22 36 0.9957384 
146 671 54 61 0.9953088 
586 631 38 45 0.99372673 
979 664 33 42 0.9909887 
197 559 33 36 0.9903442 
840 539 24 28 0.9834922 
6 566 37 43 0.97552615 
537 597 40 43 0.9725978 
876 131 13 17 0.96949345 
295 432 25 30 0.96690714 
871 220 16 20 0.9668872 
587 92 13 15 0.9646833 
631 52 13 16 0.9645211 
168 525 25 34 0.96196663 
923 234 15 17 0.9609219 
972 296 14 19 0.95902574 
187 407 31 34 0.958299 
87 564 37 49 0.9553158 
73 856 81 110 0.95376366 
9 73 14 20 0.9522261 
207 661 39 47 0.9518978 
258 341 26 33 0.9489709 
809 810 39 45 0.9476232 
940 169 13 16 0.9453629 
806 415 21 23 0.93721884 
958 200 15 18 0.9321035 
865 351 16 20 0.92494965 
140 212 12 14 0.9229981 
245 30 13 16 0.9193024 
804 138 13 16 0.9176421 
553 28 12 15 0.9144049 
819 119 13 15 0.9142528 
61 785 43 47 0.91358006 
923 313 14 16 0.9055567 
351 101 12 14 0.9050788 
200 131 13 16 0.904123 
782 117 14 17 0.897874 
705 109 16 19 0.88740975 
882 402 14 19 0.8818615 
940 275 18 22 0.8804174 
684 63 13 15 0.874377 
221 223 13 17 0.87417173 
749 111 12 15 0.8638441 
774 7 9 12 0.86306816 
356 45 12 16 0.85960084 
270 226 16 19 0.85954076 
660 40 13 16 0.8572247 
142 262 16 19 0.8559868 
843 458 15 18 0.8547251 
303 107 14 17 0.8537813 
519 37 12 16 0.85156393 
111 39 14 19 0.8495158 
25 294 19 22 0.84820694 
5 194 15 20 0.8439709 
894 173 12 17 0.83659357 
854 236 13 15 0.82242703 
75 236 16 19 0.80436945 
819 541 18 20 0.80281794 
309 633 53 72 0.80247927 
923 168 13 16 0.79841447 
986 275 13 17 0.78633976 
884 69 10 13 0.78617203 
190 307 25 28 0.78359085 
113 358 25 30 0.7748757 
983 51 10 13 0.76405436 
605 49 12 16 0.762131 
82 281 18 21 0.75914264 
170 92 12 16 0.7542457 
212 298 21 28 0.75122666 
203 236 14 19 0.7476767 
88 16 13 17 0.73680305 
918 188 13 17 0.73570645 
143 869 56 81 0.7324959 
847 47 10 13 0.73236483 
621 82 11 13 0.72550064 
246 404 26 33 0.7251468 
916 384 15 19 0.72495955 
88 200 16 21 0.7246112 
289 274 16 23 0.7175622 
913 69 11 12 0.71303654 
180 34 12 16 0.7100997 
484 66 11 15 0.70912135 
125 11 12 15 0.70667654 
508 58 13 15 0.70535207 
834 324 15 18 0.6874805 
55 266 16 19 0.6867227 
789 24 10 12 0.68080664 
335 -1 13 12 0.67718107 
996 199 13 14 0.67303956 
139 76 17 19 0.67206174 
931 114 12 15 0.6677721 
615 122 14 17 0.66626257 
939 127 15 18 0.65508085 
199 301 22 28 0.6486862 
778 381 14 18 0.6354559 
841 145 11 14 0.6352793 
456 4 10 13 0.6300515 
901 141 12 15 0.6285433 
884 151 13 16 0.6276503 
955 107 11 15 0.62460804 
561 6 10 11 0.62126654 
73 46 11 16 0.62049156 
388 79 13 18 0.6202206 
202 98 14 17 0.61871696 
710 541 26 33 0.6163629 
46 222 20 25 0.614441 
448 65 11 14 0.6084169 
20 19 12 15 0.60770917 
645 111 14 18 0.60240436 
886 299 15 18 0.6002658 
130 126 16 19 0.59841174 
318 51 13 16 0.5953741 
262 98 15 19 0.59484833 
284 37 12 14 0.58723915 
860 71 9 13 0.58534735 
47 5 13 15 0.584977 
254 154 17 21 0.58287436 
182 64 13 17 0.5702025 
124 229 14 17 0.5701172 
105 376 25 30 0.5675368 
836 8 9 12 0.5659265 
778 278 13 16 0.56508213 
737 91 12 15 0.5630552 
893 487 13 19 0.5603113 
374 45 12 15 0.5505285 
901 87 10 13 0.5450474 
335 26 14 17 0.5420698 
786 422 16 20 0.53902125 
163 218 12 14 0.5376759 
950 71 10 11 0.53721887 
176 244 13 17 0.5323336 
360 126 11 14 0.52985346 
700 87 12 15 0.52788913 
828 46 9 11 0.52219987 
915 150 11 14 0.5216282 
798 262 14 17 0.5183836 
574 49 11 14 0.5142635 
30 381 26 35 0.5128613 
1007 339 14 19 0.51226544 
861 172 12 13 0.5106162 
430 63 14 17 0.49881122 
441 14 10 13 0.49704316 
959 233 15 18 0.49682322 
836 119 11 14 0.49435988 
143 18 13 15 0.4943008 
403 56 12 16 0.4911641 
888 241 13 16 0.48974845 
836 510 12 17 0.47788128 
935 346 15 18 0.4773398 
1006 370 16 19 0.46996862 
204 199 13 19 0.4684314 
209 360 26 28 0.46721768 
591 10 11 14 0.46639073 
930 76 10 12 0.4660405 
71 20 11 15 0.4653975 
966 125 12 15 0.45831522 
604 509 22 25 0.4533299 
547 119 14 18 0.45198318 
820 185 14 18 0.4455742 
443 546 14 17 0.44458106 
465 38 11 13 0.44212395 
86 85 12 16 0.43753123 
917 546 14 22 0.43688542 
50 172 15 19 0.42323503 
906 31 8 10 0.42102513 
208 75 11 14 0.4207415 
37 127 15 19 0.41675577 
997 580 26 39 0.40974793 
855 189 9 12 0.40302363 
628 106 14 18 0.39942575 
476 9 12 15 0.39903817 
981 79 10 14 0.395406 
832 231 13 15 0.3927733 
321 44 14 17 0.38751784 
212 93 14 18 0.3858756 
873 92 12 14 0.3773139 
916 283 17 19 0.37454912 
740 85 12 15 0.3644208 
814 188 14 18 0.36261788 
761 83 12 15 0.35844716 
605 5 10 12 0.35720628 
67 164 15 19 0.3552719 
321 616 97 125 0.35381997 
492 582 29 37 0.35210702 
978 38 9 11 0.3398742 
979 523 19 31 0.33904684 
1011 301 11 15 0.33889285 
972 126 12 15 0.33712426 
636 23 9 11 0.33529672 
918 44 8 11 0.32355443 
374 5 14 15 0.32177114 
686 4 9 11 0.31445873 
492 38 11 14 0.31257018 
817 16 10 12 0.301879 
429 25 12 15 0.30170995 
23 273 13 18 0.30003548 
467 44 11 14 0.29611954 
60 503 27 35 0.29113376 
605 30 9 12 0.2909474 
1005 234 15 21 0.28889048 
801 61 11 14 0.28832316 
709 49 12 15 0.2877706 
824 64 9 13 0.28772965 
347 139 13 15 0.2823875 
551 550 24 30 0.279907 
671 89 16 19 0.2774205 
757 16 9 12 0.27657244 
921 649 32 40 0.27458984 
619 114 15 19 0.27269974 
292 207 14 18 0.2706032 
413 19 10 13 0.2685364 
103 137 13 17 0.26822415 
101 70 16 19 0.26456168 
-1 137 10 20 0.26373202 
1004 434 15 19 0.26352686 
638 5 9 10 0.26115635 
59 564 18 23 0.25950867 
299 338 33 41 0.2593168 
740 59 12 14 0.25789326 
1012 442 11 16 0.25625527 
467 52 10 14 0.251114 
953 61 9 12 0.2495087 
766 104 9 12 0.24520126 
544 2 10 13 0.24489212 
547 53 12 15 0.24466042 
838 282 14 20 0.2445485 
744 77 13 15 0.24377914 
944 2 8 10 0.24125955 
614 42 12 15 0.23407933 
927 691 43 50 0.23145968 
989 124 12 15 0.23113039 
1009 514 12 16 0.22974263 
0 859 39 72 0.22897938 
877 9 10 11 0.22859393 
400 40 9 11 0.22590195 
292 55 14 17 0.22579643 
206 230 13 17 0.2252952 
800 133 13 16 0.22452515 
885 268 14 17 0.22443171 
855 276 15 20 0.22425964 
281 98 11 14 0.22304572 
756 37 11 13 0.22136608 
207 0 10 10 0.22073266 
846 65 9 12 0.22050983 
286 187 16 18 0.21940875 
445 17 10 14 0.21799697 
520 11 10 13 0.21657208 
265 93 12 15 0.2163059 
452 46 9 12 0.2146331 
820 20 9 13 0.20971243 
179 6 11 13 0.20911221 
853 122 12 15 0.20409316 
962 124 10 14 0.20325476 
453 113 14 19 0.2031258 
213 265 17 20 0.20173338 
966 22 10 13 0.20106444 
990 177 12 15 0.20032991 
768 44 11 13 0.20001152 
829 507 14 18 0.19857788 
821 506 13 17 0.19700778 
905 16 7 10 0.19474423 
719 87 11 15 0.1941692 
904 55 8 11 0.19321732 
716 556 17 21 0.19221486 
139 330 14 19 0.19181305 
220 92 15 18 0.19096881 
157 119 17 19 0.19050233 
846 163 9 13 0.1904669 
447 53 12 13 0.18768594 
588 36 10 13 0.18709935 
518 538 28 37 0.18632124 
792 93 11 13 0.18554963 
926 526 11 16 0.18451123 
133 44 11 15 0.18434572 
910 1 8 8 0.18317848 
637 28 11 13 0.18222933 
396 564 17 20 0.18035413 
271 84 12 15 0.17888002 
733 31 9 13 0.17713515 
799 66 12 15 0.17688084 
278 406 32 39 0.17659567 
269 47 12 15 0.17502004 
911 131 12 16 0.17401327 
951 56 9 11 0.17388722 
517 92 10 12 0.1736427 
181 388 33 38 0.17337473 
17 181 17 21 0.17220812 
983 142 13 15 0.17176485 
649 108 15 17 0.17171504 
39 378 37 50 0.17167811 
501 1 10 11 0.16833007 
228 326 24 30 0.16656291 
901 425 16 19 0.16569783 
117 377 26 30 0.16492581 
910 88 10 12 0.16469422 
410 114 11 16 0.16457461 
683 134 14 18 0.16264917 
498 586 51 54 0.16263069 
985 229 14 18 0.1620692 
1003 495 15 20 0.16195709 
391 517 13 17 0.1619025 
329 97 14 18 0.16186827 
977 81 11 15 0.16145252 
56 35 14 17 0.1610838 
877 626 11 16 0.15898699 
480 56 9 12 0.15861516 
422 0 9 8 0.1555922 
862 124 10 14 0.15548813 
729 35 10 13 0.15527883 
276 79 10 14 0.15486537 
263 228 14 17 0.15479131 
383 32 11 13 0.15435204 
794 157 14 16 0.15376215 
126 313 15 18 0.15210137 
693 67 12 15 0.15200882 
388 70 11 14 0.15148383 
258 402 26 36 0.15134308 
968 676 48 50 0.15124343 
321 71 11 14 0.15086994 
920 215 12 15 0.14933737 
224 10 12 16 0.1487721 
866 47 8 10 0.14842576 
856 163 10 14 0.14784233 
245 114 10 14 0.14769094 
40 117 18 21 0.14749806 
92 67 14 19 0.14605768 
338 30 16 19 0.14592247 
438 44 10 12 0.14586659 
904 385 12 16 0.14566706 
836 253 10 13 0.1455853 
583 6 10 11 0.14550406 
296 140 14 19 0.14478396 
996 163 11 15 0.14350285 
440 90 11 13 0.14310795 
987 211 15 19 0.14290333 
909 54 9 10 0.14280154 
816 250 11 15 0.14238273 
684 31 11 13 0.1418498 
617 13 9 12 0.14156768 
185 216 15 19 0.1415168 
336 62 10 13 0.14143881 
4 199 20 29 0.1413279 
175 268 12 17 0.1411105 
178 381 26 31 0.14065528 
648 100 14 18 0.13858393 
925 371 15 17 0.13758312 
988 514 12 16 0.1369771 
970 282 16 20 0.1366023 
392 5 10 12 0.13655104 
743 69 12 14 0.13605851 
582 29 11 13 0.13594171 
134 38 11 13 0.13552472 
214 225 13 17 0.13424192 
469 20 11 13 0.13374487 
127 271 15 21 0.13243869 
494 93 13 15 0.13080771 
848 426 11 13 0.1283064 
77 337 15 22 0.12790366 
902 60 9 11 0.12704486 
976 31 8 11 0.12678568 
618 39 11 14 0.12628502 
27 1112 113 118 0.12603351 
815 228 11 14 0.1257867 
481 61 12 16 0.12531318 
977 292 14 18 0.12514101 
477 119 14 18 0.12475179 
798 126 10 13 0.12464013 
847 25 7 9 0.124306306 
957 466 16 20 0.123672195 
468 29 11 13 0.122283705 
752 55 9 12 0.12208337 
862 257 14 18 0.120887384 
1014 56 7 11 0.11791144 
87 186 16 18 0.1177236 
663 124 12 16 0.11613363 
404 45 10 12 0.115997724 
868 272 15 18 0.115086846 
1013 29 9 13 0.11430961 
853 424 11 14 0.11413072 
681 4 10 12 0.114121325 
284 367 25 30 0.113381654 
353 49 10 15 0.11281668 
887 39 9 12 0.11252125 
727 738 36 53 0.11251722 
522 101 15 18 0.112281576 
887 45 10 12 0.11217632 
0 230 11 15 0.111902006 
151 231 14 17 0.11157646 
588 70 11 13 0.111363895 
367 98 13 16 0.11095901 
180 248 14 18 0.11053055 
759 52 10 13 0.11038948 
52 612 32 50 0.11032144 
841 64 9 11 0.10981027 
724 12 12 15 0.10932344 
267 121 13 17 0.109150656 
96 242 14 19 0.10714162 
701 70 11 13 0.106989905 
134 265 17 23 0.106814645 
888 1 8 7 0.10663189 
599 7 9 13 0.10620018 
830 69 10 12 0.106145605 
841 29 9 11 0.10607615 
655 21 10 13 0.10563764 
989 591 26 33 0.10509079 
950 149 12 15 0.10496018 
602 45 11 15 0.104741685 
864 1 8 8 0.10433403 
965 16 9 11 0.10431263 
910 16 8 10 0.104205094 
272 396 27 34 0.10405714 
237 11 12 14 0.10389515 
711 72 10 12 0.10372032 
303 6 13 15 0.1034076 
671 539 13 17 0.102539256 
949 31 8 12 0.10239483 
1006 1 8 9 0.10231176 
909 117 13 14 0.10172694 
11 187 14 20 0.10170246 
847 99 12 15 0.101252444 
446 6 10 12 0.1010144 
220 182 13 15 0.10049833 
984 22 9 11 0.10032508 
741 141 14 17 0.0997538 
91 276 15 22 0.09924218 
545 59 11 14 0.09917606 
99 0 12 11 0.09854657 
284 94 12 15 0.09846413 
950 36 9 12 0.097949274 
445 39 12 14 0.09791921 
839 68 11 12 0.0973689 
114 289 16 19 0.09706992 
976 43 10 13 0.09703034 
753 18 10 13 0.09573532 
319 155 15 17 0.095372416 
283 407 42 58 0.09512898 
425 27 10 13 0.09476694 
577 23 10 12 0.09433925 
147 328 14 21 0.0938904 
325 90 15 19 0.09366954 
75 1150 103 87 0.09355288 
217 355 18 22 0.093347475 
991 204 14 16 0.09315649 
371 94 14 16 0.092641234 
883 194 14 18 0.09260035 
873 586 13 18 0.092576444 
26 20 14 17 0.091990404 
877 86 10 13 0.09176209 
664 6 9 11 0.09103778 
748 59 11 13 0.09098691 
29 124 14 18 0.09098462 
4 122 17 21 0.090880096 
201 0 9 9 0.09030403 
906 140 13 16 0.090160646 
963 450 16 19 0.09009526 
995 172 13 16 0.08952061 
22 3 13 14 0.08936652 
544 605 48 57 0.08927881 
139 315 13 18 0.08893695 
913 593 22 32 0.0882954 
948 86 11 14 0.087862566 
183 72 14 18 0.08733027 
873 8 8 11 0.08720228 
830 51 10 13 0.08581731 
82 207 22 27 0.08559504 
821 193 14 18 0.085288726 
331 82 13 19 0.0848068 
115 404 25 32 0.08468231 
938 619 18 23 0.08460783 
309 331 44 56 0.08418416 
407 514 14 17 0.083470754 
1000 388 22 31 0.0831766 
101 259 13 18 0.08307732 
205 61 14 16 0.08295341 
930 14 8 10 0.082859606 
324 39 12 15 0.082210295 
248 337 45 50 0.082166985 
665 36 13 15 0.08200947 
501 35 12 15 0.08192005 
210 84 15 17 0.08172956 
700 597 15 19 0.08168221 
300 324 26 37 0.08162704 
953 476 13 15 0.08154347 
41 326 18 21 0.08152443 
299 210 11 15 0.08116803 
843 275 19 25 0.08106489 
752 42 11 15 0.0809685 
794 416 20 26 0.08073179 
956 453 16 19 0.079901725 
937 45 10 11 0.07957861 
291 566 22 28 0.07946812 
957 63 9 11 0.07928249 
85 75 15 19 0.079250835 
945 72 9 11 0.07918084 
84 734 16 22 0.07895778 
427 107 24 28 0.078950085 
168 35 13 17 0.07885807 
59 164 17 22 0.07866854 
976 162 11 14 0.078657046 
615 8 9 12 0.07865127 
942 652 28 41 0.078479454 
119 153 15 18 0.07801222 
933 403 12 16 0.0775764 
226 90 13 18 0.077076755 
661 32 12 13 0.076858826 
441 9 9 10 0.07684153 
534 543 33 37 0.07676409 
908 390 23 29 0.07667857 
291 360 40 50 0.076331906 
657 27 11 13 0.076066606 
308 33 13 16 0.07606533 
186 252 13 17 0.07586162 
213 290 18 23 0.0757834 
575 515 13 16 0.0757654 
543 66 12 15 0.07566896 
845 29 9 10 0.07538647 
424 53 8 11 0.0753507 
91 22 14 18 0.07508038 
85 52 15 17 0.075012036 
484 57 10 13 0.07493988 
968 277 14 16 0.07482423 
361 14 10 12 0.07470396 
548 47 12 14 0.074683405 
228 6 12 15 0.07447091 
825 41 10 13 0.074170776 
279 274 17 20 0.073828734 
870 24 10 12 0.0737745 
20 277 20 24 0.07373125 
176 68 12 15 0.073673755 
130 50 11 15 0.0732467 
702 77 10 12 0.07315998 
814 164 13 15 0.07310212 
999 118 11 13 0.073100165 
570 51 10 13 0.07297156 
86 58 16 20 0.072937496 
510 5 10 12 0.072932795 
548 0 10 11 0.07275821 
959 38 10 12 0.072647825 
100 59 14 19 0.07254461 
872 127 12 15 0.0722367 
582 75 13 15 0.072153084 
912 37 9 12 0.07214179 
974 190 11 15 0.07190072 
99 275 14 20 0.071849324 
92 263 16 22 0.07124796 
578 4 9 12 0.071156345 
831 91 14 16 0.0710079 
595 92 12 15 0.07083556 
0 327 22 30 0.07051924 
876 268 17 19 0.07051755 
896 54 8 11 0.07029024 
702 13 10 13 0.06995027 
91 257 14 19 0.06940984 
61 29 13 16 0.06927247 
669 512 14 17 0.06910743 
96 383 24 31 0.0690396 
409 16 10 12 0.069006935 
284 172 16 19 0.06892611 
157 227 13 18 0.06877879 
861 142 9 13 0.068542756 
143 310 12 16 0.06852708 
197 293 15 19 0.0685065 
80 202 15 18 0.06830055 
38 152 15 18 0.06830013 
638 34 11 14 0.06827815 
934 24 9 11 0.06815479 
701 20 10 13 0.067748584 
930 409 13 16 0.0677462 
756 44 13 15 0.06736165 
913 46 9 11 0.06735761 
828 572 13 17 0.06732568 
129 385 16 20 0.067296684 
389 37 11 14 0.06661593 
622 21 8 11 0.06547677 
893 45 9 12 0.06542644 
42 839 83 107 0.065351486 
285 52 15 18 0.065344244 
921 219 15 18 0.06515956 
323 76 13 16 0.06503096 
895 15 8 10 0.064911805 
527 67 9 13 0.06471795 
312 53 12 15 0.064624675 
929 29 9 12 0.06460543 
260 106 21 26 0.06459521 
912 64 9 12 0.06448883 
904 100 10 12 0.06407544 
881 75 9 12 0.06390325 
366 13 12 13 0.0636919 
627 84 13 15 0.06336336 
24 121 12 18 0.06272116 
895 427 14 18 0.06270449 
833 259 9 13 0.06268919 
942 89 11 14 0.06250461 
876 98 10 13 0.062393136 
966 59 10 13 0.062183782 
672 631 25 36 0.062147267 
1012 323 12 17 0.061936993 
563 94 12 15 0.06189697 
44 160 21 25 0.06156197 
999 16 8 10 0.06154988 
19 705 17 21 0.061529413 
796 27 9 12 0.06147324 
548 75 14 18 0.06118586 
603 76 12 14 0.060918473 
890 292 14 19 0.06073395 
192 0 10 9 0.060714476 
996 123 12 14 0.060556225 
241 108 12 16 0.060502246 
59 370 40 49 0.060497344 
248 156 14 16 0.0603702 
604 94 12 14 0.06035598 
1002 0 8 8 0.060198784 
713 519 11 13 0.05992162 
1002 502 19 27 0.059918612 
727 509 24 31 0.05979094 
163 223 15 19 0.059376296 
805 299 14 17 0.059255492 
988 48 9 12 0.059241865 
109 568 35 42 0.059199706 
22 61 14 19 0.059101626 
956 303 14 18 0.05891282 
905 21 8 10 0.058823332 
377 49 14 16 0.058774732 
665 13 10 12 0.058440957 
0 203 13 21 0.058313992 
774 102 11 14 0.05821482 
299 53 11 15 0.058028243 
919 651 15 22 0.05800794 
703 45 11 15 0.05787034 
277 59 13 16 0.057646655 
280 178 13 15 0.05763004 
885 64 10 13 0.057609156 
147 308 12 14 0.05727651 
302 234 13 16 0.057234485 
237 5 11 13 0.057104073 
1012 397 13 21 0.057043687 
671 0 9 7 0.056936402 
616 63 10 12 0.056756604 
48 397 35 43 0.056619596 
229 250 13 18 0.05647231 
670 54 10 13 0.056469996 
892 396 14 19 0.056403775 
500 98 12 15 0.05624999 
590 31 9 13 0.056249328 
804 182 16 18 0.056120798 
779 6 10 13 0.056014206 
170 658 50 60 0.055858817 
660 48 14 16 0.055608813 
585 12 10 12 0.055468053 
524 10 11 15 0.055421554 
22 144 15 19 0.055337142 
820 156 11 14 0.055195097 
958 68 8 11 0.05514248 
829 63 9 12 0.055073164 
282 364 18 21 0.055003826 
765 22 11 13 0.054936323 
453 75 10 13 0.054787632 
783 62 11 15 0.054467477 
901 454 21 24 0.054194015 
956 115 13 15 0.05418927 
41 10 13 16 0.05409552 
798 43 10 14 0.053856716 
870 203 13 16 0.05384041 
735 565 13 17 0.05374736 
121 349 17 25 0.053703286 
982 123 13 16 0.05343982 
779 698 15 18 0.05325585 
76 18 12 16 0.05324015 
649 14 10 12 0.053231243 
59 41 14 17 0.05316272 
-1 82 9 16 0.053147845 
935 7 9 10 0.053064063 
288 11 11 15 0.05304286 
333 596 58 71 0.05302672 
764 770 30 43 0.052941382 
981 30 9 11 0.052856486 
648 522 19 19 0.05261513 
134 322 15 20 0.052430697 
576 77 10 14 0.052350968 
752 31 10 13 0.05220183 
791 69 11 14 0.052117832 
919 21 7 10 0.052087694 
930 622 30 40 0.05203586 
718 18 13 15 0.05190188 
670 78 12 14 0.05169148 
981 279 16 20 0.05168866 
975 210 12 16 0.051533967 
136 549 25 40 0.051487785 
885 161 14 16 0.051438607 
322 148 14 17 0.051365566 
597 85 11 15 0.05126815 
281 346 40 50 0.051261306 
1010 227 13 22 0.051174324 
5 537 51 63 0.05108357 
0 76 12 17 0.05102108 
45 204 14 16 0.05099329 
760 101 11 14 0.050958756 
550 14 9 12 0.05080847 
220 190 14 20 0.050651725 
18 355 15 20 0.050595466 
806 56 10 13 0.050548736 
881 40 8 10 0.050397113 
976 15 9 11 0.050325435 
21 1023 27 44 0.05026583 
868 501 21 24 0.05020898 
60 252 16 19 0.050179604 
921 377 17 20 0.04995445 
155 53 12 15 0.049914435 
962 28 10 12 0.04988265 
221 113 13 15 0.04969274 
697 43 11 15 0.04954704 
977 72 9 11 0.04937946 
26 703 22 29 0.049355734 
747 132 13 16 0.049059406 
238 316 27 32 0.049046483 
876 616 21 29 0.04892229 
28 256 17 20 0.048897665 
512 43 11 14 0.048778 
922 536 16 24 0.048772823 
281 386 41 53 0.048735075 
294 7 11 13 0.04866485 
910 4 9 10 0.048619807 
849 188 11 14 0.04861583 
124 554 29 39 0.04857953 
617 109 13 16 0.04857622 
670 103 16 19 0.048508197 
993 209 16 20 0.048498392 
954 528 17 19 0.048480514 
983 56 11 14 0.048400752 
764 51 12 14 0.048345692 
635 84 13 16 0.048324347 
375 38 13 17 0.048225895 
656 -1 9 8 0.048161425 
119 20 11 14 0.04812539 
787 645 22 30 0.048116032 
597 21 10 13 0.04811506 
726 0 9 10 0.04811177 
764 72 10 12 0.04811038 
825 182 13 17 0.04808286 
854 131 11 15 0.04791952 
848 117 11 15 0.04791076 
855 675 41 52 0.047901485 
159 13 12 14 0.04786664 
253 286 12 14 0.04783601 
364 43 12 17 0.047794726 
181 0 10 11 0.04770468 
995 555 17 21 0.0476581 
943 16 9 11 0.0474904 
77 225 22 27 0.047476243 
941 103 11 13 0.04745394 
799 56 10 12 0.047404777 
891 623 25 30 0.047393687 
889 100 10 13 0.04728638 
718 6 12 13 0.047195677 
204 371 30 38 0.04711282 
467 125 28 33 0.046973392 
329 324 30 37 0.046874005 
981 190 11 15 0.046728507 
84 326 23 33 0.046704315 
578 509 18 21 0.046697255 
1007 346 20 29 0.04658144 
918 16 9 10 0.046580452 
847 107 12 15 0.046523895 
637 108 12 16 0.046398286 
835 810 27 45 0.04635769 
889 154 12 15 0.046251565 
714 75 13 16 0.04621756 
368 6 14 15 0.04619984 
553 115 14 18 0.046141807 
856 0 9 9 0.0461417 
386 568 29 36 0.046115965 
917 370 16 20 0.046113644 
16 3 12 13 0.046067912 
675 76 15 17 0.046011876 
839 452 14 19 0.046004366 
535 116 12 16 0.045943405 
663 0 9 9 0.045839112 
895 79 9 12 0.04574034 
766 29 12 13 0.045723442 
4 278 16 23 0.04567401 
710 84 12 16 0.045667503 
464 58 11 14 0.04560325 
865 6 8 10 0.045397155 
968 54 10 13 0.045337357 
1014 92 11 15 0.045214996 
436 28 10 13 0.045127466 
893 101 10 13 0.045117274 
132 12 11 14 0.04489723 
874 403 14 17 0.04485452 
888 14 8 11 0.044795398 
379 1 13 12 0.044568796 
984 218 13 19 0.044551603 
199 316 19 23 0.044503752 
532 21 11 14 0.044313937 
920 194 15 17 0.04427458 
195 189 17 21 0.044158075 
221 338 24 33 0.044071898 
887 52 10 12 0.044025134 
782 102 10 13 0.043976247 
780 13 10 13 0.04391971 
1007 157 12 13 0.043905135 
167 42 11 13 0.04385234 
974 418 11 17 0.04383749 
887 7 8 11 0.043756597 
280 43 12 15 0.04367604 
719 0 10 9 0.043645836 
1002 202 12 16 0.043645516 
885 516 13 16 0.04353651 
230 170 13 16 0.043530494 
288 163 13 16 0.043491554 
395 82 11 16 0.043389488 
966 188 13 16 0.04331554 
770 38 12 15 0.043270167 
684 75 13 15 0.043267213 
236 249 13 20 0.043258272 
916 126 11 16 0.04325103 
821 113 12 14 0.04311448 
564 628 36 45 0.043104418 
251 308 18 23 0.043010563 
480 106 16 18 0.042990543 
887 643 12 17 0.042948987 
116 307 13 18 0.04289856 
987 258 15 17 0.04284363 
967 46 9 10 0.042630654 
944 36 9 13 0.042601414 
10 273 19 26 0.042569082 
870 629 44 50 0.042465795 
600 38 10 12 0.042459797 
204 291 22 29 0.04240536 
1005 213 13 18 0.042360574 
438 51 12 13 0.042349715 
447 73 12 15 0.042329907 
833 123 11 14 0.042283017 
973 22 9 12 0.042251635 
452 39 11 13 0.042209543 
296 375 19 23 0.042128 
937 117 14 16 0.042015176 
934 104 11 14 0.04189286 
863 52 10 11 0.041892067 
712 647 99 118 0.04165566 
996 375 25 32 0.041610423 
695 515 12 15 0.04148797 
905 7 8 9 0.041474156 
832 75 11 13 0.041440833 
272 352 23 31 0.041291293 
916 87 10 12 0.041245937 
814 233 13 17 0.04120572 
945 164 13 17 0.04120472 
452 541 13 19 0.041094612 
222 251 13 16 0.040987067 
286 128 13 17 0.04097993 
77 245 16 20 0.040935334 
982 513 23 29 0.040898193 
579 45 12 15 0.040879972 
695 75 12 14 0.040577427 
683 125 14 16 0.040559217 
847 40 9 11 0.040507644 
181 271 14 18 0.040433463 
893 261 12 16 0.040224556 
995 568 25 34 0.040191345 
929 9 9 10 0.04012018 
109 30 16 18 0.040118307 
363 38 11 15 0.040111955 
997 71 11 13 0.040075764 
921 297 19 22 0.03999222 
376 30 10 13 0.039965972 
634 5 9 11 0.039921522 
270 275 14 18 0.03987411 
886 93 10 13 0.03969095 
852 109 12 15 0.039675847 
934 394 13 18 0.039469447 
621 87 16 18 0.03941479 
170 154 16 21 0.039395884 
1000 429 13 17 0.039389424 
798 253 14 17 0.039294537 
869 167 10 13 0.03929337 
384 512 22 29 0.039123304 
34 684 29 35 0.039076965 
430 97 25 28 0.039039202 
38 332 24 32 0.039032586 
893 149 11 14 0.038955223 
42 123 21 27 0.038864344 
888 634 23 31 0.038693156 
432 38 10 13 0.038683105 
918 64 9 12 0.038583152 
894 328 15 21 0.038579226 
1004 419 15 19 0.038472608 
898 627 14 18 0.03846411 
454 30 10 12 0.038391583 
459 1 11 12 0.03833295 
830 285 21 25 0.038324133 
755 108 11 15 0.038225044 
235 327 33 37 0.038097855 
299 17 16 18 0.037931405 
881 44 9 12 0.03791924 
981 72 11 13 0.037817888 
423 92 10 12 0.03774595 
935 91 10 12 0.03763816 
839 156 12 15 0.03762672 
897 91 10 13 0.03757944 
1010 59 10 14 0.037574876 
155 403 18 23 0.037574295 
1011 218 11 17 0.03755436 
1004 487 15 19 0.037512373 
836 245 12 15 0.03748715 
559 10 11 13 0.03739221 
854 63 10 12 0.037371613 
759 89 13 16 0.037332334 
839 52 9 12 0.037331186 
940 135 15 17 0.03732781 
257 233 13 16 0.037261266 
888 22 9 10 0.037225135 
373 88 11 13 0.037217073 
715 115 11 15 0.037179317 
781 79 11 13 0.037175663 
895 8 8 9 0.037112378 
290 154 15 19 0.03710432 
276 51 13 16 0.037049275 
263 89 12 14 0.03696899 
187 43 12 14 0.036895476 
821 234 11 15 0.036864754 
701 39 10 12 0.036802504 
626 53 11 14 0.036789674 
990 645 29 47 0.036762945 
341 16 11 14 0.036725648 
647 59 10 12 0.036714856 
980 157 14 16 0.036678262 
935 39 9 12 0.0366426 
724 5 11 14 0.036614038 
432 15 9 12 0.036603726 
781 136 12 15 0.036599513 
770 657 51 56 0.036498245 
998 439 14 18 0.036425497 
427 93 12 14 0.03642154 
910 112 10 12 0.03637503 
350 572 49 60 0.036320046 
835 515 17 23 0.03618544 
93 250 15 19 0.036137134 
903 47 9 11 0.036087018 
725 90 11 15 0.03605562 
156 58 13 16 0.036038816 
417 0 10 10 0.036002263 
947 126 11 14 0.03595059 
891 371 13 15 0.03590987 
866 254 15 18 0.03588276 
89 397 25 34 0.03586681 
942 22 10 11 0.035705365 
448 1 9 10 0.035701215 
330 -1 12 11 0.03569563 
140 58 14 17 0.03564819 
893 285 11 15 0.03555124 
828 157 12 15 0.035469312 
911 374 11 14 0.03546349 
421 3 11 12 0.03543882 
807 191 15 18 0.035347532 
775 688 26 31 0.03528917 
195 393 32 36 0.035285007 
886 311 15 19 0.035203874 
443 110 22 25 0.035202455 
633 2 9 10 0.03517885 
791 6 9 12 0.035135712 
582 2 9 10 0.035072416 
1007 314 14 20 0.035028636 
842 25 8 10 0.03491246 
926 62 10 12 0.03487633 
397 13 9 11 0.03486146 
349 37 10 14 0.034791414 
403 111 19 26 0.034781676 
909 442 15 17 0.034773488 
114 72 13 16 0.034736685 
301 328 16 23 0.034640543 
417 93 9 12 0.034547914 
613 607 12 16 0.034405023 
83 264 19 22 0.03439012 
952 201 15 18 0.03436565 
613 93 11 15 0.03433869 
894 40 8 11 0.034332715 
701 564 12 15 0.034290202 
598 70 10 13 0.034289397 
187 28 12 17 0.03428414 
959 44 9 11 0.034262933 
832 283 12 18 0.034242917 
861 267 15 20 0.03419707 
803 615 24 28 0.0341784 
964 434 16 20 0.034107666 
559 99 12 15 0.034038894 
364 18 14 15 0.034004986 
544 22 10 13 0.033934318 
630 91 13 15 0.033902258 
936 280 14 19 0.03388976 
82 247 20 24 0.033888593 
819 1230 60 81 0.03388638 
975 110 9 11 0.033879407 
269 399 17 23 0.033857975 
979 418 13 15 0.033846386 
186 274 16 17 0.033748843 
50 201 16 17 0.0337462 
991 158 13 16 0.0337456 
880 64 18 22 0.033742912 
229 404 31 34 0.03368297 
834 702 48 48 0.033654902 
917 200 14 16 0.033590667 
150 114 15 20 0.03348961 
932 204 13 16 0.033400852 
886 84 10 13 0.033342794 
965 38 9 12 0.03333776 
308 19 14 17 0.033331797 
821 163 12 15 0.033260815 
230 29 10 14 0.033228535 
1000 563 16 19 0.03322206 
229 583 16 21 0.033220652 
748 529 14 19 0.033172306 
853 53 10 12 0.033130795 
130 279 15 19 0.03308645 
910 21 8 10 0.033033084 
662 21 10 13 0.03297582 
185 298 24 28 0.032962035 
105 819 18 23 0.032924052 
846 135 11 14 0.032909572 
323 59 13 14 0.032857724 
824 51 11 13 0.032691102 
877 513 13 16 0.032598905 
860 298 12 15 0.03259543 
900 259 13 16 0.0325745 
103 391 25 33 0.03257392 
891 516 16 18 0.032545697 
997 369 17 20 0.03252389 
227 179 13 17 0.0325173 
786 19 17 21 0.03247014 
772 3 17 21 0.032346405 
865 13 9 11 0.032331996 
769 12 11 12 0.03230254 
777 68 10 13 0.032274667 
703 103 14 18 0.032263823 
838 133 11 13 0.03224202 
909 382 14 18 0.032233465 
243 12 11 15 0.03217233 
105 264 16 20 0.032109894 
35 27 14 17 0.0320679 
1013 34 10 14 0.03203832 
61 359 28 32 0.032032747 
647 0 9 8 0.031984977 
211 194 13 18 0.03197729 
826 5 8 11 0.03196102 
622 102 15 18 0.03190922 
819 364 12 18 0.0319065 
502 20 11 13 0.03189779 
123 289 14 18 0.031728063 
893 109 11 13 0.031634364 
938 1 9 9 0.031628083 
609 524 17 21 0.031612284 
711 7 10 13 0.031590004 
900 211 12 15 0.03158146 
182 305 17 20 0.03153479 
631 35 13 15 0.031485222 
854 250 14 18 0.031465124 
950 142 11 14 0.031464368 
211 0 11 11 0.031458855 
576 83 12 16 0.031420022 
1007 292 19 27 0.031374235 
524 92 14 17 0.03135518 
229 0 12 13 0.03132877 
502 42 12 15 0.031294942 
427 100 15 17 0.031290546 
146 313 15 20 0.031196158 
77 266 15 19 0.031192614 
791 645 13 18 0.03117118 
42 110 15 17 0.03114777 
209 723 32 44 0.031121522 
820 259 11 14 0.031048952 
696 14 10 13 0.031019174 
589 125 13 15 0.031014197 
168 24 20 24 0.0310087 
811 299 16 18 0.030973356 
845 1230 31 54 0.030951638 
991 36 10 13 0.030904602 
858 241 14 17 0.03089398 
518 66 11 14 0.030881837 
59 554 39 54 0.030792031 
949 1 9 10 0.030782722 
996 228 16 20 0.030777747 
986 289 15 20 0.030748678 
997 192 13 15 0.03067149 
981 48 18 22 0.030609896 
9 338 23 30 0.030599073 
855 140 10 12 0.030574197 
644 30 11 14 0.030570854 
813 223 10 15 0.030559568 
365 118 12 17 0.0305529 
389 21 10 12 0.030522075 
920 529 13 19 0.030486448 
716 521 11 15 0.030463465 
839 98 12 15 0.03044955 
976 139 12 15 0.03043769 
811 619 14 19 0.030405115 
271 0 10 9 0.030401113 
341 54 12 15 0.03035356 
34 575 17 22 0.030324237 
952 46 9 11 0.030268116 
620 69 12 14 0.030264996 
484 102 14 16 0.030161887 
544 11 11 15 0.030122774 
294 133 12 17 0.030102171 
386 1202 222 217 0.030014375 
246 0 10 11 0.029977556 
862 147 10 14 0.02996462 
276 122 13 17 0.029931061 
925 346 15 19 0.029917844 
12 118 13 18 0.029911045 
803 250 14 17 0.02987332 
140 23 14 18 0.029863987 
302 44 12 16 0.029821575 
43 135 16 20 0.029763365 
7 14 12 15 0.0297535 
841 328 15 21 0.029739937 
323 140 13 17 0.029633714 
987 385 27 32 0.029629244 
377 10 13 15 0.029519128 
425 60 13 18 0.029518904 
902 636 44 49 0.029517988 
790 15 10 13 0.029505817 
625 78 13 15 0.029498609 
295 0 10 11 0.029430773 
716 28 11 14 0.029420128 
991 30 9 11 0.02941967 
916 269 14 18 0.029401593 
701 29 10 12 0.029374829 
-1 91 8 15 0.029257124 
559 139 13 16 0.029252985 
70 38 13 18 0.029241206 
787 112 13 16 0.029233033 
687 139 16 18 0.029219672 
913 450 13 16 0.029198445 
613 99 12 16 0.02902581 
590 63 10 13 0.029018587 
973 226 14 18 0.02900854 
134 57 13 16 0.029004956 
768 2 10 11 0.028987011 
653 123 13 16 0.02896858 
991 441 13 16 0.028954415 
231 7 20 23 0.02891587 
901 391 14 20 0.028895542 
556 110 11 14 0.02883479 
696 28 9 12 0.028781414 
880 188 12 15 0.028736994 
372 17 14 16 0.028733542 
397 65 12 16 0.028720763 
865 28 9 12 0.028716905 
318 115 14 17 0.028697131 
48 323 16 19 0.028634798 
35 706 25 34 0.028608857 
142 0 10 9 0.028582089 
108 283 16 20 0.028572291 
865 622 24 30 0.02857041 
855 287 14 19 0.028520374 
224 0 11 11 0.028478594 
958 525 25 28 0.028441705 
109 355 19 21 0.028408527 
532 90 12 17 0.028373787 
642 672 42 46 0.028371828 
882 53 9 11 0.028365875 
951 15 8 11 0.028352512 
855 259 13 17 0.028280798 
909 65 19 22 0.028221458 
392 12 10 13 0.02820556 
894 527 22 26 0.028200377 
319 83 14 18 0.028164469 
610 50 12 16 0.028127246 
509 564 46 56 0.028049234 
244 256 15 21 0.028041145 
884 507 13 17 0.02802424 
334 141 13 16 0.028020777 
182 257 14 19 0.027997632 
875 652 31 35 0.027938074 
202 188 19 26 0.027907183 
423 47 8 12 0.027887838 
512 37 12 14 0.027878042 
69 346 23 31 0.027847895 
462 14 11 13 0.027835466 
755 732 15 16 0.027830686 
416 5 10 11 0.02778883 
661 108 10 15 0.027734095 
929 603 25 31 0.027666632 
264 44 12 16 0.027656155 
191 367 27 29 0.027655553 
883 137 12 16 0.02763122 
200 67 12 15 0.027609223 
1006 510 20 29 0.027603783 
137 35 14 17 0.027570263 
700 589 16 18 0.027550474 
187 82 12 15 0.027476322 
940 474 11 15 0.027375981 
235 50 13 16 0.0273193 
341 142 16 18 0.027263196 
981 206 13 17 0.02725571 
50 138 15 19 0.027192311 
929 24 9 11 0.02715854 
606 10 10 13 0.027077606 
966 426 14 17 0.027064785 
934 454 13 16 0.027049731 
887 460 12 15 0.027026122 
981 131 13 16 0.027021728 
485 592 41 45 0.02701048 
894 459 12 17 0.026930885 
670 19 10 12 0.026852436 
557 85 11 16 0.026844274 
69 226 19 26 0.02677609 
4 181 15 19 0.02675645 
323 133 13 15 0.026753545 
495 32 11 13 0.02675087 
789 36 12 14 0.02669964 
774 93 11 14 0.026673818 
856 66 17 22 0.02667019 
983 509 13 18 0.026642632 
694 51 11 14 0.026585985 
263 37 11 14 0.026564486 
76 56 15 19 0.026530704 
1009 429 15 20 0.02651528 
258 93 12 16 0.026458073 
203 -6 21 22 0.026427984 
685 56 13 15 0.02642013 
844 42 18 22 0.026415098 
990 58 9 12 0.026328972 
285 583 16 20 0.026325159 
928 308 15 18 0.026298052 
894 135 12 16 0.026294013 
928 84 12 14 0.02628419 
910 313 14 18 0.02620271 
930 419 14 17 0.026200159 
296 569 29 39 0.026176918 
154 329 16 21 0.02615206 
991 493 23 29 0.026141824 
795 86 11 15 0.026103102 
134 218 12 16 0.02603671 
725 702 57 84 0.02603024 
680 80 20 25 0.025987517 
788 276 14 16 0.025967516 
575 71 10 13 0.025956886 
944 61 9 11 0.025886865 
790 42 12 15 0.025833586 
247 584 32 34 0.02583156 
951 232 15 19 0.025828486 
773 19 12 14 0.025784468 
171 218 12 15 0.025780613 
898 337 14 18 0.025756814 
603 38 12 15 0.025706086 
972 486 14 19 0.025703248 
869 819 12 19 0.025637869 
912 275 15 19 0.025613032 
789 61 11 14 0.025601743 
252 290 15 18 0.025598144 
291 37 10 13 0.025594786 
801 154 14 16 0.025577264 
800 187 13 17 0.025568249 
1015 179 11 14 0.02556013 
685 22 10 13 0.025549036 
848 450 16 21 0.02546006 
136 207 13 16 0.02545279 
381 22 12 13 0.025450096 
800 649 16 20 0.025413828 
643 139 14 17 0.025378523 
338 588 139 199 0.025361478 
87 235 20 23 0.025348948 
695 570 13 15 0.02534771 
127 37 11 14 0.025333254 
166 7 11 13 0.025314683 
290 579 19 24 0.025291298 
66 246 19 25 0.025283914 
1012 149 10 14 0.025255932 
806 45 10 12 0.025239615 
782 411 15 19 0.025181217 
28 60 21 26 0.025175145 
837 75 11 13 0.025108136 
699 623 27 34 0.02508503 
414 531 23 32 0.025034547 
182 20 12 15 0.024998529 
877 292 17 19 0.02498502 
833 275 11 18 0.024965977 
945 55 9 11 0.024953222 
680 34 10 14 0.024886325 
50 115 15 21 0.024863873 
929 228 15 19 0.024861125 
747 122 14 18 0.024749482 
795 166 15 18 0.024745096 
157 336 24 31 0.024714597 
592 17 12 15 0.024710575 
207 223 13 16 0.02469367 
994 132 12 15 0.024674015 
422 15 11 13 0.024669657 
982 458 14 18 0.024629302 
926 68 18 22 0.024624482 
835 267 21 28 0.02459567 
367 107 12 16 0.024552839 
276 67 13 16 0.024442382 
327 106 13 16 0.024422226 
870 258 21 24 0.024411287 
776 62 10 13 0.024345748 
235 83 13 16 0.024342567 
701 631 15 21 0.024320904 
708 58 13 15 0.024296459 
686 12 10 12 0.024279522 
972 533 18 24 0.024279177 
937 630 32 45 0.02425037 
98 209 15 21 0.024236215 
406 30 9 12 0.024221757 
846 7 9 10 0.024220375 
431 7 9 11 0.024210539 
839 36 9 11 0.024141725 
775 131 15 18 0.02414049 
122 392 25 35 0.024110416 
1009 36 8 12 0.024078125 
903 852 54 70 0.024075199 
141 138 13 16 0.024050143 
10 1027 51 76 0.024047744 
16 74 14 18 0.024043448 
803 126 12 14 0.024017602 
948 258 14 16 0.024009835 
83 341 14 22 0.023986 
35 553 29 39 0.02397396 
925 203 13 14 0.023946997 
925 520 19 25 0.0239353 
776 120 15 18 0.023929412 
904 581 41 49 0.023844521 
263 0 10 9 0.023823617 
898 82 17 22 0.023808548 
982 16 8 11 0.023796108 
126 30 11 14 0.023774907 
447 30 10 12 0.023770731 
-2 218 19 27 0.02377058 
668 116 15 19 0.023715304 
989 430 13 14 0.023704002 
0 15 9 13 0.023694547 
825 1 8 10 0.0236917 
302 28 15 17 0.023671176 
22 369 26 38 0.02363174 
566 35 10 13 0.02361807 
1009 22 18 26 0.023607437 
334 54 10 15 0.023590589 
823 75 11 14 0.023566661 
441 531 24 32 0.02356134 
378 97 15 17 0.02352004 
63 13 12 14 0.02350865 
430 53 12 13 0.023507887 
294 659 55 74 0.02348853 
159 93 12 16 0.023435824 
966 551 14 21 0.023415674 
833 267 10 15 0.023413962 
155 533 31 33 0.023408625 
390 62 11 15 0.02335205 
359 4 13 14 0.023341684 
923 277 14 20 0.023285361 
718 35 11 14 0.023274677 
857 811 24 38 0.023249676 
1007 439 21 28 0.023200396 
798 148 14 16 0.023170954 
53 47 16 19 0.023165267 
837 87 11 14 0.023156883 
955 256 16 19 0.023140013 
901 537 21 27 0.023139067 
166 160 21 28 0.023113186 
546 28 10 14 0.023095816 
21 182 22 29 0.023062853 
542 73 13 17 0.02305818 
430 86 10 12 0.023033606 
975 52 10 13 0.023025341 
45 15 13 17 0.023007192 
472 2 9 10 0.02300173 
1005 407 15 22 0.022999927 
199 229 14 19 0.02296608 
704 8 10 12 0.022963043 
686 115 13 15 0.022939127 
85 8 14 16 0.022928666 
627 118 14 18 0.022903344 
930 377 14 19 0.022890886 
604 606 24 28 0.022858065 
981 534 25 30 0.022843432 
576 14 10 12 0.022784522 
882 663 18 21 0.022748383 
601 1 9 10 0.022694945 
772 52 10 13 0.022679044 
535 62 10 13 0.022672756 
483 7 11 13 0.022659155 
996 513 16 21 0.022644667 
975 6 7 10 0.022623979 
710 37 13 14 0.0226011 
970 546 15 20 0.022589928 
827 200 11 16 0.02255932 
633 15 9 11 0.022557229 
861 63 9 12 0.02254716 
693 5 8 11 0.022529643 
149 57 13 16 0.022513973 
92 5 15 15 0.022495072 
405 84 11 13 0.02249461 
896 31 8 10 0.022461921 
853 22 8 11 0.022457702 
197 1335 8 10 0.022447363 
236 164 11 14 0.022442056 
350 0 12 12 0.022433408 
951 516 26 29 0.022431351 
797 73 11 14 0.022383003 
839 421 12 15 0.022337746 
234 529 27 30 0.022324808 
901 24 19 24 0.022289123 
997 35 10 13 0.022287017 
884 498 14 18 0.02228679 
813 514 13 16 0.022275213 
80 580 34 43 0.02226503 
126 117 15 21 0.022229565 
1013 141 10 14 0.02220046 
557 0 19 23 0.022189086 
188 21 12 15 0.022147836 
600 0 18 23 0.022126736 
507 588 87 106 0.022126595 
679 650 39 54 0.022093037 
391 498 24 29 0.022076836 
849 236 12 16 0.022071127 
413 1230 151 121 0.0220708 
155 98 15 18 0.022067895 
985 128 19 21 0.022054324 
14 377 41 54 0.022033157 
107 143 14 18 0.022012927 
923 176 15 19 0.022012003 
893 646 26 34 0.02201002 
900 410 15 20 0.021997362 
293 18 14 17 0.02199245 
701 63 10 13 0.0219825 
7 635 25 34 0.02197685 
144 105 12 17 0.021943638 
933 62 11 12 0.021869773 
807 224 12 17 0.021842673 
598 59 11 13 0.0218057 
299 134 12 16 0.021798957 
302 2 12 12 0.021728484 
939 107 12 15 0.021726916 
226 186 16 19 0.021706896 
896 21 7 10 0.02170251 
330 28 11 14 0.021691438 
283 260 25 32 0.021687118 
198 28 11 15 0.02168195 
184 315 26 28 0.021675516 
180 239 12 17 0.021670643 
1013 65 11 15 0.021666033 
906 433 15 20 0.021659365 
1000 339 14 17 0.021653647 
879 573 13 18 0.021640472 
390 99 12 13 0.021623835 
247 829 119 150 0.021622352 
685 374 14 15 0.021603627 
292 45 12 15 0.021575145 
940 388 12 18 0.021538101 
512 87 11 14 0.021506732 
18 173 16 19 0.021499546 
371 573 33 41 0.0214824 
791 0 8 9 0.021468675 
243 295 25 30 0.0214278 
530 107 14 17 0.021419559 
860 421 12 16 0.021418674 
343 30 19 25 0.021417426 
816 26 11 14 0.021394592 
868 695 19 23 0.021339705 
665 43 11 14 0.021326905 
956 189 16 18 0.021293133 
49 146 15 19 0.021289408 
941 260 14 16 0.021264777 
495 89 19 23 0.021228053 
858 168 18 22 0.021219604 
309 400 17 20 0.021184467 
915 139 12 17 0.021176517 
117 273 16 20 0.021161946 
777 419 22 30 0.02115915 
247 1090 39 47 0.021128979 
456 534 23 28 0.02112506 
909 651 16 22 0.021098787 
891 407 13 18 0.021060785 
59 218 15 21 0.021020224 
786 656 26 35 0.02101634 
115 873 62 86 0.020998009 
515 52 12 15 0.020990128 
821 566 22 26 0.020981658 
832 2 17 22 0.020974528 
696 38 11 14 0.020960737 
214 33 13 17 0.020958893 
137 130 14 19 0.020955779 
666 126 15 18 0.020943135 
646 8 8 10 0.020941118 
279 30 13 17 0.020936277 
981 91 11 14 0.020930922 
989 24 8 9 0.020908577 
872 40 8 11 0.02083947 
988 75 11 15 0.02083477 
1011 49 18 25 0.020820621 
982 401 15 19 0.020793544 
35 251 14 21 0.020791741 
805 273 14 18 0.02077014 
295 235 12 16 0.020736862 
222 28 11 17 0.020735903 
305 378 17 23 0.02072545 
163 19 14 18 0.02070328 
106 273 14 19 0.020681025 
564 29 10 14 0.020680012 
604 69 12 15 0.020648073 
994 398 25 31 0.020639757 
504 547 43 50 0.020638734 
928 90 11 13 0.020601926 
598 96 12 15 0.020574002 
774 85 11 13 0.020573601 
512 12 11 13 0.020556416 
136 29 11 15 0.020548502 
62 728 26 29 0.020545043 
398 100 9 12 0.020531446 
883 385 16 19 0.020524016 
502 567 30 43 0.020471796 
1009 23 9 10 0.02046311 
721 539 16 21 0.020461708 
11 513 47 54 0.020456305 
863 108 10 13 0.020448618 
25 134 21 24 0.020415122 
854 83 11 14 0.020411704 
751 562 14 17 0.020400891 
780 683 17 21 0.020394897 
96 287 17 21 0.020363618 
136 70 15 18 0.020363415 
96 136 14 19 0.020356541 
975 39 18 23 0.020317852 
623 59 10 14 0.020310078 
69 305 15 21 0.02030718 
931 218 15 19 0.0203045 
238 236 11 16 0.020290693 
902 109 11 13 0.020284751 
874 579 20 29 0.020269712 
971 118 14 16 0.02024506 
92 386 16 22 0.020236947 
52 107 14 19 0.020215923 
814 238 19 24 0.020198636 
18 528 17 20 0.020192511 
674 628 15 20 0.02016227 
175 2 18 21 0.020157125 
875 281 17 18 0.020135768 
0 1106 18 30 0.020131206 
370 -3 23 21 0.020126363 
333 627 39 51 0.020099081 
330 283 15 20 0.020067153 
212 56 11 13 0.020060273 
870 53 8 11 0.02005632 
603 83 11 15 0.020054791 
472 123 14 17 0.020031836 
629 646 13 16 0.020031566 
646 119 15 18 0.020023283 
368 86 10 13 0.020020083 
