28_Sports_Fan_Sports_Fan_28_835
21
237 311 159 203 0.9989704 
649 359 146 197 0.99882513 
80 516 251 327 0.22277346 
196 575 52 59 0.10473831 
784 38 13 17 0.09444918 
838 44 14 17 0.081007116 
-88 432 417 486 0.07004669 
244 601 49 50 0.05466794 
599 1036 415 535 0.04905486 
380 634 23 30 0.04085504 
273 0 413 476 0.040775068 
861 22 9 11 0.040708754 
894 42 16 18 0.037212938 
679 896 32 38 0.029098967 
215 585 53 57 0.028115517 
703 159 55 60 0.02580388 
834 714 142 156 0.025504477 
364 27 16 22 0.02545221 
831 43 13 18 0.022606231 
890 19 15 16 0.022295067 
763 536 216 248 0.020116594 
