28_Sports_Fan_Sports_Fan_28_868
44
682 29 46 63 0.99856997 
511 246 34 47 0.982473 
869 172 42 51 0.75403655 
580 315 37 48 0.06107819 
134 283 14 19 0.05820499 
889 191 32 35 0.052046057 
40 461 33 41 0.047624253 
126 269 12 15 0.046578363 
184 410 53 82 0.0441249 
492 253 42 44 0.040717177 
846 170 44 53 0.038602754 
821 316 12 16 0.03808324 
20 2 16 20 0.03761532 
135 261 13 17 0.037557498 
387 3 16 16 0.0368405 
124 283 15 20 0.03314887 
78 318 12 16 0.03205238 
996 251 13 20 0.031554036 
383 571 13 15 0.03110426 
81 62 14 20 0.031072563 
750 10 15 20 0.03077267 
141 255 11 14 0.030296138 
601 283 27 36 0.029296944 
202 318 11 15 0.029238475 
8 1 28 40 0.029129535 
749 8 24 33 0.028842285 
13 383 12 17 0.026886292 
995 375 22 37 0.026558554 
90 280 95 124 0.025639204 
36 443 50 76 0.025093934 
138 384 99 137 0.024932705 
120 287 13 18 0.02452176 
139 0 27 26 0.02381192 
820 49 101 128 0.022855647 
131 267 101 138 0.02256985 
709 92 15 18 0.021906877 
820 173 43 52 0.021846637 
984 10 15 20 0.021805303 
812 68 14 18 0.021355527 
509 5 16 16 0.021031907 
912 351 29 38 0.020784877 
120 277 12 15 0.02074488 
737 81 60 68 0.020157654 
990 252 22 31 0.020016607 
