28_Sports_Fan_Sports_Fan_28_590
119
765 461 36 38 0.99667346 
597 608 37 38 0.9939248 
549 167 29 37 0.990704 
49 38 30 37 0.9840497 
32 268 22 34 0.9812444 
195 292 26 44 0.953779 
917 212 29 34 0.31859088 
350 474 37 40 0.24482204 
314 400 22 38 0.23362765 
118 298 37 56 0.16502666 
585 175 16 21 0.15421006 
924 222 16 20 0.15162836 
669 182 17 21 0.13904805 
900 242 12 16 0.13583855 
540 311 27 32 0.116498575 
339 456 46 47 0.108275846 
577 312 17 19 0.10612834 
927 2 16 18 0.10207627 
619 287 25 29 0.09798087 
687 13 13 17 0.09658425 
197 331 400 385 0.09446158 
660 97 16 21 0.094383515 
256 254 26 29 0.08754485 
772 334 29 33 0.08318574 
910 210 48 59 0.07348919 
910 274 13 18 0.07214723 
436 345 16 19 0.061503895 
36 54 26 35 0.05653829 
799 457 24 33 0.052584805 
327 122 456 542 0.05113107 
487 260 24 29 0.05043343 
735 48 9 11 0.0486769 
953 218 12 18 0.047658008 
699 594 15 18 0.046225738 
562 165 28 36 0.04391805 
660 185 16 20 0.042698372 
188 295 44 61 0.0415812 
719 75 16 18 0.0402901 
725 10 15 21 0.0398731 
784 459 30 36 0.038919482 
915 -1 29 31 0.03675205 
945 211 27 35 0.036470834 
485 266 14 18 0.036108132 
652 186 16 20 0.035855662 
743 348 25 29 0.03500264 
416 441 40 39 0.03430584 
557 309 26 31 0.034192827 
885 274 15 21 0.03247191 
909 240 12 16 0.032348897 
35 67 17 22 0.032324526 
709 411 11 14 0.032218195 
917 234 15 17 0.032121856 
802 381 27 31 0.032066144 
687 547 29 33 0.031958163 
435 401 108 118 0.03130306 
740 82 12 17 0.031043628 
558 387 12 15 0.030848285 
488 248 24 29 0.030423636 
213 516 11 14 0.030291032 
415 339 11 12 0.029764157 
729 47 10 13 0.02968129 
684 8 21 27 0.029623542 
493 250 14 18 0.029266007 
403 441 62 67 0.029089708 
900 265 23 30 0.029050812 
752 33 101 133 0.028524429 
718 0 11 12 0.028515538 
135 433 13 17 0.028397458 
945 222 45 72 0.027762268 
897 250 11 13 0.027435109 
732 374 14 18 0.026395578 
898 234 21 26 0.026294522 
293 514 29 43 0.025943786 
908 183 25 31 0.025715278 
750 437 41 51 0.025655992 
724 5 14 16 0.025605144 
244 536 16 22 0.025269018 
725 1 11 11 0.025112579 
717 399 23 27 0.025069816 
961 247 28 44 0.02450371 
680 11 11 16 0.02444865 
208 511 10 13 0.024432238 
994 477 27 36 0.02436789 
929 205 32 42 0.023971166 
680 140 38 45 0.023704926 
709 28 12 16 0.023663172 
328 408 17 26 0.02305538 
935 199 47 64 0.023045238 
995 277 29 44 0.022881767 
752 362 15 18 0.022843473 
336 484 34 36 0.022784632 
300 501 30 38 0.022716 
527 278 13 17 0.02264568 
906 226 25 30 0.022214655 
330 469 33 41 0.0219344 
755 398 25 30 0.02181143 
69 46 29 34 0.021773888 
66 1 20 16 0.02173864 
711 0 12 12 0.021546636 
551 314 18 22 0.021455323 
871 340 13 16 0.021332571 
714 8 24 31 0.02125262 
0 88 57 87 0.021236615 
485 252 14 18 0.021199046 
20 10 55 66 0.021172654 
899 197 78 97 0.021011721 
903 231 47 58 0.020912368 
934 259 12 17 0.020852074 
540 215 16 21 0.020587023 
734 373 22 27 0.020582769 
497 263 27 30 0.020574758 
806 370 28 31 0.020536954 
697 597 24 31 0.020506583 
347 492 36 37 0.02024181 
661 588 26 32 0.020180564 
578 247 25 26 0.020112298 
744 384 27 33 0.020072961 
726 439 14 18 0.020065557 
204 436 49 42 0.02003282 
