28_Sports_Fan_Sports_Fan_28_866
23
453 128 109 157 0.99990225 
861 123 16 20 0.26699296 
117 386 44 53 0.26609746 
863 387 29 32 0.19492306 
242 199 486 478 0.081589475 
973 335 34 34 0.068270065 
876 237 56 77 0.033824127 
899 156 23 28 0.03258041 
858 128 22 27 0.032111585 
885 393 15 20 0.029096091 
749 538 25 31 0.027569398 
850 179 42 51 0.027270176 
883 194 16 19 0.025177507 
859 176 26 28 0.02464686 
853 126 17 22 0.024360016 
866 191 20 22 0.023019452 
951 420 42 51 0.02200294 
869 117 23 30 0.021964647 
892 195 14 18 0.021869922 
867 136 16 21 0.021691773 
868 146 14 17 0.021310939 
1 348 10 14 0.02086676 
879 114 25 31 0.020117665 
