28_Sports_Fan_Sports_Fan_28_770
31
566 224 180 241 0.7195558 
87 390 103 113 0.71071815 
110 36 413 510 0.66861373 
577 256 110 155 0.22566469 
543 295 33 38 0.18364656 
218 410 103 131 0.10961199 
590 284 58 74 0.08115505 
663 607 11 13 0.051776852 
611 617 44 61 0.05160776 
14 404 88 132 0.044438276 
226 432 176 250 0.04397875 
169 415 170 207 0.039888963 
588 262 16 20 0.038295183 
587 290 36 51 0.037916753 
65 46 276 362 0.037718926 
685 81 133 153 0.034622807 
294 546 83 106 0.0342183 
741 280 110 135 0.032120474 
514 174 329 408 0.030930746 
655 624 10 12 0.030376073 
77 306 169 222 0.030175908 
677 630 9 13 0.029324781 
928 226 92 187 0.029145256 
608 131 230 281 0.028454363 
577 291 28 42 0.027376037 
669 645 10 12 0.025710957 
549 290 44 60 0.02469892 
260 491 105 126 0.023135776 
-8 160 353 454 0.021620922 
551 280 33 45 0.021465704 
565 278 48 67 0.020008532 
