28_Sports_Fan_Sports_Fan_28_327
33
164 272 104 129 0.9996817 
827 183 90 109 0.99903584 
90 304 39 48 0.9976006 
88 241 41 52 0.99143934 
735 273 37 42 0.980166 
649 263 44 52 0.9570387 
-1 273 23 31 0.8815028 
980 127 43 71 0.852903 
348 255 32 40 0.7918166 
345 77 88 167 0.7481624 
998 272 27 57 0.73005027 
953 246 23 33 0.5204473 
475 684 226 278 0.44101083 
362 602 426 384 0.37601307 
953 259 36 54 0.25219527 
330 542 25 30 0.11947635 
363 321 373 511 0.074322276 
770 281 33 38 0.06931965 
967 291 32 47 0.06697043 
319 588 10 11 0.049601022 
315 612 58 64 0.04115629 
-1 309 11 17 0.03742532 
754 282 35 39 0.03620823 
3 281 27 33 0.03327725 
331 22 182 250 0.033131726 
464 426 44 51 0.0239272 
324 279 23 29 0.022361493 
531 359 15 19 0.022180162 
604 392 14 16 0.022028433 
15 284 26 29 0.021587959 
642 430 9 11 0.021254128 
780 274 39 52 0.020718394 
722 275 32 39 0.020052401 
