28_Sports_Fan_Sports_Fan_28_711
25
429 59 177 246 0.8760221 
48 89 174 247 0.24226837 
-57 420 410 457 0.22861652 
80 132 111 147 0.13445726 
232 267 87 109 0.111362 
11 544 227 341 0.08164291 
777 48 213 250 0.06760616 
632 532 20 22 0.061540004 
354 288 347 480 0.048994612 
766 227 116 128 0.043308318 
420 157 120 152 0.038882323 
817 167 109 137 0.03823767 
391 376 11 13 0.036683563 
912 294 88 129 0.032486815 
395 376 10 11 0.030083831 
41 393 223 300 0.029014625 
510 467 135 170 0.028261121 
78 204 115 154 0.027070483 
116 151 71 85 0.023889374 
111 719 58 62 0.023536671 
118 733 34 38 0.02321617 
522 527 379 461 0.022269849 
724 272 198 251 0.022085775 
649 209 404 472 0.021348905 
222 365 343 489 0.020069996 
