28_Sports_Fan_Sports_Fan_28_244
84
892 313 24 30 0.88564086 
952 289 30 36 0.5980033 
53 204 22 26 0.32696468 
930 276 25 31 0.32515916 
592 83 46 59 0.32337183 
64 242 18 21 0.20054041 
331 66 35 50 0.19799641 
155 119 28 36 0.18846706 
932 8 21 28 0.18177393 
688 337 30 40 0.17884794 
240 212 57 81 0.13354048 
738 0 30 27 0.12029402 
662 296 46 77 0.10806084 
940 278 30 37 0.10013803 
152 440 16 23 0.095539056 
226 126 46 57 0.09153935 
926 50 25 32 0.090763696 
1 152 19 32 0.09072966 
879 270 23 28 0.0866003 
793 259 32 40 0.07793607 
338 51 57 77 0.06932749 
60 148 17 21 0.066903055 
385 72 46 73 0.062102925 
362 349 30 39 0.06199919 
0 230 19 29 0.061582144 
20 269 16 21 0.060223512 
180 207 41 51 0.059332646 
969 293 29 34 0.05874617 
974 16 15 20 0.057528418 
100 104 21 29 0.057500627 
258 134 49 70 0.056570053 
810 20 27 32 0.05457798 
409 335 18 22 0.05234674 
116 278 16 21 0.051427837 
1010 233 13 20 0.04957525 
962 78 16 21 0.04915094 
205 90 54 61 0.047960322 
137 252 18 25 0.046639755 
20 329 16 21 0.044193905 
644 274 52 78 0.044183355 
223 157 53 69 0.04243422 
754 0 34 34 0.04228483 
823 270 14 17 0.041524783 
44 26 24 30 0.03861812 
762 12 29 35 0.038243867 
205 158 40 42 0.03788389 
255 174 61 85 0.03758981 
1011 376 13 24 0.0373657 
410 403 45 50 0.036073532 
20 81 22 27 0.03572941 
867 252 16 20 0.03415652 
227 432 15 19 0.032347523 
674 327 48 66 0.03217228 
211 137 40 46 0.030351426 
861 256 31 35 0.028850365 
370 357 18 23 0.028642487 
269 329 477 444 0.02859554 
861 270 40 47 0.027878623 
1004 -1 17 17 0.0275629 
882 6 24 28 0.027505819 
690 0 30 24 0.027167939 
925 283 19 24 0.026952272 
230 178 53 85 0.02682625 
881 315 38 47 0.026626851 
525 12 27 33 0.025871547 
985 299 17 22 0.025647687 
433 525 30 44 0.025491895 
766 324 23 30 0.025424914 
217 429 24 35 0.024339037 
585 547 29 36 0.024295209 
851 152 17 21 0.023574363 
355 110 55 74 0.023459747 
204 99 76 92 0.023005702 
0 145 11 21 0.022994934 
395 113 43 51 0.02279317 
1001 87 24 37 0.022004077 
325 83 52 76 0.021951325 
871 98 29 36 0.021898204 
355 78 49 67 0.021610472 
52 245 24 26 0.021592222 
581 116 35 42 0.021205071 
108 211 25 34 0.021053892 
430 412 27 33 0.020834371 
20 65 25 30 0.020660484 
