28_Sports_Fan_Sports_Fan_28_118
127
638 312 91 108 0.99925846 
1 369 81 104 0.9975981 
94 125 31 37 0.9942841 
47 79 31 41 0.9920019 
11 193 69 98 0.9597875 
710 204 39 55 0.9487727 
325 159 38 54 0.93619597 
489 324 85 119 0.915482 
549 225 34 48 0.7554459 
319 301 41 45 0.7386053 
161 35 68 86 0.63242024 
529 135 23 28 0.57558316 
852 454 52 60 0.48976648 
1 90 22 29 0.41964042 
37 46 15 21 0.2879132 
432 341 40 59 0.23894411 
482 10 13 16 0.19782801 
840 47 17 22 0.15160142 
922 108 17 22 0.14490129 
125 42 14 20 0.13381618 
662 179 26 31 0.12784615 
889 49 15 21 0.12164718 
611 224 30 44 0.114698574 
406 252 42 55 0.10836969 
1 13 10 16 0.10620814 
307 277 49 55 0.094842896 
359 24 15 19 0.09159985 
984 3 12 14 0.09098048 
102 126 40 47 0.089570194 
778 33 15 19 0.08720915 
2 19 15 19 0.087148294 
37 48 23 31 0.08446753 
30 33 24 32 0.07576292 
3 14 24 30 0.061230164 
11 28 12 17 0.06023999 
12 34 15 18 0.059814375 
231 203 24 31 0.057716828 
372 140 29 35 0.055224188 
290 267 41 50 0.054912142 
372 92 17 19 0.053505797 
0 188 50 84 0.05231302 
858 1 20 19 0.04964723 
20 20 25 32 0.049437698 
730 211 43 58 0.049208213 
118 20 23 29 0.048445188 
41 61 27 34 0.04815088 
642 60 12 15 0.047452267 
724 73 11 15 0.046479497 
745 12 19 22 0.045800027 
882 466 46 57 0.045203384 
112 138 42 54 0.0439248 
0 53 19 31 0.043362517 
911 30 10 12 0.04132081 
431 326 85 100 0.040753774 
403 341 44 63 0.039625157 
814 46 11 15 0.039205745 
135 145 29 40 0.038922153 
368 96 28 29 0.03879606 
960 10 12 16 0.038726293 
294 254 27 33 0.036726493 
670 173 12 16 0.035713043 
447 171 99 130 0.034060072 
1001 120 21 29 0.033940505 
403 273 45 61 0.033633325 
118 157 45 62 0.033048313 
835 88 41 49 0.03298464 
15 33 23 28 0.032540787 
380 342 40 62 0.0322235 
733 2 13 14 0.03169172 
602 193 46 66 0.031507254 
194 199 34 43 0.030933492 
106 26 15 21 0.030781081 
105 32 25 34 0.030759787 
405 206 88 112 0.030044898 
842 4 26 25 0.028958363 
4 123 35 47 0.028706167 
140 42 52 67 0.028547062 
240 208 25 35 0.028272033 
119 11 15 16 0.028219812 
635 174 43 54 0.02768488 
593 346 47 65 0.027649686 
496 161 28 39 0.027646028 
110 24 39 53 0.027388807 
819 93 10 14 0.027270544 
741 0 13 11 0.027212577 
680 8 10 11 0.02691133 
844 37 25 31 0.026776439 
836 11 16 18 0.02674518 
686 0 10 9 0.026477091 
11 9 29 33 0.026341984 
172 50 14 18 0.026255043 
918 0 12 11 0.026148042 
337 15 10 12 0.02588644 
308 135 51 70 0.025498804 
113 8 26 30 0.025301619 
853 28 28 32 0.025089562 
301 5 9 12 0.025063831 
339 19 11 15 0.024841348 
409 29 11 12 0.024656959 
0 61 25 37 0.024593519 
919 54 10 13 0.024478402 
773 37 14 18 0.024094159 
770 19 28 33 0.023960628 
336 348 30 46 0.023783926 
116 38 24 31 0.023141509 
274 336 49 57 0.02310888 
213 194 32 41 0.022849828 
516 121 41 46 0.022846092 
911 33 13 17 0.02271048 
1004 13 12 16 0.022297561 
308 150 29 39 0.022151886 
414 256 55 71 0.021959173 
385 28 10 14 0.02188422 
849 32 48 55 0.021772597 
719 13 10 13 0.021701252 
830 434 90 95 0.021613382 
577 53 10 12 0.021507986 
585 219 39 57 0.021409055 
27 34 16 21 0.021201815 
569 239 28 39 0.021200608 
940 0 14 10 0.021112341 
347 345 42 61 0.020741045 
207 42 65 80 0.020711191 
907 475 26 44 0.020158764 
1000 4 10 13 0.02014547 
557 250 31 42 0.020096479 
570 247 15 23 0.020078026 
