28_Sports_Fan_Sports_Fan_28_265
105
494 85 233 333 0.99963224 
95 157 266 360 0.99953616 
1011 317 7 10 0.09947307 
912 316 8 11 0.080984935 
976 523 37 62 0.07917145 
922 326 8 11 0.071101 
941 319 8 10 0.06709663 
974 207 7 10 0.06493115 
1014 261 8 11 0.058933962 
935 281 8 9 0.055767648 
919 319 8 10 0.052275896 
991 230 8 9 0.05136653 
949 335 9 11 0.045747295 
887 305 7 8 0.04514163 
942 312 7 9 0.04464184 
516 429 148 214 0.042584684 
934 286 8 9 0.04252524 
993 208 7 8 0.04059803 
992 288 8 11 0.03979105 
985 270 8 10 0.039667007 
990 184 9 10 0.03933957 
1010 264 7 10 0.03560051 
1009 191 9 11 0.035311412 
989 270 8 9 0.03479797 
999 288 7 9 0.034415353 
926 383 15 21 0.03389241 
921 302 8 9 0.03339798 
897 293 7 10 0.033386532 
968 289 7 9 0.032480765 
970 239 8 9 0.03223278 
928 313 7 9 0.03220157 
1001 240 8 9 0.03202548 
996 468 26 39 0.0315292 
897 289 8 9 0.030686617 
912 297 8 9 0.030551063 
968 264 7 9 0.030518932 
977 319 7 9 0.030322878 
1000 207 7 9 0.028524233 
954 310 8 9 0.028369071 
960 328 6 9 0.028064022 
999 458 14 20 0.028058086 
903 326 7 8 0.028034871 
968 225 7 9 0.027855912 
920 296 8 9 0.027773155 
918 313 8 9 0.027323019 
1013 454 10 17 0.027159844 
1006 208 8 9 0.026968168 
905 304 7 9 0.026961638 
975 248 7 8 0.026929492 
950 288 8 10 0.02664035 
974 487 24 37 0.02643235 
991 224 8 11 0.026239853 
986 231 7 8 0.026097137 
972 493 39 65 0.0259008 
936 296 8 9 0.025838662 
986 239 8 9 0.025642853 
994 280 6 8 0.02551019 
898 311 7 9 0.025393192 
993 199 7 9 0.02506956 
991 254 7 9 0.025014631 
926 302 8 10 0.024962476 
951 237 9 10 0.024828136 
1002 271 7 9 0.024794314 
969 231 8 9 0.024662888 
985 224 7 9 0.024537807 
1001 279 7 10 0.024525814 
944 295 8 9 0.024500877 
952 207 7 9 0.02431553 
385 349 443 438 0.024144342 
973 233 8 9 0.023931496 
904 319 7 11 0.023908852 
889 336 8 10 0.023884261 
983 207 7 9 0.023765603 
998 223 8 9 0.023346571 
967 311 8 9 0.023153186 
975 202 8 9 0.023080047 
927 268 9 10 0.02303895 
1014 196 8 11 0.023012122 
977 280 8 9 0.022483572 
951 263 8 9 0.022278331 
1008 270 7 10 0.022176368 
905 271 8 10 0.021958565 
928 297 6 8 0.021948745 
1008 231 7 10 0.02193264 
975 264 8 10 0.02182478 
-27 575 176 285 0.021804338 
1008 182 8 10 0.021736331 
1006 213 8 9 0.021736078 
1008 254 7 10 0.021705514 
985 292 8 10 0.021546213 
911 336 8 10 0.021487657 
928 247 8 9 0.02139371 
821 293 9 10 0.021148333 
984 200 7 9 0.0209199 
1002 311 8 10 0.020846535 
926 331 10 11 0.020640988 
336 128 65 65 0.020524234 
1002 246 6 8 0.020517487 
983 305 8 9 0.020258656 
968 329 7 8 0.02022999 
1001 263 7 10 0.020169413 
1008 278 8 11 0.020142054 
918 279 8 9 0.020079829 
983 288 9 10 0.020050988 
896 319 9 10 0.02005033 
