28_Sports_Fan_Sports_Fan_28_862
72
439 131 126 154 0.9998561 
211 494 42 51 0.9843418 
711 696 119 176 0.38705105 
297 514 33 45 0.3462846 
1 745 18 34 0.26218548 
152 731 14 16 0.22759424 
136 714 11 13 0.16555025 
42 258 15 20 0.12609732 
466 728 196 263 0.108637966 
929 581 9 12 0.079831675 
197 325 13 16 0.0775017 
189 355 17 21 0.06780899 
562 1445 56 55 0.06694716 
361 739 30 55 0.058669426 
140 733 12 17 0.054953076 
549 1398 62 65 0.047744438 
240 347 17 22 0.04701278 
134 734 13 18 0.046586335 
0 805 11 20 0.044367198 
2 740 16 21 0.04118538 
186 252 13 16 0.040144023 
223 747 12 14 0.034996167 
306 508 18 25 0.034495685 
190 700 10 12 0.034098692 
0 781 8 14 0.03331392 
355 560 24 36 0.03264094 
173 732 11 14 0.031865608 
276 1291 74 66 0.031474877 
35 715 16 21 0.031349957 
795 694 30 35 0.030885478 
198 749 12 14 0.029517932 
200 732 10 11 0.029312931 
125 732 15 21 0.02923114 
882 692 178 245 0.029183384 
530 812 135 140 0.029098663 
192 343 13 16 0.028772807 
43 301 10 13 0.028750826 
368 706 31 35 0.028551305 
169 708 11 13 0.028067881 
187 408 23 28 0.026495093 
176 516 28 34 0.026449783 
191 321 14 20 0.026026977 
134 710 19 23 0.025765501 
876 725 13 17 0.025659623 
0 131 10 18 0.02531047 
213 739 10 13 0.025131004 
176 725 11 14 0.024939563 
95 710 10 13 0.024739452 
643 661 16 22 0.024716182 
178 371 14 18 0.024659425 
667 314 29 34 0.02456414 
224 812 11 14 0.024213903 
151 717 11 13 0.023866354 
834 394 184 275 0.023126148 
190 747 13 17 0.0225445 
966 771 16 19 0.022416746 
180 731 12 13 0.02234057 
360 708 47 56 0.022135762 
151 754 13 15 0.022127083 
188 520 15 21 0.022042142 
165 732 12 16 0.021880208 
909 824 67 94 0.021864679 
581 1437 37 41 0.021613669 
211 687 17 19 0.021488676 
14 705 31 35 0.021465588 
0 703 26 39 0.021339612 
720 164 11 13 0.021158373 
49 720 27 34 0.021147644 
222 426 12 16 0.021074815 
305 716 34 49 0.021068245 
184 699 10 13 0.020856492 
321 714 17 25 0.02002687 
