43_Row_Boat_Canoe_43_458
95
885 429 11 14 0.9555242 
849 429 7 10 0.5345672 
710 424 7 10 0.44914436 
8 298 13 17 0.38905874 
819 428 8 11 0.37341014 
792 429 7 9 0.34447065 
686 417 7 9 0.23872334 
730 422 7 9 0.20720954 
749 422 7 10 0.18563837 
657 416 7 10 0.09317456 
776 454 8 10 0.08639699 
793 469 10 11 0.07543804 
807 440 9 11 0.07495743 
720 432 7 10 0.06870634 
837 440 9 11 0.06596804 
711 428 8 10 0.05593404 
765 469 8 10 0.05535457 
655 420 8 10 0.054183565 
847 473 11 13 0.053875696 
720 436 8 11 0.05319093 
783 441 8 10 0.052109588 
662 409 7 9 0.050037228 
682 422 8 10 0.04700764 
608 439 7 9 0.046626814 
746 417 7 10 0.04526259 
783 461 9 11 0.04433457 
759 432 8 9 0.043938328 
833 440 9 11 0.042217355 
745 463 8 10 0.04200025 
614 430 6 9 0.04165964 
776 425 7 9 0.041644737 
639 410 6 9 0.040573247 
742 437 8 11 0.040147133 
678 431 8 10 0.039933655 
610 431 7 9 0.03878564 
792 464 9 11 0.038405575 
745 456 8 11 0.038400743 
737 438 8 11 0.03819022 
625 417 7 9 0.037023406 
802 456 7 9 0.03701207 
557 150 12 13 0.03640713 
759 438 8 9 0.036264505 
782 455 8 11 0.036210537 
753 439 8 10 0.035754293 
319 337 6 8 0.03533452 
836 455 9 11 0.034930054 
698 432 7 9 0.034389686 
615 425 6 9 0.03388132 
678 437 7 10 0.033124235 
727 429 9 10 0.033082258 
775 429 8 10 0.03273424 
690 448 8 9 0.032292288 
650 424 6 8 0.032021005 
704 431 8 9 0.031846765 
734 446 8 11 0.031374298 
559 155 13 15 0.031323824 
777 448 8 10 0.03087651 
821 435 9 12 0.030465482 
798 463 7 10 0.030206343 
835 445 8 11 0.030066859 
21 294 9 11 0.029042566 
872 440 9 12 0.028905025 
177 280 9 11 0.02846466 
640 431 7 11 0.028333075 
852 424 9 10 0.02826815 
726 464 9 12 0.027980106 
490 400 6 8 0.027955178 
2 299 11 17 0.027431741 
751 457 8 11 0.027054776 
796 429 8 10 0.025843965 
148 398 226 287 0.02555079 
736 431 8 10 0.025191966 
674 431 7 10 0.023994554 
743 430 8 11 0.023133943 
696 438 9 12 0.023087753 
778 439 8 11 0.022975272 
486 407 6 8 0.022929762 
706 457 8 11 0.022885712 
753 429 8 10 0.022310898 
824 472 10 12 0.02225987 
806 456 7 9 0.022140404 
801 440 8 10 0.02198964 
670 448 7 9 0.021927902 
842 470 9 12 0.021927878 
536 414 6 8 0.021760684 
523 390 6 9 0.021667974 
808 462 7 10 0.02137642 
920 208 11 14 0.02127094 
777 459 9 12 0.020922048 
328 335 7 9 0.020900209 
702 437 7 11 0.020810334 
786 429 8 10 0.020705238 
681 121 9 11 0.020527856 
882 425 11 12 0.020360362 
688 456 8 10 0.020167943 
