43_Row_Boat_Canoe_43_940
66
397 203 31 38 0.99910957 
676 300 28 35 0.9988617 
757 299 28 35 0.9986206 
309 187 32 40 0.9978066 
511 211 30 36 0.99764353 
248 239 25 38 0.9973808 
117 396 28 35 0.99321485 
525 426 37 44 0.96519774 
236 251 28 35 0.192608 
3 269 27 41 0.14243938 
461 268 11 13 0.10955111 
222 300 14 19 0.10899549 
430 246 12 15 0.104647025 
778 377 18 23 0.09062628 
462 295 22 26 0.08021775 
421 304 14 16 0.07642663 
578 269 16 22 0.07064207 
366 252 15 19 0.06670344 
618 420 24 43 0.0664159 
93 231 24 31 0.065971576 
82 225 42 57 0.063470915 
20 257 37 51 0.061638873 
95 230 13 15 0.054634675 
229 259 26 32 0.053018507 
44 259 16 21 0.052748963 
455 267 13 16 0.05249744 
422 252 12 16 0.0522246 
608 241 41 53 0.051020585 
455 299 14 18 0.048339512 
628 431 13 23 0.047849353 
80 257 12 16 0.04145277 
101 238 14 19 0.04112639 
37 251 40 53 0.037710145 
627 251 14 18 0.036274344 
227 295 12 17 0.03575294 
444 285 11 14 0.03480489 
468 267 13 15 0.033365782 
222 310 12 15 0.03333469 
786 381 16 20 0.0331207 
383 244 10 13 0.03215176 
619 246 24 34 0.030847274 
38 252 12 16 0.029573405 
449 268 11 15 0.029423274 
621 245 15 20 0.02937304 
415 282 13 17 0.029126178 
63 236 15 16 0.027991235 
447 276 11 15 0.027784532 
567 272 13 19 0.02775707 
220 293 23 31 0.027579732 
107 235 14 19 0.027010718 
447 263 10 12 0.026509808 
608 267 12 17 0.02543623 
9 384 100 153 0.024896545 
477 266 14 16 0.02467326 
94 382 46 58 0.024645345 
456 263 20 24 0.024307879 
38 263 15 21 0.024303582 
574 269 38 45 0.02409192 
526 430 55 66 0.023881515 
623 239 12 14 0.023503985 
25 433 129 146 0.023089211 
689 388 17 20 0.02306007 
18 251 16 18 0.022780556 
10 251 24 31 0.020995641 
59 232 28 28 0.020762421 
879 329 171 235 0.020233698 
