43_Row_Boat_Canoe_43_251
30
460 245 21 27 0.91701126 
623 275 13 16 0.45023203 
600 180 18 23 0.36661333 
579 238 13 16 0.19983341 
573 243 15 17 0.11511329 
566 244 15 19 0.10090312 
552 233 12 18 0.07885835 
621 311 14 16 0.077778645 
592 216 8 11 0.054239783 
611 252 14 16 0.0533058 
609 183 16 20 0.046502307 
454 284 11 14 0.04621142 
546 277 16 18 0.043682408 
461 367 15 19 0.04025207 
626 270 13 16 0.040220674 
467 410 12 14 0.039731454 
592 220 10 12 0.037934102 
472 248 17 21 0.03556163 
413 294 13 14 0.029763812 
554 234 21 26 0.02669034 
558 259 14 18 0.025795376 
620 189 12 16 0.02566945 
590 253 10 13 0.024251793 
574 230 13 15 0.02254679 
446 338 16 18 0.022290321 
597 261 10 12 0.022114458 
598 174 15 18 0.02188364 
86 336 21 33 0.021718184 
636 260 11 13 0.02019437 
501 268 11 14 0.020046782 
