43_Row_Boat_Canoe_43_942
87
180 476 24 28 0.99247015 
910 460 27 31 0.9778867 
370 452 24 26 0.9585492 
467 437 19 24 0.95554876 
263 382 14 18 0.71554786 
835 383 13 16 0.23454072 
316 346 15 18 0.19270876 
948 475 12 14 0.124284975 
268 369 20 25 0.11453826 
478 469 21 28 0.11434122 
274 364 18 22 0.10104611 
1000 391 10 13 0.10009757 
484 461 16 20 0.09403113 
426 262 8 10 0.0937097 
540 399 10 11 0.07883214 
322 355 15 19 0.06283471 
366 512 24 29 0.06267908 
517 473 16 19 0.053109344 
844 368 14 17 0.05249426 
513 459 17 19 0.049323726 
191 475 18 22 0.047308836 
122 279 8 10 0.04719513 
841 365 11 14 0.04493135 
827 366 11 13 0.04340962 
395 452 11 14 0.042486634 
310 343 15 18 0.040462762 
425 258 8 10 0.037465487 
400 255 7 9 0.036932383 
914 475 19 22 0.035702184 
976 488 9 12 0.033837534 
549 387 14 17 0.03286451 
813 375 9 11 0.03261742 
373 515 33 36 0.032553982 
797 359 9 11 0.031654734 
266 378 24 29 0.030534875 
950 481 12 14 0.030457355 
191 342 9 12 0.03015303 
793 360 9 11 0.030104628 
193 485 16 22 0.030032715 
325 350 24 27 0.030006178 
943 468 19 23 0.028969144 
369 262 9 10 0.028784968 
408 152 8 11 0.02799012 
292 452 15 19 0.027532594 
405 507 14 21 0.027506562 
452 487 17 19 0.0271158 
263 356 38 44 0.026438912 
772 365 10 13 0.026377594 
77 279 7 10 0.025295218 
96 364 24 29 0.025229221 
386 452 13 18 0.02494614 
543 373 9 11 0.024856 
510 455 13 16 0.024698976 
216 343 9 11 0.0244681 
409 507 19 29 0.024291372 
465 255 8 11 0.024221972 
80 272 7 10 0.023984365 
168 334 9 12 0.023737753 
528 320 10 12 0.023710568 
551 375 10 11 0.023501366 
334 373 10 12 0.023426412 
544 389 10 14 0.02321117 
190 490 25 29 0.023130205 
923 459 24 31 0.022956988 
288 336 10 12 0.022822108 
819 382 12 13 0.022543177 
638 379 11 12 0.022405379 
400 273 8 11 0.022369241 
556 450 12 14 0.022177331 
349 477 23 27 0.02189022 
278 368 28 32 0.021879481 
623 -26 411 493 0.021762747 
379 466 26 29 0.021604268 
165 244 8 11 0.021547144 
550 382 12 13 0.021182727 
91 285 11 12 0.02114101 
362 447 40 46 0.02104254 
844 377 14 17 0.020972246 
218 441 23 26 0.020949125 
552 447 12 13 0.02094804 
783 366 12 13 0.020633757 
933 465 13 18 0.020541841 
162 351 13 15 0.020527635 
557 381 10 11 0.020390354 
403 521 16 22 0.020369727 
288 369 17 19 0.020302702 
823 371 11 13 0.020213692 
