43_Row_Boat_Canoe_43_438
34
423 349 21 30 0.98936903 
758 349 22 27 0.5208133 
723 397 36 36 0.21761581 
938 103 10 12 0.11269902 
380 183 9 12 0.105516925 
392 262 10 13 0.09132564 
594 166 9 11 0.07419655 
747 348 18 24 0.07312415 
991 112 9 11 0.058628004 
456 200 9 11 0.05599315 
1014 165 9 15 0.047506753 
906 173 11 14 0.040995896 
795 45 36 41 0.03478427 
382 252 8 11 0.03418652 
936 174 10 12 0.033414654 
455 401 14 16 0.029223695 
391 191 12 15 0.028501607 
933 118 10 12 0.028489288 
471 287 10 11 0.028464034 
375 208 8 11 0.027942734 
991 82 13 16 0.027441781 
431 200 9 11 0.023713335 
594 161 8 10 0.023325006 
415 297 9 10 0.023323307 
942 97 8 10 0.022606598 
613 198 9 11 0.022288013 
940 205 10 11 0.022125335 
449 207 8 10 0.021665184 
441 215 10 12 0.021302642 
1000 110 9 12 0.021164939 
768 354 18 23 0.02103736 
372 303 11 13 0.021012222 
413 216 8 10 0.020708153 
392 257 9 11 0.020352539 
