39_Ice_Skating_Ice_Skating_39_661
393
808 360 14 19 0.95063955 
196 259 11 15 0.89222085 
471 301 10 13 0.871861 
222 267 10 13 0.8182104 
92 324 14 17 0.81356746 
3 372 12 18 0.76278865 
409 423 27 25 0.64289165 
439 312 10 12 0.57589215 
75 234 12 15 0.57252175 
161 294 11 14 0.47641975 
716 271 11 12 0.46593127 
162 298 13 17 0.4454274 
542 261 8 11 0.4223868 
343 191 9 12 0.41931465 
250 252 7 9 0.39484367 
510 255 9 11 0.330459 
768 332 11 13 0.30954328 
107 246 14 16 0.28549987 
48 257 14 17 0.22702008 
616 179 8 11 0.22511792 
446 182 8 10 0.20832056 
416 388 13 17 0.20634703 
531 275 13 16 0.19943896 
533 268 12 17 0.17678562 
973 299 14 17 0.16297793 
789 222 9 12 0.15951847 
29 293 10 14 0.15727651 
286 195 10 13 0.1572288 
465 185 7 9 0.14948964 
479 375 10 13 0.14909226 
393 200 7 10 0.13813686 
446 317 9 13 0.13387841 
0 262 8 14 0.1311458 
591 224 7 9 0.12333465 
27 258 12 16 0.12095124 
248 347 13 15 0.12092507 
486 190 8 10 0.107204 
865 227 108 116 0.10216941 
990 503 7 10 0.10104727 
452 505 16 20 0.10090903 
6 297 12 16 0.10038257 
717 228 8 11 0.099182256 
161 305 13 17 0.098737 
383 181 7 9 0.098735705 
470 184 8 9 0.09632872 
945 523 8 12 0.09568525 
702 224 8 11 0.09387444 
253 253 8 10 0.09188027 
440 191 7 9 0.09166756 
11 292 15 19 0.090776965 
800 216 8 10 0.089520015 
617 168 8 10 0.08824956 
448 323 9 12 0.08540194 
757 252 15 20 0.08458918 
214 109 9 11 0.08387622 
651 133 8 11 0.0836992 
649 197 8 10 0.083356895 
0 45 16 22 0.07991367 
376 182 7 9 0.0789096 
566 243 10 13 0.07869529 
369 200 9 11 0.078453444 
22 293 12 17 0.077984974 
150 380 13 17 0.07772179 
917 294 12 13 0.07669302 
809 70 40 55 0.075042516 
687 338 12 15 0.074340984 
445 508 16 18 0.07347726 
133 106 11 14 0.073231265 
713 224 10 12 0.07208994 
886 550 10 12 0.0699552 
0 353 9 14 0.06953273 
338 195 9 12 0.06940132 
930 517 12 15 0.06804238 
627 222 7 10 0.067567185 
350 370 11 13 0.066627376 
568 226 9 12 0.06614614 
818 434 21 27 0.06497897 
231 207 8 10 0.064850375 
351 239 7 9 0.064169444 
345 186 8 10 0.062265877 
1012 476 10 14 0.061460182 
12 341 14 17 0.06089317 
172 298 12 14 0.060890425 
360 197 9 10 0.06019456 
280 192 9 12 0.05925995 
648 193 8 9 0.05738382 
502 483 14 16 0.056844342 
232 118 9 12 0.05681247 
188 436 11 13 0.055426147 
729 203 10 12 0.054855056 
540 265 11 14 0.054786544 
218 265 10 11 0.053631943 
434 311 10 13 0.053386338 
372 203 8 11 0.05330016 
376 215 9 11 0.05307602 
743 253 8 12 0.05306993 
254 197 10 12 0.052387305 
199 429 11 14 0.052378487 
378 177 7 10 0.05229673 
620 132 10 11 0.05208847 
378 219 9 12 0.052011155 
360 190 9 11 0.051992502 
20 348 10 13 0.05053683 
609 191 8 10 0.0502428 
573 135 9 10 0.050086364 
560 264 9 10 0.049328357 
978 495 7 9 0.04925997 
878 536 9 11 0.048538204 
199 81 13 18 0.0482276 
424 225 7 9 0.04810474 
950 183 12 14 0.04776989 
480 182 7 9 0.047589686 
505 259 10 13 0.047448777 
614 230 8 10 0.04694037 
232 256 8 10 0.04686176 
934 512 9 10 0.046654284 
83 352 26 33 0.045782566 
586 224 8 10 0.045759697 
109 256 12 16 0.045656815 
598 223 7 10 0.045301706 
394 268 9 13 0.045277216 
488 185 7 9 0.045110125 
430 327 10 13 0.045013238 
13 335 10 12 0.044865534 
382 215 8 11 0.04476804 
650 185 7 9 0.044610478 
368 184 7 10 0.04445946 
210 424 14 19 0.04397608 
620 173 8 12 0.043948736 
1008 503 9 11 0.043779947 
409 406 27 29 0.04358344 
650 141 9 11 0.043459803 
598 147 10 12 0.043075684 
5 348 13 16 0.042877443 
982 288 11 13 0.042792596 
479 177 7 8 0.042054143 
348 189 9 12 0.042004928 
422 191 8 9 0.04194978 
974 313 12 14 0.04182734 
230 261 9 12 0.04169625 
790 216 9 11 0.041342355 
418 192 8 10 0.040973257 
792 206 7 8 0.04091081 
409 351 8 11 0.040708013 
811 428 17 19 0.040649027 
107 237 16 18 0.04051749 
469 188 8 10 0.040273517 
327 198 9 10 0.040045198 
598 133 10 10 0.039508443 
104 279 9 12 0.039214853 
218 310 9 10 0.039212607 
854 374 11 15 0.038882766 
761 206 8 10 0.03866132 
841 231 9 11 0.038504817 
468 297 17 22 0.038484484 
206 364 14 18 0.038297486 
223 193 6 9 0.03807498 
1007 509 8 10 0.037917014 
361 184 8 10 0.037779473 
776 199 9 10 0.0376004 
9 333 9 11 0.036954902 
871 241 15 18 0.036868233 
139 387 16 19 0.036860857 
358 206 10 13 0.036781307 
96 328 14 18 0.036540423 
226 268 10 13 0.03644087 
273 191 8 10 0.036425654 
261 196 9 11 0.036107443 
513 208 6 9 0.035881396 
253 203 10 14 0.035791732 
756 181 10 12 0.035401613 
980 293 13 16 0.034851626 
951 251 12 14 0.0348033 
572 142 10 12 0.034791782 
781 200 8 10 0.034540415 
356 211 10 14 0.034452535 
116 245 12 15 0.03424722 
546 407 7 10 0.03395841 
350 196 8 11 0.03384636 
573 148 9 12 0.033730708 
263 193 7 9 0.033680517 
413 382 14 18 0.0333334 
252 344 12 15 0.033314656 
505 342 8 11 0.03326559 
38 309 9 11 0.033171583 
474 373 11 14 0.032969903 
212 361 16 18 0.032883797 
753 139 9 13 0.03282501 
591 181 8 10 0.03265204 
584 143 8 11 0.032506052 
156 386 11 16 0.032386642 
654 184 8 9 0.032180488 
808 266 9 13 0.03182124 
818 133 9 11 0.031616695 
990 306 14 17 0.031537283 
577 174 8 12 0.0314951 
317 87 8 10 0.031473983 
263 404 11 14 0.031291038 
520 340 12 16 0.03125728 
520 304 9 12 0.031098805 
711 266 19 24 0.0309545 
561 180 8 10 0.030897835 
410 230 7 10 0.0307296 
358 229 8 10 0.03068521 
895 548 8 12 0.030594973 
452 318 9 13 0.03055167 
653 198 8 10 0.030489013 
627 215 7 10 0.030437665 
392 530 13 18 0.030410958 
133 394 16 20 0.03037082 
585 180 7 11 0.03025558 
926 417 9 11 0.030202327 
28 71 15 19 0.030188626 
752 257 12 18 0.03018457 
799 269 9 11 0.030140894 
215 275 9 12 0.030045347 
784 216 9 11 0.029923068 
218 263 18 22 0.02968119 
408 357 11 13 0.029619258 
566 181 7 9 0.029465469 
366 189 8 9 0.029456401 
327 212 12 15 0.02926612 
869 397 9 12 0.02920025 
503 105 186 214 0.029194681 
519 308 11 14 0.029152773 
423 197 8 9 0.028705988 
592 148 9 12 0.028693056 
28 246 12 16 0.028623639 
437 307 17 22 0.028549548 
431 197 8 10 0.02851124 
104 75 10 12 0.02839383 
326 206 10 13 0.028306061 
229 123 10 14 0.02825853 
1013 501 8 11 0.02824259 
615 238 8 10 0.028172564 
943 535 9 11 0.028165411 
990 294 13 16 0.028120989 
417 196 9 10 0.028105082 
40 351 9 11 0.027984204 
344 210 11 14 0.027929002 
369 264 10 12 0.027817005 
304 198 9 10 0.027513603 
412 389 22 25 0.027443612 
806 417 23 25 0.027406432 
951 438 8 11 0.027374 
828 223 9 11 0.027355205 
126 244 10 14 0.02728574 
528 281 13 15 0.027278438 
785 227 11 14 0.027259883 
904 550 11 13 0.02721069 
300 96 8 10 0.027179185 
372 94 10 13 0.027060846 
597 182 8 10 0.026603155 
398 199 7 10 0.026597798 
482 373 12 14 0.026485734 
487 196 9 11 0.026314907 
520 315 10 12 0.02623442 
413 351 9 11 0.02617276 
459 501 13 19 0.02615548 
878 413 11 15 0.026151968 
3 259 11 16 0.025915563 
568 207 8 12 0.025821758 
698 228 9 11 0.025785433 
649 129 9 11 0.025777845 
974 283 12 14 0.025729837 
949 518 10 12 0.025729345 
538 257 9 12 0.0257034 
815 127 10 13 0.025645403 
774 191 8 10 0.025613308 
357 221 9 12 0.025367202 
6 287 15 18 0.02527182 
764 328 19 23 0.025208164 
397 205 8 10 0.025162816 
753 176 8 12 0.025040105 
205 222 8 10 0.025017789 
800 264 9 11 0.024993395 
4 384 12 17 0.024902254 
82 194 10 14 0.024886142 
736 254 8 11 0.024838913 
578 180 8 11 0.024761861 
388 293 10 14 0.024756664 
358 269 8 12 0.024699496 
719 189 8 10 0.024698716 
1008 446 10 12 0.024675159 
574 212 7 10 0.024616728 
829 229 9 11 0.024546351 
629 228 9 11 0.024525244 
392 191 7 9 0.024505708 
928 513 9 11 0.024464615 
510 341 10 12 0.024419751 
34 254 19 24 0.024409918 
460 492 12 15 0.024409158 
9 370 13 19 0.02435948 
205 207 8 10 0.024216292 
979 307 13 17 0.02417675 
773 91 9 12 0.024154188 
82 235 12 14 0.024111075 
209 107 10 13 0.023939585 
349 211 13 15 0.023880288 
415 229 8 10 0.023727704 
718 234 10 14 0.023711478 
397 264 10 14 0.0236989 
507 478 13 16 0.02369203 
992 297 17 20 0.02348769 
548 341 11 13 0.023380704 
147 390 15 21 0.023318581 
967 519 8 10 0.02313239 
296 176 8 10 0.023127956 
640 197 9 10 0.022997633 
985 502 10 11 0.022952292 
711 262 13 18 0.022950068 
935 533 10 12 0.022941675 
466 228 9 12 0.022898626 
151 111 8 11 0.022884466 
252 354 11 13 0.022766314 
109 363 11 16 0.02271872 
512 213 8 9 0.022691019 
180 294 9 13 0.022653108 
715 278 16 18 0.022620633 
572 224 9 11 0.022605883 
614 224 8 10 0.022566387 
381 238 9 11 0.022476006 
641 192 8 9 0.022471048 
142 127 9 11 0.022398498 
465 297 12 14 0.022329673 
95 74 11 13 0.022328245 
137 135 8 10 0.022313328 
193 264 11 15 0.022303544 
455 198 8 10 0.022299701 
217 192 7 10 0.022271084 
49 185 198 233 0.022173256 
510 301 9 12 0.02216922 
744 350 8 10 0.022108693 
50 251 21 28 0.02209978 
989 287 12 15 0.022047175 
350 185 8 10 0.021846117 
145 205 8 10 0.021825869 
238 261 8 12 0.021815926 
212 433 13 14 0.021798957 
990 508 8 10 0.021718765 
431 216 112 137 0.021695152 
191 431 12 14 0.021678753 
465 304 12 16 0.02167026 
260 349 10 13 0.021585336 
976 500 8 10 0.02157468 
796 352 21 24 0.021568108 
849 374 11 16 0.021464527 
679 199 8 9 0.021451766 
609 196 9 12 0.021432536 
727 246 9 11 0.021405904 
115 237 13 16 0.02135671 
655 149 7 10 0.0213091 
694 174 9 11 0.021287953 
856 366 9 12 0.021261383 
295 98 11 13 0.021152053 
654 190 7 10 0.021138648 
352 230 9 11 0.0211274 
593 133 9 10 0.021084841 
439 197 8 10 0.021055678 
384 189 8 11 0.020958595 
536 256 18 23 0.020946633 
256 403 13 16 0.020917343 
917 285 14 15 0.020869313 
334 211 9 13 0.020839449 
934 293 14 17 0.02083259 
21 357 10 13 0.020709284 
471 239 10 12 0.020705948 
567 177 8 10 0.020704225 
576 259 10 12 0.020700136 
293 373 9 10 0.020653598 
319 239 9 10 0.020644754 
148 434 17 19 0.02060969 
682 329 21 25 0.020481499 
761 244 16 19 0.02047915 
687 176 7 9 0.020468134 
189 138 14 16 0.020389145 
407 370 13 16 0.020363454 
351 288 8 12 0.020330554 
784 235 9 13 0.020302547 
238 319 8 11 0.020295894 
922 293 13 15 0.0202693 
287 201 9 13 0.020243462 
766 214 9 11 0.020197557 
413 372 13 17 0.02019571 
409 224 8 11 0.0201912 
1003 510 8 10 0.02017367 
919 526 9 11 0.020146137 
206 103 10 12 0.020144697 
24 287 19 24 0.020118859 
196 89 14 18 0.020090085 
727 251 10 13 0.020079058 
984 306 23 27 0.020073561 
743 260 11 15 0.020015622 
