39_Ice_Skating_Ice_Skating_39_438
38
749 363 113 143 0.99996066 
340 247 94 134 0.999493 
627 321 57 70 0.9972185 
701 474 48 61 0.24337791 
1002 508 13 17 0.20613348 
640 155 32 32 0.10970377 
1004 471 11 14 0.09955554 
69 540 11 15 0.08121859 
556 461 10 13 0.080937125 
602 -4 380 441 0.07593035 
468 101 10 12 0.06195624 
46 500 14 19 0.057960954 
1006 597 17 40 0.054168403 
59 495 25 31 0.047404602 
0 487 21 34 0.042729158 
573 614 70 70 0.04107729 
999 544 23 34 0.038693503 
550 520 13 16 0.031079859 
440 243 13 16 0.030930553 
993 580 29 48 0.028694604 
685 457 77 98 0.027753744 
949 585 55 71 0.026404293 
222 42 14 18 0.025430955 
421 126 10 12 0.0251372 
49 495 23 30 0.025037367 
411 1153 121 178 0.023774344 
906 742 42 39 0.023094857 
364 1073 194 302 0.023058565 
981 580 27 39 0.022534989 
59 1095 114 130 0.02234614 
352 852 404 558 0.021782411 
39 415 8 12 0.02172603 
964 616 29 33 0.021396687 
553 457 10 13 0.021360124 
553 504 26 32 0.020789383 
977 586 43 69 0.020162322 
890 65 150 200 0.02012198 
587 590 57 66 0.020105954 
