39_Ice_Skating_Ice_Skating_39_487
33
504 253 57 75 0.999405 
887 46 50 60 0.23963667 
461 6 16 21 0.08538222 
451 3 21 27 0.059799287 
919 271 17 23 0.057830036 
51 83 24 36 0.046861682 
998 25 28 37 0.04375621 
447 10 14 18 0.041823443 
21 127 29 38 0.04002861 
1011 327 12 24 0.037405666 
902 246 14 18 0.037401147 
782 355 13 16 0.031427708 
886 7 63 68 0.030027132 
420 0 14 13 0.029840032 
48 243 54 75 0.029075567 
863 208 14 20 0.028913097 
535 927 47 48 0.028680192 
0 525 8 13 0.02742651 
76 353 409 452 0.025570702 
159 423 11 13 0.025498485 
812 270 9 13 0.024892317 
18 106 34 40 0.024846794 
832 12 31 35 0.023385651 
879 39 32 44 0.023377787 
25 89 26 33 0.02280132 
176 393 13 15 0.02186979 
808 314 31 45 0.02137498 
934 6 37 37 0.021178773 
395 17 13 17 0.021156551 
581 435 452 467 0.021029051 
104 477 9 12 0.020454282 
872 28 29 42 0.020359518 
986 67 42 78 0.02030277 
