39_Ice_Skating_Ice_Skating_39_362
48
240 484 69 110 0.99188554 
732 560 71 114 0.9899859 
407 642 46 55 0.5186701 
741 149 29 34 0.13758628 
917 15 22 25 0.107593 
997 77 23 28 0.08925723 
992 148 23 29 0.066569135 
607 151 28 36 0.062619686 
964 15 19 22 0.056142274 
663 149 27 31 0.054776963 
1 171 23 30 0.052071758 
918 111 25 30 0.051393677 
159 1080 462 529 0.046221074 
570 41 24 31 0.044568643 
618 33 24 30 0.04374152 
634 120 17 22 0.038860187 
903 78 23 28 0.038148526 
671 112 26 31 0.03688563 
688 46 27 34 0.03531853 
622 40 29 35 0.035078805 
988 780 16 19 0.034549188 
936 151 28 33 0.030459633 
928 45 23 29 0.029271865 
825 15 18 20 0.028230837 
595 1087 143 157 0.027822489 
946 77 27 30 0.027284788 
852 77 26 31 0.026071772 
921 25 25 34 0.025228418 
677 40 23 30 0.025037505 
861 15 23 26 0.024133448 
1010 12 13 21 0.024071638 
676 126 17 21 0.023871336 
624 52 32 38 0.023726368 
466 686 24 27 0.023111021 
68 127 25 30 0.022957249 
233 79 411 487 0.02266629 
664 132 41 50 0.022478929 
1002 181 20 34 0.022009395 
615 165 29 37 0.02165015 
936 72 27 30 0.021626296 
759 208 40 54 0.021600343 
173 152 29 34 0.021057893 
561 48 39 48 0.020958956 
388 624 79 93 0.02078346 
970 33 28 33 0.020638624 
783 39 26 30 0.02055549 
21 6 31 29 0.020153001 
875 56 18 21 0.02014077 
