39_Ice_Skating_iceskiing_39_310
31
429 227 39 41 0.99408346 
186 155 36 44 0.98584855 
122 227 42 48 0.66506654 
343 250 28 37 0.5148 
722 365 45 50 0.18148533 
349 258 38 56 0.09372641 
694 342 67 65 0.084436595 
329 251 43 69 0.08377971 
236 228 455 508 0.080679625 
148 155 43 56 0.077852644 
138 241 34 45 0.06900516 
376 264 29 38 0.059612475 
233 274 63 79 0.05136112 
696 373 66 69 0.0503706 
439 249 34 38 0.04420068 
655 351 66 67 0.038534485 
223 242 96 93 0.0367108 
386 265 17 22 0.03628703 
437 108 13 16 0.034726072 
624 306 54 58 0.033782296 
454 272 49 54 0.031338584 
843 329 27 33 0.030247409 
434 124 17 19 0.028539127 
668 323 16 18 0.028020298 
114 244 56 60 0.02515321 
685 397 69 82 0.025114166 
436 114 16 19 0.024826234 
442 161 17 21 0.024743123 
654 368 108 135 0.024362642 
143 221 29 44 0.023469182 
113 201 57 62 0.020614156 
