39_Ice_Skating_Ice_Skating_39_658
116
113 416 8 10 0.2848713 
52 418 11 14 0.12510686 
960 364 12 15 0.1063699 
473 74 26 29 0.09577082 
2 389 8 12 0.08756826 
888 408 9 10 0.079882234 
968 424 10 13 0.07328949 
183 415 8 11 0.072993115 
689 396 9 11 0.07279342 
201 408 9 11 0.06749449 
645 415 9 12 0.06716556 
150 397 8 11 0.06686913 
609 375 10 12 0.06653145 
86 414 8 11 0.061348367 
780 398 9 11 0.06033383 
443 68 15 19 0.05604849 
917 387 12 14 0.055138007 
448 407 9 10 0.055093046 
988 414 13 16 0.054847836 
4 413 9 12 0.05187074 
82 415 8 11 0.049678013 
1015 406 8 12 0.049117003 
593 392 9 11 0.04815578 
878 399 10 12 0.047071844 
974 426 10 14 0.04682102 
598 392 8 10 0.045447953 
913 373 10 13 0.045267787 
792 420 11 12 0.042567257 
943 399 8 10 0.042513825 
740 406 11 14 0.04231002 
113 430 9 11 0.042248376 
185 406 8 10 0.04206484 
146 399 9 11 0.03895857 
655 414 9 12 0.038128924 
893 404 10 13 0.037985686 
973 411 9 13 0.037326988 
0 458 22 39 0.03649631 
982 420 13 16 0.03521204 
175 428 9 11 0.03482953 
176 422 9 11 0.034494203 
432 406 8 11 0.033595048 
168 415 7 10 0.033108957 
176 415 8 11 0.032752637 
990 407 10 12 0.03243603 
49 400 8 11 0.032233983 
47 428 9 11 0.032149296 
98 447 7 10 0.03206733 
52 404 10 12 0.031915292 
692 395 10 13 0.031229526 
439 407 8 11 0.031221377 
808 415 10 11 0.030993685 
695 415 12 15 0.03097026 
901 383 9 13 0.030712256 
223 429 9 11 0.030279163 
981 426 10 14 0.029923344 
145 406 9 11 0.029726861 
982 406 10 12 0.029568626 
204 411 10 12 0.029458243 
448 398 8 10 0.028924722 
780 414 10 14 0.028715895 
187 179 451 565 0.028405605 
459 44 12 15 0.028331831 
736 412 10 14 0.028262641 
115 419 10 12 0.027739586 
867 412 11 14 0.027472304 
464 53 40 50 0.027345031 
970 407 9 12 0.02660407 
680 398 9 11 0.02635987 
913 380 11 14 0.025995843 
189 413 9 11 0.025985822 
17 391 8 11 0.025969176 
992 396 10 12 0.025911186 
619 39 10 12 0.025696201 
102 421 9 11 0.025445698 
775 418 11 13 0.025276776 
447 383 8 11 0.025171308 
567 373 9 12 0.025104199 
895 387 11 14 0.02485691 
894 397 11 14 0.024502475 
87 408 8 11 0.024098368 
456 399 8 10 0.023930714 
417 -24 340 430 0.023754714 
870 406 11 13 0.023733197 
40 430 8 10 0.023683032 
645 397 10 13 0.023549702 
97 454 8 10 0.023269514 
80 420 10 12 0.022725347 
914 332 12 15 0.022698456 
0 395 9 13 0.02223618 
186 439 8 11 0.022144243 
671 399 8 10 0.022058314 
199 422 9 11 0.021933323 
190 407 9 11 0.021904884 
190 400 8 10 0.02189512 
103 416 8 10 0.021882175 
118 444 11 14 0.021738673 
993 388 10 14 0.021687534 
886 398 10 14 0.02162325 
387 45 13 17 0.02148204 
613 380 8 11 0.021446403 
615 368 7 11 0.021195192 
448 389 8 11 0.021138726 
750 413 9 13 0.021106292 
743 400 11 13 0.020947577 
544 396 9 13 0.02089872 
606 405 9 10 0.020893442 
448 367 8 11 0.020864364 
678 406 10 11 0.02082525 
142 356 12 14 0.020555506 
535 157 131 141 0.020458374 
103 430 8 11 0.020367004 
191 439 8 11 0.020130211 
754 451 14 17 0.020115174 
797 415 11 14 0.020056486 
982 388 11 14 0.020019092 
892 347 13 18 0.020018311 
