39_Ice_Skating_Ice_Skating_39_463
335
836 739 11 15 0.59474653 
900 734 12 16 0.45687717 
800 751 8 11 0.41915545 
781 662 13 17 0.41497526 
957 726 9 12 0.41489375 
700 706 9 12 0.31678337 
912 759 9 13 0.2482694 
585 712 8 9 0.24592286 
750 685 13 16 0.23591433 
474 695 8 9 0.20955813 
750 675 12 15 0.2064969 
648 671 9 11 0.19826238 
414 641 8 10 0.19509932 
335 684 8 10 0.18714097 
817 770 14 16 0.18232451 
788 665 10 14 0.17382354 
624 678 8 10 0.16745871 
514 703 7 9 0.166429 
963 773 11 14 0.16611832 
856 675 9 12 0.16240592 
554 702 7 9 0.14031087 
496 704 8 9 0.13746946 
429 694 8 11 0.12993456 
639 704 8 10 0.12571146 
495 709 8 10 0.12356811 
377 616 7 10 0.108998805 
610 704 8 10 0.10865651 
429 679 7 9 0.10462884 
558 702 6 9 0.10323246 
834 735 10 14 0.10237078 
402 662 7 10 0.10210153 
538 711 8 9 0.101413816 
471 688 7 9 0.098930754 
843 758 17 21 0.098891385 
874 718 22 28 0.09495786 
888 688 10 12 0.08975922 
399 615 8 10 0.08791558 
335 705 9 11 0.08630067 
951 729 12 15 0.08599008 
424 696 9 10 0.085166305 
474 702 8 10 0.08450135 
478 696 7 9 0.08442406 
471 709 9 10 0.08441375 
637 688 8 10 0.0829332 
368 663 7 9 0.081355 
673 662 10 12 0.08060067 
633 687 8 10 0.078658745 
411 640 7 9 0.07652888 
679 668 8 11 0.07527466 
887 671 8 11 0.07083631 
321 648 8 9 0.070835285 
829 539 11 13 0.06905916 
614 704 7 10 0.06870057 
696 333 10 11 0.06829764 
419 701 7 9 0.06821262 
649 686 8 10 0.06670356 
665 679 8 9 0.06655005 
713 664 8 10 0.06572405 
894 590 7 9 0.063312896 
714 668 9 11 0.06287715 
630 680 7 9 0.06285619 
673 656 7 8 0.062581494 
850 671 9 11 0.062459752 
410 646 7 8 0.06135513 
632 693 8 10 0.06106692 
422 701 8 10 0.060417216 
789 768 10 14 0.06012385 
311 631 7 9 0.059601728 
505 655 8 11 0.059376933 
410 687 7 9 0.05820249 
656 639 6 9 0.057853155 
226 620 9 12 0.057695437 
722 719 8 11 0.056343034 
795 751 9 12 0.05625644 
648 640 7 10 0.055205036 
375 661 7 9 0.05490244 
744 671 9 12 0.054688223 
745 655 7 10 0.05425845 
538 703 6 8 0.053798065 
579 677 7 9 0.05378661 
535 728 7 9 0.053673826 
517 703 7 9 0.053130686 
327 647 7 9 0.05294305 
534 606 7 9 0.05283615 
830 760 12 17 0.05283516 
583 677 8 10 0.052323688 
513 697 7 9 0.052091643 
429 688 8 10 0.051535413 
664 687 9 11 0.051489215 
359 626 7 9 0.05079948 
898 724 15 19 0.05057275 
384 663 7 9 0.050529983 
232 519 358 418 0.049706716 
746 676 9 12 0.048679486 
354 630 6 9 0.048437223 
497 696 7 9 0.048168384 
478 702 7 9 0.04762747 
402 703 7 8 0.04761576 
591 671 6 8 0.04761232 
426 663 6 8 0.046983305 
914 754 13 17 0.046469767 
401 656 7 9 0.046384707 
406 703 6 9 0.046074707 
858 591 8 11 0.045714717 
488 732 8 10 0.045050938 
592 679 7 10 0.044409674 
464 632 7 9 0.044106312 
536 758 8 10 0.043895278 
624 695 8 10 0.04381865 
837 757 14 19 0.043256894 
745 662 7 10 0.04254152 
686 670 8 11 0.042192817 
610 672 7 9 0.041514304 
921 693 9 10 0.041283157 
654 687 8 10 0.040527564 
303 632 7 9 0.040344056 
585 656 8 9 0.040258415 
536 696 7 9 0.039950207 
960 562 10 13 0.03980508 
688 694 8 10 0.039581448 
382 640 8 10 0.039412905 
615 664 7 9 0.03939289 
220 523 24 31 0.039129462 
633 703 7 9 0.038865652 
450 654 7 9 0.038744383 
465 703 6 8 0.038415115 
815 760 19 23 0.03831454 
852 730 13 16 0.038051642 
447 648 8 9 0.037462804 
681 711 8 10 0.037409183 
850 662 8 11 0.03714751 
478 612 213 232 0.036920797 
599 679 7 10 0.036838107 
669 687 8 11 0.036761314 
648 743 8 11 0.036609605 
608 695 6 9 0.036348943 
391 656 7 9 0.036201537 
439 633 6 8 0.036147594 
665 692 9 11 0.036034234 
666 703 6 9 0.03572885 
945 733 10 14 0.03548703 
350 680 8 10 0.035464875 
780 672 12 16 0.035340957 
458 639 6 8 0.035206683 
330 709 9 11 0.035055894 
943 740 10 15 0.034852438 
678 655 8 10 0.034576315 
480 407 9 11 0.0339051 
849 725 10 13 0.033586103 
417 696 7 10 0.03326756 
298 632 7 9 0.033261884 
334 640 7 8 0.033244643 
430 673 8 9 0.033136785 
36 341 193 296 0.033025138 
700 342 11 14 0.03287314 
351 640 7 9 0.032818094 
296 647 7 9 0.032560654 
849 719 9 11 0.032477316 
794 755 9 13 0.032474246 
542 715 8 10 0.0324171 
618 678 7 9 0.032259192 
384 670 8 10 0.032161284 
626 654 8 10 0.03213474 
860 678 8 10 0.03211841 
775 656 10 12 0.032107595 
880 674 11 13 0.0319307 
509 655 8 10 0.031832505 
608 688 6 8 0.03178554 
382 646 8 10 0.031755947 
817 696 8 10 0.031599425 
684 334 11 13 0.031549107 
590 655 7 9 0.03150288 
377 640 8 9 0.031452384 
625 647 8 10 0.03142475 
302 648 7 9 0.031334363 
517 567 9 10 0.031211207 
625 685 8 9 0.031210417 
537 753 8 10 0.03116218 
457 663 7 9 0.030972982 
817 701 10 13 0.030649899 
298 615 7 10 0.03044696 
406 655 8 9 0.030302973 
408 695 7 10 0.030150704 
534 734 7 10 0.030059032 
617 647 7 10 0.03001512 
615 670 8 10 0.029983189 
343 632 8 9 0.029836183 
400 648 7 9 0.029803453 
490 710 8 10 0.029730452 
531 607 6 9 0.02972737 
921 688 8 10 0.02968129 
434 633 6 9 0.029648898 
981 514 22 29 0.029591087 
535 664 7 9 0.029478759 
527 711 7 9 0.029442208 
377 646 7 9 0.029434297 
522 655 7 10 0.029409762 
832 746 11 15 0.029403469 
670 704 6 8 0.029376175 
524 281 13 17 0.029141845 
679 554 14 17 0.028875057 
393 616 8 10 0.028856458 
585 672 7 10 0.028834226 
273 648 8 10 0.028707 
385 657 7 8 0.02859075 
995 510 24 35 0.028551359 
833 680 7 9 0.02847373 
401 669 8 10 0.02819432 
352 646 7 9 0.028075896 
782 658 10 13 0.027982803 
470 727 10 13 0.027890049 
955 748 14 18 0.02788774 
467 687 6 9 0.027656823 
586 662 8 9 0.027640989 
803 754 12 15 0.027618108 
744 684 11 16 0.027601095 
289 654 7 9 0.02743666 
672 648 7 10 0.027423618 
330 640 6 8 0.027390981 
530 736 7 9 0.027323492 
542 752 8 9 0.027198967 
278 648 7 9 0.02702962 
550 661 7 10 0.026873084 
641 646 7 9 0.026870292 
465 679 7 9 0.026749736 
838 687 10 11 0.026740018 
327 631 7 10 0.026541043 
849 655 8 11 0.026007237 
680 336 10 12 0.025948448 
587 527 17 21 0.025930274 
878 693 11 14 0.025883652 
489 678 7 9 0.025697079 
595 315 13 17 0.025640981 
376 670 7 10 0.025601396 
330 680 9 11 0.025543617 
687 655 8 10 0.02542636 
327 695 8 10 0.025410138 
602 695 8 9 0.02535976 
578 672 6 9 0.025272692 
590 663 7 9 0.025209589 
553 696 8 11 0.024958761 
641 671 9 10 0.024871591 
797 668 10 13 0.024853446 
798 663 9 12 0.024716144 
609 638 7 10 0.024577403 
632 736 8 10 0.024539098 
368 640 6 9 0.02444556 
910 685 9 12 0.024357315 
647 644 7 10 0.024342941 
177 828 24 33 0.024323454 
328 609 7 10 0.024282394 
623 673 7 9 0.02427693 
342 680 8 11 0.024252802 
513 707 8 10 0.024119273 
288 649 7 9 0.024009433 
813 778 14 18 0.023868248 
717 662 8 11 0.023701662 
382 620 7 10 0.023697088 
341 685 8 10 0.023695804 
512 688 7 9 0.023673352 
553 708 7 9 0.023575211 
893 670 8 11 0.02335612 
615 638 8 10 0.023301696 
703 652 9 11 0.023248369 
288 631 7 9 0.023213385 
358 712 9 10 0.02319255 
872 694 10 14 0.023122296 
529 695 7 9 0.023121951 
313 648 7 9 0.023073733 
519 709 7 9 0.0228103 
703 308 12 15 0.022808108 
686 710 8 11 0.022790045 
345 639 7 9 0.022731042 
467 710 7 10 0.022714423 
535 654 7 9 0.02270236 
590 507 15 16 0.02254157 
712 656 8 9 0.022540286 
726 655 8 11 0.022519652 
559 671 8 10 0.022507314 
890 589 8 10 0.02247484 
718 677 9 10 0.022466507 
631 662 8 10 0.022447484 
833 686 9 11 0.022430468 
719 655 8 10 0.02241802 
393 648 7 9 0.022415083 
527 647 7 9 0.022388816 
353 663 8 9 0.02237196 
426 671 7 10 0.022363374 
319 654 7 8 0.022306686 
390 671 7 9 0.022294572 
828 591 8 11 0.022256663 
331 685 9 11 0.02219551 
560 749 9 11 0.0219118 
720 646 8 10 0.0218644 
345 671 7 9 0.021857074 
501 703 8 9 0.021834483 
465 648 7 9 0.021830253 
843 739 12 15 0.021786474 
694 663 8 10 0.021720193 
854 663 8 11 0.021718824 
887 664 8 11 0.02171241 
391 662 7 10 0.02157177 
785 772 10 14 0.021571737 
632 672 8 9 0.021551477 
776 684 9 12 0.021527382 
314 655 7 8 0.021446398 
687 703 8 10 0.021436056 
503 695 7 9 0.021272777 
649 726 7 9 0.02115271 
441 703 7 9 0.021145567 
454 654 6 9 0.02113195 
737 672 8 10 0.021126937 
959 768 18 23 0.021124138 
905 737 13 17 0.021030847 
489 704 7 9 0.021018067 
629 646 8 10 0.020956982 
653 672 7 9 0.020929769 
361 663 7 10 0.020926926 
947 738 13 16 0.020918544 
433 -5 40 32 0.020917788 
342 696 8 9 0.020882858 
429 700 10 11 0.020831091 
859 670 10 13 0.02077056 
471 648 7 8 0.020736165 
409 633 6 8 0.020734131 
298 638 7 9 0.020656617 
518 573 9 10 0.02064985 
310 625 8 9 0.020387096 
582 640 8 9 0.020341454 
907 756 19 25 0.020296158 
466 696 7 10 0.020228265 
756 671 10 13 0.020196378 
824 534 19 25 0.020166414 
630 639 7 10 0.020126993 
615 695 7 10 0.020098677 
