39_Ice_Skating_iceskiing_39_908
31
973 8 15 21 0.25590128 
436 461 8 12 0.21176 
406 160 80 74 0.20619383 
974 244 27 38 0.11465257 
402 122 116 134 0.10484157 
980 27 32 40 0.09016365 
399 185 63 61 0.08126481 
974 4 24 29 0.08071299 
403 203 43 34 0.07374228 
488 456 9 11 0.06443005 
983 35 43 62 0.05416987 
150 549 7 10 0.052657496 
976 5 37 46 0.049307168 
146 551 8 10 0.04697628 
998 0 19 16 0.04496312 
350 429 45 64 0.044510596 
762 3 16 17 0.03831308 
996 57 27 52 0.03589837 
358 119 228 211 0.03493438 
30 459 12 13 0.034523267 
421 135 9 11 0.03238897 
992 4 30 36 0.03217485 
418 479 9 11 0.028401788 
395 189 44 38 0.026646655 
223 471 52 58 0.02625819 
428 487 10 12 0.023513328 
723 406 35 37 0.022974726 
437 466 9 12 0.022955522 
769 58 15 20 0.022299036 
341 85 45 47 0.020489482 
432 465 10 13 0.020445881 
