39_Ice_Skating_iceskiing_39_696
19
363 213 25 26 0.98008037 
610 254 29 31 0.8869662 
354 315 13 14 0.10806824 
646 342 12 14 0.09850452 
576 358 11 14 0.09086716 
390 318 13 15 0.060154617 
596 413 11 13 0.04791908 
385 316 11 14 0.04400886 
642 361 9 11 0.04233702 
363 342 16 18 0.034840096 
357 332 13 14 0.028089467 
600 403 12 13 0.027696293 
354 346 25 29 0.024322595 
356 324 14 16 0.023925405 
383 308 13 17 0.023382992 
605 256 20 25 0.022872582 
607 239 29 36 0.022413693 
359 337 13 17 0.021468068 
609 358 9 11 0.020051302 
