39_Ice_Skating_iceskiing_39_495
21
456 65 57 68 0.9855627 
472 82 72 78 0.14366409 
611 157 31 40 0.13485537 
511 68 57 61 0.1284491 
676 50 112 131 0.052635465 
583 203 59 61 0.043805283 
622 120 31 33 0.03839152 
661 72 60 68 0.02654151 
451 63 37 52 0.025860168 
720 78 64 84 0.02490392 
550 206 60 58 0.024843495 
622 96 36 36 0.023830548 
779 52 40 45 0.023676692 
540 174 53 56 0.022971142 
595 240 43 41 0.022966007 
607 138 34 41 0.02275957 
715 493 32 35 0.022296084 
614 86 35 36 0.021999888 
870 247 50 73 0.021565935 
642 41 103 113 0.02051139 
604 102 34 35 0.020042134 
