39_Ice_Skating_Ice_Skating_39_252
93
717 181 30 35 0.9973912 
185 183 42 47 0.9894029 
514 176 23 28 0.9820774 
819 163 26 29 0.97855157 
474 184 23 28 0.9747848 
375 180 23 30 0.9589362 
322 176 23 29 0.94838053 
625 193 20 24 0.9468208 
413 168 21 26 0.8595478 
333 175 21 29 0.23937204 
898 136 17 22 0.1985637 
309 158 16 21 0.17834279 
523 181 24 30 0.15285458 
267 175 14 20 0.1496524 
301 213 22 28 0.13832635 
301 183 23 29 0.13713291 
546 163 16 19 0.11297016 
401 159 23 28 0.10890936 
394 158 17 22 0.10489417 
265 192 21 28 0.10461893 
346 178 15 23 0.10287235 
540 191 17 23 0.101472616 
584 346 11 13 0.094984785 
536 141 13 15 0.091509745 
267 186 16 22 0.08833947 
794 200 25 29 0.08733408 
423 170 16 23 0.08623153 
894 143 16 21 0.074135564 
519 150 10 13 0.072856255 
826 205 23 30 0.07112213 
295 162 14 19 0.06739572 
366 142 13 16 0.06365977 
304 164 21 27 0.061799727 
276 201 16 20 0.054514963 
315 169 21 29 0.05265728 
388 149 16 19 0.051526327 
437 170 14 20 0.050572358 
306 178 15 21 0.04746225 
853 174 12 17 0.046794917 
391 331 24 28 0.046635985 
593 301 11 14 0.044040665 
404 119 15 19 0.04106695 
533 135 21 25 0.040923536 
390 146 25 30 0.036950193 
444 166 14 18 0.034519374 
633 115 12 15 0.034423016 
546 140 11 14 0.0338318 
294 165 22 27 0.03290631 
301 196 17 21 0.03284824 
682 230 17 22 0.031396013 
609 183 16 21 0.031355467 
394 118 21 28 0.031298827 
322 229 22 26 0.030899951 
662 269 21 31 0.030054482 
386 179 20 28 0.029646661 
370 145 15 19 0.029250102 
615 187 23 29 0.028310688 
334 260 12 17 0.027739149 
477 159 12 14 0.027054176 
125 220 11 15 0.027032036 
592 294 11 14 0.026834754 
934 195 15 19 0.0267946 
586 127 9 10 0.026618207 
382 147 13 18 0.026476992 
329 263 27 38 0.025870515 
471 161 15 18 0.025833312 
526 345 9 10 0.025667164 
759 86 12 14 0.025493694 
300 446 16 19 0.024827687 
721 515 27 31 0.024739774 
400 113 9 12 0.02457621 
476 172 16 18 0.024275092 
300 157 18 20 0.024239406 
312 218 22 28 0.024064034 
692 227 17 23 0.024038121 
694 100 11 15 0.0237566 
388 134 23 27 0.023448601 
544 158 13 16 0.023258125 
365 152 18 20 0.022895131 
280 207 15 19 0.022675842 
962 75 21 28 0.022657244 
502 149 12 13 0.02263304 
647 179 14 17 0.022325404 
131 216 16 19 0.022243926 
807 165 26 31 0.022173267 
579 217 17 23 0.021959221 
550 150 11 15 0.021559315 
398 116 13 17 0.020769654 
904 133 15 20 0.020527808 
342 171 15 23 0.020476522 
2 250 9 16 0.02046713 
404 172 26 33 0.020208877 
273 177 15 20 0.020024396 
