39_Ice_Skating_Ice_Skating_39_417
25
319 245 64 80 0.9977748 
251 247 54 74 0.9977258 
503 282 69 88 0.99764806 
615 201 73 99 0.99552417 
478 165 14 20 0.9938232 
866 178 14 17 0.90482974 
370 166 16 19 0.84400487 
244 191 27 31 0.38735172 
980 165 10 12 0.25254118 
197 282 30 52 0.076216176 
424 207 9 11 0.06971121 
245 185 18 21 0.06715688 
976 169 13 19 0.058066126 
257 185 17 22 0.056915298 
257 708 28 35 0.05598509 
243 183 44 50 0.03416749 
390 218 27 45 0.033014044 
301 338 375 428 0.030029379 
989 168 10 13 0.029731153 
355 176 14 18 0.02713644 
981 175 16 19 0.02266952 
475 199 31 40 0.021837752 
483 191 27 34 0.021457892 
205 270 44 61 0.021239659 
312 180 12 15 0.02037773 
