39_Ice_Skating_iceskiing_39_349
25
815 284 52 62 0.99424815 
639 302 34 52 0.9282464 
740 547 207 252 0.19708532 
225 321 42 67 0.13548388 
427 320 30 37 0.051219605 
347 278 93 120 0.047102354 
516 572 30 32 0.041441053 
599 286 31 42 0.036184 
642 473 330 396 0.03419269 
492 305 16 21 0.032144707 
412 309 10 13 0.030448485 
426 307 27 35 0.02954199 
422 353 14 18 0.028419835 
433 305 18 22 0.028210122 
219 291 72 117 0.026785448 
765 619 137 152 0.02667894 
750 400 32 37 0.026267117 
421 324 12 15 0.02588248 
50 302 15 19 0.02457015 
-22 421 251 236 0.023427261 
596 274 25 36 0.022321848 
421 335 24 32 0.02162989 
400 308 51 72 0.0215805 
2 111 396 489 0.020382421 
429 293 48 66 0.020343075 
