39_Ice_Skating_Ice_Skating_39_388
18
239 338 96 119 0.9996101 
451 311 103 143 0.99958485 
883 341 66 86 0.9985964 
779 359 66 92 0.9976059 
35 294 67 94 0.9970427 
383 313 69 89 0.9968832 
200 289 63 82 0.9155525 
648 375 56 70 0.8480811 
423 307 87 117 0.51415795 
461 344 407 473 0.22327918 
213 303 85 115 0.16798492 
986 367 30 43 0.06443206 
845 442 44 61 0.045335893 
616 336 88 122 0.028199118 
828 460 57 69 0.025566211 
1012 423 14 26 0.02493852 
986 377 36 64 0.021354035 
509 443 237 312 0.02050968 
