39_Ice_Skating_Ice_Skating_39_992
181
295 844 58 73 0.9994691 
955 581 55 65 0.9994591 
9 635 58 70 0.998938 
663 471 60 74 0.9988845 
157 807 52 64 0.99885 
167 279 51 59 0.99882954 
728 732 61 73 0.99859816 
776 602 60 70 0.998442 
306 256 58 78 0.9982962 
536 722 72 91 0.99811256 
834 123 54 72 0.99794453 
422 19 52 71 0.99791914 
749 1 50 58 0.9977888 
115 40 54 69 0.9976922 
937 246 46 65 0.99754435 
383 383 45 57 0.99636555 
823 479 48 61 0.9945312 
328 470 59 71 0.994121 
613 266 46 58 0.9927275 
804 254 47 55 0.9922288 
900 705 56 75 0.9911486 
728 369 49 57 0.98845226 
463 265 46 54 0.98522735 
904 28 43 53 0.97900224 
569 369 49 53 0.9787006 
25 380 48 54 0.9786511 
383 141 47 56 0.9781305 
284 425 40 60 0.95450586 
212 617 48 62 0.9110798 
274 673 77 96 0.8998536 
338 370 34 41 0.8283073 
218 171 46 57 0.77456266 
995 456 28 68 0.7597065 
857 447 31 38 0.70793176 
223 355 55 72 0.5665891 
284 51 46 51 0.5204293 
478 150 50 59 0.38381287 
0 361 31 45 0.35348436 
192 494 130 131 0.34781078 
314 379 27 31 0.29014665 
892 4 31 35 0.26159823 
259 206 25 39 0.23567532 
883 413 29 31 0.21255378 
71 696 58 70 0.210631 
16 136 39 51 0.1947249 
94 166 38 43 0.19445963 
397 574 102 133 0.19125871 
199 583 86 107 0.17859371 
52 177 30 34 0.16643815 
284 481 81 110 0.16306303 
853 78 38 44 0.16248049 
680 448 35 40 0.120401494 
341 422 43 53 0.117941946 
850 728 47 60 0.11557221 
993 122 32 68 0.11193579 
730 694 53 65 0.10205746 
0 555 24 57 0.101750456 
427 350 43 59 0.09907294 
233 185 43 53 0.09641407 
911 8 49 55 0.09481828 
722 344 37 43 0.09390312 
772 831 103 135 0.091148615 
885 614 33 41 0.085514516 
222 827 46 57 0.08391828 
184 442 46 51 0.07578123 
0 61 20 46 0.0753703 
115 424 219 303 0.0720904 
521 4 50 59 0.07180297 
21 130 26 32 0.06587636 
324 374 35 43 0.06502052 
312 455 52 73 0.06492352 
578 65 59 69 0.06220069 
843 678 47 50 0.061632887 
231 220 29 35 0.061169863 
273 10 31 36 0.060102057 
69 132 24 36 0.059996523 
0 739 48 100 0.05809803 
38 156 39 51 0.0573391 
109 499 49 55 0.056228098 
925 -2 38 36 0.055841368 
349 404 30 40 0.054813985 
0 42 19 39 0.05429042 
245 212 31 39 0.052019365 
253 811 43 55 0.051652752 
282 93 51 62 0.05066464 
84 678 68 73 0.0488409 
438 245 36 45 0.047181245 
543 20 26 36 0.046919875 
341 140 46 60 0.046407446 
832 711 56 60 0.045781855 
810 428 18 22 0.044613916 
258 180 43 56 0.04449245 
449 548 103 135 0.04398286 
66 706 37 52 0.043412372 
70 164 47 54 0.043367706 
329 395 43 56 0.042316787 
50 490 31 45 0.04226513 
661 -3 36 38 0.041935753 
654 816 86 106 0.04166138 
549 25 56 72 0.040768802 
355 376 43 54 0.040335193 
1 171 27 44 0.039725658 
356 401 44 56 0.039616354 
201 345 52 73 0.039246585 
515 -2 38 39 0.039165244 
510 -7 88 101 0.03880093 
217 622 87 97 0.037876964 
840 97 49 63 0.03637576 
202 761 48 57 0.036336668 
354 917 41 57 0.036031816 
904 0 39 39 0.034351848 
508 268 46 60 0.03429893 
546 35 86 109 0.033466846 
430 232 29 47 0.03322981 
114 710 36 41 0.032948945 
739 685 38 48 0.032653093 
775 125 44 62 0.032414824 
837 758 61 74 0.03204559 
12 349 383 453 0.030955207 
741 550 50 56 0.029548818 
431 443 45 56 0.029460663 
553 43 29 40 0.029204873 
332 432 32 38 0.029169979 
652 0 29 26 0.02870097 
5 155 33 45 0.02846213 
136 796 53 69 0.028367506 
92 135 40 44 0.028328221 
754 563 56 66 0.02802258 
292 510 206 284 0.027659208 
824 740 53 58 0.026562935 
773 779 54 71 0.026441362 
776 741 52 60 0.026354583 
501 146 43 55 0.026336545 
865 700 52 67 0.026235245 
251 384 50 73 0.025823101 
0 526 51 96 0.0258005 
833 716 81 93 0.02578255 
882 688 50 68 0.02561744 
683 331 17 23 0.025570482 
503 270 31 44 0.025163691 
128 485 50 60 0.02473768 
817 -1 28 23 0.02466044 
473 123 77 102 0.024646642 
55 486 48 58 0.024379533 
8 347 27 39 0.024166191 
113 378 48 63 0.02414127 
53 715 50 74 0.024101073 
360 127 49 64 0.02409376 
266 37 81 93 0.023783559 
647 4 50 69 0.023386972 
974 -2 22 20 0.023212068 
189 618 52 68 0.02316356 
94 712 62 68 0.022931812 
554 351 51 61 0.022754923 
42 359 28 36 0.022625329 
363 365 30 38 0.02251528 
18 735 53 85 0.022410473 
552 19 17 23 0.022388268 
14 135 17 23 0.022371747 
369 475 55 63 0.022323152 
674 3 48 62 0.022305124 
486 271 37 48 0.022274787 
802 733 50 55 0.022236576 
243 434 33 40 0.02217209 
332 133 36 50 0.02206105 
92 464 90 110 0.022051377 
673 419 37 43 0.021976817 
100 753 52 68 0.021801278 
557 49 17 23 0.021777159 
91 1141 57 68 0.02149876 
800 426 30 35 0.02140912 
352 111 46 59 0.02139747 
140 343 87 96 0.021252243 
107 791 53 67 0.02118098 
332 456 37 47 0.020758646 
355 424 52 60 0.020718878 
242 475 65 76 0.02062658 
178 343 50 63 0.020424861 
561 -1 20 14 0.020247161 
118 204 45 59 0.020197418 
109 467 55 69 0.02004252 
