39_Ice_Skating_iceskiing_39_819
29
287 267 75 98 0.9948443 
696 682 50 58 0.35238293 
416 257 28 31 0.13037902 
642 205 203 267 0.08438042 
718 281 47 68 0.0839963 
446 237 13 17 0.07637448 
505 289 23 36 0.06712499 
412 496 52 59 0.06495438 
264 231 363 445 0.045989696 
678 272 98 120 0.044989627 
717 680 34 42 0.04247766 
413 263 56 55 0.04120342 
362 384 202 259 0.036681663 
746 237 89 147 0.03617998 
831 839 85 108 0.035366148 
445 33 409 467 0.034614004 
440 235 24 26 0.030099092 
515 287 15 25 0.029715603 
720 274 35 43 0.027699694 
884 882 36 45 0.027420005 
407 483 129 144 0.026624009 
712 838 144 152 0.02522087 
805 884 34 37 0.02511008 
425 244 29 33 0.024357766 
422 243 59 57 0.021527197 
424 327 33 35 0.021199264 
779 159 27 37 0.021047762 
927 737 41 43 0.020336647 
716 746 96 112 0.020304957 
