39_Ice_Skating_Ice_Skating_39_169
84
330 830 35 46 0.8471558 
239 783 20 25 0.6833654 
911 706 52 50 0.36398765 
659 1105 23 29 0.14851344 
401 876 9 12 0.14498371 
814 849 13 16 0.13391513 
938 905 13 17 0.12919924 
380 857 11 14 0.12190894 
550 839 9 10 0.107037425 
511 845 8 10 0.088318154 
904 695 42 47 0.0845793 
497 856 8 9 0.08114592 
356 663 20 28 0.076540865 
625 853 8 11 0.07468178 
220 814 11 15 0.069629975 
578 580 412 466 0.05797564 
520 856 8 10 0.057937786 
533 840 11 12 0.054189194 
874 900 12 15 0.05414434 
387 648 16 23 0.04735818 
274 641 27 32 0.04711104 
501 855 8 10 0.046812966 
520 847 7 10 0.04586028 
217 820 11 14 0.042340025 
518 912 9 10 0.04210367 
349 671 17 22 0.041883726 
520 861 9 11 0.04161409 
666 1118 30 31 0.04158198 
388 621 12 15 0.041490637 
536 877 8 10 0.04084397 
573 837 10 12 0.040754013 
541 871 8 10 0.04035105 
654 1103 16 25 0.039909262 
406 851 9 12 0.039121307 
525 625 14 19 0.038722284 
494 840 8 10 0.038287774 
293 1227 58 81 0.038029738 
552 856 8 8 0.036673456 
734 707 13 17 0.03398056 
382 654 20 28 0.03349997 
544 839 9 11 0.03211614 
789 797 11 14 0.032091107 
926 722 41 47 0.032083154 
388 696 14 20 0.03128337 
512 872 7 10 0.031046268 
270 848 16 18 0.030823018 
505 846 8 10 0.030727016 
513 856 7 10 0.02963326 
200 848 9 13 0.029611591 
459 663 16 19 0.02942446 
363 656 23 29 0.029115587 
514 860 7 10 0.029093748 
625 849 7 10 0.028881377 
526 855 7 9 0.027752798 
405 872 9 12 0.027695457 
658 910 8 11 0.026304334 
518 839 10 12 0.02573147 
314 671 16 22 0.02516421 
776 892 9 11 0.024662532 
374 853 20 24 0.024308704 
422 856 8 10 0.024265207 
528 845 8 11 0.024106018 
684 1087 27 33 0.023813708 
632 840 7 9 0.023675703 
329 653 26 32 0.023479328 
526 904 8 11 0.02339811 
455 879 10 12 0.023285456 
43 740 14 17 0.022804208 
839 844 13 16 0.022629075 
315 661 26 34 0.0223775 
472 844 11 14 0.022348465 
547 -3 410 490 0.022333438 
263 842 30 35 0.021971572 
719 706 37 44 0.02184469 
505 841 8 9 0.021833435 
528 839 10 12 0.02167334 
541 864 8 10 0.021200934 
661 1146 51 63 0.021120382 
559 847 7 10 0.020527346 
336 851 20 27 0.020494336 
662 839 8 11 0.020480346 
441 855 7 9 0.020383885 
551 845 9 10 0.02031012 
821 896 10 13 0.020079518 
