39_Ice_Skating_iceskiing_39_348
34
967 631 12 16 0.7996975 
906 631 10 13 0.60551375 
602 301 22 33 0.60260206 
1005 641 13 18 0.11446747 
250 43 27 32 0.09184846 
589 305 28 30 0.07309478 
141 492 172 238 0.06898079 
723 319 15 18 0.06741062 
750 302 171 113 0.06504604 
322 49 37 43 0.06265124 
288 479 181 265 0.058589414 
81 436 15 19 0.049451966 
883 834 40 51 0.045886226 
91 997 13 14 0.042291846 
53 990 10 13 0.04054404 
902 644 10 11 0.040141437 
693 640 42 56 0.037286658 
755 192 222 229 0.0325411 
198 293 358 418 0.032301974 
597 309 32 46 0.031641085 
49 919 10 12 0.029113228 
54 941 9 12 0.027458899 
52 923 10 13 0.026318578 
945 646 9 11 0.025541043 
199 562 12 14 0.025539676 
904 625 10 13 0.024837188 
918 646 9 11 0.024541173 
308 426 13 16 0.024346257 
981 628 10 13 0.023493322 
953 661 8 11 0.022737637 
956 -4 53 47 0.022205308 
587 322 41 58 0.021594811 
911 645 10 11 0.0211574 
961 632 14 17 0.02109127 
