39_Ice_Skating_iceskiing_39_541
33
451 279 124 113 0.9909016 
590 150 31 36 0.32571766 
568 161 60 63 0.2360621 
218 388 99 94 0.18260801 
595 146 20 22 0.174044 
891 627 45 51 0.11310451 
474 97 30 38 0.11161364 
244 413 108 100 0.069754936 
547 137 92 105 0.047056723 
539 155 23 34 0.03828184 
210 315 62 50 0.037093457 
243 368 73 72 0.03510913 
846 437 42 59 0.033486456 
563 134 58 57 0.033113446 
938 673 17 18 0.03215628 
265 383 71 80 0.030825987 
177 260 120 112 0.03052485 
591 176 54 56 0.030021006 
510 68 28 36 0.028083505 
683 638 38 47 0.028045366 
437 66 50 67 0.02643703 
318 0 31 31 0.02631565 
981 23 25 30 0.025801698 
130 245 34 38 0.02439847 
210 199 26 32 0.023931786 
422 116 188 251 0.022638302 
539 318 100 118 0.021167794 
203 204 59 65 0.021102987 
843 -2 35 27 0.020934567 
765 505 53 65 0.020672273 
216 333 36 33 0.020662395 
184 198 95 109 0.020622648 
577 159 37 37 0.02015723 
