31_Waiter_Waitress_Waiter_Waitress_31_788
45
458 -2 58 62 0.99886924 
711 213 51 92 0.9876217 
165 190 50 78 0.9836939 
243 188 36 73 0.4354695 
362 181 42 58 0.35311463 
207 1 34 28 0.30493134 
263 4 29 35 0.24262314 
889 243 16 21 0.15522386 
54 224 73 74 0.08373791 
869 117 23 28 0.074650384 
208 195 49 81 0.07341182 
128 355 60 63 0.050646592 
141 196 58 84 0.04488299 
878 124 25 31 0.040768743 
202 134 14 19 0.04026244 
184 202 51 80 0.03810508 
309 1 18 15 0.037286263 
236 216 35 60 0.037058078 
892 121 26 34 0.036577553 
405 329 45 47 0.036464438 
849 279 18 20 0.035915963 
509 261 238 276 0.03518035 
334 109 13 16 0.03438835 
890 253 17 22 0.033550553 
91 216 59 77 0.03226813 
299 2 27 24 0.03057768 
106 94 35 44 0.030448558 
81 3 29 34 0.02952697 
407 0 43 53 0.029176684 
684 230 63 83 0.02826371 
794 191 44 75 0.028024971 
248 0 36 30 0.027740601 
286 3 30 30 0.0271141 
506 7 47 52 0.02623401 
885 269 11 14 0.025713986 
882 167 27 34 0.024599262 
207 75 21 30 0.024515744 
303 431 14 19 0.021914832 
173 184 30 57 0.02180868 
889 289 31 44 0.021804392 
110 88 26 31 0.021774026 
930 243 28 34 0.021676103 
190 141 11 14 0.021274252 
354 0 34 33 0.020444188 
1008 214 11 13 0.02028777 
