31_Waiter_Waitress_Waiter_Waitress_31_118
18
369 92 163 199 0.9971872 
390 789 9 12 0.08916432 
132 170 12 16 0.06069588 
691 17 11 16 0.047611263 
950 534 12 16 0.04736331 
820 752 25 29 0.046687923 
427 767 16 17 0.030792622 
668 18 11 14 0.029048689 
360 770 52 58 0.02894169 
14 323 429 505 0.028330851 
668 551 123 98 0.02685066 
917 254 23 30 0.026653584 
780 758 12 16 0.024237296 
809 732 44 55 0.023313189 
952 539 23 28 0.023077607 
660 343 22 27 0.022687089 
934 534 11 13 0.022310937 
663 15 12 16 0.020461319 
