31_Waiter_Waitress_Waiter_Waitress_31_818
24
180 108 123 164 0.99979955 
723 129 67 88 0.9995865 
773 54 61 77 0.99802256 
639 83 62 82 0.9950524 
578 61 60 93 0.9909185 
434 163 76 122 0.9457912 
130 127 43 62 0.5570461 
891 94 56 62 0.29350182 
967 57 52 81 0.05776162 
191 2 49 30 0.051949676 
558 352 27 34 0.04911915 
106 92 52 70 0.035320308 
603 62 71 96 0.032798212 
516 362 26 31 0.03262649 
564 346 16 18 0.032071326 
567 364 28 33 0.028244052 
114 116 73 98 0.026318565 
615 358 43 49 0.02520212 
907 121 42 45 0.023489915 
421 155 62 94 0.022308057 
888 75 95 111 0.021792293 
886 115 39 47 0.021549027 
549 340 44 54 0.021350848 
273 276 56 58 0.020747537 
