31_Waiter_Waitress_Waiter_Waitress_31_484
30
334 176 109 146 0.99993825 
574 72 120 172 0.99986553 
126 712 11 13 0.18402512 
87 704 8 9 0.0992489 
130 681 7 9 0.09040628 
95 683 10 13 0.082939 
112 692 9 11 0.067804195 
577 462 145 181 0.047473826 
159 696 10 12 0.044812582 
119 719 9 11 0.03643543 
28 740 9 11 0.0350255 
116 739 12 15 0.03388082 
89 727 9 11 0.03339248 
103 712 8 9 0.02751632 
100 680 9 11 0.02745824 
153 701 10 11 0.025941145 
64 691 9 11 0.025243921 
113 720 9 10 0.024284614 
118 689 7 9 0.024164455 
61 735 10 13 0.02292975 
110 711 8 9 0.022776533 
117 693 9 10 0.022423694 
81 676 8 9 0.022406936 
164 695 10 11 0.021581013 
94 704 7 9 0.021237824 
73 710 10 13 0.020888101 
61 740 11 15 0.020619348 
134 685 8 10 0.020497184 
77 716 9 12 0.020301431 
144 718 10 12 0.020019803 
