31_Waiter_Waitress_Waiter_Waitress_31_842
21
348 148 171 231 0.9994092 
752 588 137 215 0.99245995 
305 559 381 448 0.12576498 
809 552 54 80 0.12228938 
374 903 474 399 0.07514858 
288 1361 149 164 0.066223264 
575 1122 451 484 0.054300036 
237 379 40 55 0.04840307 
789 561 104 155 0.045984905 
494 76 501 449 0.045525383 
406 944 257 248 0.042712957 
219 984 410 507 0.03799898 
512 705 100 105 0.029872919 
283 781 403 444 0.029653259 
-48 -35 380 523 0.02811979 
424 701 222 225 0.027471494 
103 362 408 435 0.025046272 
111 703 434 467 0.024087252 
807 549 39 51 0.024035491 
188 1058 131 133 0.02294874 
826 627 114 183 0.022707935 
