31_Waiter_Waitress_Waiter_Waitress_31_351
64
301 161 140 192 0.99953926 
869 77 52 65 0.9965752 
147 146 35 43 0.96820843 
84 146 27 44 0.518287 
134 146 29 42 0.22783026 
785 197 16 20 0.1942242 
538 164 368 468 0.12984242 
27 91 13 17 0.09880386 
529 137 17 23 0.07636876 
632 62 43 59 0.068362206 
195 124 29 33 0.06593092 
870 373 14 21 0.06089752 
621 77 9 11 0.05952305 
675 95 15 18 0.058994714 
23 183 23 36 0.0532557 
779 202 20 24 0.050360497 
740 362 12 13 0.049628183 
212 121 24 28 0.044785228 
485 170 12 15 0.044672627 
725 125 14 18 0.0446003 
21 247 22 41 0.043346733 
658 64 18 22 0.04305263 
91 140 38 53 0.040982477 
836 157 15 18 0.038728066 
734 180 11 12 0.038368676 
725 296 120 171 0.03618607 
538 176 13 17 0.03602043 
816 328 9 11 0.035385385 
183 104 47 58 0.033416506 
788 334 11 14 0.032605935 
200 146 25 30 0.032153893 
479 132 26 34 0.03130382 
753 377 19 20 0.031227866 
78 159 25 39 0.03007255 
583 211 14 17 0.02961832 
832 158 12 14 0.028464029 
532 139 23 28 0.02835378 
545 146 14 18 0.028327113 
686 237 204 276 0.02815728 
166 152 28 34 0.026298614 
728 198 9 11 0.02619321 
448 135 26 38 0.026125623 
197 157 14 18 0.02561013 
971 73 23 33 0.024938155 
654 101 11 14 0.024389561 
501 180 10 14 0.024011914 
804 158 15 18 0.023965565 
849 202 26 30 0.023750924 
608 175 10 13 0.023652824 
25 26 10 14 0.023300897 
51 24 15 17 0.023298932 
939 96 30 37 0.02276238 
24 195 28 39 0.02195493 
956 190 40 54 0.021946523 
574 71 10 12 0.021940686 
596 19 407 466 0.021527544 
693 94 11 15 0.021064496 
94 58 15 20 0.020780355 
784 197 26 34 0.020578263 
786 190 15 18 0.020573646 
509 169 14 18 0.020485172 
733 187 11 14 0.020164032 
85 162 35 48 0.020090692 
821 216 14 17 0.020041702 
