31_Waiter_Waitress_Waiter_Waitress_31_915
39
463 195 113 164 0.99979407 
941 558 24 30 0.9639698 
619 215 219 296 0.118544 
714 292 93 117 0.113297485 
114 513 16 18 0.1011708 
40 463 11 13 0.0889735 
37 475 14 16 0.0819367 
1001 640 21 34 0.07243768 
521 210 374 462 0.06590356 
981 554 16 20 0.059970457 
21 505 12 15 0.053837545 
56 487 9 11 0.05066972 
171 532 12 15 0.0492631 
118 494 9 10 0.044122133 
22 484 11 14 0.038727585 
20 461 11 14 0.037741236 
676 337 46 52 0.03319552 
124 515 16 16 0.033152297 
88 621 23 29 0.031358175 
581 361 26 33 0.028444296 
580 -1 190 241 0.027484568 
974 584 26 32 0.026969736 
562 609 18 20 0.026588583 
36 490 12 15 0.02542341 
971 579 16 20 0.025158133 
17 507 11 15 0.024837762 
711 320 57 71 0.024424296 
630 338 48 52 0.024116654 
30 482 13 16 0.02357182 
96 601 13 15 0.022676231 
29 501 12 15 0.0226633 
5 579 15 18 0.022627953 
13 566 11 14 0.02212281 
33 468 12 14 0.021729182 
47 559 10 13 0.021188283 
10 573 14 17 0.020679096 
61 572 11 14 0.020625578 
31 462 11 14 0.020551905 
1001 104 9 12 0.020461155 
