31_Waiter_Waitress_Waiter_Waitress_31_358
50
308 279 63 74 0.9994566 
500 277 67 105 0.9961183 
804 170 80 86 0.99582785 
684 363 24 30 0.9786578 
174 309 42 62 0.96506715 
136 257 22 27 0.9495049 
359 358 53 70 0.5604886 
683 254 33 41 0.20806918 
618 418 12 15 0.15889981 
159 260 16 19 0.1102307 
660 247 48 58 0.07675162 
612 389 24 29 0.054616485 
580 365 16 20 0.04921248 
573 346 27 36 0.048529834 
148 311 58 78 0.04329448 
131 253 39 46 0.041654117 
629 400 16 21 0.041000076 
892 642 11 12 0.039585635 
365 16 448 547 0.03903807 
76 287 93 97 0.03458532 
606 376 25 31 0.03126057 
637 405 14 20 0.031232316 
412 304 48 65 0.030107124 
904 627 12 15 0.029203422 
615 407 20 26 0.028867152 
644 382 16 20 0.02800264 
674 404 18 21 0.027842328 
620 400 17 21 0.027005784 
698 344 9 12 0.026644083 
928 653 11 13 0.026435588 
154 278 50 68 0.025749072 
164 264 23 27 0.025502758 
944 618 12 13 0.025244374 
902 660 11 12 0.024879599 
790 605 31 39 0.024849933 
903 654 10 11 0.024555137 
161 279 25 36 0.02445837 
598 380 11 14 0.024084143 
631 357 11 14 0.023843974 
588 349 14 17 0.021441778 
202 253 13 16 0.021405255 
889 644 10 12 0.021330044 
956 638 10 12 0.02126268 
589 365 44 57 0.021075768 
450 302 31 51 0.020835074 
674 360 40 48 0.02058026 
691 405 13 16 0.020500012 
673 409 26 30 0.020197956 
892 654 12 13 0.020122008 
131 -14 519 442 0.02004195 
