44_Aerobics_Aerobics_44_688
30
265 276 214 309 0.999655 
721 464 91 171 0.9883555 
549 349 75 133 0.9698341 
789 374 132 201 0.907474 
749 416 121 199 0.63350767 
641 1113 366 399 0.21836281 
48 469 519 592 0.19054917 
719 568 381 437 0.17375712 
-7 993 426 477 0.05800788 
628 1009 141 124 0.052200742 
571 536 82 105 0.050773278 
323 131 127 123 0.04797069 
505 340 93 144 0.04148394 
74 45 378 450 0.03817929 
632 375 157 250 0.03566636 
546 600 126 123 0.035638083 
215 -11 372 467 0.03312912 
974 1271 52 73 0.033010002 
704 1085 65 72 0.032386206 
826 1129 29 36 0.029436493 
879 769 31 38 0.029249221 
882 1050 16 20 0.028602436 
848 710 34 44 0.028412739 
238 72 268 258 0.027363796 
995 1139 27 37 0.025201686 
570 -24 365 417 0.02420711 
924 1202 43 52 0.02123847 
605 860 382 403 0.020632278 
387 136 46 38 0.02046738 
532 303 133 198 0.020248579 
