44_Aerobics_Aerobics_44_3
42
570 132 26 38 0.834161 
706 153 23 34 0.49603236 
396 170 22 34 0.3831039 
164 167 30 36 0.37839156 
409 169 21 28 0.18572526 
576 99 13 19 0.14470807 
325 189 27 39 0.09975462 
803 130 30 38 0.09773053 
418 165 15 20 0.080945894 
436 128 10 13 0.07245175 
583 140 28 30 0.066716745 
467 180 14 21 0.06388386 
727 154 27 34 0.059554998 
676 78 37 51 0.050005697 
382 169 29 44 0.039262168 
332 198 16 23 0.039190564 
325 184 13 18 0.038327124 
317 179 25 36 0.035580393 
327 296 28 36 0.035567716 
554 135 35 46 0.032728586 
593 144 26 32 0.030633917 
740 159 23 34 0.029006097 
485 187 20 27 0.028249614 
330 187 13 19 0.027034977 
457 168 22 33 0.026830295 
469 183 21 28 0.026689395 
454 139 12 18 0.026634045 
622 150 11 15 0.026437866 
691 152 31 39 0.025829827 
213 174 18 33 0.025760334 
475 178 15 19 0.024837123 
573 142 45 61 0.024103798 
611 288 463 403 0.02403449 
390 184 11 18 0.0233952 
686 274 44 44 0.023156669 
323 163 11 14 0.023021145 
153 164 27 37 0.02270548 
309 186 24 37 0.022250565 
744 155 18 23 0.021338506 
784 124 43 48 0.021130687 
760 369 28 39 0.021053154 
327 126 11 14 0.02021812 
