44_Aerobics_Aerobics_44_66
20
904 230 29 40 0.9995915 
780 202 48 60 0.9992805 
435 235 36 48 0.9992188 
254 142 68 97 0.9971433 
676 195 40 42 0.98692256 
90 256 16 19 0.972728 
474 260 22 28 0.9612041 
334 197 41 51 0.18842411 
54 268 56 61 0.10002137 
627 621 17 17 0.051294588 
315 168 78 100 0.04932394 
239 166 21 35 0.0473861 
569 349 507 350 0.04147992 
575 150 47 59 0.03580073 
344 205 51 66 0.033599336 
31 247 98 97 0.028575718 
75 67 33 33 0.022147944 
261 370 49 37 0.021421686 
458 541 31 37 0.020778773 
576 153 14 19 0.020406594 
