44_Aerobics_Aerobics_44_916
58
248 307 48 57 0.9980292 
519 315 48 57 0.9977062 
371 198 42 53 0.99629337 
343 182 34 47 0.99583167 
702 301 47 56 0.99555355 
493 64 44 61 0.9951616 
790 199 43 50 0.9914664 
618 201 41 51 0.9906598 
489 190 37 45 0.97962874 
130 205 44 51 0.9756236 
596 196 28 35 0.62538284 
469 565 28 34 0.5431064 
718 204 37 53 0.34326044 
460 192 27 36 0.3380923 
547 583 49 47 0.29863933 
723 229 38 54 0.12155305 
522 518 27 32 0.093558036 
518 224 22 29 0.078692906 
557 254 30 39 0.063770026 
851 149 91 131 0.06323625 
852 176 54 75 0.060455464 
553 267 36 48 0.055112217 
473 226 24 31 0.05310088 
467 204 27 36 0.049333476 
473 198 39 46 0.048208427 
585 206 28 37 0.044921186 
500 204 30 40 0.040164433 
442 459 30 44 0.0389122 
531 227 25 32 0.038043067 
709 249 44 54 0.03792532 
471 554 19 21 0.037252456 
590 538 48 64 0.03513615 
538 233 16 20 0.03509461 
392 567 36 46 0.03394186 
441 280 32 42 0.033830445 
203 271 41 53 0.033576753 
706 216 41 58 0.032905042 
334 553 31 37 0.032766853 
646 460 30 44 0.03154661 
627 436 46 67 0.031511843 
588 539 32 41 0.030571407 
698 278 46 56 0.029366156 
321 174 43 59 0.029304225 
105 141 17 22 0.029196247 
570 556 51 63 0.027983699 
546 263 29 39 0.0271787 
783 364 29 47 0.02697988 
234 109 11 15 0.026930416 
570 222 36 49 0.026541555 
422 236 37 51 0.026449243 
199 295 43 56 0.024770822 
605 427 49 69 0.024655271 
620 365 38 40 0.023689471 
465 300 31 43 0.023423567 
420 227 24 36 0.022890322 
293 333 28 45 0.021136388 
579 191 30 39 0.020874763 
27 112 15 21 0.020739574 
