44_Aerobics_Aerobics_44_629
22
349 258 57 70 0.99906224 
552 259 52 67 0.99875176 
828 245 47 61 0.99654156 
712 282 53 68 0.9964037 
323 94 39 53 0.986782 
265 75 17 19 0.13909315 
94 661 37 43 0.08641252 
764 298 34 51 0.06566435 
664 316 36 55 0.061391883 
825 627 56 70 0.05250195 
797 605 60 69 0.03620508 
282 83 13 17 0.034477353 
269 78 22 26 0.03215765 
658 643 15 18 0.030610323 
413 108 25 34 0.030305644 
669 624 17 19 0.02870212 
656 644 27 35 0.027631702 
790 578 103 123 0.026623972 
792 609 39 49 0.023741484 
119 154 369 449 0.023075273 
733 622 24 31 0.021387607 
741 282 44 61 0.020535795 
