44_Aerobics_Aerobics_44_216
64
727 64 24 35 0.9871896 
150 382 22 32 0.88456035 
794 79 15 19 0.8771412 
338 252 29 37 0.81368476 
588 138 31 34 0.65273696 
235 392 13 16 0.6072389 
201 378 21 31 0.25942028 
581 135 24 34 0.25422728 
81 474 15 19 0.16143751 
753 16 101 90 0.124108605 
161 392 22 28 0.11113956 
836 18 17 21 0.105835825 
734 75 29 35 0.09277148 
827 21 27 38 0.0914847 
575 13 431 517 0.089506656 
165 398 26 30 0.07981974 
767 61 10 14 0.07683482 
388 208 474 447 0.069300726 
212 380 22 29 0.06674077 
227 411 12 17 0.06079454 
75 465 23 33 0.057717998 
325 340 14 14 0.056593392 
772 37 58 62 0.05636627 
717 54 43 54 0.055468574 
355 220 29 41 0.04755242 
333 239 25 43 0.04739241 
315 363 12 15 0.04733515 
727 60 15 24 0.04697449 
179 432 43 53 0.04599909 
232 396 23 30 0.043420903 
796 43 44 45 0.04248047 
345 243 42 43 0.037064817 
411 187 18 24 0.036706503 
759 64 23 30 0.03538446 
263 145 395 468 0.035316773 
566 165 22 31 0.031580523 
8 253 351 434 0.031558465 
218 392 15 20 0.029846128 
364 221 44 49 0.029672068 
0 337 19 28 0.028518684 
242 409 17 22 0.027435143 
792 65 26 29 0.027332788 
2 373 31 39 0.027073676 
365 242 45 47 0.026681148 
221 405 22 28 0.026520588 
195 367 23 33 0.026439482 
678 131 15 20 0.026276583 
256 358 30 34 0.026271872 
58 450 43 53 0.025713896 
241 394 12 16 0.025562404 
13 337 31 36 0.023726324 
373 204 33 38 0.02367538 
576 147 29 36 0.023341311 
400 192 29 33 0.023265416 
192 380 21 29 0.023009904 
177 427 27 37 0.022995178 
38 456 55 68 0.022922754 
170 410 28 35 0.022094715 
650 123 15 20 0.021664077 
196 363 17 22 0.02132767 
204 497 218 238 0.021150658 
323 332 25 29 0.02085154 
827 42 191 255 0.020529892 
235 415 17 21 0.02004974 
