44_Aerobics_Aerobics_44_585
43
820 209 35 47 0.9958372 
530 185 28 39 0.98101693 
180 206 27 39 0.97511315 
594 171 24 32 0.8002763 
309 151 27 32 0.6452715 
283 193 36 54 0.53134596 
243 142 29 34 0.19625281 
295 154 25 31 0.105803095 
84 395 204 296 0.100180745 
344 163 23 32 0.0955067 
285 156 22 30 0.09030663 
525 195 37 51 0.072952494 
251 150 29 42 0.05045513 
929 224 28 33 0.049697362 
323 153 29 34 0.049170814 
124 166 21 27 0.04197046 
693 239 15 18 0.038321745 
339 152 22 32 0.037536915 
342 148 16 20 0.03730757 
238 235 40 53 0.036038592 
170 197 14 20 0.035282165 
102 168 11 13 0.032533087 
330 155 39 48 0.031361252 
270 216 35 48 0.030976068 
285 185 26 39 0.029753445 
626 185 28 37 0.029728854 
271 152 28 39 0.028897014 
243 229 26 33 0.028435037 
393 362 237 332 0.02829819 
183 181 13 16 0.02801748 
315 177 29 33 0.027070995 
589 175 19 24 0.025879167 
188 179 15 19 0.0257985 
292 168 46 62 0.025310885 
253 211 30 36 0.024465969 
171 199 24 35 0.024039734 
421 180 35 53 0.022744482 
664 136 45 60 0.022661097 
42 268 12 15 0.022100208 
264 204 31 42 0.021761905 
285 167 27 36 0.0217146 
269 242 28 39 0.02161012 
269 177 39 55 0.020935154 
