44_Aerobics_Aerobics_44_742
29
163 194 27 36 0.99936956 
775 256 27 36 0.9985714 
270 242 32 40 0.9981173 
461 134 37 50 0.9928946 
594 262 22 28 0.96673745 
702 241 29 34 0.9561415 
676 254 47 55 0.23237291 
706 228 24 30 0.15491222 
308 245 29 35 0.08161967 
570 242 15 18 0.073877655 
709 221 16 18 0.06410748 
700 234 20 23 0.040655684 
343 245 26 37 0.03535899 
37 199 10 13 0.033026848 
348 237 14 17 0.032630585 
369 243 19 24 0.031365085 
674 276 36 38 0.031246655 
341 225 16 21 0.02684947 
310 244 17 19 0.024456503 
343 216 19 20 0.023815144 
577 252 47 54 0.023412693 
312 256 50 66 0.023066496 
187 234 16 20 0.022831054 
235 287 42 53 0.022061035 
729 294 45 54 0.022005506 
342 241 17 20 0.021548122 
652 236 17 19 0.020988123 
722 255 16 20 0.02091285 
147 221 14 18 0.020566903 
