44_Aerobics_Aerobics_44_96
27
964 333 38 48 0.96572876 
515 348 18 22 0.9633571 
608 311 34 38 0.76054704 
167 102 46 77 0.40149572 
186 135 24 35 0.19152686 
385 381 108 122 0.15876408 
611 320 20 24 0.11623909 
453 376 26 35 0.09951063 
439 437 52 58 0.07491607 
405 379 64 70 0.060926482 
432 367 51 57 0.053858116 
355 456 15 20 0.049695726 
497 342 43 54 0.043446977 
417 377 31 34 0.041509256 
499 316 47 56 0.035589263 
499 370 12 17 0.03377337 
463 358 51 58 0.031636775 
891 399 25 41 0.028715895 
414 418 66 72 0.02755566 
520 312 31 34 0.027449299 
461 381 32 40 0.025091281 
532 328 13 17 0.023625372 
939 320 34 40 0.02337206 
945 328 40 52 0.021909188 
878 192 23 31 0.02139496 
553 304 40 52 0.021143699 
534 323 30 38 0.020929692 
