44_Aerobics_Aerobics_44_332
131
427 305 29 35 0.9981341 
547 304 15 22 0.9836097 
748 305 15 20 0.9768571 
124 300 14 19 0.96348464 
180 306 22 26 0.9548559 
22 293 13 17 0.9380816 
75 300 10 13 0.91286165 
832 302 17 23 0.883501 
700 308 24 28 0.87485397 
986 303 14 16 0.85590905 
655 298 12 16 0.844482 
393 299 16 21 0.82747376 
208 298 14 20 0.8143593 
533 285 12 15 0.80649394 
869 302 11 14 0.78136224 
300 306 11 14 0.698432 
769 295 9 13 0.66192484 
238 290 16 19 0.6056734 
384 304 15 19 0.3802306 
49 310 9 11 0.29630467 
312 299 10 14 0.28803092 
36 335 10 12 0.28382808 
333 291 8 11 0.20733154 
670 302 11 13 0.1357024 
76 325 10 12 0.120322846 
644 326 10 14 0.11648935 
934 301 10 12 0.11326191 
940 323 12 16 0.11002798 
525 301 12 16 0.10419087 
329 289 9 12 0.10155421 
71 324 10 12 0.09651265 
232 290 14 18 0.09386485 
263 317 10 14 0.0930012 
933 296 9 11 0.07974523 
268 317 12 16 0.07613328 
648 295 10 13 0.071879014 
901 325 13 16 0.071458645 
565 361 12 16 0.069024846 
861 357 9 12 0.067923546 
274 344 9 11 0.066427946 
934 317 13 17 0.06381286 
66 323 10 12 0.0623579 
941 301 10 13 0.059866257 
866 294 10 12 0.05886652 
49 305 9 11 0.058621373 
-1 300 7 12 0.05672262 
535 306 14 18 0.054111827 
712 310 17 22 0.05351748 
47 313 12 16 0.053184327 
174 307 18 20 0.05282608 
314 293 12 14 0.049967997 
642 296 8 11 0.04992739 
928 318 11 15 0.0487164 
889 326 10 13 0.046169322 
646 319 11 14 0.045903306 
169 306 13 19 0.044970106 
675 302 10 14 0.04401539 
325 327 10 11 0.042340133 
488 334 23 30 0.04213696 
148 310 12 15 0.04122153 
538 290 13 17 0.040885337 
143 315 13 17 0.0391449 
192 299 18 26 0.039045647 
783 318 9 12 0.03896521 
930 300 9 11 0.03889396 
54 305 8 10 0.038635053 
297 262 9 11 0.0386277 
822 306 15 19 0.03816257 
700 300 19 24 0.03582136 
333 317 11 14 0.034981094 
780 349 13 17 0.034457162 
942 296 10 12 0.034412343 
947 324 11 15 0.03400977 
262 312 10 13 0.033685222 
754 302 11 16 0.033352092 
894 325 12 16 0.032996222 
862 287 9 12 0.032604285 
695 311 16 22 0.031998314 
88 323 9 12 0.031695027 
259 363 13 16 0.03149538 
527 291 13 16 0.03146833 
452 292 12 18 0.031129632 
994 326 14 17 0.030999927 
588 291 12 17 0.030723818 
769 372 10 13 0.03045236 
257 318 11 14 0.030428788 
48 322 10 12 0.030324643 
317 308 9 12 0.030067718 
946 389 9 12 0.029879877 
71 295 17 22 0.029480036 
343 316 10 15 0.029318722 
577 309 10 13 0.028690329 
88 310 9 12 0.02814568 
61 343 9 10 0.027660284 
585 286 10 13 0.027135728 
149 277 13 16 0.026928028 
284 286 10 12 0.025618436 
92 317 12 13 0.025535677 
103 310 11 15 0.025248064 
628 293 11 15 0.025202671 
775 318 10 12 0.025015244 
899 267 11 13 0.024933906 
349 315 12 17 0.02461974 
571 359 11 14 0.024590123 
774 324 9 12 0.024494832 
934 306 13 17 0.02446044 
767 290 16 21 0.024206992 
17 287 10 13 0.023954254 
710 292 24 31 0.023943525 
101 368 9 12 0.02388141 
93 311 10 13 0.023504833 
856 350 11 16 0.023329206 
958 356 10 14 0.023111375 
377 306 12 18 0.022887906 
255 322 11 15 0.022871172 
328 341 8 11 0.022717599 
838 298 13 17 0.022181973 
994 301 11 16 0.022168392 
518 294 11 17 0.02204014 
856 287 9 12 0.02167605 
72 304 11 14 0.021629648 
640 317 11 16 0.021383481 
318 286 11 14 0.021187779 
880 270 10 12 0.021056931 
693 301 14 19 0.020998096 
311 306 10 13 0.020964233 
947 299 11 16 0.020889947 
149 269 11 13 0.020886317 
781 340 11 16 0.020767279 
666 490 19 23 0.020609288 
270 358 11 14 0.0203186 
