44_Aerobics_Aerobics_44_127
36
782 253 39 54 0.9023461 
92 271 32 52 0.052621495 
249 296 14 18 0.05256698 
236 370 14 19 0.05217836 
1006 366 12 17 0.041106936 
645 393 32 31 0.03998295 
665 210 17 20 0.0369558 
701 428 37 36 0.034304213 
1002 370 10 13 0.033913005 
662 387 33 31 0.033866487 
718 244 31 40 0.032859877 
492 308 14 18 0.032784916 
540 305 15 19 0.032671466 
708 209 25 28 0.031331364 
667 218 18 20 0.031218195 
953 49 52 61 0.031082079 
279 316 10 14 0.03032892 
246 331 14 20 0.03006864 
681 181 23 31 0.029990446 
291 314 14 17 0.027506862 
533 307 12 18 0.02644513 
762 195 26 35 0.025521144 
612 293 24 32 0.02387171 
499 307 14 18 0.023870412 
645 392 18 22 0.023619685 
798 245 49 68 0.022818642 
477 383 32 36 0.022568377 
716 267 15 18 0.022401212 
141 169 11 15 0.02154933 
478 317 9 13 0.021443099 
318 310 11 15 0.021415211 
669 183 42 53 0.021366892 
615 293 12 16 0.020546652 
942 366 10 10 0.02034998 
223 230 11 15 0.020184027 
279 310 11 14 0.020077271 
