44_Aerobics_Aerobics_44_194
156
460 138 12 15 0.84924763 
732 84 14 16 0.38788876 
603 184 405 408 0.37705404 
643 154 15 21 0.32539275 
584 136 17 21 0.3177404 
846 195 15 18 0.291449 
695 93 10 13 0.27111068 
672 160 10 12 0.17047527 
641 97 13 18 0.15516327 
705 179 16 20 0.13734445 
580 143 17 21 0.13346009 
703 78 14 17 0.13100053 
670 82 15 17 0.12552153 
530 155 23 27 0.12270089 
192 267 38 37 0.12108902 
776 156 12 16 0.11610646 
696 159 12 14 0.11406893 
668 190 20 21 0.108740985 
604 136 13 17 0.105984636 
793 83 12 15 0.10412042 
943 144 10 12 0.10224143 
578 326 31 31 0.09737388 
637 148 16 19 0.089252144 
753 79 9 11 0.08358007 
398 158 12 15 0.08108936 
797 149 10 14 0.07952407 
573 149 15 18 0.07357152 
765 52 10 13 0.07174891 
571 244 17 19 0.06794913 
801 143 9 11 0.06637319 
677 142 12 15 0.060461365 
760 62 10 12 0.060337145 
464 139 14 19 0.058562614 
368 239 502 433 0.057715856 
421 155 13 18 0.055044033 
676 161 12 15 0.053069986 
760 148 11 13 0.052251127 
430 315 12 14 0.051163882 
806 150 10 13 0.050507676 
179 257 35 46 0.050210442 
658 250 17 21 0.0487224 
440 214 15 17 0.048572432 
594 136 16 19 0.047152843 
868 193 30 30 0.046940647 
698 89 14 17 0.046860438 
405 156 11 14 0.045947757 
415 156 11 14 0.045788836 
710 89 12 15 0.045425802 
691 237 18 23 0.045197997 
716 92 12 15 0.04331845 
667 170 13 17 0.04268725 
388 109 11 14 0.041795492 
780 151 11 13 0.041743543 
621 176 14 17 0.041416902 
650 218 16 20 0.04111084 
460 152 17 21 0.040915098 
763 143 10 13 0.038449273 
464 148 23 29 0.038262237 
640 124 12 14 0.037910838 
749 55 10 12 0.037328135 
630 148 14 17 0.036417104 
636 140 16 16 0.036243133 
577 381 38 41 0.03597703 
474 146 16 20 0.035872318 
791 153 12 15 0.03582707 
587 260 15 17 0.035505347 
626 178 15 17 0.03477404 
420 131 12 15 0.03445626 
763 59 12 14 0.033971857 
700 137 12 16 0.033471186 
759 68 12 14 0.032939043 
699 98 11 14 0.032679215 
791 144 10 12 0.031945728 
581 177 14 17 0.03166544 
575 306 13 17 0.031258695 
808 154 10 13 0.030661894 
448 154 12 16 0.030324837 
613 148 12 15 0.030285249 
773 79 10 12 0.030130336 
588 173 15 18 0.030072015 
633 155 25 32 0.030004388 
728 80 11 14 0.029834714 
756 77 12 13 0.028640835 
453 153 15 19 0.028484909 
625 266 26 29 0.02837925 
726 87 14 18 0.028312603 
766 225 18 20 0.028272964 
756 84 10 13 0.02826077 
743 175 20 21 0.028075555 
694 143 22 27 0.028021595 
759 154 14 17 0.027771518 
367 131 22 28 0.027619556 
447 141 11 15 0.02741172 
224 289 33 36 0.027228126 
769 219 16 17 0.027117757 
637 168 15 21 0.026988313 
482 155 12 16 0.02694718 
737 235 16 18 0.026782988 
780 296 164 129 0.026756862 
773 171 14 15 0.026412435 
671 138 14 18 0.02639586 
661 176 25 29 0.026299102 
600 236 26 29 0.0262492 
762 47 10 12 0.02624622 
765 77 13 15 0.026245836 
614 173 14 18 0.026195563 
686 163 12 14 0.026138164 
661 157 12 15 0.026028523 
736 173 12 15 0.025919987 
638 136 23 27 0.025901487 
814 158 10 12 0.02575922 
831 198 12 15 0.025609948 
567 149 12 17 0.025557423 
789 122 14 17 0.025493866 
848 181 10 13 0.02531768 
368 161 13 17 0.024974536 
598 126 12 15 0.024800085 
667 179 14 17 0.024663312 
855 189 23 27 0.024493663 
0 130 10 18 0.024064211 
788 178 15 17 0.023849033 
549 242 15 20 0.02382752 
368 108 10 14 0.023766847 
510 231 14 17 0.023674129 
696 133 12 15 0.023630332 
686 409 26 38 0.023500947 
667 160 20 25 0.02332663 
864 149 11 14 0.022782361 
647 160 25 28 0.022636905 
663 164 12 16 0.022312593 
440 351 49 45 0.022267189 
654 213 24 28 0.022152424 
824 181 12 15 0.022024825 
638 130 15 18 0.022014916 
622 149 13 16 0.021949112 
610 138 11 16 0.021819998 
870 190 16 19 0.021806648 
812 151 10 14 0.021799894 
652 244 19 22 0.021404287 
690 91 10 14 0.021397145 
694 181 12 16 0.02139146 
582 331 18 20 0.021385217 
691 156 22 25 0.02137919 
703 82 20 25 0.021360409 
936 147 10 13 0.021225527 
804 169 12 15 0.021203518 
716 183 15 18 0.021171104 
798 166 13 14 0.02105799 
503 309 12 14 0.020884493 
630 141 13 16 0.020642428 
852 175 10 12 0.020439578 
569 257 16 17 0.020288548 
508 185 26 33 0.020177009 
687 84 10 15 0.020154743 
783 143 9 11 0.020106744 
653 228 25 33 0.020071756 
