44_Aerobics_Aerobics_44_343
60
590 175 30 40 0.99911827 
288 180 38 47 0.99361354 
898 200 22 29 0.9906899 
387 162 18 25 0.92598414 
762 173 15 21 0.85741854 
798 180 12 15 0.7403211 
926 159 15 18 0.7003615 
944 236 12 16 0.37158057 
836 169 13 17 0.24981861 
657 185 17 21 0.18734509 
974 275 16 21 0.11240885 
664 184 22 28 0.11026868 
734 202 13 15 0.08119072 
688 171 10 13 0.07482215 
676 191 17 22 0.07010984 
1001 228 16 19 0.068524875 
861 184 13 18 0.062920325 
664 165 11 13 0.05801081 
855 181 11 14 0.057123482 
732 187 14 17 0.048336703 
933 250 15 21 0.047620844 
804 187 11 13 0.039818592 
739 205 12 15 0.039766204 
527 178 21 30 0.038547445 
853 186 14 18 0.038286105 
866 245 18 22 0.03727296 
547 186 15 20 0.036915183 
815 181 9 12 0.03393439 
246 246 49 62 0.032943428 
846 195 13 16 0.032591365 
854 173 12 15 0.031110063 
701 214 10 14 0.030479474 
1004 189 13 17 0.02983092 
734 209 14 17 0.029584993 
939 238 20 26 0.029260432 
672 206 25 29 0.028381111 
565 176 21 29 0.02818677 
859 192 14 20 0.027484465 
653 191 26 30 0.027197227 
540 184 16 20 0.026799543 
658 173 23 30 0.02494924 
793 175 11 15 0.02493189 
682 190 21 27 0.024872305 
859 162 14 17 0.024676643 
822 196 12 15 0.02368628 
821 159 10 14 0.023598678 
991 224 14 20 0.02343704 
835 148 13 16 0.023386542 
958 259 12 17 0.022785153 
978 269 15 19 0.022395698 
976 259 28 35 0.022286814 
834 155 14 18 0.0216025 
800 280 10 12 0.021489505 
822 190 10 13 0.021399323 
731 192 19 24 0.021098468 
668 199 17 20 0.021026194 
831 179 11 14 0.021021595 
641 260 19 21 0.02098498 
836 142 11 13 0.020655846 
996 229 23 33 0.020442687 
