45_Balloonist_Balloonist_45_531
32
816 453 8 11 0.11357357 
355 153 41 41 0.10657174 
909 488 10 14 0.075290695 
647 201 30 36 0.061209157 
798 469 12 15 0.0590882 
334 135 55 64 0.051779114 
758 417 7 9 0.05034668 
871 440 7 10 0.04945052 
701 436 12 13 0.04512123 
770 177 15 19 0.043577243 
816 458 9 12 0.043317884 
263 133 83 115 0.03983883 
923 510 11 14 0.03761587 
830 480 10 12 0.032187205 
36 54 18 20 0.032155033 
890 500 11 13 0.030625818 
511 128 62 58 0.030495757 
317 117 53 65 0.029904455 
655 391 10 11 0.029387351 
567 14 13 17 0.029051054 
301 24 58 69 0.028855698 
553 4 14 15 0.026846847 
718 447 8 10 0.025718927 
937 496 10 12 0.024194423 
797 465 10 12 0.024104267 
810 452 10 13 0.022452803 
708 62 198 260 0.021668661 
304 140 83 97 0.021649575 
-12 246 207 312 0.021210777 
730 144 18 22 0.02094457 
294 159 27 37 0.020797981 
642 55 17 20 0.020149179 
