45_Balloonist_Balloonist_45_107
55
558 331 11 13 0.93625677 
563 349 13 15 0.7536665 
536 354 12 18 0.464304 
659 359 10 12 0.42685544 
575 374 13 17 0.2928261 
486 375 12 15 0.25493157 
625 368 9 11 0.1742705 
385 465 26 32 0.09391734 
530 334 8 11 0.07879634 
599 357 10 13 0.07724086 
571 348 10 15 0.0622506 
604 359 9 11 0.04974623 
228 421 12 14 0.048937324 
605 364 9 12 0.044268277 
606 348 11 15 0.04086757 
393 461 16 19 0.040575154 
580 366 11 13 0.03948574 
535 343 8 12 0.03817524 
226 405 12 13 0.03740721 
530 338 9 13 0.03426148 
600 343 9 11 0.033867992 
657 353 9 13 0.033221103 
574 367 12 16 0.03295864 
479 375 15 19 0.03255204 
204 427 11 14 0.032497086 
743 531 26 28 0.03229048 
507 363 13 15 0.031248977 
583 349 10 14 0.030614397 
592 355 11 14 0.029279701 
655 356 17 23 0.028893365 
465 351 10 12 0.027318144 
608 333 9 12 0.027141403 
822 545 26 28 0.026550865 
645 398 12 15 0.026112415 
226 410 16 17 0.026017498 
614 334 10 13 0.025987497 
598 349 11 15 0.025467975 
558 337 13 17 0.02492333 
248 415 9 12 0.024765179 
562 328 11 13 0.023557175 
828 541 16 18 0.023287792 
236 420 11 12 0.022366362 
253 422 9 12 0.021800017 
547 573 51 56 0.021760037 
605 372 9 12 0.021753144 
564 359 14 18 0.021674717 
627 370 11 15 0.02143025 
464 355 12 17 0.021377916 
646 378 12 16 0.020855363 
378 461 41 57 0.020747341 
472 362 24 28 0.020557636 
551 355 9 13 0.02037746 
556 326 18 23 0.020368978 
613 338 13 16 0.02032365 
661 393 13 17 0.020219019 
