45_Balloonist_Balloonist_45_186
20
459 225 177 305 0.9989982 
944 515 18 20 0.38733083 
960 524 18 23 0.22917716 
462 664 466 404 0.18591322 
533 233 178 288 0.13314056 
584 843 158 131 0.054722585 
363 316 167 177 0.04223366 
573 739 276 264 0.039675977 
448 30 11 16 0.0350965 
365 200 340 434 0.034036208 
711 1238 12 13 0.025837285 
969 791 32 42 0.023851275 
113 270 467 529 0.023535952 
939 524 24 27 0.023353966 
609 884 149 159 0.02217367 
437 53 14 16 0.02178551 
689 627 39 46 0.021719957 
925 540 26 32 0.021020286 
437 48 11 13 0.02101296 
420 73 13 15 0.020242047 
