45_Balloonist_Balloonist_45_838
73
726 372 38 47 0.9992899 
690 226 25 32 0.9992704 
787 314 31 39 0.9992692 
276 333 32 37 0.99877864 
907 359 35 41 0.99870026 
491 349 32 37 0.9984863 
650 251 29 32 0.9981365 
590 238 24 31 0.9976941 
459 381 34 44 0.9976419 
124 371 39 47 0.99744344 
537 236 27 36 0.9973671 
188 310 32 37 0.9968953 
831 350 36 45 0.9965899 
641 346 30 34 0.9965346 
462 222 30 38 0.99624145 
606 377 40 54 0.9957137 
711 338 31 40 0.99454194 
731 234 26 31 0.9939375 
189 382 33 41 0.99393266 
351 391 34 39 0.9938372 
840 304 30 35 0.99338347 
526 384 31 38 0.99322987 
458 281 27 32 0.9927932 
487 285 28 34 0.9925649 
279 300 30 34 0.99021435 
278 211 26 34 0.98978126 
234 380 42 54 0.9803427 
179 243 38 43 0.97729677 
567 367 29 37 0.97713554 
409 348 26 35 0.97660613 
763 281 29 31 0.97575366 
820 239 25 30 0.95847154 
34 221 17 21 0.89320165 
200 231 26 32 0.7158615 
240 346 26 29 0.60991424 
650 392 30 36 0.5058088 
989 507 30 45 0.28069755 
858 279 23 29 0.19232045 
463 192 20 21 0.14759675 
129 297 31 41 0.10605576 
265 290 16 20 0.080869585 
861 274 17 22 0.077999674 
176 411 15 21 0.07457322 
472 279 34 41 0.059890646 
850 287 30 37 0.05717122 
370 289 12 16 0.055582143 
869 282 27 31 0.049496237 
885 291 26 34 0.044374153 
3 220 12 18 0.043621443 
444 321 18 23 0.0432037 
432 435 22 27 0.042081174 
580 379 27 43 0.04196481 
460 208 29 35 0.04073102 
274 310 39 49 0.03821408 
467 183 16 19 0.033246923 
248 341 17 20 0.032338426 
830 295 28 36 0.032185845 
307 289 16 21 0.0320999 
589 393 26 36 0.031798057 
397 357 24 33 0.030507587 
296 287 25 30 0.029103285 
481 322 24 31 0.028483378 
888 13 129 131 0.02692808 
421 433 18 20 0.025733113 
829 241 26 34 0.025525842 
354 293 12 15 0.0252274 
237 355 32 39 0.02521795 
661 385 28 38 0.024657486 
175 264 44 52 0.024471773 
562 391 27 34 0.024326669 
415 431 42 46 0.02375048 
852 289 19 22 0.021610431 
437 309 21 29 0.021578556 
