45_Balloonist_Balloonist_45_416
53
411 591 70 82 0.99730635 
483 1325 34 51 0.9671891 
112 1342 11 14 0.30980977 
646 702 32 38 0.23309448 
546 827 26 46 0.20411398 
414 1404 15 17 0.17528854 
403 911 54 73 0.16244985 
113 1347 13 16 0.14501283 
64 1391 11 13 0.1306936 
682 577 14 20 0.102176055 
323 1292 12 15 0.08168414 
166 74 109 103 0.07553183 
751 802 134 158 0.059784 
262 1335 14 18 0.0542992 
533 849 26 38 0.05418441 
506 809 47 55 0.05308611 
96 1352 8 12 0.041491296 
78 1385 11 14 0.03896583 
641 548 14 17 0.037815157 
599 923 124 167 0.037768245 
521 638 45 58 0.03656541 
559 793 27 34 0.03642378 
441 797 29 42 0.035482187 
535 832 44 59 0.034888487 
553 861 33 44 0.033655424 
121 38 125 128 0.032543913 
551 804 48 59 0.031142952 
478 812 48 59 0.030140499 
623 731 29 42 0.029666865 
563 791 17 21 0.029479818 
263 1401 15 16 0.02795177 
644 558 12 18 0.027926976 
303 1373 10 11 0.027418617 
556 842 27 45 0.026425898 
670 569 26 35 0.026284 
554 896 42 49 0.026207058 
562 787 43 54 0.026058348 
101 1348 11 15 0.024517413 
523 861 24 33 0.023217635 
321 1406 17 19 0.02308622 
529 815 31 42 0.023005916 
578 861 27 32 0.022589875 
437 798 48 64 0.022078153 
98 1354 13 17 0.02204027 
426 1406 11 14 0.02180535 
582 788 14 18 0.021745894 
109 1337 18 23 0.021601532 
578 793 26 34 0.020995224 
445 1396 9 12 0.020930346 
643 461 18 24 0.020870494 
716 1143 37 36 0.020823129 
393 948 28 36 0.020723788 
506 954 40 50 0.020374663 
