45_Balloonist_Balloonist_45_857
34
612 353 23 28 0.8188146 
496 354 21 28 0.7967334 
413 -3 476 511 0.53456074 
561 363 18 24 0.1070241 
510 592 16 18 0.10596992 
539 450 15 20 0.06710378 
312 84 13 15 0.0643808 
626 405 81 147 0.055930417 
533 344 21 28 0.055303834 
417 365 63 66 0.05325535 
370 159 43 55 0.047609422 
467 345 24 30 0.04679312 
622 358 19 22 0.04060239 
406 53 13 14 0.040139824 
373 164 17 23 0.038661268 
342 125 9 11 0.034505486 
542 421 52 69 0.030324208 
474 7 9 11 0.028869541 
550 369 15 20 0.02819444 
367 119 10 12 0.02546225 
384 68 9 11 0.025336925 
132 282 456 478 0.025130432 
353 31 8 11 0.024771582 
380 22 10 13 0.024403045 
540 371 14 17 0.024157345 
468 370 14 16 0.022947224 
514 393 84 108 0.022872835 
383 64 8 10 0.022339895 
475 361 13 17 0.021894794 
568 369 15 20 0.021539358 
476 370 13 16 0.021052254 
486 361 15 19 0.020978613 
628 364 24 28 0.020599559 
249 116 34 33 0.020164538 
