45_Balloonist_Balloonist_45_936
34
142 152 323 466 0.9972084 
954 436 16 20 0.05899601 
757 322 29 33 0.05552693 
130 513 321 444 0.050350726 
923 443 52 68 0.0460837 
681 992 27 30 0.045416255 
891 964 13 17 0.041879173 
245 447 400 443 0.040979825 
990 421 16 18 0.040844493 
838 276 15 18 0.03856413 
830 374 13 17 0.036425706 
582 260 143 162 0.0292178 
873 45 101 149 0.02849776 
783 960 14 16 0.028079225 
979 458 27 32 0.027871555 
2 849 31 42 0.027016526 
1005 464 20 35 0.026114421 
846 250 13 16 0.025835663 
796 252 17 20 0.025415294 
853 251 13 15 0.02540672 
590 507 16 20 0.024526782 
216 703 116 176 0.02417591 
455 941 27 33 0.023796504 
991 456 27 39 0.023206444 
988 425 23 27 0.022766087 
1012 426 10 16 0.022381302 
957 417 9 10 0.022365423 
234 912 95 121 0.021962933 
838 247 11 14 0.021956068 
860 358 18 22 0.02190707 
254 958 67 65 0.02185962 
579 975 36 42 0.021806015 
179 794 104 136 0.021548595 
932 260 43 63 0.020293733 
