45_Balloonist_Balloonist_45_1028
134
317 634 21 32 0.87248164 
582 607 10 12 0.5636125 
16 621 22 32 0.44563857 
96 662 12 15 0.40445873 
460 575 43 50 0.3741799 
489 194 59 73 0.3373602 
387 625 17 21 0.29560986 
372 546 17 22 0.24323912 
3 570 12 15 0.22561513 
36 588 10 13 0.21623614 
155 636 20 26 0.18078174 
6 604 10 15 0.17283845 
23 628 25 30 0.15546118 
560 626 12 14 0.15145741 
369 636 11 12 0.14225706 
351 546 13 20 0.1240269 
53 588 13 16 0.123131566 
994 543 9 12 0.11977326 
13 598 12 17 0.11926226 
95 590 9 11 0.1144207 
591 613 10 13 0.10420887 
656 603 9 13 0.100704126 
12 625 15 21 0.09750452 
576 612 10 13 0.09261931 
574 622 10 13 0.08979332 
834 522 16 23 0.08857893 
64 640 10 12 0.087824054 
61 590 10 12 0.07308473 
996 544 13 16 0.07289944 
422 561 11 13 0.06748183 
668 381 13 16 0.066967 
588 607 10 13 0.06608387 
0 598 8 13 0.06563609 
565 623 12 15 0.064060405 
21 598 11 14 0.05587975 
1004 549 12 14 0.05549094 
527 614 10 13 0.05467145 
765 532 13 14 0.05381636 
387 634 16 23 0.05322735 
624 644 12 13 0.05229263 
8 629 12 15 0.051514987 
69 597 9 12 0.05073824 
408 537 13 17 0.0501102 
4 598 18 26 0.04894214 
722 518 25 26 0.04650144 
312 640 15 23 0.046251647 
340 660 10 13 0.044580635 
370 550 27 28 0.044251256 
229 673 14 16 0.04306823 
870 515 16 20 0.042645253 
408 495 10 13 0.042392768 
532 615 9 12 0.042390145 
606 645 11 12 0.04134436 
420 594 10 13 0.040760335 
46 588 14 16 0.040758263 
96 595 9 11 0.040191535 
69 591 9 12 0.03988188 
328 640 15 20 0.039444923 
96 584 9 11 0.039078087 
327 672 13 17 0.03859995 
343 611 12 16 0.03731488 
122 600 7 9 0.03707594 
112 583 8 9 0.03650988 
9 605 22 32 0.035847332 
510 68 25 30 0.035754308 
350 539 24 31 0.035409003 
616 582 10 13 0.035397798 
341 532 10 15 0.034576904 
777 529 40 45 0.034292206 
90 661 20 25 0.03428403 
195 562 16 20 0.033862032 
583 619 12 16 0.033421937 
69 568 9 11 0.032447927 
0 610 10 16 0.03077245 
361 540 23 30 0.030105742 
367 625 22 27 0.029920138 
79 599 8 11 0.029284917 
66 603 11 13 0.029232083 
499 627 17 24 0.029063819 
631 556 11 14 0.028979944 
580 602 19 23 0.028863996 
80 583 8 10 0.028647097 
601 595 12 15 0.028561836 
47 604 11 13 0.028536245 
689 590 10 13 0.028532265 
817 521 24 39 0.02835165 
697 612 9 12 0.028074203 
108 245 200 274 0.027981326 
90 592 8 10 0.027930284 
614 645 9 12 0.027640145 
88 597 8 12 0.027530937 
1000 536 10 13 0.027523896 
590 618 13 17 0.027140303 
430 526 14 18 0.026797384 
81 646 10 13 0.026771868 
36 593 11 14 0.026759265 
325 631 14 19 0.026682803 
-1 591 8 13 0.026418038 
695 620 11 16 0.02637606 
645 590 9 11 0.026158728 
392 620 16 20 0.02614089 
13 591 11 14 0.025482928 
0 637 8 12 0.025480466 
68 644 10 12 0.025367804 
700 555 95 116 0.025355801 
101 598 8 10 0.025147095 
282 670 13 16 0.025071938 
23 573 10 13 0.02432387 
521 614 12 15 0.024254195 
530 591 8 10 0.024113027 
303 629 37 46 0.023730908 
37 485 8 10 0.023570454 
31 605 11 12 0.023201387 
352 650 12 16 0.023117865 
622 627 15 17 0.022880673 
405 610 11 15 0.022698503 
220 596 13 19 0.02269779 
585 613 21 29 0.022662975 
114 589 7 10 0.02265686 
400 641 23 28 0.02241871 
344 478 33 36 0.02226626 
229 645 10 15 0.02221762 
964 588 14 17 0.022204386 
624 603 10 12 0.022101557 
564 597 11 14 0.021713315 
1014 539 10 15 0.021713004 
468 600 32 37 0.02147773 
681 614 11 13 0.021315197 
119 590 7 9 0.02086106 
516 209 38 43 0.020799493 
613 597 12 15 0.020708108 
387 608 24 30 0.02057042 
677 537 12 15 0.020476745 
565 647 22 33 0.020293314 
