45_Balloonist_Balloonist_45_277
31
459 585 94 123 0.9998498 
663 34 237 313 0.43074086 
295 1123 25 33 0.16932939 
323 1131 24 36 0.16367413 
341 852 52 85 0.12870944 
392 693 41 57 0.08647823 
505 7 431 457 0.07796018 
32 -20 581 461 0.059291527 
251 690 57 85 0.04599289 
76 645 125 199 0.044779465 
310 1126 28 38 0.042862833 
274 266 591 516 0.037929818 
81 1220 29 49 0.035092298 
559 785 373 460 0.034652904 
392 790 50 62 0.030851185 
85 1231 46 64 0.030543778 
247 1331 475 472 0.030118085 
251 779 24 40 0.029466033 
346 761 37 43 0.028652728 
81 1080 44 41 0.026601193 
395 698 17 24 0.025241204 
797 1639 20 28 0.023515483 
882 1769 32 44 0.022157155 
700 893 12 16 0.021902312 
841 594 35 39 0.021350536 
327 1795 31 28 0.020700121 
91 1090 17 22 0.0205499 
376 799 48 70 0.020545755 
391 955 32 30 0.020521116 
162 804 410 472 0.020334663 
-35 559 372 527 0.020240389 
