45_Balloonist_Balloonist_45_769
26
368 438 57 57 0.6264885 
553 513 32 39 0.10601886 
602 493 19 21 0.09155813 
434 459 95 109 0.0705532 
616 437 188 225 0.06039259 
459 433 97 106 0.05567522 
369 456 33 49 0.051249947 
582 292 426 459 0.047455586 
593 483 32 36 0.039132867 
382 419 58 62 0.039055806 
498 478 55 72 0.036146153 
579 441 56 62 0.033625923 
527 496 50 65 0.030823614 
396 527 38 35 0.029723367 
481 496 63 79 0.028110957 
556 492 45 62 0.027421165 
693 356 15 21 0.02686599 
347 438 61 82 0.026510464 
665 526 11 12 0.02595368 
990 92 32 52 0.025255838 
247 -10 379 493 0.023794012 
430 508 79 85 0.02224177 
382 475 103 94 0.022061657 
700 417 252 265 0.022018233 
628 494 110 137 0.021123545 
429 409 98 110 0.020385355 
