45_Balloonist_Balloonist_45_369
18
237 213 58 87 0.99070704 
772 211 66 109 0.9788352 
310 331 48 59 0.9534144 
870 70 56 66 0.052485093 
912 96 9 11 0.050467044 
883 246 45 67 0.045548327 
919 76 9 12 0.039918453 
798 188 63 83 0.033399493 
933 63 11 12 0.033053484 
929 86 10 13 0.030979794 
775 236 108 119 0.028492175 
812 169 58 68 0.026892968 
932 92 10 12 0.02670091 
752 150 105 145 0.026377631 
895 52 9 10 0.024045447 
927 78 10 12 0.023050258 
912 53 9 11 0.020947365 
827 72 30 34 0.020767052 
