12_Group_Group_12_Group_Group_12_735
37
535 251 98 128 0.9996661 
212 299 93 112 0.9989023 
818 364 91 142 0.96813107 
765 227 39 52 0.9661967 
873 255 27 37 0.38660613 
912 240 40 53 0.1436873 
974 271 11 14 0.13222611 
163 229 82 115 0.11379129 
773 377 102 133 0.09024116 
907 227 28 38 0.07547443 
398 294 44 56 0.06278549 
181 241 97 144 0.045987673 
422 270 10 11 0.04301571 
809 362 171 214 0.042696368 
966 266 23 29 0.042535875 
720 381 93 117 0.04224457 
839 187 9 11 0.04022556 
927 239 24 35 0.0386572 
931 248 27 39 0.03819917 
888 236 42 54 0.03449892 
1014 63 10 19 0.033565 
1005 367 11 16 0.031120185 
420 414 110 118 0.029505722 
738 388 57 76 0.028609555 
584 177 13 15 0.02630898 
948 258 29 35 0.025240267 
950 336 56 78 0.025046714 
474 445 104 110 0.024712857 
915 229 17 22 0.024340313 
689 529 18 20 0.024191001 
597 86 9 12 0.021889074 
693 371 16 18 0.021339297 
1011 324 12 21 0.020833341 
775 262 25 33 0.020336438 
870 231 40 54 0.02021611 
830 188 9 11 0.02017053 
437 384 18 20 0.020090733 
