12_Group_Group_12_Group_Group_12_10
24
378 145 52 62 0.99973494 
682 122 57 71 0.9997297 
85 108 64 84 0.9997209 
246 118 58 71 0.99945015 
554 390 62 73 0.99942744 
81 303 68 84 0.9993698 
290 336 62 83 0.99923384 
669 325 61 82 0.9992285 
916 139 56 70 0.9989889 
772 90 53 74 0.99833554 
541 105 50 64 0.9977875 
854 335 76 101 0.99302614 
862 201 42 47 0.87952125 
580 46 21 26 0.6828392 
477 441 33 48 0.5697148 
949 420 24 32 0.14165752 
870 114 49 62 0.042918146 
952 418 40 50 0.03959593 
825 378 27 39 0.035395052 
597 81 41 51 0.027152669 
611 95 19 21 0.02499696 
534 610 33 38 0.0235996 
585 129 27 35 0.020893034 
853 200 31 37 0.020649016 
