12_Group_Team_Organized_Group_12_Group_Team_Organized_Group_12_707
308
387 270 32 42 0.999749 
490 281 35 44 0.99914336 
280 257 34 45 0.9988771 
298 160 33 43 0.99886835 
604 140 32 40 0.99871445 
600 273 40 49 0.9986389 
210 154 34 45 0.99863416 
179 271 40 48 0.99860877 
720 299 36 47 0.9985275 
501 137 34 43 0.9971813 
389 163 34 42 0.9949654 
684 148 36 47 0.98829824 
795 123 37 48 0.9857749 
527 32 11 13 0.34690627 
485 46 8 11 0.2131089 
466 30 6 9 0.19572271 
29 196 13 17 0.1945398 
38 143 9 10 0.19090949 
628 107 16 23 0.18882425 
49 110 8 10 0.1826869 
0 118 8 12 0.1819519 
255 103 8 11 0.16735642 
410 54 7 10 0.15455557 
511 24 8 11 0.15086491 
656 87 10 13 0.14841883 
470 30 8 10 0.13960555 
540 85 10 13 0.1367906 
136 88 7 9 0.13228014 
120 162 8 11 0.124598354 
292 119 9 11 0.122947216 
300 131 12 14 0.12233445 
549 136 13 19 0.11372842 
237 104 8 10 0.11135131 
624 78 9 13 0.110916756 
53 189 9 13 0.103207715 
9 135 8 11 0.10114058 
532 31 10 12 0.09710658 
525 51 9 13 0.08871122 
458 57 8 11 0.085769564 
506 24 8 10 0.08301934 
697 85 11 14 0.08230767 
784 39 9 11 0.08112378 
39 147 8 12 0.07969209 
367 23 7 10 0.079308175 
237 108 9 12 0.07906173 
726 80 8 11 0.07789448 
71 78 8 9 0.07766843 
413 55 8 11 0.07393074 
621 82 13 17 0.07174195 
25 135 8 10 0.067066334 
521 53 9 11 0.066281885 
23 109 7 9 0.06509542 
57 126 7 9 0.064526096 
486 54 8 10 0.063845485 
497 56 8 11 0.060390815 
463 86 7 10 0.060116652 
612 104 23 29 0.06011131 
87 158 6 9 0.059579536 
486 39 10 13 0.058056608 
71 151 9 11 0.056131106 
233 106 9 13 0.05581628 
47 199 10 13 0.055532392 
80 71 7 9 0.05552454 
119 120 7 9 0.054440677 
352 54 8 9 0.054309137 
35 197 13 16 0.053576354 
446 47 7 10 0.0533255 
34 142 8 10 0.053001873 
568 40 8 10 0.05291353 
111 148 8 10 0.052605834 
633 48 8 11 0.05153576 
65 152 7 10 0.051468953 
618 111 25 30 0.051368993 
50 105 8 10 0.049333636 
550 75 10 12 0.04858319 
615 85 12 15 0.048564855 
24 104 7 9 0.048534434 
401 24 7 10 0.048126154 
329 47 8 11 0.048000727 
642 171 16 19 0.04777227 
201 126 8 10 0.04723838 
465 25 7 10 0.047205556 
295 103 7 9 0.04615769 
26 128 7 9 0.04598455 
659 91 10 13 0.04565917 
102 151 8 10 0.045644548 
382 26 8 9 0.044976562 
101 134 9 11 0.044862773 
86 65 7 9 0.04442957 
287 88 6 8 0.043596584 
142 113 8 9 0.043362755 
17 109 7 9 0.043075893 
190 157 9 13 0.042941645 
78 151 7 10 0.042903017 
553 47 9 11 0.042626332 
406 23 7 10 0.04254244 
478 23 8 9 0.04216918 
638 48 9 11 0.041344684 
439 16 6 9 0.04127629 
516 23 9 11 0.040858593 
87 70 7 9 0.04064012 
456 23 7 9 0.040437132 
697 80 9 12 0.04040654 
13 136 8 10 0.040403005 
635 138 14 19 0.039921124 
14 142 9 11 0.039632306 
606 106 15 20 0.03932332 
41 119 7 9 0.03930191 
606 8 9 10 0.0391238 
98 134 7 10 0.039081685 
31 135 8 10 0.038968574 
22 141 9 11 0.038450323 
721 79 9 13 0.03843816 
456 40 7 9 0.03834483 
65 72 7 10 0.038054883 
522 36 9 12 0.03798838 
617 23 7 10 0.037880726 
512 80 8 10 0.03782528 
737 38 8 10 0.037491176 
495 40 8 11 0.037267502 
711 108 12 14 0.0371638 
471 39 8 10 0.03710696 
611 127 30 38 0.03665447 
471 24 9 11 0.036584526 
175 124 8 10 0.0365808 
119 123 9 11 0.036500905 
71 157 8 11 0.03638352 
288 122 8 12 0.035909835 
30 127 7 10 0.035801094 
519 30 10 13 0.03575204 
407 29 8 10 0.03564652 
742 37 9 10 0.035350267 
57 121 7 9 0.035200298 
113 55 7 9 0.034803037 
42 112 7 9 0.0345938 
648 85 11 15 0.034461018 
504 80 8 9 0.034150437 
0 111 8 13 0.03323335 
186 134 9 10 0.033197135 
742 32 8 10 0.032832004 
481 40 9 11 0.03279455 
480 17 7 9 0.032626014 
62 121 8 9 0.032600783 
362 24 7 9 0.03256561 
413 131 11 13 0.031688873 
548 303 17 23 0.03161218 
542 79 11 14 0.031507798 
367 16 7 10 0.031195505 
999 72 7 10 0.031084785 
290 105 8 9 0.030887425 
282 87 7 8 0.030816466 
111 85 7 9 0.03075246 
617 88 16 18 0.030706681 
88 110 8 10 0.030344054 
224 56 8 9 0.030168192 
472 45 8 10 0.030086378 
137 33 8 9 0.03001444 
67 77 7 10 0.029989656 
581 16 9 11 0.029962368 
549 129 12 16 0.029821781 
594 20 9 10 0.02951065 
551 161 14 18 0.02947713 
82 64 8 10 0.029400472 
96 71 7 9 0.029076518 
80 110 8 10 0.028965818 
226 109 8 11 0.028962454 
23 61 8 10 0.028922558 
367 88 8 10 0.028718207 
9 139 11 14 0.0286642 
85 152 7 10 0.02863988 
501 60 9 11 0.028604845 
114 161 8 10 0.02825133 
514 84 8 10 0.02823985 
718 38 8 11 0.02812064 
478 30 7 9 0.028092891 
49 96 7 9 0.028073968 
614 78 10 13 0.027746642 
136 92 7 10 0.027600517 
497 80 7 9 0.027578976 
358 49 8 10 0.027387036 
487 61 8 11 0.02733528 
487 22 8 9 0.027196266 
671 79 9 10 0.027093979 
71 165 8 9 0.026977552 
402 28 7 11 0.026899185 
250 103 8 11 0.026867647 
376 24 8 10 0.026851356 
101 159 8 10 0.026849728 
560 40 8 11 0.026739223 
247 62 7 9 0.026679948 
558 45 8 11 0.026628109 
295 125 11 15 0.026618585 
590 115 11 16 0.026512727 
96 129 7 8 0.026461989 
104 85 8 9 0.026402649 
57 156 8 11 0.026398538 
31 55 7 10 0.026232414 
312 134 10 12 0.02618949 
512 37 8 11 0.026109334 
6 54 8 10 0.026096977 
362 88 8 11 0.026095372 
38 137 9 11 0.026038583 
407 0 8 9 0.026023615 
281 127 8 10 0.025977632 
168 196 10 12 0.025950046 
119 86 6 8 0.02585848 
502 40 9 11 0.025846066 
111 80 7 10 0.025467195 
3 166 12 14 0.025397902 
497 110 8 9 0.025327966 
89 128 7 9 0.025182212 
145 218 402 422 0.025181148 
487 16 7 9 0.025164092 
256 98 7 9 0.02512735 
383 448 18 20 0.025124976 
752 71 8 10 0.02485327 
738 32 8 10 0.024717923 
96 79 8 11 0.024593698 
210 77 8 10 0.024430558 
399 65 8 9 0.024378603 
48 49 7 9 0.02423549 
266 117 7 9 0.024234686 
47 54 7 8 0.024233568 
543 23 8 10 0.024191273 
52 194 11 16 0.024183586 
95 109 8 10 0.024100553 
645 89 11 14 0.02405427 
399 48 7 9 0.024051402 
72 144 8 9 0.024035415 
993 78 9 11 0.024033422 
392 41 7 8 0.023904713 
119 81 7 9 0.023847902 
104 80 8 10 0.023809897 
47 117 8 10 0.023764696 
433 16 7 9 0.023714773 
0 103 8 12 0.023702681 
997 78 9 12 0.023663536 
136 112 8 10 0.023514872 
866 301 10 14 0.023430338 
15 147 9 11 0.023419144 
302 137 12 14 0.023295349 
25 95 7 9 0.02326144 
312 118 9 10 0.02316176 
502 45 8 10 0.023115039 
486 128 9 11 0.02309384 
31 102 7 9 0.02290077 
270 29 8 10 0.02288502 
713 51 10 12 0.022852868 
601 7 9 10 0.022667658 
1 351 11 19 0.022650093 
238 87 7 9 0.022516169 
111 62 7 10 0.022447538 
665 45 9 12 0.02244027 
25 183 10 13 0.022384152 
142 32 7 10 0.02235756 
150 72 7 9 0.022345714 
575 70 7 10 0.022331253 
464 80 8 11 0.02227208 
458 30 7 9 0.022200638 
49 126 7 9 0.022158248 
442 54 7 10 0.022148095 
313 81 7 9 0.022147 
599 15 8 11 0.022043487 
105 64 7 9 0.02204141 
345 22 7 9 0.02203734 
559 23 8 10 0.021997964 
263 97 8 9 0.02189873 
433 80 7 9 0.021806004 
656 63 7 10 0.021678511 
261 151 9 12 0.021629611 
394 24 7 10 0.021625075 
205 127 8 9 0.021612298 
487 31 8 10 0.021494392 
447 54 7 11 0.021490693 
191 128 8 10 0.021465957 
113 111 8 9 0.021455495 
454 108 8 10 0.02143127 
449 23 7 9 0.021378903 
670 63 8 11 0.021271622 
97 158 8 10 0.021260066 
282 120 8 10 0.021129739 
655 81 9 12 0.021119177 
392 8 8 9 0.021105273 
184 128 8 9 0.021052258 
247 76 8 11 0.020972155 
497 45 8 10 0.02094715 
266 29 8 11 0.020902712 
305 79 7 10 0.020897014 
520 61 8 10 0.020839814 
57 87 7 9 0.020665735 
619 99 17 22 0.02066454 
449 109 9 10 0.02065396 
241 39 8 9 0.020625694 
538 80 9 12 0.020595258 
103 166 8 9 0.020576423 
208 48 8 10 0.020539569 
151 159 7 10 0.02052819 
25 86 7 10 0.020499708 
88 79 8 9 0.020373996 
767 29 10 13 0.020373482 
536 24 8 10 0.020360352 
7 147 12 14 0.020265963 
30 189 21 29 0.020189485 
453 449 24 30 0.020183597 
56 94 8 10 0.020125145 
663 79 9 11 0.020111209 
72 86 8 10 0.020047316 
384 95 9 11 0.02002898 
