12_Group_Large_Group_12_Group_Large_Group_12_107
77
549 193 29 38 0.9996996 
700 194 31 41 0.99963176 
546 297 34 43 0.99942195 
469 377 36 43 0.99938893 
465 202 31 35 0.9993766 
636 313 34 44 0.99916875 
300 201 35 40 0.9990496 
757 198 34 43 0.9989819 
590 206 32 42 0.9989623 
233 176 34 44 0.99876523 
296 324 37 43 0.99865 
512 208 31 37 0.99846834 
616 181 28 33 0.99836355 
385 315 37 47 0.99800247 
409 206 31 35 0.99794203 
161 203 35 45 0.9975085 
432 240 34 40 0.99680185 
643 216 32 37 0.9966625 
717 374 39 47 0.9965959 
837 192 38 48 0.9961205 
78 210 44 54 0.9944922 
187 377 43 53 0.99369615 
346 217 28 35 0.99271834 
915 204 14 18 0.21676482 
691 169 17 21 0.19229744 
732 180 16 20 0.19119126 
893 182 10 14 0.15115616 
845 166 24 27 0.15103608 
886 160 11 14 0.098216966 
853 166 14 17 0.08018919 
909 187 15 18 0.076189406 
860 170 14 16 0.07584054 
220 346 29 33 0.07220858 
227 354 16 19 0.069781505 
905 194 22 26 0.06139218 
386 167 26 31 0.054820333 
866 172 12 15 0.054152146 
785 149 11 14 0.043187503 
917 180 13 19 0.041358676 
925 179 14 21 0.038159385 
636 162 22 26 0.03724693 
427 197 26 31 0.037192587 
867 167 10 12 0.037109464 
785 145 9 11 0.036223453 
900 182 12 15 0.03531988 
31 656 11 13 0.034748152 
396 155 16 19 0.03381695 
759 173 12 15 0.033692423 
822 156 14 17 0.03361823 
522 170 15 18 0.032934 
446 372 19 27 0.0298161 
911 185 22 27 0.02963681 
901 187 14 17 0.029356962 
214 10 37 48 0.028818717 
229 343 16 18 0.028440624 
-4 283 29 61 0.027503131 
812 139 10 14 0.026989352 
276 322 25 33 0.026932552 
204 150 16 21 0.026008176 
881 158 10 13 0.025876341 
679 157 12 14 0.025488697 
883 157 19 24 0.024886621 
854 160 11 14 0.024794102 
35 519 13 15 0.024465153 
52 387 51 50 0.02429782 
253 92 25 33 0.02389009 
889 181 21 27 0.023655098 
849 330 171 226 0.023569196 
208 333 12 18 0.023030385 
231 338 30 34 0.022915866 
609 190 28 32 0.022370117 
144 387 23 31 0.021003895 
209 339 29 36 0.020823065 
836 159 23 30 0.020506233 
217 71 22 29 0.020276286 
934 468 9 12 0.020131692 
827 161 13 16 0.020045036 
