12_Group_Group_12_Group_Group_12_935
959
300 156 17 21 0.99253345 
461 530 24 29 0.9899254 
635 191 18 24 0.98964345 
570 220 17 23 0.9872802 
69 319 20 26 0.98594797 
21 605 20 27 0.985274 
298 191 17 23 0.9846907 
500 65 19 23 0.98440176 
628 4 18 21 0.98273957 
561 423 19 23 0.9823056 
1003 88 17 23 0.9821885 
464 560 22 29 0.9819134 
941 375 21 27 0.98108554 
629 603 23 28 0.98052925 
364 1 19 22 0.98020226 
771 128 17 24 0.97968423 
398 381 20 27 0.97906667 
742 -1 17 20 0.97866255 
219 570 17 23 0.9785164 
443 407 18 26 0.97751653 
942 421 23 31 0.977372 
92 86 18 25 0.9767998 
903 560 20 26 0.9758429 
404 559 20 27 0.97552675 
356 278 17 24 0.9748341 
524 608 18 23 0.9747552 
222 159 16 22 0.97424906 
243 452 18 24 0.9737594 
697 595 22 29 0.9735778 
74 602 19 23 0.97324705 
523 391 18 24 0.9731621 
752 664 21 27 0.9728589 
821 92 19 26 0.97242516 
51 191 19 25 0.9724213 
870 461 20 26 0.97181904 
649 160 18 21 0.97177446 
653 312 21 25 0.9713188 
881 117 18 24 0.9711038 
648 562 21 26 0.97096133 
329 60 17 22 0.9707827 
391 58 20 28 0.9693701 
204 602 20 26 0.96866816 
18 562 19 26 0.96842325 
50 526 18 22 0.96790487 
894 635 21 27 0.96770555 
260 110 17 21 0.96760803 
441 59 18 24 0.9674791 
701 390 19 25 0.9658632 
614 493 20 27 0.96533036 
204 287 20 26 0.9648846 
279 386 20 25 0.9644864 
144 83 21 28 0.9644771 
411 350 19 25 0.9638976 
261 411 21 27 0.96286863 
123 631 19 26 0.9621376 
800 230 18 22 0.9621223 
718 557 21 26 0.9621065 
222 525 21 26 0.96198803 
83 573 19 23 0.9613602 
434 491 20 25 0.9609096 
773 322 17 21 0.9600566 
598 530 20 24 0.95937246 
514 185 19 24 0.9592893 
903 60 19 26 0.95886856 
112 534 19 25 0.9587899 
619 426 20 25 0.9587775 
532 527 20 26 0.95736575 
61 636 21 27 0.956203 
134 278 20 27 0.9558297 
951 319 19 24 0.95578927 
576 393 19 24 0.9552302 
294 493 20 26 0.9549779 
363 119 19 24 0.9545278 
689 187 18 23 0.9533673 
556 287 19 24 0.95306677 
97 356 20 25 0.952027 
917 500 23 29 0.95200604 
913 26 17 22 0.95192003 
173 663 22 27 0.95157635 
357 151 18 24 0.9514205 
251 632 20 25 0.95046 
943 112 20 26 0.9490461 
1004 463 18 28 0.9486907 
912 532 19 24 0.9475154 
979 150 17 24 0.947434 
685 452 21 25 0.94574416 
18 108 18 25 0.9456637 
616 255 18 20 0.9455699 
226 347 20 25 0.94543964 
740 257 21 26 0.9447224 
114 315 19 24 0.94439375 
412 166 18 23 0.9438367 
764 421 19 26 0.9438117 
960 349 21 27 0.9433619 
304 286 19 24 0.9429844 
176 314 20 26 0.94280106 
759 379 22 25 0.9425218 
653 116 19 24 0.9420174 
553 258 20 23 0.9418433 
724 510 21 27 0.94177336 
677 489 22 27 0.9417092 
683 6 17 21 0.9411027 
469 159 20 26 0.94101536 
111 186 20 23 0.9407598 
705 286 19 25 0.9407473 
456 2 19 23 0.94044966 
544 320 19 24 0.9404381 
483 114 19 24 0.9402811 
477 322 16 20 0.93980825 
785 287 18 22 0.9396625 
923 243 20 26 0.9394384 
543 489 20 24 0.93796194 
846 529 20 26 0.93692696 
765 640 19 24 0.9367434 
235 320 18 23 0.9349717 
157 351 19 25 0.93496364 
960 565 21 26 0.93482125 
614 286 19 24 0.934443 
719 349 18 25 0.9328167 
216 63 17 22 0.93057656 
564 461 19 24 0.92897975 
755 178 19 24 0.9287187 
808 664 20 25 0.92785984 
808 456 20 27 0.9271641 
717 130 19 24 0.9269349 
193 637 19 27 0.9266956 
889 88 19 25 0.92654246 
37 218 17 22 0.9265397 
506 456 21 27 0.92550796 
793 491 19 24 0.9251336 
40 391 19 26 0.92499954 
280 563 19 25 0.92371523 
32 88 19 25 0.92370117 
206 92 17 24 0.9232373 
669 92 16 21 0.9232126 
386 641 18 24 0.92314404 
977 493 20 23 0.92309606 
413 524 18 24 0.9230918 
357 351 18 26 0.9220652 
534 123 20 23 0.92202586 
829 353 19 23 0.9219678 
735 232 17 22 0.92130214 
853 23 19 24 0.92046016 
739 455 18 24 0.92027795 
663 63 17 23 0.9202689 
550 65 18 22 0.9199898 
949 611 20 26 0.91772383 
984 245 20 26 0.91486025 
988 192 21 26 0.9147658 
586 563 21 26 0.91465634 
831 607 18 23 0.9140257 
37 354 20 24 0.9132732 
9 159 17 24 0.9130548 
616 219 20 26 0.91274524 
0 48 17 24 0.912278 
326 254 14 18 0.9121654 
21 455 20 25 0.9098822 
188 -2 20 22 0.9085524 
374 654 22 31 0.9084514 
975 525 19 26 0.904026 
429 291 19 22 0.9026022 
419 96 19 24 0.9025698 
830 384 19 25 0.9008565 
511 627 20 25 0.90080076 
457 190 20 26 0.90064096 
508 -1 21 24 0.89478296 
892 321 19 23 0.8946358 
319 425 19 23 0.89397144 
920 217 19 25 0.8937741 
804 0 19 21 0.8916729 
782 562 20 26 0.89142245 
686 217 19 25 0.8901396 
696 149 17 24 0.88990647 
595 348 19 25 0.8883029 
875 425 20 27 0.8880059 
357 192 18 22 0.886128 
151 564 21 26 0.8857784 
230 197 16 23 0.8857361 
241 661 20 28 0.88572073 
861 488 19 23 0.8854597 
65 155 18 25 0.8839206 
217 384 20 28 0.88352966 
614 62 19 26 0.88332725 
440 645 21 28 0.8825628 
746 494 19 25 0.878733 
55 30 20 25 0.87824285 
0 637 16 29 0.8781757 
888 663 21 29 0.87464625 
340 384 19 25 0.87444746 
143 600 21 25 0.87251985 
339 561 21 29 0.8714288 
247 136 14 17 0.8713829 
828 641 21 26 0.8707756 
400 20 18 23 0.870543 
362 484 19 24 0.8686364 
947 92 19 22 0.86859965 
114 485 17 22 0.8685995 
686 669 19 26 0.8631181 
426 115 20 26 0.86172646 
379 419 20 27 0.8615767 
772 605 19 23 0.8613945 
169 537 18 23 0.8611358 
581 608 18 24 0.85990554 
297 322 17 21 0.8575429 
285 29 19 26 0.85754025 
847 219 22 25 0.85469407 
843 554 21 28 0.8533863 
510 425 21 24 0.8523532 
937 468 21 27 0.84878546 
382 611 21 24 0.84578526 
787 24 20 24 0.8455675 
629 640 21 29 0.84193265 
284 349 18 22 0.84177166 
815 428 22 27 0.8406284 
719 31 18 23 0.83540255 
430 457 22 24 0.8346092 
356 322 20 23 0.83262455 
182 174 18 26 0.8317649 
340 25 20 26 0.82896817 
624 662 22 29 0.8278357 
0 488 14 24 0.8146402 
958 65 18 21 0.8124838 
37 266 18 23 0.80693847 
148 387 21 25 0.80683875 
263 252 15 19 0.8044216 
74 292 19 21 0.8028236 
833 315 20 26 0.80227727 
778 529 19 22 0.80114174 
966 31 19 25 0.7963801 
325 598 18 23 0.7916852 
121 154 20 26 0.79087645 
215 0 16 18 0.790735 
614 456 20 26 0.7897322 
135 119 22 26 0.78598976 
123 14 18 25 0.7853069 
432 591 23 30 0.78510517 
1010 389 14 26 0.78416425 
76 493 16 19 0.775735 
552 668 20 22 0.7637821 
476 347 21 27 0.76218987 
842 288 16 19 0.7602354 
421 330 16 19 0.7595666 
591 161 18 21 0.7517222 
820 178 22 26 0.7440377 
244 532 15 18 0.741822 
929 0 16 16 0.7276055 
368 92 18 22 0.72016966 
662 541 16 19 0.71963286 
462 386 20 27 0.7084497 
933 151 18 20 0.7063534 
43 425 17 22 0.70263654 
1007 122 17 23 0.69912374 
531 165 19 23 0.696682 
695 645 21 25 0.69579285 
534 356 20 25 0.6940149 
861 -1 17 15 0.6937946 
316 537 20 25 0.68755126 
303 92 19 25 0.6867469 
629 379 21 24 0.6857226 
570 645 17 21 0.6845727 
307 128 16 18 0.6816979 
114 671 19 25 0.6794372 
995 60 18 21 0.67892617 
606 94 15 19 0.66699183 
236 489 18 22 0.664272 
1000 677 17 21 0.66204154 
899 363 18 26 0.65743846 
507 140 17 21 0.65277296 
491 291 19 21 0.64497775 
690 427 19 22 0.6290629 
278 599 16 21 0.6239483 
901 290 18 22 0.6179302 
303 473 15 19 0.6103578 
668 354 22 27 0.5742412 
482 89 16 20 0.57214314 
459 249 14 18 0.56634164 
499 496 17 22 0.55041605 
827 70 17 20 0.5462318 
372 459 17 21 0.53833634 
973 225 19 23 0.53602046 
10 0 15 16 0.52962947 
460 52 15 21 0.51916486 
489 263 15 19 0.5166432 
596 315 18 23 0.5149313 
166 23 16 19 0.50121826 
549 91 17 23 0.5008225 
676 271 14 19 0.48038945 
50 674 21 26 0.4741884 
782 88 13 18 0.4663184 
595 132 16 19 0.46404886 
808 615 17 21 0.45955378 
387 207 17 21 0.45453635 
567 201 20 22 0.44858503 
61 0 16 14 0.41734463 
173 121 13 19 0.41436556 
336 481 15 19 0.4127292 
274 497 17 21 0.40857968 
222 261 14 17 0.4061847 
746 65 15 20 0.39775383 
212 186 17 21 0.39674336 
561 637 17 20 0.39046296 
404 132 15 18 0.38582364 
972 293 18 22 0.37238714 
654 223 16 21 0.37196276 
778 351 18 22 0.34974566 
345 554 17 20 0.34734032 
15 230 12 15 0.34690225 
324 626 16 22 0.3456837 
438 260 14 18 0.3448236 
779 63 15 18 0.34333837 
190 446 16 19 0.33943033 
1013 328 11 18 0.33586594 
894 609 19 24 0.33552456 
527 329 13 18 0.33447793 
999 20 14 17 0.3338208 
27 295 14 18 0.3266187 
269 94 13 16 0.32283494 
222 498 15 21 0.31443515 
0 25 10 18 0.31368366 
853 165 17 24 0.3020316 
161 81 22 26 0.2991305 
142 509 15 18 0.29597872 
1011 51 12 20 0.28514156 
742 144 15 18 0.27779835 
315 457 18 23 0.27524242 
39 123 13 15 0.26876032 
188 428 17 20 0.26578823 
403 203 15 20 0.26013866 
595 123 15 18 0.2595917 
514 267 15 18 0.25811943 
216 28 12 16 0.251393 
134 -2 16 16 0.25014627 
171 186 15 20 0.24726848 
520 570 23 26 0.24492608 
875 378 16 19 0.23926522 
291 2 15 18 0.21967359 
632 483 12 17 0.21943848 
399 230 13 16 0.21567015 
729 83 16 20 0.20788114 
814 296 13 18 0.20575699 
220 189 19 25 0.20545824 
360 594 14 18 0.19915809 
511 573 23 26 0.19545959 
273 58 15 22 0.19024898 
991 121 16 21 0.18403204 
162 0 14 13 0.18099082 
509 662 15 20 0.17645036 
892 0 15 19 0.17058668 
539 14 15 21 0.17030442 
488 492 20 25 0.1690474 
252 188 13 18 0.1675074 
325 148 13 19 0.16332531 
0 252 9 15 0.16292293 
556 154 14 19 0.16200136 
1012 5 11 18 0.16004017 
390 321 16 19 0.15675509 
125 81 16 21 0.15370598 
559 563 14 19 0.15260112 
203 552 16 22 0.15024278 
0 191 9 18 0.14993557 
499 249 14 18 0.14968333 
895 215 15 19 0.14703691 
132 78 22 28 0.143737 
811 59 20 26 0.14197809 
260 89 15 17 0.14058176 
0 322 11 18 0.13839403 
266 200 15 18 0.13669534 
538 347 14 18 0.1351573 
478 341 14 18 0.13498165 
192 252 12 15 0.13162747 
846 670 13 17 0.12972137 
943 229 13 18 0.12737876 
284 491 21 26 0.12647614 
603 133 14 17 0.12478651 
499 390 15 20 0.12221031 
803 63 15 21 0.12205225 
624 67 15 18 0.12195068 
351 632 15 19 0.12093954 
926 307 13 17 0.12039154 
894 604 15 19 0.11890928 
222 628 15 18 0.11755848 
455 331 15 20 0.11710386 
851 391 15 19 0.116156116 
643 443 14 19 0.11445127 
996 120 21 26 0.11256518 
491 14 12 15 0.11130491 
703 64 13 18 0.11125311 
949 252 16 21 0.109110735 
818 489 16 22 0.106800094 
307 675 17 19 0.10345554 
575 153 13 19 0.10320944 
998 51 16 21 0.1031753 
818 171 18 21 0.10229946 
276 21 14 18 0.10218546 
431 0 13 12 0.101667754 
855 267 14 17 0.10157698 
413 210 13 18 0.100625895 
90 35 14 16 0.097289495 
66 420 15 19 0.09698166 
1 284 11 16 0.09622452 
541 564 16 20 0.09590523 
332 460 13 17 0.095690526 
349 262 12 14 0.0951571 
299 8 13 17 0.09474704 
306 84 16 21 0.094285265 
178 644 24 29 0.09321371 
787 348 16 21 0.09304183 
471 120 15 18 0.09096679 
451 51 18 24 0.08951778 
1008 277 12 17 0.08893498 
317 191 15 21 0.088610925 
260 188 15 19 0.08825261 
841 267 11 14 0.08702419 
691 60 13 18 0.08667598 
152 81 19 24 0.08553474 
117 574 12 17 0.0840226 
760 585 17 19 0.08385375 
261 9 15 18 0.08380745 
171 634 16 19 0.08285121 
259 0 17 18 0.08224048 
255 84 15 18 0.08206804 
715 212 16 20 0.08184138 
232 163 14 18 0.08096957 
51 155 17 23 0.08093069 
17 288 19 26 0.08024561 
299 0 12 12 0.078837864 
638 448 16 22 0.078504406 
438 205 12 15 0.07838268 
768 353 21 25 0.07812359 
262 179 13 16 0.0779307 
687 438 24 30 0.077335 
246 172 11 16 0.076894164 
726 532 16 21 0.076567434 
207 187 13 18 0.07592527 
318 51 15 18 0.0755844 
856 -1 14 13 0.07532094 
93 0 13 11 0.0746583 
487 294 15 20 0.07440365 
368 619 11 14 0.07426077 
516 47 13 18 0.073227085 
843 386 15 20 0.07267137 
418 212 14 19 0.072434776 
189 211 14 17 0.071682945 
314 124 14 18 0.07165382 
324 492 14 18 0.07133187 
211 42 16 19 0.0710557 
450 315 15 19 0.070949435 
163 145 15 19 0.07014177 
157 528 20 26 0.06984601 
3 250 13 18 0.06897319 
648 386 14 18 0.068645105 
147 522 16 23 0.06758384 
565 349 12 17 0.06726591 
476 73 13 16 0.066311665 
517 615 20 25 0.06630969 
318 526 14 17 0.06624636 
995 30 16 21 0.065658934 
269 475 14 18 0.06519924 
638 97 15 19 0.06506799 
555 612 15 20 0.06493128 
1008 171 12 16 0.06452908 
696 43 13 18 0.06448378 
307 265 16 19 0.063676946 
131 592 15 22 0.06352113 
202 26 15 18 0.06348938 
286 59 14 18 0.0634532 
788 13 12 16 0.06337851 
174 597 13 17 0.062590696 
110 617 14 17 0.061912674 
261 477 13 18 0.061061867 
906 285 16 20 0.060460012 
4 278 10 15 0.06030183 
984 329 11 16 0.060006313 
482 557 20 26 0.05990925 
835 161 15 21 0.059775937 
827 489 16 22 0.05962459 
520 176 19 25 0.059532244 
655 553 19 25 0.059373975 
325 386 13 20 0.058956828 
147 638 17 20 0.05843159 
899 124 14 18 0.05839442 
702 559 15 21 0.05835416 
236 0 15 16 0.05812645 
182 433 15 19 0.057747617 
862 155 14 17 0.057358857 
268 86 12 16 0.0570989 
469 267 14 18 0.05707953 
189 110 12 15 0.056834653 
657 231 15 20 0.056338448 
599 95 15 20 0.056032237 
176 631 23 27 0.056020144 
556 39 14 17 0.05549809 
158 309 21 28 0.05543394 
177 480 15 18 0.05539036 
764 466 15 20 0.05534102 
364 242 16 20 0.055244744 
870 248 20 25 0.05521003 
50 421 14 19 0.055023897 
506 122 13 16 0.054346498 
968 146 19 28 0.05427678 
682 521 15 20 0.05413809 
291 358 15 20 0.0539936 
1013 560 11 17 0.053720687 
708 207 16 22 0.053688496 
396 214 16 19 0.053547893 
341 260 13 17 0.052948393 
471 328 15 20 0.052915227 
194 245 14 16 0.05276531 
974 2 13 15 0.05262183 
353 556 14 17 0.0524042 
529 452 15 18 0.052366126 
866 144 15 19 0.05232687 
1007 9 13 19 0.0523089 
971 19 16 18 0.051542513 
325 9 14 18 0.05151677 
369 419 14 19 0.05148813 
0 311 17 27 0.05125391 
845 106 14 18 0.05123585 
493 443 14 18 0.05081227 
307 492 14 19 0.050733592 
515 455 21 26 0.050455164 
559 642 22 27 0.050442595 
156 308 15 19 0.050356258 
967 293 14 20 0.05027291 
594 140 17 23 0.05016436 
174 178 16 22 0.049893584 
491 194 18 22 0.049458325 
717 667 16 23 0.049370393 
633 524 16 20 0.04868154 
56 115 15 19 0.04848164 
970 67 13 17 0.048454326 
823 250 14 18 0.048400067 
247 186 13 18 0.048392076 
404 232 13 16 0.0482497 
452 632 20 27 0.047918797 
533 320 20 25 0.047607914 
813 419 16 21 0.047164846 
99 0 12 12 0.047050245 
91 422 13 16 0.046981376 
244 178 13 17 0.04665394 
380 214 17 20 0.04662771 
328 152 16 19 0.046512738 
170 652 23 27 0.046509817 
846 160 19 26 0.04639676 
380 307 17 21 0.04608094 
436 207 19 27 0.045981225 
286 6 16 21 0.04587652 
668 307 15 19 0.04580494 
782 274 15 20 0.04573194 
703 522 15 20 0.04568804 
973 74 13 17 0.04530713 
153 122 15 20 0.045063376 
875 413 19 23 0.04489499 
686 576 16 20 0.04470299 
299 481 15 20 0.044026338 
607 200 15 20 0.043953456 
669 484 16 21 0.04391174 
358 226 12 15 0.04390816 
477 93 16 20 0.043878864 
41 131 14 16 0.04340106 
936 0 15 18 0.043395802 
900 148 16 23 0.043387987 
11 54 14 20 0.043340012 
297 458 15 19 0.043280836 
275 93 14 18 0.0429742 
132 632 19 26 0.042922042 
171 0 17 18 0.04288141 
1012 498 11 16 0.042610206 
546 17 14 18 0.04257604 
801 265 16 18 0.04248643 
587 20 11 14 0.04208175 
580 153 18 23 0.042070832 
266 480 22 28 0.041894127 
254 10 14 17 0.04149337 
429 586 18 23 0.04145081 
131 505 15 19 0.04129973 
984 630 9 13 0.041074555 
996 330 15 19 0.04070926 
296 464 19 24 0.04066949 
420 267 11 15 0.04038565 
663 54 13 18 0.04027326 
691 660 20 28 0.04020737 
573 167 15 19 0.040097233 
315 658 14 16 0.04004032 
724 675 15 19 0.039604113 
229 190 14 18 0.039242133 
29 187 13 18 0.039118797 
55 319 15 21 0.03910313 
690 248 14 19 0.03908334 
336 129 13 17 0.03903711 
317 491 13 18 0.038877685 
892 356 16 21 0.038825087 
978 83 12 15 0.038761746 
477 267 14 17 0.038662475 
828 121 12 15 0.03840097 
784 6 12 14 0.038378563 
377 91 16 20 0.03831171 
524 266 13 17 0.038115904 
611 0 16 17 0.037748504 
225 0 16 17 0.037711404 
968 251 11 16 0.037676714 
511 216 13 17 0.037653916 
824 161 22 26 0.037598327 
134 196 12 17 0.03758477 
5 9 14 17 0.037454955 
531 22 17 23 0.036948018 
908 152 14 20 0.03694426 
695 287 16 22 0.036895525 
980 480 22 27 0.036713522 
790 249 14 18 0.036663823 
813 156 14 16 0.036546394 
881 192 15 21 0.036380272 
561 572 17 22 0.03631479 
575 325 15 18 0.03601925 
235 188 14 18 0.036018595 
261 101 15 18 0.035926066 
942 74 15 18 0.035852905 
471 337 14 20 0.035807412 
537 4 21 25 0.035781827 
199 186 11 16 0.03566676 
5 377 13 18 0.035662625 
870 420 17 21 0.03549247 
323 53 16 20 0.035381023 
214 563 16 21 0.035335526 
885 367 19 25 0.03529483 
604 450 15 22 0.035181332 
143 567 17 22 0.035092253 
86 -1 15 12 0.034882843 
286 338 22 26 0.03484667 
428 580 14 17 0.03479787 
127 126 16 20 0.034748822 
196 578 15 19 0.03470955 
358 618 12 14 0.034507688 
184 217 13 18 0.034500122 
950 0 16 18 0.03434613 
741 401 16 21 0.034182962 
4 305 13 20 0.034092646 
736 0 15 18 0.034086723 
816 164 14 18 0.034063287 
425 103 16 22 0.034025624 
10 149 15 19 0.033944678 
167 212 14 17 0.03394086 
116 477 16 20 0.033930503 
15 286 12 17 0.033745114 
235 529 20 24 0.033698257 
915 493 18 20 0.033404753 
423 -1 14 12 0.033385832 
495 437 14 17 0.03333334 
150 154 11 17 0.033258237 
285 82 14 19 0.033223774 
91 123 12 17 0.03297797 
958 32 16 22 0.032827687 
718 510 18 22 0.032826036 
489 355 14 19 0.032824628 
846 136 14 18 0.032716572 
1007 600 15 23 0.03269914 
442 253 14 19 0.032654036 
1014 28 9 15 0.032647733 
936 245 19 25 0.032636426 
660 1 15 19 0.032605007 
166 318 17 22 0.032499243 
784 11 22 27 0.032345228 
208 64 16 20 0.032191798 
332 11 14 18 0.03219147 
1013 372 10 16 0.032172926 
127 381 13 17 0.03214216 
504 426 15 19 0.03213268 
613 53 14 18 0.03208915 
286 15 22 29 0.03196529 
10 299 20 28 0.03171332 
844 515 15 18 0.031640016 
332 622 14 19 0.031554136 
251 172 12 15 0.031545192 
556 385 13 17 0.031503674 
896 137 20 25 0.031441968 
550 42 12 16 0.031433165 
635 1 21 24 0.031410307 
917 321 15 19 0.031312928 
333 487 14 21 0.031268384 
73 0 16 17 0.03122395 
652 434 14 18 0.031160451 
6 394 14 19 0.031142808 
219 23 13 17 0.031090906 
7 130 12 17 0.031000573 
219 239 16 19 0.03099809 
607 186 14 17 0.03080406 
538 210 15 20 0.030800832 
677 442 14 18 0.030751336 
164 435 12 17 0.03072932 
431 264 16 20 0.030704362 
255 272 14 18 0.030700006 
373 219 14 17 0.030694107 
247 14 12 15 0.030642217 
783 21 16 22 0.030641083 
183 165 14 17 0.030607251 
950 33 16 21 0.030595051 
920 0 14 14 0.030486884 
485 271 16 20 0.030430937 
155 151 15 19 0.030419532 
488 95 17 20 0.030354984 
699 276 17 20 0.030354623 
668 2 16 19 0.030306252 
329 261 18 20 0.03027551 
0 61 13 21 0.030169219 
949 24 15 20 0.030141756 
921 311 18 24 0.030038452 
163 489 13 17 0.02983673 
444 296 13 18 0.029805198 
65 354 15 22 0.029767657 
341 412 17 23 0.029762398 
762 591 22 27 0.02976022 
827 242 14 19 0.029745944 
132 237 16 21 0.029670523 
1003 32 14 19 0.02959299 
162 5 24 25 0.029553289 
855 76 13 16 0.02930943 
256 482 13 18 0.02921458 
405 106 13 19 0.029105602 
396 0 14 19 0.029080857 
697 456 16 20 0.029049197 
0 230 10 16 0.029010978 
532 263 13 18 0.028981661 
123 494 16 21 0.028976463 
533 341 14 17 0.02895394 
266 172 13 15 0.02891843 
502 663 16 21 0.028873071 
809 121 15 20 0.028867003 
867 312 15 20 0.028744675 
229 486 17 20 0.028713804 
979 236 23 27 0.028595435 
274 418 14 19 0.028580498 
553 599 20 26 0.028572422 
987 425 16 21 0.028529372 
455 552 13 19 0.028405959 
799 318 13 16 0.028363835 
411 250 14 18 0.028336203 
0 308 11 17 0.028320018 
170 29 17 19 0.02831872 
997 43 15 20 0.028257232 
66 59 14 19 0.028255988 
370 487 20 25 0.028197914 
128 -2 15 14 0.028193794 
987 468 23 29 0.02812317 
515 499 13 17 0.028096804 
372 548 12 18 0.028066408 
143 660 14 18 0.028034937 
686 255 14 20 0.027951289 
350 0 13 14 0.02786458 
426 212 19 26 0.027639275 
828 309 17 21 0.0273428 
427 -5 21 21 0.027223913 
515 90 14 17 0.027183207 
655 91 15 19 0.027138686 
941 82 16 19 0.027038213 
941 685 25 26 0.027036957 
661 482 15 20 0.027014716 
940 628 13 16 0.026996635 
311 530 15 20 0.026927229 
199 558 15 21 0.02688072 
317 225 13 16 0.026859347 
1013 318 12 17 0.026799755 
333 20 16 22 0.026759742 
555 595 15 19 0.026716998 
155 339 23 28 0.026702622 
358 91 16 21 0.026696432 
429 603 18 24 0.026664592 
505 500 17 21 0.026582558 
698 50 14 18 0.02657831 
367 86 14 18 0.026499463 
998 393 15 20 0.026497822 
813 411 15 19 0.02646659 
453 489 14 21 0.026429826 
547 158 19 25 0.026423471 
306 11 12 16 0.026347317 
445 194 21 30 0.026346559 
508 393 14 19 0.026340488 
422 458 16 20 0.026336443 
3 288 13 18 0.026289627 
287 329 15 19 0.026223952 
318 595 17 23 0.026180346 
664 532 19 22 0.026143331 
1012 36 12 17 0.026140926 
119 191 18 20 0.02603357 
84 398 15 20 0.026017236 
230 315 17 22 0.025921704 
537 173 17 22 0.025819995 
1 161 13 20 0.02580957 
431 8 14 18 0.025794964 
715 221 15 20 0.025574237 
341 253 11 16 0.02554809 
722 428 15 19 0.025479648 
789 49 14 18 0.025404714 
733 497 21 26 0.025367394 
414 101 17 22 0.025340186 
20 303 16 22 0.025334416 
194 234 15 18 0.02520245 
601 123 16 21 0.025175817 
493 255 19 23 0.025162367 
0 537 11 19 0.025083235 
659 475 15 19 0.025055327 
485 284 15 18 0.025022008 
967 498 14 19 0.025007254 
253 -1 16 14 0.024946759 
478 109 17 22 0.024924744 
779 538 23 26 0.024901252 
814 484 14 20 0.024897415 
976 12 16 18 0.024877157 
421 626 13 18 0.024846736 
3 629 14 19 0.024798196 
646 264 13 17 0.02477686 
677 0 14 16 0.024767127 
372 615 17 21 0.024678264 
57 421 19 24 0.024635369 
87 14 12 15 0.024592686 
0 670 11 22 0.024537932 
218 30 15 21 0.02453767 
569 129 16 19 0.024499955 
650 151 16 19 0.024452658 
160 21 15 19 0.024423238 
-1 346 9 16 0.024240313 
559 353 14 20 0.024228536 
516 36 14 18 0.024155654 
798 464 16 20 0.024147334 
483 379 14 18 0.02408459 
775 85 15 19 0.023999419 
1010 676 13 18 0.023987165 
321 465 20 25 0.023982145 
442 590 14 19 0.023948979 
458 284 14 17 0.023945685 
907 210 15 21 0.02394115 
50 147 16 20 0.023937546 
267 163 14 18 0.023904633 
207 50 13 18 0.02389767 
24 117 17 21 0.023851538 
687 63 13 18 0.02381368 
413 458 14 20 0.023755787 
31 223 16 19 0.023752132 
348 88 15 20 0.02371877 
252 489 13 18 0.023703547 
305 277 18 20 0.02364103 
490 3 15 17 0.023626113 
311 541 17 22 0.023620026 
156 322 24 29 0.023487426 
21 386 15 22 0.02348426 
570 564 21 28 0.023424799 
470 68 13 18 0.023398414 
296 353 15 20 0.023321534 
908 138 14 19 0.023203582 
243 0 16 17 0.023173671 
43 435 17 22 0.023165345 
587 183 15 19 0.023058318 
542 -1 15 14 0.023052422 
325 225 12 16 0.023021793 
672 65 14 18 0.022886992 
1013 633 12 19 0.022852914 
119 120 14 19 0.022798175 
604 399 14 18 0.022754328 
343 520 15 20 0.022698298 
886 607 16 21 0.022685427 
685 563 15 19 0.02267715 
832 286 22 26 0.022654045 
592 116 15 18 0.022609899 
766 318 16 20 0.022586722 
321 365 11 16 0.022490134 
327 538 16 21 0.02247757 
501 234 13 18 0.022458624 
324 81 14 19 0.022411218 
563 606 22 29 0.022403829 
70 287 15 19 0.022327002 
605 34 14 18 0.022317646 
341 89 14 19 0.022300705 
848 284 15 18 0.02229075 
293 -5 20 22 0.022263112 
874 -2 13 15 0.022199841 
107 623 16 23 0.022174725 
265 61 20 27 0.022119163 
94 348 18 21 0.02211098 
359 51 13 17 0.02201306 
388 418 20 27 0.021993564 
518 604 18 22 0.021987965 
659 468 15 16 0.021824196 
1005 380 15 20 0.021820735 
20 220 13 17 0.021809667 
229 309 14 18 0.021800488 
526 26 14 19 0.02175402 
123 116 14 19 0.021719618 
787 266 21 24 0.02169643 
718 419 14 18 0.02167584 
300 410 15 19 0.021670522 
329 564 23 28 0.021615155 
792 351 16 21 0.021591693 
476 26 14 18 0.021554569 
455 313 21 27 0.02152227 
542 50 12 17 0.02146922 
661 291 14 17 0.021461042 
326 569 15 19 0.021449797 
296 32 15 20 0.021403877 
806 118 13 17 0.021392109 
1002 418 20 32 0.021390736 
388 585 13 17 0.021372369 
1007 265 20 28 0.0213181 
283 90 15 20 0.021296524 
117 469 15 18 0.02126214 
17 0 15 14 0.02119328 
784 57 16 20 0.021135677 
-1 182 9 16 0.021126326 
644 51 15 20 0.021118894 
744 235 15 18 0.021063779 
276 545 15 18 0.021038719 
824 320 14 19 0.02102573 
840 257 19 24 0.021013586 
937 633 12 16 0.020976292 
417 218 20 27 0.020939954 
436 609 24 28 0.020899316 
750 172 17 23 0.020896815 
684 536 15 20 0.020894457 
161 67 24 29 0.020854438 
314 666 16 19 0.020831594 
1002 173 20 26 0.020751372 
397 197 16 21 0.020750886 
331 246 14 19 0.02073479 
668 350 16 20 0.020666257 
776 25 13 19 0.020661099 
398 13 16 22 0.020650893 
726 223 18 24 0.0206481 
174 436 12 17 0.020636061 
227 20 12 16 0.020597134 
856 558 17 21 0.020588065 
501 355 12 17 0.020537985 
367 467 22 27 0.020517811 
964 95 14 19 0.0204721 
814 177 19 24 0.020455418 
1006 555 14 17 0.020451916 
526 361 15 20 0.020415748 
31 111 20 26 0.020406365 
172 109 14 18 0.02040412 
188 225 16 19 0.020360636 
23 193 14 20 0.020337893 
561 158 20 26 0.020320144 
17 52 14 19 0.02029227 
814 403 15 18 0.020289078 
506 45 21 25 0.02026915 
934 462 16 20 0.020258976 
726 521 21 27 0.020249147 
609 130 14 19 0.020248597 
865 169 16 21 0.020238958 
295 474 16 21 0.02022966 
414 258 13 18 0.020194326 
55 635 16 24 0.020185176 
805 425 18 23 0.020162946 
244 127 16 19 0.020147286 
316 235 15 18 0.02014387 
965 3 14 16 0.020119563 
963 275 11 16 0.020114942 
939 56 15 20 0.0200778 
485 255 14 17 0.020069087 
467 258 15 17 0.020066788 
996 380 15 18 0.020049544 
622 178 14 18 0.020047342 
