12_Group_Group_12_Group_Group_12_732
35
466 254 29 39 0.9995789 
588 230 30 36 0.99894124 
819 199 30 37 0.9985185 
699 220 29 33 0.98611754 
223 146 34 36 0.9397544 
341 166 31 38 0.7323234 
770 198 23 33 0.58113104 
566 234 23 30 0.090216964 
700 158 10 12 0.062356487 
566 237 14 18 0.058161717 
210 155 30 34 0.047748145 
645 157 10 15 0.044358667 
787 211 13 17 0.042760592 
173 164 31 39 0.04214748 
903 175 11 14 0.040171444 
843 209 14 19 0.03925414 
346 183 21 25 0.03799955 
694 222 21 25 0.035751577 
199 171 29 30 0.032297518 
196 173 15 17 0.02948462 
696 160 12 16 0.02909197 
152 94 9 12 0.027748061 
199 136 50 48 0.027743315 
697 204 26 31 0.026663577 
740 152 12 16 0.02517412 
220 201 30 37 0.024707058 
728 148 12 14 0.02283764 
187 165 14 15 0.022799386 
450 252 15 20 0.022425357 
800 207 28 35 0.022381976 
734 148 12 15 0.022324037 
500 390 36 33 0.022273742 
789 211 29 41 0.021226944 
700 205 13 16 0.020569464 
701 153 9 10 0.02053147 
