12_Group_Team_Organized_Group_12_Group_Team_Organized_Group_12_583
98
814 292 60 77 0.9936672 
571 221 25 33 0.9918451 
922 249 37 45 0.9750669 
525 275 42 56 0.96026653 
143 44 34 38 0.9448056 
252 226 57 58 0.9253044 
828 226 29 34 0.8955296 
994 156 24 29 0.68176615 
701 144 22 25 0.6703074 
832 177 20 21 0.5950584 
434 217 24 30 0.43646967 
394 179 18 22 0.3539435 
364 76 14 20 0.32175547 
666 193 25 30 0.23989818 
534 137 25 31 0.20745558 
990 229 23 34 0.20214835 
246 54 47 58 0.12939423 
544 222 29 36 0.12552263 
853 202 17 20 0.10885898 
491 102 25 32 0.09919275 
591 299 35 40 0.07534015 
554 217 43 50 0.07305685 
890 219 16 19 0.06640799 
674 302 68 58 0.06407699 
462 225 27 32 0.06257982 
758 139 14 18 0.055182133 
924 216 18 23 0.054432996 
371 117 46 53 0.051475104 
819 198 17 22 0.049960513 
490 86 28 35 0.047447506 
876 208 14 19 0.044875447 
601 105 41 48 0.042450372 
826 187 21 28 0.041344702 
354 66 45 61 0.04105992 
548 56 52 69 0.04068092 
835 191 16 21 0.040015165 
361 74 25 34 0.039182477 
291 78 54 69 0.038752712 
700 156 19 21 0.03719644 
271 67 51 63 0.03687205 
476 29 33 48 0.035910115 
259 67 18 21 0.0344253 
116 78 11 15 0.03302349 
772 140 13 18 0.031355813 
227 37 75 96 0.031346906 
492 79 44 54 0.029927306 
992 213 30 39 0.029421693 
366 86 14 19 0.028548516 
329 50 80 110 0.028204711 
839 182 17 21 0.02779936 
762 144 17 22 0.027691666 
996 171 18 23 0.027238403 
370 71 25 31 0.027183674 
756 170 17 20 0.026594514 
621 291 13 18 0.026471512 
564 248 29 33 0.026018647 
584 174 31 34 0.025707848 
930 209 16 20 0.025703778 
876 164 14 18 0.025631212 
407 92 15 18 0.025224665 
920 223 26 33 0.025036221 
747 155 14 18 0.024551895 
524 131 40 50 0.024153203 
931 203 14 17 0.024133777 
933 172 12 15 0.02355987 
242 232 86 86 0.023518704 
989 153 37 50 0.023399284 
303 95 57 73 0.023054807 
705 195 17 20 0.023036266 
508 27 12 14 0.022658395 
411 104 13 17 0.021842651 
711 155 23 27 0.021655444 
377 139 45 52 0.021586923 
701 170 16 18 0.021568986 
361 71 12 16 0.021559047 
650 93 114 131 0.021520706 
901 153 15 17 0.021508468 
360 86 53 69 0.021478105 
688 294 38 34 0.021332141 
740 171 16 18 0.021226903 
855 70 11 14 0.021077443 
779 145 16 20 0.020999718 
821 138 13 15 0.020870756 
902 148 24 27 0.02082101 
908 198 22 27 0.020794285 
483 67 30 37 0.020773245 
609 137 32 34 0.020766601 
764 134 14 16 0.020697813 
771 314 50 63 0.02063872 
782 116 13 16 0.020544814 
85 60 32 38 0.0204972 
807 118 10 13 0.02040112 
480 56 46 63 0.020388855 
565 72 56 69 0.02034365 
822 200 24 29 0.020258652 
822 113 14 17 0.02016967 
885 212 14 18 0.020130742 
105 25 15 18 0.0200126 
