12_Group_Team_Organized_Group_12_Group_Team_Organized_Group_12_461
122
39 299 31 36 0.99520606 
401 283 28 35 0.99042577 
250 283 26 31 0.98383534 
908 424 23 26 0.9795855 
180 317 16 22 0.90645456 
285 301 13 16 0.9003796 
485 302 44 50 0.8836389 
356 309 21 26 0.87968284 
341 413 24 34 0.82149905 
313 307 10 13 0.76129186 
155 309 11 14 0.7066545 
633 297 26 33 0.7054531 
330 326 17 20 0.6892133 
117 311 11 15 0.4473802 
909 328 11 14 0.36602417 
951 441 21 26 0.19155319 
135 305 13 17 0.13421968 
831 416 15 24 0.123948 
461 298 45 52 0.12263834 
839 414 22 28 0.113090776 
1000 289 11 13 0.11043147 
46 286 25 31 0.106060944 
262 288 17 23 0.0888427 
962 442 17 22 0.08834781 
28 549 15 19 0.08238269 
849 408 24 31 0.08132314 
906 328 21 28 0.07770223 
886 434 14 18 0.07603665 
115 317 16 21 0.070038736 
869 409 14 21 0.06847157 
870 573 11 14 0.06601265 
943 444 21 27 0.06471525 
124 309 11 16 0.06349011 
1005 290 10 13 0.06116781 
567 574 20 22 0.061147835 
361 302 18 22 0.06095689 
507 280 41 59 0.059273425 
329 444 15 19 0.056554116 
243 286 21 24 0.051157292 
450 284 38 53 0.050653905 
1014 292 9 14 0.049397822 
992 291 10 12 0.048365645 
993 358 9 11 0.04831576 
309 302 17 22 0.045917615 
76 538 12 16 0.04479105 
860 409 17 25 0.043599583 
29 541 15 18 0.04356083 
186 310 14 20 0.042314716 
969 450 14 19 0.042201266 
18 305 14 19 0.0421916 
542 482 28 38 0.04025461 
99 307 12 18 0.039199166 
167 316 12 18 0.03911188 
930 448 15 21 0.03805568 
1012 317 10 14 0.038001705 
1014 324 9 13 0.037580505 
177 422 24 32 0.037180346 
926 330 12 15 0.037013635 
208 300 11 13 0.037007388 
518 275 25 43 0.0365547 
198 552 14 18 0.034822986 
608 289 9 11 0.0325671 
637 294 16 20 0.03180421 
314 318 21 27 0.031755358 
324 451 15 16 0.031683423 
169 507 16 17 0.03159757 
356 323 17 22 0.030889498 
290 377 15 18 0.030776843 
906 466 15 19 0.030672297 
66 640 8 10 0.030645572 
414 283 28 34 0.029878868 
862 441 16 19 0.029848343 
41 370 18 21 0.029702472 
308 324 14 19 0.02883168 
982 313 13 18 0.02877258 
141 538 16 21 0.028565811 
915 375 20 22 0.028475923 
528 479 31 41 0.028105602 
278 375 25 32 0.02805908 
727 252 32 55 0.027710691 
523 552 23 30 0.027225545 
195 293 13 15 0.02716611 
301 291 11 14 0.027049594 
982 358 9 11 0.026533836 
932 327 10 13 0.026369037 
638 306 29 39 0.026213737 
598 588 12 17 0.026124347 
368 306 17 22 0.025863359 
987 379 13 16 0.025488894 
948 370 11 14 0.02524666 
912 335 24 28 0.0251107 
947 437 17 22 0.025001934 
64 662 9 13 0.024879772 
853 395 10 14 0.02485937 
631 303 18 23 0.024339633 
529 273 23 35 0.02423901 
2 267 16 23 0.02405888 
354 420 26 33 0.024017809 
829 421 22 31 0.023816496 
539 274 25 31 0.023770312 
291 295 12 15 0.02312641 
852 392 9 11 0.02301779 
934 354 13 16 0.022952003 
862 434 13 18 0.022752719 
56 284 16 22 0.022574907 
925 410 14 18 0.022512665 
74 386 16 19 0.022032615 
28 571 11 14 0.021932239 
987 124 11 14 0.021372728 
913 326 14 16 0.021319466 
985 294 8 11 0.021233613 
598 288 11 13 0.021128811 
318 458 15 16 0.02094149 
897 323 40 51 0.020861618 
293 433 24 28 0.020822367 
876 404 13 17 0.020718569 
982 402 16 18 0.020664671 
65 668 10 12 0.020412037 
307 511 18 22 0.020380408 
293 437 14 19 0.02030276 
877 441 12 16 0.020095035 
555 287 15 19 0.020059355 
