12_Group_Team_Organized_Group_12_Group_Team_Organized_Group_12_353
34
422 -59 454 483 0.96911687 
56 1098 231 317 0.5539718 
586 55 257 329 0.36044726 
701 124 154 199 0.21660855 
478 809 207 263 0.18161044 
954 598 50 67 0.12718667 
90 1052 342 463 0.10492683 
754 942 11 14 0.08638901 
648 122 136 181 0.07832168 
803 943 181 287 0.056930535 
403 642 354 511 0.04608303 
336 257 114 147 0.04368925 
788 1077 201 271 0.03829908 
753 980 11 13 0.03571519 
427 0 264 299 0.034573317 
604 1007 354 417 0.031813283 
842 949 130 153 0.03105053 
171 625 204 253 0.029743964 
274 716 38 57 0.029503183 
799 1382 47 65 0.029501177 
736 822 25 32 0.027715882 
529 703 49 59 0.02634965 
326 554 50 58 0.025900874 
50 553 388 416 0.025752362 
299 210 221 286 0.025635315 
912 550 98 107 0.024876643 
859 1412 17 21 0.022251721 
898 528 67 62 0.022159137 
858 1391 30 34 0.022127679 
224 1076 400 456 0.022120254 
553 660 51 61 0.022114249 
951 773 11 12 0.021371555 
950 1349 60 82 0.021070644 
456 36 171 184 0.02011569 
