12_Group_Large_Group_12_Group_Large_Group_12_43
46
704 268 32 41 0.9997601 
451 223 27 36 0.9996113 
777 292 33 38 0.99961036 
816 251 29 34 0.99955744 
743 252 29 36 0.99937505 
224 231 39 49 0.99927145 
545 247 27 35 0.99925965 
473 267 33 43 0.99921286 
646 271 35 46 0.99914956 
383 280 34 41 0.9989662 
186 209 34 43 0.99885404 
683 215 25 31 0.99847525 
565 271 37 46 0.9984518 
100 237 42 49 0.9981529 
341 217 29 35 0.9979855 
897 282 38 42 0.99690753 
616 233 29 37 0.9965299 
487 207 21 26 0.98838824 
545 208 21 25 0.9706749 
403 204 21 26 0.9291433 
642 219 17 24 0.6246922 
332 197 13 17 0.32755348 
518 464 16 21 0.23474143 
299 194 15 18 0.16091248 
626 225 27 34 0.13522601 
309 209 22 25 0.06617837 
317 191 11 14 0.05393939 
896 643 22 30 0.0518068 
552 256 28 34 0.048412085 
325 211 13 18 0.03140551 
305 196 23 28 0.031096525 
512 466 14 19 0.028489834 
334 199 19 25 0.028443957 
729 253 34 44 0.027099708 
671 256 30 36 0.027063 
44 90 35 45 0.026917338 
476 200 24 29 0.02679323 
327 190 11 15 0.025723081 
409 198 17 23 0.024515744 
348 197 13 15 0.02247212 
642 201 14 16 0.022432739 
294 199 15 19 0.021893235 
309 189 14 18 0.02172815 
340 191 11 12 0.021267489 
837 234 14 17 0.021249224 
310 501 16 19 0.021209002 
