12_Group_Team_Organized_Group_12_Group_Team_Organized_Group_12_551
18
489 73 91 109 0.99912244 
272 -2 85 102 0.99855405 
196 407 17 21 0.51965654 
744 435 19 24 0.49722654 
806 434 21 26 0.29439262 
417 534 157 138 0.08898428 
831 382 28 33 0.05026474 
426 240 62 78 0.03359579 
809 343 19 22 0.028513743 
859 324 20 30 0.028432446 
847 320 37 48 0.027024023 
867 398 15 19 0.026457366 
74 311 218 252 0.025750857 
796 324 18 20 0.025727205 
84 439 59 50 0.024977313 
365 410 114 136 0.02375884 
618 -20 216 208 0.023373256 
456 507 199 220 0.020760512 
