12_Group_Team_Organized_Group_12_Group_Team_Organized_Group_12_55
77
289 169 36 36 0.99843544 
184 134 36 37 0.995096 
429 96 34 41 0.8662576 
228 133 26 34 0.3473408 
62 115 33 38 0.23129143 
83 84 26 33 0.2089333 
223 255 12 16 0.14206004 
66 97 39 46 0.14136338 
413 99 36 36 0.1165898 
518 172 10 13 0.10828838 
120 153 14 20 0.099985234 
438 81 29 42 0.09409618 
183 294 13 16 0.07156664 
203 124 41 51 0.068553165 
218 231 15 17 0.061243486 
52 123 30 33 0.06048648 
549 164 16 19 0.05766338 
125 186 16 21 0.05530634 
369 157 37 40 0.053402282 
457 190 16 19 0.05312515 
227 148 18 24 0.051855523 
1012 429 12 22 0.050404303 
507 176 22 27 0.048901074 
528 157 12 17 0.0468889 
477 319 11 13 0.046008505 
97 85 19 23 0.04554538 
138 132 11 14 0.044919673 
201 179 30 33 0.042249043 
532 161 12 16 0.04069915 
240 141 18 24 0.037518207 
575 151 9 12 0.036261294 
123 147 15 19 0.035585318 
286 341 10 14 0.03438698 
443 175 35 35 0.033881582 
248 144 24 32 0.033089593 
269 270 9 14 0.032916825 
121 296 17 24 0.031456973 
543 164 13 17 0.031422284 
257 149 23 31 0.031048687 
80 112 30 36 0.030696183 
99 152 25 33 0.029237526 
273 312 10 12 0.028495878 
159 187 11 13 0.028447958 
127 178 27 30 0.027945269 
88 79 38 52 0.027655654 
220 238 21 25 0.027222948 
93 226 15 21 0.02678613 
90 99 17 24 0.026600836 
420 144 48 47 0.026579274 
75 121 18 23 0.02644022 
446 101 26 38 0.026193777 
501 184 24 31 0.025862882 
459 315 12 14 0.025849925 
252 344 12 17 0.02522592 
78 172 12 16 0.025128817 
217 249 21 26 0.02485964 
517 165 19 27 0.02469788 
217 258 13 16 0.024650278 
412 221 44 39 0.02409164 
420 164 33 36 0.023705639 
913 132 25 30 0.023518244 
199 149 34 36 0.023487374 
341 188 16 20 0.02321657 
82 127 15 21 0.02280632 
435 155 44 44 0.022806026 
539 160 24 29 0.022567712 
55 104 31 38 0.022109387 
529 157 21 26 0.021981869 
153 209 23 28 0.021900972 
256 311 9 12 0.02157909 
93 118 27 34 0.021306789 
131 126 15 19 0.021168154 
106 246 13 16 0.021085948 
124 130 17 21 0.020890975 
7 110 461 508 0.020801023 
512 173 12 14 0.020530697 
298 327 16 20 0.020000493 
