12_Group_Team_Organized_Group_12_Group_Team_Organized_Group_12_60
43
417 254 53 74 0.99887925 
823 72 56 69 0.99871254 
521 232 55 77 0.9986033 
658 113 59 69 0.9985838 
298 155 36 44 0.9985806 
186 149 36 41 0.99798656 
656 180 55 79 0.9973501 
521 153 45 58 0.99709713 
195 186 50 58 0.99675035 
367 167 46 57 0.99593157 
446 169 34 47 0.995828 
17 179 51 58 0.9948431 
111 156 46 53 0.9932106 
594 149 39 50 0.9874334 
916 5 87 56 0.9573489 
757 120 45 50 0.92418385 
384 269 40 55 0.24292983 
329 477 46 47 0.17695616 
654 146 57 74 0.15148562 
188 161 45 55 0.1390371 
108 588 11 14 0.103827216 
961 136 44 59 0.10225728 
422 563 39 32 0.099703066 
355 325 13 20 0.080470145 
517 525 28 33 0.05655432 
396 546 60 51 0.05328887 
460 566 49 38 0.040183857 
77 598 14 19 0.036294986 
797 249 46 65 0.035745796 
648 512 53 48 0.030108398 
103 365 12 15 0.028990226 
8 360 46 52 0.02738804 
73 592 24 30 0.027227312 
110 361 24 28 0.027018199 
559 350 29 40 0.025762571 
934 25 77 69 0.02460872 
421 551 67 51 0.024178354 
171 572 16 22 0.02409838 
74 215 27 39 0.023001928 
976 510 8 11 0.022834226 
669 173 33 43 0.02231499 
400 572 38 35 0.021837788 
989 156 39 47 0.02016191 
