12_Group_Team_Organized_Group_12_Group_Team_Organized_Group_12_442
76
759 182 23 29 0.99478394 
455 211 20 28 0.99176204 
810 165 23 35 0.99083775 
522 182 23 32 0.98943806 
238 194 28 39 0.95641774 
201 186 17 26 0.9284427 
26 218 24 34 0.9158357 
968 218 28 30 0.9045719 
665 203 31 36 0.90306485 
605 135 26 34 0.7757543 
380 209 16 27 0.6861316 
127 197 21 30 0.44387427 
549 164 13 17 0.31301108 
679 205 26 31 0.2555747 
1012 244 11 20 0.23007758 
127 192 14 23 0.22628203 
880 266 18 23 0.1460308 
777 149 22 28 0.12946074 
161 186 27 33 0.1233918 
999 176 14 19 0.08781891 
984 215 18 25 0.08044346 
169 176 39 45 0.07538677 
980 284 15 24 0.07430651 
258 170 14 20 0.07289412 
629 165 16 22 0.07073451 
863 233 21 31 0.063728675 
869 212 12 15 0.06336225 
780 125 25 28 0.055449132 
873 280 17 22 0.053846315 
1011 177 13 20 0.053761255 
1012 284 10 16 0.05374571 
311 219 11 15 0.052214526 
31 191 10 14 0.051997215 
166 247 11 17 0.051849216 
547 172 17 26 0.047402613 
806 259 30 43 0.044318117 
148 191 17 23 0.044314213 
810 159 16 22 0.043791596 
1012 235 11 19 0.042282037 
993 216 17 24 0.040397704 
151 192 28 31 0.039255407 
27 159 19 23 0.03872232 
137 195 17 21 0.038236223 
534 177 20 29 0.036824197 
559 196 13 17 0.03672013 
553 167 15 22 0.036574118 
876 258 17 23 0.035706554 
516 128 14 16 0.03423383 
154 186 19 25 0.031616885 
870 269 24 28 0.029660612 
774 130 16 18 0.028127585 
252 172 21 31 0.027924797 
774 134 26 32 0.027593842 
393 209 16 22 0.027479839 
853 175 14 21 0.027298298 
404 208 15 21 0.02689847 
977 362 26 35 0.026501972 
869 286 16 21 0.025856169 
773 148 16 22 0.024627514 
1000 272 20 29 0.024621151 
555 183 14 20 0.024028335 
310 224 14 19 0.023615947 
867 246 26 33 0.023363387 
32 209 19 30 0.022977376 
191 191 15 21 0.022781882 
812 168 36 46 0.022621607 
473 217 14 19 0.022275632 
517 172 14 18 0.022166092 
411 202 13 20 0.021968808 
27 203 17 26 0.02194165 
993 275 16 20 0.021923399 
385 206 17 23 0.021463877 
783 138 30 34 0.021096744 
1001 174 21 30 0.020760745 
881 280 17 23 0.020508386 
556 196 23 27 0.020013962 
