12_Group_Large_Group_12_Group_Large_Group_12_196
28
106 108 51 69 0.9995927 
540 194 36 45 0.9992323 
874 84 50 63 0.9990212 
474 319 35 44 0.9982998 
404 284 32 42 0.99827003 
614 254 36 46 0.9973375 
716 134 44 59 0.99704945 
803 140 46 57 0.9969304 
162 191 44 57 0.99604094 
310 194 37 45 0.9953621 
230 197 38 51 0.9942111 
840 154 26 38 0.12791915 
713 272 55 63 0.069365636 
864 518 9 12 0.044893418 
724 291 32 35 0.04393085 
716 557 132 135 0.041813374 
588 451 12 16 0.029632209 
972 396 14 18 0.026574023 
790 567 7 10 0.025540423 
821 455 10 13 0.02393739 
784 559 8 11 0.02383595 
799 501 8 11 0.023209548 
828 288 26 34 0.02204269 
791 572 8 9 0.02103288 
785 564 8 12 0.020954281 
396 259 443 517 0.020122493 
815 528 8 11 0.020108074 
871 524 9 12 0.020106003 
