12_Group_Team_Organized_Group_12_Group_Team_Organized_Group_12_162
17
366 210 140 173 0.9997017 
587 393 57 93 0.24216226 
817 864 67 86 0.20348376 
613 410 54 82 0.12362795 
312 334 32 39 0.08368956 
988 325 37 94 0.07510443 
634 406 62 92 0.06317145 
330 369 44 67 0.060762133 
574 383 49 80 0.059799656 
279 324 25 29 0.042589337 
6 897 343 533 0.040116947 
191 305 118 169 0.035608187 
300 327 16 20 0.0332778 
680 397 61 87 0.030007241 
795 598 15 17 0.024333175 
304 336 51 68 0.022373306 
580 377 29 55 0.020501316 
