12_Group_Team_Organized_Group_12_Group_Team_Organized_Group_12_283
137
134 332 27 33 0.9979219 
386 230 18 21 0.9943725 
233 256 22 29 0.99400145 
360 339 22 29 0.99200565 
433 246 21 29 0.9919865 
355 263 18 24 0.99161655 
236 345 23 31 0.9914375 
559 239 21 28 0.9878753 
97 260 18 22 0.98517275 
800 240 20 25 0.98496497 
481 215 17 21 0.9836731 
69 234 21 27 0.98303413 
768 243 20 25 0.98214483 
586 237 20 25 0.98207873 
518 345 22 28 0.98179686 
612 232 21 27 0.9807524 
442 330 22 27 0.9798631 
459 250 20 26 0.97984856 
264 249 22 26 0.97954214 
522 222 16 20 0.9759295 
283 232 17 20 0.9758482 
478 268 21 26 0.9738602 
177 264 19 23 0.9730014 
667 233 19 24 0.9724495 
736 229 18 23 0.97188085 
889 267 20 25 0.9714938 
331 259 17 23 0.96780396 
672 271 19 24 0.96432775 
846 248 20 26 0.962883 
297 349 20 26 0.9623782 
625 261 19 23 0.96234995 
63 319 24 29 0.95680326 
360 243 18 22 0.9542872 
137 235 14 18 0.9531122 
645 232 14 19 0.95130527 
825 246 20 26 0.9496599 
306 265 19 25 0.9478051 
734 284 20 25 0.941866 
469 232 18 22 0.9340486 
701 230 16 20 0.9230197 
317 220 13 16 0.9212552 
951 262 22 26 0.91995585 
108 235 20 22 0.9167949 
410 243 19 24 0.9141854 
334 238 19 24 0.9014447 
653 258 20 25 0.89998096 
390 258 20 23 0.8996456 
574 357 22 28 0.8869861 
217 230 17 21 0.8794886 
148 253 16 21 0.87160265 
302 248 17 23 0.8551559 
711 244 18 22 0.8383392 
541 250 13 18 0.80818486 
248 233 16 19 0.7955578 
674 358 18 22 0.75980175 
205 239 17 20 0.73035085 
306 232 15 18 0.7210653 
178 228 13 17 0.7000578 
520 260 16 22 0.6905362 
0 330 15 19 0.3377844 
161 338 16 20 0.28743395 
360 293 17 22 0.25778332 
206 254 16 20 0.17219082 
398 356 12 16 0.15422432 
473 219 21 26 0.13091578 
941 298 11 15 0.12706602 
524 232 16 18 0.116410285 
526 239 16 19 0.10268795 
352 226 13 17 0.094989665 
356 228 15 18 0.09392817 
294 247 18 24 0.09390805 
640 235 14 19 0.0925925 
337 211 12 14 0.0872142 
47 254 13 16 0.086139105 
677 299 13 18 0.07548434 
636 240 16 21 0.07525125 
331 247 16 21 0.07063233 
176 224 11 15 0.06929719 
789 361 12 14 0.06709505 
602 235 21 28 0.06705429 
623 356 15 19 0.06670959 
12 330 13 16 0.065586455 
399 250 20 26 0.061415784 
522 251 17 21 0.06079319 
284 245 15 22 0.060389735 
803 263 13 16 0.05923453 
328 349 12 16 0.05879542 
66 210 13 16 0.049738526 
870 230 13 16 0.049737737 
548 239 21 27 0.04955548 
567 349 24 28 0.04944167 
596 439 13 13 0.048934 
363 231 15 17 0.048804693 
24 423 11 15 0.045865923 
536 461 13 14 0.043714784 
273 240 19 25 0.04244448 
19 332 13 15 0.04201822 
36 308 16 23 0.04150785 
375 273 14 17 0.040298503 
285 264 16 20 0.038675368 
715 434 30 40 0.036955807 
630 250 20 26 0.036682103 
628 241 15 19 0.034919437 
963 364 11 13 0.034683533 
19 277 16 19 0.034461364 
103 404 13 16 0.033849806 
227 398 25 31 0.033723768 
4 327 20 23 0.03183288 
740 313 15 19 0.03171044 
13 312 11 16 0.03115353 
50 242 15 18 0.029297763 
413 261 15 19 0.029070167 
1006 208 12 17 0.027487984 
526 375 15 21 0.026670473 
735 372 9 13 0.02635873 
290 261 21 27 0.026186084 
709 381 13 16 0.025998076 
347 289 15 20 0.025993295 
149 314 13 16 0.025597366 
179 237 16 20 0.024052145 
348 243 20 26 0.023381991 
599 201 24 27 0.022362357 
417 174 9 12 0.021736188 
565 347 16 19 0.02163445 
126 240 13 18 0.021520805 
342 199 10 12 0.02132447 
98 276 16 21 0.021254605 
868 240 16 20 0.021070803 
602 271 16 19 0.020996641 
361 175 9 12 0.02083511 
214 394 27 33 0.020760588 
511 261 20 26 0.020620964 
321 224 15 18 0.020610226 
230 172 12 14 0.020225009 
635 475 14 16 0.020172719 
184 260 16 20 0.020142132 
411 340 13 17 0.020029785 
