12_Group_Team_Organized_Group_12_Group_Team_Organized_Group_12_617
147
196 192 45 60 0.9978661 
561 154 43 56 0.99475276 
845 128 22 33 0.9915318 
908 192 45 51 0.9891851 
653 155 18 23 0.9845056 
756 167 18 22 0.97518456 
275 178 16 19 0.9560614 
66 202 23 27 0.9402315 
803 161 18 26 0.9296723 
980 157 16 22 0.9085944 
356 228 22 28 0.849157 
271 226 20 30 0.72867167 
352 172 12 16 0.7262682 
692 174 10 12 0.66552347 
384 159 12 15 0.6402518 
636 166 10 13 0.6106774 
256 216 25 35 0.60069144 
714 154 14 19 0.52370995 
294 167 17 20 0.5138317 
400 196 10 13 0.44194576 
440 199 10 14 0.37591493 
738 159 14 20 0.36742178 
784 199 12 15 0.33620206 
971 164 22 29 0.31802893 
308 224 11 17 0.20810227 
137 201 27 46 0.17064883 
347 188 14 17 0.16969037 
252 202 24 31 0.14104475 
11 249 21 31 0.13782164 
301 224 13 20 0.10966331 
334 259 13 18 0.106681615 
310 158 10 12 0.08509418 
723 161 14 17 0.084044434 
716 166 14 20 0.08271786 
106 206 24 29 0.08078478 
847 139 27 35 0.07741263 
281 229 18 24 0.07696953 
631 168 13 16 0.076310866 
814 190 15 20 0.073951945 
279 168 21 25 0.073017575 
793 221 11 14 0.06891709 
368 189 11 14 0.06767672 
292 157 15 18 0.061900295 
701 238 9 10 0.061368506 
797 230 13 16 0.0594374 
719 121 12 14 0.05755779 
501 199 8 10 0.05672275 
812 150 13 16 0.056246094 
439 192 10 12 0.055812687 
731 582 26 43 0.05446949 
291 224 17 24 0.054202244 
964 170 23 32 0.05408696 
410 214 8 11 0.053439923 
510 189 7 9 0.052199565 
505 191 8 10 0.051833645 
382 198 8 12 0.05174884 
142 188 34 49 0.046911143 
48 285 13 18 0.045597356 
275 232 27 33 0.045537923 
395 174 14 18 0.043907 
984 162 18 23 0.042440094 
-4 247 79 113 0.038670234 
249 189 24 30 0.037260137 
346 198 17 19 0.036659192 
423 246 9 11 0.03563197 
3 266 29 37 0.03482574 
395 187 18 25 0.034632195 
717 143 12 17 0.0339386 
356 189 11 15 0.033910815 
246 168 10 11 0.033498257 
101 215 16 20 0.032375418 
344 179 13 15 0.031870194 
705 187 11 15 0.031827927 
430 212 9 12 0.03169039 
622 181 13 17 0.03137133 
307 162 12 17 0.030668149 
365 201 13 17 0.030635586 
802 233 13 15 0.030626822 
395 158 11 13 0.030019619 
689 169 17 22 0.02977206 
367 183 10 15 0.029528586 
393 203 10 14 0.029484874 
43 281 22 29 0.02927779 
735 215 10 13 0.02892983 
4 249 18 23 0.028526867 
12 270 53 65 0.028416334 
497 192 9 11 0.028313635 
445 191 9 12 0.02812324 
431 205 11 15 0.028106514 
432 192 9 12 0.027781501 
357 195 13 16 0.027720675 
348 225 17 22 0.027526824 
423 239 8 11 0.026716288 
347 218 15 20 0.026392477 
740 220 11 12 0.025979519 
487 236 11 16 0.025865395 
394 195 12 15 0.025667628 
780 236 13 16 0.025374467 
614 582 9 13 0.0252362 
839 196 11 15 0.024919732 
319 151 9 11 0.024861164 
90 1 14 15 0.024562132 
259 190 13 18 0.024539324 
433 196 10 14 0.024460249 
425 207 9 13 0.024364633 
952 190 27 39 0.024253426 
708 179 12 15 0.023888018 
73 195 26 32 0.023687873 
934 137 12 16 0.023468547 
90 205 23 27 0.02335587 
271 182 15 20 0.023236439 
48 184 10 12 0.022937572 
767 152 11 13 0.022901094 
281 184 13 17 0.022768768 
852 156 16 22 0.022607794 
105 221 18 23 0.02250148 
501 203 9 12 0.022326183 
733 167 13 18 0.022325817 
94 216 14 18 0.022250777 
288 166 14 16 0.02214156 
244 212 25 36 0.022100816 
382 203 11 15 0.02209447 
856 131 18 24 0.022081854 
718 131 11 14 0.021969063 
438 196 17 22 0.02196597 
388 212 11 14 0.021633796 
397 237 10 12 0.021580284 
808 152 11 15 0.02146847 
301 159 13 16 0.021319306 
734 151 13 18 0.021174423 
670 457 50 54 0.02102694 
418 238 8 11 0.021026824 
819 148 12 17 0.020988492 
743 594 47 53 0.020811215 
395 164 13 14 0.020767285 
448 238 10 14 0.020763598 
117 207 27 35 0.020717423 
94 205 11 15 0.02071629 
343 223 14 21 0.020607142 
418 245 8 12 0.020543097 
789 213 12 16 0.020522784 
492 230 13 18 0.020479629 
726 556 55 64 0.0203072 
86 232 26 34 0.020268328 
699 122 11 14 0.020213865 
567 406 10 12 0.020207478 
740 464 14 18 0.020134103 
