12_Group_Team_Organized_Group_12_Group_Team_Organized_Group_12_171
63
580 233 27 34 0.99935323 
94 180 54 69 0.99785584 
489 247 26 29 0.990284 
356 290 30 34 0.98379666 
646 223 25 30 0.97907776 
411 255 26 32 0.97633743 
281 236 31 37 0.9462555 
728 232 14 23 0.8920995 
201 248 28 36 0.5503601 
-1 312 26 40 0.330583 
825 233 27 38 0.26402798 
822 223 46 63 0.2537206 
44 250 30 37 0.18740676 
39 225 47 59 0.14728855 
371 254 27 35 0.12645042 
849 235 16 22 0.114541106 
827 240 16 22 0.09709892 
417 355 26 36 0.08647976 
10 294 44 60 0.07245108 
344 293 45 51 0.061317816 
734 232 18 23 0.054129962 
440 308 24 31 0.05346786 
817 215 80 98 0.052376214 
51 240 17 20 0.051902786 
176 216 32 38 0.05132414 
938 48 14 16 0.048344493 
790 201 17 21 0.04730013 
40 238 30 35 0.046016842 
386 261 12 18 0.041617297 
905 39 18 21 0.03636824 
464 270 11 14 0.036084075 
18 203 81 98 0.035862926 
507 213 23 31 0.0347083 
577 213 24 29 0.033702813 
182 221 39 49 0.033615872 
357 270 31 42 0.03287943 
-1 150 9 15 0.032830957 
486 241 19 25 0.032095708 
231 504 18 20 0.03209394 
291 352 36 39 0.02894211 
839 225 27 36 0.028703269 
477 220 27 31 0.028374737 
529 355 22 31 0.02830244 
26 252 47 57 0.027707312 
45 236 14 18 0.027464658 
993 51 10 12 0.02669395 
824 216 31 40 0.026305128 
319 296 47 56 0.025754109 
274 204 46 61 0.024621677 
212 243 17 27 0.024506375 
592 236 27 32 0.024328582 
811 234 27 33 0.023907721 
856 235 16 20 0.02336734 
285 362 25 31 0.023264349 
497 220 25 33 0.023031147 
845 229 15 21 0.022328949 
721 233 13 20 0.022242092 
695 466 24 32 0.021998405 
20 228 24 27 0.021980798 
997 63 11 14 0.021264559 
39 242 14 18 0.021070864 
940 38 13 17 0.020147061 
336 291 28 39 0.020095723 
