12_Group_Team_Organized_Group_12_Group_Team_Organized_Group_12_126
24
94 158 9 13 0.5084346 
782 396 50 58 0.15266049 
710 348 26 30 0.07037391 
692 390 102 113 0.060032666 
472 371 21 28 0.056954768 
560 345 51 67 0.052215394 
717 358 14 18 0.049968597 
664 340 107 101 0.04854582 
498 450 43 55 0.041836888 
470 382 17 22 0.0394716 
710 348 62 65 0.03763508 
986 408 7 11 0.035261005 
985 413 8 11 0.032022428 
802 417 40 41 0.02873191 
1006 536 7 9 0.027284386 
635 333 24 35 0.027060417 
535 328 83 108 0.026488965 
919 374 7 9 0.0238258 
760 383 56 64 0.022840854 
558 358 11 16 0.021623693 
13 446 8 10 0.021470463 
658 346 55 73 0.021165272 
365 276 10 14 0.020943364 
356 299 12 14 0.020091353 
