12_Group_Group_12_Group_Group_12_293
38
371 100 46 61 0.99880326 
106 140 62 54 0.99866617 
521 142 57 65 0.9963638 
6 83 30 38 0.9946672 
648 87 27 36 0.9933548 
903 132 45 59 0.99036753 
577 130 39 49 0.977457 
756 146 42 61 0.9523263 
823 155 37 47 0.9386809 
525 289 63 62 0.4152311 
660 156 27 33 0.36101452 
603 131 29 39 0.2566181 
652 115 24 30 0.1195709 
600 173 24 37 0.11501964 
350 110 24 35 0.09603365 
123 259 25 31 0.05292448 
611 136 18 24 0.052212186 
644 158 34 40 0.04593572 
576 101 12 14 0.04487167 
599 291 47 55 0.040976446 
728 86 27 33 0.039720148 
676 124 33 50 0.035102416 
558 293 58 61 0.034613308 
682 106 20 30 0.03262126 
502 132 11 17 0.030765383 
700 148 348 464 0.029271528 
346 129 26 48 0.02816451 
670 140 29 43 0.026114171 
1 252 15 22 0.0255211 
5 363 31 54 0.024640903 
565 107 45 58 0.024344388 
895 614 24 26 0.023975778 
312 138 40 49 0.022910565 
610 142 27 40 0.022082428 
422 517 15 19 0.021792531 
170 120 40 53 0.0217088 
922 586 26 29 0.020986373 
803 160 34 45 0.020624576 
