12_Group_Team_Organized_Group_12_Group_Team_Organized_Group_12_685
308
405 160 63 81 0.99952555 
648 982 64 76 0.99938154 
680 719 24 31 0.99743503 
855 858 26 33 0.9967163 
564 765 26 34 0.99558485 
91 632 23 31 0.99519616 
645 774 27 34 0.9943704 
757 866 25 29 0.9927509 
537 988 49 66 0.99023855 
167 765 22 28 0.9883443 
729 757 24 32 0.9873208 
418 982 67 68 0.9856155 
327 760 24 30 0.98355246 
803 770 22 30 0.9813984 
27 641 20 26 0.97697145 
643 871 24 30 0.9630066 
604 720 21 27 0.95577526 
947 615 24 30 0.95069623 
705 666 21 26 0.93088585 
754 713 24 30 0.925477 
307 860 23 28 0.9249284 
539 718 21 26 0.9162034 
592 609 20 26 0.91135526 
625 659 20 25 0.90009326 
134 1028 102 68 0.8785303 
278 641 25 31 0.87489855 
493 866 24 30 0.8679629 
659 609 19 24 0.84439665 
485 655 22 26 0.8399318 
78 754 24 31 0.8252077 
566 654 20 25 0.79900676 
356 718 25 31 0.717687 
240 753 16 21 0.6733325 
963 568 18 24 0.6695385 
424 799 57 63 0.57779884 
397 764 20 30 0.56805253 
361 647 22 28 0.547548 
191 599 22 26 0.5137077 
519 610 19 24 0.4459499 
132 528 17 20 0.4400343 
905 570 19 24 0.43248636 
115 830 18 25 0.42594668 
16 685 39 45 0.40192157 
661 702 21 27 0.4017067 
130 708 18 22 0.36710975 
516 689 18 20 0.3535225 
491 686 16 19 0.31528533 
144 489 23 29 0.31126353 
130 750 21 27 0.28953013 
208 683 21 27 0.28935045 
428 615 24 30 0.26756027 
669 662 20 27 0.255833 
281 712 17 21 0.2506754 
1009 680 16 27 0.2365947 
107 731 15 21 0.23405625 
778 897 22 29 0.19534618 
581 842 26 29 0.18620358 
628 880 27 33 0.18461296 
626 892 18 25 0.1797061 
162 477 21 26 0.17227429 
39 736 28 36 0.14041673 
121 675 17 24 0.13952495 
91 687 25 30 0.1282224 
255 739 15 19 0.12049317 
167 733 20 25 0.11843965 
734 872 17 20 0.117244735 
1007 561 16 22 0.112261616 
613 771 23 30 0.11158833 
515 809 31 39 0.111569956 
91 811 19 21 0.10933033 
309 603 17 21 0.10663181 
990 633 27 32 0.10360539 
358 681 15 19 0.098594666 
637 711 18 22 0.09450008 
700 694 21 25 0.09209617 
155 482 17 21 0.09037159 
205 509 16 21 0.08974928 
116 859 9 13 0.08441282 
148 498 25 31 0.083914354 
475 767 19 23 0.07845994 
671 714 24 32 0.0780523 
594 880 28 33 0.076862216 
464 900 30 39 0.07648485 
187 491 17 20 0.07646659 
207 696 26 32 0.07635974 
156 674 17 21 0.07436712 
758 809 15 19 0.07354908 
67 619 15 18 0.0731268 
528 617 16 19 0.07305202 
174 1031 53 36 0.0703029 
703 750 22 28 0.06875358 
138 1111 31 33 0.06742165 
901 616 17 21 0.066970825 
558 657 17 20 0.06483783 
571 706 23 27 0.06476543 
500 921 41 55 0.064279534 
619 631 17 21 0.06376731 
263 568 15 20 0.06362357 
889 611 22 27 0.063355 
366 759 20 28 0.062520936 
730 696 16 21 0.06249256 
66 711 16 19 0.062272284 
248 758 19 25 0.06151815 
686 642 15 18 0.061206546 
545 625 23 28 0.060425162 
811 887 27 33 0.060271516 
388 760 91 107 0.060059234 
930 662 23 27 0.059202317 
219 712 16 21 0.05873755 
506 813 26 36 0.058623325 
754 733 27 31 0.057589423 
204 1061 56 71 0.056459364 
902 1122 15 19 0.055828042 
525 659 16 18 0.055775072 
655 146 27 33 0.05555698 
3 676 27 37 0.055086173 
250 743 19 24 0.054823384 
250 590 16 23 0.05291989 
355 858 13 17 0.05279356 
871 866 23 30 0.052520696 
712 753 26 33 0.051366113 
253 762 22 27 0.050681043 
266 703 22 27 0.0496864 
324 679 21 28 0.048669174 
273 1007 32 53 0.047953833 
529 818 18 22 0.04786105 
107 680 24 31 0.047796577 
152 512 19 24 0.047582988 
464 877 45 56 0.047114663 
482 860 39 53 0.047098417 
751 697 40 46 0.046739705 
105 616 16 20 0.04668142 
210 1026 58 62 0.04656261 
935 614 24 31 0.046107814 
397 975 56 68 0.04583876 
176 534 16 20 0.045641366 
604 885 28 33 0.045390956 
154 1023 57 37 0.045287747 
175 480 21 28 0.04416713 
439 900 34 40 0.042945534 
909 577 22 28 0.042812873 
572 847 41 49 0.042692006 
16 753 17 22 0.042691007 
284 737 18 24 0.042233344 
120 667 17 21 0.04180676 
882 876 24 31 0.0417918 
356 708 17 19 0.041687675 
881 610 18 25 0.04127945 
376 763 23 30 0.040523995 
200 596 19 25 0.04042942 
885 587 13 16 0.040274587 
924 592 14 19 0.039670035 
392 771 54 62 0.039012663 
97 617 23 32 0.038805436 
518 993 32 44 0.037893943 
157 1055 54 43 0.03768865 
52 808 29 34 0.037617914 
416 794 39 45 0.037043773 
781 1099 58 85 0.0366598 
486 907 43 59 0.03612672 
932 618 16 22 0.035774317 
36 684 27 35 0.035489563 
892 647 28 33 0.035469245 
161 679 17 22 0.03518994 
230 754 21 27 0.035006225 
487 181 47 57 0.03483028 
541 633 15 19 0.034802377 
249 535 15 20 0.034352835 
622 691 16 20 0.034340423 
119 574 28 44 0.03402139 
449 697 16 22 0.033622917 
95 727 25 30 0.033317015 
214 736 15 19 0.033288483 
822 829 14 19 0.033284187 
719 877 27 31 0.033204786 
940 596 14 17 0.032957017 
125 882 28 44 0.032695748 
476 628 17 20 0.032638896 
520 115 360 406 0.032151874 
715 702 21 28 0.032143176 
314 684 22 29 0.032108102 
663 869 25 33 0.03202827 
103 585 25 38 0.03194797 
205 668 27 32 0.031919908 
258 876 48 52 0.031416733 
1000 659 25 38 0.031205164 
292 877 12 16 0.030994253 
574 870 45 49 0.030923484 
187 721 20 26 0.030837124 
476 713 13 16 0.030647151 
91 755 25 32 0.030565064 
79 835 24 29 0.03038064 
101 601 23 34 0.030038452 
177 729 18 24 0.03000787 
202 694 20 24 0.029705998 
398 914 48 63 0.029648745 
887 1107 46 56 0.02959588 
84 692 19 22 0.029504264 
93 527 12 16 0.02947423 
894 571 23 30 0.029087497 
954 941 18 20 0.02869095 
853 759 29 33 0.028682373 
930 605 40 48 0.028624997 
112 736 24 31 0.02840192 
0 834 21 31 0.028165437 
68 816 17 21 0.028035043 
129 678 15 21 0.027607579 
740 817 23 29 0.027577762 
532 725 24 29 0.027481228 
6 698 35 44 0.027359545 
951 564 27 32 0.027274096 
106 587 14 20 0.027210683 
991 649 28 37 0.027130553 
273 876 29 33 0.027116273 
483 936 46 56 0.02676312 
449 818 38 44 0.026677767 
929 592 23 26 0.0265191 
563 674 23 28 0.026432551 
170 884 15 19 0.026311124 
127 1673 42 55 0.026128002 
71 743 45 49 0.025956063 
852 898 15 20 0.025909454 
259 576 17 22 0.025826996 
732 656 17 23 0.025810413 
19 853 14 18 0.02548435 
253 546 15 19 0.02536662 
322 1748 110 88 0.025362046 
164 741 18 22 0.025342384 
178 768 21 27 0.025280412 
620 639 24 28 0.025212105 
374 933 14 18 0.025178328 
241 687 22 30 0.024998462 
149 803 24 28 0.02485067 
673 617 15 19 0.024747012 
649 707 20 27 0.024567874 
887 577 23 30 0.02450724 
377 1731 19 21 0.02438457 
558 888 31 35 0.02430378 
675 809 24 29 0.024301682 
634 652 15 20 0.024208888 
480 1067 34 39 0.024181504 
22 704 35 42 0.024155863 
207 601 18 21 0.024095576 
691 638 15 19 0.023816062 
748 657 17 21 0.023781424 
745 868 29 32 0.023760755 
817 953 25 31 0.023685105 
193 496 17 20 0.023679746 
495 658 16 19 0.023632945 
627 753 23 30 0.023601986 
125 747 18 24 0.023456557 
699 642 13 17 0.023311306 
62 614 14 17 0.023196666 
283 874 16 20 0.022924313 
40 612 12 15 0.022903014 
651 614 23 28 0.022890642 
257 1054 19 22 0.022864114 
794 885 40 50 0.022698468 
54 811 45 52 0.022613473 
893 1111 28 35 0.02256748 
106 741 17 23 0.022565756 
525 746 15 19 0.022539988 
596 639 16 19 0.02250547 
710 885 25 31 0.022489578 
159 768 17 21 0.022473624 
5 845 23 30 0.022378856 
309 691 15 21 0.022361692 
6 644 24 30 0.022319019 
842 874 15 20 0.02222758 
361 1762 38 35 0.022110391 
121 691 25 31 0.0220808 
60 714 24 30 0.022046303 
143 476 38 46 0.021895334 
94 622 14 19 0.02178255 
843 865 25 33 0.021733062 
982 641 26 36 0.021620449 
1000 549 22 30 0.021586068 
546 638 17 21 0.021571169 
209 464 14 18 0.021458022 
161 1061 72 67 0.021427019 
85 815 26 31 0.02139426 
161 669 17 19 0.021231461 
486 671 18 23 0.021079581 
529 624 23 29 0.02104865 
688 702 24 31 0.020980477 
1000 641 26 37 0.02096571 
533 770 23 29 0.020839693 
195 502 23 28 0.020810727 
107 783 24 29 0.020784188 
260 739 22 28 0.02077244 
634 921 35 40 0.02073117 
1002 684 25 39 0.020686677 
935 599 25 32 0.020664547 
184 588 41 46 0.020596707 
469 627 15 19 0.020594912 
734 909 44 48 0.02048335 
113 725 15 20 0.020480894 
227 617 22 28 0.020436238 
667 139 17 23 0.020423835 
654 837 26 32 0.020344848 
514 788 40 48 0.020280363 
765 694 26 33 0.020193642 
257 697 24 29 0.020145431 
591 717 24 30 0.020128347 
348 862 22 28 0.020111788 
625 628 17 20 0.020088706 
236 1037 51 71 0.020074904 
27 741 26 31 0.02001275 
