12_Group_Large_Group_12_Group_Large_Group_12_143
326
79 207 26 31 0.99606186 
257 216 32 44 0.9929738 
465 227 35 43 0.99249333 
302 166 33 43 0.99102205 
391 233 28 35 0.91565233 
356 253 27 35 0.8901284 
175 202 27 31 0.8511843 
581 217 26 30 0.8214104 
328 79 9 10 0.26297176 
582 231 27 31 0.25086254 
58 210 12 18 0.22470923 
560 238 23 28 0.21062338 
53 192 13 16 0.20579907 
23 189 12 16 0.19427595 
399 225 14 18 0.17165798 
313 94 9 11 0.14480492 
309 79 8 10 0.13899104 
43 173 11 15 0.12878416 
284 95 10 12 0.12648626 
437 245 13 19 0.12084396 
48 193 12 15 0.11971821 
342 78 9 10 0.11870329 
397 133 9 11 0.11810708 
361 49 8 10 0.112865336 
565 37 8 11 0.10241108 
297 63 8 10 0.10047459 
107 450 12 14 0.09645377 
372 71 9 11 0.09639322 
164 192 28 35 0.093689375 
584 28 9 10 0.09068027 
357 28 10 12 0.086206235 
207 221 13 16 0.083990484 
331 54 10 12 0.08193581 
296 71 9 11 0.07995677 
355 243 25 28 0.076238714 
311 86 8 10 0.07501078 
371 39 7 10 0.07098616 
96 214 21 28 0.07070283 
600 48 9 10 0.06896243 
373 76 8 10 0.06743241 
369 62 9 11 0.065567866 
595 69 10 13 0.065190345 
24 224 22 28 0.06512257 
29 126 9 11 0.06380525 
417 5 8 11 0.06373369 
551 47 9 11 0.062095568 
697 63 8 10 0.06198413 
360 86 9 10 0.06183697 
63 184 10 13 0.057780523 
608 55 10 11 0.05747762 
386 80 7 9 0.057472818 
320 64 8 9 0.055127285 
220 218 22 28 0.054411523 
328 60 10 12 0.053557936 
711 79 8 10 0.053238764 
402 47 8 9 0.053102758 
415 119 9 12 0.051281 
601 5 7 9 0.051220763 
0 59 9 13 0.050513458 
317 142 10 12 0.05051303 
613 56 9 11 0.050038 
687 4 11 11 0.049742416 
15 175 10 13 0.049258187 
367 47 8 10 0.049218543 
13 128 9 12 0.04889737 
286 88 9 10 0.04885118 
374 88 9 11 0.048034318 
704 7 8 9 0.047730245 
25 151 10 12 0.047120187 
374 44 8 10 0.04606987 
607 5 9 11 0.045532905 
4 183 9 12 0.044950757 
224 196 11 15 0.04471262 
390 32 8 11 0.04446929 
568 235 38 48 0.0438666 
374 22 7 10 0.043129887 
191 209 15 21 0.04308323 
328 73 9 10 0.04301558 
356 110 10 13 0.043007255 
439 92 9 11 0.042947825 
385 32 9 11 0.042559672 
369 93 8 10 0.042313524 
610 28 8 10 0.042023297 
597 64 10 12 0.0419986 
343 73 9 10 0.041795474 
384 48 7 9 0.041444276 
613 21 9 12 0.04088663 
657 44 8 11 0.04067097 
319 71 8 10 0.04049145 
558 48 8 9 0.04035982 
1 206 8 13 0.040238373 
356 70 10 12 0.04023417 
591 6 8 9 0.04019787 
140 209 13 17 0.040188927 
311 72 8 10 0.04014043 
107 221 15 21 0.040047012 
607 228 14 17 0.040010285 
334 78 8 11 0.03837988 
337 7 10 12 0.038354885 
345 63 7 10 0.038262356 
400 86 8 11 0.037888065 
304 95 9 10 0.037260924 
615 1 9 11 0.03712064 
60 84 10 12 0.036765218 
471 404 241 275 0.036535624 
406 233 22 31 0.03648765 
367 54 8 10 0.036427505 
422 23 8 10 0.036377832 
344 100 10 12 0.03614006 
584 38 10 12 0.03582846 
407 103 9 11 0.035511684 
21 172 11 15 0.035490014 
614 71 11 12 0.035379495 
670 56 9 11 0.035289023 
312 7 10 10 0.034991745 
349 96 8 10 0.03478647 
607 40 9 10 0.03474737 
313 48 9 10 0.0347117 
702 87 9 10 0.034640744 
558 64 9 10 0.034573656 
443 28 9 11 0.03449904 
367 160 10 13 0.03391198 
335 72 7 10 0.03389123 
3 157 11 13 0.03386022 
0 213 9 14 0.033734642 
210 216 22 26 0.033566777 
665 62 8 11 0.03349483 
280 48 8 10 0.033335257 
62 102 8 11 0.03331853 
53 190 20 27 0.033315763 
13 225 20 29 0.033172544 
640 8 8 10 0.033120073 
304 38 9 10 0.03289194 
720 5 7 9 0.032204267 
2 235 11 16 0.032124568 
769 25 9 10 0.032081764 
432 7 9 11 0.03202562 
553 71 9 12 0.03182676 
289 80 8 9 0.031609338 
383 86 8 10 0.031555858 
287 38 8 10 0.031464275 
679 79 8 10 0.03138657 
657 120 8 10 0.03136561 
589 37 9 11 0.03109992 
295 76 9 10 0.031065216 
374 135 10 13 0.030939974 
263 87 10 12 0.030828448 
340 237 13 18 0.030813577 
313 64 8 9 0.030794017 
447 104 11 12 0.030677836 
414 134 10 12 0.03047322 
321 79 8 10 0.030424666 
621 487 48 57 0.030365653 
157 185 23 32 0.030259226 
557 93 10 12 0.030199528 
356 238 16 20 0.03018907 
32 141 10 12 0.030162899 
582 47 10 10 0.030120641 
333 59 9 12 0.030011844 
231 70 9 11 0.029887898 
64 144 10 11 0.029805616 
638 14 8 11 0.029771691 
358 64 8 11 0.029767599 
288 32 7 9 0.029638827 
318 87 8 10 0.029388547 
34 233 18 23 0.029125491 
22 182 12 14 0.029116804 
376 116 9 12 0.02884577 
585 6 9 10 0.028827494 
320 170 26 40 0.028826874 
802 40 7 9 0.028801188 
281 88 9 11 0.028717682 
551 244 14 18 0.028601896 
345 47 8 10 0.028534168 
54 142 8 11 0.028471392 
606 47 8 9 0.028415712 
698 86 9 10 0.028415266 
680 16 8 10 0.028385622 
432 48 8 9 0.028380888 
358 78 10 12 0.02829684 
305 87 8 10 0.028175183 
16 103 8 10 0.028168492 
681 38 7 10 0.028119868 
357 105 10 10 0.028042372 
311 334 12 16 0.027768562 
296 2 9 9 0.0277007 
344 54 9 10 0.027678201 
104 197 12 15 0.027676897 
401 40 8 10 0.027651964 
392 219 12 16 0.027585985 
40 188 11 14 0.027552504 
489 99 10 12 0.02747283 
660 119 10 11 0.027244335 
398 524 10 12 0.027056936 
56 125 8 10 0.027041223 
588 30 9 11 0.026937354 
656 158 9 12 0.026919689 
341 120 9 10 0.026798243 
692 23 9 11 0.026789263 
574 80 9 11 0.026739245 
400 53 8 11 0.026687758 
0 98 8 14 0.026648697 
406 8 8 10 0.026590949 
394 518 9 12 0.026569469 
314 13 8 11 0.026514115 
731 547 92 137 0.026295146 
385 55 8 11 0.026286056 
281 100 9 12 0.026276173 
401 8 8 10 0.026244964 
449 7 10 11 0.026210375 
67 202 25 33 0.026190458 
326 110 8 10 0.026112646 
570 237 17 22 0.026009273 
646 117 9 11 0.026009237 
25 154 13 16 0.025889037 
663 125 9 11 0.025729654 
449 2 10 10 0.025722234 
183 195 21 26 0.025682898 
562 31 9 11 0.02557606 
651 24 8 11 0.025482254 
312 24 7 9 0.025379319 
143 104 10 11 0.025313871 
294 112 10 12 0.025252517 
286 55 7 9 0.025210151 
593 228 26 28 0.02520188 
343 86 8 9 0.025176989 
161 159 8 11 0.025136897 
57 68 10 12 0.02492603 
304 32 9 11 0.024834774 
369 33 7 9 0.024810012 
249 71 8 9 0.024414208 
76 324 17 21 0.024206711 
47 159 9 10 0.024172908 
609 1 9 10 0.024160152 
352 87 8 9 0.024157677 
6 78 9 12 0.024093928 
183 155 11 14 0.02407009 
435 253 17 21 0.024062017 
645 6 10 11 0.023979899 
302 71 8 10 0.023819292 
600 41 9 10 0.023794279 
374 55 8 10 0.023783669 
260 295 39 50 0.02369833 
286 16 8 10 0.023694964 
37 118 9 11 0.023333997 
226 233 15 19 0.023328086 
51 206 20 28 0.023279702 
389 62 9 11 0.023256067 
420 1 9 10 0.023204634 
574 130 12 14 0.023185596 
686 175 8 10 0.023113724 
773 29 8 10 0.02310168 
265 158 9 11 0.023075921 
215 192 13 18 0.022990229 
369 15 7 10 0.022985442 
520 22 8 10 0.022961585 
567 2 8 9 0.022941621 
295 88 9 10 0.022928363 
352 64 9 10 0.022909675 
1000 172 10 12 0.02286269 
317 6 9 11 0.02283557 
235 79 10 11 0.022806726 
584 2 8 9 0.022746982 
367 102 9 11 0.02268306 
391 47 8 10 0.022662709 
284 325 16 25 0.02266267 
203 222 22 28 0.022660533 
359 189 12 16 0.02261243 
680 100 10 13 0.022585329 
336 103 9 11 0.022539582 
367 88 9 11 0.022537975 
421 5 9 11 0.022514645 
239 203 11 13 0.022496494 
455 122 13 15 0.022478543 
67 186 13 17 0.022474606 
574 5 8 10 0.022443004 
302 23 9 11 0.022374295 
588 238 31 34 0.022373192 
664 39 8 11 0.022361545 
296 57 8 10 0.02233299 
5 164 10 12 0.02224347 
382 109 10 13 0.0222055 
657 8 9 11 0.022176925 
250 78 9 10 0.022121849 
593 53 8 11 0.022095324 
265 20 8 11 0.021981524 
409 69 9 11 0.02197031 
386 60 9 12 0.021963889 
334 49 8 10 0.021940066 
405 45 8 10 0.021881443 
615 215 10 11 0.02176708 
910 175 26 31 0.021766307 
550 52 9 11 0.021733662 
352 75 9 12 0.02172237 
249 65 8 10 0.021702016 
350 47 9 10 0.021666154 
383 116 10 13 0.021655021 
128 203 12 16 0.021572985 
316 157 13 16 0.021568643 
559 118 11 13 0.021499667 
72 161 11 14 0.021462664 
134 201 13 18 0.021375086 
390 96 10 11 0.021300817 
240 62 8 10 0.021279238 
656 70 9 11 0.021271503 
34 110 8 9 0.021220827 
372 162 10 13 0.021071889 
60 62 9 11 0.021041427 
693 5 9 10 0.020804256 
391 127 11 13 0.020701153 
318 101 9 11 0.020684205 
351 102 8 10 0.0206572 
309 31 9 10 0.020613724 
375 16 8 9 0.02049348 
354 24 10 12 0.020406466 
680 71 8 10 0.020323908 
687 120 9 10 0.020310657 
660 70 11 12 0.020306012 
597 74 10 14 0.020297058 
416 24 9 11 0.020283781 
406 40 8 10 0.020255458 
219 251 23 34 0.020213125 
337 23 7 10 0.020195365 
208 453 11 15 0.020137656 
662 45 8 10 0.020095117 
156 192 14 21 0.0200142 
