12_Group_Large_Group_12_Group_Large_Group_12_662
99
807 298 43 45 0.97089046 
393 213 26 28 0.57892644 
229 232 16 20 0.48588926 
441 273 21 25 0.4355468 
565 297 13 17 0.17367806 
241 232 14 19 0.16635427 
322 229 14 18 0.164173 
324 182 11 13 0.15870973 
370 250 27 35 0.13232891 
54 229 25 32 0.12646168 
24 211 21 30 0.12448707 
788 297 33 43 0.1222175 
358 242 22 31 0.11965086 
222 236 22 26 0.111121416 
390 223 37 45 0.10960677 
43 232 27 31 0.097019106 
328 267 11 17 0.09189322 
382 251 32 35 0.08889049 
558 299 16 18 0.08321966 
1009 207 14 21 0.07728207 
629 300 10 11 0.07691476 
358 246 14 18 0.07125329 
463 433 34 34 0.07003011 
431 269 22 33 0.052362043 
405 240 29 39 0.048642732 
516 330 52 63 0.043039333 
62 227 13 19 0.04249204 
514 356 14 15 0.041470233 
26 466 10 13 0.04128501 
344 286 10 13 0.0401745 
61 237 23 33 0.038552843 
444 431 66 56 0.03702224 
978 534 15 20 0.03691413 
321 185 12 15 0.036042504 
39 411 11 13 0.034869887 
494 230 11 15 0.0341124 
322 221 15 18 0.033631694 
332 262 12 17 0.033030894 
327 286 11 13 0.0327881 
483 308 10 14 0.03236565 
342 276 12 14 0.031060418 
408 224 19 24 0.030684011 
267 224 16 20 0.030581754 
348 330 17 20 0.030578218 
529 286 11 15 0.030564524 
400 412 67 49 0.03044452 
413 274 23 34 0.030359019 
345 266 22 25 0.030275103 
342 206 12 15 0.03017874 
76 246 12 16 0.02909974 
996 204 24 33 0.028953506 
389 221 18 21 0.028642911 
365 263 22 31 0.028080182 
461 99 436 453 0.028015979 
326 248 11 16 0.027766375 
548 297 25 28 0.027727306 
223 230 16 19 0.027711475 
68 233 13 19 0.02764086 
84 252 11 15 0.027352005 
493 362 10 14 0.027315637 
331 229 14 19 0.027276052 
234 235 16 22 0.027143434 
555 331 32 39 0.02695956 
489 359 11 14 0.026586507 
345 292 10 13 0.02639243 
394 229 21 22 0.026287457 
257 249 17 20 0.026070165 
46 236 16 19 0.026012316 
573 376 12 15 0.025742536 
69 241 13 20 0.025592009 
52 228 17 20 0.02489731 
499 353 11 16 0.024541339 
757 372 54 72 0.024364932 
207 237 11 15 0.024243997 
425 278 23 33 0.024107745 
403 204 16 20 0.023661025 
341 229 13 16 0.023504626 
15 519 22 33 0.02347739 
22 486 13 16 0.023138937 
80 216 10 11 0.023094246 
347 248 26 31 0.02283575 
86 220 8 11 0.022661569 
37 211 28 32 0.022526465 
480 305 9 12 0.022211023 
963 388 48 53 0.022128524 
258 229 24 29 0.021998148 
30 204 25 33 0.021650605 
321 273 11 15 0.021360243 
264 205 9 10 0.0212905 
402 240 18 23 0.02114015 
420 250 24 35 0.021094756 
572 288 13 16 0.020980375 
935 419 26 28 0.02086455 
214 242 13 15 0.020662015 
1000 612 24 38 0.020583583 
337 261 22 27 0.020375159 
410 407 27 26 0.020344352 
70 249 15 20 0.020267583 
383 218 17 19 0.020189747 
