12_Group_Large_Group_12_Group_Large_Group_12_120
1520
362 448 15 18 0.9807873 
350 350 11 15 0.9802224 
475 419 13 18 0.96680486 
926 385 13 18 0.9626903 
637 296 13 16 0.9612457 
669 419 12 16 0.96038175 
693 323 12 16 0.9592944 
880 357 13 16 0.9499661 
149 326 12 14 0.94836855 
76 450 14 17 0.9453933 
475 452 14 18 0.94279414 
192 419 11 14 0.93858445 
590 267 10 13 0.9371736 
507 389 12 16 0.92773706 
390 349 11 14 0.92493457 
663 394 12 15 0.92201734 
277 396 11 14 0.92201686 
550 294 11 15 0.9184472 
209 325 11 15 0.9148927 
430 323 11 15 0.9140569 
468 391 13 16 0.913157 
449 419 12 16 0.9106531 
423 414 12 16 0.8988906 
774 350 12 15 0.89727205 
720 303 9 13 0.8895659 
625 387 12 16 0.88774353 
548 323 11 14 0.8834341 
362 420 15 17 0.8784215 
367 383 13 16 0.8779344 
902 390 11 15 0.87636995 
526 345 12 15 0.8747816 
609 371 11 16 0.8744524 
692 421 13 16 0.8737636 
387 391 12 15 0.8707241 
121 452 11 14 0.8691961 
85 423 12 15 0.8685954 
413 322 10 13 0.867762 
547 390 13 16 0.8659341 
811 389 11 15 0.865311 
347 393 12 16 0.863259 
567 326 11 14 0.8617197 
718 446 14 17 0.85924405 
93 326 12 15 0.8591988 
425 388 13 17 0.8591016 
639 374 12 16 0.8528825 
828 447 13 18 0.85197127 
197 393 12 16 0.8502491 
692 453 12 15 0.84937906 
846 277 11 14 0.84874 
878 332 10 12 0.8458011 
578 450 13 17 0.84219176 
528 324 10 13 0.84187067 
902 347 11 14 0.83724594 
154 301 8 12 0.83421105 
395 417 12 16 0.83287776 
221 356 11 14 0.83264863 
670 326 10 13 0.8317908 
679 243 9 12 0.8300077 
450 379 12 16 0.8265451 
244 325 10 13 0.8241773 
526 378 12 17 0.82325935 
328 349 12 15 0.82230985 
218 301 9 12 0.8198403 
100 301 11 14 0.8185949 
877 420 11 14 0.8185357 
717 347 10 14 0.81785095 
167 421 12 15 0.8148865 
406 348 11 15 0.8110286 
222 421 11 15 0.81033117 
562 378 13 16 0.80721295 
325 271 9 13 0.8043333 
442 446 12 15 0.7932945 
376 322 10 13 0.7905387 
820 327 11 14 0.78785366 
111 356 11 15 0.78584516 
347 294 9 12 0.77936375 
28 388 10 14 0.7750854 
863 297 10 14 0.77225035 
140 358 11 14 0.7722182 
61 270 9 13 0.77167076 
131 301 10 14 0.76910174 
794 446 14 17 0.7684068 
135 270 9 13 0.76787114 
619 419 11 15 0.7655477 
429 294 11 15 0.7652277 
175 224 7 9 0.7576436 
404 447 15 19 0.7574236 
271 295 10 12 0.75599974 
120 396 12 15 0.7556421 
228 383 11 14 0.753339 
324 293 9 11 0.75251335 
279 422 11 15 0.75169057 
411 382 12 15 0.74839425 
826 274 10 13 0.7483781 
864 356 11 15 0.7475664 
228 453 11 15 0.7452995 
734 243 9 11 0.7412761 
75 301 11 14 0.73569745 
46 362 11 14 0.73548645 
588 326 12 15 0.73285663 
596 423 10 15 0.72849244 
68 326 12 16 0.7281587 
370 350 12 16 0.72675467 
488 382 12 14 0.72578186 
111 419 12 16 0.71872795 
312 397 13 15 0.71755797 
547 451 12 15 0.71393335 
78 389 12 15 0.7137432 
608 270 9 11 0.71273863 
302 383 11 14 0.7109823 
571 295 12 16 0.7078428 
231 269 8 12 0.70708627 
797 350 10 13 0.70569247 
336 222 7 10 0.70367527 
467 354 11 14 0.70022553 
488 318 10 12 0.69896996 
738 293 9 13 0.69725037 
606 345 11 15 0.6964839 
180 326 10 14 0.6944011 
715 415 13 15 0.69302243 
763 427 11 14 0.69285643 
889 280 9 11 0.690829 
621 239 10 13 0.6901293 
157 393 13 16 0.6853654 
700 302 9 12 0.6844373 
766 295 9 12 0.6840231 
621 297 11 14 0.68217206 
671 347 11 15 0.6818246 
884 392 13 16 0.67837435 
516 295 9 12 0.6765795 
57 421 11 15 0.6762438 
356 324 10 14 0.6747263 
198 303 9 11 0.67057294 
38 328 12 14 0.67030233 
761 349 9 13 0.66807824 
652 345 12 16 0.6655965 
582 347 12 15 0.66437423 
850 382 13 16 0.6643244 
122 327 9 13 0.66401666 
304 296 8 10 0.6629005 
147 456 14 17 0.6592962 
452 320 11 14 0.6583708 
269 324 10 13 0.6552921 
498 302 10 12 0.65461886 
153 279 9 12 0.6535334 
452 293 10 13 0.65345657 
428 358 11 14 0.650471 
783 414 13 16 0.6500018 
609 324 12 15 0.6459317 
599 222 7 9 0.6451821 
538 268 10 13 0.6445321 
791 384 11 14 0.643237 
544 418 12 17 0.6419601 
821 351 12 15 0.6402374 
658 298 11 14 0.63944757 
663 241 9 12 0.6390824 
553 345 12 17 0.63340414 
648 419 12 16 0.6312156 
596 295 10 13 0.62978 
444 268 10 12 0.62952113 
797 323 11 14 0.629421 
139 419 13 17 0.625824 
675 267 11 13 0.62421006 
232 223 7 9 0.62384176 
692 348 11 14 0.6236933 
502 263 9 13 0.622064 
700 246 9 12 0.60689634 
742 350 11 14 0.606507 
506 412 13 15 0.60623264 
495 357 11 13 0.6032293 
426 271 9 13 0.5981276 
165 358 8 12 0.59657097 
346 270 9 12 0.59582835 
334 322 11 14 0.5957158 
753 327 9 12 0.5951624 
583 391 12 15 0.5951531 
270 271 10 13 0.59150857 
565 266 10 13 0.59126663 
190 271 9 13 0.59104425 
463 268 10 13 0.5904102 
685 300 10 13 0.58837724 
251 416 11 16 0.5879493 
839 249 10 13 0.5864993 
199 244 9 12 0.5845558 
532 293 9 14 0.5834358 
86 282 10 13 0.58296436 
192 222 7 9 0.5787895 
410 271 9 12 0.57475114 
170 299 9 13 0.5745988 
716 387 10 12 0.57415956 
474 247 8 11 0.5732451 
185 459 11 14 0.5728639 
729 326 9 11 0.5641578 
643 239 11 13 0.56074214 
412 247 9 12 0.5606619 
627 323 11 15 0.55745494 
717 268 8 12 0.5552775 
363 295 8 11 0.5544906 
654 453 12 14 0.55108106 
457 240 8 11 0.55019885 
91 362 12 15 0.5474138 
289 297 9 12 0.53966135 
103 280 8 12 0.5385062 
695 266 10 12 0.5376198 
885 299 9 12 0.53600055 
774 242 10 12 0.5355279 
335 425 11 15 0.5327849 
820 246 9 12 0.52623385 
27 363 11 13 0.522632 
912 297 11 14 0.5219644 
42 397 11 15 0.52161 
763 455 10 14 0.5205075 
172 271 10 14 0.51624143 
310 247 9 12 0.51186377 
184 247 9 12 0.51032186 
239 357 9 12 0.5054379 
850 419 11 14 0.5044091 
519 267 10 12 0.5043229 
853 448 13 17 0.5038994 
281 357 9 11 0.5000283 
653 323 11 13 0.49898505 
957 445 12 16 0.4982313 
610 451 12 15 0.49665964 
573 241 9 12 0.49221396 
253 299 9 11 0.49193808 
917 272 8 11 0.48936716 
804 420 9 12 0.48286363 
803 294 11 14 0.48097575 
553 238 9 12 0.46957034 
394 323 9 12 0.4663583 
736 391 10 13 0.46541595 
292 447 12 15 0.4618236 
510 236 9 11 0.4593519 
121 279 9 12 0.4590194 
764 270 9 11 0.45786577 
118 245 8 11 0.45760262 
201 358 9 13 0.45744586 
593 242 10 13 0.45347503 
628 266 10 13 0.45178285 
641 220 8 10 0.451306 
257 453 11 14 0.4507372 
390 270 8 11 0.44864178 
335 452 12 15 0.44860026 
509 453 12 16 0.4475374 
864 277 9 13 0.44694662 
807 275 8 11 0.44429755 
647 269 11 14 0.44030243 
476 288 9 13 0.43843222 
381 294 10 13 0.436795 
409 293 8 10 0.43575084 
182 358 9 12 0.4317632 
295 323 11 13 0.42986792 
49 299 10 13 0.42789164 
308 270 9 10 0.4203425 
775 389 11 15 0.41913304 
695 228 8 10 0.41899294 
533 239 8 11 0.41638502 
699 387 12 14 0.4161322 
109 382 10 12 0.41610888 
135 243 9 12 0.41381988 
737 271 9 12 0.41232136 
619 220 8 10 0.4119295 
307 421 11 14 0.4018618 
633 347 11 15 0.39809194 
466 216 7 10 0.39517188 
852 327 9 13 0.3937028 
209 271 10 13 0.39074 
303 352 10 13 0.38447055 
83 224 9 11 0.3812977 
240 396 10 13 0.3779014 
318 222 7 8 0.37785888 
292 271 8 11 0.3755671 
332 247 8 11 0.37542924 
370 272 7 11 0.37443355 
866 389 10 13 0.369894 
840 352 12 16 0.36661088 
78 242 9 12 0.36389497 
750 378 10 14 0.36388224 
903 328 9 11 0.3634023 
772 327 9 11 0.35885325 
336 381 11 14 0.35298383 
509 325 10 13 0.34722218 
713 323 10 14 0.34434298 
855 251 10 12 0.34268558 
932 419 13 16 0.33835962 
569 421 10 13 0.33451575 
385 246 8 12 0.3338067 
55 330 10 12 0.33168498 
756 245 8 11 0.33146662 
360 221 6 8 0.32781288 
739 419 10 14 0.322035 
259 381 11 14 0.3194548 
292 248 8 10 0.31650972 
139 226 6 8 0.31504732 
469 319 10 12 0.3134883 
447 357 11 14 0.31290203 
484 263 10 13 0.31284967 
886 450 11 15 0.31068298 
234 295 9 12 0.30933538 
844 298 9 13 0.3092813 
874 254 8 11 0.30919772 
212 225 7 9 0.30802137 
506 217 8 9 0.30519918 
152 240 8 11 0.30147934 
396 348 12 15 0.29476702 
798 244 8 11 0.2928659 
105 390 11 13 0.29076114 
277 248 7 10 0.28943878 
672 464 10 13 0.28899917 
957 424 13 16 0.28691462 
825 296 10 12 0.28459057 
66 363 13 15 0.2825105 
489 218 7 9 0.28012988 
283 223 7 9 0.2799007 
943 350 10 12 0.2776888 
542 218 7 9 0.27741525 
354 246 8 10 0.27727166 
437 247 9 11 0.27616084 
447 349 10 13 0.27362427 
762 295 8 11 0.27216968 
721 224 8 10 0.26692018 
896 454 9 12 0.2659906 
157 225 7 9 0.26210693 
249 223 8 9 0.2573523 
493 237 8 11 0.25380257 
677 386 10 13 0.2536 
72 387 12 15 0.25304216 
302 226 7 8 0.2523322 
364 485 15 17 0.24617784 
430 218 7 9 0.24003106 
150 420 11 15 0.23367716 
253 356 9 12 0.23162243 
824 386 11 15 0.22987162 
823 415 11 14 0.2255356 
571 221 8 9 0.22548197 
310 391 13 15 0.2220679 
720 246 8 10 0.22136986 
104 461 12 13 0.220402 
652 415 11 14 0.21895398 
482 268 9 11 0.21249408 
95 482 12 16 0.2035491 
790 270 8 11 0.20225644 
249 270 8 10 0.20078678 
276 294 9 12 0.19823104 
624 263 10 13 0.19818053 
265 221 7 9 0.19741328 
266 352 9 12 0.19602454 
525 219 8 11 0.19411281 
661 221 9 12 0.19398338 
269 356 10 11 0.19001925 
309 356 10 12 0.189233 
148 389 13 15 0.18871096 
376 221 8 10 0.18500257 
678 222 9 11 0.18378179 
236 299 9 12 0.18289378 
36 445 9 11 0.18019943 
117 226 8 9 0.17778605 
773 380 11 15 0.17743234 
171 416 10 13 0.1764573 
221 246 8 11 0.1714244 
743 225 8 9 0.16995752 
655 446 12 16 0.16813731 
239 246 8 10 0.16085808 
788 294 9 12 0.15993123 
213 460 9 11 0.15869585 
772 375 9 11 0.15646167 
701 396 11 13 0.15589835 
170 248 8 11 0.14972809 
736 402 11 13 0.147478 
802 413 11 15 0.14442398 
261 446 10 14 0.1443786 
44 330 12 14 0.14131232 
645 217 8 10 0.14096636 
717 320 9 12 0.1407391 
247 355 9 12 0.14050564 
448 217 6 8 0.14039548 
879 247 8 10 0.14032279 
274 251 8 11 0.1382066 
46 502 12 14 0.13452388 
586 341 12 16 0.13448527 
37 453 9 12 0.13424474 
391 275 8 10 0.13419043 
226 270 9 11 0.1334963 
765 317 11 12 0.1319061 
646 262 10 13 0.1313683 
668 388 11 15 0.12963556 
341 421 12 15 0.12954298 
394 221 8 9 0.12944615 
158 421 10 15 0.12870187 
248 247 7 10 0.1280348 
765 312 10 11 0.12788852 
473 241 8 11 0.12641993 
185 388 9 12 0.1254088 
353 319 10 13 0.124424174 
585 217 7 9 0.12430568 
379 318 10 13 0.12333953 
250 295 10 13 0.12313722 
205 351 11 13 0.12302239 
585 221 7 9 0.12294223 
580 414 11 13 0.12243907 
505 285 9 11 0.12243861 
413 218 7 9 0.12212293 
688 344 10 13 0.121270284 
106 395 13 16 0.12058045 
511 321 10 12 0.11691549 
167 462 11 13 0.11457343 
243 390 10 12 0.11157707 
766 349 9 13 0.107916385 
854 228 8 10 0.10788772 
306 460 11 13 0.10751388 
286 413 10 13 0.107061796 
496 233 7 10 0.10684849 
238 404 10 12 0.10446742 
471 311 8 10 0.10388218 
786 224 7 10 0.102275245 
952 426 12 15 0.10193926 
685 214 8 10 0.101206675 
898 253 9 11 0.10106741 
770 331 10 12 0.100623384 
896 263 9 12 0.10032592 
197 400 11 14 0.09945163 
176 227 8 10 0.098756425 
757 241 8 10 0.09847193 
454 289 9 11 0.09835691 
195 461 9 11 0.09784816 
769 223 7 9 0.09776725 
611 320 12 14 0.09679909 
249 262 8 11 0.09613275 
412 292 9 11 0.09592524 
315 223 6 8 0.095281996 
261 376 9 12 0.09464656 
191 389 12 14 0.093689054 
51 364 10 14 0.09338334 
115 413 12 16 0.093344934 
673 222 9 10 0.09301494 
348 427 11 15 0.09211065 
290 252 9 10 0.0918052 
50 460 10 14 0.09179255 
571 330 10 13 0.091353536 
680 294 10 13 0.09101065 
273 420 11 15 0.09095535 
497 296 9 12 0.08978241 
42 358 10 13 0.08970691 
908 343 9 12 0.08966799 
132 296 11 13 0.08966405 
215 376 8 10 0.089659385 
38 391 11 14 0.08905111 
333 468 12 16 0.08849623 
597 414 10 13 0.087903 
814 460 10 12 0.08762176 
494 307 10 13 0.08741191 
428 352 11 13 0.08700307 
918 370 12 14 0.086920194 
97 244 8 10 0.08612391 
670 240 9 11 0.085815355 
600 405 10 12 0.08558791 
151 394 13 16 0.08547953 
51 295 11 14 0.08534749 
95 281 9 11 0.08532206 
730 245 9 11 0.08343007 
325 312 8 10 0.08244778 
532 319 10 12 0.08223654 
325 468 11 16 0.080415554 
266 320 9 11 0.079066075 
663 217 8 10 0.078663275 
322 289 9 11 0.0782962 
265 294 9 12 0.07825047 
343 414 12 15 0.07816841 
286 441 10 12 0.07781626 
183 241 8 10 0.077420786 
399 444 13 16 0.07724154 
595 223 8 9 0.07651053 
358 240 7 10 0.076504275 
759 447 10 13 0.076261856 
320 313 8 10 0.075868376 
528 329 12 15 0.075334854 
25 384 11 13 0.0750513 
276 458 12 14 0.07503775 
883 420 10 13 0.07482139 
174 248 9 12 0.074732766 
879 225 8 9 0.07456641 
345 265 8 10 0.0744988 
610 342 12 14 0.073131666 
741 289 9 11 0.07288645 
895 268 9 11 0.072861806 
725 225 7 9 0.0728226 
738 349 9 13 0.07222987 
673 310 9 11 0.07184379 
382 289 9 10 0.071782105 
681 209 7 9 0.07136962 
115 228 9 10 0.07111961 
101 244 8 10 0.070121095 
216 265 7 9 0.07001197 
918 453 11 15 0.06957038 
413 377 11 13 0.06954823 
699 264 11 12 0.06942428 
157 296 8 11 0.0692683 
646 395 9 13 0.069145486 
102 229 7 10 0.0689692 
231 356 9 13 0.06799916 
37 440 10 12 0.06771755 
573 218 8 9 0.06766761 
867 295 10 13 0.0668912 
390 452 11 14 0.066696055 
191 244 9 13 0.066597536 
792 318 11 13 0.06655429 
742 264 8 10 0.066428415 
434 250 9 12 0.06595829 
220 296 10 12 0.0659439 
535 404 11 13 0.065898396 
366 288 9 12 0.06538085 
937 230 7 9 0.065258965 
295 311 8 10 0.065057814 
935 351 11 13 0.0649987 
928 349 9 12 0.06480316 
348 274 9 11 0.064751804 
826 225 8 10 0.064227045 
826 382 12 15 0.063913874 
285 352 9 11 0.06343869 
790 288 8 10 0.06319386 
864 383 10 14 0.063125685 
342 374 11 14 0.062803224 
641 230 9 10 0.062698066 
575 414 9 13 0.06231423 
474 388 12 16 0.06205962 
894 485 16 17 0.062049046 
953 272 9 12 0.06188659 
738 454 9 11 0.061701674 
633 299 12 14 0.06158348 
765 265 8 11 0.061485257 
385 241 7 10 0.06139574 
392 443 11 15 0.061144885 
598 263 9 12 0.061096705 
920 231 9 11 0.0610432 
191 296 9 11 0.060849685 
674 383 10 13 0.060834285 
350 312 9 10 0.060712244 
780 244 9 11 0.060564023 
613 441 10 12 0.06046864 
327 317 9 12 0.06041393 
465 319 9 13 0.06019859 
490 312 9 12 0.059932526 
848 252 8 11 0.05950175 
470 220 7 10 0.059310786 
507 486 12 14 0.05924928 
184 309 8 10 0.05916338 
249 254 9 11 0.059114784 
494 246 8 9 0.059090488 
445 276 9 11 0.058838762 
213 227 8 11 0.058548972 
713 265 9 12 0.058486 
230 352 9 11 0.058471534 
406 440 12 16 0.05841714 
886 415 10 12 0.058176283 
518 398 11 15 0.05791863 
386 276 8 10 0.05772011 
689 448 11 13 0.057705734 
781 389 10 13 0.057624903 
55 348 10 13 0.057606712 
398 332 9 12 0.05701621 
303 289 7 9 0.056728102 
689 413 12 14 0.05661997 
496 256 8 9 0.056543756 
189 383 10 12 0.056419026 
527 288 10 12 0.05620821 
282 443 10 13 0.056158323 
677 343 10 13 0.05609828 
504 452 12 16 0.05605752 
372 276 9 11 0.055882186 
815 414 9 12 0.055833954 
784 300 10 12 0.055821344 
101 225 7 9 0.055706702 
144 393 13 15 0.05562431 
232 394 11 14 0.0555276 
448 221 7 10 0.055502765 
400 370 11 15 0.055273157 
350 289 8 10 0.055126045 
213 320 9 12 0.054964837 
861 247 8 11 0.054895494 
157 283 9 12 0.054783136 
770 240 8 11 0.054772317 
950 292 10 12 0.05462742 
558 221 7 9 0.054547835 
360 290 8 10 0.054436516 
953 329 8 10 0.054208357 
303 454 10 13 0.053912967 
572 425 11 14 0.053695947 
726 228 8 10 0.05368123 
901 248 8 11 0.053415623 
529 298 11 13 0.053307615 
295 329 10 14 0.05329619 
671 320 9 11 0.0532812 
868 351 11 13 0.053263236 
636 343 11 14 0.05320861 
435 319 10 13 0.053106464 
517 319 10 12 0.052972894 
354 241 8 10 0.05276283 
901 435 10 14 0.052750606 
29 405 8 11 0.052548446 
29 290 14 18 0.05252166 
441 266 9 11 0.052488692 
215 351 11 14 0.05214915 
40 478 10 13 0.05206472 
558 217 7 9 0.051895227 
830 224 7 10 0.051789448 
122 391 13 15 0.0517773 
448 287 9 11 0.051728014 
904 300 8 11 0.05170933 
510 263 9 11 0.051699538 
944 344 9 11 0.05147667 
606 265 9 11 0.051238954 
368 245 8 10 0.05122329 
756 330 10 13 0.05121168 
621 454 10 14 0.051075134 
222 241 9 10 0.05096373 
956 275 10 13 0.050671786 
182 320 9 12 0.050496016 
571 264 10 12 0.050493453 
553 365 12 14 0.050388563 
913 421 11 14 0.050356258 
699 457 11 14 0.050029334 
74 245 8 11 0.04995486 
730 240 8 11 0.04992816 
803 230 7 9 0.049880955 
199 297 8 10 0.049802393 
791 265 8 9 0.049753446 
328 421 12 15 0.04974472 
646 286 11 14 0.04964189 
477 252 9 11 0.049483515 
296 351 9 11 0.04940162 
519 403 12 16 0.049386594 
156 241 9 11 0.049354516 
900 230 10 11 0.04927791 
858 300 9 12 0.049150717 
79 358 10 13 0.048740767 
671 293 10 13 0.048691303 
542 455 15 17 0.048545774 
801 270 9 11 0.048342302 
158 307 9 12 0.048334755 
589 373 9 13 0.048248846 
369 240 7 10 0.048232496 
592 416 10 12 0.04822042 
790 275 9 12 0.04815856 
267 277 9 11 0.048130587 
554 217 7 9 0.0480871 
64 369 11 14 0.048057236 
771 244 9 11 0.04805005 
346 420 12 16 0.048037816 
575 231 8 9 0.048028737 
339 470 12 16 0.04797509 
557 233 9 11 0.047959473 
686 209 8 10 0.047940824 
720 241 8 9 0.04789392 
303 377 11 13 0.04780474 
660 439 10 12 0.047788028 
311 312 8 10 0.047724277 
557 311 10 12 0.04768063 
400 312 9 10 0.04765227 
663 285 9 11 0.047559798 
235 246 8 10 0.047557678 
326 299 8 10 0.047307335 
488 376 11 14 0.047249544 
584 371 11 14 0.04717154 
247 459 10 12 0.047152095 
663 347 10 13 0.047151003 
740 274 9 12 0.04697998 
249 218 7 8 0.046686146 
125 277 9 13 0.046622075 
702 241 9 11 0.046574224 
665 326 10 13 0.046535805 
760 318 9 12 0.04638272 
48 498 9 11 0.0462815 
64 328 12 15 0.045996383 
231 318 9 11 0.045920078 
873 230 8 9 0.045904685 
896 419 9 13 0.045805015 
678 287 9 11 0.04579711 
678 228 9 11 0.045685027 
737 355 10 13 0.04556282 
304 415 11 14 0.045494687 
332 405 12 14 0.045468338 
145 330 12 15 0.045465767 
753 242 9 10 0.045406807 
333 413 12 13 0.04540021 
300 318 10 12 0.045314968 
524 263 9 12 0.045314215 
240 242 7 9 0.04525602 
851 224 7 10 0.045239694 
627 393 12 14 0.045177974 
209 456 10 12 0.045010407 
598 288 10 12 0.044989977 
427 217 7 8 0.044982616 
727 322 9 11 0.04496579 
83 280 10 12 0.044911668 
310 264 9 11 0.044645704 
782 278 9 12 0.044595826 
894 296 8 11 0.044463035 
155 459 12 15 0.04446122 
488 233 8 10 0.044457156 
216 305 9 12 0.04431942 
607 238 9 11 0.044250473 
662 230 8 10 0.04416091 
783 372 9 12 0.04413822 
329 240 9 11 0.04410475 
720 252 8 10 0.044040136 
478 239 8 11 0.044018015 
652 276 11 13 0.044008035 
238 413 11 13 0.043908 
565 323 17 21 0.0437932 
789 311 10 11 0.043563347 
200 351 11 14 0.043547206 
81 446 15 18 0.043509785 
106 467 12 14 0.043452166 
672 243 10 12 0.043428827 
78 402 11 15 0.04341871 
636 453 12 14 0.04341724 
213 342 10 11 0.043244712 
58 274 10 12 0.043242924 
99 479 14 17 0.04316351 
786 270 8 11 0.04309266 
465 340 10 12 0.04289911 
141 228 8 10 0.042833082 
586 263 10 14 0.04267 
658 228 8 10 0.042463448 
98 306 10 13 0.042446308 
440 240 8 10 0.042377967 
567 288 10 13 0.04219802 
78 296 9 12 0.04218748 
271 415 11 14 0.042163376 
161 361 12 15 0.042035427 
534 311 9 11 0.042032905 
808 475 10 14 0.042009745 
345 289 8 11 0.042009227 
671 216 8 10 0.041947957 
823 408 9 11 0.041935753 
761 311 9 12 0.041919775 
344 311 9 11 0.041766096 
967 373 10 12 0.041705165 
30 284 12 14 0.04152653 
845 497 14 16 0.041508216 
623 231 8 10 0.041461438 
766 289 9 10 0.04143514 
115 350 12 15 0.04138141 
649 458 11 14 0.041335866 
530 373 13 16 0.04132874 
304 425 11 13 0.041273966 
753 321 8 11 0.041253604 
37 383 10 12 0.04124333 
835 252 9 11 0.041217845 
606 265 18 23 0.04115579 
535 256 8 10 0.04101808 
493 322 9 12 0.04084004 
544 329 11 15 0.04080415 
533 288 11 13 0.040726677 
310 344 10 11 0.040723696 
960 301 9 11 0.04066995 
727 343 9 12 0.040470704 
945 311 10 12 0.04046831 
384 266 9 10 0.040440183 
917 420 13 17 0.040370997 
519 274 10 12 0.040276725 
25 393 11 14 0.040246498 
479 334 10 12 0.0401002 
399 240 8 10 0.039920367 
191 266 8 9 0.039798293 
702 297 9 12 0.039766535 
229 412 10 12 0.039702166 
582 239 9 11 0.039626803 
75 325 11 15 0.03958284 
505 234 8 10 0.03955868 
192 241 9 10 0.039557718 
882 445 11 14 0.039455198 
609 231 8 10 0.039437696 
176 321 9 12 0.03938913 
367 342 12 15 0.03925072 
274 392 10 13 0.03922646 
327 414 10 12 0.03909602 
555 222 7 8 0.03904788 
471 232 8 9 0.038969748 
798 263 9 10 0.038864315 
901 268 8 11 0.03885519 
296 241 7 9 0.038819183 
206 308 8 11 0.038798604 
855 408 10 12 0.038760565 
248 227 8 10 0.038461097 
873 415 11 14 0.038417906 
786 264 6 9 0.038306914 
697 251 10 12 0.038284604 
1015 238 8 12 0.03822366 
438 492 13 15 0.038129244 
671 366 10 13 0.038108926 
419 486 11 13 0.03808184 
926 416 14 17 0.038068186 
848 319 9 12 0.038040765 
143 262 9 11 0.03791693 
645 231 9 11 0.03789735 
592 235 16 22 0.037850782 
645 255 11 13 0.037732802 
685 239 9 11 0.037654147 
914 254 8 9 0.037606087 
840 240 7 9 0.03759117 
552 371 11 14 0.037590638 
454 364 9 13 0.037551824 
201 390 12 15 0.037509616 
728 403 9 13 0.037504304 
375 264 8 9 0.037374437 
883 333 10 12 0.03733125 
478 310 9 11 0.037227154 
660 457 12 15 0.03715816 
765 275 9 11 0.037108954 
232 407 10 12 0.037024796 
805 408 10 11 0.03689756 
713 343 11 14 0.03687617 
339 325 11 13 0.03681642 
439 286 9 11 0.03681416 
240 321 10 12 0.036773954 
647 470 13 15 0.03660339 
679 366 9 12 0.036566157 
928 224 7 9 0.036481228 
233 310 8 10 0.036452077 
943 270 8 11 0.036317624 
742 346 10 11 0.0361182 
673 466 13 16 0.036028802 
154 228 7 9 0.035900872 
592 463 10 13 0.035849564 
956 285 10 13 0.03581723 
962 422 12 15 0.03578702 
784 409 10 12 0.03576711 
796 441 12 14 0.035756078 
107 283 10 13 0.03570018 
169 326 10 12 0.03564449 
739 224 7 9 0.035541143 
60 416 10 13 0.035485737 
975 341 12 15 0.035484456 
472 283 16 22 0.035461683 
557 243 9 12 0.035443913 
699 319 10 12 0.03541784 
948 343 10 11 0.03534835 
858 446 11 15 0.035316683 
223 265 8 10 0.03531039 
247 289 8 9 0.035215907 
583 255 9 11 0.035187453 
956 295 9 11 0.035136405 
238 270 8 11 0.035118338 
136 266 8 11 0.03507509 
303 311 9 11 0.035053473 
173 455 11 14 0.03501282 
205 362 10 12 0.0349895 
824 267 17 23 0.03497474 
40 472 9 12 0.034953903 
175 352 10 12 0.034921877 
176 219 7 9 0.034896847 
763 448 11 14 0.034794234 
396 439 13 15 0.03472214 
246 383 10 12 0.034685798 
97 297 10 12 0.034609437 
72 253 8 11 0.034455817 
161 388 12 16 0.03442317 
592 217 8 9 0.034295805 
384 342 11 14 0.03419203 
493 217 7 8 0.03415939 
352 251 8 11 0.03413784 
743 363 10 12 0.034012504 
879 240 9 10 0.034010936 
596 467 11 15 0.0339781 
935 208 8 9 0.03397361 
917 255 9 10 0.03394243 
745 332 8 11 0.03375028 
374 241 8 9 0.033679366 
912 288 9 10 0.033639226 
365 311 10 12 0.03361157 
349 434 13 16 0.03355595 
502 256 8 10 0.033483222 
469 384 13 16 0.033427913 
326 265 9 10 0.033389464 
430 265 9 10 0.03332057 
897 237 9 11 0.033272255 
295 288 8 10 0.033247408 
264 287 8 10 0.033178777 
850 229 8 10 0.033151586 
686 367 9 12 0.03311971 
582 401 12 14 0.03310214 
557 397 10 14 0.03309301 
149 492 15 17 0.033067305 
43 391 11 15 0.033042844 
752 367 9 12 0.033018712 
356 222 7 8 0.032982554 
308 464 13 16 0.032908734 
408 265 8 9 0.032901566 
174 406 10 13 0.03284847 
972 293 11 14 0.032740597 
757 344 20 24 0.032678816 
72 296 11 15 0.032643575 
105 357 10 14 0.03263054 
519 255 8 10 0.03262102 
406 309 9 11 0.03258071 
414 311 9 11 0.03257234 
519 289 9 11 0.032571875 
914 265 8 9 0.032547075 
85 352 11 13 0.032532368 
83 393 11 15 0.032498382 
270 343 9 11 0.03237902 
737 265 8 10 0.03237245 
720 297 9 12 0.03235826 
681 215 9 11 0.032349527 
783 317 10 13 0.032345895 
553 233 8 11 0.03233395 
248 275 9 10 0.03233086 
673 209 7 8 0.032268766 
749 349 9 12 0.032212306 
576 406 9 12 0.032082442 
279 288 9 11 0.03208049 
136 353 10 12 0.03207859 
414 240 8 10 0.03205848 
529 310 9 11 0.03202062 
34 326 11 15 0.032006674 
596 307 12 14 0.03195437 
791 345 10 12 0.031847708 
38 430 9 11 0.03182918 
668 321 17 23 0.031802498 
40 351 10 12 0.03179421 
221 251 9 11 0.03172044 
771 387 10 14 0.03164818 
640 395 10 13 0.03163592 
785 309 9 12 0.03162909 
671 288 9 11 0.03162081 
653 328 12 16 0.031596817 
736 230 8 9 0.03157782 
469 264 8 11 0.031457305 
821 416 18 22 0.03141577 
519 247 8 9 0.03140406 
125 283 9 12 0.031400323 
557 318 10 12 0.031381547 
545 319 11 14 0.03130272 
972 299 11 13 0.031293813 
439 404 11 14 0.03128965 
936 292 10 13 0.031265736 
108 301 9 13 0.031243363 
745 380 11 14 0.031228416 
13 398 9 12 0.031223452 
269 444 9 12 0.031223208 
309 275 9 12 0.031201852 
943 335 9 10 0.031191316 
801 225 7 9 0.031174725 
24 285 12 14 0.03112389 
334 328 12 14 0.031064177 
46 467 11 14 0.031053241 
238 458 10 13 0.031023065 
68 271 9 11 0.030966248 
208 217 17 25 0.030937638 
335 262 8 10 0.03085829 
360 289 17 23 0.030757774 
143 493 13 15 0.030707786 
586 263 19 23 0.030694311 
153 274 9 11 0.030691594 
617 253 10 12 0.030605175 
271 456 9 11 0.030543586 
831 241 8 8 0.030489609 
166 353 10 13 0.030433588 
293 342 9 12 0.030431317 
233 -3 412 472 0.03041312 
696 240 8 10 0.030405415 
109 454 11 15 0.03034425 
5 375 12 14 0.030321449 
713 373 9 12 0.030295676 
512 255 8 10 0.030280016 
253 223 7 9 0.03020517 
167 331 11 13 0.030176667 
927 286 9 11 0.030176155 
238 309 8 10 0.03013916 
445 474 13 15 0.03011646 
702 375 9 11 0.030112393 
559 326 10 12 0.030052874 
702 403 11 14 0.030010624 
5 365 11 13 0.02998577 
593 230 7 8 0.029896526 
774 223 7 9 0.029893026 
308 295 8 11 0.029892486 
406 373 12 14 0.029860748 
640 234 16 22 0.02986052 
822 242 9 10 0.029845769 
662 234 17 23 0.02980472 
287 291 16 22 0.029730713 
821 320 11 13 0.029722255 
145 383 11 14 0.029721228 
339 222 8 10 0.029678969 
402 292 8 11 0.029625809 
926 230 8 10 0.029625323 
517 258 18 24 0.029552408 
119 338 12 14 0.029472984 
641 262 9 13 0.029456768 
333 241 9 11 0.029434122 
687 407 10 13 0.029427286 
490 243 9 12 0.029417017 
120 321 17 22 0.029345492 
306 275 8 10 0.029339267 
708 437 13 15 0.029314889 
136 417 11 14 0.029311096 
423 266 17 22 0.02929676 
375 289 9 10 0.0292948 
22 438 9 12 0.02928491 
308 375 10 13 0.029278817 
190 318 9 11 0.029271854 
264 365 9 10 0.02926795 
344 265 16 23 0.029238135 
425 265 8 10 0.029231545 
155 330 11 15 0.029217962 
615 262 10 12 0.029170545 
701 223 7 10 0.029165912 
762 289 18 24 0.029156378 
973 285 11 12 0.029020844 
725 439 11 14 0.028975556 
936 336 8 10 0.028931262 
839 291 17 22 0.028924488 
490 356 11 14 0.028857887 
240 328 11 14 0.028856104 
409 300 9 11 0.028844286 
409 319 18 22 0.028834376 
746 375 11 13 0.028830303 
875 327 18 23 0.02879216 
802 350 11 14 0.028728418 
773 345 11 13 0.028713562 
816 419 10 13 0.028695008 
566 322 10 11 0.0286881 
358 264 8 9 0.028641783 
830 440 12 17 0.028609285 
657 216 8 11 0.028579516 
873 249 8 11 0.028575942 
339 318 11 13 0.028574128 
230 378 10 11 0.028556293 
794 241 8 10 0.028541705 
70 423 10 13 0.028535346 
184 294 9 12 0.028533489 
469 342 9 12 0.028533114 
841 231 7 9 0.028521512 
37 298 12 15 0.02847706 
911 249 8 9 0.028456101 
727 320 17 24 0.028422983 
509 286 10 12 0.028381243 
717 298 17 22 0.028363468 
231 289 9 10 0.028330661 
775 301 9 11 0.028304698 
132 266 18 22 0.02819423 
149 273 18 23 0.028167862 
279 415 12 15 0.02815732 
773 320 9 11 0.028152218 
693 287 10 11 0.028149212 
509 220 7 10 0.02814294 
606 287 11 13 0.028140787 
803 426 12 13 0.028119491 
142 337 12 15 0.028098946 
802 276 9 11 0.028085949 
822 375 10 12 0.028067308 
678 310 10 12 0.028051 
817 241 8 9 0.028022906 
69 319 10 13 0.028007941 
377 246 7 10 0.027958358 
710 214 8 10 0.02794693 
806 230 8 10 0.0279092 
98 328 12 16 0.02789076 
938 413 12 15 0.027855398 
300 444 11 14 0.027853139 
517 309 11 13 0.027812315 
280 264 8 10 0.02766478 
543 382 11 14 0.027642233 
923 453 12 16 0.027630432 
662 279 9 12 0.027626628 
382 311 10 12 0.027616242 
886 439 11 14 0.027594738 
89 479 10 14 0.027588405 
855 438 12 14 0.027582308 
755 372 11 15 0.027564924 
729 208 7 9 0.027525593 
743 317 8 11 0.027492527 
239 289 8 9 0.027472628 
723 306 10 14 0.027462354 
448 239 9 11 0.027453154 
548 383 13 16 0.027415661 
816 373 10 13 0.027312113 
101 362 11 14 0.027311683 
308 442 12 15 0.02730464 
254 318 9 12 0.027289633 
104 378 19 21 0.027273608 
62 468 10 12 0.027200155 
255 364 9 11 0.027195176 
287 264 8 10 0.02716412 
294 264 8 10 0.027154995 
529 243 9 11 0.027142122 
434 294 11 13 0.027119743 
304 265 9 10 0.027088195 
710 407 10 12 0.027072705 
567 453 10 15 0.027058756 
286 408 10 12 0.02704041 
943 427 10 14 0.02702547 
373 316 18 22 0.027012696 
158 372 12 14 0.027010316 
694 295 11 13 0.026996423 
885 401 11 14 0.02699259 
289 240 7 9 0.026989566 
645 265 18 22 0.026971508 
273 404 11 13 0.02694861 
592 288 9 11 0.0269299 
292 412 11 13 0.026897725 
675 239 19 23 0.026887989 
672 259 18 22 0.026884021 
345 256 7 9 0.026829176 
487 257 8 9 0.026828852 
900 421 10 14 0.026825428 
454 406 11 14 0.026817985 
944 300 11 13 0.026802806 
452 342 10 13 0.026782032 
862 261 8 11 0.026773455 
694 407 11 13 0.026761902 
784 287 8 10 0.026698735 
494 222 7 9 0.026678037 
231 342 9 12 0.026488869 
536 259 17 23 0.026486685 
253 408 10 11 0.026483085 
713 448 13 17 0.02645892 
156 414 11 14 0.026426034 
739 346 19 22 0.026385507 
269 289 17 23 0.026382761 
789 407 10 12 0.026377153 
343 289 17 23 0.026376395 
470 302 10 12 0.026358755 
514 268 8 11 0.02634092 
557 255 9 10 0.026318094 
439 386 11 14 0.026298558 
280 342 9 11 0.026286388 
278 375 9 11 0.026252203 
424 309 10 12 0.02621772 
735 344 9 11 0.026206758 
288 341 9 11 0.026190681 
817 251 9 11 0.026174316 
604 292 12 14 0.02615664 
168 319 9 11 0.026103413 
384 383 10 13 0.026078882 
852 376 13 15 0.026077816 
713 230 8 10 0.026077356 
304 363 10 13 0.026058957 
343 367 11 13 0.026026722 
856 296 10 12 0.026024835 
481 233 8 10 0.026014479 
612 274 10 13 0.02597584 
886 491 12 14 0.025873987 
718 395 9 12 0.025859198 
936 255 8 9 0.025773356 
1001 223 9 11 0.025769765 
193 404 12 14 0.0257661 
614 287 10 12 0.025753044 
589 320 11 14 0.025731035 
224 446 12 14 0.025705386 
198 383 11 13 0.025702247 
191 358 8 12 0.02563887 
816 230 8 9 0.025620831 
424 289 8 10 0.025579045 
471 241 17 23 0.025565278 
359 313 9 10 0.025512721 
513 290 16 21 0.025478661 
885 246 8 10 0.025467532 
622 439 9 12 0.025395717 
465 310 9 11 0.025390314 
857 259 9 12 0.02538536 
79 315 11 14 0.025379494 
837 242 17 23 0.025375923 
391 314 17 22 0.025354892 
573 288 10 13 0.025351403 
273 240 8 10 0.025343334 
688 222 8 10 0.025309248 
752 444 10 13 0.025298085 
846 248 8 11 0.025245618 
54 465 11 13 0.025213439 
199 376 8 10 0.025168333 
599 399 9 12 0.025151458 
843 272 19 24 0.025151223 
145 320 9 11 0.025143836 
545 238 8 10 0.025066184 
246 404 9 12 0.025042744 
912 232 8 10 0.02503845 
71 447 14 17 0.025015164 
160 263 8 11 0.024980638 
232 226 8 11 0.024945892 
957 327 10 11 0.024905303 
503 384 12 15 0.024893355 
741 240 8 10 0.024875462 
159 351 11 14 0.024868669 
106 483 13 16 0.024842115 
624 328 12 15 0.024839811 
32 484 9 11 0.024839384 
800 408 9 11 0.024834119 
862 411 10 13 0.024805754 
396 217 7 10 0.024804192 
576 356 10 13 0.024781823 
293 440 11 13 0.024775693 
268 266 18 23 0.024769673 
566 403 12 14 0.024766227 
873 327 10 12 0.024748888 
488 304 9 11 0.024718476 
278 241 8 10 0.02469252 
830 317 9 12 0.024687491 
936 247 8 10 0.024675807 
371 427 13 15 0.02467396 
779 395 11 13 0.024666602 
545 294 11 14 0.024652928 
411 221 7 9 0.024649402 
628 420 10 14 0.024647053 
6 333 11 16 0.024642875 
52 328 19 21 0.024637723 
232 241 8 10 0.02463205 
142 276 9 12 0.02460278 
479 340 11 14 0.024601484 
168 266 17 22 0.02459137 
611 378 12 14 0.024578702 
167 241 8 9 0.024554985 
853 242 19 23 0.02455161 
583 382 12 14 0.02449004 
148 356 11 15 0.02448266 
391 313 9 10 0.02448068 
804 452 10 14 0.02446359 
438 363 11 14 0.02446147 
120 321 10 11 0.02445699 
540 466 13 15 0.02444795 
878 337 10 14 0.024436705 
853 321 9 11 0.024430096 
196 455 9 13 0.024422443 
689 263 9 11 0.024413282 
374 328 13 14 0.024390029 
503 280 10 12 0.024346042 
868 272 10 12 0.024331149 
1002 229 9 12 0.024330858 
447 312 10 12 0.024324317 
457 233 8 9 0.024316816 
354 354 11 14 0.024300754 
523 398 13 16 0.024271231 
382 333 11 13 0.024266995 
928 261 9 10 0.024258157 
872 258 9 12 0.0242581 
563 259 17 22 0.024253756 
816 240 18 23 0.024253711 
874 225 8 10 0.024218153 
46 350 11 14 0.024206722 
253 247 8 10 0.024172036 
973 308 10 11 0.024156129 
716 332 10 12 0.024129951 
389 458 13 15 0.024070432 
594 290 16 22 0.024055311 
919 448 10 13 0.024053168 
659 244 8 11 0.02403754 
911 487 10 12 0.024020407 
934 342 9 12 0.024013635 
191 227 9 10 0.023959994 
621 306 12 14 0.023953427 
552 255 9 11 0.02394165 
974 278 12 14 0.023933012 
794 346 18 22 0.023930736 
378 298 9 12 0.023904633 
321 266 16 22 0.023901198 
740 459 10 13 0.023893446 
750 406 10 12 0.023887819 
679 372 9 12 0.023873523 
175 265 8 10 0.0238326 
519 323 10 12 0.023818692 
240 420 10 13 0.023799147 
570 235 17 22 0.02379754 
181 353 10 12 0.023794228 
516 484 12 13 0.023773637 
312 241 8 10 0.023765864 
496 451 12 14 0.023757115 
703 436 12 15 0.023719653 
713 344 18 21 0.023715843 
214 296 17 23 0.02370581 
597 316 11 13 0.023626002 
282 218 7 10 0.023619013 
592 254 10 11 0.023606043 
813 271 9 11 0.023593482 
207 436 10 13 0.023587838 
383 459 12 15 0.023586914 
540 275 11 13 0.023582276 
608 209 8 9 0.0235731 
172 217 18 24 0.023569405 
933 451 11 15 0.023566015 
501 350 10 14 0.023562796 
499 267 9 11 0.023527531 
773 295 8 11 0.02352147 
214 288 8 10 0.023493925 
262 344 9 11 0.023451952 
935 225 7 9 0.023425244 
353 329 11 14 0.02341687 
399 263 8 10 0.023412311 
186 266 18 23 0.023408059 
423 237 8 10 0.023406077 
328 446 12 15 0.023368638 
115 422 13 17 0.023358798 
822 393 12 15 0.023348194 
481 259 16 21 0.023333963 
31 342 10 13 0.023328993 
413 264 8 10 0.023286402 
118 263 9 11 0.023284905 
505 330 10 13 0.023284165 
799 289 18 22 0.023278527 
881 492 10 11 0.023278076 
903 215 8 9 0.023274042 
671 300 9 13 0.023250023 
888 230 7 9 0.023238018 
190 325 9 13 0.023220532 
240 253 8 10 0.023217114 
760 230 9 10 0.023211244 
624 259 18 23 0.023205299 
193 309 9 11 0.023186943 
192 376 9 10 0.023167996 
406 266 17 22 0.023158383 
712 366 10 13 0.023155192 
275 270 10 12 0.023114737 
649 320 10 13 0.02310531 
277 318 10 12 0.023054356 
66 387 10 14 0.023026114 
917 263 9 11 0.023005895 
555 352 13 16 0.023004819 
826 355 11 13 0.023002464 
760 289 8 10 0.023001125 
735 288 16 23 0.022972092 
397 389 12 15 0.022957278 
11 405 10 12 0.022898993 
441 381 11 14 0.022871967 
822 470 10 13 0.022827787 
687 254 9 11 0.022777544 
630 287 10 12 0.022739729 
816 405 9 12 0.022734575 
894 448 18 23 0.02272861 
299 229 9 10 0.022719298 
653 285 11 12 0.022718295 
288 335 10 12 0.022716096 
733 331 9 12 0.022696666 
502 210 18 24 0.022693813 
631 208 8 10 0.022682456 
766 343 9 11 0.022675155 
897 225 8 9 0.022674436 
482 483 12 17 0.022670718 
751 439 10 12 0.02265254 
371 477 13 18 0.022645911 
320 287 16 23 0.022634927 
390 252 8 10 0.0225529 
61 484 11 14 0.02255106 
344 240 8 10 0.022503177 
228 426 10 13 0.022501502 
198 271 9 11 0.022495428 
327 461 12 17 0.022465752 
557 286 12 14 0.022455724 
910 450 20 25 0.02245305 
820 361 13 16 0.022432227 
713 246 8 10 0.022377783 
631 232 8 9 0.022367727 
408 232 7 8 0.02236111 
638 469 11 15 0.022323834 
957 251 11 15 0.02232106 
594 215 19 24 0.022303196 
751 322 16 22 0.022289313 
207 294 8 11 0.02227849 
487 350 10 13 0.022277422 
463 245 8 10 0.022261871 
430 290 10 11 0.022261523 
307 251 9 11 0.022253646 
808 254 7 10 0.022251934 
532 387 12 14 0.022233268 
901 224 9 10 0.022211293 
583 231 8 9 0.022205576 
208 265 17 23 0.022188615 
653 263 9 12 0.022185955 
727 287 9 11 0.022159308 
388 402 12 15 0.022158055 
598 254 9 12 0.022120133 
701 348 9 13 0.022117073 
753 302 8 11 0.022113226 
581 439 12 14 0.02209361 
815 319 11 13 0.02208773 
588 367 10 12 0.022080842 
96 263 9 11 0.022072082 
499 258 18 23 0.022070115 
675 413 12 16 0.022060761 
332 343 11 13 0.02204271 
638 405 10 13 0.022038562 
895 393 11 15 0.022034494 
487 313 17 22 0.022028709 
298 386 11 14 0.022016555 
458 270 8 10 0.0220153 
328 380 12 15 0.022011787 
943 265 8 10 0.022006746 
440 348 10 13 0.022001375 
655 208 7 9 0.02200093 
261 396 11 13 0.0219503 
320 473 12 16 0.021908194 
184 288 8 10 0.021904333 
730 239 19 23 0.021899562 
317 413 10 13 0.021876078 
449 288 17 22 0.021868147 
600 343 11 13 0.021844042 
352 232 8 8 0.02182307 
742 425 10 13 0.021814978 
288 241 17 23 0.021814104 
735 215 8 9 0.021812206 
100 275 18 22 0.02178743 
149 261 10 12 0.02177153 
235 252 8 10 0.021766251 
608 315 18 23 0.021756873 
799 415 18 22 0.02175684 
218 351 18 23 0.021744147 
511 243 9 11 0.02172761 
696 240 18 23 0.02171046 
700 342 11 13 0.02169433 
816 224 8 10 0.021692678 
974 216 9 10 0.021689383 
776 285 9 10 0.021677993 
740 299 10 12 0.021664578 
376 312 9 11 0.02165643 
926 278 8 11 0.021638812 
751 421 9 13 0.021626893 
847 239 8 9 0.02162438 
754 454 10 12 0.021619841 
968 368 9 12 0.021611158 
297 427 9 12 0.021592027 
303 452 20 22 0.021536587 
860 294 18 23 0.021530677 
560 274 11 14 0.021510882 
639 288 11 14 0.021503296 
74 14 394 467 0.02148166 
857 355 10 13 0.02146033 
751 309 8 12 0.021407694 
799 252 9 11 0.021403817 
689 320 10 13 0.021402882 
478 474 13 16 0.02136084 
643 268 9 13 0.021355312 
87 264 8 11 0.021346072 
516 387 12 15 0.021342928 
150 234 17 23 0.021306109 
677 275 10 13 0.02129995 
52 455 12 15 0.02128629 
253 277 9 10 0.021279782 
237 352 19 24 0.021266852 
712 262 18 24 0.021259744 
200 276 8 11 0.021255322 
620 444 11 14 0.021211863 
511 279 9 11 0.021208722 
442 277 9 12 0.021196414 
783 288 17 23 0.02117001 
638 368 11 15 0.021156423 
639 477 10 12 0.02114956 
1 339 10 14 0.021142025 
438 440 13 16 0.021141427 
264 440 10 12 0.021136764 
39 458 10 13 0.021113677 
454 233 17 24 0.021105643 
856 240 8 10 0.021105524 
245 216 19 25 0.021090059 
735 411 18 22 0.02108442 
249 310 8 11 0.021050137 
79 218 17 23 0.02098502 
743 311 9 11 0.020968163 
891 284 10 12 0.02096062 
550 232 18 23 0.020947551 
784 474 12 15 0.020944677 
526 277 9 11 0.02093459 
791 206 8 9 0.020928852 
217 241 8 10 0.0209239 
88 268 9 11 0.020916417 
152 218 18 23 0.02091044 
263 263 8 9 0.020877216 
822 344 11 13 0.020866 
851 277 11 14 0.020836588 
760 264 17 22 0.020806804 
167 295 17 22 0.020787422 
495 286 9 11 0.02077889 
293 315 18 22 0.020764565 
550 261 10 12 0.020756247 
338 446 13 16 0.0207361 
54 382 9 13 0.02070957 
758 252 8 11 0.020688903 
831 263 9 11 0.020670697 
269 217 7 10 0.020668127 
886 274 18 22 0.020650515 
178 362 10 12 0.020645022 
551 278 9 11 0.020633671 
303 439 11 14 0.0206271 
164 373 11 12 0.020600732 
689 354 11 13 0.020595586 
606 254 10 12 0.020590214 
255 376 17 23 0.02057171 
440 263 18 22 0.020542366 
512 309 9 12 0.02054026 
928 292 9 12 0.020538645 
798 310 10 11 0.020536035 
952 288 10 12 0.020535072 
806 285 9 13 0.02052595 
114 240 9 11 0.020525115 
237 438 11 14 0.02048802 
752 287 8 11 0.020474136 
204 245 9 12 0.020466184 
350 264 8 10 0.02034458 
510 371 12 13 0.020335099 
975 222 8 10 0.020329788 
687 287 9 11 0.02032466 
85 244 9 11 0.020317143 
791 375 9 12 0.020309873 
829 284 10 12 0.020244285 
158 271 9 11 0.020242337 
727 263 8 10 0.020241022 
143 463 14 17 0.020230217 
461 373 12 14 0.02019541 
150 297 17 22 0.02018538 
527 232 18 25 0.020136653 
682 296 17 22 0.020124245 
409 240 8 10 0.020121548 
710 294 9 12 0.02009839 
589 403 10 13 0.020096537 
449 256 8 9 0.020088885 
847 217 18 24 0.020088857 
647 330 12 15 0.020087825 
250 290 17 23 0.020071393 
332 216 19 24 0.02005602 
303 347 17 22 0.020030389 
425 324 10 13 0.020004548 
