12_Group_Group_12_Group_Group_12_794
28
556 38 60 64 0.8003031 
367 154 42 54 0.67144406 
451 169 33 45 0.4153315 
471 148 25 41 0.23561738 
387 159 30 47 0.19375087 
653 132 30 38 0.14355455 
502 74 41 47 0.09074903 
506 119 119 185 0.059742115 
658 128 47 49 0.05787772 
525 47 60 70 0.049153697 
394 96 31 34 0.047966987 
1 291 10 20 0.045246873 
689 68 30 28 0.038791265 
277 59 432 407 0.03437675 
578 65 56 70 0.033657864 
497 48 63 70 0.032955162 
432 158 38 58 0.0313072 
580 48 48 45 0.029379172 
452 137 45 61 0.02829583 
393 176 19 28 0.027198702 
-53 345 365 436 0.026768561 
0 284 18 37 0.026210068 
399 154 38 57 0.026063854 
515 96 176 285 0.0257446 
498 450 14 16 0.025148008 
400 510 123 148 0.02344976 
478 139 30 42 0.023038754 
597 88 38 42 0.020145658 
