12_Group_Group_12_Group_Group_12_38
26
571 67 48 61 0.99882025 
106 81 47 58 0.9982381 
789 61 46 56 0.99815816 
269 72 48 54 0.9980921 
201 75 47 51 0.99502784 
491 82 43 53 0.9909697 
716 59 43 55 0.9878457 
414 89 45 50 0.93706924 
632 66 13 17 0.14159562 
319 71 37 54 0.092083156 
304 580 18 20 0.063606225 
627 67 26 38 0.062187888 
855 543 24 28 0.048055418 
677 125 31 32 0.037275746 
335 79 26 37 0.031357106 
865 106 28 40 0.029725447 
286 562 13 16 0.029064089 
631 82 27 36 0.02638863 
267 572 17 21 0.02527507 
67 374 65 64 0.024267538 
525 386 39 37 0.023838336 
834 108 26 36 0.023776697 
126 75 34 44 0.022720128 
634 113 425 503 0.020785887 
119 188 110 180 0.020575836 
635 93 29 40 0.02032518 
