12_Group_Team_Organized_Group_12_Group_Team_Organized_Group_12_850
37
468 155 135 172 0.99986637 
283 214 133 161 0.9995221 
671 263 33 50 0.9933342 
927 274 13 17 0.41354576 
92 248 17 20 0.13010892 
972 290 14 16 0.101521656 
1010 243 13 22 0.089916475 
965 291 13 16 0.07785371 
60 254 17 22 0.07308565 
974 310 13 15 0.07226033 
-5 181 48 102 0.06421022 
332 172 133 201 0.05059597 
28 233 22 30 0.047006972 
1007 515 13 23 0.04647698 
-2 248 23 53 0.040827077 
909 276 11 13 0.040722225 
678 270 43 56 0.039009932 
142 246 15 19 0.03892336 
986 287 14 19 0.03557282 
980 288 14 17 0.035293475 
1012 268 10 15 0.029451033 
117 268 15 17 0.028926574 
959 272 14 17 0.028779896 
3 261 28 51 0.028352791 
137 247 25 28 0.026953086 
1007 272 11 16 0.02686043 
920 276 13 16 0.025622033 
-3 75 76 176 0.025597306 
42 241 23 30 0.025174323 
80 481 27 39 0.024884608 
53 249 17 22 0.024446454 
709 275 30 43 0.02382316 
694 287 35 42 0.023099603 
18 252 28 37 0.02221037 
119 260 13 15 0.022027912 
908 282 12 15 0.02118077 
124 257 14 17 0.020832513 
