12_Group_Large_Group_12_Group_Large_Group_12_354
49
353 336 51 70 0.9987477 
22 303 79 135 0.99802834 
215 359 67 94 0.9960913 
825 240 205 396 0.9884914 
444 369 37 48 0.97830784 
650 365 50 90 0.8728789 
283 337 51 72 0.19130212 
264 457 52 57 0.16700491 
228 496 29 40 0.1382576 
261 529 65 72 0.09123621 
620 499 26 43 0.0785302 
404 314 41 55 0.071006835 
202 478 12 15 0.0640283 
527 420 12 20 0.05914104 
631 222 354 441 0.04893755 
247 475 46 54 0.039245393 
168 464 11 13 0.036264077 
381 77 47 58 0.03463264 
236 508 16 23 0.034422647 
294 475 37 47 0.03233671 
238 541 11 15 0.031435568 
246 342 56 81 0.030940052 
660 369 78 107 0.030197613 
530 424 15 20 0.030119736 
184 529 9 10 0.030029997 
533 423 24 29 0.029764513 
402 338 41 60 0.0292011 
160 524 10 12 0.028870024 
304 455 44 58 0.027834227 
551 474 12 18 0.027401501 
195 599 111 152 0.02688227 
335 311 429 479 0.02687954 
210 508 10 13 0.02659238 
265 529 41 38 0.02549937 
264 326 52 69 0.025389375 
70 37 43 45 0.025369622 
618 472 32 37 0.023927242 
23 54 13 13 0.023358993 
199 605 30 31 0.023233712 
693 380 82 105 0.022490693 
221 495 186 226 0.022311881 
753 361 38 71 0.021873422 
408 180 30 34 0.021532416 
631 389 12 18 0.021017488 
641 393 38 63 0.021003759 
759 327 187 272 0.02076519 
521 419 22 31 0.020543948 
214 527 10 13 0.020474758 
550 419 14 20 0.020445962 
