12_Group_Group_12_Group_Group_12_843
128
391 495 94 105 0.99831164 
621 202 17 20 0.9578873 
506 227 13 17 0.93488455 
89 433 119 203 0.886355 
547 222 11 14 0.8295771 
420 238 14 18 0.71814954 
667 261 19 22 0.66855365 
58 325 15 19 0.23644063 
585 192 8 12 0.15583473 
600 334 36 39 0.14999598 
604 211 11 14 0.13597034 
281 443 16 19 0.13090506 
643 219 11 14 0.11305198 
191 737 14 18 0.10884126 
242 215 8 11 0.085985 
521 381 34 37 0.068487935 
595 240 21 28 0.06811672 
601 207 11 13 0.06780209 
318 446 49 65 0.06766161 
224 225 8 9 0.06159313 
516 303 10 14 0.054525923 
532 237 10 12 0.05424179 
224 230 8 10 0.053692408 
532 245 10 12 0.047915842 
531 291 14 18 0.047871962 
242 207 7 9 0.046747647 
580 217 14 18 0.04555127 
278 692 13 16 0.045530856 
134 367 36 34 0.04422319 
311 201 7 9 0.043971505 
637 195 13 17 0.041746464 
580 269 11 15 0.041259423 
223 208 9 10 0.04085203 
587 561 189 207 0.040127095 
185 223 8 10 0.039859883 
190 223 7 10 0.03924081 
491 340 28 34 0.03801772 
305 471 60 70 0.03770059 
592 253 11 16 0.03761611 
257 224 6 9 0.0365578 
600 321 29 37 0.036365103 
263 175 7 10 0.036097545 
247 207 7 9 0.035559423 
495 251 10 14 0.035030562 
728 303 8 11 0.034358807 
169 208 9 11 0.034242045 
597 310 26 34 0.033762407 
173 212 8 10 0.033384338 
598 217 11 15 0.033212382 
186 723 22 30 0.03319565 
409 270 9 12 0.03310597 
549 259 11 15 0.032707777 
216 207 7 9 0.032531913 
8 183 9 11 0.03230309 
589 219 12 15 0.032127123 
633 201 15 19 0.03141107 
241 184 6 8 0.03138461 
248 222 7 9 0.031240173 
542 162 16 19 0.030957857 
264 223 7 8 0.03067875 
615 244 12 16 0.030102663 
650 265 24 30 0.029887542 
604 243 26 28 0.029626893 
884 591 48 53 0.029539358 
593 258 23 30 0.029098434 
224 213 7 9 0.028950118 
637 213 19 25 0.028296776 
166 230 9 11 0.028175775 
-21 445 141 200 0.028103758 
184 216 8 9 0.028028779 
200 233 9 10 0.027706822 
1014 155 9 14 0.027690476 
322 464 81 93 0.027327262 
525 317 11 12 0.02703691 
214 200 8 10 0.026983686 
194 742 17 19 0.02685249 
596 272 15 19 0.026811091 
575 214 12 17 0.026778266 
334 444 58 79 0.02650476 
575 194 11 14 0.02637676 
200 208 7 9 0.026118515 
573 238 10 12 0.025920238 
295 510 50 39 0.025916524 
656 256 24 28 0.025674244 
257 192 8 9 0.02517016 
603 290 15 17 0.025053877 
595 254 17 21 0.025013387 
254 247 9 12 0.024908459 
248 201 7 9 0.024899034 
168 225 8 10 0.024845172 
257 216 7 9 0.024813581 
129 216 8 10 0.02455177 
100 320 10 13 0.024198208 
492 302 14 19 0.023956306 
185 206 8 10 0.023885844 
499 341 16 20 0.023876168 
653 245 10 14 0.023792164 
3 38 53 80 0.023451118 
637 285 24 27 0.023313418 
633 560 58 62 0.023243729 
429 342 10 13 0.023074502 
191 200 7 9 0.023010843 
534 213 11 15 0.022975614 
241 200 7 10 0.022801002 
184 199 9 10 0.02260162 
638 273 25 29 0.022414688 
567 381 10 14 0.022385262 
179 747 14 18 0.02237441 
616 206 14 18 0.0223009 
596 236 14 19 0.022159552 
64 268 8 11 0.022071175 
221 744 16 19 0.021985307 
514 221 12 16 0.021864595 
539 95 43 57 0.021635057 
200 213 8 10 0.021373276 
47 325 27 30 0.02122634 
618 513 96 116 0.020995064 
646 268 13 16 0.020964388 
0 171 8 12 0.020853695 
223 190 8 10 0.020738266 
498 297 14 18 0.0207015 
599 277 25 28 0.020595046 
595 347 31 40 0.020439254 
655 260 13 18 0.020392505 
602 272 18 20 0.020322079 
165 238 9 10 0.02022488 
176 401 51 65 0.020032529 
60 322 11 13 0.020020822 
