12_Group_Group_12_Group_Group_12_759
23
376 119 66 88 0.9978527 
541 188 79 104 0.9929924 
246 176 69 102 0.99096996 
831 132 68 108 0.98119974 
59 98 71 125 0.98059434 
791 278 10 13 0.18252118 
30 448 90 124 0.099864356 
750 276 9 11 0.049358457 
728 301 10 14 0.040413722 
717 286 9 12 0.038797054 
749 287 9 11 0.035182394 
762 294 9 11 0.034415517 
761 288 8 10 0.034098286 
745 333 11 15 0.030030811 
726 286 9 11 0.029098056 
745 291 10 13 0.0281247 
520 24 8 9 0.027877621 
67 267 48 56 0.026509732 
919 94 14 20 0.024102876 
754 95 8 10 0.02387389 
-12 418 144 201 0.023116956 
718 292 10 13 0.022589942 
716 278 10 14 0.021214789 
