12_Group_Team_Organized_Group_12_Group_Team_Organized_Group_12_28
48
927 240 26 34 0.9989073 
432 263 29 36 0.9982863 
599 268 29 35 0.9976851 
212 0 59 47 0.9964393 
985 286 29 37 0.9952539 
521 255 39 52 0.99118716 
681 51 45 55 0.99064386 
468 257 23 28 0.93500304 
142 268 22 30 0.9334964 
824 274 21 32 0.889149 
879 275 23 29 0.873348 
13 217 25 31 0.87331927 
998 244 20 28 0.8546799 
966 255 24 27 0.84353477 
338 257 22 27 0.37527582 
783 260 20 26 0.24256848 
60 230 16 20 0.24121618 
788 346 35 35 0.18536103 
962 265 25 31 0.16172451 
104 11 49 62 0.14869547 
332 265 16 20 0.1475524 
832 282 25 32 0.08552964 
463 273 28 42 0.07052199 
983 248 24 31 0.06473468 
332 245 23 29 0.06250961 
782 271 16 22 0.062401783 
671 258 21 30 0.057769354 
4 221 25 35 0.052674107 
167 8 32 37 0.05215707 
960 277 23 30 0.044700168 
365 317 22 27 0.03494604 
3 218 17 23 0.03332584 
89 230 25 28 0.031774394 
1002 363 15 22 0.031772036 
201 1 45 35 0.03113061 
83 211 27 31 0.030061672 
156 155 22 33 0.029184723 
139 0 53 53 0.028296422 
975 251 19 24 0.027574413 
871 277 17 24 0.026790831 
183 3 35 31 0.026474327 
326 276 24 29 0.025212865 
890 284 16 22 0.024991246 
328 273 15 19 0.023529038 
843 285 23 31 0.022430846 
154 243 14 18 0.021552648 
140 261 16 22 0.021296315 
468 291 18 25 0.020819271 
