12_Group_Team_Organized_Group_12_Group_Team_Organized_Group_12_403
93
751 265 24 28 0.9957029 
436 332 24 29 0.98620343 
232 398 22 27 0.98397416 
880 211 22 28 0.97915983 
183 290 24 28 0.97794455 
602 261 21 26 0.97496074 
358 405 26 32 0.97138536 
318 336 20 22 0.82474166 
767 303 28 38 0.5357818 
204 326 15 20 0.4647975 
190 421 13 19 0.45066077 
308 372 20 31 0.2929988 
338 362 17 23 0.2546738 
368 467 14 20 0.1535722 
198 373 15 20 0.13714986 
410 415 15 20 0.12364978 
181 365 10 12 0.12019316 
364 472 20 29 0.11858746 
411 464 14 18 0.10753095 
258 422 17 21 0.08683087 
230 484 13 18 0.085641496 
745 319 22 29 0.08099096 
400 399 11 15 0.06905314 
291 459 13 17 0.06449663 
365 358 13 15 0.06420507 
514 469 10 13 0.06388744 
454 372 23 28 0.05885309 
500 463 10 12 0.05861114 
307 359 13 16 0.056150693 
260 401 16 20 0.05608934 
460 421 14 15 0.05600462 
328 353 22 26 0.052114654 
231 443 13 19 0.05077731 
334 367 24 32 0.05041914 
407 396 12 16 0.049979623 
216 347 12 15 0.045268033 
866 314 17 20 0.044556633 
332 389 24 28 0.04312474 
877 277 16 21 0.041083157 
561 267 14 17 0.039794598 
320 347 19 23 0.03950488 
455 366 13 16 0.03734512 
134 387 11 14 0.03724316 
501 468 10 13 0.036193646 
456 425 12 14 0.035914775 
872 322 17 20 0.035853237 
284 407 24 27 0.03494284 
291 396 15 18 0.03486562 
590 304 14 19 0.03460399 
229 378 14 19 0.032975014 
403 394 20 26 0.032808207 
414 315 14 18 0.032555185 
447 409 15 18 0.032484632 
219 429 14 18 0.031911258 
448 522 12 13 0.031450454 
318 368 24 33 0.03144553 
302 361 23 33 0.03125961 
576 276 12 16 0.029612305 
422 448 15 20 0.028648905 
308 390 17 22 0.027224174 
615 301 23 29 0.026950894 
371 356 14 16 0.026855033 
470 454 10 11 0.026799176 
253 439 23 31 0.025462931 
309 401 16 20 0.025081009 
247 397 20 28 0.0249842 
228 445 20 29 0.024902225 
333 519 24 34 0.02482329 
214 352 13 17 0.02466297 
752 229 11 13 0.024435978 
346 464 15 19 0.024337707 
771 299 19 22 0.024250563 
179 369 13 16 0.024224285 
476 409 12 16 0.02401055 
205 367 13 15 0.023602331 
410 402 16 21 0.02322803 
290 454 24 28 0.022914153 
461 462 12 13 0.022588452 
435 379 13 18 0.022237537 
313 338 15 18 0.022190344 
228 435 14 20 0.022113238 
776 252 224 261 0.022055151 
379 354 12 15 0.0217899 
535 304 10 12 0.021620221 
258 408 20 25 0.020979278 
192 396 12 18 0.020908615 
729 38 8 11 0.020821165 
274 354 12 14 0.020672355 
545 293 10 11 0.020563047 
541 112 42 57 0.020537369 
342 396 27 31 0.020321082 
483 342 14 19 0.020218547 
430 387 14 19 0.020150036 
