12_Group_Large_Group_12_Group_Large_Group_12_771
20
168 181 387 488 0.9998258 
534 285 111 209 0.19696793 
599 922 215 316 0.19249044 
7 818 444 524 0.15641767 
775 990 86 110 0.14037865 
567 365 87 156 0.10179253 
936 1512 9 12 0.06578665 
453 131 118 159 0.050116334 
727 977 111 145 0.046124175 
465 13 78 72 0.043804653 
129 43 356 451 0.03414432 
246 359 449 550 0.031197226 
496 134 125 204 0.023967313 
904 1511 11 12 0.023243276 
674 960 131 186 0.023004824 
285 107 132 112 0.022938015 
512 810 381 499 0.021991987 
310 55 335 486 0.021717127 
260 17 194 247 0.020454286 
706 834 186 288 0.020169726 
