12_Group_Large_Group_12_Group_Large_Group_12_13
82
637 347 17 22 0.99175006 
569 368 19 22 0.99015385 
478 367 18 21 0.988607 
232 354 19 24 0.9838075 
311 356 19 22 0.9809795 
117 337 22 27 0.9785364 
730 355 18 23 0.97803247 
904 371 19 24 0.9715949 
866 409 22 27 0.9693075 
805 363 19 23 0.96333295 
357 406 16 20 0.96170706 
680 393 21 25 0.9605467 
517 398 18 23 0.9522103 
408 363 17 21 0.94950986 
165 392 21 26 0.9454488 
377 359 16 18 0.6516801 
34 157 10 14 0.18588212 
55 363 13 19 0.1568244 
458 24 47 70 0.11280167 
828 438 13 17 0.076046124 
297 337 17 20 0.0699935 
616 345 12 16 0.060505003 
22 173 9 10 0.05476692 
907 271 7 9 0.05171491 
814 30 94 111 0.04967156 
713 388 17 21 0.04802876 
822 50 58 65 0.046580557 
521 364 11 14 0.045042966 
15 165 10 13 0.043833047 
159 341 13 16 0.043465152 
17 170 10 13 0.038244437 
560 334 11 14 0.036651786 
373 376 16 20 0.03638825 
374 334 11 16 0.03554069 
458 389 14 17 0.03540992 
32 184 7 9 0.035194602 
550 351 10 13 0.03472843 
391 380 12 16 0.034627717 
238 324 9 12 0.03450053 
504 333 8 10 0.03371773 
831 433 19 26 0.033389002 
687 173 49 66 0.031146778 
243 383 16 20 0.030515254 
821 57 33 42 0.029872112 
180 338 14 18 0.027870074 
438 384 15 17 0.027541365 
189 329 13 17 0.027286852 
891 521 47 51 0.027068049 
264 317 11 14 0.026985552 
367 360 15 20 0.026706269 
621 458 10 16 0.026435893 
198 331 11 14 0.026299419 
309 315 10 12 0.025979262 
205 384 15 19 0.025905369 
378 367 14 18 0.025067743 
676 346 12 16 0.02459598 
854 279 8 9 0.024093164 
229 332 12 15 0.023997322 
454 12 83 106 0.023954548 
230 428 11 13 0.023747927 
377 315 10 14 0.023588704 
837 255 9 10 0.023162603 
199 346 13 17 0.022610214 
366 332 11 14 0.02245674 
432 404 10 13 0.02240867 
78 279 10 12 0.022304822 
833 255 9 10 0.022283947 
71 351 11 14 0.022106737 
299 327 14 16 0.021890722 
176 237 8 10 0.021870606 
541 432 12 15 0.021723611 
374 418 13 18 0.021562355 
174 339 13 17 0.021530325 
992 270 8 11 0.021206804 
340 360 14 18 0.021175407 
820 76 35 39 0.02116496 
593 82 49 67 0.021026645 
870 288 8 10 0.02089706 
332 380 16 22 0.020640802 
375 309 11 14 0.020597856 
577 99 57 71 0.020143457 
681 31 201 248 0.020083591 
