12_Group_Team_Organized_Group_12_Group_Team_Organized_Group_12_412
75
555 233 34 42 0.9990343 
760 180 34 40 0.9981061 
704 199 39 48 0.9967619 
780 58 33 38 0.995018 
663 222 32 42 0.9948953 
603 333 36 49 0.9947129 
328 217 37 45 0.9940752 
577 401 46 58 0.9922132 
387 219 37 48 0.99211323 
494 226 38 48 0.99121 
233 200 40 52 0.9892028 
117 191 33 42 0.98243904 
967 134 36 49 0.9749937 
140 215 36 50 0.96805614 
5 210 41 39 0.9636461 
593 226 25 35 0.93301666 
891 222 39 50 0.92857057 
496 176 25 32 0.8947858 
911 207 30 37 0.8654963 
543 141 12 16 0.592273 
208 206 17 21 0.5361923 
476 240 15 22 0.30704165 
818 236 27 33 0.30643925 
294 173 11 15 0.28069788 
573 149 12 16 0.24463853 
610 170 14 19 0.22070946 
635 234 24 30 0.17213076 
514 141 10 13 0.13366042 
287 242 29 41 0.11269812 
646 227 30 36 0.08704632 
871 2 33 38 0.08314476 
285 168 24 29 0.07512536 
598 262 25 31 0.07222348 
342 313 40 54 0.07068739 
705 255 24 29 0.07001024 
996 253 29 44 0.06222 
854 255 13 19 0.05566271 
540 148 15 20 0.055425074 
520 491 40 57 0.052243844 
48 247 25 33 0.050875023 
577 318 31 37 0.045904256 
467 448 46 54 0.045111217 
512 137 9 12 0.04402666 
596 221 16 21 0.043519963 
866 260 22 28 0.042904865 
415 272 29 39 0.040113132 
780 119 28 35 0.037329372 
598 248 23 30 0.036535636 
504 187 20 25 0.033977274 
262 196 32 45 0.033489086 
919 0 28 36 0.032685675 
278 177 29 36 0.031984407 
510 137 19 23 0.030511556 
833 240 17 23 0.02986101 
34 241 17 24 0.029364008 
818 250 20 24 0.029222777 
404 194 25 31 0.027710166 
46 256 16 21 0.026374336 
861 253 21 27 0.025320834 
1002 238 24 42 0.024934817 
197 209 24 33 0.02476917 
523 138 12 16 0.024719723 
483 492 33 49 0.024112558 
958 204 35 50 0.023494137 
275 192 32 47 0.023471853 
686 430 38 50 0.0227446 
409 196 15 18 0.02245356 
572 156 15 20 0.022291671 
58 97 14 19 0.021615561 
525 103 12 17 0.021607962 
573 228 31 39 0.02103483 
631 235 15 21 0.020972347 
506 333 42 51 0.020942299 
493 477 45 62 0.020421674 
394 206 33 42 0.020014765 
