12_Group_Team_Organized_Group_12_Group_Team_Organized_Group_12_418
421
300 368 26 33 0.99912757 
470 375 25 32 0.9977018 
404 260 23 31 0.9951751 
154 170 16 21 0.9915132 
187 186 16 21 0.98945504 
258 224 16 21 0.9884735 
316 282 22 28 0.9884058 
716 213 17 21 0.9881585 
509 210 16 21 0.9872427 
393 403 23 28 0.98680544 
563 221 16 21 0.98515344 
305 205 18 22 0.9815812 
620 215 16 20 0.9792594 
167 354 22 28 0.9785638 
634 363 22 27 0.9755613 
657 305 22 27 0.97357756 
204 205 18 21 0.97136587 
559 367 24 28 0.9693487 
514 288 20 26 0.95988053 
379 145 13 17 0.9585406 
406 163 12 17 0.95834035 
805 180 19 27 0.9578781 
600 194 14 19 0.95494974 
620 171 13 17 0.9497639 
455 218 16 20 0.94044864 
407 220 15 20 0.9333813 
148 215 19 24 0.9304624 
135 192 15 20 0.9237829 
553 186 13 17 0.9189088 
248 185 16 18 0.9132966 
283 85 15 18 0.9027691 
650 107 12 16 0.8793358 
666 212 16 19 0.87466943 
360 227 16 21 0.86952794 
207 167 13 17 0.85111487 
311 182 13 15 0.84956807 
461 139 12 16 0.8372623 
649 187 13 18 0.83297515 
237 348 23 28 0.8079709 
325 140 12 16 0.7990894 
403 191 14 18 0.78197783 
268 136 13 16 0.78184766 
27 208 23 26 0.7796167 
295 35 12 14 0.7406706 
90 186 15 20 0.72019327 
102 174 15 18 0.71699464 
551 158 13 16 0.7165014 
93 227 17 20 0.70441544 
360 137 13 15 0.6840214 
499 189 13 17 0.62378764 
319 83 13 17 0.6150408 
697 189 12 16 0.61363834 
123 140 13 17 0.5711043 
305 158 14 17 0.56850713 
495 168 12 16 0.5593078 
254 162 13 16 0.5121056 
485 153 13 16 0.4922863 
750 202 13 19 0.46170083 
581 126 10 13 0.4466012 
411 74 11 15 0.43495402 
242 76 14 16 0.4279221 
532 147 11 15 0.42644635 
578 172 12 15 0.39886555 
501 142 12 15 0.3796735 
599 159 11 14 0.36425307 
429 143 10 13 0.35974485 
611 143 11 14 0.35383692 
357 189 13 17 0.34846115 
22 229 11 16 0.30317488 
221 158 12 15 0.2785782 
647 159 11 13 0.2783279 
306 141 13 16 0.24907073 
222 75 15 20 0.24069662 
266 68 10 14 0.22380693 
550 132 12 16 0.22157936 
622 130 10 13 0.21673907 
542 195 11 15 0.20837097 
522 177 14 17 0.20790051 
429 475 11 14 0.2010336 
696 273 13 15 0.19114111 
514 154 12 16 0.17470609 
595 242 16 19 0.17050314 
375 80 10 14 0.16689582 
523 324 13 18 0.16665278 
342 147 12 15 0.1664795 
61 227 13 18 0.16605492 
632 240 11 16 0.14863484 
599 443 13 17 0.1478612 
342 174 12 15 0.13967945 
484 196 14 17 0.13793875 
299 52 11 13 0.13487332 
582 159 10 11 0.13201018 
450 187 14 18 0.1285922 
577 141 11 14 0.11672211 
246 289 24 28 0.11627812 
288 252 22 26 0.11356511 
423 147 12 15 0.109708525 
578 165 13 15 0.10296044 
359 172 13 15 0.09482142 
509 149 12 15 0.094706215 
189 465 14 18 0.09407441 
608 99 9 12 0.09379065 
634 90 13 17 0.093353696 
179 149 12 15 0.093291186 
591 248 13 18 0.09151754 
55 226 13 18 0.09065727 
270 154 14 19 0.08931674 
398 62 11 13 0.08633397 
308 78 11 14 0.086267486 
679 294 12 16 0.084926315 
654 164 11 16 0.082560964 
635 173 11 15 0.082514636 
450 161 13 16 0.08149841 
568 102 10 12 0.08102064 
687 149 11 13 0.07994095 
358 180 14 18 0.079664715 
444 243 16 20 0.07959711 
134 146 11 15 0.079024285 
297 264 22 28 0.076068744 
140 148 10 14 0.07558237 
628 172 12 16 0.07540302 
639 394 12 15 0.07483086 
671 166 11 15 0.07437155 
299 32 12 14 0.074290276 
581 93 9 12 0.074031755 
389 84 10 14 0.068519615 
367 119 10 13 0.06788758 
176 165 13 17 0.0671298 
304 71 10 12 0.06546429 
241 94 11 14 0.065094866 
340 194 14 20 0.063594915 
182 121 11 15 0.06356553 
423 134 10 12 0.06309628 
495 193 13 17 0.062075887 
79 182 10 13 0.061627742 
348 77 11 12 0.061499573 
278 177 11 15 0.061095312 
365 124 13 15 0.060980584 
389 165 9 12 0.0608052 
27 223 16 20 0.060527626 
333 78 10 12 0.060227998 
487 161 14 18 0.059554804 
459 272 18 21 0.059357606 
674 441 14 17 0.059309427 
316 46 9 11 0.059034865 
370 476 14 16 0.05768935 
541 172 10 12 0.057001565 
663 107 12 16 0.056879323 
345 47 10 13 0.05650653 
614 99 10 12 0.055770487 
453 50 12 15 0.055717718 
268 73 11 14 0.055295892 
592 162 11 14 0.055187773 
362 187 12 16 0.05510111 
699 184 13 16 0.052757088 
543 167 8 12 0.052046258 
696 201 11 14 0.051966503 
562 379 17 21 0.051252335 
382 378 15 22 0.05095565 
663 134 12 15 0.050944526 
577 158 10 13 0.05046165 
129 110 10 12 0.050019912 
212 75 16 21 0.049752362 
260 20 11 15 0.04906981 
136 126 9 10 0.04807319 
268 101 11 13 0.047842868 
559 94 11 15 0.047578882 
101 135 9 12 0.04752597 
471 244 13 15 0.047509942 
348 85 11 13 0.0472987 
597 277 11 15 0.04701321 
365 195 13 18 0.04699568 
302 94 11 14 0.046991836 
285 244 17 20 0.04592502 
578 131 11 14 0.045743555 
383 83 11 14 0.045341246 
324 100 11 13 0.045322817 
359 70 10 13 0.045229357 
358 166 12 14 0.04522427 
570 106 12 14 0.04508401 
493 147 13 17 0.04488487 
446 192 13 18 0.04435072 
62 278 12 15 0.04430315 
350 192 13 18 0.04368797 
204 101 10 13 0.043501813 
579 147 11 14 0.042675048 
640 159 9 12 0.041681807 
331 53 11 12 0.04155611 
535 164 11 14 0.041531052 
288 64 9 12 0.041529752 
496 217 14 19 0.04137548 
670 157 8 11 0.041296836 
79 211 13 17 0.04127599 
290 88 14 18 0.041247465 
349 141 11 14 0.041133475 
387 46 12 13 0.041122776 
422 124 12 15 0.040597152 
631 297 12 16 0.040523387 
694 142 9 11 0.04045706 
69 108 11 14 0.040450547 
775 259 10 12 0.039892606 
549 150 13 17 0.039866854 
303 272 24 30 0.03979114 
523 185 15 17 0.039462306 
633 111 9 11 0.039398156 
580 87 9 12 0.039271507 
310 38 10 13 0.039013382 
292 264 16 21 0.038767427 
302 82 11 15 0.03875648 
414 90 11 13 0.038683496 
276 37 12 13 0.03863578 
478 198 15 19 0.03848992 
481 149 12 16 0.038379055 
603 388 12 14 0.03815443 
735 294 11 13 0.038149696 
429 135 10 14 0.038016193 
591 276 11 14 0.03782866 
660 165 11 15 0.03714669 
340 225 14 17 0.03700317 
336 101 9 11 0.036997493 
600 99 10 13 0.036913116 
215 140 11 13 0.03681221 
638 164 10 13 0.036595356 
621 266 15 19 0.036560185 
207 74 13 19 0.036505524 
383 236 11 14 0.036076598 
554 51 101 128 0.03595779 
299 43 12 15 0.03543018 
354 452 14 18 0.035368074 
453 125 11 13 0.035178564 
356 106 13 16 0.034829274 
86 228 16 19 0.034785535 
777 254 10 13 0.034673613 
775 229 11 15 0.033883724 
310 82 12 16 0.03386076 
175 154 14 17 0.033799205 
636 117 11 12 0.033641383 
812 206 14 17 0.033306137 
308 134 13 17 0.03330283 
436 158 10 13 0.03304253 
616 165 14 18 0.032892834 
635 98 12 15 0.032759093 
673 461 11 13 0.032554608 
204 185 13 17 0.03253782 
308 173 15 19 0.032227673 
666 231 15 19 0.032004934 
238 375 16 20 0.03168661 
389 108 11 13 0.03164668 
467 171 14 16 0.031634953 
130 141 12 15 0.03159927 
203 268 17 21 0.031321645 
494 177 15 19 0.0313023 
615 241 12 16 0.031222686 
351 71 9 12 0.031181768 
85 182 15 19 0.031054161 
400 55 10 13 0.03099627 
370 199 14 18 0.030851286 
172 481 10 13 0.030714812 
88 142 8 10 0.030342653 
703 159 8 10 0.030308021 
642 267 15 20 0.030007234 
816 279 11 13 0.029831316 
291 80 13 15 0.029822782 
205 176 15 19 0.029690847 
374 93 10 12 0.029613618 
667 139 10 12 0.029419808 
735 274 14 19 0.029137662 
603 156 11 15 0.02901394 
615 441 13 17 0.028995818 
372 118 10 13 0.028779643 
284 262 16 21 0.028705224 
214 149 12 15 0.028616082 
632 158 11 13 0.028532466 
220 187 13 17 0.02845267 
258 26 12 15 0.02841224 
97 183 16 20 0.028401906 
437 53 11 13 0.028401773 
293 68 10 13 0.028044863 
535 195 12 16 0.027996413 
662 157 10 13 0.027920589 
437 179 13 17 0.027863234 
248 162 14 17 0.027846348 
358 126 13 16 0.027671823 
471 122 12 15 0.027620452 
420 154 11 15 0.02748968 
460 348 12 18 0.027471123 
564 94 11 14 0.027269019 
41 216 15 21 0.027188055 
304 146 18 21 0.027109103 
564 159 10 12 0.027057525 
711 196 10 14 0.026988445 
677 502 9 11 0.02683276 
650 203 14 16 0.026736237 
532 135 11 14 0.02651895 
619 79 11 14 0.02645575 
275 160 13 17 0.026360003 
498 71 109 146 0.02620408 
141 142 11 14 0.02619112 
161 251 17 19 0.026182229 
595 256 14 17 0.026142541 
412 158 12 16 0.02614187 
404 140 10 13 0.026118599 
293 62 10 12 0.026064232 
844 168 13 17 0.026011333 
384 126 9 11 0.026000142 
490 170 12 16 0.02597473 
248 61 10 14 0.02594903 
188 225 15 19 0.025903014 
110 127 9 11 0.025899334 
541 148 11 15 0.025806278 
389 103 10 12 0.0257532 
22 218 16 20 0.025689524 
177 122 10 14 0.025624877 
446 182 12 16 0.025531631 
417 150 10 13 0.025407743 
788 188 12 16 0.025376808 
85 313 18 19 0.025213977 
592 93 10 14 0.025044084 
449 127 9 12 0.025013203 
259 37 10 13 0.024951521 
400 429 17 20 0.024940114 
575 135 18 23 0.024860933 
672 453 12 14 0.024842221 
500 136 11 15 0.02483366 
696 168 8 10 0.024790816 
448 53 12 14 0.024765823 
534 346 15 20 0.024628557 
414 64 9 12 0.024617385 
421 116 11 13 0.0245645 
256 44 11 13 0.024518935 
727 292 10 14 0.024496747 
529 154 11 15 0.024415048 
628 131 11 14 0.024310345 
718 472 9 11 0.024283607 
385 92 9 13 0.02422574 
689 421 11 15 0.024203368 
442 545 22 28 0.024157513 
349 181 12 16 0.02414341 
260 157 12 17 0.024000473 
366 77 12 14 0.02395705 
577 121 18 22 0.023899803 
375 34 11 15 0.023882553 
360 86 10 12 0.023852102 
602 163 12 14 0.023843974 
328 48 10 13 0.023824347 
353 103 11 13 0.023803182 
430 164 12 14 0.023680493 
617 84 9 12 0.023604415 
167 135 11 13 0.023579186 
138 250 16 19 0.02356198 
141 127 8 10 0.023509106 
266 192 15 19 0.023383645 
243 219 14 19 0.023308277 
359 38 11 12 0.023283442 
467 179 15 18 0.02324764 
543 227 14 18 0.023167899 
518 163 12 14 0.023038156 
359 117 12 14 0.023033466 
15 228 13 17 0.023002582 
396 416 23 27 0.022944393 
688 184 11 14 0.022917204 
670 152 9 11 0.022881642 
5 284 10 11 0.02283233 
309 93 11 14 0.022789678 
366 94 10 12 0.022766596 
164 156 12 15 0.022628542 
181 143 12 14 0.022599142 
839 365 25 36 0.022592118 
692 426 10 13 0.022585968 
63 300 10 12 0.022575993 
88 150 8 10 0.022436704 
319 7 11 13 0.022436704 
638 126 10 12 0.022424398 
400 36 9 11 0.022410095 
222 463 10 12 0.022401223 
385 147 13 16 0.02234166 
286 19 11 13 0.022312135 
390 231 10 15 0.022151373 
125 152 13 15 0.022095509 
420 165 11 14 0.022049759 
5 227 15 18 0.02203661 
159 152 11 13 0.021885928 
359 92 11 13 0.021843014 
392 66 11 13 0.021836795 
335 107 11 14 0.021835297 
630 165 12 16 0.021754691 
429 169 14 16 0.021727137 
417 123 10 15 0.021547148 
463 179 11 16 0.021510547 
502 215 15 20 0.021461321 
47 225 13 18 0.021446805 
701 212 13 16 0.02128683 
447 132 12 16 0.021241995 
694 157 9 11 0.021185506 
703 456 9 11 0.0211738 
676 167 10 13 0.021130703 
440 195 12 16 0.021077119 
374 61 12 14 0.021076368 
646 153 19 25 0.021004789 
300 278 16 23 0.020996816 
388 126 10 12 0.020909123 
647 170 11 16 0.02080595 
633 148 10 13 0.020787697 
581 98 11 15 0.020691419 
244 99 10 12 0.020572918 
549 218 13 18 0.020561995 
270 56 10 13 0.020544315 
220 139 11 13 0.020534942 
574 118 13 14 0.020406656 
107 182 14 20 0.020406216 
309 232 13 16 0.020404942 
632 142 10 12 0.020379616 
198 292 14 17 0.020320406 
288 36 11 15 0.020297894 
97 139 9 11 0.020269431 
325 79 12 16 0.020263439 
335 147 11 15 0.020262027 
364 166 11 13 0.020248499 
525 165 11 13 0.020234015 
68 222 12 16 0.020150054 
342 93 11 13 0.020109143 
