12_Group_Group_12_Group_Group_12_407
22
145 288 48 65 0.99746764 
249 267 44 57 0.99745184 
661 245 44 57 0.9959145 
350 273 45 54 0.9947036 
545 262 43 54 0.9877665 
427 247 46 55 0.9829926 
590 369 44 54 0.9805304 
863 200 11 15 0.14888448 
703 257 15 21 0.048515204 
666 478 25 27 0.042420074 
170 248 10 11 0.038623605 
953 238 26 30 0.036576387 
150 245 10 11 0.03315607 
121 270 10 12 0.032665674 
879 355 41 48 0.031126784 
944 226 43 53 0.028107915 
844 278 8 11 0.027950145 
876 334 43 50 0.027131496 
101 246 9 12 0.025475953 
693 244 24 38 0.024152614 
908 276 10 14 0.023650054 
168 253 12 16 0.022273764 
