12_Group_Group_12_Group_Group_12_62
25
188 145 49 64 0.99942964 
801 123 53 66 0.9992237 
651 138 51 63 0.99903166 
342 155 47 63 0.9989372 
257 135 44 55 0.99857986 
467 177 47 59 0.99840444 
744 96 47 57 0.99665266 
555 142 42 51 0.9960855 
399 123 43 54 0.9950529 
699 127 405 500 0.37522322 
980 205 9 11 0.13216707 
600 616 18 21 0.07727079 
491 670 15 15 0.064996496 
534 617 16 18 0.057564892 
870 116 40 55 0.03174956 
883 147 18 23 0.028629938 
473 651 14 14 0.027664017 
739 608 17 19 0.0272768 
946 205 11 14 0.025380768 
592 620 27 32 0.025050582 
736 195 244 321 0.025004717 
1011 266 10 15 0.02234954 
316 669 15 17 0.021844039 
883 123 11 15 0.020790113 
48 67 14 18 0.02065003 
