48_Parachutist_Paratrooper_Parachutist_Paratrooper_48_205
30
511 224 94 114 0.9991084 
301 156 43 50 0.5123621 
683 199 14 18 0.23265195 
345 238 42 39 0.16907722 
451 376 30 26 0.09306031 
337 323 65 74 0.09104604 
378 465 14 17 0.08455544 
614 397 100 122 0.06492777 
381 472 12 15 0.05052103 
735 221 9 12 0.05030887 
327 156 45 52 0.045456298 
322 391 15 18 0.03970862 
340 226 26 37 0.03944453 
366 445 11 15 0.038349014 
573 467 16 24 0.035179336 
701 196 9 13 0.033912517 
668 192 22 29 0.031527426 
414 470 8 10 0.03148056 
544 618 28 38 0.030018866 
295 149 30 49 0.024738457 
719 198 8 11 0.024682818 
343 369 39 43 0.023191929 
432 469 10 12 0.023108039 
329 206 54 58 0.022170352 
373 441 14 17 0.021792552 
-81 103 370 484 0.021476682 
65 138 24 31 0.020787781 
326 423 13 15 0.020720184 
541 626 41 55 0.020702902 
441 383 30 34 0.020319914 
