48_Parachutist_Paratrooper_Parachutist_Paratrooper_48_164
127
616 386 201 277 0.98465246 
201 381 438 588 0.7900857 
154 209 425 434 0.6911532 
904 926 26 36 0.36808476 
163 154 100 140 0.36427346 
167 194 59 89 0.27441478 
324 467 548 569 0.25764024 
191 1121 442 479 0.24360622 
975 724 31 52 0.21010852 
486 366 118 140 0.20667273 
411 277 358 433 0.18086071 
-19 283 476 552 0.18029958 
379 127 74 114 0.16001782 
911 431 27 37 0.15364723 
71 526 404 517 0.1464752 
999 1055 15 19 0.13088635 
25 748 429 513 0.122215785 
997 926 23 33 0.11599451 
534 366 331 423 0.11443756 
972 439 26 33 0.114212796 
168 145 22 34 0.1140229 
990 806 11 15 0.10983627 
868 429 133 128 0.10022284 
26 249 221 263 0.097169034 
390 1445 13 18 0.097039536 
963 1053 15 18 0.09248907 
163 307 107 122 0.0815219 
992 1117 27 37 0.08148966 
975 378 39 52 0.06927627 
10 236 137 168 0.06914236 
955 713 45 67 0.06678671 
946 1031 16 24 0.06265057 
120 233 233 272 0.06196844 
554 142 33 39 0.05986701 
196 859 425 501 0.05863111 
932 1008 21 31 0.05302897 
998 1100 14 18 0.052972827 
998 1065 15 20 0.052647438 
963 1027 15 18 0.051323265 
939 916 25 31 0.045813642 
428 1325 41 56 0.04467054 
469 1246 30 35 0.04299556 
293 380 183 153 0.04237973 
950 1032 23 30 0.042282015 
964 1113 17 24 0.042109977 
61 169 211 242 0.0420058 
963 1225 14 21 0.041934893 
155 216 34 58 0.038608965 
898 962 15 19 0.038482755 
1006 449 18 32 0.038310252 
996 1043 15 18 0.038051527 
-12 129 362 502 0.0375411 
987 967 18 27 0.03745771 
241 291 238 304 0.03707174 
955 1026 16 21 0.03613051 
391 151 96 125 0.03599404 
909 1068 21 28 0.035761885 
398 135 23 32 0.034892812 
941 1014 23 33 0.034807887 
911 941 27 35 0.034254868 
389 123 25 37 0.03403148 
993 1101 24 33 0.03388686 
680 1321 43 46 0.03379061 
388 1445 26 33 0.033360656 
836 364 113 161 0.0330302 
994 1079 15 19 0.032633267 
853 936 35 43 0.03253927 
401 141 31 42 0.032269567 
1004 1072 16 21 0.03173711 
209 194 236 266 0.031033339 
962 1105 15 19 0.031020202 
939 1217 16 17 0.029723039 
894 942 25 35 0.029721098 
937 928 28 36 0.029131945 
900 932 17 23 0.02854616 
932 777 14 19 0.028456368 
862 806 22 32 0.027943248 
1011 1075 13 19 0.027534688 
647 1171 119 142 0.027486898 
973 945 16 21 0.027462693 
893 973 28 43 0.027458338 
452 1326 29 43 0.027401373 
971 1017 17 23 0.026841143 
258 166 131 117 0.02675347 
906 1038 16 21 0.026660189 
0 803 47 82 0.026266493 
1001 823 22 35 0.025900476 
629 431 126 172 0.02529563 
122 207 98 116 0.024840632 
893 957 15 21 0.024691178 
1014 1026 11 16 0.02410319 
461 609 105 96 0.02398952 
938 696 73 107 0.023979975 
899 745 32 41 0.02390607 
979 693 18 23 0.023415329 
192 104 26 32 0.023332007 
331 134 89 123 0.02292572 
405 1332 47 58 0.022359144 
960 1039 25 29 0.022227503 
148 180 57 89 0.022075037 
992 904 22 31 0.021958731 
988 802 20 25 0.02190304 
303 730 418 513 0.021794325 
893 730 30 39 0.021774208 
567 131 106 129 0.021758743 
384 115 49 80 0.021721046 
934 1023 24 34 0.021570142 
882 930 27 35 0.021497604 
188 257 126 124 0.021481464 
980 975 17 23 0.021390129 
974 726 13 20 0.021388521 
974 607 15 19 0.02112764 
903 956 23 31 0.021033235 
907 963 14 17 0.02081556 
133 160 25 34 0.020701211 
982 485 13 19 0.02065136 
887 784 15 19 0.020639107 
924 1146 16 21 0.02054871 
904 982 30 41 0.020380279 
955 1054 23 28 0.020376842 
865 701 92 112 0.020349449 
981 959 17 25 0.020306174 
418 1322 35 44 0.020268152 
989 1026 20 30 0.02025066 
396 137 15 22 0.0201479 
935 976 27 38 0.02008487 
966 1192 17 24 0.020061279 
