48_Parachutist_Paratrooper_Parachutist_Paratrooper_48_1015
185
858 317 54 58 0.9969842 
342 211 26 30 0.9967049 
93 124 44 64 0.996007 
326 385 36 42 0.98757684 
850 209 22 25 0.9849888 
628 347 36 42 0.98380476 
218 403 34 40 0.97999656 
455 222 23 28 0.97477776 
956 314 26 35 0.95655996 
554 357 36 41 0.9537901 
632 209 21 26 0.94784194 
982 301 39 51 0.9421258 
177 371 37 43 0.91917115 
468 363 32 38 0.9026063 
679 345 39 52 0.8952055 
966 190 22 27 0.8881879 
708 225 18 22 0.8670728 
278 259 21 27 0.85830337 
961 454 30 35 0.81994903 
236 271 24 27 0.813778 
223 245 20 23 0.7948392 
570 224 17 22 0.79262006 
927 319 29 42 0.7253991 
761 212 19 23 0.71878505 
787 215 15 21 0.7124431 
545 238 20 22 0.70673686 
453 355 16 22 0.63333505 
795 328 34 37 0.566686 
763 414 28 39 0.47477776 
3 280 16 22 0.45540306 
426 364 23 29 0.45382196 
783 356 33 37 0.42640817 
225 294 13 17 0.33888954 
521 338 28 33 0.32507068 
462 447 30 39 0.31431195 
601 247 14 16 0.26347846 
845 337 24 34 0.20446178 
749 248 13 16 0.18231441 
462 351 24 32 0.16064306 
513 238 17 20 0.15853627 
495 541 34 38 0.15311292 
425 252 11 13 0.1364582 
741 234 11 13 0.123956695 
229 251 24 29 0.119694375 
266 355 17 20 0.11457791 
441 531 31 33 0.10658543 
332 318 26 27 0.1017958 
237 255 26 32 0.1012499 
190 384 41 47 0.09193293 
1006 393 18 23 0.084346615 
374 403 14 18 0.081649214 
940 316 34 47 0.08044176 
628 330 14 18 0.07770855 
4 421 40 68 0.074437186 
463 373 24 34 0.07066136 
246 248 23 28 0.069911964 
571 324 14 18 0.06963512 
429 301 9 11 0.066140935 
0 283 21 36 0.06400624 
457 351 16 19 0.06359164 
440 341 11 12 0.062127914 
684 328 17 20 0.060886953 
570 326 26 28 0.059726495 
460 462 25 36 0.057123743 
570 361 35 38 0.055578154 
471 349 14 19 0.055324566 
191 313 11 14 0.05390098 
643 308 13 14 0.05193012 
550 233 12 14 0.0516075 
154 406 23 31 0.05062218 
702 348 31 40 0.0502449 
438 242 13 18 0.04925074 
867 274 15 19 0.048529904 
429 246 12 16 0.04548352 
436 359 23 31 0.045083355 
667 352 30 38 0.044096712 
577 228 17 22 0.044061977 
422 368 16 22 0.043017972 
400 389 11 14 0.04151675 
851 290 30 40 0.041378904 
443 225 24 30 0.04079614 
944 303 30 37 0.040747285 
483 365 28 32 0.040676057 
229 275 23 29 0.040389232 
268 255 23 30 0.03923987 
921 306 30 39 0.038445547 
839 342 18 24 0.037719678 
412 263 10 12 0.037213795 
469 335 11 13 0.03681244 
673 333 30 44 0.036287546 
456 341 11 14 0.03562607 
536 342 38 47 0.034206126 
859 279 26 36 0.03395207 
628 318 12 15 0.03357926 
330 328 17 19 0.03326303 
880 308 48 60 0.03261963 
536 363 27 35 0.032028794 
817 335 18 23 0.031701848 
564 328 20 22 0.031651564 
755 249 13 16 0.03154997 
627 326 26 32 0.031540163 
581 262 10 13 0.03139971 
382 376 14 19 0.030876394 
444 544 19 21 0.030824764 
69 393 29 31 0.030662712 
978 196 17 22 0.030347837 
624 337 27 41 0.030331783 
559 341 34 41 0.030170843 
552 246 17 21 0.030077342 
975 462 18 22 0.029856443 
323 331 25 27 0.029742036 
481 290 15 18 0.02969692 
792 362 37 37 0.02947555 
995 176 23 30 0.029388392 
510 245 14 21 0.029293582 
817 276 9 12 0.029039906 
470 341 12 14 0.028955787 
412 371 14 18 0.028367424 
434 230 21 27 0.028253611 
721 227 14 18 0.028202096 
622 216 17 20 0.027865935 
993 573 32 64 0.027846592 
274 358 16 19 0.027665684 
986 288 16 19 0.027431482 
578 222 13 18 0.027416982 
982 182 25 31 0.027213957 
496 347 13 14 0.026448568 
444 336 11 13 0.026343243 
996 392 26 35 0.026308876 
907 320 33 45 0.026095103 
737 235 10 14 0.025881056 
543 244 16 23 0.02581347 
6 404 56 63 0.025307795 
374 349 12 15 0.025089996 
985 462 14 20 0.025033921 
250 264 23 32 0.024813177 
965 305 28 41 0.02461532 
955 304 17 24 0.024430668 
462 341 12 14 0.024426669 
466 444 21 25 0.024296625 
699 319 29 28 0.024038523 
307 254 11 14 0.02403481 
751 211 12 16 0.024034357 
457 339 21 27 0.024013154 
398 340 10 12 0.023921993 
707 238 16 19 0.02389884 
536 340 17 19 0.02384859 
427 380 17 22 0.023741035 
624 324 14 19 0.023724865 
738 230 20 25 0.023611758 
414 461 40 50 0.023589494 
624 202 22 29 0.023467852 
426 416 25 30 0.023389505 
258 362 25 27 0.023202823 
404 300 10 15 0.023126896 
517 233 11 14 0.023122221 
425 335 9 11 0.022481838 
692 318 13 16 0.022402387 
816 270 10 12 0.02231228 
442 247 15 20 0.02226369 
15 438 56 71 0.02214239 
612 378 22 33 0.022097465 
228 284 15 18 0.021894354 
864 268 24 31 0.02170558 
938 266 13 15 0.021682905 
951 291 15 17 0.02166292 
751 215 20 27 0.02165037 
459 366 16 23 0.02164283 
436 413 13 16 0.021596674 
863 267 15 21 0.021525962 
933 298 28 32 0.021492096 
641 423 17 20 0.021248503 
783 183 9 11 0.021239104 
408 267 11 13 0.021215387 
447 358 16 24 0.020995043 
554 226 21 27 0.02097251 
724 516 42 61 0.020817392 
423 442 18 21 0.020531133 
780 359 18 26 0.020496361 
582 486 52 61 0.02045278 
580 328 27 29 0.020270992 
874 219 16 19 0.020212851 
58 388 48 49 0.020145094 
325 392 17 25 0.020035854 
251 333 14 16 0.020011907 
