48_Parachutist_Paratrooper_Parachutist_Paratrooper_48_656
97
557 190 43 38 0.9369793 
617 361 27 35 0.8692061 
804 278 208 283 0.8426203 
36 352 173 199 0.7209442 
69 20 107 162 0.5286461 
484 435 26 30 0.23333791 
449 137 15 20 0.22282636 
481 164 15 17 0.17264201 
721 622 8 10 0.16568112 
380 633 13 16 0.100815795 
425 392 26 32 0.09191154 
849 360 119 190 0.0836838 
317 379 32 38 0.082582586 
222 239 56 65 0.08204778 
477 168 16 20 0.07267555 
603 322 16 18 0.072027706 
354 257 46 50 0.071946874 
292 275 59 69 0.07112618 
128 678 8 10 0.07019581 
471 175 21 27 0.06766813 
606 347 45 44 0.060464915 
701 674 11 13 0.059756905 
822 598 8 10 0.059283342 
117 430 73 103 0.058728352 
517 172 15 17 0.05800953 
597 639 10 12 0.05528619 
483 653 18 23 0.05487635 
838 92 180 274 0.051952507 
475 505 14 16 0.050853886 
514 172 28 30 0.049581826 
369 272 21 21 0.044975773 
494 420 27 30 0.040774453 
376 656 10 13 0.04024365 
535 366 12 14 0.040061295 
515 395 16 19 0.03895052 
17 184 104 105 0.03823329 
624 178 33 36 0.03800689 
660 248 17 21 0.03590402 
231 218 69 59 0.03511021 
470 119 12 14 0.034393188 
560 164 52 54 0.033565335 
735 607 7 10 0.03282814 
18 54 173 225 0.032659363 
319 277 36 40 0.032574654 
377 629 11 16 0.032294042 
499 411 27 29 0.030894019 
471 439 53 46 0.030800628 
660 253 23 29 0.030301642 
598 146 48 46 0.030195484 
737 624 8 10 0.029981473 
10 -1 123 140 0.029884346 
393 363 45 46 0.029847799 
615 359 16 27 0.028620325 
710 667 14 15 0.028349062 
178 669 9 10 0.028194308 
728 629 7 9 0.028158924 
339 288 13 20 0.0280786 
405 606 13 18 0.028068425 
397 616 12 17 0.027734095 
715 622 8 11 0.027705394 
892 50 126 200 0.027610445 
199 218 27 38 0.027507469 
121 693 8 11 0.027294684 
742 624 7 9 0.026784685 
334 271 47 60 0.025693089 
89 672 7 9 0.025459232 
314 391 26 42 0.025408102 
755 55 385 455 0.0251286 
292 282 412 428 0.02501019 
857 221 148 219 0.024265042 
246 202 82 60 0.024049994 
41 205 69 59 0.023994515 
695 624 7 9 0.023929425 
728 574 9 11 0.023499407 
408 400 35 33 0.023132158 
122 688 8 11 0.022847624 
736 629 8 9 0.022644123 
628 337 58 44 0.022630338 
581 493 10 13 0.022602353 
396 589 10 13 0.022329357 
593 170 48 54 0.022267152 
373 600 10 12 0.022228386 
404 471 104 102 0.022215547 
679 23 37 48 0.022179449 
385 630 13 15 0.021631936 
720 558 7 9 0.021279622 
625 405 41 41 0.021225102 
502 690 16 18 0.02101743 
373 261 34 33 0.020932106 
72 718 9 11 0.02090844 
711 566 8 10 0.020752894 
633 186 18 20 0.02065394 
498 437 31 33 0.020624163 
515 411 13 16 0.020389222 
824 620 9 12 0.0203803 
138 712 6 8 0.020089353 
583 155 35 35 0.020010514 
