48_Parachutist_Paratrooper_Parachutist_Paratrooper_48_439
44
625 134 140 199 0.99896467 
148 50 49 63 0.99824774 
375 193 22 27 0.3814348 
7 41 28 41 0.10430373 
141 194 37 43 0.05421633 
195 223 37 44 0.05217372 
240 242 35 40 0.05126495 
384 200 17 20 0.048589204 
471 213 11 14 0.04607601 
858 151 13 16 0.04295859 
396 204 11 15 0.042219143 
366 202 13 17 0.036662795 
462 190 11 14 0.035155505 
489 37 9 11 0.032062076 
413 205 12 14 0.030334195 
332 209 17 19 0.029509595 
55 21 409 527 0.029186117 
429 179 11 16 0.028087063 
356 204 14 18 0.027965007 
463 241 11 14 0.026695093 
217 229 43 53 0.026589071 
403 277 15 20 0.025264269 
376 184 11 14 0.025204943 
415 267 12 15 0.025147816 
444 179 14 15 0.024873871 
375 188 15 20 0.024780842 
472 45 10 13 0.024475485 
439 213 11 13 0.024401523 
475 179 13 15 0.02418506 
654 528 13 18 0.024174979 
453 189 12 17 0.02417003 
445 106 12 15 0.023850556 
469 205 14 16 0.023845766 
-1 42 45 72 0.023739392 
404 246 10 12 0.023497056 
408 207 12 14 0.022640463 
1006 139 16 23 0.022521378 
469 188 13 16 0.021885442 
411 578 26 28 0.02178877 
438 180 12 14 0.021679178 
441 274 30 34 0.021464715 
393 275 26 33 0.021275423 
19 38 28 38 0.020387592 
972 281 44 61 0.020009616 
