48_Parachutist_Paratrooper_Parachutist_Paratrooper_48_652
37
342 93 124 175 0.99963427 
616 565 101 98 0.5348024 
265 940 134 146 0.51946187 
243 459 378 482 0.15943795 
503 560 24 38 0.14547408 
352 635 36 40 0.13657603 
573 577 121 116 0.06511032 
406 445 103 106 0.05184372 
313 571 17 22 0.04609171 
580 610 68 70 0.04541994 
292 562 17 21 0.041652124 
237 309 64 49 0.041429482 
268 590 13 17 0.039116494 
371 1142 14 16 0.0366793 
585 368 32 38 0.034672473 
545 324 35 45 0.031792976 
587 640 36 39 0.029820282 
364 1144 23 29 0.029270025 
299 566 18 23 0.028566055 
275 445 34 35 0.027809722 
305 604 15 16 0.02709139 
433 335 24 29 0.026913565 
349 654 117 112 0.026814034 
570 343 42 58 0.026184618 
451 638 34 33 0.025199182 
591 389 51 61 0.024533426 
365 1170 15 20 0.024042675 
410 350 26 38 0.023465812 
421 340 29 40 0.022878397 
490 553 43 53 0.022766277 
344 683 36 47 0.022603374 
261 588 14 17 0.022569474 
221 1237 200 270 0.022443973 
496 1054 23 26 0.022012535 
388 983 16 19 0.020488966 
373 321 33 34 0.020326504 
575 376 25 34 0.020061221 
