48_Parachutist_Paratrooper_Parachutist_Paratrooper_48_814
38
396 194 211 293 0.99977356 
156 406 24 30 0.94543934 
253 401 24 29 0.8282403 
210 409 22 24 0.7333475 
58 406 19 25 0.6215525 
305 399 23 26 0.5810796 
698 372 167 321 0.2664255 
608 278 55 83 0.25216022 
129 405 11 13 0.24515769 
467 947 230 282 0.23404022 
582 415 47 63 0.16434906 
681 268 332 478 0.12923037 
395 867 380 433 0.10353108 
438 22 239 287 0.07729597 
563 237 95 151 0.05275629 
253 67 397 476 0.047258623 
91 404 15 23 0.047070112 
274 762 123 128 0.04632216 
33 830 414 540 0.04265987 
246 394 42 50 0.040751133 
596 244 58 92 0.039444685 
130 407 14 18 0.035492506 
68 405 23 28 0.03533239 
611 245 89 141 0.035111893 
169 410 27 30 0.030548872 
335 691 382 481 0.028220888 
188 412 24 29 0.02598323 
608 455 88 98 0.024136418 
684 40 17 20 0.023839887 
110 414 10 14 0.023636483 
259 402 46 59 0.02323291 
194 922 396 501 0.023126049 
208 417 32 37 0.022596631 
153 407 43 47 0.022202378 
3 405 16 22 0.021861885 
223 674 223 254 0.021684978 
20 -24 380 447 0.02073001 
272 344 18 22 0.020133615 
