59_peopledrivingcar_peopledrivingcar_59_172
66
652 218 12 16 0.8554647 
846 222 11 14 0.2587923 
863 224 9 12 0.14623821 
822 213 14 16 0.10005708 
841 221 10 14 0.077545725 
770 192 26 29 0.07591131 
767 195 12 17 0.07182087 
175 286 25 28 0.06977843 
656 239 11 14 0.060891446 
761 118 16 19 0.060777426 
854 222 11 14 0.060006224 
798 194 13 20 0.05796358 
1012 298 10 15 0.05501489 
880 229 10 11 0.05198495 
704 169 9 10 0.04580692 
913 189 8 10 0.044692043 
927 201 8 10 0.041658577 
694 183 8 9 0.03941497 
887 225 8 10 0.0386761 
952 231 8 11 0.03862407 
472 359 25 27 0.03662199 
647 222 15 18 0.03564772 
942 189 8 10 0.035533607 
1013 177 10 15 0.033591826 
139 260 13 16 0.03292319 
828 218 13 16 0.032696895 
960 206 8 10 0.032273963 
913 185 7 10 0.03209355 
864 238 9 11 0.031192634 
585 372 15 17 0.031021887 
971 181 10 12 0.030541556 
936 199 10 11 0.029444674 
673 183 10 12 0.028022524 
942 200 8 10 0.027828004 
895 227 8 11 0.027221661 
844 218 18 23 0.026996467 
927 205 7 10 0.026667047 
871 228 8 11 0.026532963 
784 198 20 23 0.0263747 
208 174 9 10 0.02633056 
329 321 45 49 0.025944192 
911 199 7 9 0.025693795 
823 209 11 13 0.025285108 
1 99 9 14 0.024888426 
896 149 9 11 0.024733368 
951 236 8 11 0.024662215 
918 214 8 9 0.024339145 
327 286 26 31 0.024276618 
47 388 13 15 0.023780705 
869 224 8 10 0.023763072 
677 160 8 10 0.023323633 
339 284 24 29 0.02281587 
911 205 8 10 0.02265121 
952 198 7 10 0.022325566 
917 190 8 10 0.022044886 
952 216 8 10 0.021916041 
937 183 8 10 0.021701608 
463 175 12 16 0.021666681 
942 184 8 10 0.021647757 
860 321 13 16 0.021548305 
914 229 8 10 0.02150646 
927 224 8 10 0.020814596 
136 204 7 10 0.020678911 
337 310 28 34 0.020653998 
613 270 13 15 0.020549718 
1013 220 10 13 0.020012727 
