59_peopledrivingcar_peopledrivingcar_59_401
31
396 253 103 136 0.9996383 
216 257 154 204 0.9987872 
636 346 13 17 0.45878786 
651 15 14 18 0.05987561 
940 93 22 26 0.051692266 
968 49 9 11 0.047317967 
494 309 11 14 0.04415498 
811 428 201 291 0.041868217 
781 486 111 134 0.03937889 
613 347 11 16 0.035307158 
624 308 10 11 0.03274231 
659 344 13 16 0.031154454 
41 67 163 179 0.03030771 
542 478 34 33 0.028080313 
616 324 10 13 0.027894057 
458 100 429 463 0.027460488 
868 115 13 15 0.026153348 
639 0 12 9 0.025087329 
105 -34 459 481 0.024982858 
601 314 9 12 0.024923647 
927 114 13 15 0.02464767 
548 316 16 22 0.024171526 
500 301 9 12 0.024157116 
903 533 126 153 0.023961043 
725 312 14 15 0.022758741 
629 351 15 18 0.022160532 
595 0 12 11 0.021407181 
839 84 14 17 0.021260984 
521 300 49 63 0.0205647 
608 1 10 11 0.020249488 
330 243 130 168 0.020055793 
