59_peopledrivingcar_peopledrivingcar_59_763
59
443 215 51 59 0.99605113 
748 421 68 91 0.9940487 
582 118 10 13 0.09529661 
407 3 11 14 0.082720205 
163 0 15 14 0.08235822 
528 131 12 13 0.07730298 
568 141 12 14 0.0676554 
607 165 10 12 0.059553973 
142 26 16 19 0.05039437 
215 0 14 13 0.04830307 
424 32 9 11 0.047093976 
638 198 11 13 0.03976047 
501 57 13 16 0.0367896 
449 7 9 11 0.03662029 
678 169 13 16 0.035748415 
588 174 12 14 0.033650942 
55 25 13 16 0.03341277 
614 189 9 12 0.03279057 
597 213 11 14 0.031814262 
604 141 10 13 0.031506773 
477 154 14 16 0.030717092 
596 140 12 16 0.03036611 
608 172 11 12 0.030026088 
630 189 11 14 0.029837169 
598 106 12 15 0.029489808 
640 204 11 12 0.029412838 
636 188 12 14 0.029330049 
608 205 10 13 0.028228141 
616 131 13 16 0.028030617 
523 62 10 12 0.026927141 
397 26 14 17 0.02684883 
1012 437 10 15 0.02653087 
621 137 12 15 0.026441006 
136 7 11 14 0.025952473 
615 207 10 13 0.025612228 
457 184 15 19 0.024655452 
601 164 9 12 0.024345046 
644 148 12 15 0.02412947 
646 156 11 12 0.023828667 
382 22 9 11 0.023691777 
653 166 9 11 0.023259593 
711 143 12 15 0.023064023 
981 414 10 12 0.02303869 
117 12 10 13 0.022992315 
598 123 11 12 0.022789076 
630 168 10 11 0.022754312 
613 182 9 11 0.022623517 
539 60 12 14 0.02257796 
620 228 15 19 0.022478962 
633 146 10 14 0.022250792 
432 20 9 12 0.02222511 
533 20 10 11 0.021610398 
588 117 11 13 0.021609418 
172 0 14 13 0.021188354 
168 62 12 14 0.02066864 
571 135 14 17 0.020613283 
624 166 9 12 0.020336999 
655 213 11 15 0.020129446 
201 423 418 408 0.020088771 
