59_peopledrivingcar_peopledrivingcar_59_592
19
391 64 34 37 0.9828367 
378 595 117 157 0.10570375 
240 167 233 185 0.06598843 
320 204 140 120 0.06180917 
515 156 14 18 0.052418254 
272 166 133 129 0.04833732 
453 136 14 17 0.046700407 
961 131 43 49 0.046031035 
480 158 10 12 0.045119107 
460 158 12 15 0.040618785 
515 148 12 15 0.03998788 
418 253 17 16 0.038523514 
507 150 24 28 0.034558207 
955 123 35 39 0.028770914 
455 162 16 20 0.027289093 
73 158 28 35 0.025399802 
550 191 24 32 0.024515204 
125 279 372 455 0.02432478 
516 142 11 14 0.021312103 
