59_peopledrivingcar_peopledrivingcar_59_856
50
184 252 23 25 0.9647508 
556 246 12 16 0.8229276 
148 271 21 25 0.19949704 
0 299 10 15 0.11234589 
450 275 12 14 0.10033592 
663 360 8 10 0.07567131 
562 245 11 15 0.07100843 
549 334 8 11 0.06644762 
664 364 9 12 0.049140524 
660 415 9 10 0.048958212 
100 357 8 10 0.04532773 
84 350 8 10 0.04288193 
558 313 8 10 0.042860795 
957 310 9 11 0.042798083 
491 306 14 16 0.04073862 
425 453 52 65 0.035165984 
550 341 9 12 0.031832054 
920 311 11 14 0.03169775 
816 310 10 12 0.031230345 
655 393 8 10 0.030143084 
878 333 10 13 0.02913991 
600 255 8 10 0.028530939 
326 309 9 12 0.028428052 
872 334 10 12 0.028398588 
83 170 16 19 0.028386733 
554 316 8 11 0.027881416 
569 342 10 13 0.027034337 
101 351 9 11 0.026266498 
799 328 8 11 0.026022393 
782 420 13 17 0.025957905 
551 329 9 11 0.025325438 
757 350 33 33 0.024741415 
156 317 32 35 0.0245564 
649 398 7 9 0.024066653 
492 270 10 11 0.024005095 
670 366 9 11 0.023234718 
484 343 11 15 0.02296193 
509 253 9 12 0.022634573 
601 239 8 10 0.022629982 
591 276 8 11 0.022422755 
304 214 10 13 0.021893498 
879 312 10 12 0.02153769 
221 326 12 16 0.021401891 
11 316 10 13 0.02114666 
613 381 9 11 0.020737575 
614 377 8 9 0.02071949 
80 332 9 11 0.020284737 
800 333 8 9 0.020265954 
5 340 10 13 0.020165313 
679 407 7 10 0.020017622 
