59_peopledrivingcar_peopledrivingcar_59_404
30
864 182 48 65 0.9994679 
788 102 28 37 0.66313833 
698 83 14 16 0.25748208 
627 0 125 123 0.22906604 
204 401 87 79 0.14642479 
713 270 27 37 0.13020387 
740 81 14 18 0.12683266 
708 257 45 56 0.0739688 
717 273 16 20 0.066168584 
193 442 129 125 0.056990657 
198 363 76 78 0.04263553 
794 89 34 42 0.04228961 
182 0 111 103 0.041818995 
188 391 213 190 0.03975252 
693 76 25 27 0.03711202 
547 -54 389 438 0.03606639 
800 105 19 25 0.028546557 
233 382 69 75 0.02796448 
734 259 50 57 0.026520688 
799 108 28 39 0.026418392 
703 250 27 38 0.024537044 
837 107 41 53 0.024410006 
208 338 63 66 0.023710126 
767 280 38 42 0.023051824 
450 112 45 46 0.022424804 
247 503 84 66 0.021779029 
671 196 54 62 0.021549722 
721 266 16 21 0.020227777 
-96 61 416 522 0.020207291 
567 130 13 15 0.02013635 
