32_Worker_Laborer_Worker_Laborer_32_512
38
420 78 112 138 0.9997317 
169 494 9 12 0.28141645 
149 487 10 15 0.19173615 
476 1041 179 263 0.10799604 
113 472 8 11 0.09169711 
752 957 56 54 0.07640076 
657 572 14 17 0.067041576 
660 700 425 504 0.05340047 
134 485 9 12 0.051764008 
223 495 12 13 0.047445673 
118 477 8 9 0.043092236 
222 500 15 18 0.040491898 
167 489 9 12 0.04010863 
182 495 9 11 0.036589097 
249 504 11 13 0.035795003 
216 502 11 14 0.03434453 
144 511 8 10 0.034014985 
432 37 14 16 0.0324875 
125 560 11 13 0.031111099 
67 558 12 17 0.029350013 
279 324 373 492 0.028524289 
189 509 10 13 0.027357867 
152 480 9 10 0.025590431 
62 562 15 19 0.025408326 
865 41 9 11 0.025333771 
151 606 11 14 0.025133016 
110 550 10 14 0.024780495 
143 469 8 9 0.024024444 
157 487 10 13 0.024023438 
686 420 15 19 0.023616629 
677 396 13 17 0.022991601 
157 508 10 12 0.022888038 
806 30 8 10 0.022029938 
857 30 9 11 0.021792589 
137 509 8 10 0.021392578 
171 516 12 14 0.021084055 
60 619 12 13 0.021082163 
191 528 10 12 0.020809231 
