32_Worker_Laborer_Worker_Laborer_32_786
18
468 529 186 236 0.9994351 
541 1925 96 115 0.13774133 
836 163 18 23 0.095440246 
467 1901 114 127 0.08547424 
878 71 23 33 0.08081411 
701 1227 176 280 0.07270223 
978 92 27 34 0.052257366 
971 2014 16 20 0.04420564 
939 2014 46 61 0.039562237 
875 60 41 53 0.038310975 
600 1048 343 524 0.034465607 
884 1939 126 142 0.03188725 
604 1577 14 16 0.03017034 
952 2039 31 39 0.025206255 
89 1538 80 115 0.022399094 
610 32 16 20 0.022189546 
331 267 12 15 0.02163553 
48 1458 166 244 0.021202795 
