32_Worker_Laborer_Worker_Laborer_32_134
28
471 361 92 109 0.99832326 
851 810 31 36 0.22214101 
224 162 27 37 0.122575626 
612 1461 31 43 0.0861756 
992 1438 30 38 0.07693164 
614 1159 28 34 0.055426326 
461 62 194 274 0.050792582 
313 150 26 33 0.046911065 
858 1472 34 38 0.039600957 
183 614 437 550 0.038266174 
1 0 51 50 0.038085107 
-20 642 466 436 0.03594529 
482 684 446 495 0.034063473 
567 463 370 508 0.032948367 
52 1480 39 43 0.029688405 
0 1489 28 40 0.028346092 
581 1505 30 33 0.02606374 
953 83 29 36 0.025242789 
624 1455 18 23 0.025059188 
819 302 188 240 0.024907975 
727 1316 12 14 0.023584476 
28 1494 27 35 0.022588044 
356 171 46 59 0.022366727 
282 169 27 33 0.022289922 
731 1310 12 13 0.02210968 
344 98 44 62 0.021786757 
968 1429 45 53 0.021671522 
719 370 124 163 0.020273848 
