32_Worker_Laborer_Worker_Laborer_32_110
56
696 40 97 112 0.9994361 
489 327 43 46 0.988846 
456 15 18 23 0.7656756 
205 138 13 15 0.43697453 
171 241 17 22 0.2981466 
201 127 20 24 0.12749405 
270 149 11 15 0.11577142 
362 4 25 29 0.10414506 
210 131 13 17 0.096683905 
105 244 48 43 0.07251232 
291 183 31 33 0.06484414 
255 133 11 14 0.06292436 
192 105 11 14 0.06043236 
104 109 44 50 0.057117783 
197 101 13 16 0.051760573 
149 107 11 13 0.05132644 
107 94 24 27 0.04579991 
156 158 14 17 0.044611964 
318 173 35 41 0.044138763 
303 183 46 49 0.042239226 
274 145 15 21 0.040354427 
266 169 13 20 0.038709845 
266 145 21 32 0.037661064 
301 134 14 16 0.034868456 
54 125 11 12 0.03449804 
212 172 14 16 0.03383151 
163 158 12 14 0.03357505 
359 10 15 18 0.0331835 
520 30 10 14 0.032952305 
275 152 44 53 0.031264815 
31 147 11 12 0.031119926 
45 185 12 14 0.030337391 
180 237 13 17 0.02892713 
39 166 11 13 0.028310632 
219 133 11 14 0.028303713 
272 160 21 33 0.025318865 
148 162 17 19 0.025064655 
159 234 27 33 0.024793258 
106 193 18 20 0.024776204 
296 141 12 14 0.024579734 
68 195 14 17 0.024460057 
212 173 45 48 0.023941819 
263 153 13 17 0.023674598 
168 227 25 31 0.02280029 
95 195 30 30 0.022409044 
101 125 12 13 0.022274293 
179 146 12 15 0.021913286 
54 94 12 14 0.021811178 
14 172 9 13 0.021593682 
206 164 14 16 0.020676637 
131 118 14 16 0.020620402 
182 228 13 15 0.020571586 
218 174 28 28 0.020462073 
165 233 43 53 0.02044247 
282 171 26 36 0.020236086 
276 142 25 31 0.020038098 
