32_Worker_Laborer_Worker_Laborer_32_566
111
670 367 50 67 0.9972663 
30 251 10 12 0.13894908 
70 250 13 14 0.10915974 
949 319 42 50 0.10539976 
20 252 13 14 0.07497558 
635 149 16 19 0.06677856 
537 223 9 12 0.066 
632 134 11 13 0.06285464 
50 254 12 14 0.060813565 
200 631 8 10 0.060130186 
168 628 8 10 0.05528167 
54 470 8 9 0.054968353 
630 140 11 12 0.053378988 
665 157 11 13 0.053169157 
106 457 7 8 0.052815463 
625 141 9 11 0.05183724 
199 655 10 11 0.05086971 
56 485 7 10 0.04755248 
54 464 8 10 0.04446772 
826 276 22 28 0.043978393 
835 18 17 20 0.043376204 
50 463 7 9 0.041935507 
30 495 8 10 0.041879486 
541 247 8 11 0.04155398 
88 237 9 11 0.041219022 
143 142 9 11 0.04028137 
90 221 9 11 0.039312545 
200 649 9 10 0.038879246 
217 630 7 9 0.038145866 
956 339 29 36 0.037982315 
901 188 12 16 0.037637934 
600 142 12 13 0.03731594 
298 120 355 441 0.037129294 
49 260 10 14 0.035776995 
831 589 11 15 0.03514198 
614 109 9 11 0.034618247 
33 465 7 8 0.033879176 
620 124 9 11 0.033565916 
974 329 45 57 0.033503033 
933 302 30 38 0.033147532 
787 571 12 16 0.032776136 
63 471 7 10 0.032474488 
206 648 7 10 0.032473274 
610 109 8 11 0.031959742 
643 547 105 105 0.03195011 
439 310 8 11 0.031900223 
775 536 8 10 0.031546958 
175 631 8 9 0.030753966 
64 247 11 13 0.030297965 
798 398 9 11 0.030135801 
657 125 10 12 0.029974638 
823 548 38 55 0.029904837 
37 277 12 14 0.029827632 
801 469 8 10 0.029752536 
794 526 9 12 0.029478468 
792 557 12 14 0.029301405 
802 553 41 56 0.029088385 
51 269 11 13 0.02896344 
5 253 11 15 0.028825166 
840 587 10 15 0.028447637 
55 481 7 8 0.028350024 
635 139 15 16 0.027245946 
193 638 8 9 0.026513362 
861 343 48 62 0.026425716 
783 535 8 11 0.026346702 
429 259 9 12 0.026315223 
21 239 10 11 0.026206324 
217 625 7 9 0.026134033 
194 632 8 10 0.026025457 
586 246 8 11 0.025807368 
37 246 10 13 0.025691856 
633 129 9 11 0.025574492 
493 304 9 11 0.02528311 
511 343 8 10 0.024996286 
53 279 10 12 0.024965314 
398 369 9 11 0.024926377 
222 639 8 10 0.024879288 
796 562 12 15 0.024838647 
613 141 10 12 0.024814865 
905 230 15 20 0.02463417 
185 655 9 12 0.024608096 
783 565 22 29 0.023990376 
954 337 49 63 0.02381305 
935 362 47 68 0.023531936 
590 150 9 12 0.02316476 
616 119 10 12 0.023069667 
891 268 25 28 0.022941537 
787 358 13 15 0.022918934 
558 359 8 9 0.022780284 
543 302 8 11 0.02265535 
799 421 8 10 0.022310097 
65 480 7 8 0.02221859 
46 277 11 14 0.02210983 
628 156 23 27 0.022098588 
379 236 14 18 0.022038696 
192 656 9 12 0.021901524 
17 246 11 13 0.021795835 
15 271 9 12 0.021566037 
641 118 10 10 0.021493044 
744 537 10 12 0.021349756 
623 135 10 12 0.021249346 
788 539 42 56 0.02095111 
954 305 33 39 0.020924151 
953 329 22 27 0.020888263 
90 457 8 9 0.020846117 
780 632 15 19 0.020823967 
784 380 10 13 0.02049514 
784 325 11 14 0.020460248 
605 134 11 13 0.020448219 
62 224 8 10 0.020168567 
712 75 12 14 0.02004677 
