32_Worker_Laborer_Worker_Laborer_32_462
23
455 198 67 82 0.9846373 
125 432 114 108 0.08997068 
110 377 202 207 0.06637667 
890 238 14 17 0.047057196 
453 205 43 52 0.041150726 
538 154 50 64 0.03568575 
857 160 9 10 0.030688548 
213 3 17 21 0.029340547 
107 427 67 79 0.026541691 
862 157 9 11 0.026460761 
23 250 16 17 0.026257155 
15 261 10 13 0.025088122 
485 192 59 78 0.024929743 
541 123 32 36 0.024853723 
84 316 31 31 0.024323648 
518 0 50 59 0.02419868 
925 166 12 14 0.023048492 
313 96 17 22 0.02222188 
623 39 13 17 0.021733927 
598 86 12 15 0.021421222 
340 371 15 15 0.020464683 
989 5 10 12 0.020411389 
517 157 50 70 0.020382106 
