32_Worker_Laborer_Worker_Laborer_32_408
36
276 301 103 139 0.99995947 
514 715 113 135 0.99992204 
702 324 93 115 0.99946326 
435 123 89 113 0.9994254 
877 610 51 61 0.3072931 
-1 164 13 22 0.2306557 
394 679 48 56 0.148902 
59 205 18 19 0.09906181 
257 1169 37 37 0.09524982 
-80 704 421 387 0.08995225 
58 477 59 65 0.08390248 
73 271 31 37 0.082158916 
-106 1055 401 472 0.07133081 
367 752 99 119 0.068141125 
78 146 63 81 0.065237395 
159 873 140 101 0.06495089 
410 725 99 130 0.05101542 
823 1298 41 41 0.047711425 
60 525 100 126 0.037992217 
30 222 32 38 0.037964042 
53 746 215 266 0.037863147 
163 536 119 165 0.035478808 
391 703 40 40 0.030251984 
445 3 17 20 0.029559921 
164 600 383 413 0.029501988 
869 595 35 53 0.029257918 
0 593 19 33 0.026967267 
168 435 61 72 0.026902266 
-2 224 24 38 0.026568813 
996 259 24 29 0.025859712 
831 704 181 223 0.02504278 
47 488 84 105 0.023577737 
118 436 116 127 0.023523076 
91 176 58 74 0.02193923 
136 343 54 63 0.02143069 
17 223 28 36 0.020569762 
