32_Worker_Laborer_Worker_Laborer_32_594
105
659 161 58 75 0.99919444 
784 624 9 12 0.10277148 
861 533 13 15 0.09393735 
781 628 11 14 0.082565226 
552 579 13 17 0.07342656 
508 541 10 12 0.070405565 
777 630 10 13 0.06976716 
936 494 8 10 0.06830796 
48 517 8 10 0.06416713 
182 494 10 13 0.062180493 
766 0 15 17 0.05394733 
738 607 9 11 0.05273155 
25 512 7 9 0.052310295 
95 535 9 10 0.052101843 
183 517 10 12 0.050806332 
1002 484 8 11 0.047148563 
847 598 10 13 0.04697665 
240 537 12 16 0.04611846 
544 550 10 12 0.04595282 
976 503 8 10 0.042697594 
58 534 9 12 0.04263134 
127 496 7 9 0.039743155 
540 562 11 15 0.039734613 
113 526 9 11 0.0362295 
440 538 17 23 0.034919478 
555 583 15 18 0.03480246 
114 533 8 10 0.034648325 
811 606 11 14 0.03401943 
739 212 16 20 0.03352741 
732 630 15 19 0.033065163 
935 471 7 9 0.032653503 
46 537 8 10 0.03233017 
943 479 8 9 0.032244347 
55 511 7 9 0.032055046 
445 524 13 16 0.03203528 
118 504 7 9 0.031719197 
496 552 12 15 0.030611582 
41 536 8 10 0.030321533 
115 504 7 9 0.029960206 
923 526 12 13 0.029753156 
113 520 8 10 0.029684165 
136 535 10 12 0.029413776 
104 511 7 9 0.029410133 
910 545 11 14 0.02931622 
950 469 8 10 0.029143965 
6 545 9 11 0.029105753 
45 541 10 12 0.02908461 
961 480 7 9 0.02897408 
198 470 8 10 0.028850304 
176 478 8 9 0.028749967 
166 488 8 10 0.028166018 
556 576 11 13 0.027841097 
56 505 8 10 0.0275302 
182 488 9 12 0.027379727 
94 176 12 16 0.027280135 
182 469 8 10 0.026932055 
951 479 8 10 0.026380185 
94 541 10 11 0.026136834 
549 550 8 10 0.026133759 
832 607 8 10 0.02610367 
10 477 8 10 0.02605276 
953 510 9 10 0.025718391 
177 513 9 11 0.025618127 
295 45 13 17 0.024765778 
952 495 7 10 0.024378393 
935 487 9 11 0.024187703 
172 523 12 15 0.02414768 
428 491 12 16 0.024077272 
962 486 8 10 0.023972152 
911 494 9 11 0.023792922 
160 503 7 10 0.02354476 
926 479 11 12 0.023531996 
1003 494 9 12 0.023415191 
176 519 10 12 0.023288561 
752 631 9 12 0.023263954 
958 510 8 10 0.0229346 
73 511 8 10 0.022922065 
475 501 16 21 0.022877708 
177 499 10 12 0.022833576 
853 601 12 17 0.02278441 
942 579 11 14 0.022768812 
951 465 9 10 0.022641469 
987 649 19 18 0.022569323 
199 463 8 9 0.022490973 
494 113 379 433 0.022071391 
300 568 18 21 0.022005187 
89 504 8 10 0.021953475 
57 529 8 9 0.021712242 
533 591 12 14 0.02129861 
918 501 9 10 0.02118187 
756 631 9 12 0.02109547 
126 448 8 10 0.021083917 
975 526 11 11 0.021001635 
137 511 7 10 0.020956464 
968 495 8 10 0.02089629 
167 471 7 10 0.020566318 
848 602 12 17 0.02042431 
957 555 13 16 0.020334557 
984 478 8 10 0.020285863 
64 506 7 9 0.020270284 
114 160 14 17 0.020244759 
1000 501 9 9 0.020127602 
982 470 9 10 0.020115564 
880 496 8 10 0.020110613 
871 607 11 14 0.020053657 
