32_Worker_Laborer_Worker_Laborer_32_1038
50
433 211 98 111 0.9964418 
630 985 180 230 0.09875154 
314 0 20 14 0.09687773 
260 283 18 21 0.08649635 
476 90 15 20 0.085157976 
361 42 18 23 0.07917825 
452 826 36 34 0.07513218 
501 0 39 28 0.07022958 
412 868 33 34 0.07019419 
540 202 74 74 0.057596695 
353 74 24 32 0.054941703 
506 216 71 75 0.049046166 
339 320 19 23 0.046798386 
430 213 44 54 0.04675027 
1 889 15 22 0.044526402 
246 305 29 35 0.042047355 
612 107 13 18 0.04113913 
651 105 13 17 0.03917191 
310 28 14 16 0.03680371 
567 202 35 32 0.03559744 
646 100 12 14 0.034261864 
963 322 28 31 0.033558775 
315 322 18 21 0.031986773 
555 184 61 62 0.030270457 
475 189 127 116 0.030175516 
17 968 23 32 0.02981788 
354 1 16 18 0.02965446 
560 114 33 41 0.029294139 
350 39 24 30 0.029111262 
337 30 42 57 0.027622784 
559 225 69 68 0.027321052 
639 109 12 14 0.026535334 
79 874 14 19 0.026287213 
961 1208 30 35 0.026013529 
482 89 17 23 0.024694914 
428 182 67 93 0.024332339 
366 68 24 34 0.024291689 
872 276 15 18 0.023832612 
651 114 17 21 0.022900455 
340 5 14 15 0.022695543 
323 291 17 20 0.022613723 
645 115 15 17 0.021723023 
331 3 15 15 0.021524008 
74 854 29 43 0.02126657 
635 124 13 17 0.021021603 
681 1088 25 35 0.020878876 
641 102 22 26 0.020505482 
332 33 24 31 0.020367598 
529 209 119 106 0.020249706 
968 283 11 12 0.020142388 
