32_Worker_Laborer_Worker_Laborer_32_101
17
202 31 101 125 0.9999119 
571 111 101 145 0.99970764 
770 520 123 127 0.96223634 
821 417 24 32 0.22890933 
731 557 154 145 0.15025023 
-16 453 170 229 0.114135556 
531 149 343 475 0.09902003 
673 353 194 280 0.096406385 
732 583 91 80 0.046214312 
62 144 406 491 0.028910117 
815 413 40 55 0.028546438 
27 1 20 14 0.02853673 
723 551 83 84 0.023185965 
125 121 53 67 0.023073973 
455 641 30 36 0.021011211 
-23 71 176 294 0.020122366 
-58 -20 390 505 0.020018008 
