32_Worker_Laborer_Worker_Laborer_32_400
30
697 180 46 53 0.9891109 
785 405 25 33 0.07221081 
864 634 10 14 0.06674519 
630 415 26 44 0.05299108 
605 46 43 56 0.047789108 
437 366 28 37 0.047492098 
737 204 28 37 0.04177671 
455 343 45 56 0.04130728 
888 611 11 13 0.039332915 
657 70 32 37 0.039129775 
889 297 34 38 0.037631597 
814 430 13 18 0.034346938 
463 345 29 34 0.033812992 
118 418 60 65 0.03289877 
790 1 48 60 0.030590318 
851 642 12 16 0.030276977 
867 631 11 13 0.026853826 
855 638 10 14 0.026176274 
31 487 135 195 0.024936968 
342 506 16 18 0.024726765 
919 283 10 13 0.023952255 
800 439 11 14 0.022726579 
22 399 234 286 0.022515338 
1012 382 10 15 0.022072092 
218 625 26 30 0.02130567 
219 71 44 66 0.021214476 
544 4 89 105 0.020777954 
817 614 10 12 0.020545816 
716 547 22 27 0.020513946 
470 566 12 15 0.020263944 
