32_Worker_Laborer_Worker_Laborer_32_44
32
511 260 261 346 0.9997483 
233 383 213 296 0.99525476 
190 19 226 372 0.96353257 
446 859 440 519 0.9504921 
2 812 456 535 0.69743377 
76 319 364 438 0.35580525 
535 710 430 478 0.15170082 
166 880 62 75 0.11614067 
172 139 341 486 0.10049284 
303 -25 378 503 0.09706566 
833 1253 149 169 0.09289075 
306 187 316 481 0.08496158 
95 933 258 318 0.08363684 
295 1182 425 420 0.07413112 
85 20 213 304 0.06195683 
803 924 130 167 0.059924666 
449 1419 32 34 0.05124341 
728 846 223 280 0.046372294 
460 487 470 486 0.032809798 
834 529 128 133 0.03280536 
405 12 269 244 0.03243007 
297 903 67 63 0.031232072 
826 467 186 234 0.030684583 
189 981 270 256 0.027207192 
862 74 158 196 0.024274223 
51 1094 449 510 0.023726411 
858 479 124 134 0.022620419 
139 853 114 104 0.022103632 
443 68 393 430 0.021320604 
203 999 168 136 0.021071421 
42 7 133 179 0.020509772 
303 941 408 475 0.020293439 
