32_Worker_Laborer_Worker_Laborer_32_944
53
420 352 99 112 0.9993344 
663 936 34 42 0.39892578 
471 985 13 16 0.28344283 
55 678 25 31 0.18271264 
218 144 28 37 0.064796485 
629 294 409 531 0.049144424 
615 755 46 66 0.044923212 
133 689 17 20 0.040387284 
423 939 10 12 0.039832193 
879 625 102 135 0.03931818 
419 932 13 15 0.039317373 
365 798 14 16 0.038312763 
41 996 14 15 0.034335718 
458 965 9 12 0.033369906 
465 986 12 15 0.03334486 
718 794 54 73 0.033153504 
556 955 12 16 0.03201647 
836 698 49 66 0.03161695 
551 462 15 18 0.03149371 
429 941 11 12 0.03129936 
524 999 13 14 0.030283505 
423 993 12 15 0.029990166 
235 966 12 13 0.02991978 
27 996 15 15 0.029627683 
593 798 10 13 0.029056808 
698 662 30 32 0.029027805 
99 699 16 19 0.028825982 
49 981 12 13 0.028736476 
193 249 17 20 0.028598558 
236 982 12 13 0.028125903 
484 878 11 13 0.026846774 
457 960 9 11 0.025980938 
552 863 10 12 0.02559652 
173 996 12 14 0.02544823 
410 760 25 31 0.02540159 
526 991 12 12 0.025322987 
428 991 11 14 0.024905432 
437 990 11 14 0.024631778 
451 986 13 16 0.024184551 
631 458 10 13 0.023939062 
580 437 11 14 0.02320315 
231 183 78 107 0.023032198 
309 962 11 13 0.0228446 
526 973 9 12 0.022438543 
678 676 12 15 0.021967923 
203 3 18 19 0.021919744 
652 779 11 17 0.021322843 
410 998 14 15 0.021321215 
461 943 10 12 0.02097731 
12 969 16 22 0.020904144 
388 770 14 19 0.020839134 
423 983 10 11 0.020642975 
0 738 10 19 0.020285947 
