55_Sports_Coach_Trainer_sportcoaching_55_721
26
285 339 468 581 0.9999982 
213 149 23 29 0.062009737 
989 487 15 19 0.03850097 
989 1 14 13 0.035743732 
68 256 18 23 0.03426954 
267 165 15 21 0.031230537 
31 236 12 15 0.026300939 
934 51 16 19 0.025743911 
925 1 11 11 0.025611402 
254 771 57 72 0.025437359 
45 438 14 19 0.024033993 
982 0 13 11 0.0240217 
931 58 15 18 0.02398331 
304 132 14 17 0.023900107 
227 166 30 39 0.02373664 
224 152 29 32 0.023349993 
316 13 12 14 0.023028659 
296 23 9 11 0.022811541 
369 109 12 16 0.022580324 
989 81 14 16 0.022037154 
935 28 12 14 0.021149926 
310 61 12 15 0.021054873 
109 -21 469 492 0.020713234 
935 47 13 14 0.020603191 
244 7 13 16 0.020116352 
11 246 12 15 0.020048171 
