55_Sports_Coach_Trainer_sportcoaching_55_643
106
6 295 27 32 0.9973236 
506 217 16 22 0.99307865 
421 267 14 20 0.96093696 
783 211 19 25 0.93882877 
295 257 21 29 0.9382842 
473 234 15 23 0.9375812 
667 259 14 18 0.9200291 
429 244 15 18 0.8364466 
597 255 15 21 0.6241311 
945 225 16 24 0.52604216 
861 249 13 18 0.42975283 
621 258 16 21 0.42375746 
649 255 15 19 0.37944743 
691 262 13 16 0.35972148 
550 271 14 19 0.31190658 
526 258 14 18 0.20401813 
277 246 15 19 0.18814316 
918 225 14 20 0.13758239 
578 258 18 25 0.1274271 
965 299 16 21 0.12166246 
866 250 14 18 0.09895186 
555 266 15 20 0.09670867 
333 279 12 15 0.09635522 
521 259 12 18 0.09362915 
856 245 13 17 0.09164695 
636 255 20 25 0.086672224 
368 218 12 18 0.08542554 
892 287 15 21 0.08261937 
877 251 13 18 0.07907368 
762 244 15 17 0.07864644 
645 262 17 21 0.078174986 
884 250 11 18 0.07582235 
875 290 13 17 0.0747809 
946 213 16 23 0.06719713 
564 260 14 19 0.0671433 
444 250 12 17 0.06572145 
697 372 13 15 0.06119405 
700 232 14 18 0.061062805 
783 290 12 16 0.053108048 
636 306 23 27 0.05220556 
585 263 17 21 0.04640068 
614 262 15 20 0.045646366 
615 282 13 17 0.04500096 
425 259 18 23 0.044957455 
280 246 23 27 0.044544376 
542 273 16 18 0.040683202 
691 269 16 20 0.04066887 
787 285 13 16 0.039904363 
378 218 15 21 0.038834307 
372 213 13 19 0.03848069 
908 221 22 29 0.038162004 
628 255 13 19 0.037849948 
892 217 24 30 0.03412656 
854 235 12 16 0.033486962 
912 226 12 18 0.033345427 
531 263 16 20 0.03322301 
661 254 14 21 0.031176636 
708 340 13 17 0.030570496 
694 336 20 28 0.030413037 
697 261 14 17 0.030172376 
366 350 8 12 0.029894076 
675 263 14 19 0.029788302 
963 227 16 20 0.029651009 
652 248 13 18 0.029383007 
708 281 13 17 0.029329058 
575 253 14 19 0.029315652 
687 296 14 17 0.028782815 
923 221 16 21 0.028746473 
650 273 15 17 0.028746061 
70 271 17 22 0.028340455 
433 239 15 18 0.028238496 
589 253 17 23 0.028081998 
530 254 15 19 0.027996393 
342 356 10 12 0.027713029 
921 230 17 20 0.027339116 
563 269 16 21 0.027197326 
617 264 21 28 0.026240982 
573 269 15 20 0.026146801 
767 218 12 16 0.025953235 
932 219 15 19 0.025811385 
428 331 17 19 0.025706392 
464 228 14 19 0.025701102 
1 317 23 33 0.02553373 
847 259 13 16 0.024855353 
970 293 16 20 0.024839332 
717 298 11 14 0.02473645 
390 270 12 16 0.024697155 
797 222 15 21 0.024621267 
854 254 14 19 0.023619825 
700 274 15 20 0.023182485 
505 267 15 19 0.023153584 
801 262 11 15 0.02312696 
534 273 14 16 0.022589197 
535 226 12 17 0.022320593 
424 248 13 19 0.02224381 
446 272 12 18 0.022217084 
663 320 14 19 0.0220388 
435 247 19 24 0.02199899 
648 308 16 19 0.021885728 
424 291 16 20 0.021365913 
550 261 15 20 0.020966709 
651 281 15 19 0.020947594 
860 265 14 17 0.0208668 
876 297 13 17 0.020827077 
405 282 11 15 0.020493042 
793 217 15 20 0.020464893 
