55_Sports_Coach_Trainer_sportcoaching_55_122
279
57 370 37 46 0.9982451 
812 273 31 35 0.99798054 
871 393 36 46 0.99721235 
345 287 26 34 0.9969559 
99 279 31 37 0.9956671 
25 218 26 32 0.99555063 
36 171 30 36 0.9906749 
864 300 31 40 0.9880244 
565 298 27 36 0.9876638 
724 372 39 48 0.9845005 
180 279 29 33 0.98153585 
259 271 27 32 0.9802735 
19 252 30 35 0.97896224 
966 222 33 38 0.9567068 
529 291 22 29 0.95562303 
631 267 24 29 0.91911304 
384 266 22 28 0.8612784 
738 274 27 35 0.8367199 
619 175 16 20 0.8082872 
768 262 29 43 0.7851092 
457 309 25 31 0.7271427 
693 279 25 36 0.70734495 
360 244 22 31 0.6882281 
806 183 14 20 0.622959 
670 301 24 30 0.61907876 
707 174 15 20 0.61628973 
118 272 26 31 0.5869676 
134 193 18 26 0.5618653 
604 257 22 28 0.52282935 
742 239 22 28 0.51428795 
806 322 36 49 0.49809775 
684 257 14 19 0.4905767 
781 319 22 31 0.46706763 
467 241 17 21 0.45826045 
374 204 14 18 0.43391126 
525 261 22 26 0.38399416 
288 274 14 19 0.37298933 
180 179 10 14 0.34147087 
621 212 23 29 0.3255731 
879 164 14 17 0.31584427 
772 192 17 21 0.29626182 
310 212 14 21 0.28822204 
419 278 16 22 0.28716192 
360 212 10 12 0.2759069 
740 323 22 27 0.26889876 
326 213 14 19 0.26508245 
587 198 16 22 0.26282233 
551 178 12 16 0.24553362 
537 183 10 13 0.24543041 
835 207 22 26 0.22438735 
433 276 20 27 0.21770415 
449 249 15 19 0.20521493 
463 234 16 19 0.18537048 
211 191 16 22 0.18537042 
170 265 24 31 0.17844723 
541 181 10 14 0.16398704 
328 191 14 18 0.1566985 
458 322 18 24 0.15427387 
367 206 13 16 0.13632664 
220 192 21 26 0.13500485 
329 180 12 14 0.13093777 
285 196 15 17 0.12815303 
427 279 16 22 0.12595195 
847 178 11 15 0.12569836 
284 206 19 24 0.123813674 
124 200 17 21 0.12331877 
248 260 23 30 0.11736646 
832 252 13 18 0.11610921 
565 194 10 15 0.113011695 
271 186 14 20 0.10684913 
565 179 10 13 0.10402723 
832 190 13 16 0.10255587 
504 234 14 18 0.10088126 
634 217 16 23 0.099571876 
691 192 17 22 0.09567586 
838 220 17 22 0.09532716 
340 233 15 20 0.093590334 
625 225 24 31 0.089994654 
694 182 22 28 0.08640698 
174 185 12 17 0.084129296 
830 257 25 32 0.0837058 
566 208 15 21 0.082663305 
596 294 21 29 0.081350856 
832 194 23 30 0.079161644 
228 198 17 24 0.07796196 
581 298 24 33 0.074762985 
699 276 17 22 0.0688269 
678 279 14 18 0.06744239 
462 165 41 58 0.06484849 
245 258 17 22 0.063143246 
569 216 15 20 0.06311538 
778 198 15 22 0.06196653 
540 292 23 29 0.061720848 
530 189 15 20 0.061542314 
169 187 12 16 0.061470874 
399 462 11 13 0.06129367 
667 216 17 19 0.060437154 
301 182 9 13 0.058547184 
659 257 13 17 0.058428407 
948 178 14 17 0.058321204 
185 233 25 32 0.05709044 
593 195 15 20 0.056821927 
519 241 12 15 0.05629549 
398 305 13 17 0.055401586 
315 204 16 20 0.054868504 
420 218 15 20 0.054515973 
670 286 29 35 0.053556453 
477 271 15 21 0.05331036 
44 281 22 28 0.053073507 
274 190 18 21 0.053064805 
388 202 12 16 0.05288174 
557 176 10 14 0.052629083 
710 352 26 38 0.052479126 
378 198 15 19 0.05240046 
341 258 14 18 0.05164173 
276 183 11 15 0.05126191 
783 306 14 21 0.04890504 
372 260 25 31 0.047535706 
427 151 16 24 0.04732245 
324 203 16 21 0.04692 
340 265 21 26 0.04681568 
700 299 15 23 0.04574026 
507 257 14 19 0.045344595 
732 223 14 18 0.045205712 
404 269 20 29 0.043715294 
654 290 29 32 0.043454427 
688 262 23 32 0.043427896 
227 188 15 20 0.043162152 
765 188 15 22 0.042324804 
263 214 20 31 0.04176144 
288 281 20 27 0.04162714 
731 218 40 52 0.041371632 
559 236 11 14 0.041349493 
733 181 14 17 0.041045688 
213 184 13 17 0.04094267 
558 187 12 16 0.040652502 
491 227 13 17 0.0406434 
753 328 15 21 0.040491935 
318 249 15 19 0.039353102 
831 162 13 15 0.039146036 
470 248 21 29 0.039030924 
842 197 23 29 0.03894799 
437 269 14 18 0.03875414 
892 179 15 19 0.038661025 
518 180 10 13 0.038426872 
352 206 12 15 0.037935127 
299 205 20 29 0.03770842 
387 231 14 19 0.03764528 
742 315 16 20 0.037585273 
166 195 13 17 0.037481453 
463 247 15 20 0.03726734 
571 204 13 19 0.03713726 
310 205 13 19 0.0371173 
175 175 17 23 0.036684446 
807 175 11 14 0.036326755 
404 316 14 17 0.036298018 
300 187 13 19 0.036294892 
770 308 34 49 0.035876684 
704 167 10 13 0.03562624 
665 385 18 21 0.035488725 
511 181 9 15 0.03544084 
883 174 16 22 0.035352144 
876 225 34 47 0.03535182 
383 230 13 16 0.03520107 
849 569 44 36 0.03512265 
727 242 43 55 0.035100874 
555 292 25 32 0.035054523 
569 243 17 21 0.03487172 
932 343 22 32 0.034550093 
706 343 24 33 0.03422885 
363 473 11 13 0.033026703 
544 177 9 12 0.032942407 
834 247 25 30 0.032882933 
216 464 10 12 0.032718822 
699 199 16 20 0.032708652 
448 281 15 20 0.032590542 
733 223 24 32 0.032313127 
287 246 24 32 0.032261677 
509 188 11 16 0.03210773 
290 55 15 18 0.03189344 
91 206 24 26 0.03119713 
812 173 11 15 0.03088941 
694 179 14 18 0.03080973 
486 219 13 17 0.030473242 
146 215 16 22 0.03008031 
472 173 26 32 0.030073108 
263 292 17 22 0.029993553 
485 233 13 17 0.029899193 
467 179 15 19 0.029786732 
429 206 22 29 0.029773137 
656 171 10 12 0.02970088 
701 217 12 17 0.029383687 
274 206 23 32 0.029275566 
673 314 18 22 0.02919301 
173 192 11 16 0.029175753 
313 212 24 29 0.029147273 
172 259 17 21 0.029092332 
700 209 14 18 0.028910913 
839 180 12 17 0.028826471 
680 273 25 32 0.028514601 
786 195 12 17 0.028415214 
357 207 19 24 0.02802114 
124 215 14 20 0.02783486 
360 217 13 17 0.027768357 
454 236 13 16 0.027586753 
343 272 24 31 0.027057739 
360 179 11 14 0.026937652 
159 484 11 13 0.026850695 
192 470 10 12 0.026693149 
572 233 16 18 0.026591113 
456 133 82 120 0.026480123 
869 254 14 21 0.026235277 
536 177 19 24 0.026170125 
234 194 14 20 0.026164573 
889 163 13 18 0.026149882 
529 268 23 32 0.026062451 
947 264 24 29 0.025964862 
844 184 14 19 0.025864048 
537 177 9 12 0.025847439 
721 259 38 50 0.025794035 
145 195 14 19 0.02560502 
445 212 12 18 0.025590636 
558 209 14 20 0.025513072 
597 278 23 31 0.025503755 
474 238 12 16 0.02539782 
462 182 22 29 0.025397288 
330 254 23 30 0.025086155 
396 201 12 18 0.024804866 
183 471 9 10 0.024716537 
237 188 11 15 0.024553044 
961 377 32 41 0.024359627 
237 208 14 19 0.024128675 
556 489 14 16 0.024101637 
293 189 13 18 0.023783753 
940 222 24 30 0.023768421 
412 223 15 19 0.023715623 
1005 167 11 15 0.02368731 
872 163 14 17 0.023604682 
726 220 14 20 0.023545224 
157 203 14 19 0.023434808 
861 240 23 33 0.023372376 
331 224 15 20 0.023359483 
813 181 21 26 0.023251258 
641 218 14 20 0.023247859 
862 204 12 16 0.022951689 
316 254 20 29 0.022930823 
703 275 25 36 0.022899913 
308 196 12 15 0.022874057 
616 216 15 21 0.022659842 
817 346 20 26 0.022626204 
499 150 14 20 0.022585286 
394 261 14 18 0.022381527 
739 318 36 47 0.02238105 
182 326 31 44 0.0222576 
580 232 14 18 0.022193862 
386 209 14 18 0.022153167 
298 225 14 19 0.022067398 
776 288 24 33 0.021928148 
163 282 24 32 0.021793444 
321 227 23 28 0.02167414 
941 228 16 17 0.021612803 
558 228 13 17 0.021593614 
0 197 13 17 0.021490201 
572 188 10 15 0.021406753 
439 265 22 32 0.0211208 
746 252 17 21 0.021067802 
483 209 15 19 0.02101415 
68 176 17 23 0.02092026 
727 186 14 18 0.020815976 
130 203 18 24 0.020744959 
373 217 13 15 0.020666227 
406 219 13 21 0.020653673 
370 244 27 34 0.020477274 
414 213 13 18 0.020464148 
821 561 42 35 0.020436505 
348 245 22 29 0.020406514 
237 249 14 20 0.020232078 
689 251 16 22 0.020049125 
310 281 21 33 0.020031152 
