55_Sports_Coach_Trainer_sportcoaching_55_218
59
731 72 51 49 0.9767908 
892 200 75 93 0.5576595 
742 164 18 27 0.37255493 
653 218 42 34 0.26536587 
189 307 17 21 0.226897 
640 197 22 34 0.21604548 
607 333 49 59 0.18759862 
149 306 26 36 0.15069923 
787 122 47 68 0.107205726 
838 261 103 117 0.061078317 
638 208 45 53 0.053318687 
859 300 68 66 0.05160285 
609 232 32 51 0.04991286 
316 123 13 15 0.0482605 
386 79 8 10 0.046709254 
225 251 10 13 0.0461044 
687 263 29 29 0.044816345 
858 222 99 114 0.0442604 
752 168 18 23 0.04355348 
88 9 9 11 0.04335634 
524 219 96 100 0.04321903 
337 127 10 11 0.040354416 
304 168 9 11 0.038089182 
764 70 36 44 0.03772394 
96 23 10 12 0.036891542 
781 115 75 116 0.0367334 
657 218 23 24 0.034918893 
746 77 56 63 0.034823 
621 316 33 57 0.034239177 
159 148 8 11 0.031983916 
274 7 9 11 0.0309887 
185 236 12 14 0.030219324 
653 225 56 48 0.02942928 
287 128 8 10 0.029109651 
336 133 11 14 0.028789064 
249 206 9 11 0.028650032 
120 198 11 14 0.025210518 
137 206 11 13 0.025095899 
753 176 23 31 0.024916701 
488 87 7 10 0.024811873 
294 104 8 10 0.024280746 
769 106 56 67 0.02381152 
846 170 100 114 0.023601744 
489 243 97 103 0.02248238 
282 127 8 10 0.022248022 
279 222 8 10 0.022160284 
297 145 7 10 0.021913713 
761 170 15 19 0.02144332 
312 142 11 13 0.021365711 
317 86 8 11 0.021185314 
190 303 27 33 0.021167494 
182 214 7 9 0.021108467 
318 160 10 13 0.02106112 
385 84 9 13 0.020993544 
636 272 17 19 0.02070622 
128 189 11 13 0.020555414 
327 192 10 12 0.020497298 
417 49 7 10 0.020437106 
845 79 24 27 0.020295031 
