55_Sports_Coach_Trainer_sportcoaching_55_894
101
428 32 181 229 0.9995721 
26 333 12 16 0.36595994 
92 141 11 13 0.30518246 
693 241 61 76 0.22172453 
997 414 8 10 0.11554764 
958 406 7 9 0.11130423 
953 390 6 9 0.10682816 
960 425 7 10 0.10193819 
918 384 7 10 0.086770795 
661 254 71 80 0.0791056 
277 336 10 12 0.07679995 
1005 382 7 9 0.06719615 
944 401 7 9 0.06674698 
1014 357 8 11 0.06521124 
953 400 7 8 0.06126788 
1014 430 8 11 0.061003752 
1001 384 7 9 0.059765406 
902 421 8 10 0.05946648 
945 385 7 8 0.05465365 
643 252 26 47 0.052872967 
1002 441 8 10 0.052342147 
848 382 8 10 0.050297957 
976 384 7 9 0.049683608 
913 413 7 9 0.04855102 
47 364 11 15 0.04836012 
958 400 7 9 0.046836443 
952 385 7 9 0.046494294 
918 408 8 10 0.046336893 
329 389 10 12 0.04536376 
902 418 7 8 0.045258522 
274 340 10 11 0.044932626 
966 423 8 10 0.044426806 
985 399 6 8 0.04302391 
984 391 6 8 0.04203895 
2 348 12 14 0.041896105 
975 376 7 8 0.041182723 
998 408 8 10 0.041055534 
915 383 7 10 0.039573163 
645 249 53 72 0.039451644 
946 390 6 8 0.038776148 
905 368 7 9 0.038646575 
895 413 7 10 0.038415916 
272 364 10 12 0.03816017 
999 388 8 10 0.036226965 
953 405 9 10 0.035348214 
984 367 7 9 0.034696165 
857 437 9 12 0.0341556 
9 326 7 9 0.03334759 
967 368 6 8 0.03275055 
935 392 7 8 0.032581672 
1000 369 7 9 0.03161932 
993 408 8 11 0.03159094 
970 376 6 8 0.031209247 
994 385 7 8 0.030697953 
87 136 19 22 0.030632088 
977 389 7 9 0.030607518 
1015 423 7 11 0.030250033 
969 384 7 9 0.029849036 
880 372 7 8 0.029125396 
244 410 11 13 0.028795898 
1010 358 6 10 0.028788328 
937 399 7 9 0.027827764 
24 329 10 14 0.027672354 
969 416 7 10 0.027382089 
213 423 10 12 0.027217342 
982 385 7 9 0.02707229 
936 368 6 9 0.026989697 
257 334 8 10 0.026879083 
1007 400 8 9 0.026856156 
953 429 8 10 0.026103757 
893 408 8 10 0.026084555 
87 145 16 18 0.026058866 
952 424 9 10 0.025913497 
977 358 7 9 0.025845075 
914 389 7 10 0.025523689 
1013 305 10 16 0.025168994 
27 341 16 21 0.025115589 
259 374 13 16 0.025089381 
863 383 8 10 0.025033597 
968 390 7 9 0.024996165 
1005 439 8 10 0.024904016 
993 375 6 8 0.024739234 
856 383 8 10 0.024528187 
717 231 39 59 0.024434874 
16 341 10 14 0.024342095 
297 367 10 12 0.02422011 
944 440 7 9 0.023688257 
999 351 7 10 0.023165893 
991 399 7 8 0.023060566 
98 139 12 16 0.02267403 
903 383 7 9 0.022624064 
960 384 7 9 0.022548664 
984 360 7 8 0.02252665 
930 391 6 8 0.021961534 
918 414 7 9 0.021067597 
894 446 9 11 0.020614456 
960 375 7 9 0.0203859 
890 414 8 10 0.020323962 
766 240 9 11 0.020121941 
992 420 8 11 0.020119788 
1006 375 7 11 0.02007147 
