55_Sports_Coach_Trainer_sportcoaching_55_1013
31
373 105 128 166 0.9998636 
177 815 18 22 0.21544759 
10 12 12 15 0.108684175 
1001 830 16 21 0.053288657 
756 92 13 16 0.037570994 
782 230 10 13 0.035496376 
26 112 7 10 0.032477677 
84 599 16 18 0.031044973 
277 789 11 13 0.029737135 
935 820 27 35 0.029447244 
0 485 8 13 0.028098471 
272 790 11 13 0.026874496 
702 281 27 35 0.026411131 
158 580 25 32 0.026278485 
14 600 12 14 0.025964063 
692 696 87 118 0.024889667 
837 193 16 19 0.024829464 
0 405 10 15 0.024717223 
475 276 49 62 0.024489727 
177 764 10 14 0.0240878 
575 821 83 120 0.023243565 
5 405 8 12 0.022492701 
9 173 10 12 0.022338158 
180 710 16 21 0.021981986 
25 77 10 12 0.021691652 
876 222 15 18 0.021582734 
183 756 11 15 0.02089116 
6 7 19 26 0.020745147 
112 404 10 12 0.020660311 
954 883 53 64 0.020397661 
837 209 13 16 0.020258108 
