55_Sports_Coach_Trainer_sportcoaching_55_774
153
443 170 26 34 0.99940705 
846 59 56 81 0.99929106 
793 272 61 86 0.9982206 
750 122 62 83 0.99605006 
475 197 27 35 0.9937358 
603 146 27 33 0.9934366 
660 102 23 29 0.99326706 
125 263 42 53 0.9712811 
518 296 40 45 0.9620484 
329 78 20 22 0.918487 
381 72 14 19 0.8969422 
363 178 24 30 0.77725285 
384 6 11 13 0.6592665 
488 171 17 20 0.61025953 
420 42 12 13 0.58020896 
388 11 12 15 0.5689068 
420 107 14 19 0.40322098 
540 160 22 27 0.38196677 
341 98 23 30 0.3321465 
410 13 9 12 0.3229755 
673 13 9 11 0.27161655 
367 46 10 12 0.22150427 
321 18 11 14 0.20145547 
491 121 17 19 0.17062587 
413 73 11 17 0.16875903 
344 6 12 12 0.15788904 
361 164 16 19 0.14592472 
372 22 13 16 0.13978624 
413 60 10 13 0.1341716 
493 154 14 17 0.12061241 
376 52 9 11 0.10844502 
352 99 17 23 0.10739078 
546 159 14 17 0.09905135 
166 269 11 16 0.098909386 
374 46 10 13 0.091763884 
406 88 13 17 0.08330456 
448 126 11 13 0.07796196 
416 31 9 11 0.07040524 
542 142 12 15 0.06498019 
330 88 23 32 0.06412553 
365 194 19 23 0.061749667 
397 209 17 22 0.061724737 
375 179 16 21 0.06081344 
406 69 20 27 0.059126265 
532 140 11 14 0.05828737 
413 52 12 14 0.057903714 
382 54 7 10 0.055757705 
585 150 23 31 0.05573537 
348 173 39 47 0.055657927 
408 20 10 12 0.05390876 
445 324 34 33 0.053249065 
416 102 11 16 0.052600224 
374 15 10 13 0.052490883 
391 53 9 11 0.052097768 
359 69 13 17 0.0514799 
425 114 13 16 0.050837062 
413 8 10 12 0.050588954 
538 146 23 30 0.049684465 
455 315 33 32 0.048760794 
363 158 13 15 0.046333373 
160 282 26 31 0.044945866 
587 141 13 18 0.044806007 
365 72 14 17 0.042130377 
359 13 9 11 0.041095093 
167 289 15 20 0.04108393 
880 0 36 47 0.040836584 
361 106 15 21 0.03941002 
528 147 11 14 0.039034043 
348 12 10 12 0.038539376 
365 63 11 14 0.036723237 
431 0 11 10 0.03651406 
425 15 10 12 0.03646507 
407 71 12 15 0.036458906 
455 0 11 10 0.03610517 
413 22 8 10 0.035815917 
469 137 23 26 0.035523362 
374 39 11 14 0.035207395 
325 84 17 23 0.03465735 
343 2 12 11 0.03437217 
363 127 18 23 0.034179077 
354 166 26 32 0.033589534 
480 180 26 33 0.03350769 
367 82 13 16 0.033006866 
320 98 13 19 0.031958252 
421 32 10 12 0.031665567 
408 55 11 14 0.031641025 
586 148 11 16 0.03161843 
348 94 16 22 0.031167328 
424 1 11 10 0.030901397 
677 8 11 13 0.030261679 
380 18 13 17 0.030257637 
371 128 14 20 0.029819982 
428 20 12 14 0.029533548 
402 83 20 27 0.029303929 
357 22 10 12 0.02927552 
329 101 25 35 0.029087566 
976 5 28 32 0.028373728 
444 6 12 12 0.028308257 
375 78 12 18 0.028307518 
392 48 9 11 0.02828967 
467 309 26 30 0.028171742 
156 266 26 38 0.02808977 
985 -4 36 50 0.028087994 
354 92 17 21 0.027960368 
444 126 20 24 0.027478069 
326 133 16 24 0.027117707 
15 413 12 16 0.026946686 
380 27 11 14 0.026876563 
348 61 13 15 0.026432022 
526 133 20 25 0.026400909 
403 206 11 15 0.025774514 
335 20 10 13 0.025357094 
361 45 12 15 0.025171734 
358 51 12 14 0.024869356 
552 168 16 20 0.024767563 
397 20 10 13 0.024703786 
427 43 11 14 0.024188008 
319 13 18 25 0.024108296 
765 73 25 31 0.02400139 
340 0 20 23 0.02392948 
506 210 14 18 0.023890855 
947 0 46 50 0.02385253 
375 59 11 13 0.023802925 
638 1 14 15 0.023457086 
971 47 49 65 0.023375098 
429 165 13 18 0.023149068 
581 138 21 29 0.023006795 
350 68 14 17 0.02285135 
429 122 11 15 0.022817725 
351 111 27 32 0.02271887 
419 46 14 17 0.022665666 
535 137 21 26 0.02264385 
557 129 15 19 0.022616243 
324 106 11 17 0.02258135 
394 13 11 13 0.022533773 
438 118 10 13 0.022470208 
418 72 13 18 0.02235958 
416 0 11 10 0.022056663 
354 146 18 20 0.022037547 
585 132 13 16 0.022034345 
342 19 9 11 0.021781193 
541 134 13 16 0.021522481 
539 170 18 24 0.021153355 
351 28 13 15 0.020911038 
546 148 12 15 0.020839285 
352 22 10 12 0.020761847 
528 155 11 15 0.02073179 
533 156 13 16 0.020335516 
530 144 21 27 0.020335143 
425 172 23 31 0.020321188 
407 165 12 16 0.02018288 
357 60 23 28 0.020177638 
383 62 10 14 0.020012965 
