55_Sports_Coach_Trainer_sportcoaching_55_196
100
509 164 30 39 0.9772349 
795 38 44 72 0.9705418 
280 170 35 43 0.922411 
170 169 32 34 0.7850556 
535 193 29 36 0.7253368 
841 38 48 74 0.5212758 
470 171 26 37 0.47473004 
319 226 33 33 0.40371662 
748 157 33 44 0.33243722 
553 187 27 37 0.12604834 
165 177 16 17 0.09866625 
229 151 16 20 0.08439137 
125 172 26 34 0.07948792 
573 158 12 14 0.07893532 
453 176 38 50 0.07782903 
224 123 13 15 0.07624556 
283 181 21 24 0.07439673 
438 185 42 50 0.0723872 
264 139 10 12 0.06974492 
793 35 30 50 0.06556414 
108 165 31 36 0.061637763 
425 197 32 36 0.058621556 
226 155 26 31 0.053006623 
563 184 18 24 0.05273469 
342 352 13 19 0.052154288 
568 180 13 18 0.048940454 
725 148 10 13 0.04645577 
244 111 9 10 0.045625743 
945 21 9 13 0.044564582 
183 178 20 20 0.044265315 
373 141 10 12 0.043151543 
519 172 33 45 0.043072645 
149 180 10 14 0.042292032 
503 124 10 13 0.04168234 
523 126 9 11 0.040535454 
373 196 12 15 0.04044144 
132 179 15 19 0.040417355 
238 126 10 12 0.040000074 
140 180 12 16 0.038535547 
543 114 12 16 0.038518094 
107 161 17 20 0.037532803 
224 154 12 16 0.035357963 
756 45 9 11 0.034805585 
521 198 28 40 0.034290116 
428 202 18 20 0.033100292 
160 171 25 29 0.03284524 
313 235 35 43 0.03247829 
399 170 12 15 0.031065367 
743 60 9 11 0.03062711 
238 250 38 56 0.029279148 
242 154 31 37 0.028924331 
77 261 27 33 0.028638646 
516 219 14 19 0.0285915 
565 245 42 53 0.02790464 
266 134 12 14 0.02779319 
360 84 10 12 0.026965406 
448 132 10 11 0.026886905 
161 178 12 15 0.02680889 
520 111 9 11 0.02679231 
534 200 17 25 0.02674675 
555 144 12 16 0.026608568 
408 165 23 33 0.026465675 
186 157 41 47 0.02620428 
143 266 13 16 0.025672022 
522 102 10 11 0.025083514 
749 169 16 20 0.024987524 
727 175 8 10 0.0249183 
755 174 16 21 0.02466093 
855 13 41 66 0.024404796 
238 339 14 19 0.024285411 
487 159 24 36 0.024277804 
457 190 44 60 0.02423743 
176 226 39 49 0.0242072 
101 169 17 22 0.023911882 
786 60 36 57 0.023590716 
385 180 13 16 0.023168018 
744 102 10 12 0.022846289 
338 345 23 30 0.02272768 
506 212 25 34 0.022523139 
192 176 16 19 0.022437653 
431 142 11 11 0.022363402 
158 173 52 60 0.021950336 
627 206 12 13 0.021786068 
756 111 9 12 0.021546092 
851 64 51 74 0.021538353 
569 162 11 14 0.021497691 
311 61 9 11 0.021369161 
462 107 11 13 0.02118638 
215 120 24 27 0.021108197 
1012 299 10 15 0.020871144 
709 190 9 11 0.020852506 
642 203 11 14 0.020838518 
520 117 9 11 0.020757202 
410 177 41 51 0.020723736 
756 39 9 12 0.020586526 
140 173 24 31 0.020477898 
298 190 15 21 0.02031497 
491 152 14 20 0.020268323 
305 116 10 13 0.020192565 
681 295 8 11 0.02000799 
