55_Sports_Coach_Trainer_sportcoaching_55_380
37
858 1 43 53 0.8979625 
574 289 22 27 0.88694453 
27 194 30 32 0.76655614 
464 175 55 50 0.7636692 
459 172 36 39 0.2838061 
455 472 14 18 0.25566414 
613 43 89 132 0.14093938 
603 328 17 20 0.12433301 
596 420 13 17 0.110368036 
452 183 32 45 0.10504218 
211 219 17 23 0.07765874 
433 169 24 31 0.057655293 
430 161 61 55 0.04672448 
827 -4 42 57 0.046321467 
572 477 17 22 0.04227346 
624 455 9 12 0.041366074 
464 171 21 26 0.039153475 
683 119 96 124 0.035792258 
599 324 15 19 0.034733076 
461 404 12 16 0.032857765 
398 156 65 55 0.032053538 
462 499 11 12 0.03166191 
583 360 11 13 0.029879434 
218 213 15 21 0.029237214 
648 97 101 120 0.029137054 
512 496 11 13 0.028177042 
519 483 11 13 0.026013566 
503 470 8 11 0.02466892 
19 180 30 39 0.02361191 
527 483 9 12 0.023228265 
31 234 28 31 0.022451507 
502 465 7 10 0.022009872 
646 94 14 16 0.021872358 
533 485 10 13 0.02085517 
521 465 7 10 0.020406779 
489 279 25 33 0.020382583 
11 130 18 23 0.020118993 
