55_Sports_Coach_Trainer_sportcoaching_55_424
110
307 331 21 30 0.9929953 
972 353 14 24 0.9504943 
418 263 44 46 0.8886607 
645 373 13 18 0.8327953 
883 387 14 19 0.8258223 
930 383 14 21 0.8193904 
831 379 14 24 0.70034856 
158 417 16 21 0.5590701 
716 327 14 23 0.5515121 
125 409 15 20 0.39620075 
671 353 15 23 0.34607235 
623 382 12 14 0.3379381 
400 236 22 36 0.3330382 
202 398 21 37 0.31074286 
593 311 15 19 0.21213216 
712 367 18 26 0.18219987 
322 382 19 28 0.1497261 
2 530 12 18 0.13690415 
151 409 14 24 0.116828255 
420 478 35 40 0.113217406 
842 386 14 18 0.102849275 
936 385 15 19 0.10200722 
412 247 44 46 0.09884948 
118 412 17 19 0.09822691 
131 404 12 19 0.095955625 
740 320 15 22 0.07974141 
313 387 25 38 0.07621644 
624 375 11 14 0.06386519 
33 526 10 12 0.06161416 
210 402 24 38 0.058309812 
998 412 14 17 0.05584255 
574 136 45 69 0.0530981 
588 406 15 21 0.051358048 
28 541 12 14 0.051315002 
134 428 11 15 0.04700094 
939 412 14 18 0.046886276 
117 405 16 17 0.046456236 
337 385 17 20 0.045446623 
351 428 39 59 0.044662654 
903 424 14 19 0.04404215 
891 382 14 18 0.042124808 
721 334 17 20 0.039602026 
241 403 28 42 0.038647383 
983 355 17 21 0.03816068 
577 397 39 49 0.037296314 
318 378 15 24 0.036550175 
1008 448 14 22 0.035700236 
888 391 17 19 0.03547484 
954 431 22 30 0.03424322 
290 468 13 18 0.034099765 
1013 389 11 17 0.03392362 
1004 425 17 20 0.033357006 
1012 436 12 20 0.03169201 
359 141 20 28 0.03151575 
330 379 17 20 0.031184863 
835 386 15 22 0.030999431 
396 238 42 54 0.030601384 
931 435 14 19 0.02936409 
589 408 42 51 0.028955817 
606 364 11 16 0.028726507 
227 404 27 38 0.027849652 
589 316 16 22 0.027795048 
31 521 10 12 0.027623745 
990 412 13 15 0.027294599 
122 502 10 12 0.027194235 
611 363 14 18 0.02688482 
358 228 13 16 0.026700037 
389 353 16 19 0.026439896 
171 403 15 20 0.026285192 
729 321 20 25 0.026209896 
124 423 17 20 0.025895953 
618 387 11 13 0.025818495 
101 421 11 14 0.025436658 
594 403 17 24 0.025313916 
762 374 18 22 0.024910236 
51 482 12 16 0.02441497 
814 510 14 16 0.024313195 
872 386 19 28 0.024129596 
381 234 11 15 0.02387029 
337 373 17 22 0.02386879 
154 421 25 28 0.02385518 
867 473 13 17 0.023804361 
123 397 17 22 0.023777505 
659 376 12 17 0.023763375 
960 490 25 42 0.023694187 
730 335 16 20 0.023680024 
717 357 12 15 0.023611287 
681 355 14 19 0.023555672 
139 409 20 28 0.023540571 
190 521 10 13 0.023309298 
1002 416 17 20 0.023284767 
392 389 12 17 0.023161475 
112 402 14 17 0.022899147 
156 407 15 20 0.022867508 
97 423 11 13 0.022797793 
130 415 15 22 0.022682795 
646 411 10 14 0.022329044 
971 473 14 20 0.022135604 
898 380 13 19 0.0219945 
41 477 11 14 0.021796143 
981 411 14 19 0.021778489 
160 404 21 26 0.02143548 
583 303 23 30 0.021232344 
962 426 15 20 0.020952158 
1007 388 18 28 0.02088517 
965 476 22 32 0.020580076 
982 405 12 16 0.020323288 
821 442 12 14 0.020129915 
397 233 16 27 0.020048609 
1000 401 21 30 0.020041218 
