55_Sports_Coach_Trainer_sportcoaching_55_179
23
128 280 35 43 0.48599783 
82 245 34 39 0.42079422 
227 9 54 49 0.3524215 
148 152 40 38 0.25789058 
189 89 32 38 0.1950234 
84 15 37 49 0.15350768 
320 0 42 29 0.100009166 
182 67 26 30 0.0880255 
67 250 53 58 0.08399859 
101 264 51 60 0.06771796 
242 28 37 39 0.04575089 
268 2 16 18 0.04464376 
193 70 14 17 0.03931103 
96 255 27 36 0.039015055 
258 -2 28 28 0.032781772 
57 235 83 95 0.028281078 
175 67 42 52 0.026590316 
272 226 40 56 0.02638154 
127 159 59 57 0.026053885 
195 82 18 22 0.024384322 
26 -3 67 63 0.024200654 
228 3 38 32 0.020627975 
336 9 21 18 0.020155845 
