55_Sports_Coach_Trainer_sportcoaching_55_130
35
238 734 253 219 0.99991393 
488 946 254 338 0.99949837 
303 432 241 227 0.99905187 
522 553 390 261 0.99835724 
444 459 330 444 0.68619066 
224 268 374 469 0.43287602 
386 423 239 350 0.2718464 
564 924 419 409 0.2658443 
175 81 374 506 0.24676411 
196 513 403 396 0.14837117 
715 556 223 187 0.14252403 
815 930 205 268 0.13863063 
75 74 219 284 0.13414586 
669 1268 222 269 0.094161905 
53 26 181 234 0.086643346 
12 857 47 63 0.08063103 
636 1061 398 546 0.07281398 
12 832 46 58 0.05676598 
576 1400 60 53 0.048191827 
408 -36 446 416 0.03968181 
230 592 240 262 0.036205906 
30 678 356 440 0.035777196 
139 128 261 316 0.032811053 
31 847 33 43 0.03179005 
651 700 395 456 0.03130372 
650 80 390 530 0.030718327 
126 197 143 136 0.030635148 
315 794 223 236 0.030598922 
453 746 401 514 0.026044387 
577 1370 112 99 0.022702632 
-12 1010 478 548 0.020753602 
-2 844 73 113 0.020575836 
24 890 101 121 0.020226251 
507 240 142 123 0.020222772 
10 819 40 42 0.020159416 
