16_Award_Ceremony_Awards_Ceremony_16_116
43
553 130 115 163 0.9998374 
396 167 123 183 0.9995284 
911 511 30 45 0.9744489 
844 480 20 25 0.3703493 
60 519 13 15 0.1844812 
923 503 42 52 0.17976558 
309 -2 51 45 0.140883 
13 450 11 16 0.10252107 
173 467 13 16 0.0802622 
255 497 16 24 0.07953972 
0 649 13 22 0.07352547 
445 137 124 181 0.060411435 
720 827 64 77 0.06024751 
151 716 13 16 0.055417046 
78 506 19 21 0.05513474 
959 862 23 29 0.05447796 
460 28 47 58 0.04971749 
5 450 15 19 0.039134923 
872 525 14 18 0.03838078 
330 6 39 34 0.036318123 
946 499 43 58 0.032745186 
0 458 12 19 0.03253196 
132 611 14 18 0.031713814 
105 661 10 11 0.030301908 
987 741 30 36 0.02970867 
44 400 15 20 0.027153213 
93 622 13 17 0.026946241 
710 798 67 74 0.026847221 
129 555 17 21 0.026748674 
-3 296 403 481 0.026028512 
109 623 10 12 0.025147306 
0 457 20 35 0.025126953 
572 1259 55 90 0.023772486 
85 687 10 13 0.022236163 
876 518 11 14 0.022128167 
123 481 16 20 0.021845495 
0 627 8 13 0.021761773 
835 481 35 46 0.021685226 
95 654 8 9 0.021324668 
867 517 23 29 0.021182794 
10 444 22 32 0.02111434 
105 654 10 12 0.021092696 
86 47 12 13 0.020925364 
