16_Award_Ceremony_Awards_Ceremony_16_84
33
437 160 255 361 0.9997255 
528 1065 330 410 0.22999777 
520 942 194 273 0.19267793 
259 1036 530 462 0.071454994 
507 1132 253 237 0.06570242 
87 8 48 55 0.054025527 
-16 743 587 445 0.04645 
7 0 213 207 0.044752955 
727 68 70 58 0.043485317 
166 313 471 481 0.043255117 
45 24 27 36 0.042691685 
661 1102 10 13 0.039804857 
78 287 88 65 0.039242025 
74 92 16 20 0.037424628 
188 566 477 546 0.03719864 
282 818 368 488 0.03695379 
26 317 395 510 0.034328103 
103 96 13 17 0.03038956 
512 39 340 480 0.029756596 
47 121 13 18 0.029265527 
344 33 72 71 0.028875893 
82 893 518 545 0.026501998 
1013 955 11 18 0.02520977 
96 591 34 32 0.024654275 
74 16 117 125 0.023562185 
986 1140 15 16 0.023477046 
100 1574 13 14 0.023391463 
40 594 49 52 0.022987392 
671 69 68 58 0.022875909 
997 9 25 36 0.02261579 
39 305 32 36 0.022523284 
36 1 17 15 0.02202429 
75 379 15 19 0.020651003 
