16_Award_Ceremony_Awards_Ceremony_16_231
40
432 144 127 157 0.9999355 
559 99 115 161 0.99983454 
130 150 63 54 0.9964444 
39 143 41 53 0.9804048 
793 143 17 21 0.9178391 
714 137 17 20 0.9038318 
903 155 19 25 0.8400819 
298 131 17 25 0.6921681 
924 135 18 23 0.6439468 
87 114 17 22 0.42620122 
751 210 28 39 0.33465174 
738 159 19 24 0.3322694 
862 267 61 86 0.18854861 
997 185 16 23 0.12684111 
472 112 134 158 0.115683004 
918 119 12 15 0.09625819 
98 143 25 33 0.09243287 
931 141 15 19 0.078530855 
52 609 27 38 0.050772265 
916 122 22 28 0.047047127 
427 644 17 22 0.04419781 
923 202 21 32 0.044190172 
249 128 17 26 0.040581357 
786 175 24 29 0.04011477 
991 375 16 20 0.029237607 
127 138 38 46 0.028519297 
831 274 25 36 0.028405359 
293 131 27 43 0.027787456 
781 183 18 20 0.026692837 
796 178 22 28 0.026322825 
930 125 14 17 0.026314106 
787 171 16 20 0.026292618 
-3 583 44 74 0.025154626 
853 240 57 82 0.02349508 
871 236 14 18 0.023493482 
245 125 15 22 0.023095308 
714 220 32 37 0.022759229 
376 105 28 41 0.021802558 
926 197 14 20 0.021136029 
879 210 14 19 0.02103072 
