16_Award_Ceremony_Awards_Ceremony_16_317
25
216 104 37 50 0.9974577 
843 114 31 45 0.9920442 
600 136 30 43 0.8760874 
260 411 156 238 0.42625195 
601 143 42 61 0.37196034 
362 382 16 20 0.16938464 
152 118 28 33 0.0744737 
471 442 123 184 0.06796829 
129 447 56 95 0.06687934 
858 113 32 42 0.05609532 
752 617 31 40 0.040667437 
376 424 178 245 0.040314693 
589 310 11 14 0.03230685 
611 131 29 36 0.031296127 
170 111 16 18 0.02513128 
758 569 30 40 0.024763405 
810 283 33 31 0.024594761 
612 170 32 40 0.024440652 
163 113 17 19 0.023487046 
150 127 15 20 0.023323193 
263 113 15 18 0.023194417 
833 172 11 16 0.023024881 
625 130 18 22 0.022919197 
164 122 34 34 0.021657929 
597 168 30 44 0.020029295 
