16_Award_Ceremony_Awards_Ceremony_16_73
354
260 122 35 46 0.9983298 
410 145 36 49 0.9979693 
316 73 33 38 0.9973489 
615 146 37 47 0.9909952 
266 78 18 23 0.9900109 
203 54 19 24 0.9860989 
91 72 17 23 0.98526275 
727 90 39 52 0.9819118 
640 79 17 22 0.9799392 
492 61 15 19 0.96459454 
720 40 18 23 0.9614724 
637 44 16 20 0.94411033 
654 22 15 19 0.9424925 
563 29 17 20 0.9421792 
619 33 14 17 0.9185097 
603 20 13 17 0.9098075 
472 28 14 17 0.8723088 
593 71 16 21 0.86342835 
533 68 13 17 0.8564428 
686 25 13 18 0.836752 
697 41 16 20 0.82877773 
866 37 13 19 0.82449096 
538 44 16 20 0.7995999 
568 76 16 19 0.78794396 
365 50 14 19 0.7831667 
608 59 16 20 0.7709541 
6 83 14 17 0.7031749 
990 0 14 18 0.7015085 
168 57 14 18 0.68767095 
701 1 14 16 0.6768488 
989 35 13 17 0.6587479 
240 58 14 17 0.6445239 
414 63 14 20 0.58408606 
904 113 21 31 0.57314426 
852 21 12 16 0.5636634 
345 37 10 13 0.55552554 
813 32 12 16 0.55259377 
624 73 15 19 0.536587 
918 37 10 13 0.5254582 
458 58 18 22 0.51552343 
184 66 18 23 0.50934446 
889 36 12 15 0.50721246 
771 0 13 15 0.47670856 
445 54 13 17 0.46947467 
656 64 14 17 0.4578924 
722 14 14 17 0.40051037 
973 20 11 15 0.38324732 
582 16 13 17 0.38143024 
749 38 14 19 0.37382543 
151 140 11 15 0.3536037 
142 56 16 22 0.34476689 
973 36 11 15 0.34168407 
22 80 16 20 0.3312057 
240 81 13 19 0.32778382 
571 50 13 17 0.31736505 
156 78 15 18 0.31451213 
836 36 11 15 0.30831933 
427 60 13 18 0.30021128 
508 0 13 14 0.29716644 
226 68 16 21 0.27918687 
1004 22 12 16 0.2713803 
431 80 15 19 0.27027038 
590 0 13 13 0.26094538 
584 45 12 15 0.25716317 
546 77 13 16 0.21661161 
39 77 10 13 0.20825315 
877 18 11 13 0.1961662 
548 1 14 17 0.18499912 
234 64 18 24 0.17871964 
492 29 11 14 0.17498817 
455 45 14 17 0.17189527 
15 64 11 13 0.16506496 
123 58 14 17 0.16282246 
421 58 15 23 0.15769802 
382 63 15 23 0.14515539 
389 33 11 15 0.14485948 
489 34 12 15 0.13916306 
785 38 11 14 0.13701065 
9 75 19 25 0.13632098 
792 539 27 28 0.13145961 
641 14 11 14 0.13038017 
833 42 11 14 0.12837176 
387 81 14 20 0.12806267 
588 49 11 13 0.12495603 
754 37 12 16 0.122839496 
741 6 11 13 0.119831495 
20 70 14 17 0.119015254 
494 23 11 13 0.11800528 
527 34 13 15 0.11462994 
456 38 12 15 0.114568725 
892 31 10 14 0.1136372 
805 62 9 11 0.105081186 
445 38 11 14 0.10499854 
446 52 21 26 0.103261426 
982 33 15 20 0.09972659 
151 73 15 22 0.097209714 
320 44 8 10 0.096548006 
845 125 10 14 0.09434501 
803 21 11 13 0.08876429 
672 51 13 18 0.087997355 
1001 76 11 14 0.08732462 
52 61 13 17 0.087043196 
132 57 20 25 0.08449578 
445 46 12 14 0.082721524 
627 81 15 18 0.08236585 
757 30 10 13 0.08211795 
347 61 15 19 0.08208302 
599 41 11 16 0.07935314 
699 8 15 18 0.07814701 
904 29 10 14 0.077801585 
1005 15 11 14 0.07765323 
517 60 13 16 0.07647896 
146 62 15 23 0.075452216 
788 43 10 13 0.074434154 
345 87 17 22 0.07416419 
500 23 11 14 0.07371235 
792 53 9 12 0.073417015 
601 32 16 20 0.073289216 
758 -1 10 9 0.07302746 
800 69 9 12 0.07099472 
595 61 19 25 0.07051114 
386 70 16 23 0.0704159 
356 52 20 25 0.070120595 
970 24 16 22 0.06941293 
676 530 15 19 0.069356844 
424 52 12 17 0.06903881 
367 75 13 20 0.068410836 
822 54 8 10 0.06834889 
896 193 17 18 0.06679837 
532 37 16 20 0.06534751 
558 4 14 18 0.065223195 
51 64 21 26 0.064546615 
810 35 9 14 0.06351804 
334 65 24 35 0.06330582 
421 46 10 13 0.06323796 
360 23 8 11 0.062378183 
658 42 12 17 0.060313586 
804 70 9 11 0.057541672 
814 42 12 15 0.057291478 
543 1 12 14 0.05718888 
327 54 11 14 0.055780813 
913 43 10 14 0.055443402 
341 96 24 31 0.054629263 
815 0 10 9 0.053938314 
383 87 14 19 0.05387472 
81 56 18 21 0.053620826 
389 43 12 15 0.053446926 
585 11 15 19 0.052384995 
950 4 10 12 0.052025404 
893 60 10 12 0.051998015 
229 71 20 27 0.05119686 
456 33 10 12 0.05096914 
429 62 19 27 0.05055716 
536 0 9 11 0.050074775 
799 16 11 12 0.049971506 
647 21 14 17 0.049358528 
834 31 11 13 0.049077664 
854 37 11 14 0.04893302 
645 7 13 15 0.048928823 
478 59 12 16 0.048119906 
584 36 12 17 0.047827557 
171 61 16 22 0.047512006 
273 59 10 14 0.047473956 
488 22 12 14 0.04714003 
366 0 8 8 0.046532273 
443 64 15 21 0.04609189 
76 52 17 20 0.045891445 
838 1 10 11 0.045729764 
735 5 12 15 0.045643613 
699 17 14 17 0.04500163 
807 29 12 16 0.04482077 
976 54 9 13 0.04445872 
10 87 14 20 0.044388834 
342 0 7 9 0.04366938 
210 333 9 12 0.043216318 
558 54 11 15 0.04298899 
332 53 12 16 0.04280316 
758 51 11 14 0.042310834 
562 9 15 17 0.041985616 
533 136 14 17 0.041225165 
856 26 19 24 0.04108035 
793 59 9 13 0.04062776 
351 251 14 16 0.040598646 
431 0 9 8 0.040404208 
816 51 10 12 0.040151075 
344 22 9 11 0.039731156 
915 9 12 16 0.039527606 
5 96 15 19 0.039199676 
415 52 12 17 0.038933337 
106 80 14 18 0.038828418 
537 71 18 23 0.03851149 
325 0 9 10 0.038301066 
652 15 14 17 0.038208462 
437 58 13 19 0.038171325 
798 35 11 14 0.03808076 
334 80 26 35 0.037793256 
823 64 9 11 0.037527096 
374 75 19 27 0.03748297 
903 126 13 21 0.037339415 
527 62 12 16 0.0371377 
800 63 9 11 0.03684591 
367 28 9 12 0.03630224 
759 3 11 12 0.03625581 
847 38 10 13 0.035801657 
800 27 10 14 0.035546523 
360 0 9 9 0.03532324 
366 6 9 12 0.035256278 
599 15 14 17 0.034821533 
422 15 9 11 0.0347336 
8 67 12 14 0.034646705 
429 22 8 11 0.03457541 
453 12 12 14 0.03427794 
884 188 23 25 0.03404324 
911 51 10 15 0.033936065 
819 6 11 13 0.033725373 
391 22 8 11 0.033703614 
0 99 10 17 0.033584002 
424 21 9 11 0.033370756 
314 40 9 10 0.033267148 
461 3 9 11 0.033085033 
862 0 11 11 0.033022348 
781 22 10 12 0.032917827 
692 20 13 18 0.03288322 
550 27 15 18 0.032762837 
796 136 15 19 0.032584272 
784 50 11 13 0.032027524 
491 41 14 19 0.031848665 
43 75 12 17 0.031612635 
872 15 12 15 0.03149186 
367 12 9 11 0.03142688 
997 167 10 13 0.031357914 
820 0 9 9 0.031351592 
717 24 15 20 0.031309456 
799 55 9 11 0.031089732 
790 12 10 12 0.030865839 
407 61 14 19 0.030733626 
328 59 12 15 0.030623708 
699 29 14 19 0.030562786 
818 35 12 16 0.030530792 
676 110 16 21 0.030348364 
365 23 9 12 0.030299647 
438 0 9 9 0.030087108 
128 98 13 17 0.029969828 
610 22 13 16 0.029713167 
501 52 13 18 0.029523995 
880 7 10 12 0.029402195 
396 33 11 15 0.02936579 
597 197 13 16 0.029245716 
710 79 16 21 0.02910527 
285 6 9 10 0.028716905 
993 124 25 39 0.028617065 
623 90 14 16 0.028502658 
456 5 10 12 0.028468972 
370 54 15 21 0.028303012 
439 14 9 12 0.02812266 
700 33 19 25 0.028121158 
1001 59 9 11 0.027958391 
389 51 12 17 0.027805114 
896 117 24 37 0.027743626 
726 8 12 14 0.027612885 
487 54 16 20 0.027563509 
792 67 12 16 0.02753488 
735 1 10 11 0.027190728 
626 36 13 17 0.02704199 
374 65 14 22 0.02698002 
325 28 11 13 0.026891569 
393 65 15 19 0.026873987 
120 153 9 12 0.026610246 
509 20 11 15 0.026488544 
508 57 15 18 0.026454473 
805 -1 11 11 0.02630306 
903 1 10 11 0.026298996 
21 92 14 19 0.026008802 
2 83 11 16 0.025975056 
53 56 11 13 0.025875991 
589 30 11 14 0.025593786 
965 148 10 14 0.025400367 
913 6 10 13 0.025336033 
346 69 17 25 0.025274893 
156 143 11 15 0.025176361 
342 60 14 18 0.02515327 
915 125 16 23 0.025041303 
905 145 12 19 0.02502936 
733 10 12 16 0.025016261 
381 53 11 16 0.02481979 
894 24 9 11 0.024751212 
833 4 12 14 0.024574677 
841 63 9 11 0.024403408 
154 65 18 25 0.024397962 
250 71 21 26 0.024376847 
878 63 8 10 0.024205908 
423 7 9 10 0.024074113 
836 130 25 37 0.02400084 
145 135 19 24 0.023952994 
355 72 15 20 0.023943711 
28 149 26 28 0.023920918 
27 70 13 17 0.023854095 
440 138 24 36 0.023656795 
805 54 10 13 0.023514029 
978 20 12 16 0.023446182 
673 45 17 19 0.023419041 
394 81 14 19 0.023346866 
0 68 9 13 0.023210263 
603 43 14 17 0.023122933 
547 49 13 17 0.023105886 
70 56 16 20 0.02301536 
277 69 12 16 0.022841515 
567 54 14 19 0.022797823 
883 141 11 18 0.02277994 
279 2 8 9 0.022689266 
823 318 13 16 0.022565152 
858 20 12 15 0.022467775 
879 145 12 20 0.022162 
342 4 8 11 0.022151215 
690 91 22 31 0.022049068 
778 27 11 14 0.021881707 
342 32 18 22 0.021789825 
903 135 21 32 0.021743806 
603 80 12 17 0.021720422 
868 0 10 10 0.021676073 
790 28 12 16 0.021551711 
486 13 11 15 0.021479432 
878 68 9 11 0.021403698 
647 72 18 22 0.02137602 
446 0 10 9 0.021297628 
584 2 14 16 0.021281242 
182 63 13 18 0.021236656 
657 49 18 24 0.021235922 
971 30 22 28 0.021150984 
889 60 9 11 0.021057837 
436 69 21 26 0.021039005 
909 29 12 16 0.020907886 
758 24 10 12 0.020879965 
156 55 18 25 0.02085335 
942 21 9 11 0.02081078 
815 23 10 13 0.02076795 
475 52 13 18 0.020656612 
532 30 13 17 0.020635135 
645 38 19 24 0.020535097 
903 108 13 18 0.020447124 
753 -8 23 23 0.020430166 
441 43 12 15 0.02041802 
749 6 10 12 0.020411769 
763 53 11 13 0.020394688 
282 74 14 18 0.020221362 
438 6 9 11 0.020159405 
845 61 9 12 0.020155367 
456 1 10 10 0.020149397 
651 5 12 15 0.020144718 
591 -1 19 20 0.020091278 
848 122 41 48 0.020090105 
376 7 9 10 0.020082526 
576 71 18 24 0.020042796 
1003 16 20 27 0.020012904 
