16_Award_Ceremony_Awards_Ceremony_16_143
163
269 312 418 540 0.9999639 
227 1400 32 38 0.80114543 
661 1390 12 16 0.4522659 
202 1397 15 18 0.27932933 
360 1378 13 15 0.2103036 
608 1380 11 15 0.19622667 
411 1405 27 34 0.18257688 
550 1395 14 19 0.15882576 
662 1398 11 16 0.15751612 
276 1396 25 32 0.14471903 
679 1399 14 19 0.14183995 
691 1399 16 22 0.116960295 
750 1365 10 13 0.11649553 
316 1371 11 13 0.11457588 
518 1442 26 34 0.114038385 
389 1372 13 15 0.099030666 
606 1412 11 14 0.09563608 
787 1375 15 20 0.095620856 
798 1382 16 24 0.09338543 
632 1410 10 13 0.087117024 
591 1382 13 17 0.08711041 
744 1365 9 12 0.08040416 
699 1401 16 21 0.075729184 
352 785 475 472 0.07210501 
905 1488 15 19 0.07148356 
782 1354 12 13 0.07101215 
655 1371 9 11 0.070082955 
468 1431 14 17 0.06993952 
102 803 526 408 0.06878491 
202 1398 23 29 0.06807967 
629 1394 11 15 0.06432654 
822 1392 12 15 0.062010087 
577 1396 10 13 0.058967583 
680 1397 24 28 0.057888485 
646 1417 14 17 0.057858665 
582 1388 10 13 0.050722454 
541 1395 14 18 0.04981924 
261 1398 29 38 0.04950919 
425 1416 15 20 0.049421046 
542 1419 15 17 0.04855082 
371 1396 10 13 0.04750153 
816 1396 13 17 0.045679186 
227 1371 15 17 0.045311287 
618 1489 16 18 0.04465765 
588 1483 11 15 0.042999577 
762 1376 16 20 0.042865075 
459 1430 17 20 0.042337544 
600 1476 11 13 0.042077225 
558 1452 15 21 0.04161461 
555 1399 15 20 0.041384373 
170 1370 15 22 0.041093886 
533 1394 16 20 0.040913858 
759 1374 13 15 0.040347524 
587 1442 11 17 0.039899044 
248 1402 30 38 0.03954001 
894 1336 25 35 0.038928162 
421 1388 11 13 0.03870095 
722 1416 104 111 0.038520854 
564 1412 10 15 0.03781602 
641 1375 7 10 0.03751925 
326 1419 27 29 0.037499145 
897 1490 23 28 0.036698516 
326 1416 17 19 0.036553334 
610 1386 12 15 0.03637262 
580 1477 13 16 0.03632366 
667 1372 11 13 0.03560954 
157 1423 23 31 0.03541653 
590 1407 9 11 0.03529803 
152 1364 24 29 0.034992237 
594 1376 21 28 0.03497458 
383 1383 12 14 0.034836225 
146 1366 17 21 0.03400787 
188 1385 24 30 0.033980872 
386 1374 10 12 0.03395869 
590 1419 11 15 0.033551324 
508 1436 13 19 0.03334828 
546 1412 13 17 0.03322145 
649 1372 8 11 0.033055972 
210 1397 13 17 0.03267479 
188 1466 14 16 0.03256866 
408 1390 9 10 0.032363363 
542 1489 18 21 0.03231586 
636 1411 12 16 0.032132495 
236 1373 12 15 0.032109413 
604 1453 12 16 0.03200704 
631 1420 10 13 0.031498667 
826 1397 14 18 0.031012485 
474 1428 14 19 0.030962251 
640 1418 12 16 0.030721929 
289 1400 15 23 0.03025137 
221 1368 25 28 0.030047162 
691 1404 93 109 0.029876828 
181 1379 23 31 0.0298674 
400 1400 10 12 0.029711174 
387 1378 14 16 0.029601522 
735 1400 15 21 0.029492155 
168 419 378 521 0.029247787 
772 1377 13 18 0.029218165 
399 1407 29 35 0.029109929 
805 1385 21 26 0.028762935 
753 1450 56 57 0.028386239 
796 1435 16 23 0.028115815 
657 1382 11 14 0.027779507 
646 1398 9 12 0.027357658 
580 1469 10 13 0.027337573 
910 1415 16 22 0.027285222 
605 1448 11 13 0.027195003 
503 1437 23 31 0.027071249 
373 1381 12 14 0.026967729 
207 1396 56 63 0.02695181 
353 1390 11 16 0.026756737 
900 1392 12 17 0.026734209 
799 1404 12 15 0.026676448 
616 1434 10 13 0.026455406 
742 1370 11 15 0.026075078 
756 1366 11 15 0.02566423 
171 1372 23 31 0.02545618 
755 1456 27 37 0.025307907 
191 1483 14 16 0.025232231 
374 1374 9 11 0.02502957 
197 1390 15 18 0.02438348 
584 1383 10 13 0.023966564 
893 1493 14 19 0.023806466 
666 1395 12 17 0.023805197 
181 1434 11 16 0.02368209 
681 1392 41 52 0.02330132 
726 1433 15 20 0.02326593 
235 791 16 20 0.023135923 
559 1419 12 14 0.023006078 
518 1375 8 12 0.022964325 
782 1361 14 18 0.022775508 
613 1376 8 11 0.022695487 
692 1437 26 33 0.022624496 
190 1387 49 58 0.02247344 
583 1404 8 11 0.0223097 
573 1474 15 19 0.02229711 
617 1476 13 16 0.022166485 
592 1377 9 11 0.022152413 
176 1480 10 12 0.021985104 
597 1448 21 27 0.02176672 
502 651 539 421 0.021755645 
413 1405 15 18 0.021688657 
916 1449 17 25 0.021576755 
657 1403 11 14 0.021570124 
335 1423 29 34 0.021565221 
415 1388 11 12 0.021433868 
221 1375 15 18 0.02111757 
414 1399 12 13 0.020985108 
312 1367 21 26 0.020910006 
406 1399 10 12 0.020819006 
814 1393 24 30 0.020750422 
784 1436 11 14 0.020688195 
737 1365 9 12 0.020613745 
759 1458 13 20 0.020506598 
611 1419 11 14 0.020479793 
606 1393 13 16 0.02045262 
388 1367 21 23 0.020334737 
620 1430 12 15 0.020246366 
598 1420 11 14 0.020131333 
-30 340 431 452 0.020129241 
601 1406 10 14 0.02009894 
-67 776 471 487 0.020095456 
223 1460 15 16 0.020021355 
