9_Press_Conference_Press_Conference_9_346
21
80 636 53 68 0.99969804 
417 670 51 61 0.99942976 
267 661 50 62 0.999329 
611 705 41 63 0.92728525 
277 260 111 182 0.5095639 
379 987 63 46 0.15536669 
566 264 33 39 0.08904731 
523 1112 26 27 0.063020855 
614 813 389 437 0.061807044 
666 856 26 34 0.054273993 
441 229 367 491 0.045430478 
367 995 40 32 0.03977941 
346 966 108 81 0.028399477 
199 252 171 255 0.023266755 
68 652 11 16 0.02246378 
611 1134 30 33 0.022388298 
443 289 32 40 0.021909075 
659 1005 77 74 0.021443594 
644 918 132 172 0.020608036 
220 274 31 41 0.02043489 
674 1009 45 44 0.020138036 
