9_Press_Conference_Press_Conference_9_872
28
413 334 214 269 0.99990296 
481 950 72 99 0.71378523 
288 471 26 35 0.45554313 
249 430 24 39 0.43892565 
249 443 38 55 0.109572925 
977 849 14 20 0.10580614 
30 1020 12 18 0.05619774 
268 447 41 56 0.04921243 
243 328 17 21 0.04740061 
242 471 16 23 0.042775486 
299 942 422 395 0.041865245 
68 478 56 66 0.035656262 
528 512 402 478 0.03457291 
28 902 14 20 0.03438688 
246 459 26 41 0.034199987 
464 952 54 76 0.031457454 
582 881 32 38 0.030531228 
937 821 14 18 0.027125524 
276 311 24 30 0.0234112 
325 429 404 511 0.023365531 
950 655 70 125 0.022634739 
484 1028 12 16 0.022484757 
550 782 15 17 0.02220037 
575 801 13 17 0.022004403 
241 304 25 30 0.021151897 
426 81 407 438 0.020683732 
613 258 47 88 0.020525316 
549 794 13 16 0.020517379 
