9_Press_Conference_Press_Conference_9_748
23
296 217 411 560 0.9999716 
309 445 559 581 0.24053477 
333 1076 444 544 0.14819919 
-67 466 369 499 0.10338098 
236 866 418 572 0.10005979 
436 701 429 518 0.08905897 
744 551 337 478 0.06952984 
203 88 399 489 0.06449809 
625 7 347 468 0.06263451 
279 1187 201 332 0.06129722 
621 61 198 269 0.052049726 
56 983 374 494 0.051826272 
32 514 215 343 0.046533205 
713 17 217 293 0.043692682 
-28 404 239 330 0.040986206 
581 568 365 498 0.03196157 
419 983 486 460 0.030859178 
840 577 178 269 0.028206356 
-33 -50 465 439 0.025065558 
648 773 433 531 0.024070108 
70 645 217 344 0.022531686 
3 624 116 175 0.022038287 
59 418 131 155 0.021178732 
