9_Press_Conference_Press_Conference_9_563
22
392 105 189 262 0.9998963 
780 213 129 166 0.99953806 
989 281 15 18 0.13425642 
723 34 16 19 0.10660114 
369 29 25 29 0.10439587 
980 321 44 63 0.07833717 
257 331 44 66 0.0734163 
160 225 64 81 0.07130307 
250 344 31 45 0.062255807 
372 21 17 20 0.05985363 
461 538 66 69 0.055796735 
418 543 123 105 0.05383206 
716 74 45 57 0.049351417 
266 562 109 83 0.03780534 
719 37 24 28 0.03735201 
341 148 413 469 0.03720549 
961 530 36 41 0.030953387 
575 570 28 33 0.02734067 
889 186 15 19 0.026719674 
668 356 36 47 0.02608936 
931 418 33 45 0.025159286 
462 585 70 69 0.025028884 
