9_Press_Conference_Press_Conference_9_710
17
270 294 423 560 0.9999881 
474 1341 34 35 0.5184872 
940 1366 44 65 0.48546743 
899 183 49 72 0.23562367 
846 335 65 84 0.14503336 
947 975 37 50 0.13791737 
963 1425 47 69 0.12535766 
770 159 32 41 0.061241824 
831 497 54 73 0.055249874 
217 564 499 593 0.047601122 
956 1387 51 78 0.04652811 
211 124 407 455 0.03370001 
-2 495 35 61 0.027976291 
466 1325 34 37 0.02747631 
828 599 49 68 0.026541797 
699 1340 38 44 0.02194721 
839 295 52 72 0.02125725 
