9_Press_Conference_Press_Conference_9_352
17
120 465 528 655 0.99998987 
346 524 397 508 0.97930235 
687 1204 368 485 0.3166737 
627 1382 113 135 0.26042244 
-91 1036 442 553 0.15819924 
581 1330 209 268 0.13882558 
161 331 399 529 0.103171855 
205 933 470 525 0.08569799 
-8 1301 276 331 0.06110732 
394 341 422 466 0.060539152 
610 579 389 486 0.050143685 
760 169 453 522 0.04941877 
753 1304 229 276 0.043256164 
642 977 354 490 0.03529478 
418 1102 391 506 0.034956537 
98 202 399 457 0.026872767 
630 -91 427 473 0.02304014 
