9_Press_Conference_Press_Conference_9_89
27
404 166 82 122 0.9974476 
667 203 67 104 0.99302036 
786 224 54 64 0.9929662 
143 121 60 121 0.9264929 
805 285 50 75 0.08903537 
996 256 23 34 0.08613134 
46 672 458 498 0.06597005 
884 433 19 21 0.061470296 
776 247 54 75 0.0536848 
525 219 44 58 0.05068586 
954 556 17 21 0.050446093 
812 226 35 47 0.03338526 
665 432 29 31 0.027847238 
822 302 50 64 0.027480235 
843 360 37 39 0.026984913 
1005 489 16 22 0.026228713 
593 470 18 21 0.02620073 
856 348 33 39 0.02603742 
900 391 11 12 0.025569212 
533 381 14 18 0.025396004 
974 194 11 14 0.025385212 
-4 281 502 481 0.02538149 
752 257 47 71 0.02311731 
507 346 16 20 0.022511208 
998 449 14 19 0.021971613 
983 378 10 12 0.021871129 
1004 259 23 37 0.020539535 
