9_Press_Conference_Press_Conference_9_325
22
333 191 61 77 0.9986958 
686 119 59 101 0.9907488 
757 59 20 26 0.5129762 
479 138 21 29 0.07936418 
600 240 17 22 0.073191434 
598 374 15 18 0.068513945 
722 0 16 15 0.063980535 
482 260 13 18 0.062050898 
674 84 17 24 0.05186277 
846 32 22 27 0.040388737 
536 122 22 29 0.040326644 
435 155 12 18 0.038611 
409 79 81 124 0.034199655 
769 62 16 23 0.034104727 
798 0 16 18 0.03196095 
411 94 47 82 0.030228157 
431 269 13 18 0.027619071 
750 62 17 22 0.027544815 
874 519 43 51 0.027234629 
770 331 116 188 0.025971383 
748 58 40 46 0.02579108 
533 248 22 28 0.025305502 
