9_Press_Conference_Press_Conference_9_655
89
305 203 24 31 0.99940646 
499 224 35 42 0.9984835 
792 240 48 59 0.99814296 
365 226 30 43 0.9981384 
846 189 26 32 0.99791855 
161 205 27 31 0.99749315 
941 182 30 40 0.9970566 
197 189 26 33 0.9970541 
658 215 45 62 0.9968579 
886 212 29 39 0.9955712 
579 214 29 34 0.9953896 
758 205 29 43 0.995076 
954 212 34 45 0.994728 
420 192 21 29 0.9942159 
63 208 22 27 0.9912253 
133 222 25 32 0.9872198 
651 202 23 31 0.982819 
466 191 18 23 0.9536162 
392 196 22 28 0.91040856 
231 216 24 30 0.8905819 
546 187 22 26 0.8491762 
342 212 22 28 0.8124824 
1005 205 20 40 0.7513736 
137 200 21 26 0.6842433 
729 189 22 28 0.6755492 
117 218 17 22 0.5786203 
707 190 16 23 0.5375279 
644 225 13 21 0.21160708 
59 287 13 17 0.19966337 
111 193 18 21 0.1961644 
768 190 29 33 0.16771284 
644 195 40 53 0.16249986 
221 255 25 37 0.10080149 
485 194 15 21 0.087828875 
941 192 38 51 0.08742253 
168 187 13 14 0.08571217 
742 217 30 40 0.07845232 
260 238 29 32 0.07454308 
648 190 24 30 0.068792604 
422 226 15 20 0.06491754 
347 216 27 33 0.056741472 
105 284 17 19 0.052527003 
246 287 36 41 0.05243826 
494 209 28 39 0.048432004 
359 205 24 28 0.04792038 
163 179 15 19 0.046636894 
506 210 30 39 0.045325357 
381 199 24 29 0.043553796 
717 186 35 47 0.042753715 
491 198 25 33 0.041617647 
851 219 24 33 0.039722003 
117 223 23 31 0.03968618 
703 191 27 39 0.037468668 
713 197 17 23 0.037404362 
725 196 17 25 0.036170423 
372 208 16 20 0.034879055 
512 201 27 31 0.034529883 
724 207 15 21 0.03309286 
1005 496 15 23 0.03239561 
91 265 15 19 0.031575304 
224 227 29 42 0.03128656 
518 190 41 51 0.030751899 
345 204 18 21 0.03055802 
644 218 31 41 0.029839406 
827 199 42 53 0.027111255 
164 184 21 26 0.026296318 
420 210 23 30 0.026018206 
692 189 27 32 0.025620932 
111 221 16 21 0.025028529 
566 240 23 31 0.024722302 
349 195 26 30 0.023758022 
414 198 16 23 0.023563307 
93 260 24 28 0.02351452 
422 183 13 20 0.02344008 
343 187 27 30 0.02306629 
381 196 13 17 0.023060672 
161 174 12 16 0.022726234 
864 216 26 36 0.022635762 
522 196 16 20 0.022149453 
783 193 18 23 0.021852508 
773 223 46 60 0.021509582 
229 296 39 45 0.0213039 
774 202 30 37 0.021252297 
1012 206 11 19 0.020764632 
746 235 19 24 0.020659965 
553 182 17 22 0.020339658 
985 317 13 15 0.02028484 
353 211 18 22 0.020276252 
48 286 11 15 0.020095246 
