9_Press_Conference_Press_Conference_9_60
73
681 393 28 36 0.9994655 
393 386 29 37 0.99859923 
767 388 27 35 0.9968268 
261 397 31 41 0.99575555 
554 315 30 39 0.99474144 
863 403 25 32 0.9895611 
120 384 30 38 0.9644822 
936 456 33 48 0.60670173 
814 468 25 31 0.21897222 
466 330 37 38 0.16045338 
805 489 49 59 0.15721542 
334 477 29 35 0.12748803 
771 510 29 50 0.12114642 
636 399 19 21 0.11535136 
956 471 35 38 0.10826421 
340 566 80 108 0.10607215 
824 512 31 46 0.10229302 
403 485 15 18 0.10133852 
780 526 44 53 0.091414176 
548 510 38 61 0.09016275 
362 559 50 75 0.0783772 
800 469 49 54 0.068186544 
774 532 23 42 0.06453248 
240 481 13 18 0.06444471 
699 474 33 35 0.058471486 
313 478 33 39 0.05741215 
800 519 45 54 0.052417114 
432 365 11 15 0.04856991 
609 505 39 56 0.04834719 
995 495 31 41 0.047375213 
418 617 13 18 0.04637897 
643 365 15 19 0.045915015 
972 457 29 42 0.045331426 
1001 457 22 40 0.041921005 
825 469 14 19 0.04152186 
677 370 17 20 0.041471448 
425 329 29 34 0.040994715 
642 404 16 22 0.040808294 
625 437 27 45 0.040545378 
633 385 26 32 0.04054378 
710 357 11 15 0.039065637 
453 290 45 55 0.038648173 
636 370 26 31 0.0380162 
475 364 26 27 0.035260215 
412 484 12 16 0.034300145 
304 468 33 41 0.033146143 
620 335 26 28 0.032637473 
215 372 12 16 0.03257259 
990 451 27 43 0.032032464 
553 529 45 63 0.03200608 
580 -26 446 487 0.031480342 
386 586 51 74 0.03123215 
111 387 25 32 0.03106651 
421 495 18 20 0.030840602 
165 757 11 11 0.030366667 
382 494 13 15 0.030122759 
410 485 22 25 0.029724674 
388 491 13 16 0.02806164 
356 512 17 21 0.026467143 
650 401 13 19 0.02607065 
1011 467 14 24 0.025237145 
136 392 15 23 0.023491757 
940 456 17 30 0.023260651 
372 493 24 29 0.022796595 
852 652 29 36 0.022387875 
629 404 24 30 0.02238152 
312 496 35 43 0.022005538 
917 465 13 17 0.021763002 
630 394 17 21 0.021701783 
545 467 50 66 0.021570012 
917 457 24 34 0.020708378 
596 420 14 18 0.02039546 
461 308 12 15 0.020164238 
