9_Press_Conference_Press_Conference_9_297
35
403 178 272 356 0.999894 
499 911 60 71 0.35131562 
714 685 99 118 0.3136647 
495 88 388 521 0.16806862 
210 1391 194 223 0.11817112 
208 1173 25 28 0.10501815 
817 122 71 80 0.09891079 
271 914 24 34 0.0655664 
847 654 35 51 0.058575366 
586 902 86 105 0.05244278 
259 1099 14 18 0.045605253 
502 879 53 66 0.044102985 
215 929 45 62 0.041311778 
261 892 41 56 0.037403513 
488 899 25 32 0.033859193 
617 22 57 76 0.033165745 
429 798 15 19 0.031115908 
78 431 48 52 0.030990567 
264 954 27 39 0.030611567 
273 636 121 182 0.030413833 
786 1103 14 17 0.02840603 
402 1194 16 21 0.02669895 
170 1149 17 22 0.026052313 
368 798 27 28 0.025822628 
103 445 56 57 0.02562479 
445 858 17 20 0.025235364 
518 1122 14 17 0.024693135 
139 1049 24 34 0.023334106 
203 1129 24 28 0.023177626 
501 893 11 15 0.023002492 
443 862 25 29 0.02234855 
497 900 16 20 0.022178946 
328 970 29 38 0.021697855 
717 615 15 19 0.021558264 
786 83 117 137 0.021457948 
