9_Press_Conference_Press_Conference_9_66
48
219 173 70 87 0.9957339 
887 265 71 87 0.99485093 
457 287 47 70 0.9746898 
122 18 37 42 0.80440015 
641 139 17 18 0.4384849 
648 171 17 19 0.29522172 
573 115 16 20 0.2207859 
402 336 51 58 0.20419516 
71 149 13 18 0.12941737 
100 235 42 51 0.113824844 
143 261 51 51 0.058545083 
639 145 22 26 0.053679314 
440 304 49 63 0.050910283 
429 190 42 56 0.04675808 
178 270 44 54 0.042570803 
411 125 27 27 0.04085054 
298 133 28 31 0.039096463 
129 11 21 21 0.0354562 
833 294 50 78 0.035056543 
576 110 25 30 0.033374935 
93 226 33 43 0.033167645 
569 192 16 20 0.031607818 
662 179 13 17 0.03128971 
481 114 26 28 0.030789092 
615 222 10 13 0.030237634 
76 125 12 15 0.030136583 
831 234 44 50 0.029492904 
571 125 17 20 0.028935565 
197 280 35 48 0.02879845 
566 114 16 20 0.02871357 
738 138 25 28 0.027208313 
133 4 30 32 0.027045833 
153 73 30 34 0.026516693 
407 172 54 63 0.025531452 
572 152 24 27 0.025521182 
573 70 17 20 0.024693538 
579 148 17 20 0.023076667 
186 166 45 69 0.022254054 
640 158 23 28 0.022189895 
145 8 17 21 0.022029983 
87 35 14 18 0.022003146 
362 246 42 55 0.021508668 
637 194 30 31 0.02134753 
171 292 53 66 0.021049611 
658 201 15 16 0.021021267 
280 210 29 41 0.02080734 
59 152 42 58 0.020318035 
474 78 17 20 0.020140095 
