14_Traffic_Traffic_14_722
27
535 43 13 16 0.28688765 
543 87 12 18 0.20294052 
208 73 12 16 0.1827843 
518 45 12 15 0.0573856 
526 77 9 11 0.05411983 
247 79 16 19 0.050531827 
589 42 25 31 0.045102738 
523 43 13 17 0.043261316 
189 77 8 10 0.040774584 
437 148 14 18 0.038937867 
550 54 10 13 0.03433675 
742 29 48 67 0.03249151 
247 64 9 11 0.03202394 
353 214 193 274 0.031705253 
185 72 9 11 0.031344373 
519 40 11 13 0.031103315 
587 17 29 34 0.029484553 
125 265 18 20 0.025241194 
765 35 30 41 0.023540253 
536 85 12 16 0.02077984 
538 109 10 14 0.02024957 
438 143 12 14 0.020202933 
592 34 19 22 0.020161925 
213 79 12 16 0.020144396 
129 456 43 38 0.02013114 
278 157 388 452 0.020094411 
565 22 130 153 0.020008173 
