14_Traffic_Traffic_14_443
156
660 154 13 17 0.96564275 
510 130 13 16 0.7810234 
459 159 10 12 0.23721763 
473 168 10 12 0.22701117 
497 143 8 11 0.18938245 
802 147 11 15 0.162064 
643 170 12 15 0.11412513 
732 192 11 13 0.110900626 
299 206 15 18 0.08913075 
56 309 8 11 0.08739704 
421 150 8 11 0.0780164 
455 161 12 15 0.07548281 
429 224 16 18 0.07536072 
497 147 10 13 0.07216477 
1006 267 13 21 0.06656566 
603 124 11 14 0.06625108 
749 189 9 11 0.06557685 
501 140 12 14 0.06234131 
1 176 12 22 0.061005987 
690 150 11 15 0.060916368 
478 159 9 12 0.060892638 
449 156 10 13 0.060236685 
500 148 13 14 0.060177468 
40 311 8 10 0.05941921 
478 143 7 10 0.059353486 
22 310 7 10 0.058837995 
565 156 10 14 0.058742404 
735 223 10 12 0.058014613 
819 228 15 19 0.056887098 
590 150 11 14 0.055578306 
89 139 12 16 0.052635614 
742 230 12 15 0.051733725 
612 140 12 13 0.051614728 
449 174 9 13 0.050825447 
557 161 15 19 0.05051817 
21 334 8 11 0.05040895 
634 244 12 15 0.050058775 
671 287 9 12 0.04982645 
572 170 14 16 0.049649008 
582 150 11 13 0.04920464 
640 166 11 16 0.049068164 
381 140 14 16 0.04854923 
472 160 9 11 0.048082154 
597 108 8 11 0.046588153 
421 155 9 13 0.046535894 
88 311 10 12 0.046088073 
742 197 12 16 0.045046657 
748 196 13 16 0.044711087 
595 150 12 15 0.043962922 
704 179 9 12 0.04373173 
478 150 8 10 0.043600217 
18 305 7 10 0.043540828 
476 176 11 15 0.04160426 
509 145 14 16 0.041236266 
632 157 9 14 0.041038904 
825 152 9 11 0.041001353 
509 157 12 15 0.040786613 
798 141 19 25 0.040099278 
125 377 9 10 0.039450422 
685 131 9 12 0.03883897 
506 132 11 15 0.038580466 
576 149 11 13 0.037037067 
848 266 12 15 0.035852414 
661 110 10 12 0.034444697 
1006 258 13 19 0.03443341 
380 146 18 19 0.03424225 
744 190 9 11 0.033958185 
62 312 8 10 0.033768862 
875 216 17 21 0.03372454 
567 153 10 12 0.03349651 
384 135 11 14 0.033403553 
542 172 11 17 0.033012103 
525 133 10 13 0.032849018 
495 134 9 13 0.03173736 
82 312 7 10 0.031387825 
729 232 8 11 0.031200109 
454 156 20 24 0.030838063 
509 102 209 227 0.030348314 
495 155 11 14 0.030143555 
992 240 9 13 0.030089647 
80 317 8 11 0.029879669 
514 135 15 19 0.029788876 
663 221 11 13 0.029553667 
658 143 10 12 0.02949702 
548 169 15 19 0.029155487 
56 140 9 12 0.028540913 
64 334 7 9 0.02841237 
447 153 9 11 0.028262315 
1002 252 20 34 0.028189683 
485 163 11 15 0.02782471 
575 142 12 14 0.027808104 
472 160 18 24 0.027382176 
469 170 21 26 0.026972098 
93 312 8 10 0.026964502 
95 315 8 11 0.026490431 
734 200 12 16 0.026452817 
128 320 7 8 0.025817225 
79 336 7 8 0.025725735 
568 169 11 16 0.025677828 
104 384 7 9 0.025417041 
121 376 8 11 0.02526635 
184 222 9 11 0.025265384 
509 179 25 30 0.025220765 
502 154 14 16 0.025189487 
515 156 13 16 0.02516929 
16 328 8 10 0.025079375 
70 327 7 9 0.025006799 
136 384 8 10 0.02493417 
852 172 16 20 0.024490872 
23 329 8 10 0.02445232 
40 305 8 10 0.024420068 
606 131 11 14 0.024176361 
668 163 11 14 0.024123317 
520 160 24 31 0.024067895 
632 191 8 12 0.02402025 
822 156 158 218 0.023845702 
573 154 13 15 0.023731826 
730 223 8 11 0.023658622 
502 133 19 24 0.023539256 
892 34 31 33 0.023517605 
637 158 9 12 0.02348209 
736 229 11 15 0.023420675 
72 310 7 10 0.023123115 
858 179 12 17 0.022799995 
294 211 15 17 0.02245885 
532 142 11 13 0.02224979 
179 243 13 15 0.021991035 
966 275 10 12 0.021859745 
676 173 10 14 0.021843202 
104 345 8 10 0.021789303 
871 164 13 16 0.021770455 
40 334 7 9 0.021767989 
64 317 7 10 0.02174383 
631 151 9 12 0.021431785 
746 184 9 12 0.02141626 
22 305 8 11 0.021395428 
448 165 11 15 0.021288117 
740 224 12 14 0.021160234 
561 125 9 11 0.021044312 
55 327 8 11 0.02099638 
830 152 9 12 0.020862952 
120 319 6 8 0.02080537 
496 128 9 11 0.020767532 
959 274 11 13 0.020760395 
574 128 10 13 0.020698296 
670 195 10 13 0.020596692 
644 101 9 13 0.020439917 
531 147 13 16 0.020437159 
999 264 24 40 0.020419633 
48 310 8 11 0.020397741 
929 562 13 13 0.02038784 
801 231 10 13 0.020351967 
145 319 7 9 0.020325257 
104 318 7 9 0.020236796 
709 176 9 12 0.020158745 
534 170 14 19 0.02014483 
