14_Traffic_Traffic_14_834
435
831 429 20 29 0.45884743 
709 455 9 13 0.44938326 
597 124 8 11 0.40124932 
70 357 7 10 0.36512095 
157 422 9 14 0.33233333 
146 353 6 8 0.30705115 
53 365 7 11 0.28621873 
686 426 14 17 0.24989155 
780 412 11 15 0.23711407 
852 391 10 12 0.21151991 
714 351 7 9 0.21013585 
865 343 8 10 0.16657484 
744 443 10 12 0.16294956 
113 351 7 8 0.16277696 
812 374 8 11 0.16089791 
711 411 10 13 0.15204188 
54 362 7 9 0.14568965 
815 349 7 9 0.14409685 
797 352 8 10 0.14223513 
848 379 10 12 0.14153244 
261 384 10 13 0.14008467 
650 366 9 12 0.13840216 
729 358 9 11 0.1322671 
705 411 10 14 0.12946625 
150 352 6 9 0.12547827 
117 343 8 11 0.12526178 
145 356 8 10 0.116358854 
824 345 8 9 0.11567672 
776 366 8 10 0.114134245 
311 342 7 9 0.112821795 
192 334 8 9 0.11034316 
748 439 10 12 0.10830006 
295 351 7 9 0.106647246 
830 420 15 25 0.10322538 
129 351 6 9 0.100326225 
41 375 7 10 0.09973173 
806 365 11 13 0.0921403 
593 350 6 8 0.0917074 
193 328 8 11 0.09040673 
806 396 12 15 0.08820222 
103 359 7 9 0.088052094 
183 220 9 12 0.08658978 
258 388 10 13 0.086193606 
468 390 14 16 0.08465913 
587 374 7 10 0.08450031 
799 384 10 12 0.08431455 
581 422 10 12 0.08325826 
66 353 8 10 0.083007924 
837 335 8 11 0.07857086 
270 285 10 12 0.078180656 
848 395 11 12 0.07734971 
469 334 10 14 0.075813636 
90 360 7 9 0.07489541 
90 366 8 10 0.07463415 
864 347 9 11 0.07462915 
692 422 10 16 0.07203283 
704 374 8 10 0.07177679 
695 351 6 8 0.07159826 
618 311 8 11 0.06856133 
797 356 9 11 0.067721695 
364 156 394 485 0.06677282 
281 367 8 9 0.06667468 
680 336 7 10 0.065154865 
529 342 8 10 0.06470764 
4 341 10 12 0.063998766 
788 395 11 13 0.063788086 
606 343 7 9 0.06373546 
160 390 9 13 0.063706346 
153 417 10 13 0.06365344 
290 353 7 9 0.06312469 
94 366 7 9 0.06293387 
697 359 9 11 0.06281915 
120 360 7 9 0.06268258 
199 277 8 10 0.061758846 
800 398 11 14 0.061245956 
218 351 7 9 0.060889266 
791 468 26 27 0.06029581 
80 327 8 11 0.06024657 
800 404 11 15 0.059812468 
464 340 10 12 0.05977646 
120 390 8 11 0.05957472 
839 375 10 12 0.058833335 
830 343 8 9 0.058589928 
807 360 9 12 0.058389425 
951 341 9 10 0.058305003 
88 352 7 10 0.057736557 
348 254 8 12 0.05675649 
777 373 10 11 0.056294378 
142 341 8 10 0.056121483 
96 353 7 9 0.055851735 
569 344 7 9 0.05482383 
81 351 7 10 0.054792482 
809 344 8 11 0.054641765 
577 349 7 9 0.054569416 
331 336 7 9 0.05395378 
809 349 9 10 0.053710982 
682 319 8 11 0.053591568 
686 402 12 14 0.053540315 
21 350 8 9 0.052996777 
543 343 7 9 0.052963212 
812 379 10 12 0.052105658 
576 345 6 10 0.05160078 
95 359 7 10 0.05094778 
585 344 7 9 0.050893504 
556 395 10 12 0.050506555 
659 24 48 60 0.050356526 
662 419 9 14 0.050326567 
22 344 7 9 0.050193243 
264 365 7 10 0.050167672 
702 422 18 28 0.049543962 
600 351 7 9 0.049239404 
801 365 11 13 0.0491004 
118 349 7 9 0.04799842 
114 375 7 9 0.04761003 
104 353 7 8 0.047209077 
177 359 8 9 0.046783164 
512 318 6 10 0.04644894 
657 327 7 10 0.046285402 
390 321 11 14 0.046231076 
709 419 12 19 0.046214696 
822 359 9 11 0.0460745 
153 272 7 10 0.045689374 
87 390 8 10 0.045674235 
661 452 21 32 0.045546003 
823 348 8 10 0.04536361 
590 345 7 9 0.044976197 
334 320 7 10 0.044541612 
127 358 8 9 0.044236135 
103 343 7 9 0.04380205 
158 381 8 11 0.04369833 
720 346 7 9 0.043593224 
135 351 7 9 0.043582052 
384 344 8 9 0.043153696 
697 365 9 11 0.04313242 
702 476 10 13 0.04244139 
17 350 8 10 0.041711655 
590 369 7 10 0.041518897 
520 326 7 9 0.041399706 
47 373 8 10 0.04136683 
37 351 7 9 0.041322567 
1004 259 13 18 0.0412525 
285 366 8 10 0.04094218 
186 311 8 11 0.040762346 
833 375 8 11 0.04065417 
603 345 7 8 0.040180597 
486 267 11 14 0.040104777 
642 459 13 16 0.039861474 
138 334 9 11 0.03965592 
638 142 11 15 0.039654978 
865 338 8 9 0.038911354 
255 350 6 8 0.03875709 
738 304 9 12 0.038571287 
943 388 12 16 0.038518686 
422 328 14 19 0.038423795 
759 447 9 11 0.0382509 
151 357 8 11 0.03809396 
502 408 11 13 0.03797122 
33 351 8 9 0.03791199 
175 350 7 9 0.037669558 
729 352 7 9 0.037378978 
377 344 6 9 0.037057873 
713 356 9 12 0.03705237 
498 341 8 10 0.03616626 
167 223 8 11 0.036160912 
186 334 7 9 0.035869706 
775 361 8 10 0.03565631 
821 435 23 31 0.035369366 
609 129 11 17 0.035345912 
612 150 13 16 0.03411036 
103 328 8 9 0.03400864 
811 390 11 13 0.033895697 
175 345 7 9 0.033637848 
652 370 11 14 0.03358448 
325 261 8 12 0.033475332 
23 333 9 11 0.03331647 
694 456 14 20 0.033209927 
890 361 7 10 0.03304851 
801 409 16 18 0.03299608 
210 311 7 10 0.032920144 
287 407 9 11 0.03268786 
605 238 10 13 0.03260379 
696 238 8 11 0.032506656 
63 382 7 8 0.032444112 
37 343 7 10 0.032304898 
656 334 7 10 0.03216268 
688 367 7 11 0.032120638 
592 405 10 11 0.031998694 
602 271 8 10 0.031975117 
337 364 8 10 0.03190549 
640 65 12 16 0.03146657 
249 344 8 9 0.031454783 
808 380 10 12 0.031142017 
623 344 7 9 0.031076 
687 374 7 9 0.03098747 
816 491 14 18 0.030985862 
852 375 8 11 0.030911041 
667 453 12 19 0.030858181 
307 342 7 9 0.03072953 
679 380 9 12 0.030636778 
20 358 9 12 0.030574868 
117 376 8 10 0.030520726 
209 344 6 8 0.030497959 
353 383 8 12 0.03030892 
368 384 10 12 0.030263443 
696 215 11 13 0.02993276 
82 319 7 10 0.029855864 
475 395 11 13 0.029825207 
118 366 8 10 0.029680917 
326 367 8 10 0.029610517 
407 231 10 14 0.029600218 
832 380 10 12 0.029593777 
104 334 8 10 0.029477881 
687 391 8 11 0.02941462 
343 366 7 10 0.029380143 
383 127 13 13 0.02935364 
701 270 8 11 0.029308988 
384 224 10 13 0.029298728 
808 481 26 31 0.029243646 
801 442 28 31 0.029238988 
154 380 8 12 0.029192315 
153 375 8 11 0.029141642 
345 259 10 13 0.029097384 
743 462 11 14 0.028998334 
38 358 7 10 0.02889802 
55 374 7 9 0.028834157 
586 139 9 12 0.028598573 
72 328 8 11 0.028493753 
760 367 9 11 0.028321764 
287 358 8 9 0.028293971 
575 327 8 10 0.02821887 
536 336 7 9 0.028085917 
785 349 8 10 0.028076818 
640 167 8 11 0.028010206 
870 350 8 10 0.027971132 
649 240 8 10 0.027825221 
639 356 8 10 0.02780708 
684 410 14 18 0.027763756 
86 382 8 10 0.027677348 
376 351 8 9 0.027642451 
113 368 7 9 0.027639758 
716 452 11 14 0.027624782 
280 343 7 9 0.027603395 
640 352 9 11 0.027515976 
280 312 7 9 0.02737805 
367 351 7 9 0.027374737 
702 465 13 17 0.027338848 
830 349 8 10 0.027306885 
390 342 7 9 0.027297776 
63 376 8 9 0.027160065 
673 263 8 10 0.027157336 
728 345 6 9 0.027152432 
478 343 7 10 0.027102813 
168 345 7 8 0.027075948 
709 374 8 11 0.026919097 
697 373 8 10 0.026751526 
649 246 8 10 0.026747152 
118 381 7 10 0.02667837 
535 342 7 10 0.026651757 
624 329 8 9 0.02658548 
201 350 7 9 0.026538186 
253 344 7 9 0.026489595 
234 271 8 10 0.026475953 
793 332 10 12 0.02645821 
778 407 9 13 0.026444841 
185 328 7 10 0.026300201 
543 336 7 10 0.026257537 
85 327 7 10 0.02624296 
416 24 8 10 0.02610868 
379 530 12 16 0.025995692 
103 365 7 10 0.025975242 
31 328 7 9 0.025965279 
777 417 11 14 0.025886862 
701 452 18 25 0.025845565 
16 328 8 10 0.025819233 
713 346 8 10 0.025818173 
692 398 10 13 0.025683435 
199 345 7 8 0.025656687 
330 341 7 10 0.02564483 
24 329 7 10 0.025603956 
95 373 7 10 0.025572391 
849 360 8 9 0.025437826 
607 374 7 9 0.02539311 
191 391 9 11 0.02522278 
166 359 8 9 0.02520812 
362 350 7 9 0.025172785 
361 344 7 9 0.024997339 
755 472 14 18 0.024993997 
319 335 6 9 0.02498999 
871 337 7 9 0.024947073 
33 344 7 10 0.0249101 
250 365 7 10 0.024903815 
337 352 6 7 0.024815176 
369 365 7 10 0.024775758 
617 343 7 10 0.024660427 
261 397 9 12 0.024609204 
648 334 7 9 0.024539147 
673 335 8 10 0.024468154 
352 344 8 9 0.024456343 
63 391 7 10 0.024322573 
569 348 7 10 0.02431266 
702 306 11 14 0.02417285 
221 286 8 10 0.024167951 
695 413 10 15 0.024096804 
653 437 13 17 0.024089769 
789 435 12 15 0.024045942 
545 350 7 9 0.024040427 
144 422 11 14 0.024031028 
624 374 7 10 0.023920864 
531 396 8 11 0.02388291 
153 318 8 10 0.023853075 
641 329 8 9 0.023825355 
266 344 7 9 0.023766153 
864 356 8 10 0.023734078 
57 381 8 10 0.023733277 
457 341 9 12 0.023717634 
248 350 7 9 0.02367958 
681 403 11 15 0.023645464 
479 349 8 10 0.023628071 
154 417 16 23 0.02353519 
437 407 10 13 0.023520643 
472 289 12 16 0.023438536 
6 347 10 13 0.023419041 
712 365 8 10 0.02336293 
686 311 8 10 0.023280704 
118 180 8 12 0.023178998 
605 399 8 9 0.023147663 
128 345 7 9 0.023121499 
707 461 14 19 0.023118712 
514 325 6 9 0.023105446 
193 342 7 8 0.023046928 
537 327 7 9 0.023034684 
384 183 11 14 0.023033135 
334 341 7 9 0.023015585 
125 189 12 16 0.02299939 
253 467 11 14 0.022987487 
196 332 8 10 0.022986915 
136 327 10 12 0.022928309 
657 414 9 14 0.02287428 
55 342 8 10 0.022828406 
222 368 7 10 0.02276479 
488 397 9 12 0.022751587 
553 343 7 9 0.022682065 
159 360 8 10 0.022668032 
733 453 12 14 0.022645816 
760 326 8 11 0.022618767 
168 351 7 9 0.022585616 
681 326 8 10 0.022563316 
849 365 9 11 0.022531917 
287 327 8 10 0.022512108 
463 386 23 27 0.02249273 
702 388 12 13 0.022475086 
497 327 7 10 0.022470593 
304 328 7 9 0.02246798 
788 474 18 19 0.022449816 
744 464 25 29 0.022364082 
325 256 9 12 0.022355948 
213 311 8 10 0.022349311 
303 464 8 10 0.022299167 
486 351 8 10 0.02229767 
646 351 8 9 0.022223817 
655 149 11 13 0.022192618 
653 360 9 12 0.022186266 
748 431 11 13 0.02216935 
160 351 8 9 0.02213522 
80 345 7 9 0.022084871 
89 398 8 10 0.022064896 
792 455 29 31 0.022028046 
742 453 11 14 0.022008779 
115 388 9 13 0.021977229 
822 382 10 12 0.021924218 
408 31 7 10 0.021896387 
917 366 9 12 0.021868259 
409 326 9 11 0.021860538 
326 374 7 9 0.02185596 
0 359 7 12 0.021829776 
680 375 9 11 0.02182786 
649 360 9 11 0.021806536 
812 401 13 16 0.021792525 
745 376 7 10 0.021741604 
528 337 8 10 0.021725707 
800 470 27 32 0.021724096 
310 303 7 9 0.021717459 
249 360 7 10 0.021576079 
415 325 24 31 0.021566892 
295 462 9 11 0.021497842 
222 350 7 10 0.021472448 
543 311 7 10 0.021471914 
602 357 7 10 0.021437582 
852 418 13 20 0.021387229 
529 347 8 10 0.021356875 
838 388 12 15 0.021346584 
73 415 8 10 0.021337163 
758 441 10 12 0.021335242 
336 360 8 10 0.021310175 
351 367 7 10 0.021261295 
182 365 8 10 0.021251814 
684 32 31 42 0.021205116 
158 430 12 18 0.021162558 
625 350 7 9 0.021151807 
417 38 8 10 0.021062186 
719 358 9 11 0.021041855 
271 361 6 9 0.02102354 
848 340 8 10 0.02099723 
593 117 18 25 0.020955278 
80 358 7 9 0.020953327 
551 321 8 9 0.020949056 
343 351 7 8 0.020929739 
654 309 8 10 0.02084524 
445 365 11 14 0.02083071 
840 396 11 12 0.020818057 
498 336 8 10 0.020804472 
879 335 8 10 0.020776402 
5 335 10 13 0.02076142 
814 358 9 12 0.020705476 
648 254 10 12 0.02069745 
143 364 9 12 0.020660467 
696 301 10 15 0.020566106 
760 373 9 10 0.02054462 
282 351 8 9 0.020525554 
778 406 17 24 0.020507071 
700 506 25 32 0.020471262 
65 344 7 9 0.020462608 
294 302 8 9 0.0204381 
118 336 9 11 0.02041316 
393 351 7 10 0.020410642 
343 327 8 10 0.020400472 
511 313 7 10 0.020287894 
701 366 8 10 0.02014435 
777 378 11 14 0.020123739 
716 280 380 434 0.020120448 
460 269 9 13 0.020090932 
893 360 8 10 0.02008986 
640 27 47 61 0.020060273 
98 334 8 9 0.02004134 
532 392 10 12 0.020038053 
