14_Traffic_Traffic_14_675
34
577 326 121 164 0.9855972 
269 508 380 407 0.3820367 
688 280 443 574 0.21391623 
577 165 29 34 0.115147136 
54 -4 405 446 0.11245443 
98 444 464 573 0.08789983 
319 -5 213 238 0.061042003 
717 177 106 156 0.057022944 
500 470 411 509 0.056007583 
511 181 25 32 0.053396985 
985 199 8 10 0.050456237 
348 4 118 138 0.04776308 
1005 235 15 16 0.046707585 
694 826 15 17 0.04228435 
681 162 35 48 0.04211111 
488 230 10 14 0.040764183 
270 70 398 448 0.03935257 
702 414 260 359 0.038764454 
923 274 14 18 0.035859805 
-3 549 72 134 0.03565501 
1014 266 9 15 0.035476036 
322 631 287 210 0.03389462 
989 198 8 11 0.030486587 
535 225 197 270 0.024876058 
-7 665 352 500 0.024760123 
585 -8 93 107 0.024090666 
984 222 11 13 0.023896491 
582 -75 361 476 0.022435635 
998 235 14 16 0.021987993 
1001 181 9 14 0.021496488 
516 245 10 13 0.020752443 
1009 260 11 16 0.020675873 
985 193 9 12 0.02056175 
558 471 42 51 0.020111203 
