14_Traffic_Traffic_14_644
64
523 159 15 19 0.99388736 
652 97 15 20 0.9902644 
642 164 17 21 0.9784732 
587 387 21 25 0.9779398 
336 105 16 19 0.9478942 
406 155 17 21 0.93268925 
439 32 16 18 0.6997686 
804 151 16 18 0.66774774 
353 26 13 17 0.59509677 
472 84 15 16 0.42271593 
787 146 11 15 0.33629975 
482 198 12 14 0.09748286 
483 157 14 16 0.096057124 
494 174 11 12 0.08504422 
505 155 14 16 0.07927104 
364 175 9 12 0.07062002 
452 73 12 16 0.067067236 
237 513 36 41 0.063779995 
684 161 11 15 0.06125385 
783 142 20 24 0.059753507 
95 269 9 10 0.055276215 
485 148 14 16 0.050414823 
813 143 11 13 0.04794787 
381 71 10 15 0.040511593 
806 145 13 16 0.039418656 
319 139 22 30 0.03868694 
462 85 12 16 0.038181555 
448 93 8 11 0.037690617 
447 157 12 15 0.03696955 
783 152 13 17 0.03434319 
448 67 20 26 0.034250334 
123 304 11 13 0.033920553 
412 69 11 15 0.032768197 
462 157 14 17 0.03146641 
189 143 25 31 0.030847887 
452 155 13 16 0.02982137 
625 238 9 11 0.02898487 
408 27 9 12 0.028967537 
448 84 10 13 0.02886262 
459 75 13 17 0.027992714 
475 178 14 17 0.027062897 
276 44 11 15 0.02656197 
502 162 12 14 0.02655932 
86 24 13 17 0.02620099 
389 223 7 10 0.025339529 
358 0 13 18 0.025306799 
398 238 8 10 0.025029885 
322 172 10 13 0.02454481 
319 139 13 19 0.024416521 
266 116 10 13 0.024059033 
243 443 27 33 0.023663104 
372 102 10 13 0.022751512 
344 75 28 31 0.022057708 
441 161 11 15 0.022029301 
335 76 23 29 0.021763435 
333 81 13 18 0.0216859 
276 38 10 14 0.02166954 
365 17 10 14 0.021658795 
358 99 13 14 0.021515397 
542 237 9 11 0.02143253 
349 40 13 15 0.020836705 
270 36 12 15 0.020836348 
454 83 12 15 0.020612512 
818 148 12 15 0.020393157 
