14_Traffic_Traffic_14_55
18
210 461 18 21 0.043864325 
610 148 10 14 0.041154724 
978 541 13 16 0.035970476 
879 5 10 11 0.032155048 
5 354 113 220 0.031942498 
261 186 8 11 0.03154575 
123 40 29 35 0.0295868 
476 175 11 14 0.029120892 
25 219 404 431 0.028516972 
781 102 155 194 0.024728723 
779 97 17 20 0.02461683 
645 -2 54 50 0.024456996 
882 84 10 13 0.024316303 
934 264 11 13 0.022829406 
87 166 9 11 0.021957252 
830 114 177 223 0.021785086 
34 110 9 12 0.020990625 
499 75 11 15 0.02060099 
