14_Traffic_Traffic_14_504
27
784 249 33 37 0.9983228 
339 105 54 72 0.99094474 
337 325 53 80 0.15742 
228 311 97 120 0.15309364 
34 103 37 46 0.12846981 
27 96 29 39 0.06917634 
448 35 379 510 0.05362612 
63 269 12 17 0.052463286 
31 94 12 15 0.040352974 
34 109 53 69 0.035567697 
124 522 13 15 0.03448353 
992 295 9 10 0.030203832 
950 317 11 13 0.030162934 
991 303 10 11 0.028314168 
982 315 10 14 0.027716681 
481 161 218 307 0.026563834 
308 334 56 82 0.025301237 
989 308 11 14 0.02503589 
989 334 11 12 0.024659697 
309 120 66 87 0.023676617 
304 90 51 75 0.022864738 
397 15 118 114 0.022461219 
28 96 18 24 0.021991933 
125 78 58 74 0.021083387 
349 343 37 44 0.020793915 
479 52 33 38 0.020476367 
461 186 17 20 0.02012934 
