14_Traffic_Traffic_14_380
146
651 199 32 37 0.99102074 
299 241 85 79 0.98470277 
718 224 48 60 0.9839342 
45 165 27 31 0.96996325 
541 191 33 43 0.962495 
923 274 84 105 0.84548414 
765 117 19 25 0.7815376 
190 162 21 24 0.73987395 
1 154 16 19 0.69730705 
995 147 17 19 0.61242527 
495 187 23 29 0.40340093 
224 163 24 28 0.33764178 
799 209 46 73 0.32529947 
606 449 29 32 0.22792171 
408 181 24 29 0.18809041 
451 154 20 27 0.17907263 
457 176 23 29 0.17896964 
116 166 23 28 0.15346178 
441 185 17 23 0.12134805 
628 347 16 20 0.117595285 
899 295 59 81 0.11546111 
923 126 23 28 0.1059913 
127 144 12 15 0.101192445 
401 187 25 33 0.10110946 
890 211 38 39 0.09809215 
398 169 25 35 0.084291644 
173 181 14 16 0.07969062 
0 179 10 16 0.077718526 
445 160 16 22 0.06822634 
391 147 12 13 0.06813855 
385 199 28 43 0.06658685 
379 161 15 18 0.06087353 
988 122 11 14 0.060780667 
884 269 59 85 0.059679743 
985 119 11 13 0.05805674 
20 261 15 21 0.057838548 
763 148 12 16 0.05724601 
1012 98 11 17 0.05493246 
598 405 11 12 0.054720156 
424 183 25 29 0.05309819 
382 164 24 36 0.05241102 
258 124 9 12 0.05085643 
775 119 16 20 0.049217373 
988 222 38 63 0.04849114 
894 221 54 59 0.046610057 
420 140 12 14 0.045903306 
734 140 12 16 0.045508537 
37 352 12 15 0.044467907 
793 173 27 37 0.04363537 
471 213 13 18 0.043354146 
438 179 15 21 0.042904586 
0 224 16 20 0.042598728 
724 117 9 13 0.04174572 
829 214 60 74 0.03990202 
740 123 11 14 0.039180536 
691 158 24 30 0.039020263 
484 161 13 16 0.038252585 
387 162 12 16 0.037731037 
190 175 13 17 0.03741851 
652 449 14 16 0.03623449 
442 166 22 32 0.036225367 
378 306 15 20 0.0350522 
533 167 16 21 0.03495083 
821 191 54 75 0.03392372 
228 159 14 17 0.033244856 
260 163 12 15 0.032941177 
878 242 54 66 0.032551847 
126 136 13 15 0.032455154 
497 180 18 23 0.032225948 
244 169 14 19 0.03218685 
191 186 11 15 0.03200917 
178 186 12 15 0.031533092 
1009 147 13 20 0.03150689 
397 208 16 24 0.030942015 
1002 143 16 21 0.030814404 
108 142 20 27 0.030698141 
556 153 15 19 0.03059656 
388 155 14 18 0.030230237 
901 251 63 77 0.03010736 
288 142 9 11 0.028621208 
640 171 12 13 0.028574232 
257 142 8 10 0.028488716 
117 138 14 19 0.02793809 
418 189 18 21 0.027754288 
171 180 24 27 0.026674189 
460 217 21 34 0.026627801 
280 136 7 10 0.026588012 
487 253 13 17 0.025822153 
810 224 53 74 0.025701817 
447 182 23 30 0.025452241 
725 124 9 12 0.025441656 
451 225 26 38 0.025245495 
337 141 9 12 0.025133517 
510 216 27 40 0.025098022 
211 162 25 31 0.025027452 
279 159 10 13 0.024899764 
110 141 12 18 0.024876278 
125 154 13 16 0.024717288 
642 348 12 15 0.024625724 
536 179 27 41 0.02462245 
922 117 46 57 0.024605352 
468 232 12 18 0.024542704 
218 176 27 29 0.024521817 
402 197 29 39 0.02450766 
479 163 12 16 0.02440016 
783 223 38 56 0.024335703 
617 453 35 32 0.0243148 
759 141 21 28 0.024191733 
429 148 9 13 0.023922354 
439 148 12 15 0.023874737 
371 162 27 32 0.023590025 
491 222 12 15 0.023562707 
622 466 36 39 0.023527268 
109 158 24 30 0.023325002 
184 209 24 34 0.023282552 
13 317 12 14 0.023240995 
801 248 33 49 0.023034226 
644 167 12 15 0.023016518 
438 170 15 21 0.02294963 
395 143 13 14 0.022941088 
413 145 16 17 0.022901392 
502 181 26 32 0.022364734 
777 164 28 34 0.021945767 
104 194 27 32 0.021814633 
338 247 62 59 0.021752417 
656 154 12 16 0.02157896 
540 201 20 28 0.021576347 
630 448 30 29 0.02151447 
475 180 12 17 0.021415437 
734 205 53 74 0.021297486 
803 176 30 42 0.021163706 
384 150 11 13 0.021153223 
459 159 21 30 0.021115176 
194 168 24 27 0.021074908 
807 194 31 46 0.02098408 
123 141 21 24 0.020875068 
486 232 13 16 0.020865506 
939 131 13 16 0.020590998 
904 266 31 44 0.020589815 
405 161 15 21 0.020454811 
266 237 57 72 0.02041988 
432 219 48 56 0.020385506 
469 221 21 28 0.020332083 
278 118 8 10 0.020292101 
787 160 29 35 0.020187734 
111 184 26 31 0.020113003 
