53_Raid_policeraid_53_619
20
224 320 70 93 0.9978417 
440 118 57 74 0.99766374 
755 110 64 81 0.9972843 
709 316 74 105 0.99230015 
856 299 63 88 0.8237469 
740 684 125 118 0.7126801 
400 616 25 30 0.100315824 
817 284 75 102 0.093072854 
349 423 55 84 0.0582652 
295 601 51 57 0.05279952 
696 583 52 65 0.043258335 
464 127 52 67 0.037341885 
370 412 51 80 0.02887635 
101 414 16 18 0.02800186 
421 91 55 80 0.024484579 
670 548 86 102 0.022277866 
454 593 14 19 0.020934783 
664 371 51 70 0.020885501 
861 328 40 56 0.02078013 
322 433 57 77 0.02071655 
