53_Raid_policeraid_53_928
26
767 132 46 56 0.9934621 
244 194 92 70 0.98767346 
705 134 32 56 0.9558881 
662 134 47 58 0.134474 
285 188 66 64 0.10731952 
815 507 59 79 0.0767413 
23 299 9 12 0.06725926 
681 138 49 59 0.057518736 
870 242 24 28 0.04731916 
811 214 41 52 0.047257397 
318 435 137 181 0.040499307 
930 140 12 16 0.03854923 
663 727 10 13 0.034214556 
860 252 24 28 0.0325321 
980 15 10 13 0.03010854 
26 508 10 13 0.02981585 
881 247 16 20 0.027724955 
660 745 12 14 0.026440477 
252 209 52 45 0.026352184 
962 507 16 20 0.023927605 
8 527 8 10 0.02331513 
623 23 9 11 0.021781359 
718 39 9 10 0.021580549 
109 646 14 17 0.021294214 
729 31 7 9 0.020221919 
987 104 12 18 0.02011757 
