53_Raid_policeraid_53_107
22
230 98 33 44 0.99605834 
853 306 39 34 0.52784336 
868 299 29 33 0.19798625 
425 242 89 105 0.16500834 
139 116 12 15 0.14807516 
512 292 12 15 0.087103195 
240 85 26 38 0.0807738 
360 320 38 49 0.051467907 
927 594 44 47 0.045600303 
834 421 53 42 0.04419705 
535 272 46 60 0.04304173 
149 116 10 12 0.037884936 
761 424 16 17 0.03118309 
209 110 32 34 0.03049244 
508 281 21 29 0.028737431 
250 85 16 23 0.028566703 
573 301 10 14 0.028488817 
295 422 12 15 0.02726246 
617 436 12 16 0.026897006 
153 114 8 10 0.025283014 
993 319 11 13 0.023419922 
881 292 25 34 0.023066621 
