53_Raid_policeraid_53_770
61
196 56 56 77 0.99725574 
394 92 55 75 0.9959902 
17 267 11 15 0.24316038 
828 211 44 51 0.16279148 
914 206 9 11 0.15081131 
702 202 8 10 0.10332952 
776 174 7 10 0.086322986 
712 190 8 9 0.0696154 
896 212 38 51 0.06185367 
741 207 8 9 0.05504228 
782 175 8 10 0.050206564 
761 216 7 8 0.046412576 
352 159 11 15 0.04364168 
912 201 10 12 0.042853322 
849 150 10 13 0.04191433 
125 168 93 107 0.041435 
808 167 8 10 0.04124014 
812 378 56 65 0.040711198 
826 148 9 13 0.039814014 
667 320 36 46 0.03531778 
734 179 9 11 0.035243638 
673 185 8 10 0.033871964 
768 133 8 11 0.033316538 
812 167 9 11 0.03257986 
849 218 48 56 0.03177182 
29 260 11 15 0.031513426 
743 241 8 10 0.03142793 
711 185 8 9 0.03129828 
773 207 8 9 0.031230561 
554 182 9 12 0.030720964 
179 304 17 20 0.028932028 
15 181 13 16 0.028783666 
902 198 9 11 0.028751014 
40 259 16 20 0.02842346 
769 168 7 10 0.027639247 
768 174 8 10 0.027500845 
778 224 7 10 0.027061768 
768 216 6 8 0.026823992 
751 206 8 9 0.02671823 
847 208 33 39 0.026037203 
660 176 9 10 0.02565219 
736 224 9 10 0.02531874 
779 113 12 16 0.02524276 
849 118 28 36 0.0251229 
777 229 7 10 0.02467399 
751 200 9 9 0.024379384 
761 174 8 11 0.024273455 
908 235 14 18 0.024077104 
698 200 9 11 0.023563119 
13 261 20 24 0.02255151 
881 251 14 19 0.022094114 
777 143 7 9 0.021605622 
750 245 8 10 0.021418063 
666 159 9 11 0.021352978 
774 169 8 11 0.020864256 
554 175 7 9 0.020803684 
729 192 9 10 0.020605948 
36 327 27 32 0.020346664 
742 397 10 11 0.020130858 
769 199 9 11 0.020062735 
815 286 11 12 0.020049553 
