53_Raid_policeraid_53_92
41
712 261 28 38 0.99919945 
644 288 27 34 0.99304926 
501 224 32 50 0.98554647 
296 479 10 13 0.081150815 
468 291 29 34 0.0644986 
397 218 12 15 0.053329278 
587 236 11 14 0.050136846 
745 315 13 16 0.0500883 
397 228 11 14 0.049837258 
108 236 14 17 0.04875589 
135 221 8 11 0.048520938 
544 303 11 13 0.042999543 
244 438 9 12 0.03990201 
737 344 50 46 0.039462324 
587 287 13 16 0.038757294 
410 201 26 31 0.03871712 
273 474 13 16 0.03577772 
38 417 43 58 0.03538984 
482 217 32 38 0.034508873 
400 206 26 32 0.03447152 
374 416 10 12 0.03286335 
473 224 30 37 0.0326048 
706 320 18 21 0.027957521 
544 274 12 14 0.027199345 
406 201 17 21 0.026422856 
312 479 9 12 0.026348732 
15 271 9 12 0.025683198 
608 261 12 16 0.024241773 
636 294 20 23 0.024064615 
632 296 13 18 0.023820566 
584 232 11 13 0.02340649 
424 202 16 20 0.023148095 
391 210 24 28 0.023120664 
136 260 9 13 0.022739094 
293 455 12 15 0.022112487 
263 487 9 11 0.022107331 
358 207 26 31 0.021623634 
301 484 9 11 0.021519462 
396 236 12 16 0.0209922 
682 367 16 20 0.020093072 
531 217 12 16 0.02002627 
