53_Raid_policeraid_53_340
20
555 114 50 56 0.9954875 
461 45 38 47 0.99209774 
903 53 24 29 0.13020922 
631 137 50 61 0.08478439 
384 171 18 24 0.058625836 
479 205 35 30 0.053890694 
419 167 22 31 0.043033384 
154 392 59 59 0.04088218 
596 112 16 21 0.034410525 
605 426 495 392 0.033428553 
601 150 26 36 0.031475116 
67 223 16 18 0.029037848 
907 46 16 21 0.02748323 
-65 192 406 431 0.02633144 
616 151 97 107 0.023115005 
461 195 52 59 0.022722978 
573 315 16 18 0.022598173 
494 211 21 20 0.021615067 
662 178 105 104 0.021030994 
585 109 31 38 0.02082486 
