53_Raid_policeraid_53_858
56
292 222 25 34 0.9986155 
113 218 56 71 0.997981 
829 127 46 62 0.97933793 
410 245 22 27 0.9754278 
51 215 22 29 0.9634579 
494 141 40 54 0.3338303 
357 221 20 27 0.1433613 
46 431 29 44 0.1196862 
519 184 38 49 0.11656073 
59 215 25 32 0.11373994 
507 159 43 54 0.111652054 
726 144 35 50 0.09051157 
739 158 30 39 0.07661307 
99 186 32 34 0.074373215 
733 134 26 36 0.07435995 
547 200 42 48 0.067662545 
363 274 16 21 0.06552059 
179 230 48 63 0.06167608 
236 528 62 89 0.05965167 
188 518 14 17 0.056199852 
380 216 14 19 0.0533255 
925 58 54 91 0.052609403 
56 423 23 39 0.04858588 
44 217 39 49 0.045304738 
75 216 15 21 0.04359096 
361 192 14 20 0.043154564 
372 217 15 20 0.043104902 
193 496 91 133 0.040262904 
445 425 16 22 0.040154632 
107 196 48 61 0.0374438 
37 420 33 42 0.0363798 
330 124 106 134 0.035611924 
733 158 17 29 0.034819182 
649 379 36 49 0.031865068 
90 179 26 33 0.031038882 
386 213 13 17 0.03098867 
869 142 18 22 0.03067902 
123 188 15 17 0.03025354 
458 232 30 41 0.029650928 
56 433 44 56 0.029367637 
278 126 10 14 0.028609756 
90 443 37 53 0.028204005 
197 97 11 15 0.02753847 
531 180 49 58 0.02722534 
17 78 10 13 0.026471794 
828 330 89 140 0.026092025 
32 233 41 53 0.025843872 
405 232 35 46 0.025671905 
193 245 52 57 0.025110943 
77 208 24 33 0.023700789 
207 162 12 16 0.023519808 
18 443 28 35 0.022975584 
556 195 54 67 0.022598848 
425 278 25 36 0.021713423 
90 197 33 39 0.021557787 
20 62 9 11 0.020549996 
