53_Raid_policeraid_53_178
47
883 274 35 44 0.9173644 
616 121 56 79 0.7966114 
1 169 27 38 0.26040143 
139 262 29 33 0.19970389 
862 279 39 45 0.14276129 
137 397 58 85 0.12751254 
131 256 25 35 0.112092294 
990 102 10 13 0.10151931 
576 124 70 80 0.09638901 
641 108 35 65 0.08913141 
391 274 38 53 0.07192855 
464 334 70 88 0.06763476 
172 333 29 46 0.05667307 
804 578 50 70 0.047935728 
694 209 113 144 0.046523347 
329 363 29 30 0.045373503 
66 290 15 20 0.03889034 
224 332 10 13 0.038466282 
935 405 30 34 0.03694982 
340 364 33 37 0.036732394 
848 449 62 69 0.034994837 
230 299 10 15 0.03469642 
543 106 57 87 0.034061793 
670 528 71 51 0.033620667 
152 268 20 24 0.033248752 
71 277 11 14 0.032470316 
605 142 42 53 0.031072041 
977 94 10 12 0.030932048 
688 159 193 230 0.030119432 
174 282 13 18 0.028536225 
881 441 37 36 0.027716935 
982 88 9 12 0.0268327 
985 101 10 12 0.026585683 
283 286 14 18 0.025883159 
124 272 31 42 0.024420613 
1001 93 8 11 0.024392275 
1000 89 8 10 0.02389607 
205 285 10 13 0.02360333 
709 -89 430 445 0.022666294 
923 288 80 117 0.021283273 
452 347 106 117 0.020913694 
139 274 32 38 0.020894416 
253 325 14 18 0.020836074 
406 273 45 55 0.020768132 
945 206 16 21 0.020464616 
126 259 15 24 0.02037589 
197 291 11 14 0.020295486 
