53_Raid_policeraid_53_736
75
376 176 36 43 0.9338633 
491 185 39 49 0.58682775 
150 348 23 28 0.2798933 
277 207 28 35 0.2608185 
120 226 27 32 0.19956096 
614 309 47 58 0.18157977 
190 231 30 33 0.13230473 
476 192 44 54 0.07877194 
78 323 24 27 0.07642133 
186 233 20 24 0.06947519 
154 209 16 19 0.069460794 
171 245 24 31 0.061068345 
252 242 27 36 0.060732804 
459 198 40 52 0.049181372 
207 211 10 13 0.04825997 
213 221 12 17 0.048240304 
264 216 39 52 0.045872785 
108 218 28 34 0.045116168 
308 495 25 34 0.044464402 
106 212 15 18 0.042511888 
656 371 50 72 0.042352274 
229 247 17 20 0.04207969 
103 215 22 29 0.040835068 
257 243 17 21 0.04068928 
690 188 9 11 0.038026005 
743 553 14 17 0.037205573 
310 322 15 20 0.036968317 
83 336 17 19 0.03694337 
414 277 14 19 0.036480587 
344 447 10 12 0.03379321 
259 326 16 19 0.03173764 
88 325 16 19 0.031713165 
80 278 24 30 0.03160025 
162 267 24 30 0.031561002 
90 357 14 17 0.031393446 
200 220 22 30 0.031382978 
579 450 14 17 0.030992167 
101 224 14 19 0.030082539 
77 281 15 19 0.02931016 
194 226 19 22 0.029272694 
276 284 39 51 0.02912998 
105 233 28 30 0.028879557 
622 614 8 10 0.028710071 
448 211 32 43 0.028687978 
820 321 54 66 0.028408987 
91 292 15 18 0.0278317 
130 232 25 33 0.027577564 
603 299 36 45 0.026229497 
289 204 33 41 0.026032502 
79 268 11 16 0.025989827 
132 219 15 21 0.025733456 
216 242 25 30 0.024814384 
170 261 18 22 0.02478577 
308 310 24 30 0.024687268 
92 288 29 32 0.02393954 
336 240 18 18 0.02359885 
220 289 17 20 0.023155577 
195 218 16 20 0.023153562 
392 185 33 44 0.023108674 
255 239 14 16 0.023085175 
139 244 23 29 0.023035504 
157 277 26 35 0.022942584 
628 330 43 48 0.02256297 
439 340 14 15 0.022510277 
121 319 26 30 0.02248238 
154 254 27 31 0.022212448 
358 438 10 12 0.021941684 
723 515 13 14 0.02185918 
119 209 27 35 0.021455284 
190 219 14 17 0.021189068 
703 240 11 13 0.021170046 
208 230 18 23 0.021044586 
95 226 12 18 0.020703427 
181 239 16 21 0.020499375 
119 244 29 33 0.020394607 
