53_Raid_policeraid_53_686
18
373 309 63 81 0.99948597 
632 305 56 84 0.99807537 
160 224 81 113 0.9903414 
786 156 50 99 0.58012635 
797 157 79 109 0.092413224 
677 308 45 67 0.059747018 
829 136 69 101 0.03666877 
151 110 58 71 0.03594376 
41 634 41 62 0.030877866 
470 64 12 15 0.030596629 
552 66 15 17 0.029485794 
793 106 66 89 0.025831332 
532 303 16 22 0.02447889 
539 300 15 21 0.024354912 
521 294 22 31 0.023916792 
160 93 38 43 0.0234147 
1000 466 12 18 0.02236563 
502 140 28 32 0.021867473 
