53_Raid_policeraid_53_696
133
554 254 21 29 0.77325577 
421 219 23 31 0.6602146 
452 245 22 27 0.56640255 
345 224 24 30 0.55749327 
162 112 33 40 0.51876694 
863 267 25 29 0.49784765 
269 204 25 31 0.41606787 
369 235 23 28 0.37667042 
270 330 120 163 0.34690937 
493 247 21 27 0.3050314 
371 221 23 27 0.25981498 
196 364 15 19 0.22097161 
559 244 23 28 0.21976654 
437 282 27 33 0.20901382 
648 270 20 23 0.18972845 
123 223 19 22 0.18950212 
869 280 19 22 0.18765898 
533 346 26 28 0.17869563 
350 196 14 16 0.14609501 
415 228 23 31 0.1331944 
775 250 38 43 0.11966828 
67 336 31 40 0.11801343 
193 212 33 41 0.116281234 
668 358 24 30 0.1140086 
217 395 16 21 0.113843225 
459 397 23 31 0.1130722 
816 34 49 59 0.11187674 
361 222 23 28 0.10556219 
517 281 17 23 0.10186946 
850 23 18 23 0.10110851 
832 285 24 29 0.09949852 
892 281 16 22 0.09541966 
339 207 14 17 0.09342832 
790 175 34 38 0.077484384 
841 26 28 37 0.07711057 
167 108 50 58 0.072475165 
259 187 42 50 0.071085855 
59 257 30 33 0.06423293 
348 210 14 17 0.05712598 
40 331 23 32 0.05284034 
882 282 23 29 0.052822083 
186 187 53 69 0.05184967 
673 273 33 35 0.05182878 
613 278 26 27 0.049303677 
132 371 59 80 0.04920513 
539 257 22 29 0.04901546 
980 7 42 71 0.04787235 
441 278 18 22 0.04721727 
831 15 29 37 0.04617199 
811 271 44 53 0.045733865 
789 442 15 21 0.04360535 
790 15 91 110 0.04321226 
67 244 32 39 0.04319876 
174 158 61 78 0.043114536 
155 124 49 60 0.04307586 
784 252 50 55 0.041117195 
442 294 31 38 0.041033838 
825 0 27 31 0.038095932 
560 350 48 66 0.03781933 
863 249 30 38 0.03779275 
930 242 47 57 0.037373316 
333 359 22 33 0.037340876 
721 0 19 17 0.036217142 
427 212 19 23 0.035559956 
810 39 34 42 0.035469495 
899 54 17 20 0.03537666 
230 401 13 17 0.03531704 
121 225 29 35 0.035215788 
769 219 31 34 0.03394107 
791 226 15 18 0.033906277 
909 248 44 53 0.03372156 
350 207 21 27 0.03364811 
730 245 30 34 0.033629138 
387 227 15 20 0.03331221 
848 276 26 32 0.033301923 
772 233 36 45 0.032864496 
354 393 16 19 0.032537572 
593 302 19 22 0.032035258 
262 303 32 40 0.03180482 
345 200 19 24 0.031452276 
862 263 18 22 0.030748323 
302 357 68 96 0.030618183 
868 284 27 33 0.030451402 
717 459 13 16 0.03029153 
353 203 16 19 0.030233875 
664 340 37 44 0.030193733 
540 345 47 60 0.029673476 
47 322 39 52 0.029219659 
842 360 25 30 0.028640648 
809 247 32 42 0.028252387 
798 221 27 29 0.026441973 
792 176 20 23 0.026275385 
783 58 27 32 0.026001418 
214 349 11 14 0.025711877 
254 272 36 45 0.025389563 
785 274 32 39 0.025249606 
86 387 47 60 0.025031297 
781 233 84 103 0.02489521 
929 260 26 35 0.024811672 
360 211 22 26 0.024779854 
805 181 31 38 0.024642002 
876 274 38 51 0.024217473 
893 264 27 33 0.024100536 
950 236 54 67 0.023857193 
411 103 411 411 0.02380115 
548 242 24 32 0.023688199 
732 234 46 54 0.023664406 
783 224 30 30 0.023530379 
846 256 40 51 0.023308882 
491 259 18 23 0.023222372 
459 240 15 18 0.023199903 
498 239 15 17 0.023199437 
156 143 60 75 0.023034744 
906 0 27 24 0.022793064 
531 262 22 27 0.022461137 
738 261 19 22 0.022102758 
240 367 8 11 0.022060698 
426 226 27 34 0.021981496 
899 0 19 18 0.021971164 
246 374 9 11 0.021567123 
845 273 15 18 0.021414168 
803 217 50 60 0.021381577 
811 48 18 22 0.021347873 
809 225 29 35 0.021258192 
248 368 8 10 0.020919569 
191 339 14 18 0.020868247 
504 253 16 23 0.020863079 
541 284 13 18 0.020768061 
894 44 27 35 0.020760966 
815 224 17 20 0.020467814 
782 422 11 14 0.020332308 
74 354 19 25 0.020036254 
505 243 16 21 0.020005127 
