53_Raid_policeraid_53_212
36
883 88 50 81 0.9996068 
486 89 56 66 0.9988977 
620 94 49 69 0.99568343 
287 310 43 63 0.9953826 
639 330 65 67 0.92216736 
344 128 23 27 0.88424635 
228 88 29 55 0.59058714 
906 247 60 66 0.21487418 
551 513 26 32 0.16563807 
646 139 50 62 0.13664156 
738 138 15 20 0.13469884 
820 182 18 19 0.10848645 
637 103 53 71 0.075081065 
384 309 34 42 0.05397512 
728 130 29 37 0.049998958 
575 105 49 64 0.04335393 
549 60 41 54 0.041972455 
958 442 15 21 0.039322603 
918 23 47 56 0.036652476 
365 303 42 59 0.03530276 
422 220 41 54 0.033509895 
655 354 64 70 0.03259231 
238 95 47 56 0.03186968 
865 418 26 30 0.029394895 
340 198 37 55 0.02881836 
191 159 11 15 0.028287519 
937 92 42 67 0.026522538 
329 117 36 48 0.026291346 
453 196 29 41 0.02594453 
610 61 52 76 0.025733264 
700 112 46 58 0.025277413 
331 311 43 59 0.023596656 
814 171 29 33 0.02344996 
807 165 46 56 0.022619784 
648 329 35 49 0.021959128 
185 163 12 17 0.020488651 
