34_Baseball_Baseball_34_391
31
58 261 24 28 0.9839392 
553 134 31 36 0.35740215 
749 74 41 76 0.26448604 
634 114 42 44 0.2210645 
779 73 59 84 0.16362587 
85 317 13 16 0.097040854 
85 345 9 12 0.07553846 
517 208 58 64 0.06527114 
558 110 40 54 0.06503661 
86 354 30 38 0.058881897 
569 97 40 53 0.05368371 
427 342 31 33 0.0477391 
589 62 45 54 0.04767903 
70 332 11 12 0.04640282 
370 372 27 36 0.0413107 
419 352 31 36 0.0389483 
639 74 50 67 0.03789061 
784 84 89 103 0.035129495 
584 85 45 57 0.032534104 
616 87 81 97 0.03242626 
121 131 16 19 0.031920247 
530 234 65 71 0.0314431 
395 362 44 45 0.029258767 
645 65 86 122 0.02895829 
64 327 10 12 0.028050767 
419 620 60 63 0.025914717 
53 92 11 15 0.0249787 
858 433 105 115 0.024252875 
544 209 70 71 0.023435937 
459 341 11 12 0.02302494 
719 55 69 118 0.02158503 
