10_People_Marching_People_Marching_2_27
99
363 182 28 36 0.99470514 
860 206 27 33 0.9906447 
834 230 28 36 0.9902361 
575 191 34 45 0.9895131 
914 212 28 34 0.9744543 
430 185 31 38 0.9685083 
647 182 26 34 0.96681 
264 192 24 33 0.9630578 
787 229 29 38 0.95975786 
704 201 32 41 0.959297 
536 196 31 42 0.95258474 
211 202 21 29 0.93700796 
35 204 31 36 0.9306227 
483 195 22 28 0.901824 
19 189 27 32 0.8476821 
519 194 24 32 0.8425342 
132 199 27 29 0.8142606 
916 262 34 49 0.7424771 
610 206 29 35 0.6235954 
305 180 34 41 0.5717536 
26 196 30 36 0.44324824 
462 150 23 31 0.3284154 
649 216 29 35 0.32611153 
201 46 43 59 0.23896913 
0 190 13 26 0.22166394 
761 234 15 22 0.18001318 
210 189 14 17 0.17926005 
879 179 27 28 0.16633075 
647 199 28 38 0.16381182 
266 238 12 15 0.15622741 
911 230 30 36 0.13403969 
809 307 53 65 0.116306305 
124 203 15 20 0.11212621 
549 191 37 47 0.11146752 
539 179 17 19 0.10750951 
772 204 25 29 0.097211964 
923 274 48 49 0.09462174 
848 223 29 36 0.08561522 
801 229 25 36 0.07755504 
762 225 25 35 0.070463374 
909 246 34 49 0.06735178 
615 203 21 22 0.0652742 
206 193 22 29 0.064495794 
319 180 39 50 0.0634302 
267 190 14 19 0.06294448 
301 475 15 20 0.054577205 
544 185 19 23 0.05405233 
531 186 28 34 0.05257573 
990 214 14 22 0.052480012 
465 140 17 19 0.048762005 
775 220 31 40 0.04756646 
708 186 25 31 0.04481464 
213 61 13 15 0.04466927 
814 267 28 33 0.044580024 
166 172 14 16 0.04386594 
628 205 34 43 0.043493196 
573 180 29 34 0.042781364 
610 213 42 46 0.04267513 
842 395 83 124 0.038697295 
454 162 28 34 0.03815347 
590 195 37 46 0.037928052 
205 68 12 14 0.03782527 
568 150 25 30 0.03686844 
352 160 15 18 0.03669474 
707 129 15 20 0.035264682 
822 242 30 37 0.034725484 
873 187 25 30 0.034334633 
956 268 45 51 0.033172842 
122 202 26 33 0.032562513 
162 184 27 32 0.031015674 
442 189 38 48 0.030638611 
569 14 8 11 0.029659523 
721 214 17 22 0.028379787 
341 184 26 35 0.028228061 
0 184 10 17 0.02809598 
341 122 26 28 0.027116397 
335 118 39 49 0.026966916 
842 5 42 57 0.026934868 
818 231 27 36 0.026616137 
347 184 16 22 0.026043577 
463 110 24 27 0.024173403 
714 181 16 20 0.024132425 
154 207 16 20 0.023971347 
282 233 31 38 0.023886062 
319 185 20 25 0.023620328 
271 186 36 50 0.022803815 
4 194 28 38 0.022676783 
981 284 15 21 0.022669632 
975 209 10 15 0.022328835 
414 204 34 37 0.02184947 
588 395 129 164 0.021535037 
984 203 23 37 0.021510284 
644 214 16 21 0.021360764 
901 447 27 46 0.021257918 
151 190 26 31 0.021243228 
803 244 42 51 0.021159614 
464 125 23 28 0.020629333 
695 106 30 39 0.020359108 
24 182 17 18 0.020339806 
