10_People_Marching_People_Marching_10_People_Marching_People_Marching_10_848
93
131 186 32 42 0.9993273 
759 130 54 71 0.99840957 
644 166 43 57 0.9969331 
244 216 34 45 0.99666435 
484 156 41 57 0.99650514 
364 197 42 52 0.9824991 
988 192 37 56 0.9633938 
726 181 29 40 0.5484625 
102 237 24 29 0.3770116 
582 199 29 42 0.14235133 
894 402 16 20 0.10064204 
76 260 26 32 0.085094385 
22 233 16 25 0.08222695 
592 192 42 48 0.07219632 
420 164 36 51 0.05645736 
291 514 17 23 0.05605553 
525 167 34 42 0.05321035 
11 228 25 36 0.05312532 
549 430 95 126 0.052847296 
575 440 56 72 0.0528157 
531 114 27 32 0.051207468 
156 534 15 18 0.050868735 
164 138 11 15 0.048822694 
565 393 18 21 0.04666264 
307 121 15 21 0.042158302 
88 242 26 37 0.041530434 
551 468 11 14 0.04149048 
719 197 34 45 0.040482894 
-3 522 60 86 0.039440405 
453 454 11 15 0.03875837 
924 29 11 14 0.038016405 
1 147 27 46 0.037995126 
732 180 18 25 0.03750029 
586 459 14 16 0.035592847 
164 270 34 39 0.03516339 
528 105 25 27 0.03454068 
519 427 13 16 0.03385754 
44 201 22 26 0.033226848 
140 157 13 14 0.031225579 
452 446 11 13 0.030790811 
106 230 17 20 0.029768672 
620 435 45 57 0.028484516 
542 430 10 13 0.02794774 
519 461 11 13 0.027551541 
617 174 41 52 0.027464895 
522 101 16 19 0.02744985 
940 219 48 55 0.027221132 
836 21 12 14 0.027008511 
1002 39 9 12 0.026921496 
536 429 10 12 0.02662374 
679 60 11 15 0.026580691 
399 87 9 12 0.026464647 
611 439 32 36 0.026191533 
69 271 42 51 0.026095854 
166 210 23 35 0.025501832 
981 41 10 13 0.025297515 
723 127 25 30 0.025155656 
839 63 13 16 0.02473635 
903 6 11 13 0.02468847 
393 208 33 45 0.024675816 
719 117 43 61 0.024592297 
519 467 12 15 0.024395984 
317 540 12 16 0.024341607 
461 453 10 13 0.024312742 
909 4 11 13 0.024172448 
525 469 11 15 0.023445489 
573 453 16 17 0.023433862 
860 161 16 21 0.0233358 
131 0 50 60 0.023296796 
452 436 12 14 0.02284993 
763 456 215 259 0.022611162 
829 24 13 16 0.022552185 
863 151 11 14 0.022370454 
123 238 17 22 0.022335332 
545 469 10 14 0.022166263 
793 92 11 13 0.021931794 
460 430 12 14 0.021876207 
532 476 10 13 0.021865636 
478 382 13 16 0.0218248 
1014 62 8 12 0.021799693 
543 337 15 18 0.021653904 
564 470 10 13 0.021564094 
555 369 37 47 0.021504339 
96 236 42 47 0.021315904 
812 127 50 63 0.02131553 
159 202 26 33 0.02102806 
351 472 11 14 0.02076205 
193 549 10 12 0.020751221 
525 453 11 15 0.020716103 
661 104 16 21 0.020420484 
639 438 31 37 0.020273741 
313 431 8 10 0.02009127 
144 270 55 61 0.020032164 
