10_People_Marching_People_Marching_10_People_Marching_People_Marching_10_People_Marching_People_Marching_10_674
992
843 285 12 16 0.93761826 
474 474 26 29 0.9169417 
563 387 13 18 0.82922965 
233 271 12 14 0.80873394 
596 337 12 16 0.80178577 
918 310 10 13 0.77812445 
461 344 12 15 0.7638515 
275 458 18 25 0.75642633 
981 317 10 14 0.74820995 
830 400 15 17 0.74078804 
624 538 24 34 0.7240795 
678 382 13 16 0.7226748 
696 266 10 13 0.6678068 
516 254 8 10 0.6517645 
630 382 13 16 0.6208547 
775 293 9 12 0.6155743 
406 332 11 14 0.60734546 
896 306 11 15 0.5918178 
392 342 11 13 0.57653224 
297 262 9 12 0.57163423 
409 380 14 15 0.57124263 
790 294 9 12 0.5467911 
258 301 12 14 0.51669115 
639 342 12 15 0.50516343 
574 362 14 16 0.49855876 
709 380 12 17 0.49210057 
950 293 14 18 0.48988387 
797 328 12 15 0.4470109 
527 342 9 11 0.44435292 
868 288 10 12 0.4402372 
511 364 10 12 0.41714162 
823 276 8 11 0.41473922 
900 303 10 14 0.41205782 
879 334 12 15 0.40986457 
490 307 9 12 0.406414 
207 311 12 14 0.39959127 
347 293 10 12 0.39130625 
496 380 14 19 0.3670615 
44 445 12 18 0.36103207 
15 368 14 21 0.35861897 
654 282 11 13 0.3574429 
939 374 12 14 0.34998792 
191 286 9 11 0.34150866 
654 326 9 12 0.33607268 
416 256 9 11 0.33262202 
735 286 9 11 0.332508 
249 254 10 12 0.32595044 
1001 328 10 12 0.32275462 
100 295 10 12 0.32217655 
674 272 9 12 0.32082263 
588 303 10 12 0.31492406 
408 311 8 10 0.2938493 
777 336 10 12 0.29365757 
369 267 11 14 0.29281905 
130 269 10 12 0.29215282 
845 221 10 12 0.2889789 
774 339 13 16 0.28822657 
962 309 13 16 0.2842298 
534 373 9 12 0.2813199 
761 358 9 11 0.27986303 
196 346 13 16 0.27979037 
441 342 9 12 0.2704232 
725 358 11 14 0.26832697 
865 311 11 14 0.2667759 
153 302 9 12 0.26040825 
141 412 11 15 0.25907984 
948 322 12 14 0.2516895 
791 289 10 11 0.24914375 
558 342 11 14 0.24642004 
401 257 8 9 0.24280569 
793 567 30 35 0.24181056 
872 417 12 15 0.23138121 
190 331 11 14 0.22885832 
476 358 10 14 0.2257044 
193 262 9 11 0.22343835 
382 359 10 13 0.22216354 
163 237 14 17 0.22019199 
73 400 21 25 0.21927747 
448 363 12 17 0.2165504 
116 292 10 13 0.21596123 
556 368 10 12 0.21563664 
841 222 10 13 0.20202424 
197 259 11 13 0.20116445 
526 347 9 11 0.19153528 
317 265 8 11 0.18743478 
655 350 10 13 0.18702666 
298 284 10 12 0.18326207 
661 356 9 12 0.18201432 
385 261 8 10 0.17537525 
64 405 21 28 0.17462927 
528 336 8 10 0.17186318 
9 280 10 13 0.17086509 
597 269 8 10 0.1702708 
798 312 9 11 0.16776098 
768 268 10 12 0.16662204 
158 307 10 12 0.16429098 
537 351 9 12 0.16258758 
758 317 8 13 0.16246063 
255 293 11 14 0.16041863 
918 293 9 13 0.15864398 
253 286 9 13 0.15784456 
752 288 11 13 0.15752219 
248 277 10 13 0.15668958 
960 316 12 16 0.15651011 
624 261 8 11 0.15364517 
506 289 8 10 0.15216905 
365 516 20 28 0.15143962 
92 310 9 12 0.15126155 
345 459 9 12 0.1509366 
480 301 9 12 0.14898528 
70 285 9 10 0.14872026 
283 501 11 16 0.14499478 
418 467 19 28 0.14431162 
53 287 9 11 0.13941994 
153 285 9 12 0.13941754 
554 341 10 13 0.13890785 
964 294 12 14 0.13889012 
726 295 9 11 0.13851729 
464 383 11 14 0.13775446 
131 302 11 13 0.13750403 
903 221 9 12 0.13741806 
317 276 9 13 0.13533297 
782 294 10 12 0.13337047 
111 255 10 12 0.1316376 
271 317 9 11 0.13065402 
406 256 9 11 0.13033968 
889 208 9 11 0.12844601 
144 293 8 11 0.12804878 
569 271 9 11 0.1277538 
644 346 11 14 0.12716477 
184 288 9 12 0.12676018 
430 333 9 10 0.12601198 
744 358 9 12 0.12357824 
852 365 12 15 0.123305306 
279 251 11 13 0.12262953 
323 357 12 16 0.122546904 
82 397 17 21 0.12145439 
633 270 8 10 0.12109018 
535 378 10 14 0.12071747 
193 276 9 13 0.119337074 
341 484 11 16 0.11900451 
516 366 10 13 0.11809069 
60 420 13 17 0.117716074 
756 544 24 31 0.117355175 
22 244 10 13 0.116943695 
339 522 25 27 0.1168433 
605 247 8 9 0.115203686 
677 275 9 12 0.11517477 
108 334 10 12 0.1142731 
274 308 10 13 0.113830246 
282 357 10 14 0.11320992 
593 270 9 10 0.11248865 
918 303 10 14 0.11129199 
78 286 9 11 0.11120551 
342 343 9 12 0.11116048 
68 307 11 13 0.111090735 
181 395 14 18 0.11011317 
608 229 8 10 0.10978307 
691 397 11 14 0.10903461 
136 238 9 11 0.109015755 
247 312 9 12 0.107271396 
722 350 10 11 0.10721572 
415 277 11 15 0.10703979 
410 460 16 20 0.1060183 
594 381 11 14 0.105094895 
213 352 11 13 0.104182504 
784 268 9 12 0.104058385 
220 246 11 14 0.10052808 
533 287 7 9 0.100438364 
414 317 9 12 0.09933639 
449 326 8 11 0.09896153 
173 278 8 11 0.09883717 
63 302 11 14 0.09870049 
272 303 10 13 0.09807751 
109 396 12 15 0.09749566 
165 232 10 12 0.09676174 
567 309 9 11 0.09672359 
353 518 24 28 0.096242726 
719 294 12 15 0.095747344 
581 401 15 17 0.094991565 
349 483 10 15 0.09491608 
224 312 9 10 0.09477255 
797 317 11 14 0.09433817 
133 307 11 14 0.09427995 
566 295 9 12 0.09418675 
849 358 10 13 0.09380114 
932 300 11 14 0.09353341 
540 354 10 14 0.09331983 
569 319 8 10 0.093262225 
756 292 9 13 0.093206495 
774 236 9 11 0.09172778 
625 302 9 11 0.091304645 
970 374 9 11 0.09108741 
756 374 10 14 0.090966985 
102 300 9 12 0.08851403 
216 274 11 15 0.086389355 
0 420 9 15 0.08627563 
510 368 13 15 0.0854082 
940 369 10 11 0.0849359 
816 355 11 14 0.08416072 
285 294 9 11 0.08414926 
498 342 8 10 0.083279006 
758 379 11 14 0.08317254 
346 326 8 11 0.08311908 
715 380 13 18 0.082592234 
502 344 9 11 0.08239987 
726 372 13 16 0.08182549 
127 422 12 13 0.08048459 
296 491 16 18 0.08011252 
568 279 8 9 0.07960867 
173 397 14 17 0.07819212 
655 401 10 14 0.07816986 
636 271 9 11 0.0775542 
408 314 11 13 0.077206574 
679 256 10 12 0.07668114 
621 256 9 11 0.07663717 
165 310 10 12 0.07662593 
639 277 8 12 0.076416194 
63 246 8 10 0.07637905 
219 328 13 16 0.07625643 
821 351 10 14 0.07619169 
569 325 9 12 0.075922325 
384 336 9 11 0.07551705 
110 353 15 18 0.07551372 
216 326 11 14 0.07529559 
151 296 9 11 0.07526912 
56 248 7 10 0.07511271 
727 263 10 13 0.074990764 
86 316 10 12 0.07498543 
864 269 10 12 0.07468704 
615 358 10 12 0.07417393 
1008 509 12 16 0.07296577 
694 378 14 18 0.07273645 
797 236 10 13 0.07247803 
337 320 8 9 0.07224409 
625 324 10 13 0.07168041 
607 224 9 10 0.071665555 
477 334 8 11 0.071352705 
858 371 13 15 0.07127226 
479 320 9 10 0.071270324 
49 252 8 11 0.07080707 
630 333 10 14 0.07071959 
92 387 14 17 0.07054074 
191 338 13 18 0.06945559 
580 359 13 17 0.06904332 
479 325 9 11 0.0690409 
608 264 7 9 0.06902435 
614 379 13 15 0.068576224 
768 347 11 14 0.06841009 
505 349 8 11 0.06829297 
191 221 11 14 0.06815018 
62 294 9 12 0.06781906 
65 389 10 15 0.067783095 
49 443 12 18 0.06757391 
143 288 9 11 0.06752654 
206 349 11 14 0.06752079 
426 476 16 24 0.06746882 
308 481 12 16 0.06741037 
136 316 11 14 0.06716115 
421 260 9 10 0.06712809 
828 307 11 15 0.067074835 
670 554 27 39 0.06668656 
349 327 9 10 0.06606391 
120 317 9 12 0.066004254 
468 342 10 13 0.065803654 
315 269 10 12 0.0657592 
3 362 15 20 0.06556235 
530 288 7 9 0.06548843 
232 264 11 14 0.06530152 
339 490 12 17 0.064487115 
134 405 14 16 0.06444632 
79 292 9 11 0.06396018 
132 263 10 13 0.06394587 
53 301 9 13 0.063481994 
528 293 8 10 0.063449845 
629 264 8 10 0.063391455 
351 276 10 13 0.06332845 
0 300 10 15 0.063286036 
369 258 9 10 0.062452987 
480 256 9 11 0.062421095 
454 333 9 11 0.062150974 
372 263 8 11 0.061781377 
253 333 9 14 0.061768197 
131 387 11 15 0.061713986 
760 312 8 11 0.061471228 
216 250 11 13 0.06121328 
55 377 12 15 0.060819447 
621 247 8 10 0.06058278 
157 315 12 15 0.06054318 
661 279 10 12 0.06048069 
596 329 10 13 0.060056187 
229 312 9 11 0.059984967 
617 261 8 9 0.059975337 
650 283 9 12 0.05984982 
871 269 9 11 0.059798818 
591 254 8 9 0.05963424 
113 287 10 12 0.059528917 
348 478 10 13 0.058947004 
763 381 11 15 0.058592066 
685 255 8 11 0.05829559 
833 334 8 10 0.058214124 
57 411 21 29 0.058018923 
104 277 9 12 0.05801103 
163 400 15 18 0.05785729 
295 257 9 12 0.05784588 
789 266 10 13 0.057564065 
326 328 8 10 0.05686743 
79 280 9 10 0.056851935 
806 283 11 13 0.05664597 
654 331 10 12 0.056643344 
592 264 9 11 0.056587145 
624 337 11 16 0.056554135 
821 293 9 12 0.0563405 
152 316 12 15 0.05590422 
510 351 8 11 0.05583357 
772 267 11 13 0.055754416 
758 364 10 13 0.055718567 
710 333 10 13 0.055235554 
489 272 9 11 0.055193603 
445 349 10 12 0.055072483 
551 335 8 10 0.055027 
566 286 8 10 0.05458178 
262 464 16 17 0.054489873 
840 290 10 13 0.05444879 
720 249 8 9 0.054315668 
1000 508 22 32 0.053798813 
373 274 10 13 0.053674206 
345 297 10 14 0.053659294 
730 378 11 16 0.053588707 
750 396 14 18 0.05343306 
713 325 9 12 0.053352017 
584 296 8 11 0.053334024 
64 254 8 11 0.05327864 
655 320 10 13 0.053261314 
168 55 25 33 0.053183034 
281 293 9 12 0.05306521 
862 332 10 12 0.053061377 
197 218 13 16 0.05298098 
542 386 10 15 0.052896183 
527 367 9 12 0.052824873 
191 291 9 12 0.05278818 
313 295 8 11 0.052319203 
614 352 9 11 0.052298382 
540 381 9 13 0.05226161 
962 299 14 17 0.052229904 
617 248 8 9 0.052206375 
322 326 8 11 0.052152734 
81 319 10 12 0.05211873 
632 245 9 11 0.052044284 
287 340 9 12 0.052018516 
799 255 8 11 0.051946517 
863 323 10 15 0.0518174 
135 296 10 11 0.051626224 
64 285 9 11 0.051607247 
191 206 8 10 0.05151284 
93 380 13 16 0.05143213 
813 343 10 12 0.051175922 
608 350 8 11 0.051136803 
285 252 11 14 0.051116064 
566 333 10 12 0.051110294 
310 498 12 16 0.051061306 
563 341 10 13 0.051040895 
272 336 10 13 0.05070027 
520 287 7 9 0.050578177 
237 264 9 11 0.05054567 
628 531 19 26 0.049958616 
165 303 9 12 0.049913462 
760 352 9 12 0.049896795 
386 340 11 13 0.04972797 
823 284 9 12 0.04950467 
830 302 12 15 0.04949082 
792 263 10 11 0.049443237 
89 394 15 20 0.04943712 
622 239 8 10 0.04936916 
593 327 9 12 0.04898662 
586 306 9 12 0.048965897 
732 358 10 13 0.04893499 
326 333 9 11 0.048838973 
83 389 16 18 0.048778776 
659 397 10 14 0.048740704 
0 296 8 12 0.048740115 
516 359 11 13 0.04873569 
503 263 8 9 0.048550975 
387 373 14 16 0.04854977 
338 343 8 10 0.048106827 
621 378 15 18 0.047985896 
300 484 15 17 0.04790654 
521 350 9 10 0.04783811 
868 303 11 13 0.047806572 
176 220 10 13 0.047306836 
609 357 9 13 0.046916313 
251 248 12 14 0.046870973 
513 249 9 11 0.04675562 
692 386 13 17 0.046366915 
157 280 9 12 0.04618251 
375 350 8 10 0.04617174 
419 277 13 15 0.046064567 
187 316 14 16 0.04598531 
993 342 10 13 0.04584198 
434 295 9 11 0.04573272 
543 342 8 10 0.045722276 
442 499 19 23 0.045550752 
551 311 8 11 0.04525602 
100 388 13 17 0.044966318 
131 417 16 18 0.04496208 
366 311 7 10 0.04475459 
254 501 13 19 0.04473824 
892 211 9 12 0.04467159 
392 257 8 9 0.04466682 
560 281 8 9 0.04466093 
200 461 9 12 0.044515543 
758 340 9 11 0.044502586 
728 288 10 12 0.044336967 
96 289 9 12 0.044060625 
282 285 9 12 0.044035323 
216 294 9 12 0.044021938 
133 276 10 12 0.04401628 
673 375 11 14 0.043973695 
759 238 8 10 0.043971296 
986 317 11 13 0.043944407 
629 319 9 13 0.043692823 
520 397 13 15 0.043498393 
649 383 10 12 0.043316808 
449 332 10 12 0.04331513 
403 310 9 10 0.04322983 
133 396 12 15 0.04311672 
277 335 11 13 0.043096904 
797 286 9 11 0.04307588 
751 367 12 14 0.04295065 
96 255 9 14 0.0429233 
166 315 11 14 0.04290414 
79 419 24 31 0.042903893 
388 354 13 15 0.04288089 
817 276 9 13 0.04281778 
508 291 9 11 0.04239651 
506 365 10 11 0.04236971 
206 304 12 14 0.04223394 
781 403 12 15 0.04206143 
324 474 13 16 0.042054713 
273 247 10 12 0.04200449 
79 375 11 14 0.041849207 
677 318 11 14 0.041842155 
95 301 10 12 0.041498788 
944 352 9 12 0.041447077 
205 260 9 12 0.041391984 
70 239 8 10 0.04137254 
529 371 9 12 0.041293636 
574 277 8 10 0.04129343 
698 555 24 37 0.041239623 
590 385 11 15 0.041087102 
175 285 9 13 0.040822424 
806 254 9 10 0.04064211 
313 283 10 13 0.040480223 
118 278 9 12 0.040466208 
721 345 9 11 0.040349722 
287 226 11 14 0.04025214 
193 301 9 11 0.040184192 
348 287 11 14 0.04017725 
798 338 10 12 0.040074185 
169 223 8 11 0.039937206 
389 341 19 22 0.03990866 
708 341 10 13 0.03979167 
249 290 11 15 0.039779827 
334 363 11 14 0.039623518 
844 423 10 13 0.039592706 
793 256 8 11 0.039396554 
109 279 10 12 0.0393715 
93 374 12 15 0.039237406 
776 380 10 14 0.03917851 
466 347 10 13 0.039155144 
126 317 9 12 0.03911622 
65 280 8 11 0.039105322 
601 241 7 9 0.03905384 
398 271 10 11 0.03903076 
717 286 12 14 0.038782727 
617 254 9 12 0.038744714 
897 231 7 10 0.03867988 
606 240 7 9 0.038589362 
832 230 9 10 0.038367048 
223 292 10 13 0.038344476 
103 394 13 17 0.038213555 
616 271 9 9 0.038125638 
592 238 7 9 0.038077738 
120 310 9 12 0.038075022 
56 368 10 14 0.038056016 
495 375 12 16 0.03791837 
765 362 9 12 0.03790253 
317 493 11 18 0.037899885 
646 240 7 10 0.03778443 
776 316 10 12 0.037741236 
207 255 9 11 0.037718166 
570 358 11 14 0.037388977 
687 261 10 12 0.037372362 
68 395 14 20 0.037365887 
424 326 9 12 0.037343558 
970 293 12 14 0.037314553 
631 239 8 9 0.037285145 
223 270 10 15 0.037026104 
110 301 10 13 0.037024997 
653 343 10 12 0.036960304 
95 231 8 10 0.036942538 
441 477 17 22 0.036914397 
832 295 10 12 0.036879756 
686 284 9 11 0.036878027 
701 376 17 23 0.036799893 
61 381 11 15 0.03677829 
65 241 8 11 0.036749814 
669 247 9 11 0.03670198 
128 306 11 15 0.036691424 
108 324 13 15 0.036455337 
920 204 9 11 0.036432087 
142 399 10 13 0.036344387 
855 229 9 10 0.03628497 
591 231 8 10 0.036280487 
321 332 10 12 0.03620578 
313 301 8 9 0.03618589 
341 319 8 11 0.03610259 
736 281 10 13 0.036087062 
280 496 19 26 0.03607449 
809 396 9 12 0.036066398 
765 311 9 11 0.036036305 
190 310 11 14 0.035990715 
951 381 9 11 0.03594715 
216 223 8 12 0.035937153 
133 408 19 23 0.03591388 
978 313 18 22 0.0357733 
414 410 16 20 0.035744183 
854 395 10 14 0.035717536 
458 247 8 10 0.035397913 
127 414 12 14 0.035367724 
441 364 11 16 0.035339866 
926 275 10 12 0.035319 
137 233 8 11 0.035196815 
725 382 13 19 0.035161342 
793 231 9 11 0.035142805 
195 283 10 15 0.035095576 
199 303 9 13 0.035051603 
465 286 8 9 0.03505024 
390 261 8 10 0.03489827 
574 264 7 9 0.03487548 
614 291 10 14 0.034866307 
125 247 10 11 0.034838084 
444 547 17 19 0.034816705 
817 373 10 12 0.034776535 
399 317 10 12 0.03446121 
156 408 18 20 0.034316592 
922 309 11 13 0.034260374 
496 337 9 10 0.03418893 
612 284 12 16 0.034152534 
632 231 7 9 0.03405192 
793 312 9 12 0.03404774 
58 373 11 15 0.03403689 
767 255 9 10 0.033958446 
446 320 8 11 0.03378343 
922 251 8 12 0.03370996 
677 390 14 18 0.033704758 
360 305 8 11 0.03369371 
382 326 8 11 0.033644035 
333 273 9 11 0.03361566 
587 358 11 15 0.033604886 
440 254 9 11 0.033604648 
408 277 10 14 0.03344852 
142 477 44 51 0.033430256 
712 302 9 12 0.033389047 
79 230 7 9 0.033287827 
281 453 17 23 0.033239327 
561 285 8 10 0.033238366 
450 357 14 17 0.033231303 
636 336 12 15 0.033156317 
817 271 10 12 0.033133563 
593 276 9 12 0.033129606 
543 270 8 10 0.03309977 
102 324 11 14 0.03307714 
1000 320 10 12 0.033072084 
413 312 8 11 0.03306582 
202 456 8 11 0.032980762 
500 373 15 17 0.03296295 
195 372 14 19 0.03279523 
494 316 9 12 0.032705933 
183 350 12 15 0.032682642 
592 248 7 9 0.032607194 
318 293 8 11 0.032574937 
379 472 13 19 0.032529812 
613 312 9 10 0.03248969 
431 260 7 9 0.03245037 
996 556 31 41 0.032379705 
663 259 9 12 0.032346964 
88 303 9 12 0.032344837 
369 328 9 10 0.032338362 
853 377 14 18 0.03210634 
853 223 9 11 0.03207843 
666 247 7 9 0.032076064 
648 318 11 14 0.03206104 
56 291 9 13 0.0319883 
617 240 8 9 0.031953108 
764 374 10 13 0.03173656 
634 275 9 12 0.031734608 
749 369 19 24 0.03171842 
56 425 11 15 0.031712 
925 293 13 17 0.03169024 
104 215 8 10 0.03165103 
740 286 10 12 0.03162398 
502 325 8 11 0.031598568 
426 468 13 20 0.031594783 
86 251 11 13 0.031578686 
473 295 9 11 0.031497035 
477 339 9 12 0.031437114 
999 508 10 14 0.031369925 
462 247 8 9 0.031275358 
400 327 10 12 0.031265873 
836 300 10 13 0.031247906 
101 318 11 14 0.031201852 
434 340 10 13 0.031176047 
327 446 11 15 0.031134248 
341 480 20 27 0.031099064 
103 272 8 11 0.03108732 
441 319 8 10 0.031011146 
924 405 9 12 0.030844318 
320 477 10 13 0.030701917 
704 546 27 38 0.0306872 
752 298 11 14 0.030626144 
590 348 11 13 0.030559856 
252 326 11 14 0.030430052 
885 328 10 12 0.030394673 
485 256 9 10 0.030354146 
328 276 10 14 0.030350154 
814 407 9 12 0.03034234 
511 240 7 8 0.03028517 
615 13 103 132 0.030217137 
140 310 11 14 0.030209627 
841 281 11 14 0.030165456 
797 261 8 11 0.030121101 
253 259 11 13 0.030085104 
286 300 9 11 0.030017259 
94 315 10 12 0.029990057 
257 227 10 13 0.029938618 
49 278 9 12 0.029880611 
545 265 8 9 0.02978519 
347 468 12 15 0.029718487 
486 317 9 11 0.029713035 
590 296 8 11 0.029703984 
320 253 8 10 0.02969718 
252 270 10 12 0.029665714 
127 335 10 12 0.029625624 
612 316 11 13 0.02958038 
0 342 10 14 0.029574713 
591 319 8 11 0.029557543 
187 328 19 23 0.02945773 
749 358 10 11 0.02943005 
856 316 11 14 0.029342454 
726 249 7 9 0.029300118 
855 203 9 11 0.02927769 
160 398 12 15 0.029262703 
208 244 11 15 0.029244887 
652 390 11 14 0.029208042 
806 271 10 12 0.029107329 
620 364 11 13 0.029091028 
156 294 11 14 0.029036716 
168 282 10 12 0.029029485 
0 255 7 13 0.028956138 
811 390 11 13 0.02890835 
376 327 8 10 0.028902473 
807 404 10 13 0.028839536 
228 291 10 13 0.028701086 
753 322 11 14 0.028646193 
800 245 8 10 0.028644701 
768 325 9 12 0.028633093 
852 388 13 15 0.028604891 
385 363 15 16 0.028595004 
632 338 11 15 0.028584493 
595 386 13 16 0.02858194 
613 231 8 9 0.02854501 
64 416 24 30 0.028535895 
734 323 10 14 0.028514998 
790 548 48 57 0.028440436 
220 348 11 14 0.028426563 
263 338 11 13 0.028370112 
802 486 25 28 0.028366009 
461 350 14 19 0.028354459 
533 342 8 10 0.02832248 
376 520 14 21 0.028304473 
486 262 8 8 0.028281033 
433 474 20 28 0.028243685 
780 310 10 12 0.028240118 
45 497 25 35 0.028068772 
437 498 16 22 0.0280388 
568 265 11 12 0.027966365 
816 363 10 14 0.027922912 
925 190 10 12 0.027917912 
490 487 15 20 0.027915413 
345 333 9 11 0.027867524 
80 272 8 10 0.027821252 
53 396 10 14 0.02778726 
609 309 9 11 0.027785601 
846 397 11 15 0.02776048 
914 315 10 12 0.027749734 
522 343 8 11 0.027723337 
687 401 12 16 0.027676519 
53 279 9 11 0.027656592 
73 230 7 10 0.027651476 
921 232 9 12 0.027642436 
647 355 10 13 0.027558478 
365 500 14 17 0.027525311 
992 508 10 13 0.027513444 
871 264 9 11 0.027470177 
402 328 19 23 0.027469117 
370 506 16 21 0.027460702 
944 299 11 14 0.027426558 
591 285 10 11 0.027406214 
566 349 10 12 0.02740225 
954 288 14 17 0.027358973 
608 302 8 11 0.027351137 
996 533 30 39 0.027333783 
551 328 8 10 0.027312389 
254 492 23 30 0.027281879 
111 308 10 11 0.027260704 
213 302 9 13 0.027259553 
524 357 10 12 0.027233379 
340 438 11 14 0.027230501 
723 362 10 14 0.027201312 
550 386 12 17 0.027114537 
863 350 10 12 0.026916036 
865 445 8 11 0.026903963 
608 254 9 10 0.02687938 
260 260 10 12 0.02687375 
947 327 14 18 0.026800342 
277 315 10 12 0.026792144 
753 183 9 10 0.026786355 
773 289 18 22 0.026753273 
770 237 8 11 0.026735064 
847 202 11 13 0.026724745 
646 332 12 14 0.026720515 
518 260 8 10 0.026705744 
114 401 13 18 0.026687514 
249 280 18 24 0.02663348 
471 353 17 23 0.026632147 
224 286 9 12 0.026626833 
939 389 12 15 0.026535967 
573 352 10 13 0.026479317 
190 200 9 10 0.026477128 
507 358 9 13 0.02645607 
731 364 10 13 0.026405113 
383 348 23 26 0.026358742 
545 336 7 10 0.02624632 
359 270 10 13 0.026241852 
510 345 8 11 0.026209751 
700 248 10 11 0.026208052 
1012 503 11 16 0.02612362 
80 324 11 14 0.026099497 
562 300 9 12 0.026045311 
118 298 12 16 0.02603035 
0 368 11 18 0.025960043 
127 383 12 16 0.025935786 
817 222 8 11 0.025900945 
559 382 13 17 0.02587823 
601 223 8 9 0.025852062 
862 306 18 23 0.025845835 
789 404 11 13 0.025843406 
294 325 9 11 0.025817296 
551 256 8 10 0.025754312 
832 340 10 12 0.025669152 
101 401 14 17 0.025631057 
815 411 11 13 0.025597615 
233 470 8 11 0.025552375 
282 278 10 13 0.025508707 
244 499 13 19 0.025508221 
78 387 14 18 0.025492758 
252 318 10 11 0.025488472 
89 229 8 11 0.025359275 
286 494 11 16 0.025342463 
256 453 12 16 0.025302438 
228 284 11 14 0.025301008 
196 268 11 15 0.025249865 
486 302 18 23 0.025218254 
438 531 46 49 0.02520158 
840 426 13 16 0.025156988 
14 446 13 20 0.025135864 
126 254 11 13 0.025070079 
956 289 20 24 0.025054738 
53 252 8 11 0.025003849 
698 229 9 11 0.02499279 
204 221 11 14 0.024935987 
852 301 11 13 0.024901193 
876 308 11 13 0.024855893 
194 325 11 15 0.024823898 
299 265 11 14 0.02481319 
649 395 12 16 0.024784891 
126 296 10 13 0.024779255 
411 273 20 25 0.0247022 
714 254 8 11 0.024673212 
670 253 10 12 0.024630653 
874 237 8 11 0.024600098 
559 337 10 12 0.024500329 
484 324 9 11 0.024481567 
561 229 8 10 0.024467438 
822 302 12 15 0.024409829 
284 351 11 14 0.024376562 
137 286 9 11 0.024366552 
222 240 9 11 0.024349533 
91 423 16 20 0.024319855 
439 484 23 31 0.024307203 
453 328 8 11 0.024287092 
801 324 12 16 0.024278605 
880 222 8 10 0.024176136 
112 236 9 11 0.024173662 
567 240 7 10 0.024145568 
674 385 12 16 0.024081206 
184 261 9 12 0.024079995 
344 263 9 10 0.024054974 
713 262 9 10 0.023988592 
870 424 15 17 0.023980612 
474 317 10 13 0.023967165 
293 504 14 18 0.023937115 
393 369 23 24 0.023934385 
119 229 10 12 0.023881182 
103 254 11 14 0.023852615 
795 293 10 12 0.02382763 
800 278 10 12 0.023747407 
474 327 9 11 0.023746114 
834 223 8 10 0.023744179 
39 445 22 29 0.023704838 
821 222 8 10 0.023697155 
64 270 9 10 0.023677794 
326 255 8 10 0.02363213 
766 318 8 11 0.023514751 
782 224 8 9 0.023486495 
853 350 9 12 0.023448922 
55 271 8 10 0.02338835 
103 336 13 18 0.023386458 
718 253 9 11 0.023365883 
196 395 13 17 0.023351384 
63 228 8 10 0.02334181 
319 247 9 11 0.023313392 
915 306 18 22 0.023279099 
687 557 24 38 0.023269776 
319 318 8 10 0.023240501 
533 292 8 10 0.023231195 
869 324 12 15 0.023222858 
782 230 8 10 0.023220902 
865 263 9 12 0.02321935 
119 224 8 11 0.023207905 
584 318 9 11 0.023175938 
855 323 10 15 0.023167685 
782 375 9 11 0.023121035 
988 311 11 14 0.023114026 
700 570 26 35 0.023092953 
356 276 9 12 0.023092125 
769 231 10 11 0.02308949 
22 293 7 10 0.023068588 
180 219 12 16 0.023065357 
379 482 14 19 0.022974024 
373 535 15 20 0.022939581 
665 254 9 12 0.02292271 
784 576 51 61 0.022913199 
223 222 9 11 0.02287175 
695 363 11 15 0.022858761 
722 360 19 22 0.022853976 
231 246 9 13 0.022850713 
572 298 12 16 0.02283544 
216 284 10 14 0.022822913 
745 373 10 13 0.022764772 
96 270 9 12 0.022729976 
524 390 12 14 0.022719186 
854 268 10 13 0.022683606 
437 299 8 11 0.0226588 
351 424 8 11 0.022618895 
523 333 9 12 0.022608455 
370 349 9 11 0.02260719 
751 526 39 46 0.022567838 
26 478 46 59 0.022537926 
425 332 10 11 0.022525596 
577 230 8 9 0.022523107 
95 288 19 23 0.022516439 
328 473 21 26 0.0225143 
719 260 11 13 0.022511028 
876 269 11 12 0.02248016 
471 396 12 14 0.022449235 
709 555 35 49 0.022441419 
981 518 26 34 0.02240588 
116 253 11 13 0.022359898 
586 271 8 10 0.022355853 
715 580 26 32 0.02229924 
446 262 8 9 0.02229057 
847 196 10 13 0.022248827 
744 292 9 12 0.022227932 
335 490 21 26 0.022210164 
376 332 9 11 0.022172809 
385 285 8 11 0.022171976 
713 320 8 11 0.022162423 
659 319 11 13 0.022155326 
505 379 14 17 0.02212577 
10 371 21 31 0.022123322 
584 248 8 9 0.022113625 
619 548 32 40 0.022108248 
651 345 19 24 0.02209547 
416 349 11 13 0.022084527 
687 364 11 14 0.022081964 
51 436 12 18 0.022021694 
470 278 9 10 0.022021515 
118 321 10 14 0.021859566 
271 541 10 15 0.021843212 
960 335 11 12 0.021817375 
2 448 16 21 0.021808915 
777 213 8 11 0.021774946 
382 269 9 11 0.021766424 
347 499 13 15 0.021726746 
849 369 12 16 0.021714631 
639 293 10 12 0.021665044 
783 255 10 12 0.021605754 
504 248 8 9 0.021560566 
560 239 9 10 0.021559808 
461 337 10 12 0.021515623 
128 341 10 14 0.021469304 
854 199 8 12 0.021446398 
862 214 9 11 0.02143045 
693 260 17 21 0.021424802 
891 309 11 14 0.021423463 
382 278 9 12 0.02139948 
583 232 8 9 0.021381626 
602 340 11 15 0.021353662 
245 541 26 33 0.021344714 
474 299 10 13 0.021339925 
817 229 8 10 0.021325167 
865 283 17 21 0.02131904 
467 387 11 13 0.021317754 
831 246 10 13 0.021301541 
586 263 8 10 0.021291986 
38 438 15 20 0.021291623 
821 216 9 11 0.021284984 
848 350 10 14 0.02126517 
583 351 10 12 0.021254044 
760 255 9 11 0.021181144 
521 293 8 9 0.021179216 
437 337 20 24 0.021169106 
582 387 13 15 0.021050127 
709 347 10 13 0.021043988 
649 278 20 23 0.021037014 
960 341 12 14 0.021008808 
401 304 9 11 0.020954425 
957 355 11 14 0.020940658 
253 289 18 23 0.020912291 
537 381 20 26 0.020891735 
776 563 28 36 0.020883104 
606 280 21 27 0.020852145 
202 308 9 13 0.020830033 
412 339 11 12 0.020803986 
204 372 14 19 0.020787898 
672 323 10 12 0.020780927 
373 256 8 10 0.020770378 
366 264 19 22 0.020700455 
70 270 8 10 0.020688832 
320 340 9 10 0.02068691 
258 461 29 32 0.020678196 
631 223 7 9 0.020676116 
394 573 18 20 0.02064912 
264 317 10 12 0.020641195 
885 348 11 13 0.020608293 
85 403 24 31 0.020602703 
671 372 21 25 0.020547079 
86 270 9 12 0.02051966 
255 223 10 12 0.02049578 
639 284 10 12 0.020484919 
108 390 21 26 0.020475155 
534 385 13 16 0.020444954 
111 288 19 22 0.020422017 
630 254 9 10 0.02038629 
560 310 9 12 0.020361304 
534 309 8 11 0.02035695 
78 301 11 14 0.020305289 
888 201 8 10 0.020300787 
107 372 14 16 0.020270403 
231 461 9 13 0.020257132 
749 385 16 20 0.02024294 
270 295 10 13 0.020239765 
878 216 8 9 0.02021076 
101 285 11 15 0.02017526 
567 245 8 9 0.02015965 
336 325 8 10 0.02014192 
150 298 18 22 0.020126333 
230 253 9 11 0.020124095 
862 355 12 14 0.02012092 
763 547 29 36 0.020118266 
273 541 23 29 0.020117844 
848 270 10 12 0.020075765 
318 311 8 10 0.020069815 
444 532 14 17 0.020043708 
912 303 9 12 0.020040222 
474 309 9 13 0.02003758 
343 364 9 12 0.020029364 
873 331 12 14 0.020026933 
867 421 9 13 0.020019475 
442 540 29 30 0.020011796 
