10_People_Marching_People_Marching_2_60
61
399 224 37 37 0.99858 
356 212 33 34 0.9984415 
843 193 31 34 0.99843436 
102 201 41 40 0.99697006 
660 194 42 41 0.9799065 
768 153 41 42 0.96834004 
588 182 29 38 0.907355 
920 212 37 40 0.83569837 
509 181 40 45 0.83392596 
222 165 41 42 0.82420576 
143 0 27 22 0.8167854 
806 65 27 44 0.28880617 
311 -1 25 22 0.19216627 
251 203 27 33 0.18451115 
174 337 15 19 0.086795926 
226 0 32 25 0.0837245 
552 105 27 36 0.059794806 
444 171 28 36 0.05776791 
209 -1 21 18 0.05682884 
908 183 47 56 0.052650835 
434 -7 90 110 0.051566236 
661 175 36 45 0.050532147 
164 349 15 17 0.043801825 
825 80 17 25 0.03907822 
493 62 13 16 0.036762103 
385 89 43 47 0.03647642 
854 116 30 45 0.03538493 
241 0 35 30 0.03443008 
686 357 25 37 0.033947673 
351 188 50 60 0.033016853 
1 97 18 32 0.032846905 
321 -1 28 25 0.032475706 
149 323 27 31 0.031110693 
371 214 45 47 0.029658088 
238 190 29 37 0.029548874 
425 2 19 19 0.028717931 
239 46 13 16 0.028522164 
488 94 10 14 0.026478592 
918 217 54 62 0.02603993 
866 186 27 36 0.025915263 
160 331 25 27 0.0252253 
600 472 12 13 0.024929082 
341 32 17 18 0.024717622 
494 95 10 15 0.024556234 
847 169 27 35 0.02392781 
92 199 33 38 0.02298432 
625 122 39 63 0.022533618 
651 162 193 211 0.022498744 
434 9 16 20 0.022311218 
355 110 49 58 0.021990815 
324 18 14 17 0.021963714 
230 146 38 48 0.021750322 
159 349 25 27 0.021515694 
323 12 27 30 0.021481784 
427 2 28 32 0.021306213 
810 122 32 43 0.021286247 
281 29 30 33 0.021237895 
101 349 31 31 0.021170335 
212 176 30 36 0.020828709 
504 144 51 65 0.020257259 
502 190 29 36 0.020097781 
