10_People_Marching_People_Marching_10_People_Marching_People_Marching_10_240
256
917 431 108 122 0.9999232 
412 320 107 136 0.9998349 
129 210 28 35 0.9993919 
379 254 24 32 0.99833375 
240 307 65 79 0.9976732 
2 238 32 38 0.9974578 
715 243 24 31 0.995777 
217 226 24 29 0.9940556 
222 270 33 44 0.993022 
612 231 50 61 0.99120927 
420 236 40 51 0.98929775 
290 267 35 53 0.98846966 
194 197 19 25 0.9845725 
837 263 28 36 0.9810409 
691 260 23 33 0.9785025 
167 199 23 29 0.97564495 
553 227 21 26 0.9699958 
329 230 27 38 0.9676133 
795 306 35 46 0.96201926 
493 214 16 22 0.94629705 
261 212 19 24 0.8964993 
766 203 11 15 0.8504787 
515 246 27 33 0.82388335 
742 219 15 19 0.791075 
873 178 14 17 0.6995733 
224 204 17 21 0.61673397 
139 191 11 14 0.6140219 
263 534 34 51 0.61299723 
835 210 13 17 0.59850127 
278 192 13 17 0.5774026 
537 211 15 19 0.55834776 
390 188 10 13 0.55239546 
741 243 14 19 0.5415126 
310 198 10 14 0.52947843 
106 194 15 20 0.5245476 
623 206 14 17 0.48385233 
682 226 15 19 0.46025205 
826 271 30 38 0.4514398 
890 226 16 20 0.42435414 
791 206 11 14 0.3827299 
794 216 13 17 0.3787783 
852 215 12 15 0.3632216 
605 222 10 13 0.3124202 
303 202 10 13 0.31055382 
777 234 16 21 0.30230507 
162 189 14 19 0.2664547 
590 196 9 13 0.26356784 
261 182 8 11 0.26084673 
375 220 11 15 0.26055408 
662 192 8 10 0.24591759 
847 213 12 16 0.23605338 
229 194 15 19 0.22991908 
478 192 13 17 0.22689068 
746 213 14 17 0.21400315 
341 217 13 15 0.20898153 
373 299 44 61 0.19708697 
795 204 13 16 0.18868208 
460 77 42 59 0.18246888 
452 211 23 30 0.18025339 
368 192 8 10 0.16170606 
332 229 17 22 0.16109988 
277 201 13 19 0.15567148 
314 197 11 14 0.15256143 
20 236 28 36 0.1523729 
602 223 16 21 0.14826056 
636 222 13 17 0.14809681 
295 183 10 13 0.14607184 
345 191 8 11 0.14341655 
934 265 42 52 0.1430941 
711 225 13 17 0.14080943 
722 203 12 15 0.13955598 
325 168 9 11 0.13944013 
823 244 21 26 0.13149634 
346 196 9 11 0.123577006 
719 198 10 13 0.12355216 
300 212 11 16 0.12241722 
500 198 12 14 0.11715346 
238 180 10 13 0.11327584 
892 217 13 17 0.113130294 
455 236 24 33 0.11179549 
10 185 26 34 0.10737026 
454 223 23 31 0.10511269 
373 192 8 10 0.10377151 
258 188 10 13 0.103694685 
397 189 9 12 0.09839876 
544 217 21 27 0.09315573 
223 183 10 13 0.092582576 
726 241 20 27 0.08764944 
681 213 10 12 0.08199432 
927 167 66 92 0.0813748 
51 206 24 31 0.07923781 
244 181 9 12 0.07877864 
349 199 8 11 0.07683303 
598 231 15 21 0.076544195 
496 206 13 16 0.07508184 
158 193 23 32 0.07316194 
714 196 8 12 0.07303949 
30 165 46 50 0.07012101 
300 167 9 11 0.06954795 
321 172 9 11 0.06831913 
24 185 28 32 0.067633145 
598 228 26 36 0.067544244 
268 206 14 19 0.06612664 
976 337 48 74 0.06540018 
297 203 12 14 0.065230764 
233 190 13 15 0.06307197 
743 193 8 10 0.06291001 
300 181 10 13 0.060492847 
761 200 10 13 0.059955984 
318 204 9 13 0.059329815 
282 189 11 14 0.058436763 
713 179 10 12 0.05664122 
677 230 24 29 0.055889834 
468 210 13 18 0.053788334 
786 205 9 13 0.05310777 
169 509 44 51 0.05135021 
904 251 13 17 0.049614668 
349 202 11 14 0.048785944 
862 206 9 12 0.047645718 
685 211 11 13 0.047041114 
680 155 11 15 0.04704026 
135 191 18 22 0.046276405 
640 174 11 13 0.045782086 
693 207 9 11 0.045599286 
460 206 12 18 0.045381002 
279 184 11 14 0.04538034 
312 174 8 10 0.04497318 
199 182 11 14 0.044786584 
888 235 17 21 0.04227217 
688 208 10 13 0.042027 
902 175 9 12 0.041866295 
441 239 35 44 0.040802453 
53 156 33 32 0.040134504 
451 204 18 23 0.04009187 
282 173 8 11 0.038936276 
359 181 8 10 0.03887687 
815 96 195 216 0.038573008 
34 196 32 37 0.038472895 
33 233 25 32 0.038421404 
365 338 51 72 0.038244735 
334 266 16 19 0.03796953 
844 182 13 17 0.0377944 
859 212 10 14 0.037710417 
358 176 7 10 0.037041683 
64 201 26 37 0.036651768 
362 190 9 12 0.03647925 
234 199 15 19 0.03606258 
739 230 19 25 0.03605173 
508 198 11 15 0.035899077 
533 233 12 18 0.035119057 
693 211 11 13 0.034861792 
344 15 27 46 0.034683287 
717 191 9 12 0.034682672 
998 214 15 19 0.034643594 
617 182 8 11 0.034579735 
286 183 10 13 0.034506794 
528 248 17 24 0.03420808 
23 168 29 33 0.033251688 
750 208 9 12 0.03311083 
359 159 8 10 0.033075485 
260 195 12 16 0.0328659 
470 204 12 17 0.032658502 
766 291 15 21 0.032098856 
646 166 9 10 0.031771857 
632 180 8 11 0.031561162 
896 189 12 15 0.031416424 
357 165 9 11 0.031308174 
762 256 14 19 0.031045754 
60 310 14 17 0.030896151 
534 222 15 21 0.030834006 
630 226 14 15 0.03062991 
17 176 25 33 0.030340284 
249 234 16 22 0.030308157 
957 171 58 85 0.029981181 
374 196 8 10 0.029777277 
312 192 10 14 0.029570937 
784 214 20 26 0.029415397 
533 241 22 33 0.029050019 
336 221 13 16 0.028976334 
479 184 10 14 0.028975429 
717 176 8 11 0.02879976 
680 208 9 12 0.028017191 
379 214 12 17 0.027828073 
801 157 10 13 0.027797267 
302 173 9 10 0.027738467 
734 203 10 15 0.027655605 
299 188 13 15 0.027634867 
829 216 14 17 0.027453301 
977 323 29 44 0.027444245 
461 204 22 30 0.027349444 
286 168 9 11 0.02715923 
736 192 9 12 0.027026799 
321 212 10 14 0.026700124 
379 223 13 16 0.026695535 
630 220 22 27 0.026588233 
466 242 15 22 0.026427088 
367 184 8 9 0.026425876 
712 202 9 14 0.026400017 
823 121 12 16 0.026353652 
311 181 9 12 0.02613084 
211 199 20 25 0.026050858 
623 200 12 15 0.025602885 
527 227 23 33 0.025485711 
669 199 8 10 0.025319945 
337 219 21 26 0.025163515 
923 227 58 82 0.025010517 
385 184 10 12 0.024593119 
824 221 11 15 0.024582153 
803 204 13 17 0.02425714 
348 211 12 15 0.0242248 
319 262 26 35 0.023835868 
34 313 18 20 0.023827286 
864 326 49 69 0.023790646 
879 213 10 14 0.023760233 
360 153 7 8 0.023709971 
658 194 10 13 0.0236923 
828 240 13 14 0.023467897 
803 219 11 15 0.02344538 
602 217 10 14 0.023395015 
617 189 8 11 0.023348324 
230 183 13 15 0.023194045 
399 194 10 14 0.023130558 
771 199 12 15 0.022986252 
473 189 13 17 0.022907348 
617 197 9 12 0.022817714 
586 191 10 14 0.022758655 
100 197 23 34 0.022719163 
634 214 14 16 0.022627313 
54 304 12 14 0.022608444 
222 197 16 19 0.022487279 
508 138 15 20 0.02235576 
805 213 10 14 0.02234362 
306 194 17 22 0.021816494 
314 241 25 30 0.021730548 
277 253 22 29 0.021675047 
984 330 37 46 0.021503335 
223 186 19 24 0.021500155 
27 310 18 18 0.021381162 
660 240 43 53 0.02136017 
670 205 9 12 0.021332292 
294 176 19 23 0.021317111 
718 259 15 23 0.021153156 
355 159 7 9 0.021129116 
282 167 8 11 0.021060538 
758 210 13 15 0.020936348 
703 205 9 12 0.020848608 
276 541 30 38 0.02083962 
347 219 12 15 0.02077987 
387 182 18 23 0.020773351 
368 224 13 17 0.020613648 
518 144 13 17 0.02059913 
897 180 10 13 0.02050351 
7 191 15 23 0.020474272 
109 230 25 30 0.020331899 
36 218 28 35 0.020282682 
255 177 19 24 0.020191807 
