10_People_Marching_People_Marching_2_40
412
267 118 26 32 0.9984181 
509 512 109 120 0.99832374 
47 132 38 47 0.9971692 
708 264 57 71 0.9958703 
402 157 28 34 0.99580485 
96 456 85 106 0.99381423 
95 91 22 28 0.99355006 
357 128 25 31 0.99241966 
168 221 34 47 0.98949873 
942 241 52 63 0.9889732 
588 126 25 36 0.987513 
97 134 29 36 0.986326 
587 275 42 49 0.9836738 
836 242 52 70 0.98351616 
516 86 19 24 0.9745641 
663 202 41 54 0.97196925 
767 210 38 32 0.9653638 
411 45 12 15 0.9628633 
697 41 15 19 0.9561827 
498 146 26 31 0.9557709 
852 52 14 18 0.9540443 
230 92 21 25 0.9460831 
710 83 17 21 0.9378041 
685 248 38 50 0.9355954 
795 65 13 19 0.91679376 
164 52 16 21 0.9134095 
679 97 21 23 0.9095357 
709 355 43 65 0.9012559 
562 63 17 19 0.8780241 
822 53 12 17 0.8767435 
472 105 22 28 0.8761307 
740 63 13 16 0.87540996 
715 51 14 18 0.86303544 
137 79 22 28 0.859864 
420 102 21 25 0.8486249 
817 145 22 33 0.8440837 
885 103 15 21 0.8375494 
252 82 22 27 0.7973092 
758 47 12 15 0.79178476 
55 35 13 17 0.77895534 
379 86 22 27 0.7679161 
793 114 25 31 0.7531694 
233 204 26 31 0.7511528 
128 381 58 65 0.7373015 
98 37 16 18 0.73430693 
327 13 12 15 0.7156353 
749 110 17 24 0.6942452 
320 147 25 33 0.67104405 
192 74 17 21 0.65682024 
767 90 19 21 0.6446404 
573 44 14 18 0.6261665 
667 46 13 17 0.59024656 
948 202 28 38 0.57893205 
666 99 22 28 0.56154674 
512 49 13 16 0.4983277 
984 344 36 60 0.49108234 
55 354 50 58 0.46868312 
240 86 21 28 0.43867165 
876 88 15 22 0.4167918 
141 40 9 12 0.41341096 
188 39 9 12 0.41187096 
630 51 15 19 0.40479776 
831 215 24 35 0.39527473 
461 51 12 16 0.3858711 
284 20 13 18 0.37651485 
940 166 14 20 0.3687395 
15 2 11 12 0.3641018 
153 44 12 12 0.3483771 
435 81 21 28 0.33252305 
661 171 26 31 0.33126825 
807 33 14 17 0.32518953 
516 44 14 17 0.3227852 
907 115 17 22 0.32056516 
856 100 22 30 0.2751537 
619 48 15 19 0.26424953 
198 103 16 19 0.2506628 
761 131 24 29 0.24294294 
282 56 14 17 0.24211286 
100 6 10 13 0.23522744 
152 29 10 12 0.23328407 
106 39 14 18 0.23061669 
463 44 14 17 0.22722118 
582 69 12 17 0.22002696 
820 98 23 28 0.21686259 
253 78 16 20 0.21406299 
8 28 12 16 0.2089306 
815 51 13 18 0.20464371 
816 247 46 61 0.19602542 
757 99 23 27 0.19096465 
461 6 8 11 0.18542355 
112 427 68 89 0.17945236 
641 51 20 26 0.15750015 
666 160 23 31 0.15582865 
5 54 15 21 0.15183836 
740 19 12 16 0.14975944 
802 105 18 24 0.14602971 
548 318 47 57 0.14423226 
963 284 49 69 0.13959709 
652 51 15 21 0.1382837 
662 49 14 18 0.13720727 
111 25 9 11 0.13716488 
252 66 16 19 0.13464256 
655 154 27 33 0.13012148 
645 142 27 33 0.12846234 
784 201 29 35 0.12818041 
119 38 12 15 0.12789626 
383 94 21 29 0.123540014 
332 113 19 26 0.121398635 
878 97 17 25 0.120461114 
317 89 15 18 0.11877401 
789 126 18 21 0.11793613 
487 65 14 18 0.11704518 
847 57 14 18 0.116446055 
712 58 15 20 0.116162926 
826 150 24 31 0.1143096 
608 212 37 41 0.11190774 
314 147 19 24 0.10951279 
282 72 15 18 0.10831966 
472 13 9 13 0.10656645 
108 27 11 14 0.105871215 
909 93 13 17 0.10114674 
619 275 42 54 0.10026361 
57 86 19 24 0.09969175 
311 90 14 16 0.09595397 
824 207 45 57 0.09175601 
674 43 14 18 0.091722675 
467 40 12 16 0.089747146 
298 98 13 17 0.08857535 
756 218 15 18 0.08654684 
205 44 12 14 0.08360181 
872 83 13 19 0.08242271 
678 39 10 12 0.08220059 
882 84 14 17 0.08204531 
756 211 28 32 0.08131595 
759 31 12 15 0.080370374 
839 61 12 17 0.07982612 
102 30 14 17 0.07939871 
431 93 19 26 0.07648665 
516 27 11 14 0.07617069 
557 51 14 17 0.075644374 
698 249 49 67 0.075282395 
204 167 22 34 0.07493237 
58 30 12 15 0.07168938 
820 26 15 18 0.07149583 
616 472 125 125 0.069747835 
490 60 12 16 0.06853734 
805 58 15 18 0.06732967 
806 43 16 19 0.06617387 
258 236 16 19 0.066140935 
892 86 12 16 0.06579594 
670 40 10 13 0.0655586 
243 36 15 18 0.06479605 
533 41 14 18 0.06427694 
757 37 13 18 0.063856356 
746 60 14 17 0.0635177 
434 188 27 31 0.06316609 
972 314 50 75 0.062563226 
243 193 23 38 0.06251076 
889 137 31 38 0.061615076 
193 83 17 22 0.06156646 
318 35 14 17 0.059489045 
853 109 16 22 0.058485504 
959 196 15 23 0.05767456 
353 109 25 32 0.05749224 
753 51 13 16 0.05700899 
893 104 21 26 0.056246746 
721 141 24 30 0.05613356 
852 75 11 16 0.055398155 
808 99 22 27 0.055332385 
575 130 29 34 0.05516406 
122 362 46 57 0.05493672 
488 6 10 12 0.054438528 
896 120 29 34 0.05435734 
113 389 105 105 0.054339472 
254 228 26 31 0.05391803 
77 350 34 42 0.052324742 
678 155 13 22 0.052309938 
575 105 23 28 0.05222531 
538 100 25 30 0.051818766 
565 49 19 22 0.05089089 
458 67 14 18 0.049845494 
820 210 26 33 0.049516518 
229 212 19 22 0.048961494 
611 82 21 26 0.04869791 
862 162 15 22 0.04827745 
141 216 48 53 0.04766368 
923 158 22 32 0.04759375 
488 54 11 14 0.047500875 
32 35 12 15 0.047075525 
809 119 18 20 0.047068678 
714 149 25 29 0.046969097 
276 227 13 17 0.04663416 
227 61 14 16 0.045835573 
470 19 12 15 0.044748474 
808 135 26 33 0.044681314 
725 90 13 16 0.044591065 
59 74 17 22 0.04436259 
764 30 13 15 0.0438335 
5 195 45 61 0.043419797 
811 247 29 37 0.04326228 
831 101 17 23 0.04275497 
798 267 39 57 0.04270083 
536 3 14 16 0.0423591 
7 -1 14 13 0.0422191 
608 46 21 27 0.041912008 
907 105 17 22 0.041609082 
95 32 13 16 0.041463774 
567 6 12 15 0.041360155 
136 42 11 13 0.04126054 
502 5 10 12 0.041035037 
62 59 11 13 0.040923953 
211 43 12 14 0.040892128 
535 254 48 55 0.040426586 
250 94 24 33 0.040248398 
123 43 11 14 0.04012344 
371 56 16 21 0.04006177 
362 57 16 20 0.040038455 
339 110 14 19 0.039542038 
0 19 8 13 0.03933173 
748 120 26 33 0.03926667 
799 204 26 33 0.03901603 
494 5 10 12 0.03888373 
663 38 13 15 0.038480867 
454 46 13 17 0.03813023 
820 227 32 50 0.038081493 
843 65 14 18 0.037812833 
791 70 14 19 0.037302133 
153 41 17 22 0.037155077 
554 153 24 31 0.037022524 
1 61 22 40 0.036853533 
801 66 14 18 0.036790304 
230 66 22 27 0.036779616 
899 91 17 20 0.036704686 
660 111 24 29 0.0366071 
210 175 26 35 0.035696536 
4 28 21 30 0.035647508 
812 108 23 27 0.035623174 
222 63 21 26 0.035473686 
339 487 51 73 0.03533474 
942 214 37 44 0.035307176 
756 65 14 17 0.035189323 
0 50 14 22 0.035019685 
333 36 10 13 0.034951948 
118 215 44 53 0.03424615 
827 200 28 37 0.03416563 
270 427 61 101 0.034008555 
36 30 11 14 0.033936024 
393 102 14 20 0.033726744 
344 116 27 35 0.03369565 
11 33 11 15 0.033679172 
322 12 11 14 0.033592783 
799 101 14 20 0.033445716 
567 143 29 32 0.033248298 
885 91 22 27 0.033208326 
504 12 10 13 0.033184666 
207 183 15 20 0.032965694 
739 67 16 23 0.032825615 
795 21 13 17 0.032610904 
852 64 13 17 0.032403782 
240 204 39 47 0.03227721 
867 155 13 20 0.032261234 
283 46 14 16 0.032117326 
374 218 11 12 0.031959575 
180 49 13 17 0.031469855 
485 46 11 13 0.031349383 
658 55 14 19 0.031298626 
270 42 11 14 0.03128797 
201 80 15 20 0.031192053 
323 121 25 33 0.030974245 
480 50 11 14 0.03094751 
683 19 14 18 0.030447982 
264 224 23 28 0.030238839 
204 51 14 16 0.030103171 
535 91 23 29 0.029953292 
497 246 54 49 0.02985871 
515 56 15 18 0.02981297 
551 22 12 15 0.029791584 
183 79 16 21 0.02975252 
79 85 36 45 0.029650228 
797 240 32 40 0.02949307 
765 139 25 31 0.029374983 
790 114 18 22 0.02931584 
683 37 12 16 0.029007519 
116 23 9 11 0.028881336 
55 94 26 31 0.028879242 
251 38 11 14 0.028821709 
210 65 14 18 0.028473182 
511 22 13 16 0.02845872 
282 80 16 19 0.028201874 
322 64 15 18 0.028105408 
341 15 12 13 0.028025089 
363 227 34 39 0.027949017 
908 466 57 79 0.02783183 
144 51 12 16 0.027562087 
495 1 11 11 0.027476706 
462 12 10 14 0.027362907 
548 178 16 20 0.027342202 
821 43 20 25 0.027297596 
523 281 61 61 0.027235836 
118 30 11 13 0.027191408 
748 72 15 19 0.027000055 
379 57 13 18 0.026962707 
280 46 11 13 0.02692018 
869 142 24 33 0.026906498 
320 8 10 12 0.026757948 
480 69 18 24 0.026704596 
896 238 30 41 0.026680786 
129 69 36 46 0.02650276 
563 103 25 33 0.026484687 
771 29 13 16 0.026426462 
868 96 16 25 0.026260093 
223 195 29 36 0.026228713 
622 35 12 17 0.026197188 
840 146 19 23 0.026192531 
117 52 13 15 0.026164947 
6 74 22 36 0.026163282 
325 114 17 22 0.026106438 
685 42 14 18 0.026075372 
234 61 13 16 0.02602452 
149 84 22 30 0.025996296 
669 87 39 44 0.02566946 
35 42 13 15 0.025610486 
656 98 24 32 0.02559632 
522 46 15 18 0.025563318 
646 47 13 18 0.025506018 
359 95 25 27 0.025457907 
197 39 11 12 0.025390444 
607 46 14 19 0.025342558 
206 59 14 17 0.025294699 
547 162 25 31 0.025203964 
167 89 15 19 0.025048334 
868 58 13 17 0.024949558 
280 15 12 15 0.024852589 
656 139 19 24 0.024818426 
736 356 50 67 0.024803603 
754 227 34 40 0.024652818 
293 102 16 22 0.024535332 
30 0 12 11 0.024412775 
775 96 22 30 0.024396623 
779 172 26 29 0.024352364 
256 189 23 36 0.024336983 
210 90 15 21 0.024296243 
820 60 15 20 0.024150394 
885 3 14 17 0.024135267 
178 419 126 113 0.024099208 
492 45 11 13 0.02409405 
64 114 41 51 0.024089007 
901 151 30 37 0.024080165 
103 23 12 14 0.024060348 
551 101 22 30 0.02401212 
188 21 11 13 0.023806699 
260 245 17 21 0.023682574 
95 23 10 12 0.023557123 
846 78 13 19 0.023533307 
39 328 83 93 0.02352441 
863 91 12 18 0.023342403 
96 360 50 60 0.023332207 
92 158 35 44 0.023185113 
567 2 10 10 0.023184353 
798 23 20 25 0.023097724 
572 105 17 20 0.023079533 
556 67 19 23 0.022900742 
230 36 12 16 0.022769976 
309 0 11 11 0.02267126 
582 141 33 40 0.022668023 
679 29 13 17 0.02259389 
603 130 26 35 0.02252846 
802 287 19 23 0.02238016 
313 101 24 29 0.022368804 
406 6 11 13 0.02224321 
-1 73 12 24 0.022098502 
81 434 69 82 0.021992331 
306 92 22 26 0.021709694 
372 32 13 18 0.021703908 
9 0 20 20 0.02169358 
125 32 10 13 0.021681624 
775 223 35 40 0.021603981 
850 158 23 27 0.02158189 
93 107 32 46 0.021445295 
843 210 35 40 0.021416277 
820 231 16 22 0.021377536 
836 67 21 26 0.02129635 
195 341 43 52 0.02129243 
87 6 11 13 0.02126143 
706 44 14 17 0.021237295 
757 91 16 19 0.021194126 
533 15 14 18 0.021185707 
813 256 17 21 0.021139199 
219 126 25 27 0.02107938 
-1 332 28 59 0.02100964 
148 149 26 30 0.020894436 
4 110 37 52 0.020890018 
777 159 26 29 0.020807298 
641 469 78 69 0.020744378 
733 84 14 18 0.020734493 
781 73 14 18 0.020734467 
773 146 24 30 0.020725502 
615 134 27 38 0.02072389 
615 90 22 28 0.020628534 
751 81 12 18 0.020532094 
242 29 14 17 0.020468254 
792 132 20 24 0.020353112 
455 27 11 15 0.020332068 
701 58 15 19 0.020254528 
246 233 44 48 0.020229563 
913 98 13 18 0.020196894 
41 98 42 51 0.020122869 
87 42 13 16 0.020112354 
231 30 21 27 0.020095667 
15 22 20 27 0.020082569 
621 27 14 16 0.020011757 
746 18 13 17 0.020001587 
