10_People_Marching_People_Marching_2_401
237
193 353 53 68 0.9995401 
332 402 67 87 0.99893266 
730 301 33 44 0.9983668 
91 514 64 76 0.9980415 
494 268 30 39 0.9979087 
20 409 57 67 0.99753416 
569 265 27 37 0.9972512 
46 290 23 29 0.9965295 
541 240 24 32 0.9956328 
640 531 76 101 0.9954169 
660 267 33 40 0.99321705 
101 282 28 33 0.9931993 
284 294 22 30 0.99295104 
627 250 26 35 0.98980135 
65 318 27 36 0.989714 
252 272 22 28 0.9839425 
726 383 38 47 0.9833506 
921 263 27 36 0.98095554 
314 270 16 21 0.97831434 
851 249 33 47 0.9768565 
386 249 17 22 0.9720088 
422 240 22 26 0.9717329 
100 392 38 42 0.96693146 
353 276 19 24 0.96521765 
477 263 24 34 0.94211376 
306 328 26 31 0.9411808 
701 239 16 21 0.93588835 
508 240 20 23 0.9288769 
547 506 60 57 0.92413926 
357 253 13 16 0.9184267 
756 264 28 36 0.91745925 
190 268 23 28 0.91151 
672 421 40 49 0.91001505 
797 281 43 49 0.90822357 
351 336 24 33 0.90659326 
781 359 40 66 0.87945396 
208 303 24 27 0.87642866 
857 506 82 122 0.84449697 
741 253 18 25 0.76950985 
746 229 15 19 0.7628565 
383 312 25 31 0.7490148 
614 235 16 22 0.7025462 
329 291 19 24 0.6551099 
314 354 28 33 0.5540559 
611 478 46 64 0.48486066 
493 341 33 57 0.47425473 
-1 354 23 45 0.35130537 
987 233 13 18 0.34309778 
816 244 28 32 0.26831782 
749 258 25 31 0.2676255 
71 286 14 18 0.2634685 
584 247 23 28 0.2592088 
940 247 17 22 0.23530248 
295 274 16 19 0.22111568 
650 355 33 38 0.2185277 
998 276 14 19 0.20336387 
339 263 15 19 0.20046538 
326 230 10 12 0.1918785 
35 268 13 18 0.19099696 
621 245 23 32 0.18357389 
199 308 35 37 0.17609285 
554 353 39 62 0.17301278 
115 284 22 29 0.15893798 
177 321 31 34 0.15680423 
741 238 22 28 0.15594892 
901 234 15 19 0.14748463 
792 214 10 13 0.14574182 
132 301 16 21 0.13786101 
175 259 12 17 0.13631113 
814 233 26 28 0.12899907 
262 384 39 47 0.11376864 
171 266 12 18 0.108130515 
755 433 32 42 0.10751139 
362 258 14 17 0.10589425 
773 261 25 32 0.10255233 
412 324 14 17 0.10218894 
637 216 15 19 0.1017606 
592 493 49 61 0.1010539 
188 316 33 35 0.10051186 
178 253 14 17 0.10050899 
444 216 10 13 0.093554884 
398 317 23 27 0.092462756 
488 238 13 15 0.08962145 
140 194 15 19 0.082477525 
997 284 14 23 0.08191101 
490 222 13 15 0.07767124 
489 240 22 28 0.071472146 
597 253 23 29 0.07097771 
130 290 15 22 0.06888206 
327 310 20 26 0.06553842 
588 235 17 19 0.06395604 
628 214 18 21 0.06356965 
973 251 9 13 0.06015045 
372 319 23 30 0.059754066 
814 260 43 52 0.05947066 
363 330 17 22 0.059223797 
668 252 27 31 0.055880785 
129 231 8 10 0.055556107 
380 307 19 23 0.054938283 
590 228 15 17 0.052796897 
503 247 27 33 0.051403515 
427 359 31 36 0.051345903 
904 237 20 26 0.05089614 
707 215 11 14 0.049856 
36 265 10 12 0.049402036 
662 243 15 17 0.049095023 
697 468 38 43 0.04905568 
199 304 17 21 0.04870155 
316 263 14 18 0.04819198 
762 261 18 22 0.04798687 
252 385 28 38 0.04748987 
365 244 12 16 0.047044236 
690 427 35 42 0.046479575 
983 239 14 18 0.044060033 
625 231 22 28 0.04225029 
411 325 23 25 0.04157212 
981 204 10 13 0.04146595 
485 249 16 21 0.040539227 
208 230 9 11 0.039979815 
664 355 32 39 0.039574035 
982 200 9 10 0.039553285 
512 353 41 59 0.039246187 
772 367 32 46 0.03851541 
770 197 14 18 0.038501766 
429 325 11 14 0.03784007 
258 245 12 14 0.037294198 
96 288 15 20 0.037165575 
928 231 10 12 0.036982585 
319 319 23 27 0.03643054 
405 253 12 16 0.0361041 
316 254 14 17 0.03604494 
856 238 26 35 0.035996765 
327 354 18 23 0.03597511 
961 203 9 12 0.03574532 
363 341 27 35 0.035563443 
993 235 15 19 0.03531663 
238 287 15 20 0.035150643 
995 301 15 24 0.03412692 
392 308 18 21 0.033771764 
917 251 13 17 0.033596024 
181 263 21 27 0.03343575 
6 343 26 37 0.033371434 
0 289 9 16 0.032620173 
351 246 13 17 0.032493893 
634 235 16 18 0.032094277 
625 463 52 67 0.031276733 
790 211 20 26 0.030857109 
208 238 11 13 0.030677695 
5 286 10 15 0.030252364 
745 444 30 34 0.030196877 
780 271 28 39 0.03005758 
599 453 49 70 0.029895766 
350 258 14 17 0.029877592 
370 260 12 16 0.02982248 
633 242 19 24 0.029656827 
110 440 30 31 0.029598739 
599 264 23 33 0.029441927 
60 307 26 36 0.027897792 
587 289 23 30 0.02744043 
344 277 20 27 0.027190868 
1003 268 16 21 0.027090825 
537 468 57 74 0.026965134 
546 348 33 48 0.0269625 
768 265 19 25 0.0269411 
798 356 53 78 0.02681259 
990 280 17 24 0.026794735 
640 446 50 61 0.0267564 
3 327 21 29 0.026324227 
440 216 19 23 0.026320739 
935 244 15 19 0.026176048 
758 182 12 15 0.025914773 
999 263 10 12 0.02588588 
736 404 42 57 0.025836423 
243 277 25 31 0.025636034 
990 250 11 15 0.025520675 
295 223 11 13 0.025165666 
487 224 18 23 0.025157629 
859 237 16 22 0.025107617 
17 344 27 35 0.025099576 
349 237 10 12 0.025086457 
366 265 14 19 0.024963897 
742 270 41 53 0.024924131 
812 245 21 22 0.024746895 
479 263 15 20 0.024519071 
491 322 28 43 0.024430895 
386 301 18 21 0.024428213 
959 350 12 14 0.024297329 
611 501 55 78 0.024276158 
867 253 40 52 0.02421657 
318 278 20 25 0.024195323 
824 229 18 22 0.024085777 
484 338 28 46 0.024077956 
630 224 16 20 0.023997892 
1011 274 13 18 0.023925671 
965 200 9 12 0.0237038 
209 225 9 11 0.023585422 
576 465 54 73 0.023549616 
586 267 26 32 0.023515562 
313 206 9 11 0.023493957 
283 253 13 16 0.023454739 
5 348 41 52 0.023439748 
818 283 35 42 0.02333892 
60 289 23 28 0.023221474 
289 278 22 28 0.02310431 
606 257 24 34 0.022952762 
661 242 23 28 0.02275429 
869 211 14 17 0.022605833 
180 322 18 22 0.022450121 
545 304 28 31 0.022195272 
732 250 17 23 0.022129053 
979 209 13 16 0.022087464 
575 502 35 48 0.02206523 
386 421 27 38 0.022063125 
615 454 28 43 0.022020021 
924 253 12 16 0.021932896 
944 254 16 22 0.02190715 
912 249 24 31 0.021900553 
583 236 14 17 0.021895751 
682 371 26 34 0.021772278 
495 359 44 66 0.021753702 
319 234 13 15 0.021727353 
982 252 12 15 0.021468492 
807 236 14 17 0.021285037 
347 268 16 19 0.021271255 
727 251 15 18 0.020817725 
11 352 16 22 0.020758785 
988 267 21 29 0.02072594 
576 279 25 36 0.020692376 
1006 262 11 15 0.020662265 
92 418 44 54 0.020384675 
695 446 34 43 0.020335924 
37 274 22 28 0.020324487 
506 343 36 46 0.02029144 
667 239 13 16 0.020219032 
570 260 19 26 0.020205734 
703 212 18 23 0.020102987 
378 351 26 31 0.020055814 
