10_People_Marching_People_Marching_2_239
61
351 223 66 83 0.9976617 
518 355 45 53 0.9746149 
978 405 41 50 0.9693425 
839 237 70 84 0.94291836 
63 408 43 47 0.82590705 
962 172 31 41 0.6117697 
934 361 40 49 0.39094648 
467 250 12 18 0.1706733 
91 482 45 57 0.12552416 
964 160 28 31 0.10476079 
246 436 22 28 0.102669045 
212 352 57 67 0.09508385 
464 245 12 17 0.06640269 
9 442 28 32 0.060463533 
432 236 12 17 0.060330994 
486 345 16 20 0.056158375 
799 245 29 33 0.055556145 
207 303 79 106 0.05173216 
347 657 25 27 0.050069373 
301 642 28 34 0.040060688 
566 265 24 29 0.038744926 
505 126 379 467 0.037405785 
15 463 34 37 0.0346787 
606 216 215 318 0.033089373 
256 516 11 15 0.032036196 
179 578 32 35 0.03129484 
261 501 11 15 0.030505473 
425 198 10 12 0.030060617 
228 515 13 16 0.029797824 
170 338 14 19 0.029768977 
0 505 13 23 0.029464936 
244 453 16 19 0.029284988 
562 363 45 57 0.02900944 
513 292 16 19 0.028068127 
165 331 25 33 0.02722624 
38 519 23 29 0.027181568 
589 359 89 140 0.026868584 
336 643 22 26 0.026549632 
969 566 57 76 0.025699347 
465 191 10 12 0.025313599 
4 450 15 19 0.025119128 
969 181 19 25 0.024219537 
315 640 25 32 0.024186218 
950 581 34 30 0.024103338 
337 246 33 56 0.024016656 
692 62 93 105 0.023788797 
575 382 44 62 0.023539081 
34 501 23 30 0.023079285 
475 340 23 30 0.02275931 
210 594 19 22 0.022661822 
179 440 25 30 0.022658113 
167 8 8 9 0.022649428 
615 450 11 14 0.022400618 
299 655 18 22 0.022134319 
182 483 26 36 0.021442583 
86 71 11 14 0.021235922 
526 244 12 15 0.021189708 
460 236 15 20 0.02106726 
434 111 21 26 0.021006973 
508 53 28 32 0.020391492 
22 446 28 30 0.020290045 
