10_People_Marching_People_Marching_2_373
826
981 151 28 34 0.99962294 
258 262 29 38 0.9995739 
381 187 28 38 0.9995664 
336 167 26 32 0.99938035 
808 145 25 30 0.99926656 
264 138 26 32 0.9990404 
312 205 30 37 0.99889565 
394 345 35 47 0.9988482 
568 303 30 39 0.99881124 
772 187 26 35 0.998771 
969 92 24 31 0.9987643 
808 299 34 37 0.9987375 
756 278 33 34 0.9987274 
284 296 31 39 0.9986512 
251 400 37 47 0.9986212 
139 315 29 35 0.9985511 
270 96 25 31 0.99843127 
170 386 31 39 0.99840397 
618 113 26 31 0.9984017 
224 310 30 38 0.9983316 
913 151 27 32 0.99788946 
368 384 30 38 0.99778277 
85 188 26 31 0.9975383 
695 201 29 32 0.99753463 
21 321 36 42 0.9974195 
993 79 24 29 0.997306 
275 365 37 47 0.99727374 
107 423 42 50 0.99726886 
857 294 28 36 0.9971143 
883 174 30 34 0.9970651 
250 465 39 50 0.9969645 
89 373 34 47 0.9969023 
875 100 25 29 0.996761 
714 173 25 32 0.9966217 
145 505 44 53 0.9965312 
698 338 32 40 0.9963825 
911 227 31 39 0.9958947 
268 202 29 31 0.9957718 
980 438 29 36 0.99574727 
692 294 31 36 0.9957033 
672 439 35 40 0.99568814 
942 207 29 32 0.99562305 
864 135 23 29 0.9955647 
756 335 31 37 0.99544287 
152 345 33 39 0.9953909 
985 243 29 35 0.9949169 
521 257 33 37 0.9946926 
55 307 31 37 0.994611 
629 472 40 46 0.9942707 
795 373 34 38 0.9932969 
765 496 39 50 0.99219525 
1001 373 24 38 0.99159485 
459 327 36 41 0.9913386 
410 427 34 46 0.9908564 
841 158 24 26 0.9905652 
290 469 36 44 0.9900097 
838 76 25 28 0.9896179 
766 115 25 28 0.98960835 
182 122 23 30 0.9894632 
758 237 25 29 0.98734504 
182 436 32 45 0.9871523 
511 412 42 53 0.9871284 
354 439 46 49 0.9869199 
967 190 25 30 0.9862002 
797 117 25 31 0.98578125 
51 53 22 28 0.9845558 
322 45 16 19 0.9838207 
478 39 21 28 0.9836226 
693 481 45 52 0.9834224 
371 109 23 27 0.98211205 
695 241 29 30 0.9810178 
931 291 25 32 0.9808692 
347 52 19 23 0.98086184 
146 102 25 30 0.9803516 
170 289 34 45 0.9799993 
953 505 42 46 0.97910315 
791 65 24 30 0.97783595 
164 71 21 26 0.9757016 
658 140 25 28 0.9748549 
284 16 19 23 0.9741833 
158 6 18 22 0.9735901 
990 476 31 44 0.973539 
920 381 29 42 0.9712333 
208 259 28 35 0.9702955 
500 93 24 31 0.9696529 
878 275 26 28 0.9695035 
845 237 30 36 0.96879107 
121 34 18 23 0.9687839 
185 15 18 23 0.967479 
624 175 26 31 0.9651308 
727 86 22 27 0.9647342 
123 7 15 19 0.9645167 
71 466 36 53 0.9643425 
774 88 22 27 0.96433896 
306 12 16 22 0.9612996 
927 120 25 27 0.9585398 
871 403 37 48 0.95741063 
334 282 31 32 0.9563725 
630 291 33 41 0.95597607 
935 73 23 30 0.9553414 
551 389 39 44 0.95302284 
827 56 20 26 0.952444 
394 250 31 34 0.9520994 
775 147 23 28 0.9469636 
51 257 27 35 0.9468666 
128 384 32 39 0.94510454 
849 206 24 29 0.9386984 
370 138 24 27 0.9385997 
795 272 27 28 0.9340494 
355 78 21 24 0.9339163 
254 167 22 27 0.93030894 
45 429 42 48 0.9268879 
576 62 19 24 0.92354316 
142 42 20 25 0.9224302 
756 28 19 24 0.9136641 
382 4 20 21 0.9094495 
874 68 22 25 0.90602607 
57 224 25 28 0.90090215 
314 536 47 52 0.8994448 
673 139 26 28 0.8970434 
795 19 19 25 0.8969919 
817 181 21 26 0.88942707 
418 99 19 24 0.8886812 
629 409 25 36 0.8869772 
770 51 18 22 0.8864761 
345 327 24 33 0.8844863 
548 46 17 21 0.8795464 
424 51 18 24 0.87141216 
167 186 27 33 0.86476624 
614 75 21 25 0.8614002 
522 61 17 22 0.8549103 
794 413 26 37 0.85457706 
852 50 21 26 0.8419296 
369 42 18 23 0.84015995 
20 82 24 32 0.8340451 
177 502 26 37 0.83288354 
640 28 18 20 0.82511693 
199 100 22 27 0.81342274 
908 262 22 27 0.8033616 
363 14 14 18 0.8032137 
330 434 28 37 0.8019869 
729 6 18 22 0.8011866 
101 241 24 28 0.7964338 
118 56 19 24 0.78968716 
932 50 13 17 0.7849764 
546 94 25 30 0.7727936 
882 49 15 18 0.77171856 
998 210 17 21 0.7709685 
205 204 26 31 0.768048 
821 512 27 40 0.7622005 
588 374 22 30 0.7457995 
816 88 21 27 0.7255536 
407 56 17 19 0.7219539 
657 53 19 23 0.71407527 
185 63 19 25 0.7062281 
2 8 18 20 0.7006054 
478 269 25 29 0.6981467 
456 13 13 16 0.68781024 
260 76 18 20 0.6836893 
229 82 20 24 0.6746787 
747 167 19 23 0.6708619 
56 356 30 35 0.6489548 
413 21 13 15 0.6380091 
916 84 15 20 0.61718184 
209 228 22 29 0.59683293 
134 86 21 26 0.5741395 
444 43 17 19 0.5738339 
63 233 25 32 0.57304573 
53 441 46 63 0.56780314 
701 4 12 14 0.56650484 
2 87 16 22 0.547715 
621 36 12 17 0.5440187 
742 178 23 31 0.54052913 
107 302 22 27 0.53898185 
83 12 12 15 0.5364414 
763 76 18 20 0.5312772 
958 286 23 27 0.5249067 
569 85 15 20 0.51617104 
417 327 28 36 0.5121523 
673 346 25 31 0.5091811 
142 126 24 30 0.49284664 
242 9 13 16 0.4927721 
767 81 24 27 0.48254937 
934 505 28 37 0.47777095 
571 33 14 17 0.47204137 
34 58 13 17 0.46361992 
819 37 15 18 0.44954512 
363 260 24 31 0.4433908 
348 22 18 21 0.43880114 
564 0 15 15 0.43716964 
892 22 13 16 0.43375412 
0 46 12 19 0.4256789 
8 83 21 29 0.39955276 
538 77 14 17 0.38648868 
496 19 16 19 0.38295645 
402 301 24 28 0.38024378 
518 33 13 17 0.37252903 
662 190 24 27 0.36859098 
550 254 30 35 0.36708644 
564 431 25 31 0.36367974 
106 312 29 38 0.3623497 
333 102 21 27 0.35636812 
235 51 15 18 0.35566705 
473 111 24 28 0.3510616 
771 11 15 17 0.34133664 
455 43 17 19 0.34055477 
942 28 12 15 0.33240935 
456 78 18 27 0.3281724 
62 246 27 35 0.31581053 
731 43 15 19 0.30900595 
186 50 16 20 0.3086682 
192 267 15 19 0.29081243 
429 328 28 40 0.28886664 
800 0 11 12 0.28396118 
242 106 13 17 0.2739937 
230 36 16 19 0.27270824 
684 11 10 13 0.2717013 
623 3 11 12 0.27160203 
269 0 15 17 0.26435164 
24 21 10 13 0.2585643 
555 21 13 17 0.24999888 
214 1 13 13 0.24991031 
833 475 32 44 0.24890347 
373 121 25 31 0.24763264 
195 47 19 24 0.24045189 
622 438 32 35 0.23324603 
996 129 23 29 0.22449599 
210 65 17 22 0.21605882 
56 20 14 16 0.21170662 
340 132 20 24 0.20975901 
193 266 24 30 0.2087875 
901 70 16 19 0.20837627 
613 15 11 13 0.2068967 
608 331 22 29 0.20449571 
820 20 11 15 0.20382896 
86 35 14 19 0.20198219 
220 179 24 31 0.19929682 
670 400 24 34 0.19235829 
871 282 30 38 0.19020802 
230 27 16 18 0.18807055 
265 71 23 27 0.18774363 
286 176 17 21 0.18191433 
191 207 24 29 0.18076572 
301 220 16 21 0.1807387 
203 54 20 25 0.17997222 
943 21 13 16 0.17816187 
133 134 23 28 0.17693126 
260 383 39 54 0.17579804 
705 143 21 26 0.17491423 
47 174 21 27 0.17479958 
750 0 13 16 0.17430909 
398 86 21 26 0.17294773 
38 14 15 20 0.17056929 
945 388 28 34 0.16799201 
55 542 36 44 0.16629058 
222 86 20 25 0.16623758 
213 18 14 17 0.16599578 
3 206 15 23 0.16250074 
467 82 14 21 0.16190127 
619 61 14 16 0.16037266 
402 76 18 21 0.15449329 
899 269 23 26 0.15241648 
938 368 31 36 0.14981455 
407 28 14 18 0.14917701 
844 53 20 26 0.14625062 
851 34 15 17 0.14620194 
450 289 31 36 0.1448794 
359 19 14 17 0.14316428 
179 72 17 22 0.14031562 
153 297 38 50 0.14008379 
669 22 11 14 0.13873826 
829 78 22 28 0.13616069 
596 251 15 19 0.13528141 
884 0 12 11 0.13461643 
629 401 17 27 0.13434573 
663 0 14 16 0.13420418 
442 112 19 22 0.13418092 
711 76 13 18 0.13333185 
862 50 21 25 0.1323211 
540 12 15 16 0.13152967 
790 473 17 21 0.1285894 
808 419 16 23 0.1265574 
913 245 29 37 0.12570664 
260 349 30 36 0.12567677 
444 331 35 40 0.12505627 
763 24 21 26 0.123595126 
0 69 9 13 0.123494856 
846 12 13 15 0.118964575 
665 200 25 30 0.11554399 
-1 195 13 22 0.11347535 
499 50 16 20 0.11240688 
851 0 13 13 0.11055782 
663 20 12 15 0.10979737 
575 380 29 34 0.10820186 
182 276 27 35 0.10720123 
241 292 15 19 0.106281675 
846 3 15 16 0.10557531 
0 262 11 15 0.104941905 
637 74 14 18 0.10361793 
946 15 13 15 0.10347119 
742 69 11 15 0.10260553 
387 119 15 21 0.102373615 
11 50 15 18 0.09989094 
318 4 14 15 0.099673815 
208 194 18 20 0.09927727 
619 68 15 18 0.09866224 
674 233 18 22 0.09783299 
920 71 21 29 0.09722027 
150 202 13 16 0.0961165 
341 437 39 43 0.09559864 
785 277 29 35 0.09543682 
3 299 15 21 0.0950715 
190 56 19 24 0.09506842 
888 45 15 18 0.09450985 
76 6 16 18 0.09433062 
123 363 26 33 0.09325252 
900 101 13 18 0.09095478 
294 1 14 17 0.09079479 
1012 27 10 16 0.08998939 
96 322 28 36 0.089870125 
610 6 9 11 0.08763978 
409 317 27 32 0.08754847 
22 2 12 14 0.086989634 
352 45 22 26 0.086404145 
341 11 15 16 0.08636591 
693 68 12 14 0.08617064 
333 134 15 20 0.08595688 
72 0 12 11 0.08470607 
889 32 15 18 0.083069354 
727 67 13 16 0.081715174 
841 219 31 37 0.08162895 
936 460 31 34 0.08103212 
407 256 18 21 0.07914553 
31 64 14 17 0.07912453 
15 67 12 15 0.078925975 
113 242 19 24 0.07867171 
410 91 21 26 0.07846435 
541 17 23 26 0.0783876 
614 6 10 12 0.07693002 
221 206 24 30 0.07679891 
451 384 29 40 0.07589421 
77 33 16 20 0.07582684 
607 29 9 11 0.07522235 
216 209 18 22 0.07416854 
394 161 18 21 0.07412185 
681 465 46 55 0.07382591 
70 10 14 17 0.073811 
939 176 22 24 0.07352623 
211 182 23 29 0.073201045 
204 36 15 17 0.07284736 
839 20 13 16 0.07187751 
849 470 29 38 0.07184488 
139 348 36 47 0.07047708 
971 52 11 16 0.070469394 
939 516 16 23 0.069828555 
587 44 11 14 0.06953184 
276 183 27 32 0.06915257 
801 58 18 22 0.06782039 
787 78 23 30 0.06767459 
919 495 34 42 0.067622684 
695 41 14 18 0.06718694 
739 190 24 33 0.06679633 
903 373 24 29 0.06668387 
3 137 16 23 0.0665364 
636 59 15 18 0.06644346 
342 5 14 15 0.06641173 
330 328 31 36 0.06639674 
130 4 14 18 0.06604443 
635 379 26 33 0.06528074 
501 82 18 21 0.06494536 
544 99 15 19 0.06456231 
512 12 12 17 0.06445863 
878 54 22 25 0.06384968 
483 254 27 32 0.063767746 
640 5 11 11 0.06360462 
638 177 23 29 0.06255697 
843 253 30 35 0.062352147 
626 76 16 20 0.062286876 
236 209 17 21 0.06134423 
532 253 43 48 0.060986485 
0 57 9 17 0.060115047 
303 538 33 37 0.060078006 
409 81 17 19 0.058741387 
860 30 12 15 0.05849124 
546 13 14 16 0.0583335 
46 314 30 37 0.058246553 
463 276 32 34 0.05778798 
365 22 16 20 0.057731148 
102 381 35 39 0.05729704 
812 206 21 27 0.05692449 
886 70 19 23 0.056733236 
767 7 13 15 0.056253426 
1005 53 11 13 0.056032587 
341 18 19 22 0.055736423 
982 454 36 46 0.055736244 
406 130 13 19 0.05546387 
802 1 14 17 0.05537896 
419 33 16 20 0.055208612 
87 331 26 33 0.055039454 
580 37 11 14 0.05495222 
559 414 29 38 0.054906633 
371 7 20 25 0.05489678 
211 97 17 24 0.054848034 
998 46 12 14 0.054330155 
450 47 21 26 0.054129913 
349 0 13 11 0.053868085 
27 19 13 16 0.053742114 
608 22 10 13 0.053521167 
479 21 12 15 0.05340053 
1012 60 10 14 0.053362835 
458 309 31 37 0.053222403 
665 268 22 29 0.053124152 
264 -1 14 12 0.052641388 
219 11 14 18 0.052265014 
367 34 16 22 0.052245047 
338 120 21 25 0.051741537 
931 486 33 42 0.05132975 
235 18 15 18 0.051255446 
901 389 41 51 0.05081939 
0 132 11 20 0.05080162 
59 150 16 21 0.05048007 
682 196 25 31 0.050338767 
829 496 30 45 0.050071944 
411 26 18 23 0.050040267 
202 42 21 26 0.049515653 
982 280 15 19 0.049345616 
861 464 24 34 0.049344983 
909 379 27 34 0.04932776 
61 15 12 14 0.04921716 
955 396 28 32 0.049174756 
643 274 29 35 0.049105667 
533 19 15 17 0.04892529 
53 373 30 46 0.04881598 
136 368 31 43 0.048799556 
598 64 13 17 0.047960866 
511 304 28 35 0.04773845 
425 36 16 19 0.0476911 
399 28 12 16 0.04764563 
542 84 23 28 0.047267746 
845 28 14 16 0.047258258 
240 84 14 18 0.047242958 
41 35 13 17 0.04683461 
978 484 33 39 0.04681635 
548 107 19 24 0.046705738 
474 92 23 30 0.0466386 
275 51 18 22 0.046326417 
174 198 26 31 0.046249606 
436 90 17 22 0.046039853 
335 12 13 16 0.045714095 
543 315 14 19 0.045677483 
624 40 15 17 0.04563685 
680 235 26 31 0.045549344 
556 13 14 17 0.045472924 
477 27 14 18 0.045386758 
354 276 24 34 0.045153014 
1013 115 11 18 0.04494554 
21 12 13 18 0.044714525 
95 3 12 16 0.04458357 
715 448 30 35 0.044454396 
90 10 13 17 0.044450063 
451 295 17 22 0.04431441 
461 256 17 20 0.043791488 
0 139 25 35 0.043778587 
662 349 26 29 0.04371262 
193 115 23 31 0.043668043 
653 185 22 27 0.0435278 
215 222 25 31 0.043409184 
943 288 22 30 0.04329108 
39 26 14 18 0.043161977 
231 299 26 33 0.043137267 
436 49 14 20 0.04309499 
523 93 12 16 0.042908378 
38 121 22 31 0.04275477 
747 98 13 17 0.042753525 
510 379 30 34 0.042574547 
552 32 20 28 0.04231922 
523 3 11 16 0.042115726 
927 54 15 19 0.041928917 
763 472 30 32 0.04184736 
732 67 15 18 0.04183784 
629 58 15 18 0.041790355 
938 401 16 21 0.041646317 
147 335 29 36 0.04147479 
26 196 13 15 0.041122235 
90 337 16 21 0.04110192 
933 57 22 26 0.040763356 
6 302 27 35 0.04039452 
588 37 11 14 0.040283065 
53 359 19 25 0.040177237 
776 470 26 31 0.040055405 
904 504 28 35 0.040036544 
218 95 16 23 0.039685197 
233 39 21 26 0.0395409 
783 18 21 28 0.039500896 
511 34 14 17 0.03942415 
737 94 17 21 0.039294437 
314 10 15 19 0.038884886 
11 257 21 30 0.038882393 
155 372 38 47 0.038829654 
614 29 12 14 0.038625058 
693 108 22 26 0.03841591 
823 49 19 25 0.038362812 
225 221 18 24 0.038189404 
641 74 23 27 0.037785906 
811 0 14 17 0.037765276 
334 25 15 18 0.037701607 
1004 45 12 16 0.03729794 
423 43 16 21 0.03728519 
528 18 12 16 0.037276886 
214 70 21 24 0.0372755 
38 5 15 17 0.037121262 
357 6 14 16 0.036961626 
780 69 24 28 0.036926035 
298 0 12 12 0.03671226 
443 79 20 27 0.036644887 
95 260 22 28 0.03660066 
121 150 24 33 0.03652392 
23 208 14 20 0.036277756 
587 251 19 26 0.036258563 
808 23 19 24 0.036249507 
955 201 26 31 0.036179345 
204 17 15 18 0.036150843 
574 126 15 20 0.036086958 
390 99 22 29 0.03590518 
801 130 22 29 0.03577894 
851 43 18 22 0.035776936 
491 46 16 21 0.035735514 
50 159 24 29 0.035603046 
260 42 16 19 0.03552545 
534 310 23 29 0.035439055 
53 253 17 22 0.03538725 
947 4 14 14 0.035364058 
520 1 11 11 0.035326395 
203 276 18 23 0.03530849 
659 46 14 17 0.03530128 
434 380 37 51 0.035173915 
404 63 18 21 0.03508683 
589 30 10 12 0.03506446 
697 1 12 12 0.034990612 
566 29 15 19 0.034943238 
243 14 15 19 0.034915574 
266 54 24 28 0.034667324 
2 75 14 19 0.03438642 
210 6 20 23 0.034308434 
576 399 17 22 0.034274813 
649 69 24 28 0.034251023 
446 0 11 10 0.034206443 
1 257 20 26 0.034034334 
2 190 22 31 0.034009293 
563 377 29 36 0.033995118 
123 237 16 22 0.03366602 
800 83 22 27 0.033608157 
283 72 15 20 0.033570226 
601 22 9 12 0.03328406 
554 84 23 28 0.033218972 
178 178 17 24 0.033126645 
519 115 13 16 0.033012714 
714 136 16 20 0.032939903 
826 19 14 18 0.032935295 
960 400 17 20 0.032913882 
421 315 27 33 0.032901943 
103 237 16 19 0.03276275 
738 16 15 18 0.03264951 
142 0 12 14 0.032646935 
928 0 11 12 0.03249886 
579 56 15 17 0.032497715 
71 33 14 19 0.032496367 
695 11 11 13 0.032390278 
903 372 15 18 0.032354105 
642 138 14 18 0.03226019 
290 181 21 29 0.032229777 
675 20 11 14 0.032100942 
749 17 15 18 0.032095723 
4 68 11 16 0.032044902 
19 75 18 23 0.03203835 
232 186 16 19 0.031917293 
850 20 13 16 0.031748734 
36 0 14 14 0.031716265 
206 28 14 17 0.031692788 
582 21 10 12 0.03162183 
580 92 12 15 0.03151613 
740 155 23 29 0.03151537 
572 72 21 28 0.031137498 
209 249 19 22 0.031127723 
208 0 13 13 0.030926103 
930 269 13 17 0.030826056 
165 438 35 41 0.030727597 
437 81 14 18 0.030624261 
582 265 13 18 0.030588403 
832 445 13 17 0.030581383 
846 456 28 35 0.030560892 
525 12 12 17 0.030395992 
812 509 26 36 0.030392447 
934 68 16 21 0.030354181 
683 489 35 41 0.030327434 
152 193 26 29 0.03014916 
701 138 16 21 0.030061334 
379 176 26 33 0.030055407 
69 390 46 55 0.02968063 
830 181 21 26 0.029674297 
975 81 26 34 0.029573908 
442 343 18 23 0.029573461 
922 267 18 21 0.029558871 
378 436 32 40 0.029549113 
186 31 16 19 0.0295183 
449 63 21 30 0.029451182 
710 98 16 21 0.029275486 
836 227 17 21 0.029257132 
707 21 12 15 0.029152311 
640 55 21 25 0.028930044 
397 42 14 19 0.028876483 
694 99 14 17 0.02884744 
18 63 22 26 0.028842904 
581 30 10 13 0.028815262 
906 94 18 26 0.02878098 
667 259 16 22 0.028757336 
984 200 23 26 0.028624145 
739 4 14 17 0.02860381 
88 51 13 16 0.028547576 
460 8 11 13 0.028467337 
472 275 40 45 0.028384952 
377 102 17 20 0.028375387 
0 48 19 26 0.028362066 
100 252 19 24 0.028285488 
1006 60 12 14 0.028230574 
651 35 14 17 0.02814931 
107 332 28 40 0.02811067 
68 41 16 20 0.028094482 
749 309 23 30 0.028055506 
616 1 11 11 0.027860504 
439 364 23 32 0.027773498 
210 -3 22 22 0.027727952 
642 281 18 21 0.027705515 
524 54 13 18 0.027702732 
767 59 22 25 0.02766599 
387 435 46 52 0.02765167 
11 55 21 25 0.027629241 
214 169 25 31 0.027621454 
888 103 19 24 0.02760729 
460 391 18 24 0.027590439 
758 48 13 17 0.027560107 
471 85 21 25 0.027483141 
810 48 15 21 0.0274429 
111 349 27 38 0.027382722 
700 35 16 20 0.027277792 
321 9 16 18 0.027237896 
162 172 28 35 0.027190125 
389 154 14 19 0.027138447 
640 1 10 10 0.02708963 
89 306 12 16 0.02707974 
791 388 32 52 0.027048882 
688 252 30 33 0.026870068 
619 457 41 48 0.026866458 
355 291 19 26 0.026859488 
575 23 11 13 0.026756378 
1009 130 13 20 0.026730847 
871 463 27 34 0.02662216 
717 88 15 21 0.026579266 
786 50 15 17 0.026562056 
620 11 12 14 0.026512144 
656 3 11 14 0.02639515 
682 274 17 23 0.02628998 
878 363 13 19 0.026274825 
675 274 17 26 0.026224634 
342 95 19 26 0.026175207 
665 385 26 35 0.026117833 
840 177 21 28 0.026109736 
322 156 16 22 0.026096564 
421 403 40 53 0.02591458 
172 52 14 16 0.025873287 
18 51 15 19 0.02574539 
654 405 27 33 0.025593096 
634 64 20 24 0.02547108 
66 14 22 25 0.025457066 
393 123 14 20 0.025446955 
517 132 15 19 0.025379479 
825 44 15 18 0.025310611 
63 263 31 35 0.025268344 
520 26 19 25 0.025246078 
396 128 15 21 0.025152579 
700 70 21 25 0.025113758 
377 166 23 28 0.02496774 
32 82 17 25 0.024928024 
74 273 17 21 0.024923956 
850 73 26 31 0.02489867 
974 418 27 33 0.024882391 
386 146 15 18 0.024845747 
334 4 14 15 0.024823895 
492 81 25 32 0.024813417 
49 273 32 38 0.024744054 
803 13 14 19 0.024734138 
95 272 15 19 0.02472105 
646 258 27 32 0.024712183 
251 104 15 19 0.024668429 
41 356 23 28 0.02458675 
1000 61 13 15 0.02458285 
601 28 9 12 0.024446428 
756 320 28 35 0.024394939 
791 258 25 30 0.024380334 
453 269 28 32 0.024367342 
600 197 25 35 0.024301078 
956 273 24 27 0.024292817 
758 152 25 32 0.024221739 
564 6 14 18 0.024218764 
712 76 21 27 0.024176547 
201 182 37 47 0.024139803 
658 279 18 22 0.024099344 
192 184 26 32 0.024095789 
509 322 27 36 0.024077322 
755 0 13 13 0.024072364 
212 152 24 25 0.023976212 
71 227 19 23 0.023889497 
388 32 16 19 0.023881387 
227 11 15 18 0.023842955 
34 406 74 90 0.023755223 
320 171 11 17 0.02372767 
349 312 27 38 0.023698406 
917 89 21 27 0.023668516 
10 17 13 16 0.023589684 
681 134 20 23 0.02355623 
186 76 15 21 0.023489932 
896 105 21 27 0.023438012 
561 97 14 19 0.023385104 
766 1 12 12 0.02337828 
300 6 14 16 0.02336714 
797 52 15 18 0.023329822 
645 385 35 47 0.023312809 
958 20 13 16 0.023289038 
587 51 12 16 0.023264648 
780 24 15 20 0.023242088 
29 359 26 33 0.023213133 
957 269 15 17 0.023206888 
958 1 11 10 0.023198264 
731 452 17 22 0.02315791 
261 355 16 19 0.023134679 
797 295 29 34 0.02310689 
235 94 19 25 0.023099527 
485 20 14 18 0.0230759 
500 34 14 18 0.023040297 
1005 138 17 24 0.023038242 
45 84 12 17 0.023010595 
448 107 17 21 0.023004813 
547 77 14 16 0.022999743 
511 396 31 39 0.022953726 
659 38 12 15 0.022924906 
784 131 23 29 0.022890612 
398 48 20 25 0.022876719 
564 445 16 21 0.02286753 
837 446 24 31 0.022859374 
853 276 30 40 0.02285864 
878 -3 23 20 0.022815794 
306 57 16 20 0.022807056 
914 202 17 19 0.02279164 
116 137 23 32 0.022786442 
482 287 39 46 0.022610908 
597 5 10 12 0.02259593 
444 361 16 20 0.022582747 
57 213 19 20 0.022524921 
625 429 21 26 0.022521038 
460 24 16 19 0.022520004 
990 129 17 21 0.022377592 
463 295 31 34 0.022316558 
576 38 21 24 0.022313269 
503 1 10 11 0.022230407 
676 27 11 12 0.02219217 
951 370 41 51 0.022147836 
5 2 15 15 0.022098962 
669 14 13 16 0.022074712 
609 2 9 10 0.022007147 
973 502 31 39 0.021927103 
272 80 20 23 0.021920275 
34 74 15 20 0.021884186 
686 140 24 30 0.021856746 
328 131 14 19 0.021850793 
653 64 16 18 0.021830287 
326 106 16 20 0.021809842 
655 19 14 17 0.021770222 
571 434 28 38 0.021758467 
143 90 19 23 0.021644339 
881 177 15 20 0.021640873 
388 75 13 17 0.021632334 
668 243 26 30 0.02162775 
978 288 16 21 0.021593723 
971 1 17 17 0.021593234 
610 13 19 24 0.021533962 
949 53 14 16 0.02151189 
249 11 14 17 0.021476857 
942 373 18 22 0.021457221 
523 297 29 36 0.021424811 
991 39 13 16 0.021283874 
229 64 16 20 0.021275932 
686 72 14 17 0.021270804 
899 80 17 20 0.021247102 
170 61 16 19 0.02115762 
523 42 14 18 0.021146206 
713 300 15 19 0.021051079 
1006 34 14 18 0.021018947 
341 29 17 21 0.021011094 
937 44 14 18 0.020945603 
252 5 13 14 0.02093155 
484 14 12 16 0.020916544 
99 8 15 20 0.020909093 
364 150 24 32 0.020908818 
977 269 23 29 0.020891977 
881 259 24 29 0.020686666 
790 428 17 24 0.020627677 
562 34 19 26 0.020622797 
510 6 11 14 0.020605091 
436 117 19 23 0.020598428 
3 38 14 17 0.02054444 
392 4 16 18 0.020486616 
146 84 15 19 0.02042611 
777 46 16 20 0.020392202 
717 69 12 17 0.020388525 
985 429 18 21 0.02038763 
969 293 19 22 0.020359421 
394 417 37 42 0.020322952 
380 399 41 52 0.0203095 
13 72 15 22 0.020264713 
617 46 22 26 0.020211076 
427 18 13 18 0.020162852 
518 220 15 19 0.020129325 
724 73 16 20 0.020127106 
110 61 18 22 0.020081263 
919 275 26 30 0.02001636 
849 266 27 31 0.020010253 
