10_People_Marching_People_Marching_2_2
520
663 478 29 53 0.98042244 
948 467 41 60 0.9656799 
488 483 24 40 0.95616364 
759 425 28 36 0.9436511 
658 395 16 27 0.9069585 
791 385 12 19 0.8963381 
630 381 12 16 0.77431244 
904 404 19 25 0.68100935 
961 392 17 28 0.66646785 
255 456 27 40 0.65751255 
559 380 14 17 0.5451927 
828 350 9 11 0.5414413 
722 394 14 20 0.5340792 
761 392 15 18 0.48510647 
436 404 9 12 0.45402405 
1001 420 22 31 0.42870232 
661 434 15 26 0.41415858 
294 397 9 12 0.3968186 
573 426 12 18 0.37967244 
643 412 13 17 0.36858687 
478 374 9 12 0.33760744 
538 374 9 11 0.32977238 
253 384 8 11 0.32724506 
39 389 10 15 0.32374486 
618 359 8 10 0.3218753 
404 392 10 12 0.29832453 
364 381 9 11 0.29250902 
476 398 10 13 0.2892941 
337 390 10 14 0.2689333 
301 408 10 12 0.26661447 
590 353 8 10 0.2605359 
452 463 15 26 0.2466619 
312 442 12 18 0.24280672 
424 383 9 11 0.23923157 
522 419 12 16 0.23476422 
942 359 10 12 0.22037783 
863 418 12 19 0.20738547 
269 398 10 12 0.20047061 
313 391 8 11 0.19309136 
343 457 13 22 0.19202942 
266 448 28 44 0.1913548 
271 384 8 11 0.18898305 
994 354 12 13 0.18618204 
265 399 8 10 0.18223776 
378 374 8 11 0.17814338 
662 392 12 16 0.17592606 
392 366 8 10 0.1740754 
111 403 8 12 0.16181149 
577 359 8 10 0.15896955 
164 428 13 18 0.15737332 
637 359 8 11 0.1500511 
272 388 9 12 0.1443903 
400 394 12 16 0.14106897 
702 368 9 12 0.14068173 
361 376 9 12 0.13822906 
188 420 12 15 0.13663696 
521 355 9 12 0.13571636 
375 409 13 17 0.13557056 
200 384 9 11 0.13467273 
422 448 29 36 0.12957206 
592 398 10 14 0.12762019 
536 402 13 15 0.1264921 
295 392 10 12 0.12520127 
474 376 9 12 0.12296854 
517 398 9 13 0.12170806 
232 407 9 13 0.11873562 
647 427 15 20 0.11611544 
583 358 9 11 0.11408571 
515 527 27 46 0.114044 
878 347 9 11 0.11397007 
318 383 9 10 0.11374863 
221 493 44 59 0.11306109 
199 388 11 13 0.11175383 
621 352 8 11 0.10963377 
577 404 11 14 0.108901545 
748 404 13 19 0.10732066 
182 438 13 16 0.10552684 
541 399 9 13 0.10545666 
289 398 11 13 0.10436061 
296 402 11 15 0.103185154 
536 271 10 12 0.102848046 
496 380 9 12 0.102171265 
44 389 12 16 0.10095464 
375 394 12 14 0.10090402 
639 405 10 13 0.09868417 
216 393 8 11 0.09854996 
700 -7 242 267 0.098434635 
511 445 11 15 0.09806612 
342 446 21 35 0.094908826 
729 245 41 56 0.094256826 
614 365 9 12 0.09390166 
86 403 10 15 0.09332769 
278 388 9 11 0.092788264 
912 355 11 14 0.090656 
976 348 7 11 0.0864026 
620 259 11 12 0.086116105 
598 433 13 18 0.085610606 
93 395 9 12 0.08552058 
104 397 9 11 0.08543604 
89 391 10 13 0.0850581 
247 463 23 37 0.08499131 
814 402 12 16 0.08140996 
265 423 10 12 0.08138198 
221 397 8 10 0.08090084 
365 388 10 12 0.07932767 
376 368 8 10 0.079192065 
267 426 13 16 0.07905528 
859 367 24 34 0.078692645 
785 515 24 32 0.076529555 
669 438 22 27 0.07563215 
398 367 9 10 0.0740875 
327 376 8 9 0.073031254 
753 395 20 25 0.07301289 
517 382 9 11 0.072868824 
6 390 10 14 0.07252732 
241 421 9 14 0.071832955 
589 326 9 11 0.07101861 
682 439 23 27 0.0708398 
360 390 8 10 0.070653096 
492 405 12 15 0.070231386 
695 352 7 10 0.06998657 
815 379 11 14 0.069939554 
360 406 11 14 0.0695622 
351 392 10 12 0.06942293 
376 378 9 13 0.069037616 
609 367 9 11 0.06896524 
552 395 9 13 0.06847572 
581 398 11 14 0.068053454 
112 381 8 10 0.06749808 
407 372 9 11 0.06716143 
158 426 13 19 0.06715272 
486 413 11 15 0.067029916 
33 390 11 14 0.06564167 
224 411 10 14 0.06554958 
591 390 11 13 0.064853385 
652 433 15 22 0.06473864 
613 382 9 12 0.06463296 
478 435 15 18 0.06463277 
441 382 9 11 0.06349673 
119 380 9 11 0.063444585 
825 344 9 13 0.06326966 
703 405 12 16 0.06261689 
671 366 10 12 0.06260958 
749 403 22 28 0.062038943 
230 421 11 14 0.061620142 
637 376 10 12 0.061503068 
944 491 32 51 0.061421238 
942 353 10 12 0.060624313 
412 397 10 13 0.06028179 
568 303 10 11 0.060244597 
337 385 8 10 0.05935318 
341 393 10 15 0.059161488 
427 450 17 23 0.05911165 
389 443 20 33 0.058364183 
862 370 13 20 0.05830923 
927 376 14 20 0.058037627 
891 407 22 31 0.0578664 
119 400 9 11 0.05727839 
680 361 9 11 0.056482013 
634 384 14 16 0.05569973 
455 425 13 19 0.05528166 
509 492 27 37 0.055181313 
316 389 9 12 0.055169698 
710 402 11 16 0.054481696 
613 374 9 11 0.054450728 
103 393 8 10 0.054400865 
191 404 11 14 0.054235384 
440 367 8 9 0.054124787 
440 374 8 10 0.054047164 
381 378 10 14 0.05377283 
442 481 16 21 0.05358917 
285 452 28 34 0.053446434 
105 404 9 12 0.053153627 
198 395 12 13 0.052942097 
365 396 12 15 0.0526359 
856 371 12 17 0.052625276 
310 419 10 13 0.052510876 
388 379 12 14 0.052408844 
326 380 9 11 0.05233496 
484 439 13 18 0.052242797 
294 375 8 10 0.051217105 
527 366 10 12 0.050552312 
873 348 9 12 0.05035539 
555 532 41 64 0.04956459 
423 360 6 9 0.04953326 
536 369 10 12 0.049433157 
314 384 8 11 0.04859937 
707 433 16 22 0.048464075 
344 414 9 12 0.048136376 
297 410 11 15 0.04806396 
853 41 159 147 0.04806244 
51 395 11 14 0.047772348 
462 365 8 10 0.0477475 
351 375 8 10 0.047308482 
127 377 7 9 0.047057576 
432 374 8 10 0.046798196 
793 391 16 19 0.046694785 
633 402 10 13 0.04644654 
237 411 11 15 0.045868948 
183 414 11 17 0.04581807 
381 393 11 15 0.045471393 
962 402 27 34 0.045380235 
540 367 10 12 0.045321338 
1006 150 10 12 0.045025826 
971 373 27 30 0.04475822 
730 395 13 17 0.044545148 
265 384 8 11 0.044465154 
834 417 15 23 0.04433599 
308 413 11 14 0.04432577 
502 388 11 13 0.04421084 
184 375 9 11 0.044097956 
151 374 8 9 0.043898832 
334 374 8 10 0.0435296 
575 410 12 18 0.043050382 
416 381 10 12 0.043025836 
423 365 7 10 0.0428401 
299 397 10 13 0.042835556 
518 451 13 17 0.042458013 
484 374 9 12 0.04230065 
406 401 12 17 0.04215127 
569 420 12 19 0.04205961 
364 409 13 16 0.042050354 
595 402 13 15 0.04198475 
918 493 39 51 0.04192223 
253 457 18 25 0.04173471 
982 361 12 16 0.041594986 
917 352 11 13 0.04154568 
632 364 10 11 0.041142225 
379 481 15 18 0.04107636 
512 402 10 14 0.04105015 
603 427 15 22 0.040593147 
576 420 17 21 0.040351395 
342 383 8 11 0.0400758 
836 468 15 21 0.040040467 
498 491 26 35 0.03992825 
637 364 10 11 0.039900567 
231 381 8 10 0.039807033 
524 351 8 11 0.03976239 
205 382 8 11 0.03948574 
686 364 9 12 0.03932206 
440 389 10 13 0.039295603 
477 417 13 19 0.039203484 
119 513 14 21 0.03910149 
981 367 26 30 0.03909227 
195 410 14 18 0.039055593 
502 456 15 22 0.038774546 
183 422 20 25 0.038573902 
149 422 13 15 0.03830249 
345 375 7 9 0.038066972 
268 403 11 13 0.037953366 
437 453 26 34 0.03784298 
686 358 10 11 0.037708767 
183 392 9 11 0.03768169 
582 365 9 12 0.03759616 
252 411 12 15 0.037361078 
487 466 21 35 0.037241448 
742 398 10 14 0.037149288 
173 434 14 17 0.037087694 
501 403 12 16 0.036629423 
526 391 10 13 0.03653377 
289 375 8 9 0.035967115 
479 369 8 10 0.035934914 
78 403 14 18 0.035885133 
133 411 13 16 0.035855193 
377 360 7 9 0.035453662 
193 418 14 18 0.035422068 
263 389 10 12 0.035413973 
849 350 7 10 0.03536667 
447 376 7 10 0.03514787 
460 419 14 20 0.035146687 
595 504 31 36 0.035141647 
486 389 10 12 0.03509658 
351 381 9 10 0.03509188 
518 389 10 13 0.035051014 
936 362 12 15 0.03494361 
390 373 10 12 0.034878045 
259 434 17 20 0.03487369 
93 405 10 12 0.034822084 
621 364 10 11 0.03478304 
177 391 9 12 0.034675185 
257 441 23 31 0.03455776 
828 412 12 19 0.03437904 
512 373 9 12 0.034059986 
556 390 14 18 0.03405682 
553 389 11 15 0.034055497 
981 370 14 19 0.033873707 
920 409 16 22 0.03376112 
380 405 12 18 0.033700433 
143 407 9 13 0.033622205 
549 404 13 18 0.033505466 
797 400 15 19 0.03348998 
372 472 25 29 0.033297177 
444 394 10 14 0.033170126 
568 359 8 10 0.033095654 
413 472 14 19 0.03286122 
46 384 10 12 0.032355253 
207 395 9 12 0.03214913 
826 336 8 9 0.032119986 
815 387 13 19 0.031922936 
857 366 10 14 0.031911176 
407 382 10 12 0.031748448 
383 360 7 10 0.0317451 
609 359 8 10 0.031679172 
634 253 10 13 0.031675313 
644 400 20 26 0.03131001 
476 425 15 20 0.031252265 
576 362 10 14 0.031025534 
909 508 27 42 0.03099705 
272 376 7 9 0.030774156 
747 416 15 22 0.030765552 
245 426 12 16 0.03074301 
495 386 10 13 0.030610953 
517 375 10 11 0.030520415 
574 514 38 61 0.030490853 
204 390 10 13 0.030460218 
240 382 8 11 0.03045217 
445 469 17 26 0.030437334 
479 390 9 13 0.030435802 
564 376 12 15 0.030282313 
764 420 19 24 0.030208517 
699 439 17 22 0.030184558 
287 382 9 12 0.02990784 
412 419 14 17 0.029871546 
756 427 19 26 0.029613707 
328 390 10 13 0.029612537 
278 396 10 13 0.029508686 
539 378 11 14 0.02948175 
212 419 14 18 0.029299483 
624 375 8 10 0.029248603 
865 412 15 21 0.029220516 
793 435 16 19 0.029212844 
136 381 8 10 0.029172199 
215 375 8 10 0.029141832 
359 397 10 13 0.029086677 
414 459 27 36 0.028971545 
457 459 16 25 0.028911915 
972 374 14 19 0.028910793 
142 486 41 56 0.028908506 
390 396 11 15 0.028878888 
142 369 8 9 0.028863473 
696 367 11 12 0.02885259 
432 359 7 8 0.02873309 
147 412 13 15 0.028701771 
238 478 38 58 0.028572971 
437 487 16 19 0.02846056 
380 451 26 34 0.028343001 
136 375 8 9 0.028310498 
415 390 9 13 0.028196005 
334 420 11 13 0.028151566 
334 414 11 13 0.028103653 
276 414 13 16 0.028097177 
624 385 12 15 0.028036792 
290 392 18 23 0.02801979 
676 382 13 17 0.028013906 
334 368 8 10 0.027952833 
971 349 41 52 0.027891714 
446 381 8 11 0.02785368 
502 508 31 43 0.027814994 
0 386 20 29 0.027768629 
830 335 8 10 0.027752127 
867 364 14 21 0.027712734 
333 386 18 24 0.027596068 
583 371 9 12 0.027553337 
159 410 12 16 0.027491845 
672 403 15 19 0.02748606 
645 380 9 13 0.027478551 
383 366 8 10 0.027432388 
743 373 11 12 0.027339196 
400 372 9 12 0.027328499 
707 410 12 16 0.02731985 
420 419 11 15 0.027299728 
308 404 11 15 0.027191062 
288 304 207 207 0.027068812 
168 418 21 26 0.027004978 
416 365 9 11 0.026943004 
428 387 10 12 0.026797764 
502 411 11 14 0.026747929 
181 518 30 34 0.026725862 
485 463 15 22 0.026698649 
422 394 11 14 0.026681647 
929 477 42 55 0.02665743 
954 378 22 35 0.026646713 
333 466 22 32 0.026532156 
294 383 9 11 0.02651159 
214 413 13 16 0.026466303 
173 411 14 18 0.026352506 
605 403 12 14 0.026097069 
148 424 20 25 0.02594792 
553 279 9 11 0.0257895 
713 397 11 17 0.025777612 
126 405 11 13 0.025776826 
786 441 24 25 0.025701592 
511 388 10 14 0.025701378 
754 409 25 33 0.025639266 
824 409 20 29 0.025567852 
485 396 11 15 0.0255595 
461 433 12 17 0.025544755 
744 407 13 21 0.02552914 
221 426 13 17 0.025512986 
568 431 14 20 0.025496336 
804 397 15 18 0.025418494 
527 371 11 13 0.025338637 
222 419 11 16 0.025267018 
541 483 17 18 0.02521165 
911 359 13 19 0.025182903 
94 383 8 10 0.025154077 
331 401 14 16 0.025117235 
343 420 10 12 0.02507793 
316 396 9 13 0.024952602 
208 376 8 9 0.024952304 
702 427 14 19 0.024923366 
105 382 8 10 0.024910767 
807 379 12 15 0.02487702 
398 382 10 12 0.024871098 
608 428 20 28 0.024749562 
267 432 15 20 0.024712684 
817 393 16 20 0.024661157 
559 364 10 11 0.024594918 
191 398 10 13 0.02445177 
151 476 29 39 0.024391916 
398 401 13 18 0.024284437 
925 350 9 12 0.024213098 
966 379 14 20 0.024208285 
549 450 15 17 0.024133325 
815 408 14 19 0.024047894 
561 360 8 10 0.024032267 
589 243 10 12 0.023976993 
168 376 7 10 0.023970857 
208 367 8 10 0.023803907 
254 376 8 10 0.023788502 
502 395 12 16 0.023522362 
321 377 8 9 0.02347423 
981 350 10 12 0.023452755 
432 398 18 23 0.023413435 
246 412 13 16 0.02334616 
231 377 8 9 0.023185939 
252 419 13 16 0.022916177 
589 433 15 20 0.022864636 
257 395 9 12 0.022845693 
195 517 34 37 0.022835683 
782 375 11 13 0.022820588 
623 342 9 12 0.022789741 
89 384 9 11 0.022763176 
298 448 19 22 0.022744821 
584 341 9 13 0.02265701 
206 425 14 18 0.022622326 
837 421 22 27 0.02261408 
407 409 11 17 0.022557018 
262 413 11 15 0.022555973 
143 373 7 10 0.022537697 
567 365 9 11 0.022528524 
287 351 8 9 0.022521252 
589 332 9 12 0.02249631 
150 482 14 19 0.022484967 
647 412 20 31 0.022434058 
526 229 8 11 0.02243002 
248 378 17 22 0.022382988 
11 389 9 14 0.022261662 
664 366 12 14 0.02223697 
142 382 8 11 0.022231838 
688 351 10 11 0.022228539 
122 441 15 20 0.022190446 
438 409 11 14 0.022161432 
286 390 11 12 0.022052193 
359 375 18 23 0.021977209 
329 396 11 15 0.021960182 
883 348 11 13 0.021957574 
917 376 16 20 0.021873461 
989 352 20 24 0.021830898 
653 405 14 22 0.021766927 
455 374 9 11 0.021761827 
825 353 11 14 0.021758296 
426 473 26 32 0.021698318 
625 332 11 13 0.021615652 
938 350 9 13 0.021610716 
542 407 14 20 0.02160375 
63 395 13 18 0.021577671 
177 383 7 10 0.02149417 
853 349 8 11 0.021463323 
301 418 13 16 0.021447897 
45 385 19 25 0.02141546 
252 428 14 17 0.021316938 
412 403 13 16 0.021261232 
576 430 17 22 0.02115733 
398 410 11 16 0.021047527 
719 373 10 12 0.020998484 
794 407 18 21 0.020987086 
185 368 8 10 0.020962536 
472 390 9 13 0.020958193 
142 435 25 32 0.020955753 
468 418 15 20 0.020944959 
412 411 15 17 0.020933371 
631 318 9 11 0.020828718 
198 436 12 15 0.020792779 
818 380 13 17 0.020779587 
369 357 8 10 0.020767666 
316 422 9 12 0.020738743 
119 391 9 11 0.020707466 
569 297 8 10 0.020699374 
510 411 12 17 0.020694813 
23 390 12 15 0.02069053 
667 388 12 18 0.020680314 
263 367 8 9 0.020673586 
584 391 10 13 0.020623997 
969 347 10 13 0.020577207 
567 351 9 12 0.020419747 
912 397 18 21 0.020389212 
432 367 9 11 0.020369662 
532 434 15 18 0.020345598 
440 360 7 8 0.020330932 
644 -101 383 474 0.020320406 
473 393 17 23 0.020305067 
334 458 16 23 0.020277025 
964 384 31 36 0.020266816 
215 403 11 15 0.020254603 
110 460 12 17 0.02024963 
477 457 15 22 0.020176865 
157 489 46 58 0.020112138 
244 504 42 52 0.020069575 
396 434 14 21 0.020032896 
