10_People_Marching_People_Marching_2_678
257
350 278 26 30 0.99899036 
724 272 23 29 0.9925377 
449 296 23 27 0.9901239 
786 305 18 22 0.9807289 
254 288 26 30 0.976254 
306 292 21 25 0.9758042 
515 303 19 23 0.96903986 
217 294 23 27 0.95223546 
887 294 18 22 0.9431576 
65 255 10 14 0.90803796 
621 293 20 26 0.90084547 
116 336 13 17 0.8966666 
759 321 15 20 0.88534665 
843 304 21 25 0.77086455 
826 351 17 19 0.6414715 
22 319 11 16 0.63711137 
565 330 10 13 0.628041 
902 210 10 12 0.6129673 
380 306 14 18 0.47941595 
204 344 16 19 0.45019653 
111 302 10 12 0.36160466 
911 330 13 15 0.31357452 
717 325 13 17 0.29895753 
38 319 13 16 0.28230324 
173 321 16 19 0.26772618 
60 325 9 13 0.26146066 
66 364 15 20 0.2435679 
91 332 12 15 0.22817406 
165 315 14 18 0.22412933 
432 284 14 18 0.22317773 
174 337 14 17 0.20627685 
165 309 12 14 0.18634734 
678 415 8 9 0.17266461 
170 325 21 26 0.16702501 
80 333 9 12 0.16057764 
17 322 12 14 0.15816161 
520 421 12 13 0.15554324 
102 351 11 14 0.14900653 
421 424 8 10 0.14613034 
805 310 11 16 0.14561974 
948 208 10 12 0.14198138 
163 408 15 18 0.13966247 
556 360 14 17 0.13956545 
140 395 10 13 0.13692057 
207 419 10 15 0.12957118 
304 268 13 17 0.12338166 
814 318 11 16 0.11828425 
69 357 12 15 0.11204531 
794 310 15 20 0.11118097 
27 320 12 17 0.10504766 
474 260 10 12 0.10480192 
66 349 12 14 0.09637515 
477 353 14 17 0.09557563 
156 334 12 18 0.0927206 
254 426 12 16 0.09154191 
189 317 11 13 0.091306224 
984 236 10 12 0.08533743 
112 297 10 12 0.08482148 
203 298 13 17 0.08247386 
756 254 10 13 0.07759994 
873 351 12 15 0.07681271 
455 422 10 12 0.07441613 
181 317 13 17 0.07245056 
433 279 11 15 0.07053286 
80 385 12 20 0.06770792 
615 277 12 17 0.06738433 
842 285 9 12 0.06666358 
68 343 10 14 0.066515565 
951 392 12 15 0.06576513 
171 410 12 14 0.065713175 
737 406 11 14 0.064709336 
1002 253 9 12 0.06384516 
628 233 16 20 0.061972197 
819 319 13 16 0.061067786 
200 293 12 15 0.060694434 
854 426 10 10 0.05977723 
126 319 9 12 0.058917865 
599 345 10 11 0.057948872 
799 293 10 13 0.057055436 
107 303 9 11 0.056663074 
867 324 13 16 0.056283064 
187 406 13 16 0.055362247 
592 318 10 12 0.055341482 
79 356 11 15 0.05392871 
102 255 15 17 0.05352386 
317 259 10 12 0.053078894 
107 385 15 20 0.05298924 
1009 190 8 10 0.05281224 
763 311 13 17 0.052562978 
89 328 9 12 0.05216096 
464 271 9 11 0.052113816 
127 290 10 13 0.05090779 
592 343 9 10 0.049961463 
468 281 16 21 0.04898547 
63 367 22 29 0.048088152 
104 287 9 11 0.047647104 
101 379 17 19 0.046085317 
112 324 11 13 0.045739546 
76 361 13 18 0.044887487 
80 350 10 13 0.044645794 
795 254 9 11 0.04445651 
961 239 10 11 0.044232182 
757 276 9 12 0.04300749 
55 300 9 11 0.0427825 
83 381 23 26 0.04277751 
205 426 10 14 0.042613983 
806 367 17 18 0.042599145 
1 335 9 12 0.042564567 
548 320 14 17 0.04238607 
128 354 11 14 0.041888442 
575 340 9 12 0.041186914 
423 323 12 16 0.041064996 
599 365 10 13 0.04099907 
248 424 12 14 0.040803682 
871 268 10 12 0.040753737 
391 500 10 13 0.040559977 
437 162 11 15 0.040411577 
1014 276 8 13 0.040366787 
144 371 13 17 0.040282547 
752 267 13 18 0.0399313 
95 354 14 15 0.03834122 
160 302 12 15 0.038111985 
767 202 12 13 0.038007833 
799 287 9 11 0.037836038 
116 295 10 13 0.037788212 
573 335 10 12 0.037503198 
387 300 15 19 0.037420485 
1001 246 9 12 0.03707669 
78 328 10 13 0.03681362 
542 465 8 11 0.036812615 
183 409 13 16 0.036332697 
259 423 11 15 0.03601875 
79 340 11 14 0.035959646 
777 270 11 14 0.035380073 
552 358 13 16 0.03449306 
753 222 9 12 0.034231216 
250 276 15 18 0.034031417 
613 270 12 15 0.033483487 
883 324 11 14 0.03264608 
275 335 15 19 0.032625664 
615 517 13 14 0.03246514 
785 287 9 11 0.032232165 
590 323 12 15 0.032084 
116 306 10 12 0.032058854 
183 422 12 15 0.032035258 
386 280 16 18 0.031902757 
751 284 12 16 0.03169043 
756 290 11 13 0.031665023 
589 331 11 13 0.031354524 
437 289 23 28 0.031292167 
16 311 9 12 0.031214278 
536 469 8 11 0.031173987 
368 354 15 19 0.030895209 
56 320 12 14 0.030824529 
841 280 10 12 0.030780785 
80 293 8 11 0.030676661 
375 302 15 18 0.030509153 
965 223 9 12 0.030467004 
160 320 13 19 0.030391494 
97 293 9 11 0.030036908 
558 317 11 14 0.029913263 
477 211 10 13 0.02963513 
86 335 12 17 0.029534835 
170 310 12 15 0.029376406 
1013 230 10 15 0.028589897 
528 471 8 10 0.028414054 
208 278 10 12 0.02841056 
104 294 7 11 0.028269544 
629 255 15 19 0.02823376 
55 266 9 13 0.028209798 
565 320 9 13 0.028195407 
475 291 12 18 0.02793497 
471 267 10 14 0.027882371 
889 183 27 34 0.02760308 
542 346 10 14 0.027492005 
826 341 17 20 0.027439605 
864 331 12 15 0.027390052 
592 348 11 12 0.027350944 
110 287 9 11 0.02706752 
545 316 13 17 0.026988972 
100 395 16 17 0.02675213 
765 253 12 14 0.026175957 
456 417 11 12 0.026169345 
582 333 10 13 0.026138991 
753 245 11 14 0.025822582 
808 353 22 28 0.025677292 
182 310 13 16 0.02562726 
476 173 12 15 0.025446737 
558 324 17 22 0.02526327 
402 245 10 12 0.025091374 
72 303 7 9 0.024889097 
1008 236 10 13 0.024828922 
114 393 14 20 0.024774473 
183 312 20 25 0.024727484 
503 313 12 16 0.024705363 
826 323 14 16 0.024697943 
613 258 12 17 0.024686093 
966 244 10 13 0.024511855 
617 449 9 11 0.024448972 
55 370 15 20 0.024377432 
839 311 15 19 0.024183674 
198 410 12 17 0.024057796 
709 284 13 17 0.024027452 
198 287 12 15 0.02390755 
1000 257 12 15 0.023691269 
531 291 12 17 0.023583176 
793 158 10 14 0.023523796 
558 440 9 11 0.023474688 
60 385 13 16 0.023306323 
503 323 11 14 0.02325389 
561 356 13 17 0.023055205 
416 316 11 15 0.022965502 
530 305 12 16 0.022931205 
557 308 13 16 0.022929344 
799 306 19 25 0.02273675 
514 422 10 12 0.022705372 
260 277 15 17 0.022618752 
859 156 10 13 0.0225948 
72 273 11 14 0.0225811 
768 221 11 12 0.022531379 
263 52 23 31 0.022409087 
812 154 12 14 0.022396013 
914 366 14 16 0.022115732 
71 404 12 15 0.022094572 
451 423 8 11 0.021935606 
613 234 15 19 0.021908488 
941 191 8 10 0.021903496 
857 307 13 17 0.021847634 
757 229 10 11 0.021821853 
167 369 25 31 0.021739297 
108 297 18 22 0.02163853 
767 214 12 13 0.02161975 
39 313 11 14 0.021488791 
670 371 11 13 0.02145271 
117 326 11 15 0.021445805 
812 342 23 28 0.021363722 
509 253 14 19 0.021336513 
119 319 9 12 0.021174502 
764 277 9 13 0.021142688 
782 276 9 12 0.020941865 
202 415 19 25 0.02092263 
806 303 9 12 0.020860994 
164 293 12 15 0.020793244 
909 369 14 16 0.02074959 
116 379 13 18 0.020595914 
585 326 11 13 0.020541761 
582 340 9 12 0.020379057 
199 304 13 18 0.020342745 
845 179 11 14 0.020334281 
74 368 16 21 0.020290287 
303 272 18 23 0.020278767 
868 317 12 15 0.02023115 
951 202 8 10 0.020200074 
71 310 10 14 0.020179315 
604 347 9 12 0.02016186 
76 369 24 30 0.020128073 
575 347 10 13 0.020111829 
