10_People_Marching_People_Marching_2_668
329
656 308 34 38 0.9987851 
538 294 32 36 0.99856085 
296 350 36 43 0.9965065 
97 261 34 44 0.99175817 
769 317 24 28 0.99002695 
189 297 38 48 0.98874134 
408 306 45 52 0.9850588 
603 305 23 29 0.9797219 
922 335 17 21 0.96991134 
369 330 22 27 0.9643908 
461 316 27 36 0.9361763 
512 313 23 29 0.9354688 
857 316 21 23 0.9345501 
957 330 13 15 0.5105869 
834 326 17 20 0.49869403 
985 332 13 15 0.479835 
851 359 13 16 0.4669232 
903 346 13 16 0.28675732 
839 292 12 14 0.2813345 
584 260 12 15 0.21250495 
748 315 14 17 0.203577 
953 376 9 11 0.18077017 
941 297 14 16 0.17179063 
812 341 14 18 0.16178575 
951 332 12 15 0.15384558 
1006 342 10 12 0.14266144 
305 239 8 11 0.13991855 
642 328 17 22 0.13762444 
922 325 11 13 0.13629307 
896 279 8 11 0.12992497 
981 380 8 11 0.12333843 
830 309 13 17 0.12176489 
881 325 11 15 0.11788963 
1013 348 8 12 0.11750401 
967 343 9 13 0.113853194 
941 307 10 13 0.11011166 
773 302 14 16 0.10251277 
500 308 24 31 0.100671045 
726 286 10 12 0.0980956 
894 364 13 15 0.09258978 
999 333 10 12 0.09254936 
886 286 8 9 0.09127348 
828 315 20 25 0.09048666 
974 300 10 12 0.08937368 
764 380 12 15 0.08892755 
968 296 10 12 0.08560634 
935 374 8 10 0.0842446 
513 293 30 36 0.082470104 
959 321 11 13 0.08183947 
722 254 8 10 0.08142851 
524 294 36 46 0.07870577 
951 340 10 14 0.07772776 
921 358 9 12 0.07620455 
855 254 10 13 0.0735683 
582 313 13 17 0.07240995 
984 279 10 11 0.0705742 
821 298 11 14 0.07014412 
828 231 8 10 0.06956676 
905 398 9 12 0.0680749 
679 295 25 31 0.06597527 
1005 348 11 13 0.06369708 
845 286 11 15 0.06321925 
744 280 9 11 0.063109435 
533 273 14 17 0.063099116 
600 251 10 12 0.06216774 
23 313 7 9 0.061356418 
919 390 9 12 0.061103057 
831 303 10 12 0.06012046 
670 211 10 13 0.059692867 
660 286 15 18 0.059411507 
863 303 12 14 0.05936057 
854 276 10 11 0.057744715 
587 307 13 19 0.05567286 
841 313 21 27 0.054557573 
894 347 14 18 0.0542505 
837 298 15 17 0.05387719 
9 327 8 10 0.053250905 
988 321 11 13 0.053191688 
588 -53 455 483 0.0528396 
992 351 10 12 0.052547615 
472 316 20 25 0.052106764 
999 354 11 14 0.052026037 
901 279 9 11 0.050488833 
879 255 8 10 0.049862828 
856 249 8 10 0.049414977 
960 347 9 12 0.048882466 
957 339 12 15 0.04827802 
956 373 9 11 0.047922555 
346 238 9 11 0.047197297 
1014 106 9 13 0.04701135 
828 337 13 18 0.04646388 
824 331 14 17 0.046445653 
874 357 10 14 0.04629866 
744 284 10 12 0.046257596 
823 314 14 17 0.04442301 
1013 356 9 13 0.04378714 
286 254 9 11 0.04376824 
1006 335 9 11 0.04311391 
1013 334 9 12 0.043112017 
909 399 10 12 0.042953435 
741 396 13 18 0.04249306 
920 319 11 15 0.042443674 
0 284 8 13 0.04232567 
907 342 12 16 0.041777775 
145 324 38 50 0.041721947 
7 311 7 10 0.040882837 
943 342 9 12 0.04073596 
846 390 10 14 0.040725414 
947 295 11 14 0.040637985 
690 303 16 21 0.040405322 
868 301 13 15 0.040066298 
308 261 11 14 0.039650735 
700 124 14 18 0.03959815 
520 238 9 11 0.03939888 
991 256 9 10 0.03909261 
837 287 19 24 0.03867559 
617 255 10 12 0.038615804 
687 433 12 13 0.038488787 
605 248 9 11 0.0384063 
816 299 11 13 0.038251974 
808 294 8 11 0.03794324 
782 207 8 9 0.037874542 
1 309 8 12 0.037594005 
236 252 14 17 0.03687316 
726 328 15 19 0.036800172 
895 341 12 14 0.03588043 
791 189 8 9 0.035803102 
447 308 32 46 0.035532966 
1004 353 12 15 0.03545403 
982 367 9 11 0.03531083 
800 223 9 10 0.035261955 
833 294 9 12 0.03519593 
942 348 10 12 0.03516945 
990 309 10 12 0.0349052 
543 271 12 14 0.03480164 
905 286 8 10 0.034653757 
890 380 15 19 0.034382936 
847 276 11 14 0.034312177 
373 268 8 11 0.034091707 
829 238 7 9 0.033905134 
721 249 8 11 0.033866636 
725 304 15 19 0.033852316 
932 345 12 16 0.033821043 
799 238 8 9 0.033724494 
999 254 8 10 0.033643436 
509 306 18 24 0.033639662 
776 306 19 22 0.03360971 
593 240 9 11 0.03359479 
916 302 13 14 0.0335106 
849 255 11 12 0.03349492 
815 371 14 19 0.033462394 
172 284 12 17 0.033415217 
17 312 7 10 0.033354502 
835 336 15 18 0.03325289 
894 333 10 14 0.03313449 
821 344 13 17 0.033030573 
184 267 13 15 0.032891758 
909 286 11 12 0.032764345 
14 326 8 10 0.03242116 
710 329 16 19 0.03232192 
657 286 26 30 0.03196377 
793 372 11 14 0.03195601 
505 273 8 10 0.03193001 
744 291 10 14 0.031900812 
801 284 9 12 0.031816415 
356 275 11 15 0.03180884 
940 285 11 12 0.03173144 
288 303 10 12 0.03170523 
978 375 9 12 0.03164818 
855 215 7 10 0.031441245 
359 336 26 35 0.03134316 
15 319 7 10 0.03129209 
195 240 13 17 0.030854391 
281 253 9 11 0.030653663 
41 302 7 9 0.030573722 
170 280 22 31 0.030516988 
848 232 8 10 0.03040055 
925 363 9 12 0.03025751 
293 255 8 11 0.030129718 
612 435 12 13 0.03000199 
917 395 9 12 0.029860174 
406 258 10 14 0.029831706 
38 318 8 10 0.029827274 
738 307 19 24 0.02977341 
911 278 10 12 0.02963749 
740 390 12 15 0.029322622 
968 389 8 10 0.02929653 
357 344 14 21 0.029066268 
602 230 8 10 0.029024573 
725 279 12 14 0.028917495 
273 240 8 10 0.028764196 
980 301 11 14 0.02875168 
807 191 8 9 0.028688615 
848 373 12 14 0.028404236 
389 231 11 13 0.028233746 
768 306 14 16 0.028230887 
533 254 10 13 0.028223589 
401 270 8 11 0.028184572 
806 315 14 16 0.028168557 
958 367 9 12 0.02800909 
188 234 22 27 0.02782063 
849 342 22 28 0.027698856 
750 310 21 26 0.027586216 
600 390 27 31 0.027406989 
800 331 21 26 0.027366897 
994 355 10 12 0.027156554 
950 308 10 13 0.02711841 
407 214 11 13 0.027072078 
305 255 9 10 0.027050417 
936 367 11 12 0.027023116 
858 301 23 27 0.026956707 
9 318 8 10 0.0268445 
801 231 8 10 0.026786704 
994 381 10 12 0.026777208 
933 382 9 11 0.026774092 
0 291 8 13 0.026523529 
886 311 10 13 0.026493123 
917 294 11 13 0.026386939 
748 279 9 11 0.02629636 
1010 109 9 12 0.026195569 
877 316 13 17 0.026188564 
536 271 23 27 0.026181636 
971 348 12 14 0.02618116 
928 254 9 10 0.026095174 
847 238 8 10 0.026062448 
455 410 10 13 0.026005987 
801 280 8 11 0.025903158 
238 331 15 18 0.025837952 
983 124 8 11 0.025808405 
580 219 11 13 0.025720917 
604 429 11 13 0.025408158 
946 333 9 13 0.025141498 
518 231 9 11 0.02496991 
869 294 12 15 0.024910944 
891 323 13 17 0.024902675 
791 184 8 10 0.024794623 
280 247 9 10 0.02475884 
873 255 9 10 0.024676833 
716 291 24 30 0.024667012 
865 215 7 9 0.02466359 
1015 311 8 12 0.024587607 
196 268 11 15 0.024503374 
879 259 9 11 0.02443825 
907 353 12 15 0.024380364 
721 306 25 30 0.024212634 
885 317 11 15 0.024195649 
741 416 17 21 0.024101323 
34 319 7 10 0.024073116 
518 277 26 36 0.02393533 
775 296 12 14 0.023901943 
1 327 7 11 0.023857227 
973 342 10 13 0.02383277 
176 269 24 34 0.02374871 
418 275 29 35 0.02365294 
847 270 12 14 0.023602745 
1015 423 8 11 0.02357991 
936 301 13 15 0.023570351 
888 280 9 12 0.0235283 
853 283 10 14 0.023480395 
365 324 18 23 0.02342749 
309 257 9 11 0.02342351 
881 279 10 14 0.023371594 
494 312 16 23 0.023321979 
514 301 18 21 0.023243431 
936 248 9 10 0.023233872 
304 231 8 10 0.023231827 
725 199 9 11 0.023201112 
616 246 9 11 0.023104232 
373 276 9 13 0.02310013 
857 354 13 18 0.022953624 
982 306 11 14 0.022842426 
140 421 13 15 0.022770422 
885 290 10 14 0.02275774 
852 291 11 15 0.022690829 
976 278 8 11 0.02260662 
726 248 8 10 0.022578401 
372 263 9 11 0.022570446 
193 227 37 49 0.022531508 
1014 430 9 12 0.02232784 
797 331 15 18 0.02224787 
812 321 14 18 0.022146909 
87 290 11 15 0.022123467 
598 238 9 11 0.02193422 
513 231 9 11 0.021812271 
525 238 10 13 0.02170679 
926 279 10 12 0.02164095 
846 379 12 14 0.02163762 
532 261 12 15 0.021636747 
900 306 14 16 0.021635566 
982 399 8 10 0.02163342 
725 291 13 17 0.021610716 
854 221 8 10 0.021498786 
952 317 10 13 0.021444365 
927 383 10 12 0.021228578 
919 323 20 27 0.021217857 
521 244 10 13 0.021179445 
1008 336 18 25 0.021124797 
79 376 11 12 0.021112576 
871 260 9 11 0.021048624 
392 252 11 13 0.021039067 
237 388 39 51 0.020966562 
794 237 8 10 0.020935772 
82 271 7 10 0.020919785 
893 308 12 14 0.020915693 
959 397 8 11 0.020874234 
740 317 20 26 0.020865358 
734 255 9 12 0.020824686 
989 272 9 11 0.02081511 
939 362 13 15 0.020758457 
358 318 10 12 0.020742385 
738 395 23 30 0.020717695 
147 220 14 19 0.020688483 
743 262 8 10 0.020675443 
805 230 8 10 0.020647742 
15 294 9 11 0.020613484 
601 223 8 10 0.0205987 
920 383 10 13 0.02057018 
737 241 7 8 0.020553604 
24 263 8 10 0.020525295 
973 457 11 12 0.020499801 
527 252 11 12 0.020485353 
734 286 9 11 0.020387197 
870 215 8 9 0.020333564 
940 279 10 12 0.020287797 
989 110 9 12 0.020280555 
387 519 25 27 0.020196449 
785 191 7 9 0.020194435 
887 431 8 12 0.020179488 
81 320 9 11 0.02015286 
