10_People_Marching_People_Marching_2_173
342
795 511 24 32 0.99844426 
317 485 11 15 0.9529189 
365 494 12 14 0.9514802 
858 513 17 21 0.94559556 
349 486 10 14 0.652671 
759 499 9 11 0.6217038 
495 505 8 11 0.57672906 
383 493 9 12 0.4466603 
521 502 9 11 0.44536394 
281 494 9 11 0.40983778 
423 495 8 10 0.3983437 
674 504 8 11 0.3957413 
732 505 13 16 0.37380198 
455 496 9 11 0.34865266 
188 486 9 11 0.31470057 
575 518 10 12 0.29530832 
509 503 8 11 0.27961436 
250 491 10 12 0.2673724 
641 495 9 12 0.26255986 
672 534 12 15 0.26011714 
568 541 11 13 0.25398463 
253 487 10 12 0.25203937 
823 472 16 19 0.23468566 
979 518 13 16 0.23413484 
341 492 11 14 0.23289222 
167 488 9 11 0.22992183 
700 516 10 14 0.21549578 
520 496 9 11 0.21362112 
272 494 8 11 0.20162034 
939 498 15 19 0.20038296 
449 497 8 11 0.18844967 
947 504 17 21 0.16775472 
574 501 10 13 0.16660649 
975 485 9 11 0.15678938 
464 502 7 10 0.15280557 
440 501 8 11 0.14773408 
990 493 13 16 0.14754649 
301 458 11 15 0.14418697 
372 493 10 13 0.14262947 
614 503 9 12 0.14210425 
-3 731 40 39 0.1389166 
649 558 8 12 0.13402425 
614 509 10 12 0.1295543 
209 483 10 12 0.12792368 
388 494 8 11 0.12695524 
196 347 12 14 0.12487555 
597 477 9 11 0.11682116 
542 496 8 10 0.11204083 
416 464 9 12 0.1071598 
490 503 8 11 0.10225365 
112 486 8 11 0.10183948 
341 499 10 12 0.09890148 
144 488 10 12 0.098040715 
924 484 10 14 0.09741175 
750 544 13 21 0.09723516 
424 487 8 11 0.0969942 
709 501 16 20 0.09504829 
703 487 9 11 0.09385705 
936 495 12 16 0.09310368 
302 493 9 11 0.09280835 
590 508 10 12 0.0885659 
337 522 11 15 0.08665545 
237 487 8 11 0.0844987 
697 483 8 11 0.08075758 
224 499 9 12 0.07993871 
934 502 12 20 0.079554416 
756 532 16 23 0.07923331 
262 488 8 11 0.078199655 
693 495 9 13 0.07789672 
857 499 17 21 0.077001795 
656 504 8 10 0.07602715 
415 501 9 10 0.07401647 
779 515 14 18 0.073615015 
581 465 8 10 0.07301687 
645 499 9 11 0.07027418 
211 493 11 14 0.06918241 
442 496 7 11 0.06892378 
418 480 7 9 0.06748794 
1011 513 11 19 0.06718999 
486 519 10 13 0.066927485 
866 510 17 20 0.066133544 
926 479 10 14 0.0657319 
633 494 8 10 0.06539521 
264 493 9 11 0.06471693 
294 504 9 11 0.06424568 
575 509 11 12 0.06412573 
481 503 8 10 0.06400229 
990 518 10 14 0.063939646 
406 495 9 11 0.06258945 
974 492 11 14 0.06251069 
984 491 11 15 0.061906934 
1006 507 13 18 0.061556946 
418 486 8 10 0.06116669 
128 400 8 10 0.06100921 
697 511 10 14 0.060583156 
700 503 19 26 0.06005144 
148 487 10 11 0.059738398 
172 488 8 9 0.059354533 
874 513 13 17 0.058699865 
424 480 8 9 0.057331778 
812 492 12 17 0.056896027 
344 481 10 13 0.05607588 
703 531 13 17 0.055823747 
664 508 8 11 0.055740487 
965 500 11 17 0.05485377 
401 495 8 10 0.054151963 
362 493 10 14 0.053985253 
854 493 15 19 0.05319218 
976 526 20 24 0.05211868 
620 482 11 13 0.052035414 
303 487 8 11 0.051716685 
996 499 13 15 0.051698316 
581 502 12 14 0.051642198 
989 522 12 18 0.051102456 
956 500 14 18 0.050679643 
328 460 10 12 0.050541773 
968 546 11 14 0.05030295 
418 494 9 12 0.04846123 
194 344 10 12 0.04837577 
539 500 8 11 0.048182283 
760 525 20 26 0.04807164 
368 477 9 11 0.04733019 
286 500 10 12 0.047175862 
689 495 9 12 0.0470948 
969 536 20 25 0.04706204 
678 478 9 12 0.04640928 
474 524 9 12 0.046267614 
325 503 9 12 0.046162754 
185 482 8 10 0.046142608 
570 518 9 12 0.045940768 
469 503 8 10 0.04582745 
313 489 11 13 0.045796253 
166 396 10 12 0.045736812 
511 508 8 10 0.045614313 
561 471 8 9 0.04554436 
630 523 11 14 0.045360733 
213 481 9 11 0.04535032 
707 523 12 16 0.04500389 
478 524 10 12 0.044999655 
471 510 8 10 0.044911455 
904 527 11 14 0.044278692 
919 540 13 16 0.04351198 
350 509 13 15 0.043402668 
654 507 11 13 0.043285336 
429 479 8 10 0.042740036 
539 495 7 10 0.04261831 
665 504 7 10 0.042594727 
997 516 14 18 0.04241268 
764 496 9 12 0.041292444 
616 478 12 14 0.041198947 
525 496 6 10 0.041161995 
428 486 9 12 0.04105285 
376 487 9 12 0.040484093 
709 486 11 13 0.040353175 
551 488 8 11 0.040131565 
623 516 10 13 0.040093232 
104 445 8 10 0.040055383 
429 517 10 13 0.0397643 
343 482 18 23 0.039743643 
560 520 8 10 0.03896393 
200 480 8 10 0.038840003 
407 499 10 12 0.038749676 
462 496 7 10 0.038692173 
842 602 10 14 0.038176715 
944 493 18 20 0.03804947 
237 455 12 15 0.037423305 
294 492 9 12 0.03742157 
376 462 9 10 0.03732432 
511 496 9 11 0.03730776 
287 488 9 12 0.037203513 
665 496 8 10 0.03708342 
383 498 10 12 0.036986686 
117 487 8 10 0.03615377 
981 511 12 15 0.035846986 
998 506 15 17 0.03534546 
757 503 14 20 0.03523173 
104 438 10 13 0.03464822 
771 519 20 26 0.03455461 
186 490 9 12 0.034409996 
517 487 9 11 0.034351498 
215 497 10 12 0.03426875 
742 544 14 21 0.033662397 
137 487 9 10 0.03340207 
377 452 9 11 0.033373512 
293 487 9 12 0.033328615 
262 341 13 17 0.033322096 
707 492 15 16 0.03326398 
162 492 10 10 0.033177383 
945 415 10 13 0.032716047 
581 485 11 13 0.0326289 
524 508 9 12 0.032577127 
231 493 8 11 0.032572538 
645 489 8 10 0.032462668 
320 507 11 13 0.032244887 
308 460 10 12 0.032125443 
351 502 10 13 0.031896766 
934 486 12 16 0.031752642 
595 508 10 13 0.03169996 
971 498 13 15 0.031626437 
731 544 17 20 0.0316199 
919 470 9 10 0.03150621 
514 486 8 11 0.031418048 
632 487 8 11 0.031311627 
421 464 8 10 0.031242568 
366 523 11 14 0.030963251 
132 467 11 13 0.030778239 
1006 521 12 17 0.030711452 
592 515 10 13 0.030648544 
910 461 8 11 0.030589303 
754 501 11 13 0.03047102 
567 479 9 12 0.030461917 
988 535 15 19 0.030017141 
640 489 9 12 0.029838016 
199 485 9 10 0.029829208 
340 517 13 16 0.02937125 
104 487 9 12 0.029333724 
295 455 11 16 0.029177995 
145 408 9 10 0.029132375 
688 479 8 12 0.028975077 
505 497 8 11 0.028911302 
750 487 8 11 0.028810205 
567 544 16 18 0.028627232 
289 445 9 12 0.028552907 
536 487 8 11 0.028410317 
615 495 10 12 0.028249677 
730 509 18 21 0.028159836 
620 510 11 15 0.027975231 
502 508 10 11 0.02785792 
966 494 11 15 0.027781364 
1012 503 11 16 0.027715575 
850 231 8 10 0.027557246 
336 478 9 12 0.02740613 
277 489 18 23 0.02738384 
622 493 10 12 0.02675927 
596 502 10 13 0.026703114 
473 519 9 12 0.02663209 
559 502 10 13 0.026454633 
679 471 8 11 0.02630754 
663 471 7 9 0.026242593 
248 499 10 12 0.026125027 
670 463 8 10 0.026118925 
528 470 8 10 0.025915917 
240 503 9 11 0.025911259 
74 479 8 11 0.025883494 
726 464 9 10 0.025833191 
542 527 8 11 0.025738621 
230 473 9 10 0.025688251 
983 487 9 13 0.025667127 
663 456 8 10 0.025654348 
575 468 9 11 0.02563729 
249 482 18 23 0.025595522 
337 487 10 13 0.025519414 
738 505 13 17 0.025475066 
488 496 8 10 0.025450096 
146 413 9 11 0.02532452 
464 518 9 12 0.025200456 
570 535 13 14 0.025167871 
420 533 13 15 0.025059188 
906 531 13 15 0.025004262 
478 509 9 10 0.024907239 
655 478 9 11 0.024851736 
166 436 10 12 0.024812717 
744 493 9 11 0.024591219 
553 509 9 12 0.024575248 
804 498 16 19 0.02453638 
133 398 8 11 0.024416521 
942 433 8 11 0.024403147 
390 500 8 10 0.024367359 
481 496 8 9 0.024318567 
429 494 7 10 0.024257297 
544 534 9 12 0.024079593 
272 235 8 11 0.023928862 
120 416 9 11 0.023918916 
991 494 22 26 0.02382357 
958 494 12 16 0.02375364 
939 487 14 17 0.023714123 
671 527 11 15 0.023634559 
343 454 8 10 0.02362922 
569 496 9 11 0.023589017 
743 462 7 9 0.023572292 
558 494 9 10 0.023509704 
699 518 18 24 0.023394896 
543 540 12 15 0.023319934 
569 506 10 15 0.02325866 
624 523 11 14 0.02321183 
481 487 7 9 0.023211084 
512 519 7 10 0.023179457 
938 438 9 11 0.023176838 
414 518 11 13 0.023130193 
751 506 13 17 0.023115931 
610 501 9 13 0.023063015 
191 482 8 10 0.02285981 
271 458 11 13 0.022814177 
470 487 7 10 0.022707501 
926 492 10 14 0.022698415 
543 488 9 12 0.02262281 
373 478 10 11 0.022594297 
668 545 14 17 0.022547852 
778 515 23 28 0.02252571 
325 491 10 13 0.022513429 
992 507 10 14 0.02248677 
955 510 14 20 0.022336831 
920 478 12 15 0.022307754 
990 523 22 27 0.022306839 
561 542 10 12 0.022189515 
837 339 42 51 0.022151561 
248 481 9 11 0.022053799 
567 468 9 12 0.021991292 
264 306 13 18 0.021937037 
745 488 9 11 0.021840274 
928 505 14 20 0.021825219 
649 464 8 10 0.02181638 
592 605 8 10 0.021789126 
431 471 8 10 0.021723567 
341 471 11 12 0.021597218 
970 485 9 12 0.021568129 
238 491 9 11 0.021558963 
933 479 10 13 0.021553935 
920 490 11 15 0.02141121 
589 483 11 13 0.021268038 
366 516 13 16 0.021190062 
466 508 8 11 0.020972855 
288 506 12 14 0.02094321 
671 513 11 15 0.020922793 
632 499 10 12 0.020850228 
685 524 11 14 0.02083803 
417 456 7 9 0.020766206 
966 514 12 17 0.020722121 
257 461 9 12 0.020687161 
706 513 15 19 0.020645335 
172 492 9 11 0.020611895 
640 470 7 9 0.020584911 
1006 514 19 29 0.020512693 
238 534 15 19 0.020499563 
598 369 10 12 0.020419167 
800 462 10 12 0.020303242 
713 470 8 10 0.02027342 
231 478 8 11 0.020269241 
567 523 10 12 0.02014417 
724 515 23 27 0.020126164 
594 455 8 10 0.020079875 
673 484 9 13 0.020012656 
