10_People_Marching_People_Marching_2_935
47
375 293 204 329 0.9998417 
859 227 193 309 0.3372021 
920 1020 36 41 0.27111697 
75 102 193 225 0.23893158 
35 438 175 243 0.16794306 
100 172 123 140 0.14563112 
113 779 56 69 0.1454121 
818 452 186 235 0.100286186 
775 926 33 43 0.092285216 
912 984 66 72 0.08699266 
830 840 27 30 0.07720216 
161 380 232 271 0.07534971 
42 1472 54 64 0.07331587 
30 1262 121 175 0.057534147 
249 462 113 125 0.051340118 
756 172 341 461 0.048407547 
799 1027 30 33 0.045998298 
926 297 101 205 0.04367142 
976 1015 35 39 0.04041382 
822 1074 58 67 0.03887179 
814 1082 191 222 0.033861328 
277 485 69 76 0.033762794 
546 97 67 54 0.031674504 
355 115 131 141 0.030676937 
570 1019 23 26 0.028378751 
531 85 103 96 0.028011896 
190 497 130 142 0.026871 
903 963 56 64 0.02639216 
453 1390 11 11 0.02561858 
581 1384 13 14 0.02420002 
883 1016 51 53 0.023999829 
928 1008 63 60 0.02387567 
456 1142 12 18 0.023775999 
289 701 458 535 0.02296623 
578 848 44 49 0.021602437 
623 901 12 17 0.02158548 
924 986 40 45 0.021463647 
761 890 207 298 0.021309664 
301 335 188 288 0.021142306 
807 1039 56 55 0.021058314 
536 844 12 14 0.020773781 
670 771 371 468 0.020714998 
345 1322 86 110 0.020695068 
62 1257 171 247 0.020625385 
944 823 10 15 0.020552404 
454 1140 29 41 0.0204398 
10 359 290 406 0.020382555 
