10_People_Marching_People_Marching_2_36
301
813 329 35 39 0.9953015 
649 304 28 34 0.99378526 
948 330 39 45 0.992535 
697 302 30 39 0.9922646 
751 315 31 36 0.9905296 
557 324 32 38 0.9900567 
303 334 34 40 0.9853681 
501 318 29 37 0.98450154 
428 302 28 36 0.9739354 
254 320 33 40 0.9537336 
385 294 26 34 0.9526718 
10 311 19 20 0.9442215 
31 287 17 21 0.94166744 
50 408 15 18 0.9216219 
673 269 17 20 0.8971473 
593 273 21 27 0.89630604 
119 288 27 33 0.8889326 
852 289 19 22 0.8845699 
899 302 15 20 0.85929555 
223 316 28 34 0.8432304 
828 290 18 21 0.81020606 
471 306 28 36 0.7777124 
151 304 29 35 0.7229042 
130 292 25 33 0.627636 
926 292 16 20 0.6156677 
140 299 29 33 0.60063696 
93 309 14 19 0.5867657 
973 295 15 18 0.49715695 
356 287 24 28 0.48303124 
107 414 13 16 0.46528575 
959 280 15 18 0.46030578 
315 289 26 30 0.4455441 
267 318 35 35 0.42797056 
1005 291 15 19 0.36399 
629 297 15 19 0.36213866 
572 319 30 33 0.3435722 
568 290 16 17 0.33574894 
356 313 26 32 0.33410132 
10 344 14 18 0.32517052 
114 288 19 26 0.31199372 
611 323 23 30 0.30253896 
637 293 14 18 0.30223724 
486 316 30 36 0.30077177 
942 287 15 20 0.29747897 
28 338 20 26 0.26838663 
60 378 11 15 0.23844062 
77 374 13 17 0.23697786 
60 238 13 17 0.22723949 
524 283 25 27 0.2014722 
665 332 26 30 0.1966652 
141 429 10 12 0.1925113 
970 334 34 36 0.16216354 
188 313 26 31 0.15943308 
318 334 34 37 0.1566043 
432 451 14 17 0.15583383 
513 313 30 35 0.15345438 
365 289 26 32 0.1436628 
888 326 29 39 0.13938469 
404 318 23 30 0.13742039 
232 319 33 37 0.13521671 
615 307 22 28 0.13021192 
826 326 37 37 0.12641712 
533 276 24 29 0.116598316 
947 284 16 19 0.112429194 
347 287 22 29 0.11062239 
258 230 16 18 0.11018024 
719 282 13 15 0.10894325 
751 226 24 30 0.10764191 
136 439 10 11 0.10597087 
810 287 26 32 0.10460048 
356 296 29 35 0.1043451 
398 451 13 18 0.102395676 
48 223 9 11 0.10108743 
102 295 26 33 0.09993459 
620 300 16 18 0.094313346 
334 287 21 27 0.090680644 
304 280 24 33 0.090188056 
329 289 17 22 0.089197315 
31 335 14 17 0.088064745 
394 303 28 33 0.08583244 
964 284 19 24 0.08133281 
42 246 8 11 0.08047133 
692 285 13 16 0.080414124 
0 393 9 15 0.08035202 
56 372 14 16 0.077708066 
19 337 19 25 0.07742799 
28 403 15 18 0.07665493 
684 308 27 32 0.07396873 
174 339 16 20 0.07396538 
62 233 10 13 0.07193988 
623 301 22 26 0.07060804 
206 315 30 32 0.06986377 
622 231 15 19 0.06847274 
437 444 13 19 0.06698569 
638 290 24 30 0.06627466 
870 315 12 16 0.06583318 
12 451 13 16 0.064676404 
486 227 17 21 0.06331683 
742 465 11 16 0.062768325 
416 310 27 35 0.06199012 
887 298 26 29 0.060719427 
122 403 12 16 0.058955703 
544 271 26 29 0.058453925 
592 286 23 29 0.05839818 
111 286 15 20 0.057397183 
0 350 9 16 0.057370123 
99 437 15 18 0.056300435 
772 348 26 32 0.055708796 
998 284 14 18 0.05551306 
763 335 32 39 0.054158557 
958 407 13 17 0.05402796 
20 430 12 16 0.053839218 
558 297 16 19 0.053717256 
670 446 9 12 0.05371681 
710 301 32 35 0.052551232 
104 407 12 15 0.05251895 
28 373 16 20 0.05177954 
517 290 25 28 0.051725358 
750 321 18 23 0.051103868 
-2 326 7 12 0.050664984 
109 238 13 14 0.050285324 
941 327 13 19 0.049761653 
684 218 11 13 0.04967438 
4 405 10 13 0.049667187 
29 238 8 10 0.0495838 
723 339 18 22 0.048638653 
17 247 10 12 0.048402257 
333 328 27 36 0.048235822 
205 461 9 12 0.048020907 
631 275 10 13 0.047057908 
30 254 8 10 0.046853345 
403 443 13 17 0.045632653 
135 443 10 12 0.045529548 
53 221 8 11 0.04543369 
580 293 14 17 0.04496753 
59 366 12 15 0.044749636 
6 246 9 12 0.044295844 
299 273 45 51 0.04382978 
299 280 16 21 0.043356996 
546 287 15 18 0.042910803 
794 325 24 32 0.04283624 
112 207 10 11 0.042800955 
122 321 16 21 0.041914653 
931 284 20 26 0.04188088 
637 305 25 31 0.041267607 
168 309 32 31 0.041055407 
466 211 14 18 0.04103431 
781 342 26 34 0.04102288 
23 449 14 18 0.040468592 
603 296 23 30 0.04043348 
902 262 8 10 0.039823942 
273 302 33 39 0.039721604 
737 222 24 29 0.03956671 
124 409 13 15 0.03936648 
62 384 12 15 0.039358255 
687 201 11 13 0.03893256 
73 371 13 16 0.038382612 
497 201 473 520 0.03815195 
1000 277 13 16 0.03787715 
314 285 17 23 0.03727406 
761 233 16 20 0.03725853 
9 334 12 15 0.03686495 
586 294 17 20 0.036524754 
349 191 13 16 0.036260057 
81 225 10 11 0.035987284 
206 332 26 30 0.0359004 
100 426 15 18 0.03576488 
765 281 12 14 0.03498178 
686 237 12 16 0.0346081 
139 434 12 14 0.03450634 
675 320 27 32 0.033993136 
5 251 10 13 0.03395755 
152 421 11 13 0.03352137 
553 282 15 18 0.03347063 
787 294 12 14 0.033348337 
105 316 22 28 0.033019558 
636 277 13 16 0.03294898 
305 275 15 18 0.03266004 
159 289 54 58 0.032615315 
580 265 13 17 0.03235166 
766 311 31 35 0.032347765 
558 298 26 30 0.03213079 
666 307 28 28 0.03151415 
805 294 17 23 0.030813783 
280 347 27 34 0.03035214 
165 322 29 30 0.030103942 
156 431 12 15 0.029557243 
527 315 26 34 0.029118529 
620 367 11 14 0.029111214 
978 285 15 18 0.029078143 
350 318 16 22 0.02892995 
68 387 13 16 0.02879232 
684 305 17 21 0.028761456 
424 329 25 35 0.02800869 
89 301 11 15 0.027944386 
22 251 9 11 0.027843144 
711 279 23 24 0.027813127 
452 331 16 20 0.0277599 
743 320 14 21 0.02767343 
946 293 17 21 0.02766807 
24 232 9 10 0.027544733 
114 418 15 19 0.027500242 
690 290 26 34 0.027455674 
98 309 22 28 0.027403004 
820 284 19 25 0.027301323 
60 420 12 15 0.027237372 
85 229 9 11 0.02716164 
990 291 12 16 0.027050674 
783 239 9 12 0.02704346 
369 315 15 22 0.026821513 
300 483 33 43 0.02680866 
70 367 12 14 0.026554205 
589 228 12 16 0.026288114 
77 422 11 13 0.026218241 
5 332 22 27 0.026120897 
857 287 22 31 0.025903895 
293 288 14 18 0.025896616 
116 410 13 16 0.025797842 
370 284 16 20 0.025753068 
150 428 11 14 0.025508543 
646 312 40 45 0.025406908 
1004 300 16 22 0.02540279 
29 428 12 15 0.02536262 
819 299 33 42 0.025300873 
782 321 26 33 0.02521059 
893 295 16 20 0.025153965 
49 238 10 12 0.025087014 
397 414 11 13 0.025078513 
157 356 12 16 0.02507248 
71 422 11 14 0.02491776 
872 302 23 31 0.024863027 
380 381 12 16 0.024862835 
739 300 13 19 0.024835907 
290 334 31 37 0.024687322 
347 336 14 22 0.024651323 
716 343 16 19 0.024578564 
544 261 12 12 0.024349371 
955 296 15 18 0.024322823 
411 292 17 21 0.024283394 
775 290 28 32 0.02415111 
540 348 12 17 0.024144454 
643 287 14 19 0.023991672 
35 403 14 19 0.023942443 
337 414 28 34 0.023942275 
67 245 10 12 0.02393008 
62 427 10 12 0.023910424 
1 254 8 12 0.023831412 
593 326 17 22 0.02378297 
445 320 29 35 0.023762561 
142 282 47 55 0.02372512 
791 285 28 34 0.0236827 
812 301 16 20 0.02365947 
724 298 25 32 0.023624118 
574 218 13 15 0.023564424 
801 323 16 22 0.02355393 
605 328 15 23 0.023244638 
349 322 25 39 0.02313379 
347 274 15 17 0.02313098 
506 273 14 17 0.023080628 
287 321 19 22 0.022796446 
387 165 22 32 0.022716312 
738 213 40 48 0.022636795 
22 409 13 16 0.022616126 
988 419 29 31 0.022553539 
203 308 51 50 0.022469554 
0 409 10 15 0.022435555 
481 300 20 26 0.022321153 
428 342 16 21 0.022192903 
256 392 11 15 0.02214565 
985 287 22 27 0.022104783 
577 298 25 32 0.022101054 
85 359 24 30 0.022066751 
773 237 11 14 0.022064405 
293 270 26 33 0.02191941 
88 294 10 14 0.021883858 
124 398 12 16 0.02181029 
609 281 15 19 0.021735793 
272 378 11 14 0.021328585 
28 436 12 15 0.021263264 
718 290 25 30 0.02124281 
153 435 11 14 0.021172 
6 240 9 11 0.021036081 
863 320 13 19 0.020964775 
998 294 17 20 0.02084967 
11 420 16 19 0.020847945 
331 365 25 31 0.020758584 
47 369 12 17 0.020723293 
348 274 25 31 0.020675635 
680 216 11 12 0.020661075 
10 439 20 25 0.020632597 
40 241 8 10 0.020552685 
297 303 43 51 0.020511301 
524 347 24 33 0.0204477 
39 251 10 12 0.020370657 
973 295 24 28 0.020277146 
126 462 10 12 0.020263806 
890 322 18 25 0.02019978 
920 296 15 20 0.020115532 
99 299 17 22 0.020104367 
336 499 11 14 0.020102281 
428 432 22 29 0.020023767 
