10_People_Marching_People_Marching_2_34
3103
624 717 34 43 0.99933124 
994 721 31 42 0.9958229 
714 702 23 30 0.9943869 
589 688 25 31 0.99129325 
670 708 22 32 0.98569494 
525 710 31 38 0.9823291 
165 633 13 16 0.97130305 
397 657 17 22 0.9639297 
455 637 12 15 0.96229815 
101 683 16 19 0.96092093 
174 689 14 19 0.9547936 
341 643 13 16 0.9359243 
866 722 28 33 0.9261522 
38 684 15 18 0.9253281 
835 670 21 28 0.9127534 
403 720 18 27 0.90935785 
85 734 22 28 0.8748266 
370 642 12 16 0.8552407 
513 687 22 31 0.83642155 
811 642 12 16 0.82642436 
662 669 16 18 0.7943139 
244 643 12 16 0.7705376 
263 671 9 12 0.7628974 
751 611 10 13 0.74355555 
950 667 14 19 0.7243209 
249 581 9 12 0.716409 
714 659 14 18 0.6153785 
305 715 18 25 0.6142144 
449 684 14 18 0.6131286 
32 621 10 12 0.603384 
342 574 8 10 0.59704185 
127 606 8 11 0.5850656 
307 625 11 15 0.56485116 
276 584 9 11 0.5645991 
821 611 10 13 0.54722714 
189 575 9 11 0.535396 
63 637 13 16 0.52641934 
92 619 11 13 0.51155156 
101 557 8 11 0.50030226 
80 599 10 12 0.493628 
141 682 14 18 0.48839495 
838 611 12 15 0.47502348 
605 623 8 12 0.4671449 
463 660 13 17 0.45453134 
218 671 13 16 0.4515481 
424 694 11 15 0.4505648 
37 648 14 17 0.44836423 
384 671 15 20 0.42849943 
294 568 9 11 0.42252943 
465 592 8 10 0.41523165 
623 629 9 11 0.40490058 
377 583 7 9 0.38211116 
888 684 18 21 0.37932155 
578 612 9 13 0.36767867 
780 659 15 21 0.36648676 
665 612 10 12 0.3513899 
822 591 8 10 0.35072708 
341 607 11 14 0.34918317 
705 681 16 20 0.34616753 
445 590 8 10 0.34557858 
745 552 8 11 0.3417634 
552 623 10 12 0.33606192 
815 588 9 11 0.33448845 
536 599 7 10 0.33064318 
301 678 15 18 0.3243417 
301 589 8 10 0.32338658 
527 690 24 32 0.3190477 
102 606 8 11 0.31727076 
958 568 9 11 0.31597584 
374 416 7 9 0.31241578 
995 542 12 16 0.308305 
379 558 7 10 0.30541903 
361 549 9 11 0.3053756 
799 573 8 10 0.30482864 
761 747 27 29 0.30420917 
437 630 9 10 0.29995576 
664 532 8 11 0.29970205 
318 644 10 15 0.29960498 
999 655 11 16 0.2983437 
205 582 8 11 0.2977862 
534 624 9 12 0.2974234 
315 688 13 20 0.29601622 
898 566 9 11 0.29570055 
591 643 8 11 0.293354 
507 645 11 13 0.29289535 
964 596 12 15 0.2925978 
942 597 13 16 0.29048154 
888 478 7 10 0.2889926 
71 565 9 11 0.28802818 
119 572 8 10 0.28580064 
474 423 7 9 0.27882335 
459 528 8 10 0.27748612 
638 669 13 17 0.26847133 
776 630 10 12 0.26396656 
971 648 16 22 0.257509 
617 544 7 10 0.25407216 
415 598 9 11 0.2536113 
864 480 7 10 0.25311866 
855 633 13 16 0.25046888 
760 527 7 9 0.24887098 
629 693 22 26 0.24765557 
128 454 7 9 0.24568772 
247 563 9 12 0.24561296 
594 575 7 11 0.24555866 
784 548 7 9 0.24539322 
321 565 8 11 0.24489723 
841 480 7 9 0.24303956 
192 566 9 10 0.24094099 
525 583 8 11 0.23768581 
776 399 8 10 0.23385055 
280 564 10 12 0.23317887 
268 612 11 14 0.2316575 
750 553 7 9 0.23049334 
975 444 7 11 0.23022339 
925 658 16 25 0.22968015 
110 510 8 10 0.22741011 
325 565 8 10 0.22544585 
336 549 7 10 0.22389716 
488 599 8 11 0.22387518 
326 560 8 11 0.22042418 
764 591 8 10 0.21985583 
656 652 13 16 0.21663785 
646 492 8 10 0.21564636 
73 604 9 12 0.21446314 
582 608 9 12 0.21339677 
366 567 7 9 0.20983 
224 544 7 9 0.20933211 
283 487 7 9 0.20794633 
350 533 8 10 0.20742491 
424 576 7 9 0.20735328 
874 518 7 10 0.20435296 
360 544 8 10 0.20346293 
498 591 8 10 0.20307274 
225 495 7 9 0.20173834 
679 481 7 10 0.20130853 
1011 587 10 14 0.20074835 
904 455 7 10 0.1994552 
458 582 7 10 0.19940823 
149 463 8 10 0.19924273 
257 590 9 13 0.19915698 
735 583 8 10 0.19893262 
912 549 8 10 0.19873783 
778 588 9 11 0.1973246 
505 623 10 13 0.19530316 
160 493 7 9 0.1947726 
423 439 8 11 0.19459741 
458 458 7 8 0.19171268 
842 445 8 11 0.18993443 
278 543 7 9 0.18912359 
12 622 9 11 0.18852898 
1014 533 9 13 0.18833426 
104 645 12 16 0.18569902 
697 568 7 9 0.18566054 
559 612 9 12 0.18469736 
991 523 11 12 0.18315157 
770 480 8 9 0.1818429 
611 666 13 15 0.18145339 
1012 501 9 12 0.18122868 
199 526 8 10 0.18111302 
145 624 10 12 0.18065757 
225 612 9 13 0.18064183 
389 620 12 14 0.1795348 
55 576 9 11 0.17767218 
440 527 6 9 0.17762688 
979 652 13 17 0.17724226 
736 359 9 10 0.17672117 
278 628 9 12 0.17473891 
207 550 7 10 0.17391515 
623 582 8 10 0.172831 
229 595 10 12 0.17230214 
632 606 7 11 0.17173831 
662 503 8 10 0.17160493 
811 587 8 11 0.17029962 
505 401 7 9 0.17029059 
801 487 7 10 0.17000581 
25 485 8 9 0.169927 
405 423 7 9 0.16957493 
629 520 8 10 0.16955836 
881 416 7 10 0.1693198 
864 430 7 9 0.16895935 
399 472 7 9 0.16837633 
425 619 9 11 0.16827206 
640 445 7 9 0.1676505 
385 590 7 10 0.16763073 
408 550 7 9 0.16727029 
324 646 11 14 0.16717653 
432 391 8 9 0.16631986 
342 591 8 10 0.1654956 
23 540 9 11 0.16489564 
313 470 8 10 0.16467176 
273 543 9 11 0.16390787 
521 454 7 9 0.16360575 
914 521 7 10 0.16284098 
502 599 8 11 0.16252173 
591 580 9 11 0.16203666 
521 647 9 12 0.16118692 
286 559 8 10 0.16109234 
66 560 9 11 0.15958567 
785 431 6 9 0.15953396 
623 600 7 11 0.15849729 
803 390 7 9 0.1584757 
279 456 7 10 0.15818326 
815 504 8 9 0.15729102 
463 568 8 10 0.1565709 
265 486 8 10 0.15640563 
557 502 8 10 0.1561184 
853 726 27 33 0.15559529 
750 496 7 10 0.15531193 
753 575 7 11 0.15501708 
813 585 9 11 0.15461719 
440 409 7 9 0.15430924 
511 406 8 9 0.1538662 
513 525 8 10 0.15340222 
837 368 8 9 0.15323713 
921 576 9 11 0.15261741 
830 432 7 9 0.152535 
383 622 10 13 0.15181364 
253 645 11 16 0.15009613 
241 638 12 15 0.14955167 
586 476 7 10 0.14925979 
990 600 13 17 0.14918895 
376 623 9 12 0.14899255 
785 469 7 9 0.14893666 
574 384 7 10 0.14858186 
245 600 8 10 0.14816737 
1007 629 11 13 0.14799652 
866 416 7 8 0.14701986 
559 591 10 13 0.14671429 
756 608 10 13 0.14665838 
730 470 8 10 0.14653204 
752 683 17 20 0.14649893 
566 589 7 10 0.14568102 
260 595 9 11 0.14423454 
838 500 8 11 0.14405379 
79 464 6 9 0.14354138 
422 532 7 10 0.1432577 
632 613 8 10 0.14323002 
77 635 12 15 0.142609 
450 400 6 9 0.14256866 
63 630 11 14 0.1423175 
846 646 14 17 0.14229858 
308 682 15 21 0.14206876 
417 528 8 10 0.14158502 
391 472 7 10 0.14155428 
163 472 6 9 0.13996048 
749 513 7 10 0.13980892 
816 575 7 8 0.13959855 
311 642 13 16 0.13940515 
389 637 11 13 0.13881907 
555 384 6 8 0.13879845 
840 584 8 10 0.13867752 
472 621 10 12 0.13786487 
825 463 8 10 0.13763122 
386 473 7 11 0.13740592 
296 585 9 11 0.13734339 
866 558 8 10 0.13657197 
830 462 7 10 0.1365616 
637 582 8 10 0.13608517 
350 608 9 12 0.13575578 
228 732 12 16 0.13513863 
462 456 7 9 0.13505729 
677 568 8 10 0.134974 
153 439 8 9 0.13480274 
562 710 26 36 0.13479011 
657 559 9 13 0.13466294 
7 525 8 10 0.13460003 
219 505 7 9 0.13411283 
560 676 17 20 0.1336157 
255 441 6 9 0.132717 
16 520 9 11 0.13258764 
619 630 8 11 0.13188295 
675 519 6 9 0.13176037 
360 415 7 9 0.13168658 
849 520 8 10 0.13138068 
577 599 8 10 0.13124566 
665 488 7 9 0.13112433 
454 549 7 9 0.130882 
431 548 7 10 0.13025329 
535 566 8 9 0.12999693 
936 516 8 11 0.12984875 
174 716 13 21 0.12984644 
768 448 7 10 0.12979712 
326 440 7 10 0.12973951 
1002 659 13 18 0.12912434 
465 447 7 8 0.1289287 
338 606 9 12 0.12881349 
517 504 7 10 0.12812881 
98 439 7 9 0.1279855 
894 638 15 19 0.12793347 
624 511 7 9 0.1272019 
13 583 9 11 0.12710473 
990 627 12 15 0.12698293 
774 479 7 9 0.12692803 
492 657 13 19 0.12665677 
598 391 8 9 0.12638849 
608 495 8 9 0.12627342 
672 452 7 10 0.12619944 
406 431 7 10 0.12605964 
473 428 8 10 0.1260323 
457 422 7 9 0.1259072 
657 576 7 10 0.12538433 
328 543 8 10 0.12527087 
586 375 7 9 0.124953315 
423 445 8 10 0.124725066 
589 477 8 10 0.12427976 
417 533 8 10 0.124042764 
344 688 22 26 0.12390355 
313 613 10 12 0.12385078 
1 464 8 12 0.123191305 
279 399 7 8 0.12306949 
16 573 8 10 0.12300732 
423 418 7 9 0.12259037 
407 599 8 10 0.12254388 
192 376 7 8 0.122495905 
908 589 10 13 0.12233953 
442 590 8 11 0.12139483 
658 505 7 9 0.121291876 
592 496 6 10 0.120906964 
218 390 7 9 0.1207407 
227 676 14 19 0.120739594 
862 649 13 18 0.12064171 
707 590 8 11 0.12053734 
594 392 7 9 0.120385714 
49 533 9 11 0.11969373 
503 432 7 9 0.1193215 
392 527 7 9 0.11891065 
198 518 8 10 0.11881699 
169 566 9 11 0.118430324 
807 511 7 9 0.11824152 
66 449 6 8 0.11807114 
785 424 7 9 0.11795504 
777 404 8 10 0.11788436 
621 650 13 16 0.11777838 
296 496 7 8 0.11761746 
896 571 12 13 0.117522374 
686 551 8 10 0.11740122 
632 583 8 10 0.117279336 
704 598 8 10 0.11696924 
342 447 7 8 0.11683888 
425 432 8 10 0.11665911 
962 603 11 13 0.11643452 
329 731 18 21 0.116342 
791 406 8 10 0.116150394 
7 446 8 11 0.116116285 
616 471 7 9 0.11609734 
209 454 6 8 0.11609561 
137 510 8 10 0.115920156 
849 416 7 9 0.11585902 
1014 570 10 14 0.11543227 
425 549 7 9 0.11533576 
674 572 8 10 0.11443558 
63 622 9 11 0.114216276 
734 471 7 9 0.11420779 
473 552 7 8 0.11386326 
464 407 7 9 0.113516524 
1012 604 10 15 0.113456726 
856 487 7 9 0.113214 
517 525 8 10 0.113155834 
377 440 6 8 0.11315571 
293 603 9 12 0.113132454 
656 509 7 9 0.11309516 
448 613 9 12 0.11293591 
781 584 7 10 0.11274106 
792 401 7 9 0.11252736 
824 485 8 10 0.11163087 
719 581 8 10 0.11125512 
535 430 7 9 0.111062616 
520 391 7 9 0.11101023 
678 521 8 9 0.11093349 
414 478 7 10 0.11081645 
432 590 8 11 0.110489756 
617 581 7 10 0.11001937 
829 456 8 9 0.110013925 
152 592 8 11 0.10963936 
495 653 11 15 0.109073885 
77 567 8 10 0.108809955 
663 464 6 8 0.10863735 
529 414 8 10 0.108207986 
1007 567 11 15 0.10754864 
429 617 8 9 0.107134275 
639 565 8 10 0.10712458 
185 470 7 10 0.107062824 
522 653 10 12 0.107005894 
568 424 7 9 0.1069353 
12 548 9 12 0.10680478 
335 545 8 9 0.10673546 
445 659 12 16 0.10631986 
826 431 8 10 0.10619887 
747 656 12 17 0.1060373 
568 536 8 11 0.10592741 
880 422 7 8 0.10591984 
849 400 7 9 0.10587848 
488 440 7 9 0.10563834 
545 567 9 11 0.105558224 
728 510 7 10 0.10526046 
846 480 7 9 0.105059214 
721 534 8 11 0.10498253 
735 531 8 11 0.104805104 
143 650 13 16 0.104748085 
929 566 7 11 0.10444178 
591 589 7 9 0.10422799 
913 525 6 8 0.10406465 
583 679 14 18 0.10405609 
1007 584 11 15 0.10388463 
784 614 10 12 0.10367916 
918 520 8 10 0.103188545 
147 542 8 10 0.10287494 
334 500 8 11 0.102571264 
769 359 7 9 0.10247277 
199 432 7 9 0.10246595 
985 589 11 12 0.102435894 
825 480 8 10 0.10235035 
407 437 7 10 0.10150022 
702 569 7 9 0.101092264 
502 384 9 10 0.10080467 
447 596 8 10 0.10064967 
903 536 7 9 0.100631915 
425 582 7 9 0.1006 
876 621 9 11 0.1005821 
767 657 12 17 0.100438714 
439 488 8 9 0.100417845 
518 660 11 14 0.10026169 
984 595 13 16 0.09974683 
191 424 7 9 0.099740975 
747 615 8 11 0.099701494 
470 446 7 10 0.0996706 
455 400 7 9 0.099626616 
388 667 15 19 0.09954995 
566 565 7 10 0.09933582 
897 561 9 11 0.09922002 
975 519 10 13 0.099201635 
333 699 16 19 0.09907279 
730 465 7 10 0.09889898 
856 566 8 9 0.098656125 
629 702 29 35 0.098624885 
671 511 6 9 0.09847719 
338 447 7 9 0.098474525 
776 665 14 19 0.098334454 
856 606 9 12 0.09812138 
429 621 9 12 0.098119736 
347 534 8 10 0.09780167 
147 627 11 14 0.09743023 
905 317 10 12 0.097339965 
376 400 7 8 0.097136326 
817 608 9 12 0.09686372 
854 423 7 9 0.096856706 
618 599 7 10 0.0964521 
26 559 8 10 0.096432745 
303 668 14 18 0.0963289 
660 564 9 12 0.09629636 
614 495 7 9 0.09610274 
353 447 7 9 0.0960247 
626 518 8 10 0.095916584 
444 584 9 10 0.09569301 
743 438 6 9 0.095642924 
616 653 11 13 0.09556199 
184 606 9 11 0.09537683 
695 679 21 25 0.09531961 
773 326 9 11 0.09493952 
257 426 7 9 0.094801895 
725 621 9 11 0.09479464 
834 558 7 10 0.09476443 
399 559 7 9 0.09465582 
870 430 7 9 0.09462495 
864 461 8 10 0.09453014 
134 496 7 9 0.09452306 
439 414 7 9 0.09451177 
352 589 9 11 0.09435095 
839 399 7 9 0.094325 
367 440 7 9 0.094291724 
592 382 7 9 0.09411968 
361 408 6 8 0.094059706 
425 472 7 8 0.093985125 
746 495 8 11 0.0939401 
217 543 7 10 0.09389376 
501 650 13 16 0.093856126 
143 517 8 10 0.093853526 
361 439 7 10 0.09382307 
400 432 8 9 0.09375426 
133 607 8 11 0.093638554 
669 532 7 10 0.09356476 
48 637 9 12 0.0935249 
127 556 7 10 0.09351122 
910 504 7 10 0.09343127 
888 416 7 10 0.09342639 
122 551 7 10 0.09327438 
784 391 6 8 0.09295698 
503 453 8 10 0.09281608 
888 472 7 10 0.092762634 
440 533 7 9 0.09267499 
654 544 7 9 0.092342496 
680 558 7 9 0.09218119 
902 560 8 11 0.092038795 
802 431 7 10 0.091930166 
650 456 7 9 0.09185029 
177 600 8 11 0.0915524 
497 414 7 9 0.09145625 
150 607 8 11 0.09130794 
305 438 7 8 0.091268085 
504 603 9 11 0.09099074 
806 488 7 10 0.09090243 
166 471 7 9 0.0907449 
257 470 8 10 0.0906632 
743 573 8 11 0.09056085 
13 544 8 10 0.090479515 
239 446 6 9 0.09023806 
98 551 9 12 0.09017871 
654 637 9 12 0.09015552 
856 455 8 9 0.09012058 
544 691 22 28 0.08993831 
385 535 8 10 0.08974216 
745 516 7 10 0.08970988 
22 573 8 11 0.08956756 
753 446 6 9 0.08946729 
29 479 8 10 0.08933807 
406 591 8 9 0.08905764 
478 416 8 10 0.08897128 
1006 636 12 15 0.08884835 
313 465 8 9 0.088411696 
446 608 8 10 0.08826846 
486 660 12 20 0.088055745 
304 391 6 9 0.08794137 
14 495 8 9 0.08783557 
343 569 8 10 0.087666914 
511 582 7 9 0.08766417 
733 604 10 13 0.08760749 
737 433 7 8 0.08751332 
929 528 8 10 0.08745509 
34 518 8 10 0.08740767 
661 575 7 10 0.08715798 
854 623 11 14 0.08712104 
134 544 7 9 0.08699557 
274 415 8 9 0.08684745 
879 729 17 22 0.08681626 
473 417 7 9 0.08679819 
824 510 8 10 0.086658254 
319 663 11 14 0.08664984 
258 466 7 8 0.08656936 
627 376 7 9 0.086377464 
126 552 8 10 0.08636653 
105 342 8 10 0.086262554 
626 407 7 9 0.08605709 
151 511 7 9 0.08598571 
520 567 7 10 0.08595052 
634 424 7 9 0.08578556 
267 510 8 11 0.0857265 
248 478 7 10 0.08555999 
721 636 9 11 0.08552414 
230 659 14 17 0.085371085 
866 407 6 9 0.085187815 
806 606 8 11 0.08508578 
768 525 8 11 0.08472875 
571 384 6 9 0.08469536 
144 608 9 10 0.08464435 
497 431 8 9 0.08435944 
901 630 11 14 0.08426343 
743 477 8 11 0.08425971 
158 439 7 9 0.084176615 
825 469 8 10 0.08412412 
425 400 8 10 0.08408414 
304 433 8 9 0.083930895 
314 719 15 22 0.08379164 
735 464 6 9 0.083687134 
544 399 8 10 0.08347329 
221 503 8 10 0.08340107 
274 462 8 9 0.08306976 
737 351 7 9 0.08298589 
287 566 10 11 0.08261934 
318 469 7 9 0.08233979 
286 627 10 13 0.082326576 
880 574 8 11 0.082264066 
704 573 7 10 0.082182735 
504 414 8 10 0.08213937 
391 590 8 10 0.08210993 
850 406 7 9 0.08204135 
553 510 7 9 0.081976734 
833 501 8 10 0.081770316 
495 464 7 10 0.081717 
784 439 7 9 0.08155195 
664 494 7 9 0.081479385 
630 601 8 10 0.08141839 
855 430 8 10 0.081325784 
206 587 8 12 0.08127525 
191 406 7 10 0.08119782 
271 620 10 13 0.08114513 
23 566 9 11 0.081124164 
174 423 7 10 0.08068875 
520 450 7 9 0.08057771 
726 631 8 11 0.080112316 
705 583 8 10 0.08006672 
113 568 8 10 0.08003054 
222 525 7 10 0.07983892 
257 392 6 9 0.07980203 
441 609 7 9 0.07974732 
482 599 7 10 0.079713486 
553 423 8 10 0.07965604 
370 415 7 9 0.07950991 
47 527 10 12 0.07947875 
38 518 8 11 0.079463564 
770 390 6 9 0.07936673 
384 433 7 9 0.07925391 
880 688 22 24 0.07915028 
191 607 9 12 0.079123735 
439 625 9 11 0.07911722 
169 504 7 9 0.07897134 
774 526 8 10 0.07889809 
32 551 8 11 0.07886129 
825 423 8 10 0.0787736 
734 502 7 9 0.078755125 
925 607 11 14 0.07875151 
591 500 8 10 0.07870135 
896 473 7 8 0.07847191 
791 519 9 11 0.07815606 
496 597 9 12 0.07813778 
103 519 8 9 0.078066394 
537 527 7 9 0.077951975 
200 611 8 12 0.07782903 
834 553 7 9 0.07778026 
111 480 7 10 0.077612944 
415 487 8 10 0.07756385 
496 525 6 9 0.077164344 
929 447 8 9 0.07713421 
582 543 7 7 0.07708436 
463 573 8 10 0.07708117 
758 582 9 11 0.076999515 
904 448 7 9 0.07696773 
30 583 8 10 0.07693933 
488 407 7 9 0.076640226 
848 590 9 11 0.07662855 
785 447 7 8 0.07658589 
807 600 8 9 0.076401286 
460 631 10 13 0.076345146 
103 455 7 9 0.07629318 
619 577 7 10 0.076248065 
633 504 7 9 0.07610766 
687 605 8 11 0.07607596 
865 401 7 9 0.07596769 
318 464 8 10 0.07590405 
359 636 9 12 0.07579156 
656 526 8 11 0.07562271 
447 407 8 9 0.07544521 
623 549 7 9 0.07538088 
589 375 8 10 0.075355284 
274 688 13 19 0.07531307 
568 448 7 9 0.07531091 
784 607 9 11 0.07506711 
678 448 7 10 0.07499505 
629 623 9 11 0.07487984 
10 502 8 11 0.074838825 
210 376 7 8 0.074797034 
712 691 20 28 0.0747293 
990 503 8 10 0.07470709 
340 598 10 12 0.074700125 
273 536 8 10 0.07462664 
912 495 7 8 0.07455423 
71 502 9 10 0.07452453 
896 410 6 8 0.074281916 
96 374 8 10 0.074140295 
655 647 12 14 0.07409215 
320 543 7 9 0.07393707 
464 416 7 9 0.07385864 
5 464 8 11 0.073850356 
250 503 8 10 0.07377645 
313 415 7 8 0.073732704 
454 508 8 10 0.073705554 
221 691 11 13 0.073624656 
448 455 6 9 0.07342069 
430 583 7 8 0.073417254 
465 441 7 9 0.07332468 
790 415 7 10 0.07322681 
936 541 8 10 0.0731143 
357 685 15 18 0.073102295 
711 630 8 11 0.07300807 
472 582 8 10 0.072908044 
668 609 10 12 0.07280471 
255 445 7 10 0.07273769 
513 376 7 9 0.07273499 
935 497 7 10 0.07264511 
874 597 9 12 0.07261153 
642 494 8 10 0.0725905 
705 606 8 11 0.072468095 
825 447 7 10 0.0724115 
695 667 14 17 0.07232028 
590 471 8 12 0.072273016 
801 726 21 30 0.072059624 
622 576 8 11 0.072002694 
510 616 9 11 0.071967065 
128 584 8 10 0.07189548 
554 488 7 10 0.07182741 
850 423 7 9 0.07180164 
565 651 11 15 0.07177619 
199 393 8 9 0.071699604 
942 542 7 10 0.07168947 
625 524 9 12 0.071673505 
504 639 11 14 0.0716079 
823 528 8 9 0.07151413 
988 583 10 12 0.071450844 
56 629 9 12 0.07127008 
222 424 7 9 0.0712473 
215 568 9 12 0.07123282 
1 487 8 12 0.07122138 
296 519 7 9 0.07119932 
854 520 7 10 0.07100486 
495 638 9 12 0.07076988 
214 375 6 9 0.07059782 
343 558 8 11 0.070538804 
567 429 7 10 0.07052192 
448 473 6 8 0.070484705 
359 391 6 8 0.0703567 
944 454 7 9 0.07022437 
55 480 7 10 0.070180744 
390 535 8 9 0.07017163 
550 573 8 10 0.070066884 
654 550 7 9 0.06978087 
392 606 8 11 0.069746375 
530 624 8 10 0.06974507 
512 439 7 9 0.06974028 
207 448 7 10 0.069736496 
263 398 7 9 0.06964697 
24 504 7 10 0.06964259 
502 551 7 10 0.06930891 
766 596 8 11 0.069300205 
197 559 9 11 0.068955205 
880 461 7 9 0.06890143 
204 606 10 11 0.06890131 
71 573 9 11 0.06889472 
560 565 9 11 0.06887882 
136 447 7 10 0.06871545 
479 399 8 9 0.06866549 
41 431 6 8 0.06845562 
631 479 7 9 0.06835232 
768 613 8 11 0.06823268 
509 668 13 16 0.06821399 
416 493 8 9 0.06815995 
392 437 7 10 0.06814611 
622 544 7 10 0.06804947 
856 449 7 8 0.06802909 
627 401 6 9 0.06797291 
654 630 10 12 0.067933016 
657 463 7 8 0.06789159 
114 574 8 10 0.067835644 
159 552 7 10 0.06769303 
537 502 7 10 0.06769277 
14 502 8 10 0.06753414 
772 651 13 19 0.06746219 
272 471 7 9 0.067395516 
28 598 10 12 0.0673042 
200 511 8 10 0.06724287 
515 704 29 40 0.067097165 
959 560 8 9 0.06708045 
934 560 9 11 0.0670749 
850 391 6 9 0.06705032 
840 393 7 9 0.06702607 
936 440 7 9 0.06684601 
107 511 7 10 0.0667276 
167 606 8 10 0.06663792 
974 423 7 10 0.06663222 
462 391 7 9 0.066584215 
21 524 9 11 0.06657352 
457 417 7 10 0.066490635 
594 568 7 10 0.06629809 
416 382 7 9 0.06628322 
927 431 6 9 0.06619954 
810 712 17 23 0.066067904 
574 448 7 9 0.06604337 
654 622 9 10 0.066005915 
554 591 9 12 0.06598795 
7 487 8 10 0.065984264 
936 602 13 19 0.06593052 
55 462 7 10 0.06587942 
430 433 8 9 0.06586899 
877 519 8 9 0.065867685 
944 558 7 10 0.065865204 
714 440 8 10 0.065842174 
151 549 8 10 0.06579828 
269 517 8 11 0.0657591 
47 463 7 9 0.065700956 
693 510 7 10 0.065689445 
861 607 8 12 0.06559373 
448 415 7 9 0.065584674 
654 520 8 10 0.065566435 
135 502 8 10 0.06554374 
158 597 8 10 0.06551253 
383 607 7 11 0.065499276 
631 588 9 11 0.065459475 
991 535 12 15 0.06539184 
671 527 7 9 0.06531414 
544 404 8 10 0.065201595 
630 381 7 9 0.06507204 
480 628 10 12 0.06506026 
1 526 8 11 0.06503382 
400 590 7 9 0.06492887 
308 636 13 17 0.06482212 
623 463 7 9 0.06480426 
478 376 7 10 0.06479971 
845 606 10 12 0.06477445 
126 568 8 10 0.06461607 
688 591 9 11 0.064586475 
774 614 9 11 0.06445325 
266 668 12 16 0.064399965 
904 430 7 9 0.064398885 
767 509 7 10 0.0643611 
15 487 7 10 0.06435603 
183 489 8 10 0.06433182 
575 454 6 9 0.064307 
9 545 9 11 0.064227045 
41 470 7 9 0.06413566 
336 693 23 25 0.06412358 
766 503 8 11 0.064083666 
390 615 10 12 0.06403785 
954 571 12 15 0.0639272 
856 612 10 13 0.0639205 
831 591 8 9 0.06391612 
328 400 7 8 0.0639136 
184 440 7 9 0.06386093 
48 479 8 10 0.06384614 
983 636 10 12 0.06380979 
623 504 7 9 0.06376824 
201 413 7 10 0.06367689 
785 535 7 9 0.063671336 
498 383 8 9 0.06360918 
889 504 7 10 0.06357274 
70 376 7 10 0.06356686 
696 457 7 8 0.06356305 
415 472 7 9 0.063516535 
608 662 11 15 0.06349569 
200 576 9 10 0.06345608 
582 620 9 12 0.06336071 
841 464 7 10 0.06329981 
854 505 7 9 0.06327303 
42 464 6 8 0.06320344 
865 550 9 12 0.06311202 
769 484 7 10 0.06306431 
856 384 7 9 0.0630235 
296 502 8 9 0.06301497 
543 623 9 12 0.06301038 
337 592 9 10 0.06295331 
104 462 7 9 0.06289778 
984 400 7 9 0.06289238 
874 385 6 8 0.06289209 
769 521 7 9 0.06283046 
513 447 6 9 0.06277397 
824 319 8 10 0.06272025 
650 519 7 10 0.06271951 
255 478 8 10 0.06269107 
807 517 7 10 0.06268084 
327 550 8 10 0.062666774 
345 407 6 9 0.06263194 
789 607 9 11 0.06259923 
675 479 7 10 0.06257791 
0 558 7 13 0.06254835 
489 464 8 9 0.06253277 
477 621 10 13 0.062509105 
850 343 8 10 0.062462576 
846 583 9 11 0.062292837 
169 392 7 9 0.062282488 
825 729 19 29 0.062269453 
806 431 7 10 0.062232587 
471 440 7 9 0.062162362 
831 437 7 9 0.062097013 
191 400 8 9 0.062075265 
125 635 13 16 0.062016744 
654 457 7 8 0.061980866 
832 392 7 8 0.061936483 
273 456 8 11 0.061917655 
825 383 7 9 0.061815005 
358 606 7 10 0.06175821 
863 439 7 9 0.061700344 
849 486 7 9 0.061694786 
342 580 9 12 0.06156659 
871 460 8 11 0.06142831 
661 663 14 17 0.061377957 
527 576 7 9 0.06137518 
66 383 7 9 0.061256785 
134 382 7 9 0.061234277 
489 392 7 9 0.061196703 
791 511 9 10 0.061191663 
768 544 7 8 0.061187845 
104 431 7 9 0.061047893 
599 447 8 9 0.06103896 
1013 506 9 13 0.061027136 
293 628 11 14 0.060987853 
201 471 7 9 0.06096172 
633 677 22 29 0.06090306 
408 544 8 9 0.060864255 
287 481 8 9 0.060862876 
393 552 7 9 0.060745437 
375 391 7 9 0.060739715 
406 416 8 9 0.06070803 
1002 567 10 13 0.06069824 
474 375 8 10 0.060686987 
399 543 8 10 0.060670413 
744 473 7 9 0.06063462 
801 437 7 10 0.06052814 
70 430 8 10 0.060475886 
663 510 8 9 0.060421266 
816 543 8 12 0.06033939 
323 439 6 9 0.06033809 
496 647 10 13 0.060337044 
871 416 7 8 0.060328055 
327 486 6 9 0.06032506 
221 509 8 11 0.06027236 
272 547 9 11 0.060230833 
455 439 7 10 0.06017042 
348 639 11 13 0.060116265 
809 504 7 10 0.059951495 
792 526 8 10 0.059914432 
667 455 6 8 0.05988223 
344 472 8 10 0.059861157 
904 460 7 9 0.059847444 
330 500 8 10 0.059846785 
178 455 7 10 0.059846632 
608 479 8 9 0.059790134 
825 455 8 10 0.05977757 
790 464 7 10 0.059774674 
970 424 7 10 0.059560914 
353 422 7 9 0.059530508 
850 384 7 9 0.05948489 
481 470 7 9 0.059328455 
473 381 9 10 0.059307568 
560 400 7 9 0.05923228 
928 560 8 10 0.059213996 
104 600 8 11 0.059201512 
940 607 15 18 0.059175692 
807 422 7 10 0.05905756 
232 393 7 8 0.059032373 
847 535 8 10 0.05895017 
599 598 8 10 0.058890384 
70 620 9 12 0.058880415 
368 590 7 9 0.05887455 
558 366 8 10 0.05886561 
197 650 12 16 0.058763128 
600 408 8 9 0.058759198 
160 557 7 9 0.058526292 
145 454 7 9 0.058476675 
186 400 7 9 0.05846112 
254 551 8 10 0.058428787 
575 501 7 9 0.058346447 
727 612 10 13 0.058314007 
752 534 7 9 0.058301307 
775 520 7 9 0.058273945 
71 496 8 11 0.058221366 
128 589 10 11 0.058208168 
825 436 8 10 0.058182057 
495 468 7 10 0.05815677 
538 480 6 8 0.058134206 
815 621 10 13 0.058121964 
520 383 7 9 0.058114547 
520 575 8 10 0.058082104 
312 453 6 9 0.05802718 
177 462 7 10 0.058019277 
775 392 7 9 0.057953738 
143 468 9 11 0.05793784 
310 438 7 9 0.057930708 
877 696 17 21 0.057877634 
626 480 8 9 0.05774788 
319 719 21 28 0.057713818 
383 437 7 10 0.057712343 
254 565 8 11 0.057697825 
841 484 7 10 0.057692893 
697 462 6 8 0.057613563 
177 620 9 12 0.057609584 
849 431 7 9 0.057549525 
528 409 8 10 0.05749336 
744 619 9 11 0.057467807 
577 432 7 9 0.05742802 
73 454 7 9 0.05739878 
418 440 8 10 0.057348378 
639 472 7 9 0.057320535 
368 630 11 14 0.05728375 
639 510 8 9 0.057239372 
352 440 8 10 0.057236493 
778 464 8 10 0.057211414 
233 377 7 8 0.05718228 
455 486 9 10 0.057177722 
263 464 7 8 0.057131626 
135 677 14 18 0.05694633 
762 384 6 9 0.0569194 
373 626 11 15 0.0568761 
312 607 10 12 0.05686105 
401 392 7 9 0.05679461 
730 583 8 10 0.05678703 
288 535 7 10 0.05678401 
681 551 8 11 0.056778375 
465 472 7 8 0.056764048 
642 489 7 9 0.056697853 
473 544 7 9 0.056652226 
217 456 6 8 0.05661605 
407 604 9 11 0.05654409 
414 674 10 14 0.056422886 
176 440 7 8 0.056389935 
807 614 9 11 0.056275405 
455 405 7 9 0.056270067 
1009 532 10 14 0.056211583 
450 432 6 9 0.056207173 
830 425 7 9 0.056108057 
439 493 8 10 0.056091078 
734 496 8 10 0.056032434 
690 503 7 10 0.05602558 
971 446 8 10 0.05598509 
620 676 14 18 0.055958908 
296 615 9 11 0.055941787 
134 377 7 9 0.05593989 
553 431 7 9 0.055931848 
722 480 7 9 0.055907004 
498 448 7 9 0.055826616 
630 400 7 9 0.055762775 
220 682 15 19 0.05575786 
113 382 8 9 0.055748787 
833 566 8 11 0.05571038 
335 692 13 18 0.055651832 
554 455 7 9 0.055628683 
206 494 7 9 0.05557106 
694 584 7 9 0.055564553 
223 549 8 10 0.05554795 
952 558 8 9 0.05549549 
514 508 7 10 0.055484083 
446 567 7 10 0.055464033 
952 580 12 14 0.055389997 
879 458 7 9 0.05537534 
430 577 7 9 0.055223837 
799 628 11 13 0.055135064 
223 429 6 9 0.055105593 
305 479 7 8 0.05503891 
408 583 8 10 0.05500731 
410 488 7 10 0.054988634 
354 416 7 10 0.05473491 
901 479 7 9 0.054633398 
559 455 7 9 0.05458818 
448 477 7 10 0.054527592 
568 481 7 9 0.054444835 
358 590 9 10 0.05443703 
841 439 9 11 0.054417964 
71 614 10 13 0.05441035 
253 559 8 11 0.054373812 
405 697 13 17 0.054352563 
607 501 8 10 0.054346386 
996 612 12 15 0.05431701 
889 334 10 11 0.054304913 
264 492 8 11 0.054268755 
807 621 10 12 0.0542665 
881 440 7 9 0.054251675 
895 423 7 9 0.05421467 
801 424 7 8 0.05419152 
850 366 7 10 0.05414783 
65 424 7 9 0.05412385 
768 453 7 10 0.054121982 
830 480 7 9 0.05407576 
446 619 12 14 0.054046627 
578 693 27 35 0.05403491 
587 368 6 8 0.053977042 
927 512 9 11 0.053960223 
181 600 9 11 0.053944632 
364 706 13 17 0.05392316 
864 423 8 10 0.053876303 
382 583 8 10 0.053859618 
41 438 7 10 0.05383026 
240 440 6 9 0.05382992 
135 568 8 10 0.053764895 
790 470 6 8 0.053664092 
240 603 11 13 0.05364021 
630 486 7 9 0.053602014 
313 409 7 8 0.053561762 
478 551 7 9 0.053557314 
650 551 7 9 0.05348119 
414 621 9 10 0.053418346 
599 413 8 10 0.053370867 
327 591 8 10 0.053365547 
144 400 7 9 0.053302616 
834 407 6 8 0.053280916 
166 716 16 20 0.053159002 
122 464 6 7 0.05311765 
575 389 7 10 0.05310586 
10 494 8 10 0.053085413 
742 591 9 11 0.053081367 
168 559 9 11 0.053054914 
737 567 7 9 0.053012524 
1012 597 11 16 0.05297024 
933 609 14 18 0.052900106 
864 456 8 10 0.05283556 
437 634 11 15 0.052772652 
95 325 7 10 0.052704938 
135 549 7 9 0.052671928 
428 674 12 16 0.05252127 
419 416 7 9 0.052493386 
600 375 7 9 0.052485015 
30 588 9 12 0.052437596 
487 399 8 9 0.0523997 
727 479 8 9 0.05237952 
571 677 19 26 0.05236976 
506 406 8 9 0.052360743 
606 383 7 8 0.05227589 
388 693 14 17 0.052243818 
442 576 7 9 0.05222604 
495 424 7 9 0.052204307 
599 615 8 9 0.05217836 
0 613 7 11 0.052146606 
222 631 10 13 0.052092202 
609 559 9 10 0.052053116 
769 472 7 10 0.051899664 
351 628 9 11 0.051880028 
776 470 8 10 0.051865358 
802 606 7 11 0.051858358 
823 595 9 12 0.051855497 
187 406 7 10 0.051762927 
673 381 9 11 0.051760036 
199 397 8 10 0.051728997 
561 406 8 10 0.051679228 
470 627 9 12 0.051625535 
934 526 9 11 0.051538605 
799 480 7 9 0.051485337 
415 617 8 9 0.05144396 
289 416 7 9 0.051425222 
671 305 9 11 0.051410276 
577 619 9 12 0.051403467 
608 488 8 10 0.051391352 
752 579 9 12 0.051376082 
111 592 8 10 0.051343173 
823 568 8 10 0.051285155 
87 335 7 8 0.051280607 
639 504 8 9 0.05127409 
944 519 8 10 0.051225226 
438 422 8 10 0.051214255 
317 607 9 12 0.05117731 
245 632 13 16 0.051150482 
193 447 6 8 0.051140137 
418 577 7 9 0.051122203 
185 550 9 10 0.051078208 
340 684 16 19 0.05107379 
543 519 7 9 0.050958592 
446 575 8 9 0.05094481 
512 521 7 10 0.05087684 
200 409 7 9 0.050849974 
229 494 9 11 0.050794076 
185 509 7 9 0.050744325 
41 487 8 9 0.050722532 
929 534 8 10 0.050711427 
449 440 7 9 0.05070301 
63 576 8 10 0.050697926 
792 454 7 9 0.050672483 
433 416 7 10 0.050649375 
774 645 12 17 0.050589856 
228 666 15 19 0.05058927 
80 534 8 10 0.050578654 
362 573 9 11 0.05049511 
85 603 9 12 0.05048323 
791 447 8 9 0.05043576 
529 423 8 10 0.050384242 
649 524 8 10 0.0503649 
89 616 10 13 0.05035295 
391 476 8 11 0.050334573 
616 623 8 11 0.050301436 
489 424 7 9 0.050133694 
833 612 10 14 0.050093807 
806 385 7 10 0.050048564 
94 532 9 11 0.05003911 
171 630 12 16 0.05003897 
626 486 7 9 0.050019912 
686 557 8 9 0.049941327 
112 432 8 9 0.04992918 
686 598 8 11 0.049902603 
376 613 8 10 0.049882375 
446 447 8 9 0.04987857 
533 583 9 10 0.049871475 
654 480 7 9 0.049809027 
43 646 13 15 0.04975108 
393 433 7 9 0.049691692 
459 393 6 8 0.049669165 
442 566 7 9 0.04960907 
71 478 8 10 0.049579315 
201 447 7 9 0.049546503 
561 440 7 9 0.049533132 
71 406 7 9 0.049446937 
346 528 8 11 0.04944465 
560 584 8 10 0.049210176 
790 543 8 10 0.04918765 
293 622 10 12 0.049158107 
767 430 7 9 0.049105175 
520 472 6 9 0.04906413 
856 462 8 11 0.04903498 
320 582 8 11 0.04901946 
639 454 7 9 0.049013633 
864 544 8 11 0.048971824 
629 406 8 10 0.04894112 
502 557 8 10 0.048922967 
863 564 9 11 0.048907686 
31 470 7 10 0.048844043 
905 615 8 11 0.0488387 
319 535 7 9 0.048837885 
531 628 9 11 0.048833013 
14 455 8 10 0.04879887 
87 589 8 11 0.048797127 
181 622 10 12 0.048783373 
310 477 8 10 0.048700683 
234 446 7 9 0.04867733 
296 488 6 9 0.04863631 
996 711 25 29 0.048631504 
176 470 7 10 0.04859441 
590 367 7 9 0.04854356 
345 623 10 13 0.048526157 
287 541 8 10 0.048510812 
678 454 7 8 0.04844128 
673 551 7 9 0.04837605 
138 470 8 10 0.048374206 
71 448 8 9 0.048314843 
575 496 8 10 0.04828911 
569 520 6 9 0.0482333 
419 446 7 9 0.04822509 
640 392 7 8 0.048204813 
216 551 8 9 0.04814433 
409 472 7 10 0.048062477 
545 472 7 10 0.048004687 
193 534 8 10 0.047989532 
841 432 7 9 0.04794593 
216 384 8 10 0.047944322 
966 263 33 39 0.047935534 
359 400 6 8 0.04793492 
943 699 26 29 0.047908574 
146 535 8 10 0.04789871 
39 568 9 11 0.047884323 
793 375 8 10 0.047881655 
185 579 8 12 0.047878277 
88 529 7 9 0.047877483 
12 616 9 12 0.04787537 
632 576 8 10 0.047845215 
433 456 7 9 0.047839135 
841 320 8 11 0.04777841 
239 376 7 8 0.04774747 
480 569 8 9 0.047734633 
352 401 6 8 0.047727898 
495 409 7 9 0.047696415 
864 359 7 9 0.047675755 
515 666 12 15 0.047665585 
150 469 7 10 0.047648486 
849 505 7 10 0.047633972 
474 400 7 8 0.047590226 
104 337 7 9 0.047581498 
808 548 8 11 0.047572594 
535 375 7 9 0.0475685 
441 440 7 9 0.047515374 
952 526 8 10 0.04749054 
681 620 10 12 0.04747223 
895 414 6 9 0.047464985 
553 478 7 9 0.047457334 
607 445 7 9 0.04744253 
925 573 9 12 0.04741932 
175 479 7 9 0.047412585 
758 368 8 9 0.04741074 
288 384 7 8 0.047400355 
787 416 7 9 0.04732458 
112 375 8 10 0.04732084 
160 607 8 11 0.0473134 
543 360 8 9 0.04727653 
873 591 8 11 0.047195196 
416 377 7 9 0.04718692 
560 447 7 9 0.047175024 
561 559 8 11 0.047167085 
857 544 8 10 0.047162097 
850 359 7 10 0.047129717 
416 581 7 9 0.047118794 
777 438 6 8 0.047108456 
184 447 6 8 0.047103133 
472 616 9 12 0.047091074 
709 611 9 12 0.047089513 
575 486 7 10 0.047038168 
250 441 7 9 0.047002763 
431 396 8 10 0.046996076 
131 633 12 16 0.046994645 
752 440 7 9 0.046993975 
951 431 6 8 0.04699227 
814 629 12 14 0.046963744 
279 597 9 12 0.046963308 
358 584 9 10 0.046955474 
54 439 7 10 0.046926294 
570 390 6 9 0.04688877 
535 423 7 10 0.0468125 
158 591 8 11 0.046756722 
569 375 7 9 0.046750024 
258 648 14 17 0.046732806 
231 550 7 9 0.046704233 
228 643 13 16 0.04670014 
585 496 7 10 0.04669845 
743 597 8 11 0.046608556 
194 519 8 10 0.04660582 
269 487 7 9 0.04660057 
469 597 8 10 0.046570476 
400 437 7 10 0.046567764 
222 390 6 9 0.046526235 
729 600 9 10 0.046525355 
370 401 6 8 0.046509687 
262 375 6 7 0.046501797 
461 584 8 10 0.046402063 
206 629 13 15 0.0464013 
202 439 6 9 0.046363562 
555 696 23 29 0.04630314 
453 614 9 12 0.046288922 
837 660 16 19 0.04627967 
368 472 8 10 0.046202473 
759 545 8 9 0.04620163 
767 424 7 9 0.046173733 
462 532 8 10 0.04614565 
849 596 10 11 0.046139725 
697 536 8 10 0.04611786 
406 392 7 8 0.046104997 
841 326 7 9 0.04609312 
801 492 8 11 0.046085153 
519 621 9 12 0.046079796 
249 448 8 9 0.046058588 
833 573 8 10 0.046046615 
462 400 7 8 0.046035152 
346 401 7 8 0.046027955 
472 556 8 10 0.04599392 
624 589 9 10 0.045986805 
767 646 10 14 0.045985263 
110 342 8 11 0.04595999 
170 510 7 9 0.0459129 
206 575 9 11 0.045873556 
235 677 13 17 0.045841053 
575 519 7 9 0.04583152 
723 659 13 17 0.04579392 
389 629 12 14 0.045749158 
382 551 8 11 0.045722514 
935 536 8 11 0.045623217 
145 644 14 17 0.045622192 
471 480 7 9 0.045600593 
511 577 8 10 0.045571156 
397 693 12 18 0.0455276 
872 424 7 9 0.04552073 
598 640 8 10 0.045504656 
744 488 7 9 0.045484643 
535 383 7 9 0.045479823 
81 593 9 11 0.045470856 
510 401 8 10 0.045456927 
384 399 6 8 0.045400087 
930 454 7 9 0.0453462 
744 533 8 10 0.045339223 
66 376 7 10 0.04530439 
278 549 9 11 0.045303985 
186 504 6 9 0.045228224 
911 409 7 8 0.04517967 
137 573 7 10 0.04517846 
409 383 7 9 0.045132812 
191 644 11 13 0.045115013 
78 551 9 11 0.045021433 
175 575 7 10 0.045007106 
215 635 12 15 0.04493469 
585 639 9 12 0.044922814 
54 528 8 11 0.044913217 
502 367 7 9 0.04487892 
174 392 7 9 0.044745766 
870 407 7 8 0.044698335 
816 487 8 9 0.044668764 
242 478 8 10 0.044647448 
535 463 7 9 0.04463004 
932 565 9 11 0.044583287 
967 401 6 9 0.044562865 
353 455 7 8 0.044511966 
374 420 8 10 0.044479206 
174 559 8 12 0.044466715 
463 462 7 9 0.04444756 
359 527 8 9 0.044405546 
504 583 8 10 0.044358 
191 543 8 10 0.04434224 
177 494 8 9 0.044294957 
165 662 11 13 0.044276133 
519 377 7 8 0.04426711 
438 431 8 9 0.04426695 
451 730 24 30 0.044250224 
336 610 10 14 0.044245724 
270 527 8 10 0.044032153 
134 453 8 10 0.043989945 
690 584 8 9 0.043933533 
785 454 7 9 0.04389057 
656 423 6 8 0.043860056 
880 343 7 10 0.04384266 
920 438 7 8 0.043805383 
327 573 8 10 0.043790027 
800 448 7 8 0.04373535 
663 630 10 12 0.043701146 
528 383 7 9 0.04369706 
840 423 7 9 0.043664534 
206 623 10 12 0.04360445 
191 472 6 9 0.043562386 
511 414 7 10 0.043561667 
352 384 7 8 0.043506686 
560 431 7 9 0.043504253 
835 400 6 9 0.043444462 
289 624 9 12 0.04341208 
642 673 14 18 0.04336242 
57 623 8 11 0.043348286 
837 567 8 10 0.043339174 
56 484 7 10 0.043319754 
600 455 7 8 0.04330598 
320 382 7 9 0.04330266 
894 578 11 14 0.043260813 
493 604 10 11 0.043180663 
854 367 6 9 0.043147963 
282 494 8 10 0.04310008 
224 463 7 9 0.043013446 
298 390 7 9 0.042958453 
790 335 9 12 0.04293606 
327 596 9 11 0.04293329 
799 462 7 10 0.042930886 
584 423 7 9 0.04292259 
529 368 7 8 0.04284454 
39 456 7 9 0.042840578 
538 689 18 24 0.042818498 
74 463 8 10 0.042733233 
313 534 8 10 0.042693075 
128 610 9 12 0.042675074 
958 446 8 11 0.042654153 
256 406 7 9 0.042652477 
577 438 8 10 0.04259726 
338 441 7 9 0.04257793 
529 496 7 9 0.042560942 
64 407 7 9 0.042475987 
328 416 7 8 0.04246148 
575 463 7 10 0.042338762 
601 397 7 9 0.042319734 
356 674 13 16 0.042257458 
253 509 8 11 0.042254817 
825 495 7 9 0.042244107 
904 424 7 9 0.04219326 
518 616 9 12 0.04218748 
101 612 10 13 0.042184476 
253 725 14 17 0.042152967 
841 471 8 9 0.042144705 
311 449 6 8 0.042115778 
273 399 7 8 0.04208173 
569 453 7 10 0.04206734 
905 414 8 9 0.042040467 
795 567 9 11 0.04203781 
887 440 7 10 0.042017814 
534 592 8 9 0.041983176 
776 575 8 9 0.041951984 
718 528 8 10 0.041832425 
489 544 8 9 0.041782092 
69 509 9 11 0.041769274 
599 472 7 9 0.04175157 
278 537 8 10 0.04173471 
825 390 7 9 0.04168754 
32 688 16 18 0.04166996 
46 327 8 10 0.04163121 
423 405 7 9 0.04157229 
87 558 8 11 0.041548025 
926 618 15 20 0.04148923 
545 560 8 9 0.04148307 
720 519 7 10 0.041414853 
497 375 8 10 0.041398548 
367 446 7 9 0.04136533 
953 425 6 8 0.041347016 
390 520 8 10 0.0413437 
553 494 8 10 0.041319415 
631 511 7 9 0.04127497 
778 375 7 9 0.041272305 
223 440 7 9 0.0412265 
488 480 7 9 0.041214764 
878 652 14 18 0.04115511 
55 550 9 12 0.04113402 
639 623 9 11 0.041133005 
659 532 8 11 0.04112034 
568 367 7 9 0.041115608 
226 592 9 12 0.04110911 
542 526 7 9 0.041093923 
649 638 10 13 0.041067198 
39 543 8 10 0.041061144 
838 551 8 10 0.04102973 
409 575 8 9 0.04101125 
168 478 7 9 0.04099256 
950 519 8 11 0.04095859 
560 362 7 8 0.040915303 
735 477 8 10 0.04086671 
792 638 12 15 0.04083222 
761 567 7 9 0.04081419 
110 597 8 12 0.04076405 
586 652 9 13 0.040727675 
383 627 10 14 0.040699773 
598 645 8 11 0.040693086 
305 472 7 9 0.040683642 
688 486 6 8 0.040678345 
820 630 9 12 0.04065068 
621 697 16 21 0.040592354 
88 583 8 11 0.040575624 
909 582 10 13 0.040545005 
913 400 7 8 0.040526893 
392 392 6 8 0.04050585 
806 494 8 9 0.040504828 
225 490 8 9 0.040499236 
896 510 7 9 0.040441643 
543 376 7 8 0.04039419 
96 447 8 10 0.040392403 
887 445 8 10 0.0403889 
965 690 16 20 0.040382046 
182 456 7 9 0.040380754 
650 479 8 9 0.04025858 
556 628 9 11 0.04022079 
693 591 8 10 0.04019712 
257 367 7 10 0.040176462 
624 359 7 9 0.040139906 
126 600 10 11 0.04009916 
189 550 9 10 0.040075954 
384 642 11 15 0.039989967 
786 665 14 20 0.039984476 
359 446 7 9 0.03997331 
151 433 8 9 0.039962076 
450 544 8 10 0.03992781 
576 536 7 9 0.03992569 
390 510 9 10 0.03992408 
150 382 7 9 0.039911337 
783 384 6 8 0.039907258 
358 535 8 10 0.039899867 
48 440 9 10 0.039856948 
361 558 9 11 0.039794747 
94 320 7 10 0.03975625 
785 406 7 10 0.03975578 
747 500 8 11 0.039725658 
478 429 7 10 0.039716493 
239 613 11 12 0.03967256 
530 430 8 10 0.039665807 
585 463 7 9 0.03964287 
958 504 8 10 0.039642826 
264 480 7 9 0.039597612 
937 656 19 29 0.039595325 
854 342 8 10 0.039594717 
430 471 7 9 0.039577648 
630 673 15 19 0.039525345 
798 359 7 9 0.0394912 
543 433 8 9 0.03946269 
438 463 7 9 0.039451644 
178 487 7 10 0.039431185 
158 417 7 10 0.039419167 
386 526 8 10 0.03941879 
888 431 7 8 0.039411828 
223 568 9 11 0.039407685 
322 487 7 9 0.039311 
31 503 7 10 0.039297923 
311 433 7 9 0.039288115 
344 424 7 9 0.03925262 
95 486 8 10 0.039226964 
857 481 9 10 0.039201267 
623 568 8 8 0.039191667 
416 464 8 9 0.039187208 
118 376 7 10 0.03918691 
689 457 7 8 0.039162897 
930 408 7 9 0.039143268 
863 447 7 8 0.039131265 
441 480 7 9 0.039114315 
825 375 7 9 0.039101504 
289 438 7 9 0.039066717 
586 644 10 12 0.03906315 
376 587 8 11 0.039062962 
799 454 7 9 0.03905325 
831 383 6 9 0.039019678 
111 505 8 10 0.039009463 
608 457 7 8 0.038996134 
471 463 7 9 0.03899537 
328 391 7 8 0.038977172 
592 430 8 10 0.038976163 
487 376 7 9 0.038969874 
129 384 7 8 0.038936794 
343 542 7 9 0.038933083 
582 599 8 10 0.03886552 
318 509 8 10 0.038840793 
297 681 12 18 0.038805272 
287 494 7 8 0.03879483 
729 527 8 11 0.038794737 
856 494 8 9 0.038794555 
94 503 8 10 0.03876599 
594 448 8 9 0.038737226 
714 444 8 11 0.03872139 
408 518 7 10 0.03870017 
950 407 7 9 0.03865113 
288 552 9 11 0.038645785 
601 384 6 8 0.038626187 
762 503 8 10 0.038601216 
406 399 7 9 0.038554575 
716 43 10 12 0.03854772 
544 449 7 9 0.03853991 
858 438 7 10 0.03853968 
327 446 7 8 0.038536657 
230 487 7 10 0.038519587 
456 658 11 16 0.038518004 
9 587 10 13 0.038513802 
984 630 10 13 0.038509376 
38 549 8 11 0.038482446 
96 368 8 9 0.038482085 
70 582 9 11 0.038453486 
377 543 8 9 0.038441118 
534 414 7 10 0.038440116 
143 449 7 8 0.038430177 
728 589 9 11 0.0384064 
168 465 7 9 0.038389966 
479 663 16 21 0.03837309 
424 682 19 25 0.03834761 
682 592 8 11 0.038322873 
150 457 7 9 0.038318835 
867 714 18 26 0.038307935 
391 503 7 9 0.03828459 
586 400 6 9 0.038263716 
499 455 6 8 0.03819125 
136 486 7 9 0.038151998 
325 640 10 13 0.038145326 
262 470 8 10 0.038115997 
320 550 8 11 0.038115777 
182 463 8 10 0.03808027 
569 527 7 9 0.038076684 
455 607 8 10 0.03800336 
89 486 7 10 0.037935633 
856 336 8 10 0.037928212 
352 478 7 9 0.037910108 
592 416 8 8 0.03790086 
970 440 7 10 0.037864674 
24 463 7 10 0.037838392 
585 591 7 9 0.03782793 
558 509 8 10 0.037817694 
550 473 8 9 0.03779615 
521 360 8 9 0.03778053 
640 694 19 22 0.037741877 
730 503 8 10 0.037722483 
807 543 9 11 0.037714418 
569 485 7 9 0.037687752 
98 453 7 10 0.03768404 
495 542 8 10 0.037678424 
347 651 12 14 0.037670244 
889 422 6 9 0.03766543 
174 377 7 8 0.03765543 
399 552 7 8 0.037631407 
362 359 7 9 0.03762462 
871 401 7 9 0.037617676 
65 597 9 12 0.03759697 
854 406 7 9 0.03758692 
921 431 8 11 0.037579037 
113 437 8 10 0.03757853 
650 460 7 10 0.037568048 
975 574 8 10 0.037549052 
383 542 7 10 0.037538525 
94 590 8 11 0.037532616 
702 536 7 9 0.037530713 
918 683 14 17 0.037517376 
112 326 7 9 0.037472017 
761 456 8 10 0.03737884 
312 551 9 10 0.037375476 
314 377 7 8 0.037374914 
824 519 8 9 0.037356265 
396 636 11 14 0.03734461 
877 627 10 13 0.037303526 
145 687 14 19 0.03728822 
152 446 7 8 0.03727288 
440 561 8 9 0.037250336 
766 385 7 9 0.03723316 
488 445 7 10 0.037219625 
526 454 6 9 0.037219167 
223 456 6 8 0.03719948 
71 437 8 10 0.037189525 
481 439 6 9 0.03715493 
296 409 7 8 0.037150193 
440 456 8 9 0.03715 
318 504 8 10 0.037131947 
775 366 7 9 0.0371253 
646 440 7 9 0.03711494 
826 335 7 10 0.03708233 
376 407 7 8 0.037072744 
88 494 8 10 0.03707002 
201 464 7 9 0.037032668 
957 509 9 11 0.037001844 
218 463 6 8 0.036987707 
480 407 7 9 0.036981266 
289 599 9 12 0.036974907 
663 620 10 12 0.036956545 
689 566 8 10 0.036933288 
717 359 8 10 0.036926035 
521 587 9 11 0.03690393 
921 415 6 7 0.036885545 
969 509 7 10 0.03688348 
328 406 7 9 0.03687835 
870 636 11 14 0.036870252 
25 581 8 11 0.03684974 
864 376 6 9 0.03684552 
854 417 7 8 0.03678847 
505 463 7 9 0.036753953 
632 390 7 8 0.036748506 
544 393 7 9 0.036742214 
528 440 8 9 0.036739416 
1012 620 10 15 0.03670118 
185 376 7 8 0.036671985 
850 509 7 9 0.03666672 
591 398 8 9 0.036658183 
416 543 7 9 0.03664751 
201 352 7 9 0.036639743 
953 511 8 10 0.036633894 
247 543 7 9 0.03663344 
990 470 9 11 0.036627363 
566 406 8 10 0.036623877 
801 600 8 9 0.036622085 
923 671 16 21 0.03659803 
968 406 6 9 0.036595 
838 373 8 9 0.036576904 
883 478 8 10 0.03657011 
354 598 8 10 0.03656374 
305 645 10 14 0.036561444 
13 626 9 13 0.036537685 
591 612 9 11 0.03649023 
554 366 8 10 0.036482465 
146 377 8 10 0.0364733 
696 478 8 10 0.036426727 
248 453 8 10 0.0363978 
728 542 6 8 0.0363978 
281 481 8 10 0.036392514 
987 503 7 9 0.036391746 
824 416 8 9 0.03634639 
623 471 6 8 0.036295563 
511 543 8 10 0.036288947 
48 556 8 11 0.03628048 
737 575 8 10 0.036274195 
759 440 7 9 0.036256496 
783 376 6 9 0.03617343 
26 470 7 9 0.036155477 
736 326 7 9 0.036130894 
256 497 7 8 0.03611671 
975 568 8 10 0.036105458 
441 446 8 9 0.0360957 
328 537 7 9 0.036093265 
738 438 7 9 0.036061507 
830 448 8 9 0.03601567 
552 438 7 9 0.036008194 
867 645 12 16 0.035973284 
421 598 8 10 0.035967693 
433 488 8 9 0.035955805 
789 620 9 11 0.035849188 
930 541 8 11 0.035836004 
687 519 8 9 0.035827406 
270 439 9 10 0.03582162 
761 690 16 20 0.03581123 
261 679 14 20 0.035786677 
312 392 6 7 0.035781577 
599 423 8 10 0.035758838 
207 545 8 10 0.035753895 
952 472 8 9 0.035731647 
642 711 32 44 0.03571949 
122 557 8 10 0.035717595 
473 486 7 9 0.035714477 
429 438 8 9 0.035689596 
958 527 8 10 0.035676077 
910 414 7 9 0.03566869 
853 400 8 10 0.035668187 
146 591 9 10 0.03566744 
447 520 7 10 0.0356542 
757 575 9 11 0.035649743 
687 480 7 10 0.035648804 
174 511 7 9 0.03563474 
872 503 7 9 0.035626024 
142 485 7 9 0.035602923 
472 407 7 9 0.035575025 
789 422 8 10 0.035561077 
681 463 7 8 0.03555958 
891 656 13 18 0.03548315 
673 700 18 23 0.035479117 
391 447 7 9 0.035478514 
399 585 8 10 0.03545001 
121 470 7 10 0.035449944 
222 519 9 11 0.035446744 
791 503 9 11 0.035444334 
562 669 15 17 0.03543982 
880 568 7 9 0.035431486 
927 550 8 11 0.0354126 
894 504 7 9 0.035400875 
601 495 7 10 0.03539658 
967 489 7 9 0.035379082 
762 423 7 10 0.035373867 
809 417 7 9 0.035371415 
218 423 8 10 0.035305228 
648 623 8 10 0.035285298 
455 479 8 10 0.035281356 
359 385 8 9 0.03523395 
368 623 10 12 0.035219807 
504 353 7 9 0.035216156 
801 384 8 10 0.035184983 
890 409 7 9 0.035171065 
177 580 8 11 0.03512193 
566 559 8 11 0.035115432 
590 608 8 11 0.035113495 
361 432 7 8 0.035110064 
200 600 8 11 0.03509879 
528 568 8 9 0.03509052 
73 470 7 9 0.035058223 
880 495 7 9 0.035017062 
710 583 8 10 0.03497989 
160 489 7 9 0.03494094 
616 615 9 12 0.03489713 
295 375 6 7 0.034866545 
437 391 7 9 0.034828614 
310 664 10 14 0.034802347 
726 485 8 10 0.034745194 
241 407 7 9 0.034735393 
812 702 22 27 0.034695897 
49 574 8 10 0.034678552 
896 478 7 10 0.034675788 
533 684 14 21 0.034671787 
841 452 7 9 0.034654777 
567 696 24 32 0.034645908 
220 726 16 21 0.034632854 
135 629 10 13 0.034611907 
33 510 8 11 0.03458832 
398 476 8 11 0.034587935 
574 670 11 14 0.03454634 
89 327 7 9 0.034540474 
400 464 7 9 0.034500763 
68 631 12 15 0.034484174 
248 367 7 9 0.034480818 
185 367 6 9 0.034467604 
1008 577 17 27 0.03446544 
150 359 8 10 0.034450807 
377 553 9 11 0.034446068 
262 393 7 9 0.034444936 
104 424 8 10 0.034443337 
130 544 7 9 0.034432504 
595 677 15 18 0.03442838 
127 463 7 9 0.0344116 
207 431 6 9 0.034396455 
79 468 7 10 0.034361787 
609 462 6 9 0.034355953 
638 423 8 10 0.034346204 
128 511 8 10 0.034338526 
593 486 6 9 0.034324415 
337 558 8 10 0.034280762 
581 536 8 9 0.034277722 
118 382 7 8 0.034273237 
241 399 7 9 0.034247942 
695 449 7 8 0.034205474 
261 663 13 17 0.034169655 
392 542 9 10 0.03415254 
409 493 7 10 0.034127306 
846 666 20 26 0.0341259 
969 416 7 8 0.034112595 
628 628 9 13 0.034102593 
513 384 7 9 0.034065507 
545 438 7 9 0.034052916 
16 462 8 10 0.03405067 
378 477 7 9 0.03403095 
967 646 13 20 0.034019686 
303 542 8 10 0.034014124 
584 629 8 10 0.034009855 
191 368 7 9 0.033992346 
184 558 9 11 0.033978555 
558 487 7 9 0.033945583 
345 487 8 10 0.03390502 
538 391 7 9 0.033888143 
590 464 7 9 0.033885848 
318 519 7 10 0.03387905 
230 470 7 9 0.033855956 
790 440 8 9 0.03384562 
1011 668 11 14 0.03384451 
423 455 8 10 0.033840686 
384 574 8 11 0.033831675 
648 503 7 10 0.033779126 
136 440 6 8 0.03376558 
663 469 7 10 0.033751246 
521 683 17 25 0.03372145 
393 598 8 10 0.03371595 
919 588 9 13 0.03371406 
879 580 9 12 0.033667333 
550 558 8 10 0.03366708 
304 351 7 9 0.03365858 
808 448 7 9 0.033648085 
81 528 7 11 0.03361239 
713 653 13 16 0.03361174 
386 510 7 10 0.033605825 
103 470 8 10 0.03357135 
489 603 10 11 0.033570208 
762 359 7 9 0.033560324 
169 571 8 11 0.033558376 
440 383 7 9 0.033552717 
144 635 12 15 0.03354885 
760 644 9 13 0.03354528 
174 398 7 9 0.033536244 
202 493 8 10 0.033516996 
114 408 7 8 0.033510003 
296 511 8 10 0.033497714 
24 440 7 10 0.033487838 
647 408 7 9 0.033483624 
452 621 10 13 0.033444457 
66 510 7 9 0.033441413 
512 422 7 10 0.033440903 
504 438 7 9 0.0334376 
401 398 8 10 0.03343064 
720 464 7 9 0.03341753 
552 607 8 9 0.033404086 
958 533 8 10 0.0333967 
710 423 7 9 0.033385124 
768 439 7 8 0.03336857 
913 438 7 9 0.033349484 
831 597 9 11 0.03334279 
289 528 7 9 0.03334273 
605 694 21 29 0.033321764 
503 544 8 10 0.03329783 
216 536 7 9 0.033275213 
606 400 7 9 0.03326243 
694 495 7 10 0.033258725 
576 407 7 9 0.033226725 
557 574 8 9 0.033218883 
845 319 8 11 0.033115156 
401 599 7 10 0.033090066 
584 405 8 9 0.03308779 
768 608 8 11 0.033084225 
170 375 6 9 0.03308355 
9 452 8 10 0.03307558 
922 558 7 10 0.033056915 
270 479 8 10 0.033043917 
218 430 7 9 0.03301338 
679 431 7 10 0.03301259 
489 593 7 10 0.032986984 
538 399 8 9 0.03298647 
880 408 7 9 0.032975744 
894 588 10 13 0.032973364 
215 472 7 9 0.032937452 
65 616 9 13 0.032930803 
424 463 7 10 0.032885358 
462 422 8 9 0.032866076 
390 573 8 10 0.03286081 
497 550 9 11 0.032834154 
383 487 7 9 0.03282724 
678 613 10 13 0.032813415 
800 534 8 9 0.032779343 
457 577 7 10 0.032777235 
512 359 7 8 0.03275958 
509 606 9 11 0.032713156 
120 598 9 11 0.032654542 
834 584 7 9 0.032646406 
693 502 8 10 0.032643437 
551 399 6 9 0.032611966 
501 641 18 22 0.032609053 
312 573 8 11 0.032574244 
798 335 7 10 0.03256642 
775 609 8 10 0.03254372 
579 680 24 29 0.03246436 
350 675 14 16 0.032460637 
314 382 6 9 0.032455847 
79 479 8 10 0.032394264 
880 559 9 11 0.032381397 
774 455 7 9 0.032323256 
361 690 13 18 0.032315705 
753 529 7 9 0.032313824 
450 504 8 10 0.0322787 
808 463 7 10 0.032271005 
847 463 8 11 0.032253075 
512 454 7 10 0.032235593 
774 510 7 10 0.032211743 
850 351 8 9 0.032205455 
423 629 9 12 0.032189656 
394 557 8 9 0.0321726 
722 485 8 11 0.03215896 
735 587 9 12 0.032135867 
896 519 7 9 0.032115538 
687 544 7 10 0.0321085 
189 690 12 15 0.032091256 
336 431 8 9 0.032090943 
353 487 7 9 0.032085866 
160 659 11 15 0.032081276 
240 416 7 9 0.032079674 
770 629 9 12 0.032061674 
142 657 13 15 0.0320544 
928 497 9 11 0.032053202 
905 410 7 8 0.03204727 
417 420 9 11 0.032041814 
128 390 8 9 0.03201752 
263 618 10 13 0.031986866 
982 406 8 9 0.03197543 
56 457 7 9 0.03191285 
473 606 8 10 0.03191035 
617 603 9 11 0.031887613 
297 384 7 9 0.03184637 
633 456 7 9 0.031835392 
732 611 9 12 0.031823985 
48 631 9 13 0.031816717 
485 630 9 13 0.031811737 
934 407 7 9 0.031811222 
519 312 7 9 0.031795923 
977 408 7 9 0.03177337 
558 495 7 10 0.03175335 
433 462 8 11 0.031753313 
607 416 7 9 0.03174807 
359 455 8 9 0.031686116 
672 332 8 10 0.031679183 
775 484 8 10 0.031674087 
481 465 7 9 0.031662934 
752 455 7 9 0.03165745 
807 471 8 10 0.031649355 
465 543 7 9 0.03164451 
398 528 7 8 0.03162846 
402 417 7 10 0.03162827 
258 398 7 9 0.031623475 
277 633 12 15 0.031615607 
897 541 8 10 0.031594727 
129 408 8 9 0.031578716 
997 536 11 13 0.03156031 
632 473 7 8 0.0315572 
481 448 7 8 0.0315412 
904 622 11 14 0.03153376 
871 564 7 10 0.031532757 
918 542 7 10 0.031503208 
29 485 8 9 0.031487644 
495 494 7 9 0.03146136 
954 658 21 28 0.031426325 
559 479 7 11 0.031421326 
544 478 7 9 0.03141169 
310 648 12 16 0.031398874 
778 543 7 10 0.03139178 
442 521 7 10 0.031391196 
431 644 10 13 0.03137283 
161 584 7 10 0.031370863 
152 504 7 9 0.031347137 
644 662 10 14 0.031325396 
605 673 14 19 0.03131112 
218 517 8 10 0.0313013 
295 423 7 9 0.03129977 
118 407 8 9 0.03129847 
930 650 15 24 0.03127828 
518 521 8 10 0.031277858 
143 582 8 10 0.0312764 
86 512 8 10 0.031229248 
567 552 8 9 0.031192226 
248 431 7 8 0.031173915 
31 542 9 11 0.031162871 
530 502 6 9 0.031160582 
514 390 7 9 0.031153653 
783 360 8 9 0.0311459 
710 399 8 11 0.03114158 
742 433 7 9 0.031135844 
767 567 7 10 0.03112381 
317 677 11 16 0.031095205 
578 542 7 8 0.031067694 
520 368 7 8 0.031057287 
266 456 7 9 0.031011276 
847 574 8 10 0.031008022 
538 521 7 9 0.031003123 
544 510 8 9 0.030992148 
503 390 8 9 0.030982975 
274 368 7 8 0.030960131 
447 631 9 12 0.030951552 
585 381 7 10 0.030939253 
527 463 8 9 0.03092879 
465 384 7 10 0.030911671 
489 431 7 9 0.03089128 
424 545 7 9 0.03087047 
303 487 7 9 0.030833118 
774 360 8 10 0.03081033 
161 527 7 10 0.0308092 
40 606 9 12 0.030793048 
402 449 5 8 0.030772144 
455 431 7 9 0.030762592 
207 383 8 9 0.030762238 
386 393 6 8 0.030761112 
552 676 11 16 0.030755775 
639 478 6 9 0.030672131 
302 616 9 11 0.030668564 
606 407 7 8 0.030651763 
129 376 8 9 0.030648958 
280 511 8 11 0.030624885 
346 385 6 8 0.030606782 
229 619 10 12 0.03060152 
636 607 9 11 0.030601384 
496 438 7 10 0.030559596 
569 464 8 9 0.0305515 
194 526 8 11 0.030548338 
786 340 9 11 0.030529743 
863 383 6 8 0.030511444 
221 642 13 16 0.030499035 
911 534 7 9 0.030491702 
770 319 8 10 0.03045787 
727 376 6 8 0.030436847 
432 596 9 11 0.030415874 
112 581 8 10 0.030396514 
272 392 7 8 0.030386819 
705 550 8 11 0.030383337 
790 318 8 10 0.030382015 
754 368 8 9 0.03035928 
526 448 8 9 0.030311713 
849 567 7 9 0.030308088 
668 664 11 15 0.030307688 
408 535 7 10 0.030286178 
753 327 8 9 0.030283054 
961 400 7 9 0.030261518 
743 320 7 9 0.030228883 
138 480 8 9 0.030209223 
246 486 8 11 0.030204307 
535 369 7 8 0.030201895 
139 516 7 10 0.03017634 
611 670 16 20 0.030153783 
496 391 7 9 0.030146673 
470 695 14 18 0.030144483 
805 568 8 9 0.030141577 
432 421 8 9 0.030135982 
849 453 7 10 0.03011787 
13 438 8 10 0.030117659 
152 479 7 9 0.030106965 
566 361 7 8 0.030093074 
561 552 7 10 0.030089475 
831 512 7 9 0.030067543 
662 592 9 12 0.030054497 
790 430 7 10 0.030036809 
386 520 8 9 0.03000872 
952 478 7 9 0.030004716 
258 374 6 8 0.029999519 
360 472 9 10 0.02999157 
495 535 8 9 0.029985758 
946 407 7 9 0.02998003 
743 528 8 10 0.029958993 
65 503 8 11 0.0299418 
732 655 10 14 0.029936546 
210 344 6 9 0.029924776 
782 487 7 9 0.029918117 
1006 542 9 12 0.029909275 
417 455 7 9 0.029895328 
519 550 8 10 0.029856417 
592 559 9 10 0.029852675 
888 341 9 10 0.029847687 
416 691 12 19 0.029845754 
94 708 15 18 0.029829979 
837 630 10 12 0.029825661 
504 470 7 9 0.029805934 
217 556 9 11 0.029802985 
368 462 7 9 0.029802974 
871 705 26 31 0.029777957 
822 673 15 21 0.029759098 
710 596 8 11 0.029741567 
668 670 20 26 0.029705916 
81 583 8 11 0.02970204 
481 455 7 8 0.029635387 
171 724 16 21 0.02961348 
296 527 7 10 0.029601013 
40 424 7 9 0.029599173 
976 416 7 9 0.029586144 
968 427 8 11 0.029576534 
358 613 9 11 0.029560797 
89 376 7 10 0.029557673 
576 399 6 9 0.029536022 
174 430 7 8 0.029531825 
957 96 47 61 0.029516725 
147 597 8 11 0.029495483 
201 504 7 8 0.029485364 
759 560 9 9 0.029467236 
320 432 6 8 0.02946694 
799 406 7 9 0.029454412 
215 367 7 8 0.029444495 
99 713 14 18 0.029437458 
945 524 8 11 0.029434059 
784 619 10 13 0.0294182 
726 655 11 13 0.029395664 
342 551 8 10 0.029393876 
841 416 7 9 0.029378867 
342 496 8 11 0.029348085 
400 455 7 8 0.029332519 
193 393 7 9 0.029329237 
240 543 8 10 0.029321851 
248 496 7 9 0.029318534 
879 401 7 8 0.029294293 
592 423 8 10 0.029292198 
110 622 8 12 0.029291322 
992 495 7 10 0.0292726 
511 533 8 10 0.029270308 
770 534 8 10 0.02926836 
522 462 7 9 0.029235007 
767 661 19 27 0.029226936 
943 551 8 9 0.029219883 
816 508 8 10 0.029172134 
183 360 7 9 0.029167257 
921 568 8 11 0.029167233 
336 683 13 17 0.029151335 
834 734 14 22 0.029143462 
601 617 17 24 0.029138798 
112 360 8 9 0.029132854 
254 574 9 12 0.029130002 
717 645 13 15 0.0291221 
407 448 7 9 0.02909314 
727 517 7 10 0.02908789 
913 489 7 10 0.02907394 
1005 623 19 26 0.029071301 
79 358 7 10 0.029058782 
368 614 7 10 0.029034551 
611 584 7 10 0.029022181 
873 513 7 10 0.028995274 
169 398 7 9 0.028988572 
328 384 7 9 0.028973507 
289 433 7 9 0.028966798 
762 430 7 10 0.028942144 
14 431 8 10 0.02893985 
38 511 8 11 0.028903961 
222 557 8 10 0.0288989 
229 606 10 14 0.028851446 
322 683 13 18 0.02884217 
883 657 15 19 0.028820068 
948 588 14 17 0.02881555 
991 510 8 10 0.028810728 
888 484 8 10 0.028796315 
206 440 6 8 0.028789898 
63 542 9 11 0.028779214 
318 378 7 8 0.028774831 
886 677 16 19 0.028769214 
494 487 7 10 0.028764317 
856 468 7 10 0.02873773 
906 504 8 10 0.02872527 
168 334 7 10 0.028716546 
654 487 8 9 0.028710427 
352 512 8 10 0.028689533 
133 612 10 12 0.028682379 
193 455 7 9 0.028654363 
648 431 7 9 0.028653663 
871 439 7 9 0.028650694 
869 480 8 11 0.028621553 
475 690 21 28 0.028596798 
77 455 7 9 0.028586444 
814 721 23 33 0.028586349 
184 613 9 11 0.02857569 
934 455 7 9 0.028559877 
336 454 7 10 0.028555352 
576 551 9 11 0.02854837 
272 384 7 9 0.02854423 
261 368 7 9 0.028525144 
904 510 8 10 0.028519925 
767 560 8 10 0.028514907 
558 389 8 9 0.028503837 
390 415 7 10 0.028489595 
926 716 24 33 0.028481413 
722 615 9 12 0.028473211 
385 448 8 9 0.02845936 
897 536 8 10 0.028397657 
188 739 15 18 0.028383493 
201 544 8 10 0.028374957 
607 422 8 9 0.028368581 
1001 582 10 13 0.02833729 
270 503 8 11 0.02832271 
438 544 8 10 0.028315242 
678 326 9 11 0.02830181 
713 342 8 9 0.028297557 
70 425 8 9 0.028293315 
287 455 8 10 0.028282173 
207 471 8 10 0.028261894 
464 431 8 10 0.028237268 
705 622 8 10 0.02817075 
434 528 8 9 0.028169522 
616 501 8 10 0.028146321 
409 622 8 11 0.028108899 
710 544 9 10 0.028079266 
847 559 7 9 0.028051732 
507 695 18 28 0.028049842 
519 423 8 10 0.028047316 
304 464 7 9 0.028039407 
626 446 7 9 0.028024673 
463 585 17 24 0.027988084 
806 534 7 10 0.027974892 
543 581 8 9 0.027968138 
174 518 9 11 0.02795786 
760 495 7 10 0.027943285 
383 566 8 9 0.027937107 
229 543 8 10 0.027909078 
564 657 13 16 0.027902186 
906 529 7 8 0.027894499 
502 375 8 10 0.027891593 
533 575 9 10 0.027880073 
583 430 7 10 0.027873227 
118 533 9 11 0.027870497 
907 311 12 15 0.027866567 
126 367 9 10 0.027849264 
176 447 7 10 0.027836544 
246 577 18 23 0.027834062 
496 353 8 9 0.02782797 
186 424 8 9 0.02780716 
633 428 7 10 0.027781501 
702 478 7 10 0.027747238 
119 527 9 12 0.027734764 
623 533 8 9 0.027719742 
322 400 6 9 0.02770414 
305 634 11 15 0.027687255 
87 400 8 9 0.027656155 
281 393 6 7 0.027656041 
584 456 6 9 0.02763717 
288 446 8 9 0.02763539 
594 722 16 21 0.027603233 
567 623 9 11 0.02758369 
76 613 11 14 0.027583044 
703 542 8 10 0.0275753 
630 684 14 18 0.027568685 
575 527 8 10 0.027562933 
303 385 6 8 0.027561303 
839 652 15 17 0.027556034 
761 487 8 10 0.02755262 
864 527 7 10 0.027523149 
591 526 9 11 0.027515963 
450 637 10 13 0.02746301 
646 391 6 9 0.02746193 
1008 610 12 15 0.027444027 
270 494 7 9 0.027442819 
119 641 12 17 0.027418723 
717 445 8 11 0.027412057 
465 478 7 9 0.027407497 
713 528 8 9 0.02739223 
663 552 7 10 0.027385488 
314 503 7 10 0.027384043 
871 447 7 9 0.02738325 
903 390 7 9 0.02738214 
329 423 7 9 0.027360674 
146 549 8 10 0.027335964 
854 389 7 10 0.027327143 
552 390 8 9 0.027312303 
929 440 7 9 0.02730841 
487 414 8 10 0.027296638 
672 487 7 9 0.027289513 
995 620 12 16 0.027278159 
126 470 8 11 0.02727801 
606 376 7 8 0.027269507 
946 432 6 8 0.02726942 
535 408 8 9 0.027267095 
800 353 7 9 0.027262673 
120 518 8 10 0.027260616 
175 416 6 9 0.027251812 
775 624 10 12 0.027249916 
167 358 8 10 0.027236376 
777 384 7 8 0.027229806 
232 360 6 7 0.027222898 
768 415 7 9 0.027214501 
606 534 9 10 0.027197868 
736 345 8 10 0.02719726 
296 456 7 9 0.027172698 
497 400 7 9 0.02715851 
649 510 7 9 0.027144074 
600 551 7 10 0.027133461 
783 596 9 11 0.027117189 
942 439 8 9 0.027110765 
241 368 7 9 0.027091943 
3 447 8 11 0.027090698 
800 543 7 9 0.027042184 
440 399 7 9 0.027003119 
152 557 8 10 0.026967697 
295 430 7 10 0.026933266 
782 399 8 11 0.026926132 
505 480 7 9 0.026913429 
358 598 8 10 0.02690724 
952 552 8 10 0.026906386 
685 674 21 26 0.026889903 
784 520 7 9 0.026887218 
249 383 6 8 0.02688357 
323 700 24 29 0.02687988 
295 534 7 9 0.026863871 
614 560 8 9 0.026850129 
62 550 9 11 0.026849251 
690 496 7 9 0.026844593 
807 399 7 10 0.02683701 
220 661 15 17 0.026830923 
64 486 8 10 0.026801731 
752 461 7 9 0.026788643 
290 422 7 8 0.026777819 
8 440 8 11 0.026769385 
306 448 7 9 0.026762713 
392 584 7 10 0.026739173 
312 495 6 9 0.026730532 
727 576 8 10 0.026725106 
345 464 6 9 0.0267239 
897 440 7 9 0.026718996 
354 391 7 8 0.026703551 
898 456 7 10 0.026695242 
130 488 6 8 0.026659302 
616 591 7 10 0.026639294 
520 477 6 9 0.026638532 
816 607 18 22 0.026618466 
889 727 16 22 0.02661625 
510 463 7 8 0.026613783 
64 591 9 11 0.02661134 
477 615 10 12 0.02658753 
191 623 9 12 0.026575359 
625 391 8 9 0.026554082 
303 526 8 10 0.0265414 
377 577 8 10 0.026541185 
990 446 9 12 0.026536928 
962 407 6 8 0.026536644 
296 472 7 9 0.026531225 
377 488 7 9 0.026520588 
720 365 7 9 0.026518803 
510 431 8 10 0.026513303 
228 630 11 13 0.026504293 
489 519 8 10 0.026496187 
553 361 7 9 0.026475081 
72 551 7 10 0.026441116 
575 375 7 9 0.026408264 
-2 667 9 16 0.026384406 
144 613 10 11 0.02637882 
925 598 12 14 0.026368618 
529 706 20 26 0.026363112 
616 392 7 9 0.026345763 
970 519 7 11 0.026345467 
657 399 7 9 0.026306331 
358 538 18 23 0.026297795 
488 636 9 12 0.026297428 
281 433 7 9 0.026288128 
543 423 8 9 0.026280595 
529 599 9 11 0.026250707 
848 637 12 16 0.026246792 
78 573 8 10 0.026224721 
408 629 10 13 0.026217068 
743 569 7 9 0.026209017 
791 590 9 11 0.026198903 
592 454 8 10 0.026197882 
146 431 7 9 0.026193904 
512 589 8 10 0.02618576 
774 447 7 9 0.026174238 
494 663 21 25 0.026158728 
929 668 17 22 0.02614912 
815 438 8 10 0.026146498 
654 375 8 10 0.026144184 
551 553 8 10 0.02614332 
576 557 8 10 0.02613953 
375 384 7 8 0.026131496 
937 713 24 31 0.026127601 
968 525 8 11 0.026107054 
793 382 7 9 0.026100084 
760 389 7 9 0.026097586 
822 586 8 9 0.02607893 
160 455 7 9 0.026077757 
232 381 6 9 0.026063873 
72 401 8 10 0.026059167 
846 470 7 10 0.02604322 
369 376 7 8 0.02603805 
113 534 8 10 0.026036175 
753 384 7 9 0.026032645 
399 604 9 12 0.026031116 
576 480 7 9 0.026022594 
887 351 7 9 0.026019758 
503 566 7 9 0.026003473 
599 607 8 10 0.026001096 
685 629 11 13 0.025992388 
1010 497 9 11 0.025981922 
736 457 8 8 0.025971178 
312 526 9 11 0.025961515 
941 617 13 17 0.025947195 
647 382 8 10 0.025944991 
143 406 8 9 0.02593781 
889 329 8 10 0.025934037 
838 574 8 10 0.025927957 
591 509 8 11 0.02591635 
302 596 9 12 0.025915276 
104 592 8 10 0.025912473 
674 432 7 9 0.025904315 
185 524 8 11 0.025897445 
497 556 8 11 0.025896104 
984 541 10 13 0.025890578 
161 477 7 9 0.02588797 
808 454 7 9 0.025877021 
777 433 7 9 0.025868783 
808 405 7 10 0.025843104 
96 686 14 19 0.025839023 
550 714 28 35 0.02583503 
411 667 13 17 0.025829677 
343 518 8 10 0.025829447 
584 511 8 10 0.025823874 
105 479 8 10 0.02582262 
448 392 7 9 0.025802962 
350 472 8 10 0.025798444 
249 424 6 9 0.025797863 
359 495 8 11 0.02577248 
353 494 7 10 0.025770284 
841 519 8 9 0.025762754 
151 392 7 8 0.025742484 
199 424 7 9 0.025738716 
817 375 8 9 0.025727551 
919 596 10 13 0.025713513 
385 415 8 9 0.025701446 
327 480 7 10 0.025698598 
31 536 8 9 0.02569573 
695 487 7 9 0.02569488 
503 496 7 9 0.025670908 
1009 565 19 27 0.025665866 
154 415 7 10 0.02565383 
568 399 6 9 0.025633892 
577 470 7 10 0.02561413 
177 359 8 9 0.02561101 
808 478 7 10 0.02560748 
168 454 8 9 0.025592774 
969 493 8 10 0.025592424 
530 376 6 8 0.02558848 
383 614 8 11 0.02557943 
873 389 7 9 0.025576606 
29 565 10 12 0.025570167 
512 497 7 9 0.025554804 
399 565 8 10 0.025544113 
871 524 9 10 0.025542334 
111 517 8 10 0.02552787 
795 486 7 11 0.025520906 
351 406 7 9 0.025516484 
463 605 8 11 0.02550518 
185 383 6 8 0.025494276 
9 480 7 10 0.025482548 
264 503 9 11 0.02545837 
103 486 8 9 0.025433904 
32 465 6 9 0.025430406 
73 357 7 10 0.025400003 
806 630 11 14 0.025384663 
479 592 8 10 0.025374914 
802 511 7 10 0.025362082 
384 406 7 9 0.025358131 
64 400 7 9 0.025337635 
988 605 20 26 0.02532658 
488 655 11 15 0.025322659 
735 486 7 10 0.025299355 
859 621 11 13 0.025296535 
241 574 7 10 0.02529222 
504 520 8 10 0.025288776 
490 524 8 10 0.025268214 
814 480 8 9 0.025259215 
726 534 8 10 0.025251623 
831 544 7 9 0.025245242 
679 472 8 9 0.025205167 
128 623 9 11 0.025159622 
653 655 20 23 0.025145764 
479 392 7 9 0.02511859 
305 454 7 10 0.025109937 
617 431 8 9 0.025107475 
706 628 9 12 0.02505586 
430 651 11 15 0.025030117 
290 375 7 9 0.025026428 
424 477 7 9 0.025021786 
351 377 6 8 0.02500757 
849 628 12 14 0.025004286 
1004 548 10 13 0.024998989 
168 448 8 10 0.024994664 
89 448 7 9 0.024975728 
826 677 24 31 0.024969593 
989 654 11 15 0.024962632 
334 518 9 11 0.024949357 
88 615 18 22 0.02494152 
338 472 7 10 0.024940066 
143 527 8 10 0.024939993 
1007 557 10 13 0.024934817 
688 463 6 8 0.024919203 
393 464 6 8 0.02490952 
552 616 11 13 0.024903845 
470 455 7 10 0.02490345 
87 382 7 9 0.024898294 
207 556 8 11 0.024897464 
705 423 7 9 0.024885418 
877 616 9 12 0.024871554 
822 544 8 10 0.024861049 
661 399 8 10 0.024859402 
102 494 8 10 0.02485637 
822 503 8 10 0.02483974 
719 455 7 8 0.024838857 
893 327 8 10 0.024836674 
625 439 7 9 0.02483481 
575 592 7 9 0.024833504 
311 487 7 9 0.024833078 
253 383 20 27 0.024826234 
416 592 7 9 0.024823405 
41 680 14 16 0.024815287 
423 383 7 10 0.024805048 
992 555 10 13 0.024770966 
778 636 13 14 0.024769738 
674 558 7 9 0.02476946 
747 715 15 20 0.02476297 
46 540 8 10 0.024753934 
887 455 7 10 0.024747806 
192 488 7 9 0.024732664 
400 488 8 9 0.024719039 
794 359 8 10 0.02471066 
96 564 9 10 0.024695335 
737 550 8 11 0.024670424 
56 470 7 9 0.024663823 
991 399 7 9 0.024654523 
519 496 7 9 0.024642985 
850 336 8 10 0.024640348 
297 462 7 9 0.024637174 
737 447 7 9 0.024637138 
223 416 7 8 0.024613082 
895 687 18 22 0.024598684 
193 430 7 9 0.024580827 
795 641 13 17 0.024567395 
870 583 9 11 0.024557957 
477 581 8 11 0.024544723 
232 398 7 9 0.024538092 
9 567 8 11 0.024514928 
825 399 7 9 0.024498712 
801 471 7 9 0.024492478 
414 603 9 11 0.024479883 
642 358 7 10 0.024465617 
293 559 9 10 0.024458222 
921 511 8 10 0.02445591 
63 463 7 10 0.024440316 
875 677 14 18 0.024416147 
207 489 8 10 0.024387553 
54 590 9 12 0.024386566 
793 495 8 9 0.024351614 
506 673 24 30 0.0243515 
833 375 7 8 0.024348024 
759 550 7 9 0.024344807 
434 407 8 10 0.024336178 
897 391 7 9 0.024322324 
910 423 8 9 0.024319418 
79 351 8 11 0.024306132 
58 423 7 9 0.024302868 
997 554 11 13 0.024301173 
113 349 7 10 0.024298504 
391 568 8 10 0.024287565 
623 495 7 10 0.024287459 
288 390 6 8 0.024282478 
848 622 10 12 0.024281152 
197 725 12 18 0.02426247 
761 399 7 9 0.024248421 
265 527 7 10 0.024239784 
313 519 8 10 0.024238186 
217 397 8 9 0.024191385 
119 350 8 9 0.024188038 
701 657 20 25 0.02417999 
375 446 7 8 0.024177251 
45 519 9 11 0.02415319 
317 527 8 10 0.024148414 
47 485 8 10 0.024140377 
422 635 9 13 0.024135964 
206 409 8 9 0.024125734 
559 461 7 9 0.024110874 
879 663 13 19 0.024109468 
568 415 7 9 0.024108974 
87 464 7 9 0.024108013 
824 368 6 9 0.024107352 
259 719 14 20 0.024093412 
274 373 7 9 0.024090527 
329 518 8 11 0.02408621 
574 637 10 13 0.024081564 
569 502 8 9 0.024071233 
760 352 7 9 0.02406326 
519 397 8 10 0.024058871 
473 391 7 9 0.024049843 
806 527 8 10 0.024034608 
221 698 12 15 0.024028944 
225 406 8 10 0.024028022 
544 415 7 10 0.02402149 
415 431 9 10 0.024012696 
910 509 8 9 0.024006803 
528 528 8 10 0.023991892 
520 603 10 13 0.023962053 
463 359 7 8 0.023950633 
61 415 8 9 0.023948299 
352 541 8 10 0.023945246 
478 605 9 11 0.02391868 
192 650 12 16 0.023906035 
726 416 8 9 0.02387517 
218 439 8 9 0.023867639 
851 733 17 22 0.023850454 
232 501 8 10 0.023850445 
326 583 8 11 0.023841582 
295 439 7 10 0.023839466 
914 128 17 18 0.023833709 
448 486 8 10 0.023827054 
206 670 9 14 0.023797866 
360 501 7 9 0.0237978 
752 319 8 9 0.023796154 
255 359 7 8 0.0237947 
247 464 7 9 0.023792375 
901 472 8 9 0.023777438 
741 582 9 11 0.023751033 
335 650 12 16 0.023747839 
951 542 9 11 0.023741994 
681 606 9 12 0.023741571 
79 400 7 9 0.023729166 
199 488 8 9 0.023726588 
666 449 8 9 0.023712633 
767 494 8 10 0.023699451 
862 335 6 9 0.023675282 
756 717 14 18 0.02367312 
338 722 17 24 0.023664724 
480 573 8 10 0.023642568 
130 423 7 9 0.02363317 
498 585 7 10 0.023632916 
637 576 9 11 0.023622282 
279 407 7 9 0.023619179 
295 415 7 9 0.023594845 
913 471 7 9 0.023589518 
102 449 7 8 0.02358396 
142 496 8 9 0.023565225 
976 627 10 13 0.023558643 
375 455 6 8 0.023556897 
783 528 7 9 0.023554519 
330 456 7 8 0.023553448 
301 685 16 22 0.02354293 
390 495 8 10 0.023538206 
559 424 8 10 0.023532245 
920 502 9 11 0.023531323 
98 433 7 9 0.023515519 
280 448 7 9 0.023510957 
617 465 8 9 0.023497108 
111 455 7 10 0.023482975 
272 446 7 9 0.023482757 
353 517 7 9 0.023464875 
920 536 7 9 0.023460228 
721 318 8 10 0.023458095 
760 446 8 10 0.023457108 
142 480 8 10 0.023454355 
391 385 7 9 0.023438884 
959 440 8 10 0.02343782 
986 454 8 11 0.023423567 
478 544 8 10 0.023414666 
865 392 6 8 0.023400784 
292 715 14 19 0.023395864 
793 367 8 9 0.02336254 
296 479 7 10 0.023359112 
204 613 9 11 0.023305142 
911 566 8 10 0.023302231 
838 360 8 9 0.023301657 
801 612 9 10 0.023293605 
192 478 7 8 0.023293572 
88 480 7 9 0.02329172 
545 453 7 9 0.023255449 
625 456 7 10 0.023255264 
45 696 14 17 0.023240518 
773 318 10 11 0.023234691 
680 543 8 10 0.023232486 
606 646 8 11 0.023227306 
761 521 8 10 0.023220913 
703 456 7 9 0.02321582 
262 690 13 18 0.023207648 
126 519 8 9 0.023206882 
456 328 7 8 0.02320644 
257 485 8 11 0.023174364 
95 528 7 10 0.02316763 
407 567 9 10 0.023166314 
441 471 7 9 0.023145696 
223 384 7 9 0.023134803 
609 588 8 11 0.023131387 
753 390 7 9 0.02311263 
920 657 15 22 0.02311156 
126 527 8 11 0.023104988 
401 406 7 10 0.023096202 
200 358 7 9 0.023095319 
447 560 8 9 0.023094846 
7 400 8 10 0.02309248 
343 441 7 9 0.023091441 
30 574 9 11 0.02309003 
223 445 7 10 0.023076467 
600 489 8 9 0.023060897 
489 487 8 10 0.023050888 
543 488 8 10 0.023042219 
221 650 14 18 0.023040151 
1014 526 11 16 0.023006404 
614 477 7 10 0.022990262 
923 580 10 12 0.022983259 
356 696 16 19 0.022971913 
618 669 13 16 0.022961812 
23 456 7 9 0.022940308 
263 416 8 9 0.022939608 
820 618 11 14 0.02293898 
63 527 7 10 0.0229287 
64 454 8 9 0.022921624 
672 542 8 11 0.022913693 
489 511 7 10 0.022913337 
79 439 7 9 0.022886971 
974 589 9 13 0.022885768 
122 456 7 9 0.022881214 
710 568 7 9 0.022876183 
161 367 7 9 0.022869786 
154 495 7 9 0.022869293 
719 598 8 10 0.022858538 
290 658 14 18 0.022849914 
736 320 8 11 0.022849584 
801 518 7 10 0.02283213 
815 463 8 9 0.022831477 
231 584 9 11 0.02282112 
552 669 11 15 0.022800798 
280 437 7 9 0.022799022 
366 526 8 11 0.022798015 
450 422 8 9 0.022791408 
514 567 8 10 0.022766905 
800 400 7 9 0.022760035 
954 690 25 29 0.022757247 
29 616 18 23 0.022755403 
5 699 15 19 0.022754528 
820 688 15 20 0.02274814 
773 721 14 21 0.022738388 
637 614 8 10 0.02273127 
831 528 7 10 0.022717185 
368 455 7 9 0.022702625 
839 383 7 9 0.022674361 
881 471 9 10 0.022666872 
81 328 6 9 0.022641785 
489 469 8 10 0.022641432 
344 366 7 9 0.022625888 
712 352 8 10 0.022623543 
1005 654 19 28 0.022613352 
103 564 8 10 0.022606336 
1000 647 11 16 0.022603385 
600 652 9 13 0.022596667 
919 495 8 10 0.022578062 
218 494 8 10 0.022577135 
239 393 6 8 0.022574762 
960 424 7 9 0.022558227 
345 415 7 9 0.022539677 
601 441 7 9 0.022527536 
416 390 7 8 0.022506334 
549 637 11 14 0.022492819 
226 376 6 8 0.022475252 
240 583 10 12 0.022473305 
639 430 7 9 0.022470362 
599 593 8 10 0.02247029 
240 495 8 10 0.022443643 
255 351 7 8 0.022440583 
631 636 10 13 0.022429246 
576 415 7 9 0.022417886 
179 712 20 26 0.022416474 
34 456 7 9 0.022410875 
409 658 14 18 0.022405222 
320 571 7 10 0.02239559 
589 672 11 13 0.022369947 
624 424 7 9 0.022369677 
591 629 8 11 0.022337921 
622 614 10 12 0.022334538 
895 627 20 25 0.022307754 
817 569 8 10 0.022277536 
384 454 8 9 0.02227729 
98 519 7 9 0.0222269 
709 623 8 10 0.022219155 
440 680 20 23 0.022209842 
528 533 7 9 0.022199983 
933 643 14 22 0.022197867 
559 472 8 9 0.022184703 
752 343 8 9 0.02217667 
709 550 10 11 0.022167798 
768 573 8 10 0.022166822 
841 535 8 10 0.02216318 
95 575 7 9 0.022147104 
865 503 7 9 0.022145508 
112 527 8 10 0.022139909 
319 598 9 11 0.022134231 
432 479 7 9 0.022130031 
49 501 8 11 0.022116752 
678 634 11 14 0.022115268 
192 511 7 9 0.022111358 
903 540 7 10 0.022079008 
244 614 9 12 0.022063155 
208 351 7 9 0.022058139 
904 552 9 10 0.022041414 
544 320 7 10 0.022041148 
184 335 8 10 0.022040114 
792 327 7 9 0.022031698 
793 479 7 9 0.022022834 
169 383 7 9 0.022019938 
958 646 20 30 0.02200607 
637 588 9 11 0.022003185 
6 692 13 16 0.021996798 
0 532 8 10 0.02199601 
185 545 8 10 0.021982593 
584 417 7 9 0.021980092 
958 519 9 11 0.021979792 
185 392 7 9 0.021929432 
828 319 8 10 0.021928936 
318 415 7 8 0.021911567 
314 566 9 11 0.021896426 
838 598 10 12 0.021881482 
388 697 20 25 0.021877056 
633 566 8 10 0.021873042 
46 611 10 14 0.021859929 
619 623 19 24 0.021853553 
191 592 9 10 0.0218473 
169 432 7 8 0.021827945 
944 413 8 10 0.021825569 
470 471 7 9 0.02182397 
710 367 8 10 0.021818794 
374 576 20 26 0.02180974 
375 472 8 11 0.021803778 
215 488 8 9 0.021797465 
118 591 9 11 0.021793365 
433 637 10 13 0.021785947 
765 584 9 11 0.021778308 
789 549 8 10 0.021775499 
319 407 6 8 0.021768274 
830 485 8 9 0.021751778 
506 576 8 10 0.021751272 
872 602 10 13 0.021746105 
417 400 7 9 0.021742212 
86 628 10 14 0.02173664 
958 472 9 10 0.02172369 
24 589 9 12 0.021723418 
364 544 9 11 0.021713752 
591 623 8 10 0.021708773 
166 527 8 10 0.02170656 
401 384 8 9 0.021701958 
607 605 8 11 0.021677712 
337 567 18 24 0.021661682 
638 398 7 9 0.021654464 
198 376 7 9 0.02164173 
9 407 8 9 0.021619136 
797 374 7 10 0.02161501 
544 464 7 9 0.021607982 
513 316 7 10 0.02160408 
943 564 10 11 0.021601023 
943 448 8 10 0.021586778 
334 678 12 15 0.021583103 
526 361 6 8 0.021569336 
712 635 10 13 0.021566106 
969 503 8 11 0.021554394 
566 596 9 12 0.021551387 
181 652 10 13 0.021542063 
561 647 10 14 0.02154006 
294 646 10 12 0.021536935 
870 485 8 10 0.021529151 
901 448 19 25 0.021528648 
433 607 9 10 0.021525836 
359 477 8 10 0.021523422 
686 613 10 12 0.021513315 
725 646 10 13 0.021500185 
368 383 7 8 0.021492647 
727 319 8 10 0.021487333 
422 519 8 9 0.021486074 
705 326 9 11 0.021467019 
559 374 7 10 0.021451809 
874 367 6 9 0.021447172 
338 580 9 11 0.021435676 
471 576 7 9 0.02143512 
137 399 8 10 0.02143396 
278 368 7 8 0.02143199 
758 312 8 11 0.021391815 
239 632 12 15 0.021386137 
378 434 7 8 0.021385057 
553 376 6 8 0.021381026 
760 471 7 10 0.021370025 
56 446 7 9 0.021369807 
400 535 7 9 0.021361046 
751 606 17 23 0.021353835 
174 382 8 9 0.021341952 
250 432 19 26 0.02133514 
430 447 7 9 0.021333426 
697 572 8 10 0.021326529 
665 480 7 9 0.021316899 
567 629 10 13 0.02131632 
38 613 9 13 0.02130524 
113 390 8 9 0.021293623 
919 551 7 10 0.02129145 
831 343 7 9 0.021275563 
964 567 9 12 0.02125008 
598 559 8 9 0.021225603 
706 437 7 10 0.021222312 
161 519 6 8 0.021221949 
703 558 7 9 0.021219125 
815 416 7 9 0.02120972 
664 518 7 10 0.021204134 
895 623 10 13 0.021196624 
55 502 8 11 0.021194536 
997 519 9 11 0.02119177 
586 584 8 10 0.02119112 
819 637 11 15 0.021186778 
200 669 11 15 0.021180749 
538 486 7 9 0.021173097 
633 439 7 10 0.021171786 
799 734 14 22 0.021170437 
32 439 7 10 0.021149145 
38 627 10 12 0.021145428 
825 325 7 9 0.021141242 
854 359 7 10 0.021127906 
231 407 7 9 0.021112476 
198 532 8 11 0.021104531 
257 534 7 9 0.021102367 
696 472 7 9 0.021090783 
159 433 7 9 0.021073634 
410 375 7 9 0.021061663 
795 668 14 19 0.021049343 
96 599 9 11 0.02104325 
79 541 9 11 0.021015994 
242 566 9 11 0.021015396 
791 629 10 13 0.021007877 
924 607 20 25 0.020998243 
159 503 8 9 0.020998009 
391 454 8 9 0.020985696 
880 525 8 10 0.020981893 
273 559 8 10 0.020979833 
81 303 7 9 0.020974988 
542 504 7 10 0.020973183 
449 692 17 22 0.020970201 
679 627 12 15 0.020969264 
592 542 8 9 0.020955238 
190 504 7 9 0.020945366 
541 598 7 11 0.020939412 
826 341 7 10 0.020912597 
352 674 22 26 0.020890618 
422 650 10 15 0.020886559 
7 557 10 12 0.020871812 
829 469 8 10 0.020869313 
565 608 9 11 0.020861538 
505 503 7 9 0.020859804 
112 336 7 10 0.020858979 
216 415 8 9 0.020858884 
198 367 8 9 0.020856202 
519 576 19 25 0.020835662 
238 648 14 17 0.020830762 
205 599 9 12 0.020825444 
86 683 14 18 0.02081928 
798 560 9 11 0.020817501 
192 599 8 10 0.02081032 
349 372 378 421 0.020797506 
365 558 9 11 0.020792026 
142 457 19 24 0.020784615 
345 391 6 8 0.02076409 
815 455 8 10 0.020761479 
470 416 18 25 0.020749075 
39 525 9 11 0.020743594 
294 635 10 13 0.02073892 
872 496 7 9 0.020735765 
817 596 8 11 0.020730026 
264 535 7 10 0.020716054 
184 519 8 11 0.020712873 
852 590 9 12 0.020704845 
492 612 11 13 0.020704163 
88 722 18 21 0.020703986 
169 518 7 9 0.020696523 
675 387 11 14 0.02069224 
40 536 8 10 0.020674447 
832 350 7 9 0.02067276 
579 360 6 9 0.020667769 
396 621 11 13 0.020666122 
840 510 7 9 0.020655273 
967 470 9 12 0.020655036 
761 374 7 9 0.020647163 
480 310 7 9 0.02064437 
61 661 10 13 0.020641545 
609 471 8 10 0.020631887 
352 463 7 8 0.020628111 
709 325 9 11 0.020618485 
606 391 7 9 0.020604338 
960 487 7 10 0.020597737 
130 439 7 9 0.020594662 
128 400 7 8 0.020589335 
80 310 7 10 0.020580633 
584 714 24 31 0.020578103 
948 626 14 16 0.020569544 
327 462 8 10 0.020564962 
792 353 8 8 0.020562224 
854 350 7 10 0.02053598 
231 511 9 11 0.020533122 
1010 490 19 26 0.02053286 
498 657 13 17 0.020520682 
40 446 8 10 0.020504955 
872 627 11 15 0.020503394 
457 567 8 10 0.020499868 
504 319 7 9 0.020475937 
953 463 8 10 0.020473033 
583 671 10 14 0.020472022 
898 463 7 8 0.020459766 
241 432 7 9 0.020458762 
573 645 10 13 0.02045351 
253 682 15 18 0.020451354 
278 470 7 10 0.020446235 
697 334 7 8 0.020441005 
569 470 8 10 0.020440018 
57 407 7 9 0.020435283 
233 440 7 10 0.020434586 
830 518 7 9 0.02041615 
825 407 7 8 0.020412415 
730 495 8 10 0.020410355 
714 40 9 12 0.020407172 
915 693 16 22 0.020392058 
161 464 7 9 0.020379793 
1002 636 19 26 0.020375377 
984 496 8 10 0.020369545 
382 597 9 10 0.020360563 
139 669 15 16 0.020349529 
551 518 8 9 0.020348042 
216 360 7 9 0.020338845 
61 669 12 16 0.02032004 
280 501 8 10 0.020319896 
25 446 7 9 0.020319697 
870 304 8 11 0.02031171 
758 344 7 8 0.020297287 
833 620 10 12 0.020291666 
414 630 10 13 0.020287154 
662 607 18 23 0.020284425 
679 320 9 11 0.020279923 
543 591 8 10 0.020277653 
585 392 6 8 0.020276643 
95 480 7 9 0.020270735 
857 693 25 31 0.020270506 
776 560 7 10 0.020264387 
592 519 8 10 0.020250663 
656 616 8 10 0.020245126 
314 509 8 11 0.020239102 
904 594 11 14 0.020232258 
887 696 24 28 0.02023101 
386 422 7 9 0.02021433 
207 423 8 9 0.020204686 
111 542 8 10 0.020204056 
782 565 8 11 0.020187974 
880 503 8 10 0.020185389 
42 739 17 21 0.02018241 
317 621 9 12 0.020173492 
824 351 8 10 0.020168055 
721 416 7 8 0.020167908 
679 439 7 9 0.02016462 
94 582 8 11 0.020162467 
260 670 18 22 0.020142721 
489 503 6 9 0.020112835 
921 611 12 14 0.020085856 
82 335 7 8 0.020078724 
870 680 15 20 0.020065205 
212 708 12 15 0.020046497 
662 581 8 9 0.020043232 
786 317 7 10 0.020041779 
768 408 7 9 0.020041179 
289 571 9 11 0.02004054 
816 496 8 9 0.020030359 
569 497 7 9 0.020021187 
135 623 10 11 0.02000549 
