10_People_Marching_People_Marching_2_591
1695
851 182 29 38 0.99935657 
755 193 27 34 0.9967463 
894 159 46 52 0.98936546 
596 185 21 27 0.9877471 
507 1122 15 18 0.98734844 
529 1275 18 24 0.9852498 
671 192 23 28 0.9850884 
155 185 19 22 0.97899115 
459 185 18 24 0.9693951 
40 176 20 26 0.968345 
538 1224 20 24 0.96136945 
611 1280 19 24 0.96117735 
277 188 16 24 0.960863 
513 1181 20 26 0.95750093 
426 1220 18 23 0.95446175 
212 186 20 26 0.9494546 
47 1107 13 17 0.94865316 
106 1170 15 19 0.9322359 
86 177 17 24 0.92705345 
414 1132 14 19 0.9020384 
844 1243 20 28 0.90080696 
621 1226 18 21 0.89506996 
875 1340 17 26 0.88240623 
694 1269 15 21 0.8424887 
338 1178 13 16 0.83207405 
292 1174 15 19 0.817128 
668 1240 15 19 0.81648326 
910 1258 27 35 0.8115447 
163 1062 15 19 0.80438024 
363 1216 17 23 0.78712547 
458 1199 18 24 0.77050257 
805 1299 20 27 0.766732 
322 1137 15 18 0.7627967 
568 1303 19 24 0.7484068 
555 1354 20 23 0.74383855 
773 1267 17 23 0.7147063 
360 1140 14 19 0.71338946 
163 1162 15 22 0.7133029 
285 1090 14 19 0.7009135 
149 1128 16 19 0.6986646 
370 201 16 22 0.6782343 
74 1155 15 20 0.6708929 
815 1161 15 19 0.66513216 
414 1281 25 39 0.6611638 
586 1191 15 20 0.65321225 
207 1152 16 21 0.65301275 
416 183 19 24 0.648684 
78 1126 13 16 0.64555013 
131 1156 14 18 0.6405026 
420 1265 20 31 0.6268292 
640 1345 22 24 0.60357004 
219 1245 16 23 0.5995124 
668 953 45 58 0.5939942 
450 1273 16 22 0.55175257 
914 1133 15 21 0.5398624 
117 1132 16 20 0.529052 
155 1373 23 36 0.50887966 
499 1227 16 21 0.5029135 
650 1285 14 19 0.50260496 
39 1186 18 22 0.500387 
335 194 16 22 0.49582028 
244 1165 14 17 0.4933374 
550 504 15 18 0.46770066 
484 1267 20 27 0.4461905 
218 1187 15 19 0.44523293 
574 1252 19 25 0.4451734 
355 1258 17 21 0.44454044 
279 1167 14 18 0.44366616 
507 1271 15 21 0.43378317 
249 1222 23 27 0.43153802 
837 1101 12 16 0.4221504 
303 1151 15 21 0.41554806 
939 1088 13 18 0.41407484 
695 1327 20 28 0.3976586 
737 1268 13 19 0.3972526 
609 1367 15 19 0.39615023 
283 1170 15 19 0.3862019 
762 1242 16 25 0.37629074 
740 1162 15 19 0.37458414 
524 1328 21 26 0.36428642 
745 1192 16 20 0.3627687 
464 1315 23 31 0.35878015 
655 1212 13 18 0.34419176 
611 1139 15 19 0.33735186 
183 1073 14 17 0.33138132 
503 1232 21 26 0.33005923 
394 191 14 18 0.32798135 
879 1084 13 16 0.32318464 
964 1104 14 17 0.3158905 
935 1164 14 19 0.30232033 
154 1095 15 19 0.3009692 
321 1288 18 24 0.29908198 
319 1231 21 25 0.29874712 
7 1114 12 15 0.29843488 
893 1305 16 24 0.29562488 
398 1281 24 33 0.2944701 
449 1145 14 18 0.2932964 
860 1065 11 15 0.2859779 
736 1357 21 28 0.28521374 
564 1235 17 20 0.28355375 
238 622 10 13 0.27176872 
149 1197 15 21 0.26885775 
718 1116 13 16 0.26071545 
81 1208 17 21 0.25770804 
477 1158 13 16 0.2552301 
814 1137 15 19 0.25135294 
630 1318 17 22 0.25090122 
820 1076 15 18 0.25013095 
245 630 10 13 0.24750018 
905 1343 23 29 0.24531907 
893 1138 17 19 0.24444553 
90 1154 14 18 0.24386771 
820 1293 21 28 0.24287133 
590 1208 16 19 0.23998232 
986 1202 15 19 0.23811589 
739 1118 13 17 0.23808807 
535 1113 14 18 0.23694576 
1006 190 18 24 0.23597763 
1005 1320 15 20 0.2291885 
383 1169 14 18 0.22792996 
906 715 15 20 0.2267808 
221 1236 18 21 0.22593528 
253 1130 13 18 0.22351961 
356 1212 18 23 0.22196898 
350 631 15 17 0.22134896 
931 1052 12 16 0.21700588 
784 686 11 13 0.21625812 
251 1195 15 18 0.21493754 
20 1132 12 17 0.2071757 
765 1069 10 12 0.205986 
986 1087 15 18 0.2046506 
765 1125 12 17 0.20451882 
309 660 13 15 0.20239727 
240 627 11 13 0.20143732 
619 1208 16 19 0.19775575 
644 1204 14 18 0.19118135 
430 1281 24 33 0.19110751 
880 708 10 12 0.1890391 
910 1082 14 19 0.18851376 
318 1100 15 19 0.18686363 
181 1139 16 19 0.18685673 
990 1177 16 20 0.18566373 
928 699 9 11 0.18438357 
691 1296 14 19 0.17986773 
768 1084 14 17 0.17921907 
201 1217 17 21 0.1779098 
134 180 24 29 0.17558877 
627 1210 15 20 0.17388147 
249 1209 16 20 0.17333677 
972 1106 12 15 0.17248243 
572 1192 14 18 0.17145978 
258 1195 15 19 0.17058003 
261 1130 13 17 0.170561 
598 1326 21 26 0.16909693 
1005 1165 15 19 0.16871828 
853 1108 13 16 0.16778009 
933 1048 9 11 0.16240197 
103 1177 21 26 0.16129158 
51 1159 15 20 0.15374398 
958 1101 15 17 0.15069103 
861 1129 16 20 0.14997028 
758 1130 14 17 0.14917178 
230 1210 13 17 0.1491066 
241 1169 19 24 0.14845566 
515 218 20 22 0.14763196 
180 1087 17 20 0.14590941 
445 1278 17 22 0.1443907 
384 1275 24 30 0.14421529 
1012 1120 12 18 0.14204857 
153 599 10 11 0.14047621 
734 1102 13 15 0.14030215 
405 1179 13 19 0.13880755 
212 1136 16 20 0.13864635 
631 1110 12 15 0.1356352 
768 1077 11 13 0.13518405 
924 1074 13 16 0.13481864 
43 1191 19 26 0.13477734 
817 1131 16 20 0.13439049 
433 1269 21 30 0.13384658 
934 1128 15 20 0.13327916 
820 1338 23 30 0.13287517 
174 1088 14 17 0.13236642 
939 1203 14 19 0.1318242 
163 1105 15 19 0.13147713 
397 1224 16 22 0.13112204 
568 1241 20 25 0.13021827 
573 1124 13 16 0.12877068 
245 1114 15 17 0.12866096 
521 300 13 16 0.12843813 
889 1184 20 27 0.12835993 
276 1193 15 19 0.12742394 
466 1242 15 21 0.12737669 
709 1134 14 18 0.12724026 
286 276 14 17 0.12692618 
49 1213 16 22 0.12616654 
614 1354 20 28 0.12581034 
660 1319 17 20 0.12341602 
772 1113 13 16 0.12256274 
910 1244 23 30 0.122477256 
661 1128 16 19 0.12231621 
107 1115 13 17 0.121844515 
732 1319 17 22 0.12161062 
801 1345 16 22 0.12105474 
987 1127 16 19 0.121007964 
696 551 6 8 0.1205367 
701 1227 15 17 0.12047748 
795 1107 12 16 0.120190255 
520 1336 22 30 0.11911272 
472 1125 11 15 0.11902801 
767 688 12 13 0.11902451 
679 1108 11 13 0.11661926 
883 1079 12 15 0.11653736 
600 1358 21 27 0.11647833 
540 1194 15 19 0.1142668 
908 1098 13 17 0.11258524 
631 1101 8 11 0.1124263 
792 1236 12 16 0.1113749 
282 1251 17 22 0.11119949 
196 1239 21 26 0.11042228 
659 1123 14 17 0.10975112 
735 565 9 11 0.10895149 
836 1225 17 22 0.10895028 
1007 27 17 23 0.10794444 
11 573 14 19 0.107768826 
279 629 9 11 0.10723508 
579 1165 17 21 0.1069392 
566 1194 13 17 0.10656465 
662 1296 16 21 0.10586728 
515 1239 15 21 0.104904115 
995 1237 19 23 0.10430417 
605 1102 10 14 0.10429943 
586 1198 20 23 0.10366394 
445 1125 11 14 0.10329335 
214 597 8 9 0.10253502 
860 1201 15 23 0.102534994 
93 1116 14 17 0.10223597 
669 681 14 17 0.101665154 
498 1266 19 25 0.101596184 
281 622 9 12 0.10135875 
447 654 11 13 0.10121667 
706 1217 16 19 0.101154625 
783 50 21 28 0.101093 
165 1207 21 28 0.10033594 
717 524 8 11 0.10013165 
208 631 8 11 0.100047775 
987 1183 22 25 0.09909984 
764 1116 13 16 0.0990264 
557 1144 13 18 0.09715324 
286 568 8 10 0.09699463 
169 1066 14 19 0.09639135 
347 1203 15 18 0.095985204 
835 1207 14 20 0.09482535 
551 1145 12 18 0.094753355 
684 1106 10 13 0.09453654 
773 1164 15 20 0.0944107 
686 1124 10 14 0.09423416 
712 1123 12 16 0.09379564 
703 1096 13 17 0.09348749 
392 132 12 17 0.093468376 
964 1140 15 17 0.093408965 
852 1191 16 22 0.09303423 
747 1233 14 19 0.09302318 
885 1304 16 21 0.09253913 
372 1122 12 15 0.0921002 
843 1173 16 20 0.09164295 
306 1211 14 18 0.091543205 
223 591 9 11 0.091266364 
229 1267 24 31 0.09062212 
119 583 10 13 0.08943975 
478 1193 13 19 0.0889502 
270 615 9 10 0.087528735 
637 1208 15 19 0.087217435 
672 988 13 15 0.08711567 
292 659 13 17 0.08663799 
5 1183 16 23 0.08596598 
588 1099 11 14 0.08586189 
378 1273 18 22 0.08585451 
662 1162 15 18 0.08576997 
12 1098 12 16 0.08551252 
944 696 9 12 0.08504628 
797 1340 16 20 0.08451059 
122 1104 14 17 0.083797954 
510 1348 22 29 0.08370418 
972 1169 15 21 0.0829582 
786 1142 15 18 0.08289286 
850 244 18 23 0.082043074 
322 1241 22 28 0.08164597 
384 93 10 13 0.08126353 
366 694 12 14 0.08043369 
714 1332 14 19 0.08028451 
788 677 10 12 0.07983418 
321 622 9 11 0.079722755 
962 1304 16 22 0.07959373 
894 1179 24 28 0.079542994 
624 1096 10 12 0.07932483 
481 1186 19 24 0.07905119 
286 1123 12 15 0.079039834 
403 1276 15 21 0.0789227 
596 1250 16 19 0.078783706 
365 1116 14 19 0.07873838 
388 1208 18 23 0.07850709 
454 1308 24 31 0.07812733 
860 1187 16 21 0.07811337 
782 1085 10 15 0.07769136 
302 660 13 16 0.07750735 
749 1314 12 17 0.07744099 
303 621 9 10 0.07711937 
156 633 15 20 0.07689542 
815 1069 11 12 0.07678337 
109 1124 15 18 0.07673314 
867 1184 14 19 0.07673173 
307 1105 14 20 0.07661392 
703 624 9 10 0.07577415 
241 284 11 14 0.07568012 
846 1178 21 27 0.07511013 
177 1234 17 21 0.074967414 
245 1106 16 18 0.074779734 
858 1116 13 15 0.07436636 
869 1153 16 19 0.074273944 
705 1271 15 19 0.07415153 
333 1256 24 26 0.073902585 
671 1108 10 12 0.07366217 
285 573 8 10 0.07363539 
246 1200 17 21 0.07349224 
861 1272 15 20 0.07321104 
492 1219 18 24 0.07311556 
492 1209 15 19 0.07301507 
487 1084 11 13 0.07267658 
329 469 8 10 0.072416514 
623 1349 21 28 0.07188355 
438 1340 22 29 0.07157286 
702 607 8 10 0.07153636 
965 1169 15 20 0.07150397 
707 1330 15 22 0.07132442 
121 486 7 9 0.0711843 
583 1249 19 25 0.07107625 
904 1050 11 14 0.07059641 
427 1261 15 23 0.070139535 
385 1288 25 30 0.06964595 
190 1179 14 17 0.0695103 
980 1108 14 17 0.06936642 
122 1125 15 17 0.06924103 
739 1109 12 14 0.06919433 
606 1144 15 18 0.069094464 
820 1090 12 15 0.0690381 
725 1109 13 15 0.06865439 
541 1103 11 14 0.06843355 
596 1311 20 25 0.06810343 
909 701 9 11 0.0679389 
281 574 8 9 0.06785203 
981 1171 19 26 0.067807406 
670 975 26 32 0.067747295 
596 1264 16 20 0.06763237 
772 687 11 13 0.067485854 
261 1165 12 16 0.06743859 
281 1097 13 19 0.06715569 
876 1295 22 27 0.066913866 
836 1233 22 28 0.06688879 
213 606 10 12 0.06688798 
205 1140 14 17 0.06677717 
726 1319 15 23 0.06675754 
246 647 10 13 0.06669149 
684 1330 22 28 0.06666063 
650 504 7 9 0.06661048 
188 1144 15 20 0.06655528 
881 1372 16 21 0.06647627 
143 1126 13 17 0.06635515 
931 1135 15 20 0.066284984 
478 1070 9 12 0.06623283 
816 1082 14 17 0.0662307 
996 1171 15 19 0.06620882 
88 551 9 10 0.066057995 
43 262 27 32 0.06605728 
38 534 10 12 0.06586673 
467 1307 16 22 0.065761715 
654 1118 14 17 0.06542155 
684 1118 11 15 0.06519799 
352 566 7 9 0.06515746 
720 1230 12 16 0.064503625 
691 1194 14 17 0.06424285 
766 703 13 14 0.06410892 
335 567 9 10 0.06401323 
738 1084 13 15 0.06392772 
611 1153 17 20 0.06379792 
148 1169 15 19 0.06372381 
655 533 8 9 0.06364208 
60 1152 19 25 0.063633956 
229 1090 11 16 0.06360471 
4 1130 12 16 0.06347996 
174 1200 15 22 0.06340875 
169 1156 17 22 0.06337956 
540 201 16 21 0.06330267 
249 527 7 9 0.062889755 
540 1122 11 15 0.06280641 
819 708 10 14 0.062666446 
598 1126 13 15 0.06254332 
1007 1130 13 20 0.062458884 
469 1185 14 19 0.0619797 
81 1152 17 23 0.06192566 
915 1275 18 24 0.06175977 
190 1210 25 28 0.061683036 
245 1122 16 19 0.061675873 
629 1130 12 16 0.06157461 
350 1210 17 20 0.061516 
316 1174 12 16 0.06147208 
977 1165 17 23 0.061439846 
928 1057 12 15 0.061304435 
988 1076 15 18 0.060928788 
556 1110 10 12 0.060653456 
997 100 23 32 0.060369007 
430 1168 16 20 0.060307235 
209 591 8 11 0.060208384 
810 1334 21 31 0.06018078 
485 1225 16 20 0.060036123 
233 526 7 10 0.059927665 
282 567 7 10 0.059767775 
581 296 14 17 0.05975833 
737 1091 14 17 0.059481375 
893 1151 15 18 0.059258822 
769 1379 18 22 0.059211902 
870 1287 21 30 0.058628187 
397 126 11 15 0.05837697 
679 557 9 11 0.058333635 
268 1195 13 19 0.058259632 
727 541 8 11 0.05816685 
991 1069 11 14 0.058049828 
830 1094 11 15 0.057965197 
846 1133 13 15 0.057900816 
242 1181 21 26 0.057720695 
981 1067 11 13 0.05766291 
646 1198 14 17 0.05753332 
0 1155 8 15 0.057422493 
703 575 8 9 0.057291728 
753 1187 13 18 0.057120502 
852 1120 15 18 0.057049304 
721 567 8 10 0.057013307 
787 1210 13 16 0.056964304 
759 1114 13 17 0.056861755 
532 206 16 22 0.056775533 
254 584 8 10 0.056658797 
973 1213 14 19 0.0565671 
420 155 11 14 0.05646145 
467 1195 15 21 0.056292783 
678 1123 13 16 0.056176953 
601 1107 11 13 0.055710316 
587 299 15 18 0.05564468 
476 1180 14 19 0.0556268 
876 1097 13 16 0.055559434 
341 1200 16 20 0.05555371 
240 598 9 10 0.05542418 
270 636 9 12 0.055321764 
669 1137 14 17 0.055285938 
998 1069 10 13 0.055255365 
688 552 7 10 0.055108517 
395 1230 23 29 0.054998744 
264 558 9 11 0.054974165 
699 502 8 10 0.05474746 
769 646 8 10 0.054672103 
552 587 10 13 0.054625127 
423 179 16 20 0.054571863 
589 493 11 13 0.05451002 
740 1315 14 20 0.054473836 
388 83 14 16 0.05442101 
753 1234 20 27 0.054274384 
551 1110 10 13 0.054042064 
774 1330 14 20 0.05398466 
516 1343 16 23 0.05384969 
685 608 8 9 0.053770814 
724 1177 12 17 0.053675327 
772 1319 16 22 0.05363782 
413 1272 18 25 0.053598348 
272 607 9 11 0.053591665 
654 503 7 10 0.053503674 
622 1314 17 21 0.053488895 
283 1103 14 18 0.053438634 
771 1124 13 18 0.05307023 
428 493 10 11 0.05304202 
669 1148 14 16 0.05292429 
189 1184 19 24 0.05288748 
0 511 9 13 0.05267865 
813 1226 16 21 0.05259684 
232 502 7 9 0.052529197 
32 540 8 10 0.05241694 
914 1126 14 17 0.052407753 
508 211 19 21 0.05232939 
713 591 9 11 0.052171167 
798 1113 11 15 0.052101865 
460 1187 15 18 0.052039046 
289 1095 15 19 0.052021854 
741 1079 11 13 0.05169402 
658 549 7 10 0.051547557 
756 1136 14 18 0.051498353 
696 568 8 9 0.051464316 
708 1196 14 17 0.051379733 
314 157 25 32 0.051292162 
597 1343 24 31 0.051268056 
580 1130 12 18 0.051208742 
239 633 11 14 0.051195186 
867 1224 23 28 0.051178142 
244 623 10 14 0.051176608 
852 1129 15 19 0.051081445 
847 1107 11 15 0.0510001 
6 1121 12 17 0.050541885 
293 1163 15 20 0.05042748 
690 526 7 10 0.05022116 
214 628 9 12 0.05012302 
530 1333 23 30 0.050054662 
244 1084 12 14 0.04988104 
718 599 9 9 0.049865518 
217 551 7 10 0.0498237 
208 611 10 12 0.049765512 
515 1270 19 25 0.049666237 
909 1356 15 20 0.049409166 
516 203 16 19 0.049376354 
832 717 11 14 0.049313266 
548 1189 14 17 0.049237467 
470 1129 14 20 0.04923057 
215 592 8 10 0.0491649 
978 1185 40 54 0.049006537 
280 560 7 9 0.048826024 
452 165 12 14 0.04871332 
165 181 22 25 0.048711512 
645 1278 16 20 0.048656106 
866 1264 16 22 0.048630554 
727 582 8 9 0.048514597 
739 1126 14 17 0.048503637 
450 1283 18 23 0.048432782 
428 1125 12 14 0.04836658 
234 1199 20 26 0.04827022 
369 1211 16 23 0.048250638 
964 1130 15 18 0.04823747 
284 1244 16 18 0.048230633 
256 544 7 8 0.04821029 
735 1079 11 13 0.048201744 
924 1137 14 20 0.048115034 
996 1375 23 36 0.04810613 
449 1258 17 20 0.04804231 
156 1087 13 16 0.048040956 
713 597 9 10 0.04783152 
437 193 13 17 0.047542937 
856 742 9 13 0.047505695 
296 615 9 12 0.04747053 
393 1204 15 19 0.047425304 
765 231 17 24 0.04736079 
718 584 8 9 0.04732548 
273 599 8 10 0.047190413 
269 560 8 9 0.04713284 
103 1139 13 17 0.047118332 
851 1172 15 19 0.046915285 
240 651 11 13 0.046888966 
882 1206 21 29 0.046883464 
981 1208 14 21 0.046859946 
373 1141 10 16 0.046852622 
51 1200 16 24 0.046619702 
567 1252 15 19 0.04658712 
426 191 15 20 0.046580605 
757 1268 12 16 0.046558876 
239 1190 19 26 0.046545863 
141 1193 16 21 0.04652441 
687 1145 14 20 0.04637383 
606 655 26 35 0.046322227 
402 184 18 25 0.04626747 
188 1133 15 20 0.04622269 
686 1232 13 18 0.046213936 
783 678 12 14 0.046167325 
286 1208 14 17 0.04612302 
271 1170 13 16 0.04611658 
744 631 9 10 0.04603428 
906 1180 17 19 0.0459446 
946 1304 15 22 0.045886967 
561 574 10 11 0.04582395 
924 733 13 19 0.04581037 
69 1150 16 20 0.045635886 
428 508 10 12 0.045596626 
435 1202 14 17 0.04557039 
1013 1215 13 19 0.045512706 
872 1086 13 16 0.04549852 
816 1185 14 21 0.04549407 
194 1145 18 24 0.0454066 
712 551 9 11 0.045290586 
576 564 8 10 0.045193918 
71 1104 11 15 0.045186166 
264 576 8 10 0.04509817 
791 1102 14 17 0.04506365 
163 1091 14 18 0.04502154 
639 1330 24 28 0.04499348 
10 1079 14 18 0.044908646 
279 592 8 9 0.044870544 
625 521 8 10 0.04486427 
728 1072 9 12 0.04462766 
540 599 11 13 0.04457241 
727 566 10 11 0.044528488 
513 546 11 14 0.044379268 
300 1140 13 15 0.04429125 
331 1229 14 18 0.044248194 
363 1135 13 16 0.04414522 
963 1239 25 28 0.044136934 
92 1091 12 13 0.044128537 
693 1227 13 19 0.044089552 
446 1130 14 17 0.04407929 
278 638 9 10 0.044070486 
820 702 10 13 0.043884505 
291 1242 16 20 0.04383849 
225 596 7 10 0.04381401 
258 550 7 10 0.043601613 
782 1219 14 17 0.04355066 
418 195 16 21 0.043463226 
238 567 9 11 0.04346316 
331 1250 16 21 0.04339501 
905 1105 13 17 0.043381985 
666 1156 15 19 0.043362573 
454 1248 21 26 0.043305505 
539 1210 16 19 0.04316729 
640 53 12 14 0.04315082 
654 1109 12 14 0.043020204 
921 1248 16 22 0.042926453 
108 1135 17 20 0.04290872 
615 1101 9 12 0.042773716 
805 1093 11 13 0.042724017 
382 137 14 18 0.04266858 
810 1142 20 25 0.04265924 
355 1205 15 18 0.042650357 
287 653 14 17 0.042531047 
748 1124 12 16 0.04247811 
101 1119 14 18 0.04244561 
327 1076 11 14 0.042325344 
974 1077 12 15 0.042242564 
809 1069 10 11 0.042197693 
378 1209 19 26 0.042189 
55 537 7 9 0.04212637 
262 551 8 10 0.04212591 
248 613 8 10 0.042109746 
222 606 8 11 0.04210411 
567 1131 13 16 0.042094804 
565 1212 14 17 0.042025123 
674 1236 14 19 0.042003606 
446 181 22 27 0.0419887 
941 1414 11 14 0.04197025 
726 653 8 9 0.041939184 
360 1118 11 15 0.04192882 
157 694 12 15 0.041858815 
917 1077 13 16 0.041853223 
789 1340 15 19 0.041841995 
564 1219 14 19 0.04170724 
993 694 7 10 0.04166205 
443 192 15 18 0.041645363 
694 1252 14 16 0.04160095 
699 1261 14 19 0.04152083 
447 1151 14 20 0.041490432 
923 1081 15 18 0.041257765 
217 568 7 9 0.041248374 
370 559 6 9 0.04123983 
502 1094 8 10 0.0412259 
350 624 13 15 0.041213457 
996 192 18 24 0.04114803 
989 1098 13 15 0.04110879 
552 1224 19 25 0.041097417 
666 1303 15 20 0.041047573 
334 669 11 13 0.04104247 
892 1123 15 18 0.041006133 
610 588 13 16 0.041004475 
334 1184 14 18 0.040969938 
145 1094 11 15 0.040913727 
959 1122 14 17 0.040909205 
917 1179 15 19 0.04089436 
860 1168 15 20 0.0407242 
195 1138 16 19 0.04072176 
603 1266 16 19 0.04070316 
202 512 9 11 0.040696885 
234 616 9 11 0.04059572 
169 1220 24 30 0.04056597 
687 679 9 12 0.040509492 
853 1206 18 23 0.040490866 
964 1294 21 28 0.04046878 
455 1179 15 18 0.040348746 
963 1113 16 19 0.040330645 
1010 103 13 21 0.04030252 
739 1206 17 21 0.040295567 
812 1255 16 20 0.04026377 
368 120 14 18 0.040240936 
345 542 8 10 0.040232494 
279 1105 12 17 0.040158242 
622 1132 13 17 0.040155508 
899 1238 23 29 0.040134523 
887 1341 22 30 0.04011921 
412 663 15 18 0.040096957 
652 1287 19 27 0.04002093 
875 1149 14 20 0.040001217 
295 1153 15 20 0.04000049 
837 1191 20 28 0.03998442 
45 1118 15 18 0.039956532 
738 1349 18 22 0.039879087 
596 1147 14 19 0.039842676 
591 1132 11 15 0.0398096 
782 663 11 13 0.039808325 
379 196 15 19 0.03976459 
514 1227 15 20 0.039717056 
679 1116 11 13 0.039714612 
459 1268 15 22 0.03971044 
626 699 23 25 0.03963808 
710 1162 13 15 0.039626297 
589 1351 24 29 0.039536335 
741 566 8 10 0.039501674 
944 1161 20 25 0.03944874 
994 1122 14 21 0.039445184 
744 648 8 10 0.0393548 
815 1126 14 18 0.039258357 
15 637 8 10 0.03919989 
999 33 15 20 0.039128046 
380 655 9 12 0.03905751 
214 612 10 12 0.03901844 
157 573 10 13 0.038843833 
255 589 8 10 0.03882078 
708 1314 14 19 0.038785104 
723 1357 24 30 0.03875653 
314 666 12 14 0.038638074 
854 1248 21 28 0.038593855 
760 693 11 12 0.038590766 
557 1188 13 18 0.03846321 
756 1291 15 19 0.03845611 
196 59 10 13 0.038417965 
1004 1153 21 27 0.038416665 
859 1155 18 20 0.038414937 
190 1122 13 16 0.038340673 
899 1299 16 22 0.03831969 
737 1194 22 27 0.038255725 
229 636 11 14 0.038036697 
301 1248 16 22 0.037905276 
625 193 15 19 0.037879147 
249 583 7 10 0.03784979 
624 503 9 12 0.03776273 
88 558 10 11 0.037735138 
965 1218 14 19 0.03755948 
437 163 11 14 0.03754311 
698 605 8 11 0.037521802 
982 1202 24 32 0.037483968 
830 1213 20 29 0.037437458 
270 619 9 12 0.037412804 
381 542 8 11 0.037390392 
840 1204 21 28 0.037288703 
654 1130 15 18 0.037212174 
467 207 13 16 0.037187427 
335 655 10 11 0.037182562 
877 713 11 14 0.0371286 
245 1133 14 20 0.037103526 
223 1242 24 32 0.037054077 
956 1148 20 24 0.036987625 
953 1187 15 19 0.036948003 
186 1236 21 27 0.03692663 
283 1256 25 32 0.03691927 
717 1155 13 17 0.036909565 
806 1258 13 19 0.036892947 
852 1147 14 18 0.036844067 
472 1170 14 18 0.036690444 
976 1063 11 14 0.036636855 
281 535 8 10 0.0365532 
786 669 12 15 0.036547557 
1012 1079 10 13 0.036541227 
485 499 11 14 0.036413357 
334 663 10 13 0.03635773 
413 1193 13 17 0.036315955 
877 1214 16 23 0.036289178 
682 607 7 9 0.036278345 
819 1351 18 23 0.036275774 
311 1233 16 20 0.036225665 
233 568 8 10 0.036178086 
173 641 13 17 0.036116622 
350 535 8 10 0.036114972 
389 1194 14 19 0.03606338 
231 584 7 9 0.03601789 
726 605 10 11 0.036017064 
209 1224 14 19 0.03590872 
13 1124 12 16 0.035891123 
393 549 9 11 0.035823103 
31 559 9 11 0.035804875 
252 628 9 14 0.035747077 
259 1146 14 18 0.03574663 
883 702 11 15 0.035715483 
1000 1204 23 28 0.035712786 
1007 1076 11 13 0.03564966 
174 1145 15 20 0.035637867 
313 463 8 10 0.035634052 
594 1188 14 19 0.035606664 
215 623 10 12 0.035565685 
153 534 9 11 0.035553567 
327 663 9 11 0.035521735 
619 1144 14 18 0.035488 
383 1181 21 26 0.0354625 
901 1251 26 33 0.03545584 
702 1195 13 17 0.035442766 
264 582 9 10 0.035393536 
622 1126 12 15 0.0353473 
123 1118 14 16 0.035346925 
406 664 13 19 0.035330612 
929 1143 19 27 0.035292573 
358 658 13 15 0.035184853 
394 1178 19 25 0.035173755 
953 1318 16 22 0.03516141 
222 569 7 9 0.035126694 
779 1338 15 19 0.03501458 
152 574 10 13 0.034981728 
279 1116 12 16 0.034973126 
693 1188 13 16 0.03495943 
695 1099 11 15 0.034936357 
727 1102 12 15 0.03490502 
364 1204 14 18 0.03489623 
822 183 23 32 0.034890838 
650 508 8 10 0.034800075 
679 552 9 10 0.0347975 
854 1163 15 18 0.034768805 
735 590 9 11 0.0347484 
885 1182 14 20 0.034678742 
36 551 9 10 0.034640424 
796 1292 23 29 0.03462354 
397 184 12 16 0.034611043 
714 519 9 11 0.034541126 
114 1164 14 19 0.034519516 
951 1288 22 29 0.034500312 
140 1160 14 19 0.03450004 
605 1133 14 18 0.034490284 
479 1094 8 11 0.034359574 
186 572 9 11 0.034333378 
607 574 10 11 0.03424526 
534 506 10 13 0.034236323 
734 1167 14 19 0.034215733 
382 605 12 14 0.0342037 
307 169 27 35 0.034194868 
845 1079 10 13 0.03415242 
278 615 8 10 0.034138285 
94 1110 13 15 0.03413317 
933 1155 15 20 0.034108225 
727 1131 11 14 0.03410374 
859 1386 23 30 0.03410306 
763 1209 16 17 0.034085914 
143 1099 11 16 0.03407799 
1 1220 22 35 0.03407393 
439 620 8 10 0.03401839 
907 1331 16 20 0.034000773 
327 551 9 10 0.03398951 
981 1112 20 24 0.03397098 
397 1457 27 25 0.03394875 
8 557 9 12 0.033936176 
877 1184 14 21 0.033893667 
189 628 10 14 0.03389306 
755 1307 15 21 0.033880904 
317 479 9 11 0.03384833 
965 1227 14 17 0.033846434 
2 1214 16 23 0.03381646 
670 568 8 10 0.03373433 
807 1347 22 28 0.033730526 
667 1124 15 18 0.033711717 
300 1109 15 20 0.03365028 
735 647 8 9 0.03361422 
790 1289 14 20 0.03359765 
114 1253 28 42 0.03358271 
191 568 8 11 0.03355443 
215 535 8 9 0.0335174 
740 1240 14 18 0.033505432 
813 1099 14 15 0.033490468 
1013 1085 11 15 0.033444043 
765 1313 15 20 0.03341626 
592 1214 16 20 0.033414956 
598 221 13 18 0.033410016 
586 1169 15 19 0.033359036 
648 543 8 10 0.033352423 
704 627 9 12 0.03334898 
604 1124 12 15 0.03334467 
740 1181 17 19 0.03333801 
262 652 10 12 0.033321213 
21 577 14 17 0.033313986 
368 1110 11 14 0.033300854 
829 700 9 12 0.03323266 
415 175 14 18 0.033226654 
200 636 10 11 0.03322442 
982 695 9 11 0.033176478 
663 572 9 10 0.03313139 
581 1158 15 19 0.033112977 
456 1101 9 13 0.033110112 
341 1147 14 19 0.033098076 
712 568 7 10 0.03305981 
359 1236 23 32 0.033041276 
362 694 10 14 0.03299733 
333 182 14 19 0.032982055 
735 1157 14 20 0.032911167 
637 1095 8 11 0.03289798 
900 1088 15 20 0.032887455 
914 1233 19 23 0.032884806 
697 1180 15 16 0.032846153 
589 1179 13 17 0.032824628 
231 606 9 10 0.03276883 
948 1069 10 13 0.032761883 
559 1240 13 19 0.032677885 
537 603 10 14 0.03267134 
285 98 16 20 0.03264513 
270 581 7 9 0.03259211 
407 152 11 14 0.03255403 
690 520 7 9 0.032505106 
427 1196 17 19 0.03248707 
110 588 12 16 0.032481425 
966 1221 22 27 0.0324649 
839 1082 10 14 0.03245765 
992 1047 11 13 0.032402482 
442 171 22 27 0.032346107 
930 1049 10 12 0.03231052 
414 150 12 15 0.032233458 
380 187 14 19 0.032211665 
181 54 12 15 0.032206524 
0 933 23 39 0.03219407 
413 1140 15 21 0.032132953 
337 637 11 13 0.032117102 
209 1082 16 18 0.032110587 
715 1269 12 16 0.032109477 
316 1139 19 24 0.03210791 
740 1216 14 17 0.03210539 
825 1088 19 25 0.03206172 
892 1196 16 23 0.03195119 
522 209 17 21 0.03188273 
408 455 10 13 0.03187545 
695 599 10 11 0.03185553 
675 1129 14 19 0.031832144 
333 1125 13 15 0.031825047 
428 502 10 13 0.03178495 
342 635 13 15 0.03178484 
641 1284 20 26 0.031770278 
33 518 7 9 0.031727597 
869 1114 14 18 0.03169185 
898 1309 22 26 0.031614132 
246 658 11 14 0.031613674 
862 1343 17 21 0.031577695 
93 550 8 10 0.031576168 
421 1194 15 18 0.031532448 
744 614 9 10 0.03151848 
205 742 12 15 0.031507693 
805 686 10 12 0.03149788 
819 1097 13 16 0.031488035 
811 1291 17 25 0.031446 
264 565 8 9 0.031389795 
252 1155 14 18 0.03138688 
1000 1063 10 12 0.03138539 
563 1147 13 16 0.03137938 
664 560 8 9 0.031378843 
179 182 23 28 0.03137036 
980 1159 13 16 0.031363823 
124 1144 19 23 0.031339403 
662 1108 11 14 0.031311758 
956 1168 16 19 0.031260744 
923 78 12 15 0.031246485 
749 695 10 12 0.03122682 
799 685 11 12 0.031225644 
93 1101 13 15 0.031096393 
665 1326 21 26 0.031064007 
238 606 9 11 0.031053508 
349 1251 18 24 0.031011337 
731 1106 20 23 0.031003464 
997 1291 13 17 0.03099558 
902 36 23 27 0.030971022 
671 1092 11 12 0.030966707 
320 558 8 10 0.030946206 
939 1120 13 16 0.030944321 
353 462 8 11 0.030928383 
554 512 14 16 0.030927375 
328 576 7 10 0.030921102 
87 1086 14 14 0.030906588 
602 580 22 28 0.030883048 
385 244 18 22 0.030879833 
120 566 10 12 0.03085349 
256 624 7 11 0.03083533 
156 617 12 16 0.030810602 
206 516 8 10 0.030712133 
761 1073 11 15 0.030677548 
941 1217 17 20 0.030672872 
188 1094 13 19 0.030672781 
260 1155 13 18 0.03066283 
654 1163 15 19 0.030659897 
504 1102 9 12 0.030649934 
726 1196 12 18 0.030592993 
240 1132 13 17 0.030580537 
9 1106 14 19 0.030574868 
726 1268 13 17 0.030558066 
25 535 8 10 0.030465044 
674 1336 16 22 0.030440113 
686 615 8 9 0.0304269 
6 1099 13 17 0.030423105 
949 1077 11 15 0.030409265 
0 1344 14 25 0.030396024 
375 1155 13 18 0.030395785 
585 1097 10 11 0.030375607 
639 503 8 10 0.030340802 
688 592 8 9 0.030338885 
793 652 9 11 0.030312447 
340 670 11 13 0.030307066 
699 1187 15 16 0.030306587 
914 1347 23 31 0.030224327 
695 592 8 10 0.030205665 
757 1211 15 17 0.030204384 
17 170 18 21 0.030201778 
588 1155 14 18 0.030180583 
980 1236 16 21 0.030173313 
716 1314 16 19 0.03016769 
940 1059 11 14 0.030165821 
294 568 9 10 0.030161107 
705 535 7 10 0.03012425 
830 695 9 11 0.030120159 
894 1210 23 27 0.030114137 
848 694 9 11 0.030083023 
1005 1069 11 13 0.030078461 
612 1197 15 18 0.030055905 
192 683 12 16 0.0300197 
728 576 8 9 0.02997375 
373 1108 12 15 0.0299711 
456 1276 17 24 0.029964717 
867 1068 12 15 0.02990212 
976 694 10 12 0.029896095 
92 1140 14 17 0.029880796 
916 1217 16 20 0.02981544 
313 567 7 9 0.029794507 
316 1257 16 21 0.029790232 
871 1107 13 17 0.029786885 
366 607 8 10 0.029767813 
478 1272 18 23 0.029767254 
702 1203 13 17 0.029763874 
655 607 8 10 0.029752659 
920 702 10 12 0.029739378 
171 1050 13 17 0.029725108 
866 1205 17 24 0.0297218 
14 157 23 28 0.029710814 
470 559 9 10 0.029703442 
982 1077 14 17 0.029694924 
675 1145 14 20 0.029667497 
452 1308 16 22 0.029608753 
728 695 10 12 0.029565027 
616 1096 10 12 0.029550446 
526 1124 10 15 0.029538445 
871 714 12 15 0.02951307 
777 1384 17 21 0.029510733 
125 566 11 13 0.029502088 
486 1100 11 12 0.029498033 
414 199 14 17 0.029468529 
777 1260 15 20 0.029459298 
377 205 16 21 0.029449385 
578 1116 13 17 0.029443182 
826 1282 23 31 0.029398168 
293 584 9 10 0.029392477 
873 1197 23 31 0.029355964 
151 1202 21 28 0.029347934 
657 574 8 10 0.029331693 
310 1177 14 18 0.029322974 
133 1192 15 19 0.029309355 
868 1271 22 29 0.029285697 
723 1153 13 18 0.029283863 
387 1267 17 22 0.02926582 
1001 1267 15 19 0.029257182 
864 1191 16 24 0.029253775 
675 1355 16 20 0.02923306 
988 1235 17 22 0.029228894 
769 1248 16 20 0.029192774 
1005 1145 16 18 0.029187249 
752 1130 11 15 0.029186351 
627 1308 16 20 0.02918102 
687 683 14 17 0.02917332 
1000 1229 23 33 0.02915349 
745 581 9 11 0.029138256 
670 572 7 10 0.029118607 
441 651 12 15 0.029108081 
264 536 7 8 0.029078959 
114 551 8 10 0.02906448 
306 1237 22 28 0.02898803 
720 534 8 10 0.028980577 
199 590 7 10 0.028843526 
225 1230 17 19 0.028781852 
264 509 7 10 0.028748991 
192 589 9 11 0.028748222 
289 552 7 9 0.028737208 
70 1203 15 20 0.028733715 
224 630 9 12 0.02872833 
725 599 9 12 0.028700788 
39 528 9 11 0.028698346 
988 1166 13 17 0.028675336 
627 1258 14 19 0.028663566 
528 590 9 11 0.02865547 
154 1211 27 32 0.028607845 
886 691 11 14 0.02854981 
15 517 9 11 0.028544785 
608 7 10 11 0.028525455 
453 1095 9 11 0.02852377 
381 534 8 11 0.028508736 
523 1182 21 25 0.028479643 
320 616 9 11 0.028449627 
840 1132 11 15 0.028428314 
250 1170 14 18 0.028424893 
802 1191 16 21 0.028416349 
117 591 13 17 0.028392134 
101 588 11 13 0.02837495 
446 1091 11 14 0.028333902 
916 714 14 19 0.028327681 
289 583 8 10 0.02832389 
771 1309 15 21 0.028322274 
762 1065 10 12 0.02832137 
696 616 8 9 0.028312303 
780 1124 13 16 0.028281974 
351 552 9 11 0.028250575 
264 622 9 10 0.028244594 
918 708 12 17 0.028223656 
320 599 8 9 0.02819593 
865 1159 16 20 0.028190196 
80 544 7 9 0.028122645 
303 1133 12 16 0.028092217 
319 543 8 10 0.0280703 
549 1124 11 16 0.028066201 
231 628 11 13 0.02804629 
659 1204 14 20 0.028045682 
855 1052 10 12 0.028018778 
85 1118 14 17 0.02799828 
989 1245 16 22 0.027980791 
305 1214 22 27 0.027979806 
452 1132 13 17 0.02796662 
970 1137 15 18 0.027942391 
212 1233 22 28 0.027929708 
391 1074 10 13 0.027928485 
19 184 15 20 0.027910016 
238 527 7 10 0.02788519 
108 1186 22 28 0.02788435 
270 40 154 184 0.027882239 
152 610 13 17 0.027864961 
787 1152 15 21 0.027854737 
752 1071 8 11 0.027840912 
712 533 9 10 0.027830755 
569 1353 15 22 0.027826944 
121 587 12 15 0.027817415 
40 1201 22 34 0.027793162 
779 1109 12 16 0.027770635 
629 520 8 10 0.0277546 
654 1101 11 15 0.027729524 
781 1155 14 20 0.027695471 
529 215 17 20 0.027672587 
345 599 9 11 0.027665323 
808 1139 13 19 0.02761094 
710 1291 14 18 0.027600007 
348 84 16 20 0.027596809 
874 1265 15 20 0.027592208 
376 552 8 10 0.027584944 
240 592 9 11 0.027584134 
330 275 14 15 0.027581638 
222 552 9 10 0.027569853 
913 1340 16 21 0.027540602 
113 558 10 11 0.027513055 
748 1117 12 16 0.027502762 
869 1064 9 11 0.02748055 
296 599 8 9 0.027471075 
246 1091 12 16 0.027466113 
2 1115 11 16 0.02745168 
494 1093 10 12 0.027439905 
921 1265 24 30 0.027438467 
886 725 11 15 0.027386026 
382 1134 11 14 0.027369801 
329 667 11 13 0.027363453 
77 1109 11 14 0.027328866 
641 614 9 11 0.027321326 
195 289 10 14 0.02731892 
709 644 9 12 0.027288575 
854 1296 15 21 0.02727724 
209 583 8 11 0.027249876 
670 584 9 9 0.027206462 
761 811 11 14 0.027203655 
714 584 8 10 0.027201112 
1003 1246 16 20 0.027197188 
472 552 8 10 0.027195856 
415 163 12 15 0.027170101 
822 1118 11 14 0.027164575 
816 713 11 14 0.027163973 
254 651 9 12 0.027141681 
918 1047 9 11 0.027106915 
948 1283 16 21 0.027106285 
995 1092 11 15 0.027091375 
256 574 8 10 0.027071787 
159 730 13 17 0.027064122 
672 560 8 9 0.02705549 
254 1265 14 19 0.027033372 
0 1195 11 17 0.027033307 
267 1084 13 16 0.02700672 
459 1173 13 16 0.026999854 
943 1068 11 14 0.026998583 
278 607 8 10 0.0269846 
294 1105 12 18 0.026963864 
483 1197 19 25 0.026933955 
110 674 11 14 0.026925419 
513 1304 17 20 0.026918963 
601 1278 22 27 0.026851749 
513 1117 14 19 0.026823858 
207 723 16 19 0.026820647 
702 568 8 10 0.0267969 
968 1109 21 25 0.026786791 
983 1185 15 20 0.026776161 
709 1087 11 13 0.026765138 
835 3 13 13 0.026738899 
472 1162 16 18 0.026717229 
680 584 7 9 0.026706306 
351 608 9 11 0.026679462 
316 656 11 13 0.026674682 
848 689 8 11 0.02665372 
716 1196 13 17 0.026640529 
710 1342 21 30 0.026635988 
966 1281 25 29 0.026625283 
273 592 7 10 0.026605897 
397 653 11 13 0.026605738 
200 559 7 8 0.026574662 
665 520 7 9 0.026568193 
517 1167 14 16 0.02654617 
800 666 11 15 0.026531577 
763 1290 14 18 0.026531553 
503 1109 10 14 0.026497835 
798 640 8 9 0.026446432 
130 1132 13 17 0.026436672 
943 1076 11 14 0.026366256 
177 1150 20 25 0.026351621 
673 599 8 10 0.026328802 
269 1108 14 17 0.026316285 
1014 1257 12 17 0.026274202 
467 1266 16 21 0.026273726 
762 687 10 13 0.026262544 
229 590 9 10 0.026260952 
997 1099 11 15 0.026233083 
421 1126 13 16 0.026162565 
757 709 15 18 0.026146688 
710 630 9 11 0.026107552 
614 1124 11 14 0.026084088 
752 526 7 8 0.026058506 
720 13 9 11 0.0260379 
490 1180 15 20 0.026033191 
969 1054 9 10 0.026015796 
312 574 8 10 0.026013624 
588 652 17 21 0.02600993 
179 1187 21 27 0.02600778 
654 509 8 9 0.02600313 
516 1081 11 14 0.025958674 
751 1267 11 16 0.025944436 
495 567 9 11 0.025941918 
597 1280 16 21 0.025934342 
759 560 7 10 0.025930513 
742 1228 15 20 0.02591841 
37 540 9 10 0.025895271 
389 710 44 54 0.025874963 
300 1235 15 19 0.025828416 
597 49 16 17 0.025827799 
725 1354 14 20 0.025812741 
114 85 28 33 0.025806474 
763 1253 22 27 0.025782334 
217 1153 14 19 0.02578091 
502 1352 16 23 0.025779001 
476 1115 13 17 0.025756443 
368 1278 25 33 0.025740245 
670 1342 22 28 0.025728 
214 584 9 11 0.025727646 
398 1163 13 16 0.025722388 
862 1073 13 16 0.02561087 
685 656 8 9 0.025607845 
78 180 17 23 0.02559545 
894 1090 13 18 0.025592234 
461 557 11 13 0.025584703 
375 615 10 11 0.025530515 
877 1070 10 13 0.025529696 
477 1151 12 15 0.025522083 
303 526 8 10 0.025511896 
13 566 12 15 0.025501205 
544 1130 10 13 0.025493095 
933 700 9 12 0.025476452 
981 1100 13 16 0.025418134 
174 1072 13 17 0.02541612 
250 1099 13 18 0.02540146 
1001 1378 15 21 0.025389936 
325 556 9 10 0.025382137 
86 686 9 11 0.025355287 
253 608 9 11 0.025322726 
72 89 24 29 0.025290068 
357 1103 10 12 0.025258733 
327 1266 26 31 0.025229853 
393 582 9 10 0.025224658 
412 485 9 13 0.025219992 
268 1125 13 17 0.025175827 
86 678 11 13 0.025175711 
548 1348 18 22 0.025172547 
720 542 9 10 0.025151212 
841 1218 16 21 0.025149746 
89 747 8 10 0.02513149 
479 1226 14 19 0.025122251 
794 640 8 10 0.0250937 
671 1367 22 27 0.025070375 
345 536 8 10 0.025057843 
204 663 10 14 0.025047397 
630 552 8 11 0.025044598 
327 1282 18 25 0.025011726 
849 1115 12 15 0.024970492 
355 187 13 21 0.024953593 
323 1257 24 30 0.02493736 
590 1234 15 19 0.024930092 
832 1344 17 23 0.024924848 
673 520 7 9 0.024887525 
725 1123 12 17 0.02486609 
551 1103 10 13 0.02486377 
265 631 9 12 0.024852047 
125 486 8 10 0.02484302 
213 1126 14 17 0.02483884 
779 1313 14 21 0.024819594 
759 615 8 9 0.024816237 
873 1381 21 32 0.024808321 
351 558 8 10 0.024791703 
712 545 9 9 0.02477686 
178 1206 16 23 0.024769336 
412 158 22 28 0.024766615 
758 1284 12 15 0.024730032 
679 1258 12 17 0.024721349 
806 1099 13 15 0.024715714 
907 1283 22 28 0.024641877 
714 1296 15 18 0.024634194 
349 1172 12 17 0.024624646 
799 1354 22 29 0.024621285 
953 1174 20 25 0.024605373 
573 1136 15 17 0.024592502 
409 1136 14 19 0.0245757 
7 1085 20 27 0.024570644 
397 535 9 10 0.024563832 
351 521 7 9 0.024558794 
727 590 9 11 0.024534669 
883 1333 14 20 0.024524242 
715 1130 12 17 0.0245088 
597 1138 15 18 0.024498744 
704 1087 10 13 0.02449127 
323 1254 16 21 0.024491055 
648 1327 24 27 0.024485406 
234 617 17 22 0.024478458 
662 534 8 9 0.024461543 
291 187 15 20 0.024456073 
161 1191 21 31 0.024446983 
450 1125 13 15 0.024445606 
723 646 8 10 0.024420422 
163 640 14 19 0.024417875 
157 1114 14 17 0.024416253 
750 1292 14 20 0.024404306 
479 1086 9 13 0.024351995 
843 1101 12 16 0.024331266 
286 608 8 10 0.024324354 
223 1067 13 16 0.02429794 
699 1135 18 24 0.024282727 
462 552 10 12 0.024265772 
106 1200 17 19 0.024223587 
304 575 7 9 0.024210302 
174 690 12 15 0.024167342 
0 1170 10 18 0.024163451 
532 582 11 13 0.024157345 
766 1163 14 19 0.024131639 
240 583 8 9 0.024115779 
703 544 7 10 0.024090653 
422 139 14 14 0.024076894 
689 575 7 9 0.024074873 
102 1092 11 14 0.024074078 
381 1289 16 20 0.024057325 
781 1132 12 15 0.02404743 
189 622 10 12 0.024040917 
267 1248 40 51 0.024017017 
671 671 11 13 0.023987817 
907 1295 17 22 0.023986895 
874 164 41 49 0.023958778 
507 1220 17 21 0.02395024 
303 600 8 9 0.02394227 
335 560 9 10 0.02393834 
252 526 8 9 0.023931041 
22 528 8 9 0.023913149 
380 180 14 16 0.023889586 
773 1101 12 15 0.023843385 
271 576 8 10 0.023829404 
156 1170 19 26 0.023829177 
247 552 7 8 0.023828052 
447 159 11 12 0.02382783 
669 1231 13 17 0.023783099 
95 747 9 11 0.023778887 
154 603 12 15 0.023758177 
382 575 8 10 0.02374174 
304 1249 23 29 0.023740388 
312 1273 27 33 0.02373862 
372 696 13 15 0.02373376 
637 1100 9 13 0.02373083 
411 377 16 19 0.023704084 
224 584 9 11 0.023697445 
877 1282 24 30 0.0236925 
425 488 10 11 0.023690464 
325 627 10 11 0.023686085 
326 1193 13 16 0.023682514 
110 582 10 11 0.023646852 
184 1201 21 29 0.023632534 
279 644 9 11 0.023623524 
0 1100 11 16 0.023596045 
44 1168 17 20 0.023579404 
235 1216 15 19 0.023570886 
656 544 9 11 0.023563962 
565 1163 16 20 0.023560176 
588 1226 16 17 0.023543159 
558 1132 13 18 0.023542473 
688 599 8 10 0.023525838 
344 157 10 14 0.023521367 
543 1145 13 18 0.023490166 
117 1116 14 17 0.023489628 
157 647 14 18 0.023468405 
968 697 9 11 0.023466697 
730 1332 24 31 0.023440914 
319 592 8 9 0.023435231 
99 1236 15 21 0.023434253 
994 686 9 11 0.023425857 
728 624 8 8 0.02340927 
433 174 22 28 0.023406615 
636 1124 12 17 0.023381565 
996 33 23 32 0.023326524 
518 486 9 10 0.023322154 
651 1341 22 28 0.023295742 
48 560 8 10 0.023278704 
702 600 9 10 0.0232546 
684 1302 18 21 0.023249676 
385 1304 17 21 0.023226108 
754 558 8 10 0.023224678 
345 1263 25 31 0.023215655 
1006 1109 14 20 0.02319593 
415 88 12 14 0.023186825 
372 1267 18 22 0.023178041 
452 651 12 16 0.023174746 
189 614 9 11 0.023149615 
95 179 16 21 0.02314391 
930 1256 16 24 0.023138652 
662 997 11 15 0.023132648 
676 1093 12 15 0.023108246 
557 1104 9 11 0.023106683 
246 535 8 9 0.023096902 
698 1171 15 17 0.023091674 
271 543 8 10 0.023091517 
998 1347 20 29 0.023088254 
391 565 9 10 0.023077281 
686 557 7 10 0.023074811 
157 591 10 12 0.023059199 
201 495 8 10 0.023024391 
902 1387 13 17 0.023012552 
373 129 16 18 0.023004742 
627 1136 13 19 0.022984821 
733 1139 13 15 0.022976916 
694 679 8 10 0.022967855 
772 647 9 11 0.022956003 
828 1194 15 22 0.022952762 
739 1291 14 20 0.02293755 
787 690 12 14 0.02293508 
376 1103 9 13 0.022929322 
516 1175 15 17 0.022905437 
135 651 13 18 0.02287703 
295 574 8 9 0.02282876 
830 711 12 14 0.022827769 
501 1088 9 10 0.022806626 
551 606 10 12 0.022805227 
527 1116 11 16 0.022804683 
321 552 8 10 0.02279793 
711 575 7 9 0.022785377 
241 534 8 9 0.022743814 
646 1122 12 16 0.022743255 
280 339 17 21 0.022728464 
279 552 8 9 0.022725975 
387 207 15 19 0.022717925 
248 608 9 11 0.022699991 
910 696 9 11 0.022687959 
673 1111 21 26 0.022683715 
775 662 10 12 0.022676084 
632 1303 21 28 0.022668466 
510 1102 10 12 0.022666305 
846 1124 13 16 0.022646809 
740 1139 12 15 0.022633893 
610 1269 17 21 0.022628916 
198 666 14 18 0.02262666 
859 1142 21 24 0.022587232 
679 545 8 9 0.022577064 
834 1305 16 23 0.022549976 
406 1191 14 19 0.02253804 
426 1188 16 18 0.02253393 
595 1180 14 17 0.022519495 
95 1171 15 18 0.022511834 
678 591 8 10 0.02248661 
112 706 10 13 0.022459986 
27 1132 12 17 0.022440342 
628 746 16 19 0.022393957 
900 1289 15 21 0.022388779 
682 1370 16 23 0.02237006 
159 1157 15 21 0.02235225 
376 590 9 10 0.022344487 
356 142 22 29 0.022332083 
312 552 7 9 0.022330083 
1 1076 11 16 0.022320146 
198 652 12 14 0.0223089 
685 1201 14 19 0.022292431 
412 493 9 11 0.02228629 
806 676 10 13 0.022272568 
265 1255 26 33 0.022268727 
328 1143 18 23 0.022248654 
809 1092 22 26 0.022242062 
414 1099 10 13 0.022212228 
958 1311 23 31 0.022200806 
499 1243 18 23 0.02218248 
551 627 12 15 0.022177754 
332 1193 14 18 0.022162806 
158 579 10 12 0.0221623 
262 662 10 12 0.022152076 
771 1204 16 18 0.022144916 
664 527 7 9 0.022127265 
816 1175 20 27 0.022121571 
119 1234 26 37 0.02211693 
718 695 9 11 0.022110453 
247 1217 17 21 0.022107368 
752 520 8 9 0.022097362 
581 1177 14 20 0.022095544 
99 1153 14 19 0.022094686 
901 1351 17 22 0.022091586 
0 1200 18 23 0.022062544 
382 1101 10 12 0.022047147 
211 696 14 16 0.022039955 
520 1247 17 22 0.022022659 
728 560 9 11 0.022007229 
695 575 8 9 0.022004202 
764 1187 15 18 0.021999268 
856 1221 24 30 0.021979013 
189 606 10 12 0.021977661 
703 550 8 9 0.021920418 
351 1139 13 18 0.021917956 
410 213 13 16 0.021911731 
854 1233 23 29 0.021905428 
728 726 8 10 0.021886926 
397 487 9 12 0.021852307 
827 1164 13 17 0.02185055 
904 1219 25 28 0.021843813 
969 750 28 32 0.021837309 
228 1122 14 18 0.021825068 
977 1246 16 22 0.021823531 
410 584 8 11 0.021773152 
487 574 9 11 0.021761103 
937 1166 20 28 0.021760048 
629 503 10 13 0.021745296 
935 1041 9 10 0.021735823 
81 688 9 10 0.021734277 
693 630 9 12 0.021726284 
609 557 8 9 0.02171523 
72 551 9 11 0.021695381 
702 559 9 11 0.02168655 
808 653 10 11 0.021678085 
703 591 8 10 0.021671522 
994 1323 24 30 0.021655392 
324 685 12 14 0.021649387 
373 1188 13 17 0.021621983 
720 606 8 10 0.021620471 
312 1221 23 29 0.021618914 
263 505 7 10 0.02159196 
307 184 17 23 0.02157933 
544 505 13 18 0.021561425 
715 1323 16 20 0.021559073 
312 646 9 11 0.02154158 
558 1267 14 19 0.021523636 
239 1083 12 16 0.02150034 
638 1295 20 27 0.021498716 
107 1210 17 19 0.02148178 
286 560 8 8 0.021476915 
552 496 10 12 0.021463204 
414 110 13 15 0.021437148 
411 1172 13 18 0.021423535 
796 1228 13 20 0.021409862 
719 717 8 10 0.021407126 
906 697 8 10 0.021403287 
486 1093 12 13 0.02137941 
314 1209 16 20 0.021339271 
561 1357 26 31 0.02133187 
709 1358 23 32 0.021320866 
815 701 12 15 0.021320429 
545 206 15 19 0.021318985 
302 201 15 20 0.021280043 
535 1200 16 19 0.021279637 
247 542 8 10 0.021264853 
322 181 22 30 0.021263115 
930 1076 12 14 0.021261051 
878 693 12 16 0.021245223 
803 1330 15 22 0.021242356 
899 1170 17 20 0.021235803 
735 1236 13 17 0.021221362 
198 597 8 10 0.021193633 
367 552 8 10 0.02118564 
638 626 9 12 0.021180483 
255 536 8 9 0.021178361 
239 551 8 9 0.021175766 
883 581 33 36 0.021139435 
65 541 7 9 0.021139115 
191 510 8 10 0.021138756 
171 1098 14 19 0.021125646 
721 669 8 11 0.021108909 
638 1147 13 17 0.021107981 
81 707 11 13 0.021092828 
656 559 8 10 0.021080507 
342 568 8 9 0.021062355 
671 1114 11 15 0.021053351 
702 615 8 9 0.02103175 
1012 1355 12 18 0.02102433 
345 472 7 8 0.02101802 
629 731 28 35 0.021016272 
532 588 11 13 0.021011133 
625 533 9 10 0.021009104 
97 544 8 10 0.02100061 
989 1290 13 19 0.020993324 
296 559 8 10 0.020991594 
145 1185 21 27 0.020979356 
544 574 8 10 0.0209539 
571 1156 23 27 0.020914678 
431 624 8 10 0.020899903 
574 527 9 12 0.020895062 
971 1264 18 22 0.02089314 
71 558 10 11 0.020878855 
249 1255 25 32 0.020871349 
373 687 12 14 0.020859422 
678 1266 14 18 0.02085477 
116 1224 16 21 0.020838417 
255 662 10 13 0.020819718 
198 574 8 10 0.02081789 
537 517 11 14 0.020791959 
220 613 10 12 0.020775601 
239 574 9 10 0.020775534 
231 692 11 13 0.020770567 
454 543 8 10 0.020763857 
204 674 12 15 0.020748097 
492 1146 15 18 0.020723203 
199 1189 20 25 0.020720903 
820 1331 18 23 0.020707283 
621 740 26 31 0.020697573 
713 1210 15 18 0.020695182 
118 738 11 15 0.020690465 
87 545 8 10 0.020686293 
958 1230 22 28 0.020680308 
963 1253 18 20 0.020646961 
317 632 107 123 0.02063982 
687 583 9 10 0.020597847 
237 1250 25 32 0.020592632 
309 616 8 10 0.020584682 
139 1173 23 29 0.0205802 
413 656 11 13 0.020576183 
972 1200 21 28 0.020573169 
412 1259 16 21 0.020571232 
493 1102 10 11 0.02056625 
8 566 11 13 0.020565731 
301 1225 15 20 0.020563543 
563 1139 13 16 0.020560922 
215 1181 14 19 0.020554997 
621 1266 14 20 0.020549513 
429 1156 13 15 0.020543443 
286 1258 43 50 0.020508919 
392 590 8 10 0.020484412 
241 1275 15 20 0.020478003 
280 1225 24 28 0.02046131 
320 607 8 10 0.02045779 
390 1100 10 12 0.020439405 
600 582 11 13 0.020424755 
374 148 12 16 0.020414619 
306 658 20 24 0.02039785 
660 1197 13 17 0.020396575 
813 654 9 11 0.020378495 
723 1328 15 20 0.020377757 
332 202 18 24 0.020372998 
932 1108 13 16 0.020360487 
96 684 9 12 0.020347266 
154 1038 9 12 0.020343242 
318 574 8 11 0.020340126 
459 1131 20 24 0.020325478 
56 742 9 11 0.020300519 
996 1306 22 32 0.020299792 
478 1106 13 16 0.020284522 
711 607 8 9 0.020267218 
664 638 8 10 0.020258013 
441 709 29 34 0.020237422 
627 1179 14 18 0.020237321 
961 697 8 10 0.020237021 
797 1154 12 19 0.020235661 
288 1081 10 13 0.020183051 
424 559 8 9 0.020167818 
118 708 9 12 0.020167744 
744 1361 27 30 0.02015708 
344 463 7 10 0.02015662 
737 497 7 8 0.020151787 
821 1064 10 12 0.020136625 
750 679 9 12 0.020126611 
893 1241 16 23 0.020123813 
944 1190 20 25 0.020114733 
894 1099 13 17 0.02010017 
579 1234 15 18 0.020092817 
696 558 9 11 0.020082887 
490 1263 17 22 0.02007966 
707 1362 15 22 0.020074245 
134 1102 11 15 0.020070607 
696 669 10 12 0.02005318 
385 628 9 12 0.02005139 
712 696 9 10 0.020044973 
776 678 10 13 0.020013498 
