10_People_Marching_People_Marching_2_498
214
27 15 22 27 0.99208695 
412 583 25 28 0.988509 
345 420 28 27 0.98826736 
954 545 23 30 0.9882451 
70 146 21 28 0.98615766 
787 543 22 25 0.98130095 
542 4 24 27 0.9799318 
163 420 24 31 0.9673602 
189 27 25 25 0.9639758 
895 418 21 28 0.9619732 
705 0 21 23 0.95580685 
541 441 23 30 0.8976898 
836 276 20 26 0.894413 
609 131 23 24 0.8407172 
771 132 23 26 0.7629099 
364 27 23 29 0.7618605 
723 421 19 21 0.7553419 
940 125 24 25 0.7352681 
281 261 34 40 0.68644804 
237 135 23 25 0.68024427 
1003 277 19 24 0.6594975 
573 597 19 28 0.64524376 
123 271 16 19 0.6381731 
37 616 18 21 0.5819875 
872 0 30 29 0.45324746 
566 36 16 17 0.33162993 
474 299 18 20 0.27292565 
639 164 14 16 0.244195 
651 7 18 20 0.23722255 
678 312 11 13 0.2188016 
699 316 11 16 0.21740745 
628 67 21 25 0.19864489 
661 272 26 29 0.15110122 
998 252 26 40 0.15033026 
59 30 25 26 0.1411189 
262 164 14 16 0.13315289 
213 53 15 17 0.13242455 
493 326 13 16 0.11246605 
125 300 14 16 0.11117302 
185 6 31 34 0.10758057 
819 573 12 13 0.09649634 
619 164 11 14 0.09370603 
674 74 15 18 0.092851475 
189 615 67 65 0.08798823 
895 50 12 14 0.086788 
961 169 18 19 0.08329538 
3 51 14 18 0.077813394 
790 526 12 14 0.07576477 
974 63 25 31 0.07541086 
43 597 14 16 0.074760795 
951 130 16 18 0.07263555 
241 121 16 18 0.06794406 
901 45 12 16 0.06506634 
875 11 20 22 0.06426165 
501 326 11 16 0.064146824 
46 55 10 13 0.06307107 
560 8 16 20 0.06231362 
381 78 13 14 0.062286735 
209 585 33 33 0.06227046 
728 405 13 14 0.060774736 
240 67 10 12 0.060647454 
102 178 14 15 0.060205393 
364 13 13 18 0.0590878 
110 175 10 14 0.05838071 
697 313 11 13 0.05797724 
759 453 10 13 0.057377886 
300 3 12 12 0.057263516 
741 38 14 17 0.0570598 
425 154 17 18 0.055484373 
889 50 10 13 0.054189418 
887 86 14 16 0.05375797 
92 321 14 20 0.053659648 
772 126 18 21 0.05296661 
47 618 15 18 0.05290761 
177 626 32 30 0.052604914 
412 570 18 20 0.05176176 
728 431 17 20 0.05160594 
684 314 12 17 0.051483355 
2 460 10 17 0.051207323 
652 236 46 60 0.04925069 
423 160 13 16 0.048677266 
122 290 17 20 0.048316926 
659 257 30 33 0.045862876 
837 321 14 17 0.043940444 
3 170 13 17 0.0435799 
841 74 16 20 0.04215208 
806 306 21 29 0.0421377 
180 446 16 19 0.041664917 
231 68 10 13 0.041418668 
232 137 15 20 0.041084643 
902 38 12 14 0.041083373 
358 0 11 10 0.040621426 
491 318 14 17 0.040332258 
249 134 15 18 0.04028975 
653 164 12 16 0.039939474 
130 305 15 18 0.039642632 
288 281 28 31 0.039371908 
216 163 11 13 0.03910772 
676 67 21 30 0.039083026 
38 602 17 17 0.03880977 
799 545 14 19 0.03831533 
896 38 12 14 0.03749985 
739 437 15 18 0.037335914 
814 448 15 21 0.037026834 
804 171 17 19 0.036991958 
174 61 10 14 0.036619555 
307 19 12 15 0.036269914 
363 7 11 13 0.035923224 
462 297 12 18 0.03533564 
43 44 12 16 0.03526249 
746 442 15 18 0.035197772 
796 522 13 16 0.034765728 
672 155 13 15 0.03467916 
206 67 13 15 0.034672327 
673 314 12 14 0.034451168 
76 23 10 13 0.03437098 
784 137 15 19 0.034122687 
345 400 29 37 0.033588286 
442 331 14 18 0.033544593 
486 328 16 18 0.033286706 
724 10 16 18 0.03282732 
148 616 24 35 0.03239772 
28 261 14 17 0.032340154 
114 266 21 26 0.03091397 
653 1 15 15 0.03082093 
295 1 12 11 0.030426452 
613 19 12 16 0.02986099 
908 62 12 15 0.029713959 
546 465 16 19 0.029709652 
38 1 12 12 0.029376445 
73 34 15 19 0.02931553 
907 41 12 17 0.02898703 
319 450 10 14 0.028898241 
666 261 16 20 0.028429551 
964 551 23 29 0.028063545 
716 42 13 18 0.028012954 
561 25 24 26 0.028010676 
229 52 11 14 0.027937373 
941 116 18 21 0.027606294 
692 459 14 18 0.027521258 
773 570 12 15 0.02742159 
545 438 17 21 0.027167011 
929 586 15 19 0.027098032 
943 108 27 33 0.027045453 
911 453 12 15 0.026819665 
636 98 16 19 0.026595986 
15 483 14 17 0.026594514 
661 165 10 14 0.026462015 
584 607 17 21 0.026265074 
799 582 12 16 0.025854489 
45 187 15 20 0.025787966 
342 73 13 19 0.025373751 
55 33 15 18 0.025220238 
656 -2 24 25 0.025219733 
209 617 28 27 0.025194423 
728 17 18 20 0.02515162 
359 15 23 33 0.025123917 
42 51 10 15 0.025018958 
695 452 12 16 0.024965098 
674 311 21 23 0.024574054 
914 154 15 17 0.024506005 
745 183 16 21 0.024465082 
264 108 13 16 0.024454946 
607 116 25 31 0.024453329 
551 449 16 21 0.024288548 
444 616 14 16 0.024241831 
700 446 11 13 0.024235131 
715 2 22 24 0.024229646 
982 570 15 17 0.023974229 
939 674 14 15 0.02380132 
258 155 23 24 0.023759983 
814 167 11 16 0.023749804 
206 57 17 20 0.023572883 
908 457 13 16 0.023487793 
971 69 17 21 0.023444872 
624 132 15 19 0.022956913 
387 75 13 18 0.022929495 
317 4 12 13 0.022833377 
748 37 13 18 0.022805706 
859 97 14 17 0.0227958 
686 341 9 11 0.02275448 
0 437 9 16 0.022704517 
343 0 11 11 0.02247527 
231 83 12 16 0.022424508 
686 320 12 17 0.022374136 
79 148 17 22 0.02210288 
612 110 14 17 0.02183253 
358 31 18 22 0.02182577 
6 491 12 16 0.021690086 
969 162 16 21 0.021627799 
755 579 13 16 0.021583088 
736 427 14 17 0.021458453 
132 314 12 16 0.021395778 
742 450 12 14 0.021381386 
870 27 11 14 0.021358017 
300 10 23 27 0.021329913 
744 171 20 26 0.021279342 
349 404 16 19 0.021196462 
31 5 23 27 0.02114972 
214 77 11 13 0.021058176 
786 124 14 17 0.020995254 
556 467 13 17 0.020947376 
30 0 14 12 0.020927472 
903 467 12 16 0.020695196 
307 4 14 15 0.020678524 
51 52 13 17 0.020671217 
213 622 38 35 0.020518202 
351 451 14 17 0.020288672 
305 292 14 17 0.020265274 
580 35 14 18 0.020208782 
0 458 17 27 0.02019503 
464 293 19 28 0.02018156 
741 470 11 13 0.02007827 
563 48 16 18 0.02006081 
