10_People_Marching_People_Marching_10_People_Marching_People_Marching_10_People_Marching_People_Marching_10_1024
453
366 1897 73 80 0.9982419 
397 1788 58 65 0.9972568 
2 1690 56 63 0.9972371 
954 1931 57 58 0.9971322 
595 1765 32 36 0.99686193 
490 1721 33 39 0.99633694 
912 1788 51 56 0.9941559 
612 1990 78 84 0.9941267 
663 1805 35 42 0.9929557 
799 1788 40 43 0.99189466 
208 1963 80 93 0.9912532 
578 1897 47 55 0.98679125 
731 1856 46 53 0.985951 
884 1687 35 42 0.9854511 
459 1042 31 39 0.9852743 
176 1751 48 54 0.9825366 
514 1844 41 50 0.97786623 
907 1080 37 45 0.9765886 
859 1782 42 46 0.97297466 
280 1048 22 28 0.9716903 
611 1830 42 46 0.9684077 
548 1776 30 34 0.96743727 
451 1831 36 39 0.9670621 
859 1727 35 38 0.96571475 
344 1752 34 45 0.9649758 
75 1704 52 56 0.9627384 
269 1748 42 51 0.93751484 
997 1091 23 37 0.92907995 
207 1054 27 33 0.90563506 
794 203 31 39 0.89690566 
986 1757 40 54 0.8905137 
634 1756 29 32 0.88310117 
469 1771 27 32 0.85078007 
574 1042 22 28 0.8403018 
65 297 19 25 0.83185184 
708 1068 29 41 0.7746618 
508 968 29 38 0.68809575 
764 1744 27 32 0.65938437 
326 1049 17 21 0.6428766 
774 1032 26 30 0.6356268 
220 1751 31 41 0.6149756 
397 345 18 22 0.54849523 
229 1724 23 28 0.54736006 
177 358 14 17 0.5462346 
676 1751 18 21 0.51783234 
700 1760 21 25 0.5148113 
124 1707 41 48 0.5092124 
161 1660 33 40 0.4999053 
905 399 28 37 0.4868083 
482 1042 26 33 0.40865237 
845 1040 24 31 0.39567745 
652 1047 15 22 0.38722482 
508 1795 28 32 0.38063315 
214 361 16 19 0.37124145 
99 362 14 18 0.3567766 
667 339 19 22 0.35022134 
173 1059 17 22 0.3498764 
667 1017 15 21 0.32965282 
686 1004 20 25 0.32819417 
458 1902 48 59 0.32729936 
446 365 14 18 0.31921366 
736 319 27 31 0.2780958 
362 1733 24 27 0.2752707 
560 358 10 14 0.26050055 
700 341 22 25 0.25963515 
919 62 103 130 0.25907725 
4 969 27 38 0.24019101 
124 1025 12 16 0.22821848 
783 1005 22 26 0.19229178 
387 1052 22 27 0.19196609 
668 372 14 20 0.17968751 
974 1193 22 28 0.17634314 
413 1063 27 33 0.17567636 
158 1624 27 36 0.15887354 
236 994 28 31 0.15351158 
137 1687 29 38 0.14858401 
777 303 34 37 0.14259706 
452 1940 52 67 0.13780753 
591 358 11 14 0.1372852 
645 1007 21 27 0.13705437 
676 1009 20 25 0.13398954 
159 365 13 18 0.12463042 
349 1009 17 22 0.12332396 
849 1073 17 21 0.12082192 
155 1634 42 56 0.11859258 
687 1038 23 29 0.117699385 
660 1869 38 50 0.11687121 
649 1882 37 50 0.11675054 
517 362 13 17 0.1144562 
52 352 24 29 0.11375907 
708 1743 17 20 0.11156695 
738 1817 29 34 0.11010008 
713 989 21 29 0.10880038 
567 371 11 15 0.106756814 
478 373 12 15 0.10362381 
303 328 35 36 0.10316978 
657 1010 22 29 0.10054705 
859 344 18 21 0.09942563 
381 1058 18 21 0.098769255 
128 1000 13 18 0.097870894 
928 1082 30 37 0.09491664 
495 1041 17 23 0.094025515 
677 377 14 19 0.09069306 
689 1753 22 27 0.0889416 
434 1850 42 53 0.08617597 
180 376 15 19 0.0860752 
225 1734 30 44 0.08529704 
243 354 14 18 0.08312988 
946 1087 18 22 0.08215959 
287 1735 27 32 0.08190351 
198 380 13 17 0.08173424 
242 1719 26 30 0.08054846 
562 1781 26 34 0.08014632 
593 363 13 16 0.078441456 
550 1926 30 45 0.0773221 
42 1060 16 21 0.07511666 
926 1733 28 33 0.07213377 
254 800 30 40 0.06907621 
43 1022 16 20 0.06870105 
551 1042 25 30 0.068599835 
166 1060 15 20 0.067891054 
317 1042 21 28 0.067627616 
370 921 22 30 0.067573436 
684 1062 24 30 0.066801496 
148 1671 32 40 0.06657959 
609 1803 27 35 0.06458985 
26 344 18 23 0.06444079 
564 366 11 14 0.06438049 
708 1068 19 24 0.06413898 
972 1101 16 23 0.06385088 
246 1048 22 27 0.06368874 
711 1087 24 32 0.06329798 
622 1007 15 19 0.06313257 
402 1051 25 30 0.06152804 
806 974 17 22 0.060650602 
896 104 102 142 0.05954157 
687 1051 22 28 0.057727203 
982 291 41 69 0.057675894 
312 1173 110 176 0.056596026 
708 1790 16 23 0.05639927 
93 366 16 19 0.056256182 
412 369 17 22 0.05605145 
784 1019 27 35 0.055918753 
848 1077 27 34 0.055833858 
411 354 13 18 0.055462234 
291 1044 25 31 0.05456932 
249 996 17 19 0.054538663 
366 297 27 38 0.05389203 
380 375 22 28 0.053858735 
245 1011 28 34 0.053617667 
541 1004 24 32 0.053529564 
628 362 17 20 0.053090066 
472 374 12 15 0.052503146 
1002 90 22 43 0.05184543 
195 363 14 16 0.051346716 
560 1032 26 32 0.05129795 
697 1064 26 34 0.051057246 
719 1079 28 35 0.05031314 
925 1750 28 34 0.050289374 
251 352 14 18 0.050053325 
446 1869 45 57 0.049862064 
732 1830 49 58 0.049089804 
660 1088 23 32 0.04851386 
413 361 15 19 0.048218004 
672 1822 34 41 0.047933273 
629 376 13 17 0.047480993 
942 546 82 188 0.046642 
384 267 29 36 0.045464564 
293 989 15 20 0.044982847 
666 1241 18 22 0.044591308 
169 1026 16 19 0.044526223 
243 972 13 17 0.04417525 
420 1051 28 31 0.044122785 
564 1021 13 18 0.04364564 
201 1753 36 42 0.04344201 
433 942 39 46 0.04337961 
649 1812 31 36 0.04322944 
194 1723 27 33 0.043182928 
777 1050 26 30 0.042054005 
477 2143 42 49 0.041929465 
745 241 27 31 0.041918516 
330 930 18 22 0.041888863 
197 357 12 15 0.041864805 
675 1739 17 20 0.04168825 
174 1013 11 14 0.041582704 
13 335 29 31 0.041343223 
552 1786 39 47 0.041167926 
171 404 13 20 0.040835854 
247 372 14 18 0.04043141 
510 2138 45 53 0.040412933 
115 1023 20 23 0.04036361 
396 331 26 31 0.039622143 
191 1049 37 46 0.039580468 
110 1002 14 17 0.039341062 
702 1747 21 27 0.03906646 
470 1082 28 40 0.03894136 
69 941 16 20 0.038575254 
438 1899 78 97 0.03848752 
85 1027 14 18 0.03834714 
246 1875 94 122 0.038132492 
636 1000 23 29 0.03774927 
202 366 21 25 0.0377421 
249 1025 27 32 0.03774018 
760 1725 44 52 0.037737995 
445 357 14 18 0.037733763 
954 1094 15 21 0.03721099 
194 370 21 26 0.03720525 
665 361 22 28 0.037199836 
963 1087 22 33 0.036693204 
84 1032 24 28 0.03656693 
844 990 28 34 0.036313087 
725 999 23 27 0.03625738 
513 1804 31 35 0.036213346 
837 1024 40 50 0.036162343 
229 993 18 23 0.035890244 
237 349 16 21 0.035699885 
347 1053 23 28 0.0356094 
33 344 25 32 0.035329066 
265 1909 338 447 0.035240695 
588 363 21 26 0.035182144 
635 356 14 17 0.035121247 
787 1061 16 21 0.034893095 
205 1906 97 126 0.03483651 
733 1005 23 29 0.03470423 
776 1738 20 23 0.03469976 
82 1059 25 35 0.034449276 
108 1025 16 19 0.03434051 
427 2099 52 66 0.034125093 
408 345 15 19 0.034043882 
147 362 16 20 0.033877574 
182 1054 23 29 0.033674747 
888 978 30 40 0.033663105 
147 1040 13 16 0.03359506 
674 1729 15 18 0.033515353 
681 1019 26 31 0.033485822 
669 1784 25 31 0.033457093 
931 2070 68 101 0.033255953 
308 1035 23 30 0.03323974 
376 1060 14 20 0.03315626 
646 1755 20 23 0.033142094 
891 1083 35 37 0.03299618 
793 1053 21 29 0.032969154 
2 953 24 41 0.0328108 
439 370 14 18 0.032727838 
711 1762 17 20 0.0326576 
706 1767 22 30 0.0325816 
167 1020 14 16 0.032367267 
590 352 10 13 0.03228819 
535 366 10 13 0.032230757 
43 353 19 24 0.032103 
650 1021 17 23 0.032084346 
131 1020 13 17 0.03206184 
661 284 14 19 0.032056674 
688 1836 28 33 0.032047667 
342 363 25 28 0.031964857 
691 303 17 22 0.031534765 
187 377 14 18 0.031059181 
290 304 48 53 0.031043628 
664 324 26 32 0.03104357 
671 1760 26 31 0.030961048 
974 1093 23 34 0.03087574 
666 1002 24 32 0.030755194 
464 348 11 13 0.030617481 
100 1712 40 45 0.03039282 
713 1007 17 20 0.030313427 
629 1760 19 23 0.030296655 
370 369 23 29 0.029936513 
621 1147 14 20 0.029909223 
292 1724 25 31 0.029901005 
845 1059 24 33 0.02968986 
60 366 17 21 0.029618155 
478 357 10 12 0.029603425 
164 1011 14 17 0.02932869 
557 352 19 24 0.029299969 
565 1045 19 23 0.029251957 
707 1011 24 30 0.029244289 
613 1150 15 19 0.029086635 
552 1023 25 31 0.028921284 
908 2074 44 57 0.028772978 
227 1816 100 108 0.028698014 
126 1009 14 18 0.028576009 
507 1810 43 52 0.028557375 
66 287 17 20 0.028492238 
716 979 14 20 0.02840127 
478 1897 32 46 0.028254589 
827 1720 25 33 0.028250476 
14 976 28 35 0.028106708 
674 1772 25 32 0.027991518 
791 1794 30 36 0.027956005 
544 1028 26 35 0.027652001 
864 1049 17 21 0.02762881 
625 1117 15 19 0.027597642 
769 823 28 36 0.027585076 
0 1822 136 135 0.027567277 
922 357 18 20 0.027556777 
965 1852 28 31 0.027530972 
464 1755 26 33 0.027432805 
692 1958 46 63 0.027413983 
437 390 12 14 0.027378038 
0 185 23 37 0.027313344 
548 1047 16 21 0.027297387 
379 1039 26 34 0.027241882 
55 1693 52 60 0.027095689 
475 363 19 24 0.026977291 
561 366 21 26 0.026871428 
142 368 15 17 0.026852833 
855 1039 29 35 0.026817214 
637 1014 26 34 0.026670313 
719 1091 326 463 0.026640857 
218 365 22 27 0.02659941 
803 964 18 22 0.02651586 
516 332 10 12 0.026469668 
443 373 16 19 0.026361488 
206 354 14 17 0.026332188 
566 1251 15 19 0.026324093 
671 352 17 19 0.026218778 
771 1863 28 36 0.02614228 
696 1007 15 21 0.02606417 
735 1774 25 30 0.026046317 
492 389 11 13 0.025952669 
68 355 28 30 0.025920648 
797 1035 23 32 0.02587872 
673 1840 41 52 0.02579096 
856 351 25 29 0.025785824 
229 376 14 19 0.025716307 
486 380 10 14 0.025676241 
768 1720 28 33 0.025610065 
213 1765 48 59 0.025596261 
831 1040 23 32 0.025492035 
704 198 23 30 0.02548849 
164 1052 40 48 0.025385465 
516 341 11 13 0.025343219 
507 1035 14 19 0.025272632 
683 371 16 22 0.02527095 
907 370 42 55 0.025270164 
400 350 23 27 0.025259761 
251 971 14 18 0.025240397 
33 1007 25 32 0.024949957 
725 1862 31 40 0.024627322 
622 367 24 29 0.024593225 
995 990 31 46 0.024544748 
512 326 11 14 0.024524102 
524 364 12 15 0.024516119 
483 364 13 16 0.024437284 
655 1751 25 29 0.024390213 
166 1935 59 72 0.024380453 
878 1731 20 23 0.024329603 
325 1036 23 28 0.024307178 
995 1940 28 37 0.024293745 
336 1051 21 26 0.024293583 
258 356 24 28 0.024279386 
248 1006 20 23 0.024247684 
323 1899 57 80 0.024113316 
744 316 48 52 0.02409146 
969 981 44 55 0.02409135 
948 1091 28 35 0.024086153 
652 997 13 18 0.024083413 
86 363 16 17 0.024073632 
485 356 11 13 0.02387818 
11 986 18 24 0.02376135 
515 984 19 27 0.023678467 
495 2147 38 40 0.023663811 
113 997 20 25 0.023554532 
553 1123 23 32 0.023549594 
317 1178 16 20 0.023438077 
424 397 12 16 0.023403477 
394 933 26 32 0.02338512 
467 1883 37 47 0.02330965 
275 1841 92 116 0.023138802 
317 319 30 35 0.023128012 
606 1057 15 19 0.023013463 
333 987 40 50 0.022931784 
183 409 13 18 0.022888325 
240 977 21 28 0.022841398 
389 1872 63 77 0.022800034 
854 352 15 18 0.022764394 
653 1291 33 45 0.022710327 
152 1098 13 19 0.022692548 
198 1062 17 22 0.022650594 
118 360 14 19 0.022642389 
493 1741 25 33 0.022623885 
212 88 394 457 0.02256296 
648 1027 24 33 0.02248502 
774 994 26 30 0.022481907 
618 1079 15 19 0.022473577 
699 991 23 30 0.022464935 
603 1746 16 19 0.02244725 
987 1080 24 37 0.022404712 
563 377 15 18 0.022402957 
342 1008 17 22 0.022400364 
174 362 20 25 0.022287946 
241 356 21 27 0.022256678 
701 1777 21 30 0.022243254 
394 2142 49 65 0.022214659 
845 1054 41 51 0.022200132 
929 1727 21 25 0.02214924 
321 330 17 20 0.022117767 
627 347 23 29 0.02209011 
812 1756 26 30 0.022062182 
899 337 24 30 0.022006383 
836 920 16 19 0.021921072 
169 1635 20 25 0.021821594 
766 1038 18 22 0.02180398 
308 968 15 21 0.021681612 
553 1763 28 35 0.02167952 
0 773 20 30 0.021611411 
362 878 29 34 0.021542097 
636 1823 30 40 0.02153859 
94 1027 25 30 0.021537181 
446 352 11 13 0.021479053 
162 1031 24 31 0.021423183 
248 1727 27 32 0.02134229 
356 1759 34 44 0.021303989 
625 1762 30 36 0.02124892 
160 1003 12 17 0.021216655 
633 367 16 21 0.021206848 
377 1737 15 18 0.02115289 
135 1717 41 57 0.02109334 
373 276 44 57 0.020980887 
669 1756 18 22 0.020958023 
418 1824 52 63 0.020908419 
244 345 24 29 0.020877888 
313 1743 26 33 0.02082525 
240 967 12 15 0.020782474 
125 1042 12 15 0.0207717 
213 375 14 17 0.020731615 
866 1713 16 19 0.020720242 
793 1012 18 24 0.020692345 
487 349 10 14 0.020665165 
36 1051 14 19 0.020654822 
0 705 28 53 0.02063901 
143 1036 22 26 0.020612469 
202 1040 28 36 0.020604305 
953 1084 16 20 0.020577557 
323 1173 14 16 0.020518387 
310 327 46 50 0.020464577 
965 310 47 74 0.020459302 
728 296 45 52 0.020442782 
596 375 13 17 0.020439435 
907 976 27 38 0.020423984 
721 1054 24 33 0.020417783 
846 1736 41 50 0.02041492 
438 356 14 18 0.020313418 
566 2042 45 59 0.020313395 
855 1089 28 36 0.020281574 
896 966 31 41 0.020152295 
593 1049 14 19 0.020125555 
211 1028 23 30 0.020116352 
81 352 25 29 0.020068739 
864 786 28 35 0.020052683 
157 1057 26 32 0.020047717 
901 364 24 33 0.020041011 
84 1683 30 38 0.020006102 
