10_People_Marching_People_Marching_2_307
96
506 139 102 134 0.9994336 
658 224 49 62 0.98996466 
252 181 83 108 0.9693869 
75 190 70 80 0.9627713 
872 171 29 42 0.3557565 
0 433 40 82 0.35318163 
125 31 49 63 0.26520655 
783 404 26 30 0.24235806 
689 140 12 16 0.16321269 
795 291 15 18 0.14883646 
908 633 16 20 0.13325605 
780 277 11 14 0.13186161 
740 246 12 15 0.11390133 
723 232 21 29 0.11107391 
56 218 73 87 0.09985797 
782 407 13 17 0.091749944 
110 19 82 109 0.09126308 
712 234 22 29 0.07856358 
936 191 91 188 0.07494686 
835 175 14 18 0.07394786 
303 26 12 15 0.06801533 
705 296 27 31 0.062090177 
732 241 15 19 0.06127793 
634 213 27 43 0.06105159 
791 296 14 17 0.059112962 
847 400 12 16 0.058800668 
726 327 22 26 0.055946674 
808 262 12 15 0.05514766 
786 409 34 39 0.054197166 
812 441 16 22 0.053058136 
739 392 36 40 0.050350443 
107 10 54 70 0.049695004 
741 295 13 17 0.0491174 
701 166 21 27 0.04568953 
837 168 13 17 0.045512106 
745 269 11 13 0.04132111 
726 232 13 17 0.040659107 
791 420 39 48 0.040188637 
726 322 16 21 0.03840879 
831 323 13 17 0.038196784 
120 48 32 42 0.03650438 
759 174 24 28 0.035290845 
618 270 40 53 0.034647226 
768 300 12 15 0.033805903 
832 350 10 14 0.03375073 
855 178 30 37 0.03292643 
758 319 15 19 0.032288592 
731 412 44 44 0.03204138 
53 3 92 103 0.031596728 
782 197 14 16 0.03158055 
135 68 57 82 0.03138505 
123 51 16 20 0.031286445 
874 171 17 24 0.02979869 
808 406 24 29 0.02947267 
846 410 15 19 0.029320642 
627 164 11 14 0.028864367 
860 484 16 19 0.028458545 
728 441 35 38 0.028293742 
772 329 26 34 0.02828404 
649 338 26 34 0.028283313 
642 220 35 45 0.027914014 
756 261 10 11 0.027179593 
964 223 51 123 0.026950443 
838 170 24 28 0.026837392 
148 15 47 64 0.026552115 
771 187 13 15 0.025415218 
760 203 10 12 0.02513216 
587 176 16 22 0.025105674 
790 213 9 13 0.024525562 
796 304 12 15 0.024275068 
822 408 15 20 0.023969028 
776 272 19 24 0.023696002 
775 205 13 16 0.023540903 
880 470 12 15 0.023401938 
712 337 14 17 0.023001531 
630 259 29 40 0.022984266 
780 208 12 16 0.02293097 
170 66 32 49 0.022820642 
782 285 21 27 0.02269535 
295 27 14 16 0.022253381 
748 404 46 51 0.022104729 
764 275 12 14 0.02181212 
627 207 25 37 0.021517772 
697 278 42 55 0.021489982 
774 399 24 31 0.021423135 
718 180 10 14 0.021282047 
764 299 22 26 0.021248806 
681 174 9 12 0.021224467 
775 195 11 14 0.021128101 
802 285 13 15 0.021087317 
720 338 27 29 0.020835837 
766 294 11 15 0.020614754 
769 187 24 28 0.020576058 
759 73 27 30 0.020515395 
784 343 18 22 0.020495035 
748 165 11 14 0.020105978 
