10_People_Marching_People_Marching_2_898
142
678 587 56 65 0.9913731 
511 709 50 58 0.98889416 
259 792 56 66 0.9783609 
795 653 32 34 0.6505209 
342 775 21 30 0.20653802 
383 687 16 21 0.20335434 
788 652 49 59 0.19136254 
804 597 26 31 0.18987341 
668 886 38 40 0.16904844 
325 720 16 21 0.1683046 
483 874 100 122 0.14819641 
879 655 28 34 0.14506845 
798 552 16 21 0.13220322 
635 760 26 28 0.12938268 
545 660 24 32 0.12127767 
872 536 18 20 0.10437391 
325 651 12 15 0.101206146 
868 660 27 37 0.09622634 
556 613 18 22 0.09564651 
868 577 21 29 0.089869596 
330 712 16 21 0.08955241 
817 607 29 38 0.088226646 
615 728 28 36 0.08727139 
586 632 16 19 0.084749326 
916 588 14 17 0.08414214 
444 702 13 15 0.07744094 
423 752 28 34 0.074180104 
661 899 50 61 0.071567275 
628 912 48 58 0.06825796 
226 758 89 91 0.06815345 
587 576 11 12 0.06571211 
445 788 30 34 0.061692093 
243 682 15 18 0.056575283 
654 615 33 39 0.05472261 
876 661 16 22 0.05368055 
383 778 35 37 0.053516228 
325 614 10 12 0.052606262 
606 572 10 12 0.051983938 
861 667 26 39 0.05143684 
284 643 11 14 0.051202286 
411 750 26 33 0.05053984 
554 661 15 19 0.048915166 
548 652 13 16 0.04278033 
407 701 13 15 0.04243166 
217 728 57 55 0.04133577 
320 707 22 29 0.041331537 
942 674 15 19 0.040954165 
693 849 64 87 0.040657714 
381 660 10 13 0.040599428 
834 622 17 24 0.040566184 
361 692 10 14 0.039855856 
390 672 9 11 0.037897017 
596 798 16 20 0.036891103 
798 600 16 21 0.036247823 
381 773 15 17 0.036165606 
801 550 24 28 0.035888616 
375 654 10 14 0.035206955 
325 691 15 18 0.03419915 
784 841 51 71 0.03389576 
394 773 14 16 0.033760298 
428 117 201 219 0.033639353 
204 763 60 74 0.033615604 
393 785 214 233 0.033195194 
563 666 13 17 0.03307062 
338 739 15 20 0.03298651 
825 588 28 36 0.03298239 
249 697 27 31 0.03295528 
333 684 11 13 0.032459635 
389 675 12 15 0.03243603 
210 629 14 17 0.032420203 
224 669 47 52 0.031578023 
407 753 15 20 0.031229772 
842 675 29 37 0.031047152 
421 762 38 45 0.030848999 
328 764 44 56 0.030250026 
379 769 29 30 0.029906547 
859 580 18 24 0.029898366 
816 656 17 23 0.0297959 
598 712 40 48 0.02973078 
249 685 22 29 0.029370401 
580 638 16 20 0.02881026 
911 590 22 25 0.02862338 
670 875 64 77 0.028294694 
233 675 26 31 0.028276054 
322 692 25 32 0.028212968 
724 823 95 113 0.027952464 
388 607 9 12 0.027878249 
384 629 9 11 0.02776375 
403 707 15 17 0.027609276 
875 651 15 22 0.027479725 
641 635 30 37 0.027307697 
394 764 30 33 0.027277844 
874 585 27 35 0.026988631 
605 688 41 53 0.026929246 
593 633 16 20 0.026927043 
217 672 29 36 0.025916439 
403 779 14 18 0.02581882 
282 664 14 20 0.02572356 
254 648 16 20 0.025413113 
364 722 14 17 0.024783116 
444 727 28 33 0.024775518 
320 648 20 24 0.024555491 
422 582 11 13 0.024405316 
387 620 11 15 0.0242989 
426 766 18 22 0.024276119 
415 582 10 12 0.024246508 
328 687 11 14 0.024136359 
375 688 15 20 0.02401103 
343 661 10 12 0.023531679 
932 663 26 33 0.02349966 
701 597 52 64 0.023359193 
330 728 16 18 0.023349466 
935 738 16 22 0.023325149 
360 622 10 12 0.023167865 
211 802 16 22 0.023165548 
927 645 28 38 0.022990068 
831 588 40 48 0.022933863 
462 916 65 78 0.02256414 
383 679 12 14 0.022502925 
612 571 11 13 0.022168376 
625 746 29 35 0.02207718 
443 712 14 17 0.021912869 
573 659 11 16 0.021658383 
278 690 14 17 0.021415886 
893 654 32 35 0.021364307 
600 568 11 12 0.021345759 
621 701 40 52 0.021167396 
358 723 12 15 0.021117872 
335 711 362 410 0.020990191 
285 650 14 18 0.020958388 
598 686 32 37 0.020863492 
546 646 13 15 0.02065243 
444 635 16 22 0.020564815 
864 701 11 16 0.020447416 
759 849 55 70 0.020397898 
889 668 21 23 0.020346634 
386 612 12 16 0.020345954 
398 779 34 40 0.020308407 
321 648 11 13 0.020267706 
442 761 14 19 0.02022268 
293 676 13 18 0.020216063 
588 650 15 18 0.020140247 
