10_People_Marching_People_Marching_10_People_Marching_People_Marching_10_People_Marching_People_Marching_10_619
229
431 461 13 15 0.9339087 
438 433 9 11 0.6235719 
51 484 16 20 0.5761227 
519 448 11 15 0.5520663 
192 467 13 17 0.4953537 
669 441 14 19 0.46839336 
501 441 9 12 0.4370983 
353 458 8 10 0.33895633 
582 442 11 15 0.33243212 
497 456 8 10 0.29260176 
93 476 14 18 0.28188583 
555 445 14 18 0.27745572 
160 478 11 15 0.26315105 
238 528 9 12 0.23671083 
588 437 12 16 0.22755197 
407 430 8 10 0.20629507 
447 448 9 10 0.1767438 
166 484 10 13 0.17333148 
400 468 9 12 0.16086005 
415 446 8 9 0.1543008 
101 484 10 14 0.14983323 
462 449 7 10 0.14714243 
233 470 10 12 0.14467834 
260 459 10 13 0.1409039 
457 432 7 10 0.12858997 
357 456 9 11 0.12842305 
576 442 13 17 0.12180537 
540 451 9 13 0.11620648 
223 453 10 13 0.10935445 
257 456 10 12 0.109014496 
304 459 10 13 0.10278712 
444 438 9 10 0.10176531 
0 443 16 21 0.09539657 
868 659 25 29 0.08911081 
535 447 10 14 0.08594607 
308 455 9 12 0.08313493 
321 524 15 19 0.08110185 
498 444 9 11 0.07922424 
414 429 7 10 0.077472754 
402 431 9 10 0.07738464 
597 437 10 14 0.07516148 
171 485 8 12 0.07499956 
456 449 8 10 0.07385848 
181 433 9 11 0.07246761 
88 481 12 16 0.06949687 
606 440 10 13 0.06930242 
408 424 8 12 0.06738505 
414 425 7 10 0.06532891 
402 380 424 452 0.06427605 
361 430 9 12 0.060772665 
282 271 6 9 0.05924181 
185 467 13 17 0.058420956 
445 432 9 10 0.05825603 
239 501 9 11 0.05739966 
328 446 8 10 0.055879217 
162 469 14 18 0.053750295 
415 440 8 10 0.053169996 
408 437 8 10 0.052660592 
1003 753 21 28 0.05228008 
593 461 10 13 0.052134044 
231 464 11 13 0.05118112 
176 520 9 11 0.05034814 
67 480 13 20 0.049997784 
39 475 13 19 0.04952131 
501 455 8 11 0.048064616 
294 453 10 12 0.04604515 
157 423 12 13 0.045737796 
334 380 11 14 0.045362137 
222 460 11 14 0.04522564 
269 263 8 10 0.045168888 
270 472 7 11 0.044887856 
107 483 10 14 0.044203427 
328 455 7 10 0.04390649 
60 477 13 20 0.04375888 
44 478 15 19 0.043228228 
557 441 12 14 0.0417227 
215 468 10 12 0.041501626 
970 664 25 31 0.04134091 
153 379 9 11 0.040966116 
215 461 10 14 0.040552888 
529 96 9 13 0.039781798 
522 488 8 10 0.039754156 
207 461 10 14 0.03904595 
256 519 10 13 0.038505558 
961 665 40 49 0.03787899 
582 159 10 14 0.037771463 
234 531 9 12 0.037563622 
324 517 13 16 0.037422735 
329 460 8 11 0.03735606 
642 519 8 11 0.036604084 
110 542 9 11 0.035777826 
150 483 10 13 0.035122264 
265 472 8 10 0.035115566 
189 486 9 13 0.03495284 
521 493 8 11 0.034923024 
925 706 15 17 0.034904957 
336 92 9 12 0.03489715 
153 478 11 15 0.034655638 
266 262 7 10 0.034619752 
536 94 11 14 0.034144275 
163 461 12 15 0.034048293 
333 462 7 9 0.034028787 
553 511 7 10 0.03372751 
436 456 11 15 0.033462327 
293 494 9 12 0.033366356 
462 470 8 11 0.03332939 
270 460 9 12 0.032981947 
346 456 7 9 0.03273729 
266 476 9 12 0.032511286 
295 461 9 13 0.03241561 
564 443 13 17 0.032369595 
614 440 11 13 0.03221106 
254 537 10 12 0.032142866 
633 428 9 11 0.03195466 
961 690 18 23 0.031833526 
247 454 10 13 0.031481072 
257 256 8 10 0.031279247 
997 676 14 22 0.031221261 
998 730 13 17 0.030772394 
146 485 10 12 0.03048067 
119 436 10 12 0.030392082 
382 454 9 11 0.03031461 
455 424 8 11 0.02998962 
270 455 10 12 0.029854411 
207 549 7 9 0.029201945 
104 567 10 14 0.029122666 
289 453 10 12 0.028917233 
360 436 9 11 0.028838832 
185 492 10 13 0.027726317 
513 445 11 15 0.027645694 
337 471 7 9 0.027415706 
224 529 8 11 0.02739151 
333 438 9 13 0.027315497 
984 669 22 30 0.027205655 
471 455 7 10 0.027113505 
567 439 11 14 0.027025703 
78 534 9 12 0.026919274 
552 440 11 13 0.026903657 
390 422 9 12 0.02683989 
236 462 12 15 0.026818266 
342 471 8 11 0.026816761 
473 485 9 11 0.026667845 
967 662 11 14 0.026611667 
302 93 8 11 0.026565863 
410 445 9 11 0.026305122 
247 460 11 14 0.026227776 
223 468 9 12 0.026196666 
173 476 9 14 0.026139906 
432 407 7 9 0.026037253 
461 431 7 10 0.025987646 
176 435 12 15 0.025920222 
228 451 11 14 0.025537198 
504 399 8 9 0.025500603 
534 440 8 11 0.025241053 
473 479 8 11 0.02523134 
325 512 10 13 0.024836473 
216 454 10 13 0.024787063 
584 470 8 10 0.024771836 
321 454 9 11 0.024667386 
312 495 7 10 0.024651038 
432 447 9 11 0.024590781 
290 447 9 11 0.024590505 
358 446 9 11 0.02450412 
510 518 8 11 0.024444379 
401 424 9 12 0.024340611 
461 436 8 10 0.02433216 
0 419 8 14 0.024276057 
505 524 8 10 0.02423467 
248 534 8 11 0.024134994 
65 367 8 10 0.02402583 
87 506 12 16 0.02401938 
224 558 7 10 0.023822106 
394 385 7 9 0.023744643 
684 405 11 15 0.023703307 
331 444 10 13 0.023631454 
240 496 8 11 0.023530573 
425 421 9 12 0.023476068 
408 416 7 10 0.023433233 
561 468 9 11 0.023357512 
952 726 11 12 0.023288177 
681 410 11 16 0.023203025 
263 257 7 9 0.0231094 
157 436 16 18 0.022932068 
973 662 15 18 0.02284954 
463 462 8 10 0.02283412 
392 446 9 10 0.022831671 
621 439 10 12 0.022783075 
405 468 8 12 0.022725191 
833 721 26 33 0.022466205 
415 451 9 12 0.022429988 
895 683 23 33 0.022401076 
498 435 17 23 0.022332074 
931 699 16 19 0.022271438 
160 478 19 24 0.022241458 
114 413 208 234 0.022214437 
255 454 18 23 0.022204889 
435 436 8 11 0.022040835 
366 453 9 13 0.02192682 
414 462 9 12 0.021836832 
278 455 9 12 0.021834623 
585 433 10 13 0.02177852 
265 270 9 10 0.021774365 
391 463 9 11 0.021759437 
98 469 13 19 0.02173621 
592 323 398 518 0.021671703 
446 424 8 10 0.021659425 
527 439 10 13 0.021657828 
576 460 9 12 0.021389844 
926 715 15 17 0.021299696 
565 461 9 12 0.021271914 
239 507 10 12 0.021243516 
254 467 10 12 0.021237241 
93 436 14 19 0.021173982 
239 454 9 11 0.02115466 
280 277 8 10 0.021113716 
271 246 7 9 0.020879522 
165 541 10 12 0.02084055 
990 675 13 19 0.020779895 
400 436 9 11 0.020767193 
375 447 8 10 0.020733368 
225 552 8 9 0.020723585 
574 448 12 16 0.020720873 
151 421 11 13 0.020634307 
559 460 11 12 0.020552903 
217 485 10 12 0.020393964 
398 447 8 11 0.020341141 
893 690 15 21 0.020263884 
436 426 17 23 0.020175787 
320 511 9 11 0.020091483 
