10_People_Marching_People_Marching_10_People_Marching_People_Marching_10_People_Marching_People_Marching_10_716
68
2 439 34 39 0.9997831 
510 294 59 72 0.9989281 
120 421 39 41 0.9983059 
330 351 48 60 0.9981153 
768 266 72 94 0.9974074 
75 439 36 45 0.99517834 
197 414 42 43 0.99235415 
653 526 23 23 0.9578387 
178 548 32 41 0.6617935 
69 520 41 50 0.45499435 
932 454 32 37 0.24283667 
676 531 27 30 0.23634943 
128 563 28 35 0.19068919 
538 264 31 38 0.12860388 
745 460 101 117 0.09958334 
27 529 43 54 0.0956395 
663 528 26 28 0.09550254 
2 612 39 70 0.093070365 
770 147 77 117 0.07111247 
981 618 39 60 0.060790755 
925 412 54 80 0.055256847 
234 528 40 60 0.055048008 
573 550 51 64 0.05341225 
282 537 51 57 0.053151418 
43 386 12 19 0.04896689 
139 557 40 51 0.047821756 
518 257 58 84 0.04456543 
335 313 38 39 0.04401117 
54 527 43 58 0.041567303 
57 385 22 28 0.039259326 
133 5 9 10 0.038852155 
343 243 38 57 0.038271513 
716 531 29 36 0.035728753 
437 533 15 19 0.03557071 
718 441 168 203 0.034897577 
-2 400 39 64 0.03359232 
660 507 12 15 0.033369724 
149 362 11 17 0.03292954 
730 531 16 20 0.03260334 
645 525 20 22 0.032500006 
778 217 59 86 0.031777915 
378 242 9 12 0.030311676 
1006 277 11 14 0.030299129 
79 421 28 34 0.03016006 
97 354 17 23 0.02896602 
89 419 16 18 0.028843584 
990 549 36 44 0.028581422 
15 544 46 58 0.027495865 
191 0 10 11 0.026771817 
97 358 25 32 0.026655605 
231 448 28 32 0.026425974 
529 174 38 46 0.02544612 
417 79 8 10 0.025214095 
180 562 41 45 0.024807662 
206 535 44 58 0.024323978 
64 388 38 47 0.024099959 
701 539 31 40 0.023017334 
715 151 93 132 0.022147045 
80 47 8 10 0.022088034 
156 547 39 51 0.022027852 
890 542 32 32 0.021815915 
54 365 9 11 0.021727005 
898 429 58 75 0.021723973 
97 426 44 48 0.021695146 
834 643 38 34 0.020883007 
1 208 8 11 0.020767203 
70 411 29 33 0.020236218 
708 616 26 36 0.02021917 
