10_People_Marching_People_Marching_2_395
171
580 179 29 43 0.9963152 
955 178 31 39 0.99131924 
216 158 37 46 0.9603285 
742 215 26 31 0.95277864 
829 214 25 30 0.9446941 
154 184 24 30 0.8368605 
62 223 26 31 0.83286214 
104 192 31 35 0.75763136 
327 227 30 34 0.65536994 
11 229 15 21 0.57475585 
925 142 22 33 0.5719358 
517 197 25 32 0.55356336 
417 212 27 36 0.5308477 
663 215 24 29 0.4269321 
468 200 26 30 0.36235684 
36 196 24 32 0.29995963 
360 246 25 30 0.2512016 
18 262 18 22 0.24954264 
822 203 41 48 0.21866123 
284 263 14 19 0.21514173 
167 189 25 31 0.20611827 
236 171 31 34 0.19160749 
149 192 16 22 0.15063357 
859 213 15 20 0.14070454 
0 232 11 16 0.14053105 
466 184 29 31 0.13541129 
434 219 14 18 0.12160085 
845 209 27 31 0.116054945 
99 171 14 16 0.11121702 
740 211 45 50 0.110456675 
162 173 15 19 0.10933106 
343 231 17 23 0.107176505 
381 232 13 16 0.10545715 
517 214 14 18 0.10246916 
710 310 15 22 0.09940347 
672 216 29 34 0.08783004 
986 185 15 20 0.08450932 
817 204 29 34 0.08185571 
50 229 27 31 0.08049864 
674 224 16 19 0.080466636 
1012 318 12 21 0.079988 
319 230 22 28 0.07861929 
45 243 16 18 0.07594845 
319 244 12 14 0.07383666 
804 195 29 39 0.07284736 
932 146 29 33 0.07210171 
310 252 11 14 0.07021988 
108 174 12 13 0.06989139 
444 218 12 17 0.068398446 
120 200 18 21 0.06650516 
102 199 19 22 0.065675445 
526 291 9 14 0.06495585 
662 231 16 20 0.06403376 
395 220 30 36 0.06273533 
973 181 28 30 0.06184682 
913 239 19 22 0.059003435 
248 184 18 21 0.05754432 
284 271 14 20 0.053399496 
331 252 14 17 0.052150607 
468 182 18 21 0.050806515 
232 321 31 33 0.050712273 
320 230 12 16 0.050621472 
29 190 39 51 0.050363325 
0 226 20 27 0.04987361 
301 336 27 35 0.04959226 
71 202 13 14 0.049163688 
31 204 14 17 0.048236605 
4 238 26 37 0.04416667 
665 161 28 37 0.0406436 
674 213 19 23 0.04018747 
52 209 30 38 0.039793424 
805 262 26 42 0.03978262 
374 223 27 31 0.039717577 
482 201 28 30 0.039425693 
144 196 14 19 0.039310753 
506 209 25 29 0.039274 
866 217 14 18 0.038668666 
435 213 22 29 0.038627747 
281 409 18 23 0.03836618 
647 301 14 21 0.037875626 
78 203 12 13 0.037508033 
316 251 11 14 0.036403053 
49 201 15 22 0.034245778 
353 239 24 31 0.033037033 
415 208 12 15 0.032597538 
757 214 33 34 0.032459337 
61 237 26 32 0.032089334 
156 168 30 38 0.031839125 
7 255 25 35 0.030958986 
366 230 27 30 0.030737525 
721 239 26 36 0.03065206 
133 209 13 18 0.030355148 
463 191 48 53 0.030279499 
38 191 14 16 0.029998492 
368 244 18 20 0.02972631 
358 271 26 32 0.02965732 
87 182 10 13 0.029554425 
16 221 18 21 0.029365078 
939 159 30 41 0.029297909 
323 333 30 32 0.029287817 
973 196 31 36 0.029247472 
689 211 17 22 0.02922946 
727 223 30 38 0.028615307 
676 232 16 19 0.028599346 
590 195 31 36 0.028588858 
317 276 9 12 0.02848846 
635 260 14 19 0.028382117 
155 219 23 30 0.028339628 
327 244 26 30 0.028207155 
96 171 25 28 0.02804423 
300 343 16 22 0.02709463 
372 234 16 18 0.027091691 
703 298 26 39 0.026974037 
527 454 40 47 0.026828472 
305 248 9 11 0.02678548 
642 319 15 21 0.026537027 
333 238 17 21 0.026152398 
731 251 13 17 0.025959564 
430 172 14 18 0.025935123 
311 241 23 29 0.02592756 
7 213 11 13 0.025912955 
323 437 14 20 0.025698451 
402 224 19 21 0.025638144 
412 222 19 24 0.02548183 
690 216 29 39 0.0253651 
185 196 15 19 0.025356684 
936 220 29 40 0.024981806 
873 359 31 43 0.024782887 
67 254 17 20 0.024591781 
390 217 14 18 0.024555229 
388 233 15 18 0.024345718 
177 189 16 21 0.02427386 
669 89 12 16 0.023673475 
271 351 8 11 0.023580074 
947 228 15 19 0.023506936 
85 202 11 15 0.023486799 
1007 217 15 20 0.023312239 
303 260 11 14 0.022897562 
906 282 29 39 0.02289435 
756 99 25 34 0.0228903 
364 238 13 16 0.022749428 
14 215 12 14 0.022581043 
682 232 18 20 0.022269353 
253 435 15 18 0.022256289 
460 228 30 36 0.02224933 
923 95 16 19 0.022085095 
151 179 15 20 0.022056602 
391 211 13 15 0.021970723 
759 227 33 36 0.021970445 
592 84 27 35 0.021829838 
281 252 23 33 0.021825075 
279 282 11 16 0.021817137 
730 225 49 62 0.021762673 
621 419 14 20 0.021749536 
373 218 44 50 0.021537712 
312 270 10 12 0.021433491 
511 217 14 18 0.021307984 
488 210 28 31 0.021160442 
623 425 17 22 0.020810843 
169 178 16 22 0.020769315 
51 196 26 31 0.020670889 
55 249 24 28 0.020668196 
1013 180 12 20 0.020659512 
1004 177 21 34 0.02058298 
892 355 25 38 0.020490544 
984 174 24 34 0.02045238 
980 211 25 31 0.020338418 
987 202 25 32 0.02027504 
681 230 29 32 0.020179339 
2 208 25 31 0.020107081 
941 177 33 44 0.02000584 
