10_People_Marching_People_Marching_10_People_Marching_People_Marching_10_People_Marching_People_Marching_10_933
91
110 203 37 48 0.9748581 
539 157 28 32 0.97395235 
980 138 23 31 0.6973518 
527 163 27 34 0.5039561 
988 132 24 40 0.35017475 
518 169 28 36 0.29811046 
282 55 18 24 0.26256296 
317 72 14 20 0.14507353 
232 11 14 17 0.10071475 
545 280 24 30 0.07998639 
325 246 12 14 0.073666036 
751 38 11 15 0.06790266 
673 -2 28 31 0.06626185 
66 47 14 19 0.06422136 
276 85 11 16 0.06346383 
325 73 13 24 0.057921495 
733 7 14 20 0.056929734 
734 200 13 19 0.05592542 
771 0 19 19 0.053783406 
689 2 27 31 0.051809683 
716 3 17 21 0.04995051 
847 0 11 11 0.047957066 
239 103 27 40 0.04558225 
518 178 17 22 0.04470646 
332 196 10 13 0.043033797 
992 382 29 37 0.042699303 
261 79 22 28 0.041883245 
232 27 13 16 0.04185325 
728 202 22 35 0.041700713 
270 69 12 16 0.040187113 
717 42 15 20 0.040144887 
290 59 16 22 0.039398078 
49 40 14 19 0.036586 
752 31 10 13 0.03611004 
798 1 13 17 0.03566296 
806 52 11 13 0.035228994 
215 169 44 52 0.03509026 
788 46 15 20 0.033917394 
792 154 13 18 0.033582997 
701 3 28 33 0.033016153 
532 258 42 53 0.03249416 
182 0 10 10 0.032348488 
956 0 12 11 0.031831507 
246 84 23 31 0.030952414 
755 35 12 15 0.030874755 
275 61 17 23 0.030347507 
723 6 16 22 0.029815072 
298 1 18 18 0.02966137 
797 38 11 14 0.029422801 
153 194 46 58 0.02934231 
999 129 23 39 0.029055528 
806 2 12 16 0.028295467 
249 108 39 53 0.027890876 
949 23 9 11 0.027380208 
974 0 9 9 0.027064877 
221 66 25 33 0.027018502 
463 0 18 18 0.02655594 
103 1 30 28 0.026248768 
327 228 11 12 0.025873426 
749 175 24 30 0.025200456 
267 87 24 32 0.025095206 
253 131 11 15 0.024814585 
656 -1 29 33 0.024274416 
795 42 14 19 0.023368718 
738 5 15 18 0.023256475 
325 87 15 21 0.0228439 
828 45 12 15 0.022815779 
245 97 15 20 0.022747824 
270 66 23 32 0.022698065 
557 160 22 32 0.022525782 
37 25 12 14 0.02247405 
298 85 22 27 0.022379825 
249 82 37 47 0.022347039 
327 76 21 33 0.022234848 
274 207 7 9 0.022217466 
967 14 12 16 0.022172479 
933 39 8 12 0.02211604 
229 53 14 18 0.021856287 
23 0 16 18 0.021752989 
765 8 15 19 0.021745011 
326 240 12 14 0.021488246 
139 155 11 16 0.021374803 
748 45 14 19 0.02127617 
840 23 10 12 0.021249114 
508 3 31 34 0.021128565 
333 1 11 11 0.021069724 
668 0 21 21 0.02077795 
271 58 14 20 0.02071384 
749 4 13 15 0.020544842 
766 241 10 15 0.020399062 
254 78 14 17 0.02000509 
