10_People_Marching_People_Marching_2_404
415
605 231 26 31 0.99153626 
388 297 13 17 0.88467425 
271 263 22 27 0.8729807 
199 230 22 29 0.8522064 
39 263 22 26 0.8482122 
157 295 16 19 0.7955323 
925 242 24 29 0.7393033 
340 278 13 17 0.7017004 
841 284 15 19 0.67405576 
822 264 9 12 0.37436095 
381 280 9 11 0.3037736 
414 305 7 10 0.25709367 
784 297 8 10 0.25673628 
158 233 13 17 0.2526174 
454 295 8 10 0.20922416 
1011 270 13 21 0.18923214 
164 219 14 17 0.18323132 
375 284 11 14 0.1682293 
103 265 21 27 0.15685485 
818 264 9 12 0.15619902 
936 247 16 21 0.1526492 
415 308 8 11 0.14858235 
919 242 16 20 0.14700988 
366 291 13 16 0.13654643 
158 207 10 11 0.1361557 
784 281 7 10 0.13154152 
319 270 13 17 0.127139 
956 222 13 15 0.12402317 
409 303 9 11 0.12232643 
106 292 16 20 0.11909618 
613 184 14 18 0.1182402 
162 226 16 20 0.11172065 
821 286 9 12 0.10714918 
432 262 8 10 0.09958647 
455 270 7 9 0.099447325 
761 286 9 10 0.09915364 
910 243 11 15 0.09828227 
769 256 7 9 0.09663578 
871 258 11 14 0.096058324 
449 295 8 10 0.09468554 
829 268 10 13 0.09449329 
808 254 8 9 0.09377209 
790 285 8 10 0.09278527 
454 264 8 10 0.09230197 
888 244 10 13 0.0906587 
697 280 8 11 0.08846595 
901 240 11 16 0.08818726 
439 264 8 10 0.086114846 
106 277 17 22 0.08325266 
799 233 7 8 0.082200095 
439 326 10 12 0.08135122 
817 248 8 10 0.07936696 
455 288 7 9 0.079170585 
439 311 7 9 0.0789637 
743 296 8 10 0.078563884 
402 262 8 11 0.078014866 
471 287 8 9 0.07678539 
431 300 8 11 0.07646596 
522 195 12 15 0.07622412 
141 292 14 19 0.07535454 
263 231 11 15 0.07501038 
115 268 12 18 0.0739704 
422 293 11 14 0.073898114 
895 230 19 26 0.07314349 
841 232 8 10 0.07116784 
12 470 39 40 0.0697738 
409 308 10 11 0.06846021 
822 248 8 9 0.06825491 
422 288 9 12 0.0669356 
504 264 6 8 0.066590585 
472 295 7 9 0.06549656 
732 286 9 12 0.06530222 
497 263 7 9 0.060461883 
480 272 8 10 0.060348567 
489 305 7 8 0.060320668 
273 206 22 28 0.059805755 
470 271 8 10 0.059571292 
687 240 9 10 0.05916948 
670 268 12 16 0.056845978 
977 242 11 16 0.056776997 
983 237 11 14 0.05665789 
568 246 10 13 0.05653679 
902 205 9 11 0.05627116 
778 280 8 10 0.0562589 
149 291 16 21 0.056117073 
390 279 9 11 0.05549032 
438 302 8 10 0.055097364 
465 271 7 10 0.053974655 
761 293 8 10 0.053534903 
896 237 10 15 0.053420473 
937 233 16 21 0.05169262 
769 240 8 10 0.051088516 
963 227 12 16 0.05057938 
1007 282 11 17 0.050510954 
894 191 8 9 0.049990345 
778 214 8 10 0.049665485 
760 229 8 11 0.049602192 
801 238 8 9 0.049425267 
712 294 8 11 0.048658974 
672 246 10 13 0.048478734 
750 271 9 11 0.04847659 
786 254 8 10 0.0483694 
490 310 7 10 0.04836222 
271 252 21 25 0.04799807 
735 294 9 11 0.0477878 
267 234 12 15 0.047295954 
901 228 12 17 0.0471718 
744 288 7 9 0.04712524 
711 279 7 9 0.046926707 
855 255 8 11 0.04654846 
424 299 10 12 0.046500634 
880 212 10 11 0.046467073 
425 247 7 10 0.046189975 
958 234 13 17 0.04591578 
753 209 7 10 0.04546731 
471 280 7 9 0.045366656 
417 262 8 10 0.04504225 
419 288 8 10 0.04476137 
423 271 7 10 0.044743724 
306 243 14 19 0.044596583 
248 212 10 12 0.04459297 
341 271 12 16 0.04297228 
768 270 8 11 0.042953894 
448 268 8 10 0.04284213 
697 293 7 10 0.042817507 
394 295 11 14 0.042716373 
418 294 8 11 0.04267119 
464 313 8 9 0.04256529 
526 229 8 10 0.042436346 
849 269 8 11 0.04240977 
391 286 10 13 0.04214731 
360 277 10 13 0.041532658 
0 225 35 60 0.041231252 
440 319 9 10 0.04105916 
877 259 10 13 0.04105242 
494 255 7 9 0.041041754 
439 296 7 11 0.041037705 
791 281 8 10 0.04024843 
761 248 7 10 0.039987076 
430 256 8 10 0.039784245 
841 281 11 13 0.039567906 
750 247 7 10 0.039527357 
729 279 8 10 0.039348263 
365 270 9 12 0.03898713 
794 232 6 8 0.038843323 
449 287 8 10 0.038842913 
778 295 9 11 0.038749542 
256 243 10 13 0.038608756 
966 262 10 13 0.038514636 
829 264 8 11 0.038500402 
434 270 8 10 0.038169134 
365 278 11 14 0.037858643 
903 200 9 11 0.037828557 
736 300 8 11 0.03772807 
439 269 8 10 0.037556205 
677 251 11 13 0.037399076 
886 263 9 13 0.037143964 
979 205 16 20 0.03713434 
472 311 8 10 0.037090857 
846 237 9 10 0.037081026 
51 491 37 48 0.03703806 
384 255 9 11 0.03700308 
824 255 8 10 0.036630936 
423 261 9 11 0.03616501 
479 303 7 10 0.036162216 
973 284 11 14 0.036116738 
774 244 7 10 0.036049426 
496 311 8 10 0.035917237 
700 184 9 10 0.035812974 
973 230 11 15 0.03555864 
788 295 9 11 0.035491772 
353 230 9 11 0.035459023 
904 223 11 12 0.035381496 
415 248 7 9 0.03528271 
1005 289 14 20 0.03509545 
271 210 14 18 0.035056185 
464 295 8 10 0.03497436 
100 247 17 19 0.03474057 
465 286 6 9 0.03460512 
837 268 9 11 0.034330595 
909 250 11 17 0.03424682 
680 287 8 10 0.03422584 
793 222 8 10 0.03412189 
806 238 7 9 0.03410418 
816 240 7 9 0.033960246 
785 248 7 9 0.033824477 
845 233 8 10 0.033819485 
768 246 7 10 0.03376025 
789 254 9 12 0.033710137 
308 239 11 14 0.033622555 
448 302 8 10 0.033591814 
676 269 11 14 0.033475943 
702 280 7 10 0.033410523 
345 261 10 13 0.033342063 
873 199 8 10 0.033172645 
159 209 13 17 0.033115156 
703 285 10 14 0.03307348 
361 292 12 15 0.033037946 
430 247 8 10 0.033029668 
256 236 11 15 0.032929778 
743 230 8 10 0.032884087 
745 277 8 11 0.03251546 
694 240 8 9 0.032419052 
425 255 8 10 0.03238989 
687 270 8 11 0.03222285 
572 181 9 11 0.032189943 
967 254 9 11 0.03206896 
788 300 10 11 0.032058153 
496 305 7 9 0.032009687 
759 208 7 10 0.031959876 
765 279 9 11 0.031846516 
440 286 8 10 0.03162905 
164 207 10 13 0.031360842 
11 355 14 18 0.031279746 
808 248 7 10 0.031228423 
502 312 7 9 0.030921701 
898 206 9 11 0.03077579 
574 206 11 14 0.030773005 
181 327 13 17 0.030717002 
255 228 11 15 0.030705642 
785 262 8 10 0.030415632 
694 256 10 12 0.030189056 
482 246 7 9 0.030182762 
270 244 13 17 0.030148668 
988 219 12 15 0.030107507 
821 275 11 13 0.03009573 
264 220 21 29 0.03001569 
240 223 10 13 0.029923905 
866 245 8 11 0.029885905 
983 262 10 13 0.029832985 
885 277 9 12 0.029732335 
464 318 7 9 0.029577684 
953 216 9 13 0.029472848 
407 331 10 13 0.029382495 
416 256 7 9 0.02938017 
636 251 13 17 0.029016148 
906 234 20 28 0.029000185 
884 207 10 12 0.02898189 
481 264 7 8 0.028977927 
881 279 8 10 0.02890766 
447 311 7 9 0.02874421 
872 267 10 12 0.028717352 
390 261 8 10 0.028681224 
761 254 7 9 0.028668912 
888 267 10 14 0.028657494 
792 238 8 10 0.028600309 
434 310 8 10 0.028409973 
270 217 13 18 0.028388046 
861 271 9 10 0.02832016 
383 272 10 12 0.028261373 
778 285 8 10 0.028238822 
687 254 10 13 0.028066775 
987 230 13 17 0.027970077 
400 268 9 10 0.027735986 
750 302 7 9 0.027566979 
890 191 8 9 0.027453382 
21 249 29 36 0.027411895 
728 223 7 9 0.0273823 
262 272 14 18 0.027360382 
719 277 7 9 0.02734103 
717 295 8 10 0.027318664 
490 254 7 10 0.027270138 
818 259 19 23 0.027194448 
790 197 10 13 0.027184807 
766 224 7 10 0.026970757 
689 261 8 10 0.026840853 
527 280 9 11 0.026816847 
482 240 7 9 0.02668447 
864 216 8 11 0.026659498 
809 261 8 11 0.026639223 
27 309 16 22 0.02661799 
464 279 8 11 0.026571693 
599 233 16 21 0.026448518 
936 231 12 13 0.026429063 
367 239 9 11 0.026378782 
854 270 9 10 0.026111633 
778 300 9 12 0.026065253 
242 285 18 25 0.02603857 
372 301 10 12 0.025993356 
264 256 21 27 0.025968451 
457 247 8 10 0.02587383 
361 264 9 11 0.02582713 
750 295 8 10 0.025822489 
823 189 10 12 0.025692996 
733 280 8 10 0.025633292 
980 197 12 14 0.025633276 
847 264 8 10 0.025626663 
760 192 7 9 0.025557945 
472 301 8 10 0.025475128 
448 279 8 10 0.025369225 
542 181 12 15 0.025286138 
775 262 7 9 0.02509248 
407 295 9 12 0.025088906 
746 247 8 10 0.025056418 
455 311 8 10 0.025008569 
974 275 13 18 0.024919 
374 309 9 11 0.024896055 
877 199 9 10 0.024893763 
376 272 8 10 0.024877453 
773 256 8 9 0.02484699 
718 302 7 10 0.024652528 
950 235 12 16 0.02458099 
798 301 8 10 0.024577921 
343 301 10 13 0.024549691 
326 293 9 11 0.02454908 
369 279 18 23 0.024513451 
746 253 7 10 0.024471434 
282 206 16 19 0.024321148 
478 288 7 9 0.02430962 
100 258 18 22 0.024204379 
774 270 9 11 0.024190608 
69 275 14 16 0.024048774 
319 279 13 17 0.024030933 
663 213 8 11 0.02396817 
695 215 10 12 0.023964597 
823 205 9 11 0.023924816 
135 296 14 17 0.023922255 
409 248 8 9 0.023851695 
31 272 14 18 0.023824992 
325 282 13 17 0.02358215 
536 303 7 10 0.02337168 
488 264 7 8 0.023328455 
183 261 12 16 0.02329265 
1001 263 23 31 0.023291761 
853 238 8 11 0.023287505 
360 284 11 14 0.023267964 
418 269 8 11 0.023261938 
801 245 9 10 0.023235777 
730 291 9 12 0.023173664 
744 271 9 12 0.023166822 
209 231 21 28 0.02312389 
829 222 9 10 0.023039786 
866 239 7 10 0.022997472 
790 246 8 11 0.02296455 
920 207 9 11 0.022886204 
737 264 6 9 0.022843303 
478 296 8 9 0.022803523 
165 229 20 26 0.022761596 
829 247 8 10 0.022696573 
768 261 8 9 0.022689197 
1012 263 12 18 0.022676323 
519 246 9 10 0.02257694 
559 183 8 11 0.022517364 
327 300 9 12 0.022487853 
391 233 7 9 0.022456614 
709 286 9 12 0.022433542 
791 261 8 11 0.022175437 
465 264 7 10 0.022141075 
440 255 7 10 0.02209734 
981 383 21 27 0.022095112 
695 270 8 10 0.022077348 
574 220 11 13 0.021947762 
665 262 19 26 0.021946464 
953 228 11 14 0.021884395 
781 206 8 12 0.021834098 
979 283 13 17 0.02179056 
510 264 8 10 0.021667056 
728 272 7 9 0.021650162 
655 297 10 12 0.021603487 
175 329 14 18 0.021591738 
955 219 21 26 0.021584144 
485 270 8 11 0.021546938 
302 223 10 13 0.02153111 
456 278 9 12 0.021421706 
689 198 8 10 0.021386046 
864 262 8 10 0.021347448 
529 304 7 9 0.021271126 
487 247 7 9 0.0212667 
520 239 8 10 0.021255778 
406 268 9 11 0.021170065 
981 225 22 28 0.021148238 
945 230 20 28 0.02114584 
261 260 13 18 0.021134079 
864 191 7 10 0.02108956 
260 242 12 15 0.021061813 
870 238 9 11 0.020983372 
122 267 13 18 0.020946408 
679 229 8 11 0.020899285 
533 285 8 11 0.020838289 
817 276 9 11 0.02083421 
309 311 10 14 0.020805005 
366 263 9 10 0.02079739 
941 206 11 13 0.020761723 
880 247 9 11 0.02073966 
254 333 12 16 0.020716857 
775 309 9 11 0.020671014 
543 303 8 10 0.02066052 
522 229 8 11 0.020657131 
761 238 7 9 0.02063053 
736 230 8 10 0.02062109 
752 253 7 9 0.020577632 
96 275 13 16 0.020540219 
851 283 12 16 0.020540053 
22 322 12 16 0.020527696 
328 216 8 10 0.02045278 
878 285 9 12 0.020400435 
265 206 9 13 0.020383185 
422 318 7 10 0.020338662 
753 264 8 10 0.020324506 
987 241 14 17 0.020303389 
873 286 8 11 0.020281335 
750 277 8 11 0.0202687 
345 282 11 15 0.020234395 
276 280 24 29 0.02023066 
736 223 7 10 0.020200457 
955 20 12 15 0.020199222 
487 238 7 10 0.02019404 
665 253 9 13 0.020193283 
643 261 11 14 0.020150732 
30 393 10 12 0.020143446 
806 295 8 11 0.020105828 
49 261 23 27 0.020102369 
420 310 9 10 0.020083712 
752 239 6 9 0.02002923 
153 210 10 14 0.020003151 
