10_People_Marching_People_Marching_2_269
535
770 238 24 33 0.996789 
245 207 10 13 0.49678388 
657 193 7 8 0.4129431 
68 221 10 13 0.35641915 
45 282 14 16 0.3525037 
724 199 9 11 0.3142899 
790 224 13 17 0.2685892 
227 222 11 14 0.22905447 
749 195 9 12 0.22184381 
724 183 9 10 0.22155787 
91 266 11 15 0.17921217 
313 240 8 10 0.15755622 
87 219 10 13 0.15127161 
726 217 11 13 0.14708838 
809 219 11 15 0.14679864 
623 234 10 13 0.14440422 
693 183 8 9 0.13995835 
716 230 10 15 0.13674712 
222 197 9 12 0.1344957 
841 214 9 12 0.13390902 
721 189 8 10 0.12980129 
670 286 11 14 0.12856078 
415 208 7 8 0.12803772 
213 234 11 13 0.1273438 
769 166 8 10 0.12621476 
274 213 8 11 0.124798276 
201 221 9 11 0.12303967 
687 191 8 11 0.12249451 
260 268 11 15 0.12106097 
173 236 9 11 0.114835285 
124 231 8 11 0.11314947 
861 178 10 13 0.11198522 
674 199 8 10 0.11175117 
773 191 9 11 0.11114308 
759 181 10 11 0.110637754 
746 192 9 12 0.110225625 
201 215 10 12 0.1084932 
647 215 8 10 0.10669973 
278 214 8 11 0.103166625 
654 216 10 11 0.10209555 
712 185 6 8 0.10089713 
712 264 10 14 0.100327805 
69 302 13 16 0.099924706 
262 220 10 12 0.099241465 
240 209 12 14 0.097887985 
228 212 9 13 0.097751856 
473 215 6 9 0.09602812 
230 206 8 12 0.095857576 
205 208 9 10 0.09477803 
237 284 12 16 0.09388106 
103 213 9 10 0.093231365 
96 198 9 10 0.09140176 
617 192 8 9 0.091261655 
744 213 10 13 0.09126005 
726 286 15 17 0.08943697 
266 197 8 11 0.08812831 
846 176 8 10 0.08673162 
237 199 9 10 0.08541255 
434 209 6 7 0.08534726 
189 216 9 11 0.084215656 
669 269 9 13 0.08386493 
664 238 10 13 0.08367556 
82 206 9 12 0.08261488 
319 245 7 9 0.082234494 
743 206 9 12 0.081313245 
670 191 8 10 0.08008624 
342 197 7 10 0.07926247 
438 214 7 9 0.07911887 
398 201 8 9 0.078289755 
343 193 6 9 0.077884786 
54 232 8 12 0.076728754 
713 190 7 9 0.07657148 
191 222 8 10 0.07632087 
886 197 10 13 0.07629459 
337 200 7 9 0.076101325 
78 231 10 13 0.07546367 
266 192 8 10 0.07532695 
358 207 8 10 0.07527888 
72 236 9 11 0.0741487 
272 208 8 10 0.0736334 
699 245 13 15 0.07294196 
397 379 11 15 0.07251914 
4 236 11 15 0.07236852 
251 206 9 12 0.07169533 
662 191 8 10 0.07140247 
711 223 9 12 0.07095248 
253 252 11 12 0.07085998 
168 193 9 10 0.070575394 
458 207 7 9 0.070371665 
697 214 9 10 0.07012432 
475 208 6 8 0.069180354 
465 230 8 10 0.06896989 
712 228 10 13 0.06858354 
88 237 8 10 0.06768823 
703 228 10 12 0.06733427 
696 196 9 12 0.06570217 
418 233 8 9 0.06535033 
56 254 10 13 0.06531934 
391 184 7 9 0.06457769 
847 190 8 11 0.06456312 
96 203 11 13 0.06455577 
772 196 9 12 0.06318078 
149 230 8 11 0.063104376 
439 209 6 8 0.062700056 
225 206 9 12 0.061959215 
722 289 24 27 0.061661515 
172 214 8 10 0.061497614 
414 215 8 10 0.061193854 
5 222 10 11 0.060879286 
280 199 9 10 0.060856994 
741 312 17 19 0.06044314 
701 214 8 9 0.06023828 
992 350 24 29 0.060201693 
695 191 8 11 0.059922665 
232 197 9 12 0.059682388 
638 192 7 9 0.05950177 
37 236 10 12 0.059136424 
738 174 8 11 0.058881674 
384 201 6 7 0.058457 
234 193 7 10 0.05843183 
417 249 8 10 0.05827172 
742 175 8 11 0.058090176 
725 177 8 10 0.057244755 
313 214 9 11 0.056838322 
687 196 9 11 0.05681869 
152 207 9 11 0.05658398 
189 197 9 11 0.05620093 
695 221 9 12 0.05592057 
82 212 9 12 0.055761196 
616 197 8 10 0.055639956 
432 250 8 10 0.0550306 
609 222 8 10 0.0546689 
80 221 9 11 0.054354277 
832 182 9 11 0.054352265 
136 255 8 10 0.05433097 
89 246 8 11 0.054208677 
144 230 9 10 0.05412314 
701 198 7 10 0.053563066 
743 219 9 12 0.053424187 
143 215 8 10 0.053260233 
720 215 9 12 0.052568726 
270 191 8 10 0.052560396 
75 300 11 15 0.051356833 
808 202 12 16 0.05060708 
633 192 7 9 0.050478254 
719 221 9 13 0.050311927 
464 224 9 11 0.050141823 
622 192 8 10 0.05001332 
57 213 9 11 0.04990177 
601 240 8 11 0.04963783 
251 190 8 10 0.049249567 
690 175 7 10 0.049237367 
185 223 8 10 0.04900948 
185 248 9 11 0.04884002 
640 222 10 12 0.048792485 
64 215 9 11 0.048776276 
741 242 11 15 0.048659958 
440 198 6 8 0.048575215 
281 230 9 11 0.04855276 
728 298 21 25 0.04821931 
254 184 7 11 0.04810781 
821 222 10 13 0.04770809 
128 254 7 10 0.047105305 
809 197 10 12 0.047035694 
113 198 8 10 0.04690107 
874 201 8 11 0.046820384 
601 193 7 9 0.046801522 
826 465 30 28 0.046714768 
683 265 22 27 0.046492282 
812 225 12 16 0.04642448 
143 224 8 11 0.04629691 
698 167 7 10 0.046161238 
838 219 11 14 0.04610555 
424 193 8 9 0.045992583 
410 190 7 10 0.045970246 
549 245 9 12 0.045542955 
709 301 12 17 0.04521165 
457 200 8 9 0.044902924 
0 242 11 19 0.044429604 
704 223 8 12 0.044313148 
808 192 9 10 0.04396887 
599 223 7 9 0.04389001 
633 207 7 10 0.043674026 
237 192 7 10 0.043182656 
703 167 8 11 0.04287578 
304 248 8 10 0.04286601 
670 184 7 10 0.04284177 
334 207 8 10 0.042406432 
1010 395 14 23 0.041881293 
593 223 8 10 0.0418671 
201 312 21 28 0.04182043 
565 245 9 11 0.041745376 
253 212 9 11 0.04173746 
331 208 7 9 0.041443933 
606 199 8 10 0.04142697 
70 227 10 14 0.041395452 
478 206 8 10 0.04087528 
95 214 9 11 0.040797677 
967 182 10 12 0.04079098 
433 215 7 8 0.040762853 
453 229 9 12 0.040651448 
287 222 8 10 0.04059256 
199 317 13 20 0.040487465 
479 215 7 9 0.040369574 
101 230 10 12 0.039808176 
424 222 7 9 0.03926835 
471 263 11 14 0.03922873 
740 300 16 19 0.039162897 
879 199 9 12 0.03902622 
584 183 8 10 0.03875453 
472 247 9 11 0.038740136 
438 239 8 10 0.038659994 
752 182 9 10 0.0386333 
736 206 10 11 0.038597625 
785 183 8 10 0.038538497 
842 209 8 11 0.03836618 
248 201 10 11 0.0382253 
191 230 8 10 0.038202494 
314 199 6 8 0.038154583 
616 230 11 14 0.037830442 
782 189 9 12 0.037775986 
230 283 15 19 0.037597496 
280 220 9 11 0.037369937 
266 204 8 10 0.03717633 
816 177 9 11 0.036941282 
725 158 9 12 0.036889963 
102 207 10 11 0.03671951 
96 191 9 10 0.036607258 
253 199 9 10 0.036511626 
138 224 8 11 0.03650282 
175 208 8 11 0.03648168 
847 182 8 11 0.03639248 
452 221 11 13 0.03636487 
152 253 9 11 0.036250878 
416 254 10 11 0.03614913 
184 199 9 11 0.035874974 
62 299 15 20 0.035865072 
423 199 8 9 0.035786543 
158 224 8 10 0.03556554 
671 214 9 11 0.035378475 
647 200 7 9 0.035167247 
424 217 8 9 0.035006393 
454 215 10 11 0.034963865 
239 218 12 15 0.034935974 
458 262 10 12 0.03479366 
943 182 8 10 0.034748886 
495 205 7 9 0.034701996 
93 221 10 13 0.0346557 
643 215 7 10 0.034329735 
63 282 11 15 0.0342658 
48 235 9 13 0.03425129 
947 196 9 12 0.03404796 
762 326 16 18 0.033999693 
617 262 10 14 0.03398094 
966 176 9 11 0.03391402 
124 236 8 12 0.033907976 
688 205 8 11 0.033907134 
792 183 8 10 0.033828415 
216 214 9 11 0.033681277 
238 152 9 12 0.033595897 
1 215 9 13 0.033547606 
224 226 10 13 0.03330414 
634 197 7 10 0.033280216 
56 248 9 11 0.033193897 
416 200 8 9 0.033129103 
662 198 8 10 0.03301425 
398 253 7 9 0.03297056 
712 207 9 11 0.032955863 
487 256 10 13 0.032920834 
175 222 8 10 0.032872215 
655 205 9 11 0.032710336 
397 223 7 11 0.032697197 
90 274 14 18 0.032681156 
413 191 9 10 0.03264668 
607 193 7 9 0.032469768 
654 219 13 16 0.03244377 
49 277 14 17 0.032431047 
734 237 13 17 0.03239111 
721 203 9 12 0.032363106 
157 238 9 11 0.03198204 
378 200 6 7 0.031898893 
244 260 11 15 0.031845637 
392 228 8 10 0.03177658 
230 305 12 15 0.031661145 
701 207 9 12 0.031494845 
646 228 11 14 0.03148258 
151 225 9 11 0.031463046 
822 215 8 11 0.03140562 
582 254 9 12 0.03119067 
639 198 8 10 0.031187199 
520 250 14 17 0.03117943 
928 250 11 13 0.031085914 
418 236 9 11 0.03096926 
432 193 6 8 0.03095235 
728 261 9 13 0.030909758 
313 208 8 8 0.030854104 
181 276 13 17 0.030759692 
70 283 11 15 0.030713612 
545 246 9 12 0.030673789 
452 53 214 250 0.030588342 
584 235 9 11 0.030508412 
613 218 11 15 0.030483067 
610 216 8 12 0.030480064 
839 191 8 10 0.030447064 
354 208 7 8 0.030433454 
956 242 10 12 0.030343411 
804 208 19 24 0.03030823 
287 216 8 10 0.030232796 
190 191 8 10 0.03008432 
12 269 15 19 0.03003941 
440 193 7 8 0.029954912 
757 205 10 11 0.029910145 
359 213 7 9 0.029765949 
368 215 8 9 0.029757485 
560 246 9 11 0.029610852 
698 241 9 12 0.029337272 
81 200 8 10 0.029275324 
303 207 7 9 0.029217042 
359 200 8 9 0.029120779 
286 199 8 11 0.029034996 
168 209 9 12 0.029008351 
1013 319 12 19 0.02899965 
838 196 8 11 0.028983433 
273 185 7 9 0.028893068 
13 215 9 11 0.028538233 
279 208 8 11 0.028498411 
600 229 8 10 0.028315615 
738 167 8 10 0.028298343 
486 221 7 9 0.0282501 
290 245 8 10 0.028249066 
522 242 14 17 0.02822499 
335 185 7 8 0.028172323 
355 231 6 9 0.028171655 
449 253 8 9 0.02811751 
12 235 11 14 0.028096871 
566 240 8 10 0.028067106 
41 216 9 11 0.028010363 
609 214 20 27 0.028009992 
453 237 9 9 0.02794335 
615 205 9 11 0.027895853 
474 200 6 8 0.027886689 
254 259 14 18 0.027840331 
158 255 8 11 0.027827198 
9 272 24 30 0.027826453 
353 215 7 8 0.027808936 
431 223 7 8 0.027554778 
0 230 18 27 0.0275084 
385 208 6 8 0.027498934 
784 196 8 13 0.027467506 
762 469 15 20 0.027466783 
649 192 6 8 0.027429244 
734 221 9 12 0.027366383 
646 221 10 13 0.027359683 
238 255 12 14 0.027339743 
391 190 7 9 0.027281538 
715 298 22 27 0.027195295 
376 247 8 10 0.027152574 
742 229 10 14 0.027130416 
799 184 7 9 0.027031401 
837 149 14 16 0.02694742 
338 192 8 9 0.02693983 
763 461 13 15 0.0269376 
568 216 8 10 0.026891958 
796 222 12 14 0.026889088 
156 207 11 12 0.026884759 
694 175 7 10 0.026839312 
207 229 12 15 0.026798671 
289 238 8 10 0.026756747 
22 238 10 12 0.026729848 
632 221 9 12 0.026655128 
385 183 8 9 0.026646247 
967 189 10 13 0.026549071 
712 197 8 11 0.026533505 
103 247 8 10 0.026504803 
487 216 7 8 0.026470948 
503 198 8 11 0.02634531 
833 227 10 14 0.026338056 
688 213 8 11 0.026237326 
798 190 9 11 0.026231514 
949 294 8 11 0.026217889 
620 219 12 15 0.026169986 
278 184 7 9 0.026053324 
410 207 7 9 0.02582579 
809 177 9 10 0.02576488 
394 200 7 10 0.025684975 
268 268 12 17 0.025605561 
744 182 8 10 0.025506955 
713 213 8 10 0.025414221 
448 248 8 11 0.025270052 
286 204 10 12 0.025178468 
709 246 9 13 0.025170967 
319 199 7 9 0.025161805 
765 181 9 11 0.025063757 
669 276 11 15 0.025022225 
422 233 7 9 0.02500286 
96 238 8 10 0.024984477 
888 176 9 9 0.02496731 
82 175 8 11 0.024953756 
286 231 9 11 0.02492151 
703 261 11 14 0.024876734 
86 296 16 18 0.024859384 
734 327 15 19 0.024846882 
735 230 10 13 0.024825303 
455 255 9 9 0.024798136 
680 231 8 11 0.024752364 
602 198 7 11 0.024741106 
791 196 9 13 0.024740592 
432 232 7 8 0.024721771 
347 215 6 9 0.02472083 
368 192 7 8 0.024718039 
808 184 7 9 0.024681197 
615 226 21 28 0.024644783 
97 231 9 12 0.024404397 
667 262 10 13 0.024386045 
748 214 10 13 0.024306385 
141 228 19 25 0.02423211 
369 222 8 10 0.024228366 
295 230 9 11 0.024224421 
463 256 9 11 0.024171414 
410 184 8 10 0.024164936 
726 279 14 17 0.024057224 
447 191 7 8 0.024035074 
441 185 7 9 0.023949325 
879 181 8 9 0.023940945 
621 256 11 15 0.023901332 
736 181 8 10 0.023851275 
750 202 11 13 0.023751685 
83 214 20 24 0.0237329 
89 284 12 15 0.023712918 
605 239 8 12 0.023692692 
211 318 18 21 0.023562487 
381 247 8 10 0.023515265 
117 197 8 10 0.023411842 
144 233 10 14 0.02337177 
739 323 15 17 0.023303796 
825 474 14 16 0.023281334 
112 193 8 9 0.023208186 
146 246 8 12 0.0231467 
30 214 8 11 0.023091834 
879 176 7 9 0.023077907 
241 203 18 22 0.023073385 
149 234 11 15 0.022958884 
664 150 8 9 0.022944173 
667 243 11 13 0.022907397 
86 229 10 14 0.022903692 
830 165 8 10 0.022881107 
46 205 8 10 0.022844128 
129 248 6 9 0.022818834 
422 247 8 10 0.022791272 
295 247 8 10 0.022786137 
263 282 13 17 0.022755709 
581 215 8 10 0.022748925 
714 260 13 16 0.022717793 
91 305 16 18 0.022712149 
157 229 9 11 0.022621525 
100 188 10 11 0.022565242 
294 223 9 11 0.022529742 
716 215 18 25 0.022482915 
718 192 19 23 0.022480644 
375 207 7 9 0.022460708 
575 232 8 10 0.022446513 
664 253 10 13 0.0223809 
527 214 8 10 0.022261908 
932 247 10 13 0.022223627 
599 206 8 11 0.022195527 
94 247 8 10 0.022188231 
455 192 6 8 0.022183698 
812 192 10 12 0.022183204 
330 200 6 8 0.022140693 
665 185 8 10 0.022102801 
469 231 9 10 0.022019867 
293 238 9 11 0.021962475 
775 407 12 14 0.02192185 
686 238 9 12 0.021862842 
779 447 17 19 0.021848407 
660 229 12 14 0.021785429 
678 215 8 11 0.021755045 
170 237 8 11 0.02175297 
51 315 25 36 0.021739576 
23 231 9 11 0.021687465 
598 214 7 11 0.021647677 
368 208 8 9 0.021600597 
560 207 7 10 0.021582281 
470 222 8 10 0.021567183 
480 221 8 9 0.021550903 
320 192 8 10 0.021548122 
489 207 7 8 0.021519931 
199 200 20 25 0.021519473 
279 191 7 10 0.02147797 
559 199 7 8 0.021392923 
670 172 9 11 0.021301135 
521 198 8 10 0.021252971 
108 213 9 11 0.021197919 
101 235 9 12 0.021190785 
942 239 10 13 0.021178722 
302 230 7 10 0.021176618 
192 183 8 10 0.021173937 
784 205 9 12 0.021146536 
561 232 8 10 0.021123614 
108 222 10 11 0.021114772 
44 220 10 11 0.021081448 
789 205 9 11 0.020993749 
838 183 8 11 0.020989474 
495 275 12 16 0.020985255 
681 191 8 10 0.020929564 
946 191 9 12 0.020919804 
100 199 10 11 0.020897614 
312 218 9 13 0.020770192 
70 196 10 13 0.020745464 
75 285 14 15 0.02072058 
118 193 7 9 0.020712832 
661 214 11 14 0.020651957 
385 214 7 8 0.020632967 
677 204 8 10 0.02061492 
144 208 9 11 0.020603998 
735 191 8 9 0.020596731 
550 100 61 65 0.02054231 
438 247 8 10 0.020494824 
45 282 22 28 0.02046955 
256 267 21 26 0.02042051 
726 164 8 10 0.020405084 
110 206 10 11 0.020389283 
280 245 9 11 0.020358402 
704 184 7 9 0.02034863 
45 297 15 19 0.020334737 
433 199 6 8 0.02033157 
328 192 7 9 0.020293362 
735 199 9 10 0.020259356 
250 247 9 12 0.020221457 
558 107 36 41 0.020082848 
102 222 10 12 0.020066256 
85 200 10 11 0.020056352 
734 92 202 234 0.02004487 
-1 278 10 17 0.020021139 
709 175 8 9 0.02000011 
