10_People_Marching_People_Marching_2_191
173
746 324 20 27 0.9725654 
515 315 16 28 0.9687396 
844 316 26 29 0.963111 
656 317 25 28 0.9619486 
315 300 16 21 0.95542866 
336 308 17 24 0.9358126 
329 237 14 18 0.92885834 
384 320 19 21 0.9082877 
243 309 18 25 0.85796493 
82 294 16 20 0.849505 
454 322 15 22 0.84104484 
189 314 18 21 0.83421093 
967 346 23 27 0.8310127 
93 315 17 21 0.8197942 
823 321 23 27 0.79106957 
379 240 12 15 0.74486184 
18 297 22 26 0.69309616 
484 328 16 20 0.5998377 
988 458 21 31 0.5150192 
137 309 12 16 0.45366594 
147 299 13 18 0.36335668 
1010 473 15 30 0.3041366 
365 312 12 17 0.2949193 
644 305 29 36 0.26362944 
254 291 17 20 0.2531424 
497 330 14 18 0.25297612 
300 315 16 18 0.20613615 
137 340 11 13 0.18583642 
975 349 23 29 0.18533985 
939 455 16 23 0.15283236 
833 315 25 30 0.1371588 
459 317 15 20 0.13567536 
183 315 16 20 0.13532694 
997 462 22 35 0.13160302 
170 297 15 19 0.13110334 
734 313 16 21 0.100759275 
239 318 14 20 0.0898076 
511 309 14 20 0.08826967 
89 297 14 17 0.08325687 
57 393 13 15 0.08028315 
176 322 12 16 0.073893756 
232 308 11 16 0.06622006 
125 301 10 13 0.06584854 
463 452 39 47 0.06381092 
333 301 16 22 0.06199676 
64 291 13 19 0.06191245 
1006 310 9 12 0.057954136 
462 311 14 16 0.057587292 
633 301 27 36 0.05751452 
366 283 10 13 0.057305332 
218 356 12 15 0.056854624 
936 451 14 20 0.056298025 
566 343 12 14 0.050449237 
68 288 19 26 0.05032069 
917 408 12 17 0.04908944 
458 324 20 25 0.04732522 
16 341 9 11 0.04685736 
404 476 20 30 0.046095718 
145 296 10 15 0.04497239 
372 278 11 13 0.044713672 
362 285 9 12 0.044370674 
777 312 22 28 0.044041287 
697 371 15 18 0.04389904 
259 347 23 27 0.043160494 
13 387 10 13 0.04290986 
364 305 21 27 0.042769745 
522 478 28 39 0.042547014 
249 316 17 20 0.04242666 
19 310 16 19 0.0422289 
792 470 27 36 0.04219756 
99 311 13 18 0.041406196 
1012 205 9 15 0.041132536 
275 318 13 15 0.040821068 
34 296 13 19 0.04015213 
5 309 12 16 0.038726665 
960 478 18 28 0.03838903 
65 287 10 14 0.037424505 
1007 203 10 14 0.03689579 
161 485 12 15 0.036071423 
10 290 21 30 0.035381146 
482 455 23 34 0.03501458 
394 327 13 19 0.034610964 
899 451 15 19 0.034504015 
363 301 15 19 0.034469604 
134 298 19 26 0.03446564 
385 242 12 15 0.03380263 
41 396 11 14 0.033657886 
201 314 13 18 0.03321137 
25 292 18 22 0.033042986 
174 341 11 13 0.03278947 
500 322 19 25 0.03191136 
955 423 11 13 0.031808328 
178 297 15 19 0.03177388 
114 421 9 13 0.031462334 
491 327 15 20 0.030942427 
288 285 12 15 0.030821567 
681 30 9 11 0.030151129 
522 309 17 23 0.03010301 
237 302 14 18 0.029966615 
38 285 10 14 0.029669624 
625 295 10 13 0.029534914 
175 332 11 14 0.02951555 
231 330 11 16 0.029340778 
153 298 15 19 0.029135132 
726 372 13 17 0.029101457 
232 312 13 21 0.0290703 
480 325 14 19 0.028929159 
364 294 13 16 0.028720384 
175 286 12 15 0.028671188 
109 334 9 12 0.028479341 
80 338 11 14 0.028393283 
255 347 14 17 0.028251525 
559 341 13 16 0.028216802 
108 339 11 13 0.028145544 
361 279 10 12 0.028123926 
622 295 23 30 0.027959233 
0 332 9 15 0.027467424 
321 303 16 20 0.027319677 
832 302 41 51 0.027233204 
812 313 27 32 0.027186392 
250 300 22 26 0.027125582 
103 340 11 14 0.027106557 
139 344 12 15 0.02708465 
485 321 10 13 0.026892375 
79 305 13 18 0.026805967 
721 28 9 11 0.02639357 
80 315 12 17 0.026017519 
344 300 17 21 0.025765767 
332 292 16 22 0.025632903 
373 311 19 25 0.025628636 
126 306 12 16 0.02522115 
182 330 11 14 0.024910007 
168 324 9 14 0.024856826 
220 445 14 16 0.024726832 
514 302 16 20 0.024468416 
458 460 24 34 0.02442409 
325 305 20 27 0.024376653 
531 301 14 16 0.024248915 
387 311 15 19 0.0242462 
854 323 22 26 0.02399308 
590 369 16 19 0.023865396 
939 445 14 20 0.023561362 
308 319 12 17 0.023456374 
431 423 28 39 0.023321688 
930 518 13 16 0.02326883 
44 390 11 16 0.02326251 
5 300 22 31 0.023112647 
588 379 17 21 0.02294546 
960 341 39 47 0.02292676 
269 369 14 18 0.022806175 
180 298 22 27 0.02233968 
799 347 14 17 0.022137452 
393 317 15 20 0.022067398 
248 286 11 14 0.021992946 
14 311 14 20 0.021913601 
80 349 10 14 0.021573208 
50 355 14 18 0.021414438 
248 292 12 17 0.021284353 
5 374 16 22 0.021057872 
7 296 14 20 0.021048114 
476 309 9 13 0.021030229 
800 301 12 15 0.020927796 
1004 369 13 16 0.020799149 
985 348 26 34 0.020567477 
180 339 11 14 0.020550676 
246 493 10 12 0.020499127 
665 176 8 11 0.020237328 
819 332 18 22 0.020193974 
122 295 22 26 0.020130651 
86 356 9 12 0.020120936 
440 364 10 13 0.020077623 
518 35 11 15 0.020044018 
528 306 18 21 0.020040832 
