10_People_Marching_People_Marching_2_944
85
247 512 37 42 0.99371594 
483 452 33 40 0.9932238 
607 455 44 51 0.98521096 
55 450 38 55 0.84425753 
130 483 31 34 0.6899519 
110 415 43 58 0.6069415 
235 468 26 32 0.54535186 
290 485 31 40 0.52127236 
209 538 31 44 0.37875646 
577 439 28 38 0.14900935 
171 503 18 25 0.13704665 
680 273 44 59 0.118058145 
651 445 29 38 0.07597586 
11 456 41 65 0.06847989 
72 562 27 36 0.06410891 
132 28 15 19 0.062024217 
38 459 30 43 0.06157329 
27 145 31 37 0.06078138 
65 531 18 22 0.05896291 
259 449 23 28 0.05627147 
261 421 24 31 0.050841 
57 -47 396 503 0.05056041 
3 837 23 33 0.050024558 
650 395 17 18 0.04865017 
153 494 25 33 0.044970255 
493 394 17 23 0.04032488 
544 459 38 55 0.03978972 
259 434 27 34 0.039748732 
399 599 377 480 0.03943448 
666 642 34 32 0.038085986 
459 387 28 39 0.037213005 
714 402 18 23 0.036977276 
0 413 27 44 0.03553214 
36 6 24 27 0.035122924 
46 805 16 19 0.035016764 
611 640 76 71 0.034716338 
310 539 33 43 0.034548473 
178 507 18 24 0.034404606 
151 301 31 45 0.034245912 
790 7 237 230 0.034075636 
24 35 23 31 0.03396268 
225 542 28 39 0.033126537 
14 543 29 37 0.032511696 
495 751 212 327 0.032238927 
974 18 50 72 0.03157721 
250 455 24 31 0.031082336 
0 470 30 54 0.030694608 
168 83 14 17 0.030569347 
38 3 16 18 0.03049684 
147 202 27 33 0.02993473 
566 445 28 38 0.02946529 
236 460 18 22 0.029032644 
636 451 33 40 0.027730877 
220 530 26 39 0.027439613 
292 480 19 26 0.027438413 
185 580 32 42 0.027189245 
128 498 32 39 0.02676027 
248 583 25 31 0.026561206 
475 443 29 41 0.026442343 
299 535 31 37 0.026431924 
132 535 29 38 0.025949972 
595 365 27 31 0.025722973 
310 420 33 42 0.02480522 
185 137 27 35 0.02429178 
936 6 94 108 0.023985267 
22 536 379 526 0.023294402 
282 529 28 34 0.023271887 
103 15 25 30 0.022666734 
0 665 11 23 0.022467168 
676 801 56 65 0.022119787 
49 18 14 19 0.022029325 
23 123 47 56 0.021870594 
27 466 28 38 0.021857882 
583 392 18 23 0.021343635 
304 479 29 36 0.021215916 
23 30 12 17 0.020926615 
689 546 51 67 0.020897452 
125 23 25 31 0.020869868 
129 521 29 38 0.020749988 
112 478 28 38 0.020575209 
665 440 29 36 0.020560151 
654 460 29 36 0.020451574 
33 89 35 41 0.020317575 
699 292 32 43 0.020242536 
234 523 28 37 0.02012046 
