10_People_Marching_People_Marching_10_People_Marching_People_Marching_10_499
113
370 203 29 43 0.8054275 
577 357 31 37 0.8025563 
751 77 25 34 0.5239491 
572 289 15 21 0.45669174 
454 274 16 20 0.35884187 
786 4 34 31 0.32152346 
791 112 44 43 0.2952884 
651 74 16 22 0.24410327 
380 241 27 38 0.19817324 
427 313 35 34 0.16303912 
544 254 22 31 0.14100942 
437 278 26 29 0.13586967 
494 279 15 20 0.13233499 
611 346 35 38 0.11746613 
607 74 13 15 0.10762579 
371 169 13 15 0.098442934 
557 257 15 22 0.09510218 
451 346 26 33 0.09392917 
612 72 12 14 0.091058165 
502 270 23 30 0.089404784 
508 269 14 19 0.086045496 
364 212 44 56 0.08420583 
544 21 28 29 0.08267005 
637 71 26 29 0.0821581 
722 30 40 52 0.07922768 
498 260 40 50 0.07313294 
542 300 39 51 0.06986911 
585 141 16 20 0.06535387 
812 3 36 35 0.060655627 
534 251 23 31 0.06014695 
793 3 22 20 0.0532767 
516 259 13 16 0.05161551 
435 325 20 21 0.051060345 
548 265 13 19 0.05039743 
628 39 17 22 0.050012074 
464 274 16 20 0.048188187 
354 136 16 21 0.047121637 
619 72 14 18 0.045141667 
513 274 16 21 0.043549933 
480 306 27 32 0.0430954 
732 44 40 52 0.040503904 
774 63 13 16 0.039716903 
739 272 36 38 0.039460137 
565 292 16 22 0.038478065 
410 203 17 21 0.03774927 
799 8 34 39 0.03675793 
388 203 28 35 0.036312968 
726 63 44 53 0.035693202 
635 48 15 19 0.03549526 
424 195 11 16 0.035488993 
920 74 41 48 0.034838323 
597 109 14 18 0.03412505 
348 132 16 22 0.033559464 
604 315 33 36 0.03223841 
648 144 29 34 0.031990755 
581 106 43 51 0.031806953 
482 283 26 34 0.030682424 
378 233 48 59 0.030547464 
772 0 27 28 0.02989351 
622 155 14 17 0.029877637 
379 205 16 26 0.029425697 
515 265 14 19 0.029228698 
541 269 15 21 0.0292215 
620 40 18 23 0.028830893 
698 99 18 21 0.028236488 
612 67 23 29 0.027881654 
740 46 18 25 0.027793244 
442 233 23 33 0.027629418 
742 88 15 19 0.027583402 
419 200 14 19 0.027312696 
453 234 13 20 0.026980225 
805 100 47 46 0.026922608 
634 34 26 32 0.02602576 
425 378 30 45 0.025919287 
659 69 14 19 0.0258981 
468 270 25 29 0.025454756 
717 156 27 32 0.025359206 
697 50 13 17 0.02496876 
654 142 13 17 0.02458993 
460 331 12 15 0.024402555 
605 43 12 17 0.024151025 
637 -97 407 442 0.023952797 
401 230 33 41 0.023734996 
485 251 12 17 0.023724198 
587 348 39 48 0.023481281 
539 309 26 33 0.023269458 
401 202 45 54 0.023208577 
551 312 44 58 0.023120524 
483 267 25 30 0.023089694 
634 49 27 36 0.022937572 
587 100 29 36 0.022919942 
603 69 21 25 0.022871526 
581 69 11 14 0.022697773 
551 336 15 19 0.022567177 
644 36 16 20 0.022131827 
831 8 19 22 0.02209182 
616 30 39 48 0.02172426 
451 238 24 31 0.021560028 
471 298 47 57 0.02145721 
759 46 28 36 0.021219801 
581 61 12 14 0.02105613 
361 138 15 20 0.020653818 
507 256 21 29 0.020611847 
590 53 10 13 0.020596066 
623 66 27 32 0.020565193 
356 204 31 44 0.020474197 
548 322 27 35 0.020438503 
416 216 40 52 0.020391924 
540 1 15 13 0.020382393 
514 273 30 36 0.02030078 
449 280 25 30 0.020292955 
426 293 51 49 0.020292068 
428 200 12 17 0.020135721 
