33_Running_Running_33_341
38
510 256 68 93 0.9966859 
814 606 30 45 0.068723604 
450 992 8 10 0.06802154 
431 980 11 12 0.042339865 
432 952 9 10 0.037841886 
914 870 10 11 0.03689812 
439 974 8 11 0.034149107 
548 526 36 36 0.033864092 
1012 875 10 15 0.03307274 
433 999 9 11 0.032791022 
799 1007 8 10 0.031748455 
456 0 118 140 0.030913627 
351 1014 10 11 0.03050005 
437 1004 11 12 0.030008847 
432 958 9 10 0.029963927 
942 839 9 11 0.029514955 
759 992 9 10 0.028772019 
4 1069 12 15 0.026820816 
910 832 8 9 0.026213001 
768 1005 9 11 0.025303166 
767 998 9 11 0.024481243 
416 997 10 11 0.024305416 
703 1059 9 12 0.023982063 
118 285 30 35 0.023001619 
864 353 216 267 0.022621343 
409 918 8 10 0.022591129 
680 947 9 12 0.022124002 
766 992 8 9 0.022111021 
441 967 9 10 0.021949401 
432 988 10 12 0.021818915 
912 864 10 12 0.021758478 
471 999 9 10 0.02101223 
769 1013 9 12 0.02076024 
511 998 9 10 0.02027235 
456 951 9 11 0.020192072 
936 837 9 11 0.020181745 
672 1053 10 11 0.020105638 
16 1191 56 63 0.020011552 
