33_Running_Running_33_316
135
858 204 44 58 0.9978581 
760 153 48 65 0.9974438 
627 183 45 57 0.9972831 
404 186 44 55 0.9971329 
218 168 41 56 0.99500054 
154 186 39 54 0.9927159 
525 221 42 54 0.9908195 
853 114 14 19 0.9897558 
261 171 39 52 0.9756296 
326 173 26 35 0.97142833 
353 176 39 51 0.95008904 
894 122 13 17 0.9489175 
573 130 14 19 0.924738 
693 152 19 24 0.91625625 
547 124 13 16 0.91389596 
428 125 15 18 0.9126544 
477 232 38 41 0.88334334 
914 133 12 16 0.8710136 
666 132 15 20 0.7893143 
426 161 32 39 0.77646345 
819 114 14 16 0.7410157 
718 138 14 19 0.7251655 
285 103 13 18 0.7173675 
183 131 16 20 0.6164894 
459 121 12 14 0.51240283 
786 123 14 17 0.46748814 
35 114 13 16 0.39214206 
648 113 17 20 0.3416899 
103 159 11 14 0.24849714 
475 131 12 16 0.22588342 
780 121 23 28 0.19207941 
41 174 9 13 0.16593578 
511 139 11 13 0.1454957 
268 125 14 19 0.14033946 
771 311 22 27 0.1250225 
500 224 40 51 0.11742297 
472 127 11 15 0.11082423 
410 109 9 12 0.101882406 
815 118 14 19 0.100907646 
475 138 14 19 0.09668337 
674 62 10 12 0.09377278 
649 136 20 27 0.07777118 
652 125 16 21 0.07720026 
44 113 12 14 0.07677738 
324 135 13 18 0.07663466 
823 130 12 15 0.07642454 
383 99 8 10 0.06914909 
73 176 10 11 0.06832845 
138 206 15 23 0.06635012 
341 171 35 44 0.06563568 
480 101 11 14 0.06535699 
72 179 13 18 0.064487964 
365 137 14 16 0.062336747 
516 135 10 13 0.06084091 
502 90 14 17 0.05748062 
415 154 29 32 0.057071835 
614 326 38 43 0.055758234 
279 148 31 36 0.053337034 
98 158 9 13 0.04929507 
376 95 8 11 0.048452787 
468 217 34 40 0.047773506 
593 123 12 16 0.044219363 
147 195 29 42 0.04152966 
898 391 16 20 0.04129473 
472 144 13 18 0.041139215 
647 144 13 18 0.039465267 
660 126 15 20 0.038124885 
96 208 11 13 0.037814263 
641 108 12 17 0.037536655 
505 139 12 15 0.03744356 
392 110 9 11 0.037321903 
925 227 26 33 0.036731116 
366 103 8 10 0.0365212 
51 111 11 14 0.03612128 
397 111 9 11 0.036112584 
326 107 11 14 0.035865128 
318 128 22 29 0.033988073 
118 156 11 15 0.033516005 
670 142 14 18 0.03337432 
103 170 11 13 0.032573234 
466 118 12 15 0.032343708 
376 114 11 13 0.032339066 
63 94 10 12 0.031123882 
818 118 19 25 0.030933807 
752 279 26 30 0.030819172 
110 173 9 12 0.029903414 
799 123 39 55 0.029481482 
505 163 23 27 0.028708715 
596 118 11 15 0.02859685 
512 128 10 13 0.028530799 
361 134 22 26 0.02798793 
697 30 10 14 0.027808145 
381 111 10 11 0.027467085 
216 103 10 14 0.027418802 
274 129 15 18 0.027131202 
493 99 12 14 0.026701488 
611 181 32 42 0.026687458 
757 0 13 11 0.02568567 
645 104 15 17 0.025578532 
460 215 24 32 0.02525416 
388 101 9 11 0.024507247 
683 207 25 29 0.0244942 
888 386 22 27 0.024357598 
469 86 9 11 0.024194997 
441 153 18 22 0.023896793 
464 86 10 12 0.023864547 
412 103 10 14 0.023441438 
952 165 10 13 0.023253586 
54 181 10 13 0.023221377 
397 116 9 12 0.023030251 
910 129 13 16 0.022975389 
947 235 13 16 0.022857627 
314 170 17 22 0.022702275 
508 84 13 19 0.022572165 
685 46 8 10 0.02224147 
316 164 13 17 0.022219392 
473 101 11 15 0.02206832 
467 202 32 37 0.021897383 
702 30 9 13 0.021810593 
702 37 9 12 0.02148843 
938 224 25 34 0.021289878 
454 128 12 16 0.02109832 
664 40 8 10 0.020963594 
43 177 12 16 0.020915406 
480 95 9 13 0.020739835 
647 32 8 9 0.020587364 
100 154 19 24 0.020567767 
496 92 13 16 0.020553706 
331 108 12 14 0.020494087 
407 94 8 10 0.020470666 
826 111 12 15 0.020276668 
897 123 17 22 0.020220218 
32 120 13 15 0.020194087 
675 65 12 14 0.020110227 
112 92 10 12 0.020032763 
