33_Running_Running_33_286
53
479 291 53 72 0.9989208 
70 342 11 14 0.11108352 
23 485 9 12 0.09106424 
148 485 9 11 0.086390935 
661 471 8 9 0.0755087 
865 477 7 9 0.073629215 
848 472 9 11 0.06873761 
823 485 8 10 0.061105464 
656 479 9 11 0.047770187 
873 476 8 10 0.044930775 
606 472 6 10 0.04289681 
920 472 7 9 0.042887226 
696 478 9 11 0.041883465 
818 472 7 9 0.038266044 
162 488 8 9 0.03638332 
889 471 8 9 0.035974074 
674 479 9 10 0.034137305 
1005 368 13 19 0.033990107 
716 476 10 13 0.033946645 
71 493 8 10 0.032924157 
818 479 7 10 0.032784656 
166 488 7 10 0.03239477 
677 473 8 10 0.03168954 
432 477 115 129 0.030633675 
853 472 8 10 0.03052975 
597 429 10 13 0.030123517 
657 465 7 9 0.029924624 
873 392 8 10 0.029901668 
638 472 8 9 0.029323628 
612 432 9 11 0.029274415 
855 592 11 14 0.027906753 
711 473 10 12 0.02734186 
792 471 7 10 0.026886802 
608 430 9 12 0.026802382 
696 576 10 12 0.025733707 
702 475 11 13 0.025581185 
54 493 8 10 0.025305862 
1008 407 10 13 0.025121441 
647 481 8 11 0.024900915 
85 486 8 10 0.024896875 
744 590 9 13 0.02467071 
806 479 8 9 0.024315003 
689 600 8 10 0.0239251 
733 480 8 10 0.02360292 
818 484 9 11 0.023472598 
674 471 8 11 0.02336874 
831 472 8 9 0.022137027 
866 409 8 10 0.021901382 
640 479 8 11 0.021768704 
703 575 9 12 0.021524793 
1010 988 9 13 0.021517849 
230 387 11 13 0.020366194 
661 479 8 10 0.020333532 
