33_Running_Running_33_747
33
440 394 36 59 0.48379764 
613 423 45 57 0.32327622 
765 182 10 14 0.28538167 
305 426 28 35 0.22687826 
561 301 9 12 0.0997291 
597 305 15 19 0.077289544 
611 398 13 16 0.06980988 
333 406 33 37 0.069751814 
419 403 51 64 0.062495276 
788 191 11 14 0.053284846 
768 263 10 12 0.04289093 
786 195 13 17 0.0415944 
606 402 23 30 0.03518307 
611 413 32 44 0.031757206 
623 456 30 39 0.029136758 
765 311 9 11 0.02909908 
389 41 422 448 0.027633399 
824 237 8 10 0.024916459 
220 93 11 14 0.024741316 
888 203 28 31 0.024672788 
688 459 42 54 0.024476191 
333 410 16 21 0.02384006 
317 412 40 48 0.02379424 
564 295 10 13 0.023729628 
553 279 10 13 0.023708293 
4 605 12 17 0.022922346 
736 281 9 11 0.022193352 
793 256 8 10 0.02167837 
293 428 28 42 0.020966351 
782 208 12 15 0.020827992 
823 233 7 10 0.020727523 
618 304 15 19 0.020371333 
799 292 10 12 0.020057688 
