33_Running_Running_33_786
197
506 127 31 34 0.99936193 
503 459 35 41 0.9952129 
522 238 30 34 0.9936837 
130 375 26 31 0.99346936 
732 454 29 42 0.9907804 
917 450 21 31 0.98502594 
314 374 16 19 0.9793703 
943 352 14 19 0.9552163 
901 119 12 16 0.87667054 
953 113 15 20 0.87306094 
47 465 12 15 0.8354525 
883 337 15 20 0.76465774 
91 456 12 16 0.7210253 
333 255 16 18 0.698265 
339 461 16 21 0.6112361 
979 342 13 18 0.5553634 
144 463 10 14 0.52895194 
181 370 17 22 0.3882135 
962 152 28 30 0.38591415 
73 102 30 38 0.3068126 
887 153 16 18 0.23660026 
919 134 9 11 0.23279534 
511 340 9 12 0.21527801 
112 247 9 12 0.19955063 
877 341 15 19 0.18242884 
992 365 12 14 0.17630221 
848 137 7 10 0.1739563 
712 354 23 31 0.17278655 
534 399 11 13 0.17141832 
350 113 31 37 0.16520867 
804 137 13 16 0.15950465 
278 229 15 17 0.14729047 
77 383 15 22 0.13611664 
927 143 11 14 0.13096695 
84 383 15 21 0.13020879 
985 346 13 16 0.11759732 
444 331 10 13 0.106388 
949 131 12 16 0.10511124 
367 334 11 15 0.10137944 
946 155 12 17 0.09916437 
712 332 17 20 0.09461117 
951 117 23 28 0.084910125 
58 387 25 28 0.07813722 
989 370 15 18 0.075542115 
913 133 8 12 0.07431051 
870 149 10 13 0.07311077 
117 246 10 12 0.070688665 
101 378 15 20 0.070638694 
236 469 14 20 0.0703306 
7 267 9 13 0.069067605 
47 237 10 13 0.068530306 
956 373 10 12 0.062612884 
945 162 14 19 0.06240825 
297 270 11 14 0.062203627 
879 141 11 15 0.06205262 
370 253 11 15 0.060701475 
109 237 10 12 0.05872398 
247 455 11 13 0.058072265 
946 139 14 18 0.057843383 
89 378 20 28 0.054109827 
930 146 11 15 0.052067917 
215 252 27 35 0.052031033 
709 337 21 26 0.05169638 
947 146 14 19 0.05112945 
896 131 12 15 0.04896545 
548 338 11 14 0.048796393 
944 133 12 15 0.047332168 
906 123 11 15 0.04717013 
502 397 12 14 0.046264708 
299 276 10 12 0.0458539 
272 334 9 13 0.04461674 
857 513 9 11 0.043205474 
642 289 19 21 0.042997867 
894 139 13 16 0.04293972 
699 120 29 35 0.042864215 
507 336 10 12 0.041459594 
975 335 10 15 0.040370326 
883 140 13 17 0.039786085 
160 251 12 13 0.039689478 
982 398 16 22 0.039429765 
136 247 7 10 0.039357174 
920 139 11 14 0.03815135 
919 148 10 14 0.03812055 
412 178 14 19 0.03762966 
95 181 24 27 0.037496135 
43 273 14 17 0.03718804 
872 339 13 18 0.037169974 
87 106 30 37 0.03692497 
105 234 10 13 0.036870424 
989 357 13 16 0.03637904 
106 246 10 13 0.035979915 
924 155 13 17 0.035444476 
925 134 9 12 0.03531853 
762 233 17 19 0.03479471 
927 506 11 15 0.034667093 
66 376 23 27 0.034506712 
884 135 10 12 0.034473207 
49 233 9 12 0.034461997 
531 396 10 13 0.034341764 
872 144 10 12 0.034171216 
962 110 14 18 0.03406673 
965 391 9 12 0.033656128 
179 379 18 22 0.033530567 
293 252 23 28 0.033519864 
443 348 17 23 0.033032585 
551 397 10 13 0.032083463 
1005 400 11 13 0.03185615 
72 113 13 17 0.03176546 
13 270 8 11 0.03172519 
869 154 10 14 0.031479806 
59 365 24 28 0.031148992 
512 237 26 31 0.031133488 
47 448 21 27 0.031006733 
981 150 25 31 0.030974863 
48 430 25 29 0.030487662 
422 163 12 15 0.029825883 
849 151 8 10 0.029209767 
899 138 12 14 0.029094452 
42 244 13 18 0.028678814 
662 162 34 41 0.02864614 
639 234 13 16 0.02855415 
143 457 18 24 0.028422676 
950 132 24 29 0.028378855 
992 378 14 18 0.02798439 
994 145 24 33 0.027902354 
963 118 22 26 0.027820142 
431 413 11 14 0.02777179 
42 458 20 26 0.027492661 
559 526 12 14 0.02728999 
125 246 8 11 0.026835892 
990 335 11 13 0.026746199 
933 134 10 13 0.02656684 
416 174 23 31 0.02641258 
356 125 18 21 0.026256349 
1008 284 8 13 0.026157307 
670 121 16 21 0.026044313 
883 108 12 16 0.026028367 
247 449 10 12 0.026019095 
886 520 10 11 0.02597544 
925 142 20 24 0.025772031 
119 241 10 13 0.02550955 
623 215 42 49 0.025504593 
616 294 12 16 0.025502179 
955 132 40 45 0.025373958 
956 367 10 13 0.025164636 
413 405 8 10 0.02494132 
105 384 16 22 0.02492307 
876 380 10 13 0.02488027 
322 448 39 53 0.024802692 
687 327 13 15 0.024763515 
988 130 13 17 0.02466758 
930 498 16 21 0.024525646 
94 384 25 31 0.0245219 
970 324 9 13 0.024205672 
7 212 11 15 0.024146492 
286 225 10 13 0.024143739 
484 415 11 12 0.023822883 
637 96 15 18 0.023778878 
51 373 24 31 0.023738602 
721 338 17 21 0.023582648 
861 293 11 12 0.02349875 
921 326 9 11 0.023484869 
627 291 14 16 0.023301039 
690 331 13 15 0.02324221 
999 402 11 15 0.023238547 
420 182 14 18 0.023232803 
627 278 39 44 0.023128577 
982 107 13 17 0.023121918 
1008 279 8 11 0.022462936 
329 253 14 16 0.022377383 
983 363 10 13 0.02229744 
970 116 14 18 0.022227705 
518 408 8 12 0.02202986 
911 139 10 13 0.021845173 
529 392 9 11 0.021527307 
865 151 9 11 0.02146657 
496 398 12 14 0.021197852 
75 101 18 23 0.021130852 
293 246 15 16 0.021125015 
49 418 26 29 0.020817209 
964 103 12 15 0.020808507 
324 368 10 13 0.02078057 
714 251 16 21 0.020763367 
238 461 13 18 0.020752627 
991 328 9 10 0.020708313 
975 216 11 14 0.020686153 
698 102 34 37 0.020650186 
442 158 43 50 0.020588895 
933 154 11 16 0.020451324 
572 414 13 15 0.020415237 
972 108 12 16 0.020239202 
242 454 9 12 0.020218322 
13 276 9 11 0.020201571 
98 113 18 24 0.020185806 
971 223 18 19 0.020166533 
974 324 9 12 0.020165961 
16 425 27 34 0.020041483 
