33_Running_Running_33_760
35
428 350 95 119 0.9997886 
729 254 62 70 0.6997658 
178 289 123 143 0.6043058 
758 262 38 48 0.49893442 
559 176 107 141 0.27741978 
142 32 418 466 0.19117829 
693 247 74 75 0.16837786 
754 477 130 124 0.12632772 
576 525 250 305 0.1016444 
57 661 82 104 0.09596813 
353 1051 56 66 0.07854482 
39 695 57 81 0.07539591 
146 213 188 237 0.07233716 
581 192 67 88 0.06929283 
141 699 34 37 0.06262647 
122 716 49 60 0.06175685 
98 679 57 65 0.047171894 
786 490 75 85 0.044686876 
171 683 16 22 0.04246819 
466 334 90 116 0.041045286 
409 190 27 29 0.03921489 
84 659 217 298 0.03865925 
576 135 148 223 0.038293935 
150 685 32 38 0.035686765 
86 701 55 71 0.033723764 
621 351 360 445 0.032783624 
153 683 342 501 0.029419469 
638 633 153 159 0.029204536 
441 938 39 48 0.028836995 
678 1080 254 248 0.028690202 
159 677 27 33 0.02453736 
601 245 34 46 0.023596074 
85 671 38 49 0.023408039 
554 742 26 35 0.022642534 
26 584 361 449 0.020119188 
