42_Car_Racing_Car_Racing_42_600
44
332 125 16 19 0.9895538 
80 103 18 23 0.9693617 
250 110 15 18 0.9328077 
190 141 10 13 0.75895023 
299 146 13 16 0.247542 
356 141 12 14 0.13783506 
158 108 10 11 0.0719048 
96 140 11 14 0.06664488 
278 179 13 19 0.06539017 
206 149 12 15 0.06464453 
293 167 14 17 0.06391308 
117 154 10 13 0.0590468 
194 140 11 15 0.047289357 
48 197 10 15 0.045860607 
702 181 8 11 0.044276882 
370 149 16 20 0.042800236 
284 172 15 20 0.040443476 
584 160 13 18 0.040319987 
853 339 53 55 0.039459452 
354 346 117 150 0.0345401 
204 300 39 50 0.033150688 
590 147 12 15 0.031352162 
13 158 10 14 0.026267886 
152 109 9 12 0.02522574 
275 162 12 16 0.024944138 
118 139 10 13 0.024939986 
292 172 17 22 0.023456374 
570 180 13 20 0.023311198 
125 123 11 14 0.022884125 
400 145 11 15 0.022866698 
199 146 12 16 0.022457305 
219 316 34 41 0.021921987 
206 174 13 20 0.02180445 
202 145 21 25 0.02170249 
615 203 13 14 0.02148542 
583 154 21 26 0.021466188 
66 148 27 32 0.02145048 
294 154 13 15 0.020935496 
200 153 13 17 0.02092416 
126 150 10 12 0.020874176 
-1 163 36 64 0.020574432 
269 185 22 26 0.02025524 
105 168 9 13 0.020125186 
248 104 13 16 0.02002326 
