42_Car_Racing_Nascar_42_661
53
819 255 31 41 0.9992747 
172 292 26 28 0.15368904 
170 206 16 20 0.122113146 
206 179 31 39 0.11907651 
129 212 11 13 0.107456364 
690 406 35 41 0.10321055 
807 376 16 20 0.09992704 
778 10 13 17 0.08941017 
622 135 79 106 0.06904124 
174 184 48 56 0.06796699 
247 -53 414 475 0.058957275 
948 359 30 31 0.056809682 
657 146 53 75 0.050912462 
92 293 11 16 0.049717702 
893 350 33 41 0.049338475 
623 322 15 17 0.04811652 
171 197 29 34 0.047599595 
665 525 59 74 0.044363145 
86 83 13 17 0.039825737 
145 12 14 16 0.037887648 
90 248 23 29 0.03697803 
642 357 51 52 0.03624351 
532 416 32 34 0.034190554 
384 268 9 10 0.033483077 
145 3 15 17 0.033369362 
130 291 13 19 0.03328426 
968 367 30 26 0.033044875 
874 384 32 43 0.032049485 
619 -22 421 491 0.031160537 
93 79 10 13 0.031074367 
875 366 103 115 0.02999788 
145 36 9 13 0.029620375 
475 179 103 129 0.028368346 
400 60 210 299 0.028167669 
710 155 84 120 0.027786437 
145 255 9 13 0.027745774 
80 84 12 17 0.027620634 
502 61 11 14 0.027591294 
116 203 11 13 0.026194785 
214 285 13 17 0.025806 
231 305 405 505 0.023840247 
163 278 41 49 0.023558466 
780 452 15 18 0.02342061 
155 197 10 14 0.02314735 
772 4 22 27 0.022546245 
707 144 57 75 0.02238149 
382 181 331 432 0.022285502 
561 329 11 14 0.021652183 
60 122 14 17 0.021570133 
172 -6 93 103 0.021474695 
170 2 17 18 0.021354735 
148 80 15 18 0.02045743 
155 201 14 18 0.020366004 
