42_Car_Racing_Nascar_42_911
23
502 121 275 355 0.9959377 
995 612 27 37 0.30717823 
363 434 58 101 0.29174238 
912 553 27 31 0.2595143 
457 517 39 43 0.19657394 
225 46 222 239 0.09843354 
572 571 43 53 0.05960756 
91 60 436 467 0.0500924 
991 599 23 34 0.04024949 
354 43 350 402 0.031022739 
396 360 88 114 0.028715733 
566 649 52 54 0.027874637 
373 384 91 127 0.026218157 
607 661 46 61 0.026066884 
558 557 78 96 0.024372311 
806 171 29 41 0.024256567 
286 183 240 283 0.023573874 
439 523 43 56 0.020835852 
631 622 33 46 0.020755176 
996 528 23 37 0.020672662 
965 544 25 30 0.020221358 
990 613 17 27 0.020174373 
828 612 35 39 0.020139197 
