42_Car_Racing_Nascar_42_828
32
459 85 49 61 0.99896777 
325 70 55 70 0.998502 
537 78 49 60 0.9967257 
757 122 26 30 0.53640884 
175 117 20 32 0.23029295 
737 63 86 116 0.06379413 
683 71 12 15 0.061854497 
272 152 9 12 0.0585547 
756 110 42 58 0.052846577 
800 213 17 20 0.04611996 
299 39 10 13 0.042505063 
222 173 10 12 0.041345693 
231 171 12 15 0.03893319 
985 245 16 21 0.03775088 
431 440 126 129 0.030730084 
913 300 30 33 0.030527 
734 184 11 13 0.0294947 
208 119 10 15 0.02718479 
171 109 36 48 0.026628371 
304 241 50 58 0.02517495 
485 219 96 108 0.024551494 
922 299 17 18 0.024296736 
697 77 14 17 0.023795404 
183 121 17 23 0.02353962 
747 213 46 63 0.022930702 
247 194 10 13 0.02157493 
167 127 29 39 0.021569598 
175 108 13 19 0.021241631 
197 130 14 19 0.020791635 
835 462 30 30 0.020681428 
793 211 28 33 0.020243755 
217 172 10 15 0.02012775 
