42_Car_Racing_Car_Racing_42_939
31
748 186 45 50 0.803446 
656 183 10 12 0.3868116 
175 340 190 218 0.09785718 
733 193 30 35 0.05944675 
744 232 23 29 0.05848146 
750 211 30 38 0.055746056 
679 226 12 13 0.054412834 
685 543 60 60 0.053070847 
116 340 64 68 0.050680608 
854 257 14 17 0.043336805 
183 254 376 424 0.04145708 
788 221 24 32 0.037317105 
823 263 29 33 0.03364495 
865 243 16 17 0.030048808 
220 322 32 45 0.02943987 
835 255 26 28 0.026738305 
859 248 16 18 0.02571609 
582 287 31 28 0.025073882 
771 197 30 37 0.02486151 
98 138 16 18 0.024857212 
500 283 14 15 0.023855042 
706 510 14 17 0.023558425 
692 506 25 30 0.023226688 
732 200 16 21 0.023161383 
708 229 13 16 0.02251997 
554 138 469 465 0.021455495 
696 228 11 15 0.021130627 
497 280 27 29 0.02095789 
536 307 11 12 0.020457128 
497 285 11 13 0.020282464 
700 227 15 18 0.020060197 
