42_Car_Racing_Car_Racing_42_857
77
186 136 18 25 0.92806864 
100 123 20 26 0.9037462 
72 143 9 11 0.6414869 
160 140 10 13 0.54620457 
165 142 10 13 0.5305903 
246 152 10 11 0.41983706 
137 143 10 13 0.3485425 
213 144 13 14 0.31593353 
167 146 10 14 0.3014943 
222 147 10 12 0.2703484 
113 147 10 13 0.2210796 
279 141 11 13 0.1753212 
285 142 9 12 0.16909437 
230 147 9 11 0.1588639 
79 110 11 13 0.13026625 
227 226 12 17 0.09331232 
75 145 12 14 0.08673033 
54 148 9 10 0.086340204 
48 144 8 10 0.08093338 
272 143 11 12 0.0805009 
209 146 12 14 0.07991441 
67 142 9 11 0.07569351 
102 117 16 20 0.07555991 
248 143 10 13 0.065916605 
263 144 8 9 0.06459521 
128 148 11 13 0.06411334 
154 140 10 12 0.055976093 
800 5 41 49 0.05406118 
232 110 8 10 0.053525843 
252 149 9 12 0.052011076 
242 151 8 11 0.051181346 
254 143 9 11 0.051052026 
270 112 8 10 0.050057407 
117 143 10 14 0.048834827 
172 141 11 14 0.045873556 
64 147 11 13 0.04336277 
346 255 17 21 0.03968439 
49 148 8 11 0.039140362 
39 52 202 230 0.037469346 
190 111 7 9 0.035298973 
84 141 11 13 0.033641815 
224 222 11 16 0.033350367 
214 153 12 14 0.033237807 
109 138 12 17 0.032350905 
874 277 54 77 0.032268647 
133 153 11 14 0.031974234 
569 276 35 42 0.031750772 
249 110 10 12 0.030864632 
775 -5 33 34 0.030536871 
264 149 9 10 0.030163394 
117 156 10 12 0.029169783 
186 111 7 10 0.028221296 
171 416 29 33 0.02755159 
112 156 10 12 0.027257798 
270 178 15 18 0.027205257 
168 153 10 12 0.027197346 
172 167 10 13 0.02694578 
206 93 8 9 0.024697822 
171 135 20 26 0.024517145 
826 325 9 12 0.024455763 
158 136 17 22 0.024040304 
274 137 19 23 0.023939218 
133 137 17 23 0.02285718 
297 159 9 11 0.022591997 
168 197 9 11 0.022472814 
69 142 20 22 0.02212997 
608 203 15 17 0.02208185 
128 154 11 13 0.021832902 
215 143 19 22 0.021514947 
183 116 10 12 0.021199312 
628 5 15 17 0.021139296 
149 206 10 15 0.021061813 
300 215 9 13 0.021047642 
43 142 8 11 0.020598298 
453 101 478 439 0.0204427 
290 142 11 13 0.020214513 
264 110 11 13 0.020029346 
