42_Car_Racing_Nascar_42_468
24
599 14 173 214 0.9987919 
663 648 155 117 0.72676027 
618 627 146 167 0.12086111 
701 668 92 74 0.08811078 
633 406 91 107 0.08292105 
635 543 210 275 0.059707265 
-2 35 88 158 0.048574917 
431 398 363 463 0.04720157 
591 641 102 132 0.03986924 
534 522 32 37 0.03961757 
666 482 40 50 0.037543535 
436 538 139 128 0.03623565 
520 505 53 69 0.031170215 
602 380 87 118 0.030373504 
676 452 61 79 0.030236153 
542 365 45 48 0.028428754 
337 540 195 213 0.027354987 
630 757 10 13 0.02503238 
545 533 17 22 0.024549678 
496 518 103 117 0.023919849 
180 55 29 34 0.023063282 
363 377 28 30 0.020288317 
187 45 31 35 0.020123662 
608 391 55 71 0.020072507 
