42_Car_Racing_Nascar_42_922
180
531 61 94 113 0.99932194 
249 189 53 80 0.99885535 
348 115 84 103 0.9961904 
856 153 48 84 0.84906197 
127 238 11 15 0.40382427 
76 183 10 13 0.38409412 
873 165 52 84 0.32655212 
8 166 7 9 0.28819194 
941 130 45 63 0.2651417 
30 207 8 11 0.2365743 
96 192 9 11 0.22258613 
21 191 9 11 0.15986827 
41 241 12 16 0.1262365 
71 153 7 8 0.1262022 
78 134 7 9 0.121339336 
38 198 8 11 0.11968685 
16 227 10 12 0.11479972 
48 184 8 10 0.104795225 
0 188 8 12 0.10153344 
23 157 7 9 0.101267174 
707 341 15 18 0.10112775 
108 236 11 16 0.09783251 
174 177 8 9 0.09633387 
96 168 8 10 0.09441612 
0 215 9 12 0.093820006 
64 192 7 10 0.08946416 
49 205 8 10 0.088479735 
97 136 7 9 0.08659864 
31 167 8 10 0.086503096 
835 161 47 69 0.08374633 
74 133 8 10 0.076469354 
132 243 11 13 0.074447274 
21 224 9 11 0.073913254 
55 190 7 8 0.07327947 
754 244 46 62 0.07230503 
101 191 8 10 0.07182578 
172 227 11 13 0.07121128 
91 243 22 28 0.070335194 
5 118 9 11 0.06879917 
111 185 8 9 0.068780385 
991 256 14 17 0.06762014 
118 201 9 11 0.065783195 
157 168 7 10 0.06420484 
29 212 8 11 0.06313018 
88 159 8 9 0.06266516 
57 160 8 9 0.06143622 
100 240 15 24 0.060834583 
16 195 10 12 0.060719777 
895 179 59 85 0.059996188 
75 120 6 8 0.055857223 
94 151 8 9 0.055208486 
127 233 9 12 0.05415551 
54 206 8 10 0.05294994 
22 195 9 12 0.05219475 
54 185 7 9 0.051778704 
46 175 8 10 0.051586866 
40 174 8 10 0.0515253 
3 166 7 10 0.051460154 
15 174 8 10 0.051408455 
18 153 7 9 0.051252335 
16 214 8 11 0.04983072 
145 215 8 10 0.048291057 
33 135 7 9 0.048274558 
63 197 9 10 0.04790488 
39 150 8 9 0.046503924 
105 185 8 10 0.044775285 
78 128 7 10 0.044398017 
15 135 10 11 0.0443561 
183 165 8 10 0.043994598 
0 150 7 10 0.042897377 
72 199 9 10 0.04279223 
137 145 7 10 0.042769436 
32 199 9 11 0.042462185 
49 189 8 10 0.041948225 
46 150 7 9 0.041902095 
88 191 9 11 0.041477237 
128 184 6 9 0.041270055 
119 228 10 12 0.041151326 
40 193 6 8 0.041084558 
19 158 7 9 0.040615216 
55 232 9 13 0.04056736 
63 144 7 9 0.040067468 
103 168 7 10 0.040025458 
14 167 7 9 0.039399736 
17 184 8 10 0.0391681 
8 111 9 11 0.03825204 
6 190 7 11 0.037807625 
765 266 13 18 0.03763581 
64 151 7 9 0.03740122 
112 277 12 15 0.037161533 
152 151 7 9 0.036668207 
100 197 8 11 0.03591955 
15 208 9 10 0.03563733 
114 201 9 11 0.035029434 
95 142 8 10 0.03487279 
56 128 7 9 0.03473397 
145 233 8 10 0.03400571 
145 144 6 9 0.033884764 
4 214 9 12 0.033817906 
144 183 8 10 0.033683572 
105 150 7 9 0.033671517 
110 148 8 10 0.033634238 
89 152 8 10 0.033182677 
674 323 16 19 0.03306728 
21 183 10 11 0.032618668 
150 216 7 8 0.032547925 
1 207 8 12 0.032310814 
6 184 7 10 0.0318235 
159 223 8 10 0.03146222 
157 173 7 10 0.03123735 
142 246 9 12 0.031147746 
119 168 8 9 0.03074986 
679 304 11 13 0.030646266 
145 209 7 9 0.03052728 
105 143 8 10 0.030338367 
150 237 8 10 0.030327246 
31 173 9 10 0.030133234 
23 175 8 10 0.030098429 
0 159 7 10 0.029873764 
75 337 58 96 0.029218042 
674 309 25 26 0.029157702 
9 238 8 11 0.028837485 
123 235 18 23 0.028589819 
111 230 10 15 0.02840666 
39 203 8 11 0.028274324 
178 198 7 10 0.02824172 
51 241 12 17 0.028218085 
759 266 12 17 0.028103486 
120 159 9 10 0.027888807 
0 198 7 10 0.027887424 
58 144 7 9 0.02765681 
40 224 10 11 0.027655423 
902 103 55 59 0.02748955 
46 236 20 27 0.027486378 
8 198 8 10 0.027407246 
751 261 29 40 0.02711928 
47 133 8 10 0.026982956 
89 166 8 11 0.02670301 
812 177 32 50 0.026495155 
74 128 7 10 0.026218278 
201 174 9 10 0.026202736 
71 177 11 12 0.026033064 
113 174 8 9 0.025883436 
84 183 9 11 0.02584772 
9 143 7 9 0.02544401 
177 192 9 11 0.025185538 
75 199 11 11 0.025182012 
106 159 7 9 0.025164086 
190 167 7 10 0.024881287 
120 152 7 9 0.02475409 
81 249 26 29 0.02472963 
144 189 8 10 0.02466549 
119 234 13 19 0.024571234 
47 168 7 8 0.02415633 
120 135 7 9 0.023962358 
7 171 9 12 0.02393303 
129 217 6 9 0.023748768 
39 145 7 9 0.023568736 
97 130 7 8 0.023485767 
66 183 7 10 0.022643335 
676 307 15 17 0.022423694 
63 166 7 9 0.022389192 
65 175 8 10 0.022358293 
90 143 7 9 0.022294542 
26 166 7 10 0.022174114 
167 237 11 12 0.022093274 
46 231 10 13 0.022075968 
150 145 7 8 0.022034805 
160 151 8 10 0.022026759 
176 205 8 9 0.02184989 
6 207 8 10 0.021779485 
119 173 7 9 0.02145183 
43 182 8 10 0.021189542 
671 329 12 16 0.021162398 
166 158 8 10 0.021040058 
1 145 7 10 0.020865284 
964 235 14 17 0.020738116 
47 145 7 8 0.020598836 
89 196 10 11 0.020315018 
7 221 9 12 0.020275397 
