42_Car_Racing_Car_Racing_42_1045
29
641 284 135 165 0.99986446 
393 253 157 218 0.99792826 
968 371 13 17 0.50702095 
777 187 41 60 0.49158457 
933 382 12 18 0.20955318 
924 381 21 28 0.12282227 
956 390 16 20 0.076602854 
931 -6 41 35 0.06915586 
792 176 28 52 0.057879932 
882 0 15 15 0.052384738 
759 201 63 88 0.051981702 
960 381 20 27 0.05108542 
974 748 10 12 0.040585794 
1007 388 15 19 0.04048539 
452 48 13 15 0.039056007 
928 561 94 168 0.03495337 
423 48 24 26 0.03462483 
915 372 27 32 0.03325781 
886 398 12 16 0.032472737 
932 385 23 29 0.027128804 
965 386 25 30 0.025617806 
880 -2 24 24 0.024367813 
990 396 11 14 0.0227945 
909 382 52 48 0.022549888 
999 390 11 15 0.021859713 
979 415 23 34 0.021769278 
945 388 26 30 0.021075267 
958 430 10 13 0.02080381 
591 48 45 38 0.020222345 
