29_Students_Schoolkids_Students_Schoolkids_29_81
19
781 128 112 147 0.99950373 
190 179 37 43 0.99654263 
695 304 37 45 0.9959282 
83 254 41 49 0.9947956 
660 282 21 27 0.08603936 
14 487 17 21 0.08088705 
100 -12 400 482 0.042718552 
764 226 254 249 0.03541039 
814 323 151 157 0.029057981 
193 566 16 18 0.028242221 
636 286 20 22 0.02744789 
828 68 17 21 0.025228387 
866 58 15 19 0.025099866 
805 48 40 44 0.024664856 
188 572 24 28 0.024574567 
639 233 14 17 0.022513563 
635 225 23 29 0.022512034 
221 577 33 35 0.02109831 
592 467 11 15 0.020609835 
