29_Students_Schoolkids_Students_Schoolkids_29_358
163
491 381 15 21 0.9690571 
546 379 17 23 0.9535634 
624 376 19 25 0.9192579 
269 364 15 19 0.88448256 
573 392 16 20 0.87780845 
941 421 22 26 0.8474562 
713 372 19 24 0.8304367 
364 423 16 20 0.784421 
846 411 16 21 0.7188614 
672 391 16 19 0.67124 
498 422 17 20 0.58691823 
770 391 17 22 0.48844546 
435 425 15 19 0.3728187 
889 403 12 16 0.29550272 
455 418 15 19 0.2635454 
434 402 14 18 0.19669734 
883 369 15 20 0.16109753 
475 437 12 14 0.14855099 
341 442 15 18 0.13895294 
417 412 13 16 0.12974091 
829 417 15 19 0.11530693 
406 412 12 16 0.09730716 
902 420 14 18 0.09020274 
313 446 9 11 0.08717573 
536 403 12 15 0.081277825 
799 402 13 16 0.07927549 
900 403 13 16 0.07661078 
696 392 13 17 0.07589483 
836 426 10 14 0.07278834 
469 419 11 15 0.06846788 
538 421 13 16 0.06802096 
903 413 12 14 0.06626681 
1004 462 18 23 0.0644313 
739 428 13 17 0.06254005 
250 436 11 14 0.060285833 
803 398 13 16 0.059629094 
327 452 10 12 0.058633506 
803 416 13 15 0.05396876 
828 402 14 17 0.05235667 
400 438 10 12 0.052337088 
461 434 11 13 0.051182725 
461 456 10 13 0.047349203 
871 401 13 15 0.046776067 
977 430 11 15 0.0456557 
407 406 21 26 0.04522743 
404 418 14 18 0.0446769 
479 461 11 14 0.044616718 
348 419 12 15 0.044074968 
346 437 14 16 0.043157976 
505 419 15 19 0.04264648 
382 422 9 13 0.042429373 
799 410 14 17 0.042272426 
874 420 12 14 0.042213146 
584 414 10 12 0.041010812 
415 436 11 13 0.04091476 
693 357 20 29 0.040708277 
380 434 13 16 0.040557884 
517 397 15 18 0.04052088 
837 409 18 25 0.040450748 
702 365 22 29 0.040318184 
287 441 12 15 0.03970012 
502 414 13 16 0.038970027 
778 391 13 17 0.037764926 
947 413 14 18 0.036171332 
282 433 22 25 0.035714038 
534 387 11 15 0.035583764 
420 407 12 16 0.03541156 
881 366 12 16 0.035264425 
892 388 12 14 0.034646623 
518 412 12 15 0.033792403 
371 431 14 16 0.03338363 
508 414 12 15 0.033255678 
825 414 11 15 0.03276542 
414 425 10 15 0.03258973 
417 403 20 27 0.032509442 
901 378 11 14 0.032234963 
441 418 19 25 0.031897955 
252 430 12 15 0.031485315 
836 399 10 13 0.031194186 
573 373 12 14 0.031125842 
487 404 10 14 0.031043164 
879 377 14 19 0.03075832 
476 414 10 13 0.030726539 
1006 428 14 18 0.030593205 
342 431 12 15 0.03028395 
695 354 14 20 0.030116394 
541 409 12 15 0.030063316 
358 445 11 14 0.030061828 
433 433 11 15 0.0295296 
779 401 13 17 0.029475454 
805 389 11 15 0.02931476 
470 427 12 16 0.029313186 
501 442 13 16 0.028193815 
277 357 12 18 0.02803738 
475 428 13 17 0.027813824 
759 387 11 16 0.027804721 
813 396 11 16 0.027650591 
550 410 10 14 0.02755616 
709 362 15 20 0.027470844 
380 447 16 20 0.02723457 
431 408 13 19 0.027183382 
533 404 20 25 0.02707756 
791 404 12 17 0.02681103 
860 396 11 14 0.02628469 
881 375 23 28 0.026199633 
383 413 10 13 0.025886463 
780 381 11 14 0.025772793 
399 443 9 13 0.025681267 
886 383 14 17 0.025547918 
460 414 20 25 0.025173834 
774 383 11 13 0.025140306 
877 386 11 14 0.025113348 
248 443 10 12 0.024888312 
580 380 13 18 0.024841025 
470 460 11 14 0.024460167 
400 408 10 13 0.024313362 
757 403 11 15 0.024288826 
856 396 10 12 0.024249922 
791 388 11 14 0.024172615 
924 410 12 17 0.024171548 
614 404 13 17 0.02411629 
741 393 13 16 0.023750076 
478 404 10 14 0.02370359 
951 424 16 21 0.023695504 
716 358 15 18 0.023655793 
524 401 12 16 0.02364248 
872 381 11 15 0.023616908 
811 402 12 16 0.023464538 
567 373 11 15 0.023310926 
439 407 21 26 0.023117142 
551 420 11 14 0.023029527 
334 450 13 14 0.02300717 
707 411 11 15 0.022902844 
871 393 20 25 0.022860486 
907 402 12 17 0.022565892 
378 426 14 17 0.022442522 
404 435 11 14 0.022160916 
446 413 11 15 0.022147177 
699 351 14 16 0.02208837 
571 381 13 18 0.021994958 
860 391 10 13 0.021975089 
620 405 13 17 0.02196921 
390 427 10 14 0.021939736 
288 454 9 11 0.021828905 
974 426 20 27 0.02156964 
990 423 11 13 0.02128033 
387 450 13 18 0.021232296 
495 368 9 11 0.021116735 
748 388 14 18 0.021032434 
558 420 12 15 0.02101944 
724 355 13 16 0.02091877 
895 420 14 17 0.020878088 
775 375 9 11 0.020871866 
738 383 21 28 0.020629756 
399 426 13 15 0.02059682 
476 370 14 15 0.020356428 
567 387 15 21 0.02030054 
337 437 13 15 0.02025367 
316 439 11 13 0.020234102 
833 445 10 13 0.02011698 
532 372 11 14 0.020052206 
524 386 13 17 0.020038176 
811 412 12 15 0.020000855 
