29_Students_Schoolkids_Students_Schoolkids_29_585
24
109 165 45 55 0.9975364 
465 48 72 88 0.99725395 
1012 143 13 20 0.051762972 
137 156 24 34 0.043994736 
388 341 13 17 0.041631293 
280 216 8 10 0.040043283 
888 31 9 10 0.037131857 
305 238 11 12 0.03612236 
1001 137 21 32 0.035432562 
1001 191 11 15 0.030139592 
280 220 9 11 0.02977226 
994 144 15 18 0.029202426 
859 58 14 18 0.02806727 
342 296 15 18 0.02661124 
1 463 8 13 0.02573936 
363 313 17 22 0.024720604 
965 156 13 16 0.024537098 
857 82 10 12 0.023924982 
858 12 14 15 0.023743987 
1005 193 14 19 0.023486804 
272 221 10 12 0.022615187 
445 270 29 48 0.022026304 
1008 228 12 15 0.020793844 
860 20 12 13 0.02051655 
