29_Students_Schoolkids_Students_Schoolkids_29_432
140
587 2 72 61 0.983705 
713 28 127 158 0.35875306 
151 472 12 17 0.27972862 
265 611 62 75 0.26179534 
894 167 62 86 0.19894837 
204 483 15 19 0.17654462 
867 -4 118 137 0.1635316 
147 488 12 17 0.15412873 
181 403 11 15 0.15179819 
61 518 13 15 0.13158664 
199 363 11 15 0.122677274 
102 502 14 17 0.11693779 
272 431 24 28 0.11630253 
125 572 24 33 0.11559632 
170 489 15 17 0.10962257 
132 470 11 14 0.104150355 
787 18 28 37 0.09633323 
199 470 11 14 0.09522645 
245 384 22 28 0.08972307 
10 501 16 21 0.08286186 
133 413 12 16 0.08230057 
319 367 26 30 0.06957521 
206 398 12 17 0.06895006 
211 398 13 15 0.06832143 
805 40 156 190 0.062328562 
302 416 15 22 0.062170573 
219 429 14 15 0.062029812 
51 426 15 20 0.060983647 
501 11 56 74 0.05867783 
60 546 19 23 0.053757057 
24 380 13 16 0.05323536 
372 302 12 15 0.05320369 
27 443 15 19 0.052628297 
113 436 11 14 0.05225527 
152 483 15 18 0.051779065 
231 382 10 13 0.050881907 
447 121 59 63 0.05002283 
248 602 105 114 0.049957298 
144 470 11 15 0.049636867 
381 286 9 11 0.049568012 
416 311 11 13 0.049358696 
76 489 15 20 0.04870079 
151 343 12 15 0.04859774 
180 427 10 13 0.04781238 
262 425 39 47 0.047116805 
95 478 11 14 0.04624607 
178 484 13 17 0.045738235 
366 302 12 14 0.045650236 
100 477 10 13 0.044589154 
1 379 11 17 0.04415914 
115 428 12 15 0.043862063 
126 472 14 17 0.04232005 
175 422 12 16 0.041442767 
18 505 16 22 0.041294843 
276 366 25 28 0.040540345 
126 495 10 12 0.040130295 
55 517 13 17 0.039744586 
220 388 11 13 0.039473087 
137 418 14 17 0.037911776 
134 481 12 16 0.037708223 
120 470 11 14 0.037307847 
132 462 10 12 0.036064886 
167 496 13 15 0.03584037 
1 248 466 448 0.034899272 
220 413 12 13 0.03420946 
207 392 10 13 0.033102263 
121 586 12 17 0.03240863 
231 413 10 12 0.0321539 
93 545 14 16 0.03176659 
48 420 12 16 0.031202659 
437 341 54 86 0.030964969 
206 410 14 17 0.030889748 
145 460 10 15 0.030345783 
25 373 28 30 0.030110618 
144 456 9 12 0.029975316 
73 707 28 33 0.029258482 
149 463 12 15 0.029227473 
293 318 10 11 0.028603893 
245 381 16 19 0.028398959 
693 52 167 238 0.027781425 
73 553 16 19 0.027447404 
142 464 18 25 0.027445719 
218 394 12 15 0.027213288 
298 400 24 36 0.027210582 
118 486 12 13 0.027166042 
176 332 9 12 0.027024843 
215 340 10 12 0.026499989 
77 566 13 17 0.026351241 
68 494 17 21 0.026166162 
345 299 99 118 0.025996538 
291 416 24 31 0.025865851 
221 382 13 15 0.025781523 
218 419 14 15 0.02564693 
58 428 16 21 0.025551759 
199 431 9 11 0.025468452 
50 624 16 21 0.025394373 
155 326 10 12 0.025320033 
208 402 21 26 0.025260946 
338 419 16 21 0.02519847 
83 460 15 16 0.02516115 
197 399 16 22 0.025138421 
35 462 24 28 0.025081882 
196 333 10 12 0.02487172 
477 -73 447 450 0.024791762 
203 358 12 16 0.024308058 
200 463 11 14 0.024180917 
270 370 14 18 0.024175985 
236 420 12 14 0.024056913 
117 442 10 12 0.024055569 
147 414 12 14 0.023890749 
129 475 20 26 0.023633743 
191 482 12 16 0.023373855 
12 379 13 17 0.022690162 
280 425 25 32 0.022237238 
84 467 14 17 0.022196881 
188 403 13 18 0.022013705 
3 504 23 34 0.021942258 
128 419 14 17 0.02191397 
161 360 9 11 0.021874288 
367 292 13 15 0.021789508 
192 476 12 16 0.021621127 
140 428 11 14 0.02160558 
266 372 24 28 0.021559214 
445 304 90 114 0.021474281 
436 106 106 102 0.021350756 
43 484 16 18 0.021342678 
183 548 14 18 0.021252938 
101 495 13 16 0.021086795 
196 341 10 12 0.021076629 
50 469 17 19 0.020917216 
213 421 22 25 0.020862358 
143 324 11 14 0.020567834 
102 471 10 13 0.020535585 
400 71 39 59 0.02048115 
133 422 14 18 0.020408494 
27 450 21 30 0.020273946 
175 399 12 15 0.020115696 
27 430 25 33 0.020099683 
378 301 13 14 0.020051306 
209 333 11 14 0.020002678 
