29_Students_Schoolkids_Students_Schoolkids_29_158
61
575 696 74 89 0.99852115 
595 396 44 52 0.9946655 
550 500 50 60 0.99425703 
74 1118 87 120 0.542186 
507 233 14 17 0.26688355 
686 169 15 20 0.18370733 
619 319 13 15 0.13057455 
737 230 12 15 0.12268037 
-2 1284 24 52 0.0910311 
673 396 34 42 0.079905264 
911 346 43 49 0.07216155 
440 165 11 13 0.06565026 
590 243 41 54 0.06259845 
732 214 9 11 0.059912648 
686 390 31 40 0.056732237 
658 504 27 40 0.05407876 
452 217 15 17 0.04568862 
662 228 10 13 0.04478689 
751 267 13 14 0.043036312 
735 222 10 13 0.040586334 
368 219 33 34 0.040098004 
635 351 16 18 0.034189984 
614 319 23 25 0.03372086 
584 300 10 13 0.033699874 
663 404 30 35 0.03299614 
120 1096 95 137 0.032845043 
453 225 15 18 0.03264612 
684 376 27 35 0.032631293 
436 269 11 14 0.03179155 
651 369 12 16 0.03169751 
833 401 34 37 0.031462543 
775 363 36 40 0.030603277 
474 155 14 17 0.030400593 
682 364 25 32 0.029992776 
685 362 15 19 0.028785545 
530 508 28 40 0.028403752 
462 188 11 13 0.028148133 
675 373 25 32 0.028115563 
430 273 11 14 0.027436897 
718 222 9 12 0.027397288 
599 254 10 11 0.026615625 
721 252 9 12 0.02605606 
662 236 9 12 0.025899237 
160 1085 101 148 0.024690846 
456 188 9 12 0.023917241 
434 166 9 13 0.023681391 
612 330 17 18 0.023532629 
663 356 11 14 0.023233753 
677 417 13 18 0.02292002 
725 246 12 15 0.022613417 
502 223 13 16 0.02215733 
655 414 11 14 0.02197276 
504 240 13 15 0.021577444 
43 245 17 19 0.021460297 
625 345 42 49 0.021228401 
709 537 29 34 0.021223664 
681 158 26 33 0.020526195 
768 373 51 64 0.020418596 
39 241 28 34 0.020269725 
694 368 28 34 0.020196369 
369 232 43 50 0.02007979 
