29_Students_Schoolkids_Students_Schoolkids_29_10
105
657 366 26 32 0.9984382 
576 337 22 28 0.9957373 
458 295 17 20 0.98451936 
524 377 23 28 0.9832607 
525 317 17 22 0.98102355 
557 280 14 18 0.97627777 
481 368 21 27 0.9614566 
422 353 26 33 0.95669085 
465 330 18 24 0.92317593 
523 275 12 15 0.91802865 
483 304 14 17 0.7012264 
612 323 17 21 0.45646766 
629 352 21 23 0.40886313 
595 290 14 17 0.35175052 
510 287 11 14 0.25740024 
527 295 12 14 0.25032008 
584 413 19 19 0.13632137 
431 338 13 16 0.12428207 
439 300 12 16 0.12103495 
498 321 14 19 0.115754366 
501 300 13 17 0.106652364 
482 276 10 12 0.1034805 
641 353 16 19 0.07708875 
516 227 11 14 0.073529005 
503 291 12 16 0.07342035 
618 317 14 18 0.07188372 
462 243 11 14 0.06698622 
493 300 13 17 0.064102985 
508 298 14 19 0.06365207 
599 262 10 12 0.06279698 
485 270 11 14 0.061674014 
525 361 17 21 0.061453965 
542 198 16 22 0.06085271 
493 271 10 13 0.060005724 
517 282 13 15 0.056350414 
508 259 11 14 0.0543175 
504 250 11 14 0.053736564 
605 316 15 19 0.04628671 
550 373 12 16 0.04619585 
566 334 23 29 0.04325872 
593 253 10 12 0.042012878 
464 291 16 21 0.04195748 
495 293 11 15 0.04073047 
456 276 10 13 0.04025466 
531 274 11 16 0.038742144 
545 300 12 15 0.03802096 
557 342 15 21 0.03554175 
452 229 12 15 0.03539676 
642 363 23 31 0.03509994 
601 266 10 13 0.034739684 
507 322 13 17 0.034497865 
124 190 17 22 0.032975834 
492 248 13 16 0.031223286 
426 339 22 28 0.031202177 
471 278 10 11 0.02999841 
551 289 12 18 0.0298486 
642 397 14 18 0.02973689 
541 401 16 22 0.029124621 
488 247 11 13 0.028241139 
446 199 9 10 0.028000358 
611 332 16 22 0.027965466 
442 304 13 16 0.02789968 
443 295 19 25 0.02743643 
583 130 16 20 0.026901478 
496 286 10 14 0.026778141 
574 203 45 57 0.026728775 
637 566 11 15 0.026292775 
486 264 10 12 0.025912816 
575 80 437 566 0.02549602 
523 297 19 22 0.024884228 
472 270 10 12 0.024803717 
606 263 10 12 0.024707615 
613 278 10 13 0.024650102 
463 173 10 12 0.024633909 
529 310 15 19 0.024615228 
567 434 13 17 0.024189519 
540 275 13 16 0.024090175 
485 293 13 16 0.023565387 
502 269 11 14 0.023257215 
-7 7 361 486 0.023236157 
421 339 14 16 0.023163196 
427 482 16 20 0.023149345 
633 369 17 20 0.023117648 
608 278 10 13 0.023097774 
549 321 14 19 0.023010202 
484 285 12 15 0.022991601 
516 292 12 15 0.022985324 
493 262 10 12 0.022898959 
833 38 8 11 0.022716405 
615 262 11 13 0.022406412 
624 353 16 20 0.022148063 
605 285 10 13 0.022008061 
512 277 12 16 0.02198221 
420 369 26 34 0.021890465 
593 260 10 12 0.021686459 
449 278 8 11 0.021563979 
446 286 10 13 0.021486819 
604 308 15 18 0.021401972 
163 179 25 27 0.02139441 
459 270 11 13 0.021265652 
508 247 10 12 0.02112338 
441 462 17 17 0.020444551 
625 348 12 16 0.020433906 
467 239 10 13 0.020423621 
508 312 15 19 0.020098075 
