29_Students_Schoolkids_Students_Schoolkids_29_250
28
662 55 106 150 0.99966 
133 188 16 21 0.838556 
74 166 21 29 0.8348184 
166 169 16 22 0.5269571 
30 196 14 19 0.2447646 
845 211 13 17 0.087519996 
171 169 22 26 0.08676267 
144 630 11 14 0.08630568 
206 197 14 19 0.076151356 
262 471 13 16 0.0627512 
245 468 10 12 0.048065074 
178 163 15 19 0.04654103 
237 491 29 36 0.045186214 
114 210 15 20 0.038897578 
774 165 54 69 0.035689883 
91 146 15 19 0.035614606 
-1 105 23 37 0.035306476 
142 163 13 19 0.033816893 
852 220 13 17 0.031082412 
125 154 20 25 0.028646577 
264 476 16 16 0.026784863 
243 465 9 11 0.026426952 
80 155 23 29 0.024580574 
118 280 15 18 0.023515234 
860 223 14 17 0.021940159 
162 238 16 22 0.021860724 
211 187 16 26 0.020872392 
842 201 20 29 0.020594412 
