29_Students_Schoolkids_Students_Schoolkids_29_311
102
234 378 17 22 0.9765772 
298 378 14 18 0.9651257 
446 394 15 19 0.93125594 
120 369 11 14 0.8825228 
48 374 13 16 0.8559265 
203 389 13 17 0.7547356 
0 364 8 13 0.46045715 
204 383 13 15 0.3697195 
417 435 21 26 0.3629503 
261 423 17 19 0.35555777 
446 370 13 17 0.29418084 
686 416 25 31 0.16650331 
99 358 12 15 0.1212425 
176 416 10 12 0.104446776 
17 431 9 11 0.09737598 
833 387 14 18 0.09095999 
830 426 11 13 0.08375733 
73 389 9 11 0.079951145 
179 419 12 15 0.075417906 
141 403 9 13 0.06727065 
504 246 476 552 0.05743512 
19 435 11 14 0.05724295 
33 374 9 12 0.051581305 
680 417 39 51 0.051065102 
16 423 8 11 0.04916793 
135 355 10 13 0.046775218 
9 374 9 12 0.04673795 
33 379 10 13 0.04437817 
93 389 9 11 0.042621724 
95 406 8 11 0.042498086 
725 453 10 14 0.04146779 
826 390 23 28 0.039227173 
94 382 10 12 0.03913992 
162 375 9 10 0.038850274 
722 433 14 20 0.038533885 
413 448 14 20 0.03765803 
425 150 10 11 0.037588112 
761 72 7 9 0.03731489 
688 441 27 35 0.036934126 
427 439 20 26 0.036882285 
31 368 8 10 0.0364877 
1014 117 7 11 0.03636468 
730 70 9 11 0.0361973 
23 415 10 13 0.03552308 
236 409 12 14 0.03518822 
734 434 13 20 0.033704128 
767 72 9 10 0.033373307 
162 367 9 11 0.033092156 
739 442 13 17 0.032837123 
161 379 9 11 0.032683436 
43 492 11 15 0.03163175 
367 118 10 12 0.031593416 
692 460 17 23 0.030955484 
142 355 10 12 0.030539874 
94 399 8 10 0.030426148 
15 411 10 15 0.030416097 
442 436 20 30 0.029811293 
86 352 10 12 0.0297134 
15 405 9 13 0.028933063 
173 396 9 11 0.028783694 
77 384 8 11 0.02877515 
100 374 12 13 0.028368212 
230 400 15 19 0.027591256 
471 436 9 14 0.026158478 
506 127 8 11 0.026114719 
0 381 7 13 0.02604094 
444 372 20 26 0.025766937 
305 380 13 15 0.025344959 
126 351 9 11 0.025248893 
260 413 18 20 0.025051232 
20 443 11 13 0.024922663 
70 358 9 11 0.024746075 
698 422 29 32 0.02448228 
765 461 13 15 0.024284177 
671 445 9 14 0.024175158 
196 402 13 17 0.02387619 
733 412 10 14 0.023762897 
436 447 15 19 0.023404626 
505 134 8 10 0.023155322 
697 418 17 21 0.022657132 
182 427 13 16 0.022605957 
166 415 10 12 0.022547768 
530 91 10 13 0.022519095 
94 354 20 23 0.022375224 
255 396 12 16 0.02223183 
400 490 13 19 0.021775547 
286 415 12 16 0.021690652 
705 15 8 10 0.021372722 
309 414 11 12 0.021365907 
0 432 7 11 0.021321742 
210 380 11 15 0.02123873 
453 434 22 32 0.021232227 
118 351 10 12 0.02104999 
5 366 10 12 0.0208445 
407 456 14 18 0.020818608 
304 37 8 10 0.02078978 
535 92 10 13 0.020766983 
411 489 18 22 0.020592926 
746 93 9 12 0.020553613 
312 5 9 10 0.020228704 
188 407 14 16 0.02015248 
47 369 11 15 0.02011368 
