29_Students_Schoolkids_Students_Schoolkids_29_477
40
730 83 34 43 0.99805427 
432 102 53 64 0.99732816 
873 296 66 89 0.99650735 
872 209 44 57 0.97825843 
841 143 43 56 0.9700447 
832 104 35 44 0.93361187 
499 111 48 58 0.71214586 
969 400 56 95 0.31355092 
833 89 25 33 0.21993873 
82 416 145 134 0.1366452 
827 62 30 33 0.08066952 
839 116 48 60 0.060327508 
826 75 29 37 0.05902242 
789 130 15 19 0.049499486 
981 369 45 82 0.04444225 
884 79 25 34 0.03821045 
716 83 12 18 0.03264028 
476 106 33 42 0.03188633 
105 141 8 9 0.028759029 
797 6 9 11 0.028542485 
889 324 57 95 0.027970018 
941 385 99 138 0.027873104 
834 1 14 12 0.027159264 
348 206 15 18 0.02605594 
420 115 14 19 0.025360655 
488 93 77 95 0.025046973 
568 109 10 12 0.02471598 
34 157 8 10 0.024395373 
864 176 46 65 0.023997346 
482 119 40 45 0.023676617 
901 30 14 18 0.023271924 
897 43 24 29 0.022248782 
885 0 15 12 0.02183954 
875 315 36 55 0.021779068 
816 234 43 58 0.021708546 
866 22 12 15 0.021652626 
311 137 45 59 0.021200292 
215 135 10 12 0.02040638 
891 30 21 30 0.020349037 
151 133 9 11 0.020313052 
