29_Students_Schoolkids_Students_Schoolkids_29_66
86
648 127 33 43 0.9943474 
399 106 34 43 0.9942128 
450 169 32 43 0.99308044 
324 195 26 49 0.9884417 
191 91 28 40 0.97905356 
15 142 24 40 0.9426744 
320 109 37 45 0.9345971 
816 181 21 33 0.8843563 
474 127 25 41 0.8750095 
919 174 21 35 0.85370755 
169 141 27 50 0.78914225 
284 120 21 35 0.58255535 
704 201 23 42 0.57559794 
780 144 22 32 0.55196553 
0 164 21 44 0.5479216 
864 145 22 28 0.50302327 
502 127 27 41 0.47066656 
113 125 23 46 0.4106247 
307 116 36 42 0.3757577 
650 230 19 21 0.28018785 
4 153 27 47 0.23960505 
633 233 16 21 0.15529117 
771 179 18 21 0.13772605 
534 78 21 38 0.10824954 
582 121 15 22 0.10771478 
849 179 22 31 0.10672867 
288 115 37 47 0.08451856 
448 474 10 13 0.07727321 
909 166 23 40 0.076081015 
25 272 16 18 0.07306105 
963 169 24 41 0.06912263 
977 146 28 34 0.0689155 
693 198 26 39 0.06692599 
300 208 33 36 0.066647805 
171 125 38 55 0.0666433 
0 164 11 18 0.05988016 
717 203 24 40 0.059876204 
84 211 60 66 0.054692365 
859 160 23 30 0.051511418 
873 157 16 22 0.050974254 
250 279 27 36 0.046060108 
101 127 26 37 0.044494156 
453 460 10 12 0.044163596 
911 209 14 18 0.041397624 
884 197 13 17 0.040944606 
586 126 16 22 0.036633715 
423 472 14 18 0.035096217 
988 148 30 37 0.03405894 
812 135 17 25 0.033573784 
420 464 23 30 0.033510856 
852 192 24 32 0.033508033 
969 155 34 42 0.033251103 
684 209 29 35 0.032838125 
764 182 17 22 0.03258994 
641 228 23 30 0.03167075 
1001 153 25 41 0.031198883 
857 218 17 19 0.029577369 
101 63 23 32 0.028853036 
597 459 12 16 0.027867194 
486 481 11 16 0.027641285 
774 158 24 31 0.027552774 
123 137 27 44 0.027438948 
660 198 26 37 0.02711036 
807 170 26 34 0.027056994 
663 290 28 30 0.026615754 
450 511 16 18 0.026160175 
910 188 25 33 0.025501845 
13 154 16 26 0.025240935 
187 139 40 53 0.025149189 
204 99 32 34 0.024762187 
242 124 16 19 0.02469336 
630 476 8 11 0.024348386 
513 137 18 27 0.024027597 
493 475 16 19 0.024012867 
904 210 24 28 0.02365959 
36 149 28 34 0.023211304 
926 173 27 34 0.022742331 
728 205 22 35 0.022369035 
862 186 24 32 0.022179425 
651 232 27 36 0.022078022 
525 85 24 38 0.021720579 
639 130 27 38 0.020507196 
629 233 27 34 0.02040495 
619 227 26 31 0.02039731 
575 96 24 38 0.020135013 
597 445 10 12 0.020082153 
