29_Students_Schoolkids_Students_Schoolkids_29_624
148
147 150 43 55 0.996863 
758 261 10 12 0.8325738 
1007 261 14 19 0.39962378 
557 289 12 17 0.2992222 
511 256 9 11 0.23160167 
253 254 8 9 0.22875625 
564 278 8 12 0.20181723 
342 247 8 10 0.18928352 
564 292 10 13 0.14108574 
263 276 8 10 0.13026494 
798 256 7 9 0.11454348 
565 311 9 11 0.10455761 
286 264 11 13 0.09820803 
696 248 10 12 0.09664119 
564 335 8 10 0.09561551 
507 277 10 13 0.09106183 
685 261 9 12 0.08981247 
281 254 8 9 0.08574471 
237 276 9 12 0.08343757 
231 277 11 13 0.07257002 
574 304 9 10 0.070875295 
688 254 8 11 0.07003216 
39 269 9 11 0.068024784 
205 264 8 9 0.06473817 
345 128 8 10 0.06324307 
60 256 10 12 0.06297914 
250 249 8 10 0.061853822 
958 256 8 11 0.06042094 
280 262 10 13 0.06011121 
225 294 8 10 0.06007593 
739 254 10 13 0.059327647 
401 249 10 12 0.05642848 
507 253 9 12 0.055337016 
968 246 10 14 0.05447896 
505 247 9 12 0.053666938 
824 241 8 9 0.053455263 
473 265 9 11 0.051771842 
201 279 7 9 0.048167806 
453 231 11 14 0.0477662 
537 284 8 12 0.047501564 
958 261 9 10 0.047128513 
230 284 10 12 0.047031414 
58 259 9 12 0.046576552 
287 272 12 15 0.044976596 
375 221 8 10 0.04494007 
247 259 8 11 0.04464287 
285 255 8 9 0.044501692 
515 261 9 12 0.04377693 
226 287 8 10 0.043650832 
583 239 7 9 0.042834338 
799 209 8 9 0.042278964 
293 276 9 12 0.04083414 
506 272 8 11 0.040226456 
281 277 9 12 0.040216368 
206 286 7 9 0.038073458 
303 262 9 11 0.037855268 
575 308 9 12 0.036966536 
543 311 8 12 0.036505204 
201 272 8 10 0.03618267 
255 262 8 10 0.03576251 
565 273 9 11 0.035747774 
207 302 10 12 0.035701234 
505 260 9 12 0.03472462 
477 268 9 11 0.033668667 
735 247 10 13 0.033605725 
672 246 8 10 0.033437744 
560 273 9 11 0.032841228 
568 301 9 12 0.03224695 
293 262 9 12 0.032022737 
809 245 9 11 0.03183558 
651 302 12 16 0.031645894 
584 290 9 12 0.030715697 
566 328 7 9 0.030637952 
95 277 12 14 0.030490492 
192 278 8 10 0.030380217 
550 336 8 10 0.029702088 
558 260 8 10 0.029534096 
815 246 7 10 0.029528752 
793 262 8 11 0.029501215 
549 341 9 12 0.029468607 
495 308 10 12 0.029227106 
549 372 13 14 0.0290466 
348 126 10 11 0.028632691 
582 278 8 11 0.028598415 
370 222 8 11 0.028138027 
792 270 8 11 0.027999455 
655 181 29 31 0.027811242 
248 278 9 11 0.027706001 
561 327 9 11 0.027693564 
359 120 9 11 0.027627409 
732 259 14 18 0.02761172 
954 262 9 11 0.02740774 
727 253 11 14 0.027281348 
719 246 10 12 0.02721732 
582 272 9 10 0.027177248 
758 247 9 12 0.026825467 
273 253 8 10 0.026710372 
493 279 9 11 0.026705613 
581 310 8 10 0.026126012 
515 255 9 12 0.026012424 
280 299 9 11 0.025639197 
539 283 12 15 0.025556935 
583 254 7 10 0.02553761 
776 263 9 10 0.025213167 
341 250 10 14 0.024995724 
783 263 8 10 0.024939662 
966 263 9 11 0.02477772 
781 294 9 11 0.024685895 
1000 260 12 17 0.024593366 
755 244 8 11 0.02458052 
206 269 9 11 0.023740431 
1005 254 14 17 0.023605812 
302 287 8 10 0.023561975 
366 126 8 11 0.023411047 
543 303 9 11 0.023317425 
255 276 9 13 0.023284072 
960 248 9 12 0.02322881 
728 261 11 15 0.02321449 
237 301 10 12 0.02281867 
863 201 210 248 0.022669798 
529 278 7 11 0.02262784 
561 240 8 10 0.022422442 
535 241 7 10 0.022407312 
213 300 9 11 0.022363342 
263 248 9 10 0.022249674 
755 256 19 22 0.022231476 
274 263 9 12 0.021759547 
239 255 9 11 0.021420753 
551 297 11 13 0.021297524 
96 284 13 14 0.021236394 
564 339 9 12 0.021185227 
272 269 10 13 0.021089291 
304 293 8 10 0.020936728 
206 279 8 11 0.02074678 
360 125 10 12 0.020659328 
551 327 8 10 0.020659246 
439 227 11 15 0.020556455 
579 255 7 9 0.020386668 
375 135 7 9 0.020368185 
360 248 8 11 0.02026567 
699 251 10 13 0.020264108 
446 229 12 16 0.020248258 
816 240 9 11 0.020234829 
213 271 9 11 0.02020731 
1004 274 12 14 0.020173078 
367 248 8 10 0.020160345 
79 294 12 14 0.020141395 
542 293 11 13 0.02003678 
