29_Students_Schoolkids_Students_Schoolkids_29_42
37
249 233 186 238 0.9998363 
185 163 26 36 0.9989096 
560 264 24 28 0.9865876 
518 271 15 22 0.92804337 
448 198 18 31 0.5681456 
486 237 22 27 0.32723475 
556 302 17 20 0.13324863 
435 196 23 29 0.0969315 
665 0 53 43 0.094295636 
500 264 14 19 0.091616645 
828 -13 130 157 0.0693998 
808 477 87 134 0.06477352 
22 447 384 465 0.057691935 
520 679 60 50 0.054419197 
474 239 22 29 0.050541393 
800 422 177 214 0.043410122 
616 31 417 461 0.042059172 
490 228 18 24 0.04182755 
594 294 16 21 0.0417545 
122 381 42 39 0.040604964 
599 284 24 31 0.040446777 
510 268 16 21 0.039810114 
491 252 23 30 0.039661728 
227 185 39 47 0.036158036 
428 197 17 22 0.035458107 
914 581 19 24 0.033780947 
530 190 386 496 0.03218523 
606 268 13 17 0.026248658 
138 346 53 56 0.02612561 
110 386 68 56 0.02564354 
778 17 183 229 0.023639927 
147 333 35 47 0.023409067 
638 -3 64 60 0.022795731 
59 395 13 16 0.021015115 
866 9 75 96 0.020952586 
548 333 11 16 0.020696513 
650 2 39 24 0.020423288 
