29_Students_Schoolkids_Students_Schoolkids_29_525
125
608 176 181 221 0.99936825 
353 103 84 105 0.9971635 
193 35 62 71 0.9866443 
486 491 12 14 0.3037824 
155 121 12 16 0.08082045 
538 447 7 9 0.08046893 
469 478 9 12 0.06455248 
342 5 9 12 0.06302727 
506 423 8 10 0.05863042 
637 18 11 14 0.057383366 
503 462 8 10 0.0573273 
537 431 8 10 0.057070818 
495 454 8 10 0.055467393 
538 438 8 10 0.055410348 
520 433 7 9 0.0543919 
518 416 7 9 0.052192677 
514 398 8 10 0.051073723 
488 454 7 10 0.050709806 
125 104 12 17 0.05039509 
462 456 9 11 0.050250113 
527 424 8 10 0.04968529 
555 440 8 10 0.048244752 
584 13 8 11 0.048117306 
511 431 9 10 0.046632636 
520 437 7 10 0.046297364 
565 191 48 75 0.045971613 
505 469 9 11 0.042559486 
542 431 9 11 0.041266687 
464 433 7 9 0.04072665 
519 453 9 10 0.039808262 
417 326 8 10 0.039784305 
526 431 8 9 0.03928516 
342 13 9 12 0.039265025 
488 448 7 9 0.038782176 
487 412 10 12 0.03849391 
526 447 7 9 0.03807368 
502 456 8 11 0.037994687 
244 41 52 63 0.037086464 
519 423 8 9 0.03699953 
535 425 7 8 0.03596295 
505 430 9 10 0.035001222 
570 211 28 47 0.034396093 
745 449 146 159 0.034322787 
450 445 8 9 0.034280717 
286 460 47 63 0.033761527 
512 455 8 10 0.033743486 
509 470 9 11 0.033409704 
464 439 7 9 0.033077125 
520 447 8 10 0.03301163 
480 439 8 10 0.032903433 
149 116 22 29 0.032583177 
457 457 7 10 0.032515425 
538 542 7 10 0.03244955 
544 407 7 9 0.032448784 
454 440 8 10 0.032361347 
448 439 9 11 0.032323044 
504 438 8 11 0.03218605 
510 424 8 10 0.03202811 
456 391 8 10 0.030858694 
534 456 8 9 0.029737014 
503 486 9 10 0.029626125 
530 462 8 10 0.029232789 
537 416 7 7 0.029223345 
453 422 9 11 0.028902413 
472 440 7 9 0.02874481 
471 417 7 10 0.028480833 
463 416 7 10 0.028394466 
1 153 12 20 0.028217064 
511 463 9 11 0.028194508 
471 494 8 11 0.028192338 
482 135 43 54 0.028129682 
533 22 10 13 0.028020127 
544 425 7 9 0.027902061 
522 509 10 13 0.027582968 
487 431 8 10 0.027351042 
533 3 13 14 0.027209744 
491 488 10 12 0.027039768 
470 484 8 10 0.026864769 
536 408 7 9 0.02645203 
505 407 8 9 0.026393306 
446 461 8 10 0.02622872 
559 422 7 9 0.02602509 
544 454 7 9 0.02585763 
528 455 8 9 0.025753288 
518 493 8 10 0.025726737 
488 423 9 10 0.025667164 
513 415 8 10 0.025552519 
480 446 8 10 0.025371253 
518 488 8 10 0.025317093 
480 478 9 11 0.025263377 
161 113 9 12 0.025252588 
464 484 9 11 0.024913898 
527 408 8 8 0.024685793 
464 502 7 10 0.024478553 
534 463 8 9 0.024187755 
526 523 9 11 0.02376083 
505 479 10 11 0.023753708 
582 0 11 11 0.02371341 
479 500 11 12 0.023189826 
492 414 9 11 0.023097333 
513 436 8 11 0.023084112 
482 463 8 10 0.02284542 
541 472 8 10 0.022776635 
555 444 8 11 0.022758111 
525 438 7 10 0.022718318 
448 302 10 11 0.022375863 
456 462 8 10 0.022212086 
492 423 9 10 0.022003893 
552 454 8 10 0.021989537 
509 477 8 10 0.021839496 
498 460 8 11 0.021836234 
493 431 9 10 0.02170977 
486 439 8 10 0.021290734 
482 454 8 10 0.020888058 
469 472 9 12 0.02078055 
381 29 13 17 0.020698002 
464 421 7 10 0.020663928 
537 536 8 10 0.020648208 
416 342 10 12 0.020634824 
465 445 8 11 0.020372162 
528 400 8 8 0.020344447 
501 531 14 16 0.020268256 
350 15 9 12 0.02023932 
495 479 9 10 0.020157728 
168 114 32 35 0.020145493 
