56_Voter_peoplevoting_56_118
41
282 93 91 118 0.9997327 
361 13 79 99 0.99067104 
107 7 60 62 0.96614957 
568 130 53 79 0.7131485 
668 67 40 50 0.45519346 
450 -1 46 69 0.44746733 
697 120 42 60 0.42077518 
658 84 64 86 0.37081888 
574 96 56 84 0.35232994 
586 245 112 101 0.18910839 
227 455 61 75 0.12431567 
72 417 109 102 0.08928254 
109 122 43 62 0.08719421 
813 -3 58 49 0.084250405 
589 82 89 112 0.076398864 
988 338 35 69 0.06681696 
525 223 187 220 0.0552274 
554 99 52 92 0.050118912 
423 -10 69 103 0.050040647 
435 154 323 403 0.041138742 
587 136 60 88 0.040865317 
247 441 86 101 0.039106417 
801 9 54 59 0.03741145 
943 424 86 158 0.037290495 
793 29 49 60 0.035668116 
843 -4 67 55 0.03173008 
525 21 33 39 0.03153501 
211 464 98 109 0.028285975 
911 14 117 181 0.027268209 
3 310 201 216 0.02699731 
404 6 56 82 0.02650542 
468 14 52 72 0.026342914 
108 118 76 99 0.023905212 
88 408 200 185 0.02286479 
304 58 88 116 0.021997133 
506 20 48 62 0.021857869 
36 383 124 109 0.021704566 
543 61 104 135 0.021283636 
42 431 37 38 0.020866768 
635 241 65 72 0.020297317 
513 15 32 42 0.020069623 
