56_Voter_peoplevoting_56_1046
26
428 432 115 153 0.9999304 
446 311 50 67 0.22232924 
585 581 237 233 0.087201335 
792 366 12 15 0.06677095 
799 339 12 13 0.0577484 
449 299 38 50 0.05135238 
976 384 20 28 0.045908786 
60 1469 27 34 0.04500781 
-25 593 401 440 0.04162491 
330 321 46 55 0.040258426 
550 9 112 126 0.03848217 
326 1067 420 525 0.03793063 
597 18 66 71 0.03217818 
873 398 9 11 0.031946823 
714 206 212 279 0.031417698 
125 961 37 41 0.028523598 
673 0 38 33 0.028443377 
851 1206 27 31 0.028147494 
85 637 231 194 0.026131691 
740 619 243 226 0.025388 
133 344 14 17 0.025229642 
998 367 27 33 0.024905488 
881 372 11 13 0.023209754 
906 459 22 24 0.023078533 
40 345 14 18 0.022501973 
885 370 13 15 0.021599133 
