56_Voter_peoplevoting_56_874
259
972 255 44 65 0.9951114 
139 353 24 30 0.98864263 
667 252 26 31 0.9873115 
595 333 28 32 0.98655975 
686 445 83 145 0.9844125 
13 298 18 22 0.9751927 
153 392 27 34 0.96883225 
477 367 61 70 0.96509826 
90 340 24 30 0.9646306 
358 279 13 17 0.94797134 
66 282 13 18 0.94393563 
566 298 24 29 0.9414621 
234 394 44 50 0.93423164 
38 336 20 26 0.9273814 
771 291 51 73 0.9094008 
191 256 14 18 0.89953923 
367 252 13 17 0.8940633 
512 276 19 25 0.88545215 
156 283 16 23 0.8585431 
404 272 14 17 0.83099955 
111 298 14 17 0.74244577 
336 252 14 19 0.7163931 
514 212 15 17 0.6558286 
452 371 82 111 0.6112146 
422 250 9 13 0.57424307 
968 223 31 40 0.5505727 
407 245 10 14 0.521416 
275 273 16 20 0.4491213 
530 310 22 26 0.42797232 
455 289 17 20 0.40640792 
960 396 69 122 0.38653913 
171 311 15 19 0.36963084 
455 244 12 16 0.32954916 
415 250 11 14 0.29753798 
270 252 14 18 0.25164017 
454 250 15 19 0.24174137 
598 215 11 14 0.23997024 
5 275 16 19 0.2306941 
672 190 10 12 0.22425447 
429 227 10 13 0.21245055 
398 224 10 12 0.21138336 
544 311 21 29 0.20909432 
284 272 14 19 0.18079883 
221 319 15 19 0.17200305 
384 341 31 53 0.17051242 
486 239 10 12 0.17047386 
910 424 18 24 0.16169533 
332 231 10 12 0.15143214 
464 226 10 13 0.14458321 
318 253 12 16 0.14260603 
397 254 12 15 0.14075094 
554 317 18 26 0.13949187 
511 217 12 16 0.13747425 
466 206 8 10 0.12616448 
608 340 17 23 0.12057498 
657 183 7 10 0.11504853 
165 357 11 16 0.11289436 
478 220 9 11 0.11276965 
275 245 12 15 0.11177883 
293 243 13 16 0.11028108 
448 215 11 13 0.10978236 
726 111 16 19 0.10878633 
135 290 13 15 0.10617461 
888 291 33 54 0.10287514 
496 215 8 11 0.10113839 
220 257 13 15 0.09743707 
126 439 30 40 0.0959561 
506 229 10 13 0.0946804 
550 199 9 10 0.09451606 
745 158 9 11 0.091273874 
159 429 33 44 0.0840731 
312 267 11 14 0.08077534 
832 445 21 32 0.0764372 
84 574 55 67 0.075674064 
631 196 10 12 0.07263046 
374 228 12 15 0.07185546 
573 172 9 11 0.07083668 
287 238 14 17 0.070573725 
189 243 20 25 0.069543965 
473 214 8 12 0.068893895 
97 319 17 21 0.06887535 
233 268 12 15 0.06718556 
299 251 11 14 0.067083485 
637 193 8 10 0.065792754 
432 276 10 15 0.06469823 
966 225 44 66 0.062941276 
522 376 45 58 0.06292367 
657 187 9 12 0.059933037 
722 134 9 12 0.058967542 
762 72 16 20 0.056746203 
310 352 40 60 0.05575384 
577 205 9 10 0.054414283 
318 377 28 42 0.054087915 
491 361 41 44 0.052809678 
663 189 9 12 0.051932268 
867 442 17 21 0.051627077 
115 265 13 17 0.05121904 
625 176 8 10 0.051052026 
173 259 10 13 0.049775746 
7 289 19 25 0.049355436 
318 247 10 14 0.048425782 
401 237 13 16 0.0479572 
235 261 12 14 0.04768956 
610 367 22 27 0.046822958 
536 201 9 11 0.046329282 
344 221 11 13 0.044542182 
581 207 8 9 0.044409197 
452 353 62 71 0.044271745 
985 218 17 22 0.04362403 
680 125 10 13 0.04344736 
672 167 9 11 0.04341017 
153 354 16 21 0.043401778 
152 228 10 13 0.042871825 
393 347 42 65 0.042560827 
656 176 7 10 0.042558476 
437 281 12 17 0.041856512 
390 228 11 13 0.04105791 
393 223 9 12 0.041037984 
160 288 19 28 0.04057765 
673 185 9 12 0.040512852 
229 252 12 15 0.040441934 
139 143 33 37 0.04010856 
244 237 10 12 0.03994123 
485 231 10 12 0.039912056 
742 282 55 68 0.039867293 
222 246 10 13 0.03923587 
504 234 12 16 0.038450185 
593 199 8 11 0.03809171 
424 206 10 11 0.037902378 
544 199 9 12 0.037689764 
425 224 10 13 0.03652206 
131 385 16 25 0.03580319 
140 387 25 33 0.035780117 
467 253 11 14 0.035770603 
214 268 12 14 0.035409294 
170 300 17 22 0.035363283 
236 253 12 14 0.03489409 
679 255 17 22 0.034760885 
220 265 12 15 0.034370832 
127 293 10 14 0.0342858 
751 126 10 13 0.03428043 
161 388 17 24 0.034246463 
766 125 10 13 0.034227822 
505 223 10 13 0.03391791 
330 342 48 69 0.03356138 
481 229 9 12 0.03335284 
630 175 8 10 0.032656025 
960 209 30 44 0.03256834 
593 211 20 24 0.032517422 
663 257 19 21 0.032413445 
204 278 10 13 0.03241269 
423 211 11 14 0.032321636 
471 221 9 12 0.031863578 
726 102 13 15 0.03179987 
699 409 60 82 0.031681504 
430 214 9 11 0.03144579 
200 225 9 12 0.031418722 
963 271 33 51 0.031053342 
444 284 12 16 0.03084207 
420 381 70 97 0.030712187 
502 242 14 20 0.03049719 
593 212 12 15 0.030434722 
672 172 8 11 0.030112535 
724 280 45 59 0.03005821 
660 183 8 10 0.029402222 
338 246 16 19 0.02939708 
742 113 10 14 0.029080436 
687 176 9 11 0.028688781 
327 226 20 24 0.02862517 
693 496 106 137 0.028522065 
423 235 12 15 0.02845932 
407 207 8 9 0.028451476 
189 316 9 13 0.028400825 
108 261 16 19 0.028322496 
178 308 14 19 0.02829869 
771 104 15 17 0.028233936 
388 236 12 15 0.028127683 
139 410 45 55 0.02812688 
74 372 17 19 0.02802782 
264 245 13 16 0.027853565 
277 237 14 17 0.027705027 
52 436 28 34 0.027608871 
189 310 9 12 0.02728214 
446 228 12 14 0.027045365 
335 232 22 28 0.02694961 
255 390 38 49 0.026413927 
336 222 22 26 0.02626086 
521 211 13 16 0.025913827 
638 175 8 9 0.025842601 
447 236 13 16 0.025745615 
625 182 8 11 0.025720261 
592 206 9 11 0.025636762 
509 367 41 50 0.025609631 
856 429 28 34 0.025506089 
728 158 6 9 0.025260907 
392 257 12 15 0.025035564 
291 245 20 24 0.024839904 
349 215 10 12 0.024835017 
685 120 9 11 0.024727777 
348 242 14 18 0.02468251 
597 199 9 11 0.024578758 
955 226 32 44 0.024487307 
390 270 13 16 0.024332758 
560 325 16 21 0.023968093 
548 326 25 28 0.02396115 
623 189 9 12 0.023867879 
217 253 21 24 0.023828175 
194 235 15 19 0.023813896 
74 282 13 17 0.023674477 
597 207 10 13 0.023492545 
99 307 15 18 0.023302905 
647 198 8 10 0.023280937 
145 400 28 38 0.02324311 
157 351 21 27 0.023186408 
559 300 16 20 0.023107238 
459 238 11 14 0.022940563 
908 2 14 16 0.022786858 
724 281 26 40 0.022676658 
618 190 8 11 0.022653196 
324 251 13 18 0.02260346 
511 209 13 15 0.022504363 
403 241 18 22 0.022480061 
597 225 12 16 0.022357965 
334 261 13 17 0.022331791 
516 310 29 36 0.022280542 
569 169 8 11 0.022177694 
153 277 13 17 0.022059055 
368 228 12 15 0.021927603 
686 100 10 14 0.021926655 
299 236 15 18 0.021896275 
382 234 12 16 0.021872208 
103 298 15 18 0.021729918 
439 215 9 11 0.021719264 
593 189 9 10 0.02171757 
286 250 12 15 0.021646366 
557 199 8 10 0.021511123 
231 265 20 26 0.021465858 
760 131 9 11 0.021419333 
470 284 12 17 0.021275258 
843 443 15 20 0.021255292 
141 361 28 38 0.021166192 
593 183 9 11 0.021043602 
270 239 13 16 0.020926293 
217 253 11 14 0.020762492 
156 223 9 12 0.020693991 
671 204 12 13 0.020534147 
186 284 13 16 0.020369064 
77 306 16 19 0.02036807 
450 292 26 30 0.020327045 
617 198 9 10 0.020311268 
289 268 15 20 0.020281345 
241 232 9 12 0.020280322 
429 271 19 26 0.02025153 
428 244 10 14 0.020228807 
364 264 15 21 0.020224698 
325 242 14 19 0.02018886 
523 314 40 46 0.020104801 
655 199 8 10 0.02008224 
398 215 9 11 0.020045862 
