56_Voter_peoplevoting_56_350
700
39 362 33 54 0.92861885 
344 400 23 40 0.9228008 
491 360 39 39 0.8347176 
332 118 9 12 0.8334866 
645 345 25 37 0.80179304 
304 106 9 12 0.73227376 
827 266 14 15 0.7104776 
6 323 36 47 0.7066893 
206 93 9 11 0.6840674 
526 182 8 11 0.63327736 
198 73 10 14 0.60123867 
520 313 20 32 0.5868552 
856 259 14 17 0.5634762 
746 234 11 14 0.5565093 
765 204 10 12 0.53395456 
284 113 9 12 0.53040457 
436 148 9 12 0.5170611 
391 385 21 28 0.506997 
671 210 12 16 0.497983 
12 331 46 63 0.4886441 
564 168 9 11 0.4378413 
924 244 11 14 0.4229498 
541 191 9 11 0.42255893 
112 61 7 10 0.42157367 
257 108 9 11 0.41376838 
722 200 13 18 0.413137 
742 207 10 13 0.38061866 
561 326 23 39 0.37694564 
823 305 22 28 0.3737706 
393 136 9 12 0.37134326 
530 561 35 44 0.3706635 
434 127 8 11 0.3667716 
13 38 8 11 0.35480708 
646 197 11 14 0.3535012 
721 354 22 27 0.35208872 
609 190 9 10 0.34049228 
466 150 9 11 0.33810946 
348 133 11 13 0.31506035 
796 234 11 15 0.3144058 
544 166 11 13 0.3134856 
745 351 22 28 0.3013009 
793 216 8 11 0.30035332 
696 222 13 15 0.2990818 
562 189 9 12 0.29442364 
410 498 28 31 0.2792054 
581 167 9 11 0.27824953 
577 173 9 13 0.27564093 
900 244 13 15 0.268877 
606 167 8 10 0.26624793 
180 72 8 11 0.26059717 
512 165 9 10 0.25977936 
418 391 19 30 0.2404947 
308 104 9 13 0.23519784 
230 400 27 47 0.2270119 
80 46 9 10 0.2260098 
527 160 7 9 0.21924096 
853 291 12 16 0.21551915 
227 101 8 11 0.21432287 
513 160 9 10 0.21319136 
464 141 9 12 0.20698778 
831 236 13 14 0.20656274 
824 239 10 12 0.20408638 
326 94 8 10 0.20270228 
734 218 10 13 0.19154063 
595 218 17 25 0.18969738 
134 46 8 10 0.18802236 
331 405 28 37 0.18773665 
735 353 23 26 0.18733478 
385 113 7 9 0.1860375 
265 69 8 10 0.18125387 
528 311 17 28 0.18092544 
405 120 7 10 0.17947567 
847 240 10 11 0.17742445 
103 40 9 11 0.17394666 
633 196 9 11 0.17231056 
765 287 15 18 0.1662369 
980 310 28 37 0.16622832 
750 222 10 14 0.16114202 
497 155 8 11 0.15946335 
665 189 9 11 0.15432888 
464 136 9 11 0.15298553 
304 83 10 12 0.15173697 
726 192 12 14 0.14769447 
224 95 8 11 0.14762057 
185 433 25 46 0.14734475 
396 139 9 12 0.14534123 
474 45 9 11 0.14365295 
796 286 13 15 0.14248776 
767 222 12 15 0.14159462 
836 242 13 14 0.13608904 
869 301 11 14 0.13543344 
73 39 7 10 0.13506213 
708 200 15 19 0.12893783 
512 338 45 52 0.1280127 
677 203 11 15 0.12363281 
354 110 8 10 0.120459326 
152 32 8 10 0.11641159 
726 210 12 17 0.11583969 
773 226 12 15 0.11556385 
853 238 8 10 0.11379119 
182 30 7 9 0.11299912 
289 78 7 10 0.11218804 
142 57 9 11 0.1121817 
519 144 8 10 0.11175966 
135 21 8 9 0.11075676 
826 301 16 20 0.110521115 
505 127 8 11 0.11029791 
726 167 9 11 0.10943244 
264 88 8 9 0.10818375 
794 315 14 17 0.10795371 
478 118 7 9 0.10744905 
608 196 8 12 0.107156724 
670 182 8 11 0.10683214 
640 197 11 13 0.106493585 
327 90 7 9 0.10580163 
270 71 8 10 0.10503324 
747 302 17 21 0.10091175 
517 158 8 10 0.100879006 
528 333 46 51 0.10022383 
609 159 9 11 0.09868048 
526 144 8 11 0.096871935 
374 109 7 10 0.0962312 
781 229 8 11 0.095886044 
798 242 12 15 0.095855005 
374 134 8 11 0.09500793 
821 274 16 18 0.09385373 
181 76 9 12 0.093250744 
354 104 7 8 0.0929839 
709 356 22 33 0.09202868 
216 87 8 11 0.09077499 
815 315 15 20 0.09027968 
54 40 8 10 0.08761349 
527 132 9 11 0.08635415 
756 344 21 30 0.086282276 
820 317 18 21 0.08514632 
775 211 9 12 0.08495274 
526 177 9 12 0.083848715 
88 64 9 11 0.08219004 
417 109 11 13 0.0814771 
862 300 11 15 0.08130818 
55 45 8 9 0.081235 
334 113 8 12 0.08114634 
592 247 10 13 0.080841735 
514 143 8 11 0.080348715 
77 40 9 11 0.08006656 
740 304 17 21 0.07950442 
306 403 29 35 0.079400755 
489 128 7 9 0.07912289 
514 150 10 11 0.077504866 
666 184 9 11 0.07742356 
528 110 7 9 0.075742 
177 39 7 9 0.075629085 
514 322 30 44 0.07492583 
547 222 16 21 0.07485405 
591 157 8 10 0.07475748 
32 39 7 9 0.07469248 
370 104 7 10 0.074183345 
995 314 17 24 0.073685944 
64 32 8 10 0.07361785 
598 181 8 10 0.0736136 
844 337 13 17 0.0727905 
57 8 7 9 0.072527505 
925 223 44 58 0.07161586 
402 124 9 11 0.071401946 
730 219 10 12 0.07089091 
757 222 10 13 0.07089065 
703 197 14 18 0.07077756 
89 21 8 10 0.06997623 
593 182 9 10 0.06990838 
151 36 8 11 0.069640644 
408 142 9 11 0.06960561 
652 355 33 38 0.06933046 
73 63 7 10 0.06854973 
374 86 7 9 0.0681202 
896 263 25 32 0.06800106 
345 128 9 11 0.06678103 
424 504 17 22 0.066659465 
182 46 8 9 0.066473186 
352 116 9 11 0.066412516 
194 37 7 9 0.0663558 
743 174 10 12 0.06613404 
221 88 8 10 0.06550915 
805 230 10 12 0.06545251 
169 15 9 11 0.063890584 
963 299 46 64 0.06328531 
436 155 11 14 0.061923817 
431 163 11 13 0.061887525 
797 221 10 12 0.061533898 
571 326 16 28 0.061515372 
192 33 7 10 0.06144494 
25 31 9 11 0.06144177 
825 314 25 31 0.06077444 
907 310 15 20 0.05974926 
84 48 8 9 0.05971272 
61 8 7 9 0.05939547 
584 161 8 9 0.059144158 
695 160 8 10 0.05909352 
223 40 7 9 0.05908564 
293 79 8 11 0.059036605 
830 326 22 29 0.058974884 
109 46 8 10 0.05872626 
187 417 28 44 0.05857201 
79 54 8 9 0.058569808 
259 105 10 12 0.05849654 
437 187 9 12 0.05836891 
437 130 9 12 0.057143368 
178 31 7 10 0.056166213 
850 287 42 55 0.05556834 
699 211 16 19 0.05537922 
600 176 8 10 0.055326425 
605 172 9 10 0.055233516 
839 301 24 33 0.05415371 
882 260 17 22 0.05406477 
93 448 46 60 0.05401913 
433 145 10 11 0.053806465 
404 393 24 29 0.053691726 
417 116 9 12 0.053584788 
607 185 9 11 0.053474072 
434 119 7 10 0.053274855 
102 24 8 10 0.052849896 
657 292 27 36 0.05274756 
609 626 28 41 0.052377544 
208 38 6 8 0.052339878 
128 22 8 11 0.052036628 
471 157 8 11 0.051452037 
511 170 10 13 0.05123787 
392 87 7 9 0.051125627 
241 71 8 10 0.051067624 
182 61 9 11 0.05088536 
704 160 8 10 0.050686423 
144 79 8 10 0.050405946 
845 299 13 18 0.050105724 
472 127 8 10 0.050073754 
612 267 22 33 0.04971027 
737 208 18 23 0.04941015 
384 412 19 30 0.049193285 
417 104 9 11 0.0489483 
902 258 15 20 0.04889907 
143 23 7 8 0.04874941 
434 111 8 10 0.048712388 
120 8 8 10 0.04851407 
500 152 8 11 0.048464824 
546 323 30 41 0.04836132 
662 160 7 9 0.048220284 
526 52 8 11 0.04806954 
32 45 9 10 0.048015676 
447 38 9 11 0.047726184 
689 159 9 11 0.04770833 
199 38 8 9 0.047601305 
152 24 7 9 0.04753653 
658 160 8 11 0.047468096 
88 54 7 9 0.04741134 
322 89 7 9 0.047260102 
168 443 45 56 0.04722175 
901 277 16 19 0.046742104 
280 103 9 10 0.046686403 
767 209 10 14 0.046666894 
788 342 24 32 0.046536844 
335 88 7 9 0.04614226 
615 125 8 11 0.04612963 
502 157 7 10 0.04609836 
579 212 16 23 0.0459838 
369 133 8 10 0.04592351 
531 357 31 43 0.04581432 
559 194 12 15 0.045726016 
464 153 9 12 0.04570187 
833 305 17 24 0.045699164 
704 191 10 12 0.045246687 
405 502 20 24 0.04507329 
376 149 8 10 0.044932276 
136 54 9 11 0.04487048 
456 152 8 9 0.044757057 
193 87 6 9 0.044305336 
279 78 8 10 0.044076595 
407 167 8 11 0.043899074 
656 165 8 10 0.043757692 
584 143 8 9 0.04357241 
98 37 9 12 0.04345633 
836 299 13 18 0.04344416 
910 310 24 27 0.043207645 
742 217 13 17 0.042973116 
217 532 62 67 0.042756516 
438 461 11 16 0.042503305 
183 55 8 11 0.042338487 
390 112 7 10 0.042292427 
855 233 9 11 0.042235743 
423 127 7 9 0.042203147 
127 54 8 11 0.042174052 
642 203 9 12 0.041969303 
648 210 10 13 0.041965265 
922 313 15 19 0.041736763 
680 167 8 10 0.041721005 
370 86 7 10 0.04161189 
555 141 8 11 0.041611373 
775 235 10 13 0.04155581 
584 211 22 31 0.041532014 
329 113 8 12 0.041452684 
74 56 7 9 0.041408937 
519 175 9 11 0.04098493 
695 215 13 16 0.04084895 
199 86 9 11 0.040709816 
846 293 21 30 0.040581096 
921 236 21 27 0.040579546 
200 416 46 55 0.04053286 
512 323 16 19 0.04045088 
241 56 6 8 0.040329732 
342 71 7 9 0.040241443 
288 73 8 10 0.039832685 
629 180 10 13 0.039821487 
665 195 10 14 0.039813284 
164 417 47 56 0.039636597 
137 69 8 10 0.039633878 
779 206 11 13 0.03963249 
510 134 7 10 0.0394297 
142 84 9 11 0.039315246 
789 308 13 18 0.039190657 
816 238 10 11 0.038934015 
375 128 8 10 0.038821496 
109 41 7 9 0.03876279 
358 127 9 11 0.03868768 
759 212 11 13 0.038676973 
463 128 8 10 0.0385684 
696 164 8 10 0.03853052 
778 301 15 20 0.038480982 
564 195 13 19 0.038264565 
473 181 9 11 0.03820089 
374 81 7 9 0.038151335 
542 184 10 12 0.03808792 
388 395 17 26 0.03794068 
493 183 9 13 0.037722763 
709 159 9 11 0.037450247 
357 116 9 11 0.03742165 
143 71 8 9 0.037338644 
489 157 8 10 0.03733249 
568 200 11 18 0.037248854 
368 128 8 11 0.037216365 
120 24 9 11 0.037200984 
735 205 12 17 0.037189573 
338 71 7 8 0.03718825 
818 328 27 32 0.037139732 
780 223 10 12 0.037112717 
891 248 23 27 0.037077725 
74 45 8 10 0.037044927 
318 63 7 8 0.036961287 
374 105 7 9 0.03692955 
726 172 9 11 0.03691873 
682 198 12 15 0.036901828 
669 199 11 14 0.036815397 
86 7 9 10 0.03679221 
792 240 12 16 0.036773935 
278 73 8 9 0.036568888 
9 32 8 10 0.036548313 
269 85 9 11 0.036479183 
159 55 8 10 0.036433335 
152 63 8 10 0.036407113 
285 94 10 11 0.036105253 
181 39 9 10 0.036102355 
64 37 7 10 0.0361001 
49 8 7 9 0.036036406 
329 72 6 8 0.03586097 
82 7 7 8 0.035724334 
515 112 7 8 0.035576098 
107 61 7 10 0.03528412 
519 111 7 9 0.03522781 
710 166 8 10 0.035175484 
488 152 7 10 0.035134226 
804 244 12 16 0.035080113 
709 209 13 17 0.03496042 
534 160 8 9 0.034897085 
742 240 13 16 0.034831293 
-1 373 29 49 0.034830183 
493 608 39 49 0.034732085 
195 71 10 12 0.034688402 
249 110 9 11 0.03463503 
174 13 9 12 0.034557488 
704 165 8 10 0.034443602 
790 316 22 27 0.03443757 
93 62 8 11 0.034151714 
813 229 10 12 0.0341388 
169 87 8 11 0.03411301 
861 255 22 25 0.034036852 
449 118 8 9 0.03393995 
730 350 18 23 0.03391297 
565 181 11 14 0.033874452 
771 344 14 19 0.033741366 
412 404 17 23 0.03361767 
88 15 9 11 0.03361696 
359 79 8 10 0.033569854 
318 41 7 8 0.0334578 
672 177 8 11 0.03334752 
495 164 9 12 0.03326528 
127 61 8 11 0.033162702 
396 172 10 13 0.03307266 
560 162 17 23 0.033046234 
96 30 9 12 0.032677073 
78 63 8 10 0.03262318 
501 47 10 12 0.032573976 
545 207 24 32 0.03253993 
375 142 8 11 0.032529138 
245 72 8 11 0.032497983 
288 84 9 11 0.032425527 
181 402 27 48 0.032358963 
698 363 24 33 0.03222921 
184 85 8 10 0.032138687 
309 80 8 11 0.032095194 
610 153 7 10 0.032085657 
264 15 8 10 0.03204188 
501 322 27 33 0.03188541 
365 169 8 9 0.03182353 
876 251 45 55 0.03179401 
853 129 17 22 0.031628348 
415 167 8 11 0.031625077 
311 55 7 9 0.031608574 
478 134 8 10 0.031442583 
872 254 10 12 0.031425748 
314 40 7 9 0.031367894 
718 208 12 16 0.031319726 
302 103 17 22 0.0312563 
505 122 7 8 0.031192554 
490 551 26 38 0.031168789 
105 56 7 9 0.031049302 
708 218 13 16 0.031004554 
477 40 9 11 0.030962005 
727 184 10 13 0.030685673 
669 303 15 20 0.0306326 
13 43 9 11 0.030549174 
548 172 9 12 0.030508885 
119 55 8 11 0.030461498 
800 249 11 15 0.030343158 
125 85 8 12 0.030269569 
592 152 7 10 0.030043576 
336 95 7 9 0.030029185 
17 374 34 41 0.030000675 
905 249 16 19 0.029815236 
455 156 9 11 0.02968044 
656 344 19 31 0.02962609 
908 302 13 18 0.02961891 
792 208 11 14 0.029420322 
216 92 8 11 0.029413974 
112 8 8 10 0.029372478 
165 62 8 11 0.029253623 
678 173 9 11 0.029249402 
407 147 10 12 0.02909261 
509 359 39 45 0.029074477 
135 412 58 54 0.029074283 
50 39 8 10 0.029023318 
520 188 10 11 0.028963914 
353 86 7 9 0.02876775 
886 247 12 14 0.0286769 
431 143 18 23 0.028579859 
174 88 9 11 0.0285478 
532 316 27 40 0.028546438 
571 337 26 31 0.028521221 
149 3 234 250 0.028501304 
875 297 12 16 0.028483829 
806 250 12 16 0.028480396 
755 288 21 24 0.028466586 
845 265 15 18 0.028444454 
240 62 7 10 0.02841242 
691 369 17 22 0.028386595 
417 95 8 9 0.028218333 
457 127 8 10 0.028179955 
559 184 20 25 0.028096447 
103 7 8 10 0.028077027 
247 55 8 10 0.028072083 
552 199 10 12 0.027905153 
470 133 8 11 0.027884476 
129 16 8 9 0.02780798 
478 158 9 12 0.027718054 
614 153 7 9 0.02769312 
158 30 8 10 0.027647872 
781 311 20 26 0.027600853 
297 108 9 12 0.027598647 
314 62 7 9 0.027590245 
285 103 9 11 0.02756154 
733 256 16 21 0.027523251 
271 77 9 11 0.027516002 
78 32 8 10 0.027408972 
390 117 7 9 0.027400369 
600 152 8 9 0.027302261 
217 40 6 8 0.027276844 
764 305 16 21 0.02715328 
731 308 25 29 0.027135942 
39 40 7 9 0.027093653 
591 190 9 11 0.027040094 
319 46 8 10 0.027038965 
894 305 25 31 0.027012158 
883 252 16 17 0.026963167 
159 61 9 12 0.026945176 
488 132 7 10 0.026857076 
398 168 9 12 0.02684875 
62 48 8 10 0.026832318 
538 194 10 13 0.026726425 
901 288 15 18 0.026675513 
342 96 8 9 0.026663382 
101 30 9 11 0.026659347 
214 30 7 10 0.026579307 
278 124 9 11 0.026554124 
469 371 29 35 0.026431033 
199 48 8 9 0.026383402 
397 23 9 11 0.026258908 
799 279 12 15 0.026184758 
120 13 8 10 0.026146278 
763 295 17 21 0.02614554 
125 79 9 11 0.026139285 
571 201 23 29 0.02613828 
601 602 36 44 0.026056278 
899 302 42 50 0.026031405 
432 182 11 15 0.025914062 
479 142 8 11 0.025763132 
24 23 8 11 0.025752181 
650 203 11 15 0.025725005 
730 294 25 30 0.025698671 
460 379 29 37 0.025674488 
159 47 8 9 0.025661383 
636 316 12 15 0.025660424 
298 103 9 11 0.025625814 
619 262 16 24 0.025619349 
203 76 9 12 0.025609307 
773 199 21 24 0.025586035 
903 301 12 17 0.025541194 
223 423 31 40 0.025508115 
96 7 8 11 0.025479304 
239 112 9 10 0.025439154 
167 68 8 10 0.025338637 
94 56 8 9 0.025258059 
782 343 15 20 0.025243342 
748 214 10 14 0.02521726 
813 156 13 18 0.025084795 
477 356 25 36 0.025076473 
553 136 8 11 0.025048254 
99 418 63 64 0.025039019 
571 196 15 19 0.025021909 
804 314 16 19 0.025018169 
680 363 25 31 0.024903787 
378 218 466 461 0.024895312 
228 97 8 11 0.024886588 
181 13 9 12 0.024863824 
422 31 9 12 0.024692109 
117 61 8 11 0.024691638 
833 260 13 17 0.024598967 
280 94 10 12 0.024561193 
1005 309 12 15 0.0244592 
423 165 9 12 0.024426987 
640 160 7 9 0.024378989 
50 45 8 10 0.024361847 
231 48 7 8 0.024347322 
890 259 16 19 0.024297528 
295 72 7 10 0.024295107 
256 63 7 9 0.024277722 
536 579 34 44 0.024223473 
556 201 13 19 0.024213282 
159 24 6 8 0.024211964 
294 85 8 10 0.024200415 
258 70 8 10 0.024129003 
806 224 10 13 0.024128556 
160 14 8 11 0.024124783 
416 88 8 10 0.023993282 
593 135 7 9 0.023967512 
96 23 7 10 0.023933796 
460 405 28 32 0.023933746 
578 348 27 29 0.023923177 
871 238 10 12 0.023895679 
869 265 14 19 0.023890434 
198 55 8 9 0.023886194 
318 110 9 12 0.02382926 
329 111 17 23 0.023790514 
259 87 8 10 0.02376384 
489 167 9 11 0.023759427 
280 107 16 22 0.023692558 
0 28 7 11 0.023692312 
455 392 28 34 0.023688154 
71 32 7 10 0.023669263 
360 62 7 11 0.023665443 
688 221 11 14 0.023663536 
576 161 19 24 0.02363076 
550 161 8 10 0.023604816 
782 235 11 15 0.023585828 
78 96 8 11 0.023577485 
789 359 28 33 0.023562515 
249 117 10 11 0.023554169 
877 270 16 20 0.023538984 
455 119 8 10 0.023517488 
865 295 21 26 0.023502178 
860 231 10 11 0.023494603 
310 24 8 9 0.023474503 
537 311 17 25 0.023471372 
38 462 41 55 0.023447799 
835 334 24 31 0.023439014 
73 85 8 9 0.023438089 
391 148 9 11 0.023424843 
687 165 9 10 0.023406187 
550 112 8 8 0.023322087 
477 340 95 81 0.023316676 
823 233 21 23 0.023241859 
546 266 15 19 0.023213742 
401 386 18 22 0.023144439 
183 94 8 10 0.023143515 
573 119 8 10 0.023126662 
543 218 15 21 0.023074264 
761 199 18 23 0.022875309 
139 94 13 15 0.02281767 
589 235 13 16 0.022739576 
528 231 9 12 0.022702327 
861 312 14 20 0.022671426 
497 52 9 11 0.022650618 
822 293 14 19 0.022586292 
880 269 28 31 0.022573465 
665 204 12 16 0.022564916 
233 55 7 8 0.02255512 
644 262 22 28 0.022286125 
249 103 9 11 0.022278624 
521 176 19 24 0.022275874 
145 31 7 10 0.02226199 
738 252 13 17 0.022153508 
637 355 29 39 0.022114858 
663 363 32 36 0.022110896 
879 283 47 56 0.022097178 
753 118 100 110 0.021993285 
600 198 9 11 0.021988485 
269 65 8 9 0.021976136 
48 13 8 10 0.021873206 
581 196 11 14 0.021845698 
399 149 9 10 0.02183359 
303 71 8 10 0.021832058 
151 69 8 11 0.021831809 
845 283 15 19 0.02181454 
303 62 8 10 0.021775482 
663 164 8 10 0.021710971 
731 190 10 13 0.021693533 
318 100 11 13 0.021640534 
204 72 9 11 0.021628456 
368 116 9 11 0.021617182 
15 33 9 11 0.021606006 
125 6 10 12 0.021596728 
539 377 17 21 0.021569807 
594 250 12 16 0.021549882 
680 189 11 14 0.02154413 
855 295 20 26 0.021513596 
103 103 7 9 0.021512201 
505 166 8 11 0.021490091 
996 315 24 39 0.021468503 
812 299 15 18 0.021463003 
417 125 8 10 0.021460421 
201 87 19 24 0.021450689 
481 151 7 9 0.02143318 
641 192 19 23 0.02143206 
876 280 16 19 0.02143082 
152 8 9 10 0.021400332 
802 235 13 15 0.021373928 
329 122 10 12 0.021332812 
55 31 9 13 0.021315536 
796 340 29 37 0.021253243 
876 290 14 17 0.021228896 
607 143 7 9 0.021220546 
343 128 19 23 0.021196378 
423 174 8 11 0.021169214 
353 80 8 10 0.021125313 
137 62 9 11 0.021096993 
175 8 9 11 0.021086967 
754 131 9 12 0.021070726 
319 70 8 10 0.02104352 
30 1 9 8 0.021040104 
672 201 17 23 0.021024957 
217 46 8 10 0.021015134 
486 378 34 37 0.021014027 
611 126 7 10 0.0210021 
774 200 10 13 0.020970523 
247 95 8 10 0.020949265 
545 597 26 32 0.020941822 
147 38 8 10 0.020915966 
181 25 8 10 0.020915601 
447 127 8 11 0.020898124 
343 111 8 10 0.020889208 
96 102 8 10 0.020879798 
477 127 9 10 0.020870512 
120 48 8 10 0.020861635 
551 55 8 10 0.020810165 
314 411 31 35 0.020802733 
296 62 7 9 0.020742761 
782 282 12 16 0.020736687 
804 277 11 13 0.02067246 
175 93 8 10 0.020671096 
425 390 24 34 0.020636842 
894 277 16 20 0.020620208 
391 402 23 32 0.020523213 
828 251 15 17 0.020470792 
217 55 8 10 0.020463794 
248 47 8 10 0.020416554 
761 200 11 13 0.020408345 
242 75 8 11 0.020376453 
640 182 9 12 0.020305784 
845 312 24 32 0.020249307 
407 136 9 10 0.020244531 
384 104 8 10 0.020228034 
655 327 26 35 0.020227024 
497 422 25 36 0.020160355 
480 113 7 10 0.020147728 
111 13 8 10 0.020145705 
235 420 18 29 0.020056939 
