56_Voter_peoplevoting_56_122
201
560 79 33 46 0.97275203 
935 74 38 62 0.9677213 
419 137 26 32 0.96485484 
687 48 41 62 0.96449363 
440 39 24 34 0.94792414 
82 66 35 44 0.9448368 
904 31 35 54 0.92164904 
532 14 26 31 0.88040566 
836 58 38 51 0.87853 
210 36 23 28 0.86822987 
484 5 23 28 0.83946943 
963 12 34 42 0.81054527 
486 14 26 35 0.7975991 
251 10 21 31 0.7415669 
602 3 28 34 0.7389258 
298 17 19 26 0.72047377 
705 5 38 40 0.65163475 
141 39 26 38 0.57667744 
771 21 35 53 0.5726806 
402 92 17 22 0.53502077 
201 20 22 28 0.52072495 
694 359 101 87 0.489981 
32 26 22 33 0.4653224 
153 24 27 34 0.4449761 
403 10 21 31 0.36436403 
75 18 15 20 0.35462382 
146 52 32 45 0.31552887 
103 396 93 169 0.2771686 
349 25 26 34 0.2588548 
147 17 23 29 0.2539835 
259 14 24 32 0.24881849 
614 53 30 47 0.2170129 
437 1 16 20 0.21023603 
909 186 47 55 0.19484504 
403 5 13 17 0.1780272 
180 0 15 13 0.17209888 
281 109 52 60 0.1703205 
797 9 28 37 0.16582264 
785 3 29 39 0.1588623 
607 13 32 36 0.15206663 
438 34 16 21 0.14956525 
723 370 107 101 0.13060673 
229 65 29 46 0.11834524 
192 20 21 27 0.11644562 
717 349 181 205 0.106663354 
20 22 26 35 0.10570837 
811 108 31 47 0.1032134 
240 122 30 47 0.101932995 
901 84 23 34 0.099995255 
373 11 22 30 0.09917889 
244 11 19 25 0.09484908 
287 55 43 53 0.09443541 
0 451 137 183 0.093342416 
653 393 36 49 0.09231724 
74 22 22 28 0.09111769 
919 46 48 67 0.08940925 
154 9 26 28 0.088644356 
54 1 12 11 0.08782497 
664 380 54 61 0.0877848 
680 365 63 66 0.086870104 
111 25 22 30 0.086501315 
757 25 31 51 0.08234627 
663 0 26 34 0.08197863 
869 264 24 27 0.07853143 
269 124 43 45 0.07596294 
305 58 27 36 0.07518317 
107 0 14 14 0.07462834 
891 40 28 47 0.071087874 
613 32 29 38 0.07080745 
42 32 14 22 0.063345775 
82 20 15 19 0.059932876 
475 0 24 29 0.05901341 
173 0 17 17 0.057854075 
476 120 15 17 0.057457324 
308 107 45 58 0.055891402 
556 66 26 41 0.05565781 
459 0 18 21 0.054291394 
704 44 50 67 0.051600598 
562 1 27 33 0.049023524 
383 8 23 32 0.0485929 
584 85 32 43 0.048284534 
241 62 29 45 0.047554687 
795 378 184 234 0.046993528 
269 70 51 62 0.046831217 
493 108 25 30 0.046806313 
264 23 28 33 0.046627924 
613 1 31 33 0.045089614 
61 18 15 21 0.04507851 
356 15 27 35 0.04434083 
139 34 16 21 0.043943144 
143 7 23 28 0.04392576 
308 2 23 32 0.04390545 
809 15 20 25 0.043279268 
255 79 33 47 0.043180726 
370 120 26 30 0.039634537 
346 10 26 30 0.0394902 
11 31 25 32 0.0394896 
77 49 30 36 0.038914196 
645 362 59 62 0.03818445 
9 15 26 33 0.03769549 
896 164 49 61 0.03718676 
415 69 15 18 0.03683833 
739 36 39 59 0.036612134 
3 43 12 18 0.03578108 
34 20 16 24 0.035474118 
598 14 15 24 0.03481909 
162 2 18 19 0.0344975 
178 20 23 29 0.03407543 
415 123 26 37 0.033908207 
480 130 39 46 0.033850394 
545 6 28 35 0.03359299 
739 421 36 38 0.03348404 
67 30 28 33 0.033318423 
440 491 48 50 0.033291064 
199 32 25 34 0.0332719 
899 183 80 86 0.033034932 
931 16 41 55 0.032950573 
18 12 15 17 0.03290109 
91 19 15 19 0.032821346 
417 123 17 22 0.03236509 
100 26 25 30 0.032160673 
661 3 17 21 0.032159872 
49 32 15 21 0.0319462 
1004 23 20 32 0.031873785 
165 6 26 27 0.031389467 
441 7 17 19 0.031364184 
45 416 131 191 0.031184284 
105 74 26 36 0.031019943 
400 23 22 31 0.030614424 
411 17 21 28 0.03039298 
58 0 14 13 0.03018329 
786 -1 21 26 0.029824246 
476 116 25 30 0.029354062 
494 29 21 25 0.029283525 
856 45 40 56 0.02831224 
594 389 32 45 0.027973477 
682 11 44 59 0.027798833 
223 40 17 23 0.027784942 
677 60 30 45 0.02758541 
274 12 16 21 0.027530363 
48 0 12 11 0.02751358 
120 27 17 23 0.027093073 
58 6 22 26 0.026905574 
220 10 14 18 0.026884768 
967 11 23 26 0.026877137 
3 27 22 34 0.026861029 
309 49 18 21 0.026740387 
156 62 32 42 0.026388202 
219 78 30 43 0.025809705 
430 41 23 30 0.025704587 
414 152 14 18 0.025462598 
107 19 16 21 0.02529886 
208 14 23 29 0.024912694 
835 42 30 49 0.024906788 
903 190 29 40 0.02474298 
281 12 23 29 0.024553413 
98 57 27 38 0.024504622 
162 16 27 31 0.024420552 
36 36 24 34 0.02430669 
112 2 14 16 0.023886895 
397 39 14 20 0.023836443 
86 2 16 16 0.02349468 
698 373 35 43 0.023305487 
724 5 33 34 0.023241563 
259 5 17 22 0.022673158 
321 -1 23 31 0.022658797 
66 116 61 60 0.02261464 
637 418 39 41 0.022588627 
673 31 42 64 0.022404997 
83 25 27 32 0.022217963 
329 101 32 50 0.022211773 
983 117 32 38 0.022118898 
188 114 34 44 0.021831896 
198 89 27 35 0.021662204 
392 42 13 17 0.021637717 
247 104 43 62 0.021599347 
678 0 40 44 0.021592192 
130 33 23 34 0.021564556 
409 148 28 35 0.02140967 
478 26 26 35 0.021400513 
879 52 29 46 0.021339564 
167 30 19 24 0.021265676 
92 0 16 14 0.021197448 
333 1 24 28 0.021099333 
495 114 16 18 0.020978937 
602 18 20 28 0.020923441 
372 31 15 21 0.02086605 
489 119 28 33 0.020815877 
330 6 16 22 0.020762209 
975 85 39 57 0.020749232 
152 49 19 25 0.020736301 
260 95 34 49 0.02070999 
399 162 51 55 0.020648707 
90 -2 26 24 0.020518342 
298 78 49 63 0.020435221 
585 3 23 33 0.020259168 
223 124 33 46 0.020225279 
313 47 26 34 0.020157587 
871 241 16 20 0.02010613 
12 2 28 27 0.020066079 
603 54 28 43 0.020030525 
