56_Voter_peoplevoting_56_441
858
218 252 93 141 0.9959371 
989 607 13 17 0.9098905 
900 558 13 17 0.8148098 
978 648 15 20 0.7931463 
834 429 10 12 0.70312953 
901 484 14 16 0.6456051 
854 531 12 17 0.6373281 
720 499 10 13 0.5803905 
773 556 9 12 0.56554395 
835 510 11 15 0.53874534 
791 500 12 14 0.47356236 
828 376 10 12 0.45565605 
492 535 58 64 0.4529582 
621 472 9 12 0.44274154 
873 595 14 18 0.43784007 
987 674 23 31 0.41381264 
821 351 7 10 0.40356222 
819 590 13 15 0.39968085 
741 548 11 13 0.39755186 
909 428 11 15 0.39545244 
972 512 12 16 0.3950544 
815 408 9 11 0.38320732 
686 334 11 13 0.35548937 
795 529 12 16 0.33553222 
964 494 11 14 0.33142206 
843 406 11 15 0.32977882 
961 543 11 15 0.29774553 
924 565 11 13 0.28652185 
883 486 9 12 0.2615711 
734 416 8 10 0.2593134 
964 380 10 13 0.25495502 
952 395 8 11 0.2515649 
712 531 11 13 0.24172865 
822 469 9 10 0.23330802 
950 438 10 14 0.23150681 
1015 380 8 13 0.23107935 
929 523 9 11 0.22904374 
778 327 8 10 0.22862016 
942 358 8 11 0.22479226 
725 526 11 14 0.22155677 
757 513 9 11 0.2203785 
814 510 9 11 0.21693708 
717 530 13 15 0.20497689 
673 358 9 11 0.20415907 
986 577 13 15 0.19194053 
584 476 12 13 0.19060807 
690 470 9 12 0.18379204 
799 390 8 11 0.18160671 
440 369 7 9 0.180429 
759 367 9 12 0.17921609 
1014 494 8 12 0.1792077 
700 544 9 12 0.17895827 
793 477 9 11 0.17858775 
733 565 10 12 0.17813389 
760 472 9 12 0.17788456 
1008 526 12 16 0.1777767 
630 437 8 9 0.17721933 
985 539 11 13 0.17513578 
460 358 9 12 0.16804685 
790 459 8 11 0.16158259 
1001 590 11 13 0.1609503 
761 371 9 11 0.15650578 
840 391 9 11 0.15578973 
720 454 9 12 0.15569443 
912 534 11 14 0.15058227 
868 240 9 11 0.15022105 
972 398 10 14 0.14790341 
746 399 7 10 0.14380497 
758 414 8 10 0.14256984 
677 461 8 10 0.13799156 
736 490 9 12 0.13648444 
907 487 13 16 0.13369794 
847 351 8 10 0.13286959 
332 324 10 12 0.13252282 
999 437 10 13 0.13249895 
806 431 7 11 0.1319565 
800 336 9 11 0.1311708 
982 407 9 11 0.1306566 
953 312 7 9 0.12960657 
784 419 8 11 0.12611555 
777 368 7 10 0.1242663 
704 557 9 12 0.12321663 
354 383 15 19 0.11998252 
749 551 8 10 0.11878181 
754 457 7 9 0.11875409 
914 400 9 12 0.11760538 
25 372 52 61 0.11704596 
725 476 9 11 0.11558783 
760 406 8 10 0.11504462 
791 550 10 13 0.1150209 
799 304 8 10 0.113851935 
791 473 9 11 0.11328681 
991 366 8 11 0.11196231 
799 472 8 10 0.11099703 
998 445 9 13 0.10961838 
841 398 8 10 0.109222695 
951 423 10 13 0.108593866 
909 469 10 12 0.10800635 
726 405 9 10 0.106739365 
961 375 9 13 0.10627957 
901 590 13 15 0.10584194 
958 388 10 14 0.1056225 
657 473 9 12 0.10470901 
993 446 10 14 0.10380308 
820 489 14 17 0.10307203 
738 544 10 13 0.10257627 
915 577 14 18 0.1024911 
924 502 10 14 0.10204963 
792 375 8 9 0.09939849 
894 508 11 13 0.099007815 
684 487 10 12 0.09874124 
789 405 8 11 0.09781416 
866 390 9 12 0.09771565 
745 464 8 10 0.09757402 
994 352 7 9 0.0973566 
823 392 8 10 0.09730727 
768 552 12 14 0.097201 
723 495 10 12 0.095095605 
862 359 9 12 0.09376641 
694 523 9 12 0.09350665 
855 598 10 13 0.09271007 
694 359 8 10 0.09225914 
991 431 8 10 0.091422 
757 456 7 9 0.09022542 
946 444 11 14 0.09021213 
932 519 10 13 0.09018734 
821 334 8 10 0.08993029 
871 344 9 11 0.08898088 
626 437 8 10 0.08846199 
840 342 8 10 0.08830813 
832 536 11 13 0.08820866 
808 375 8 11 0.08759781 
824 296 8 10 0.08616469 
706 351 7 9 0.08565261 
796 496 10 13 0.08533929 
999 317 9 11 0.08521487 
1014 319 8 11 0.08513696 
681 334 10 12 0.08449909 
937 352 8 10 0.08443837 
993 406 9 13 0.08412199 
865 351 8 9 0.084087856 
676 469 11 14 0.08380068 
807 380 10 12 0.08375264 
721 406 8 10 0.083300255 
831 464 8 10 0.08227155 
858 524 13 16 0.08225014 
863 334 8 10 0.081100024 
809 408 9 11 0.08109487 
1006 388 9 12 0.08091993 
880 308 11 13 0.08064911 
288 254 7 10 0.07960112 
863 327 8 11 0.07919578 
740 487 10 12 0.07890023 
801 431 8 11 0.078795336 
783 390 7 8 0.077501066 
962 366 8 10 0.07749762 
775 454 8 11 0.07744849 
985 358 8 10 0.07696765 
884 490 10 14 0.076697 
704 399 8 10 0.07649269 
814 376 8 11 0.07632345 
818 344 7 9 0.07629567 
760 401 8 9 0.07620019 
805 588 12 14 0.076077946 
681 489 10 14 0.07546631 
785 457 8 11 0.07520161 
1006 534 12 16 0.07498743 
751 461 9 11 0.07401097 
841 303 7 9 0.073642865 
447 345 7 9 0.07324125 
744 476 9 11 0.07271022 
758 384 8 10 0.07259693 
992 357 9 11 0.07207723 
814 429 9 10 0.07186965 
793 309 8 10 0.0717897 
780 555 11 13 0.071626954 
704 405 7 9 0.07153191 
1014 413 8 12 0.07135453 
724 399 10 12 0.07124991 
663 446 7 9 0.070997335 
991 335 7 10 0.06925129 
1009 383 8 12 0.06905429 
417 229 9 11 0.0689982 
899 530 13 19 0.06864735 
997 358 10 12 0.0685343 
807 461 9 11 0.06852836 
956 440 9 11 0.06834234 
800 369 7 10 0.06786901 
959 358 9 11 0.067783736 
978 311 7 10 0.06774967 
813 248 8 10 0.067732275 
976 461 8 11 0.06770207 
800 352 9 11 0.06745638 
722 449 7 9 0.06744076 
808 412 8 12 0.067439094 
712 336 8 9 0.06699227 
504 350 8 11 0.06697743 
744 470 8 10 0.06662179 
926 589 12 15 0.0654084 
921 269 9 11 0.06538318 
761 556 10 12 0.06537348 
992 490 11 15 0.06498937 
711 312 8 9 0.06462299 
763 295 7 9 0.06429391 
805 351 8 10 0.063796565 
305 103 399 472 0.06364483 
769 525 9 12 0.063108586 
996 511 9 12 0.062987305 
783 476 9 11 0.06277882 
999 432 8 11 0.06271929 
975 281 7 9 0.06267911 
705 345 7 9 0.062375896 
793 368 7 10 0.062166322 
745 359 7 8 0.062004194 
785 384 7 9 0.061635967 
711 358 7 9 0.060872033 
875 579 14 18 0.060357478 
775 342 8 10 0.060242668 
878 348 8 11 0.060005076 
903 423 10 14 0.059779536 
820 407 8 11 0.059415333 
718 415 7 9 0.059164766 
719 359 7 9 0.058919042 
990 478 10 13 0.05877922 
822 356 8 10 0.05850747 
953 270 9 11 0.058485094 
775 403 9 11 0.058475025 
753 360 7 8 0.058140967 
880 262 10 12 0.05810023 
782 343 7 9 0.05805744 
862 409 9 11 0.05787733 
1014 407 8 11 0.057843603 
850 445 9 12 0.057278913 
977 326 9 10 0.057264365 
985 335 7 9 0.056687783 
703 564 12 15 0.056681227 
783 400 9 11 0.056409955 
695 319 9 10 0.056296747 
1014 367 8 12 0.05627513 
789 421 8 10 0.056199457 
916 537 11 14 0.05619577 
712 485 8 11 0.05546783 
890 516 9 12 0.055421647 
902 414 9 12 0.05485785 
810 247 7 9 0.054623954 
832 320 10 13 0.054417938 
776 416 8 11 0.05411888 
753 326 8 10 0.054059885 
749 400 8 10 0.053930152 
434 367 7 9 0.053635705 
902 405 9 11 0.05346843 
806 325 8 10 0.052972 
953 351 8 11 0.052734166 
744 376 7 9 0.05199752 
951 357 8 11 0.051902313 
766 368 8 10 0.051784437 
941 546 11 14 0.051777437 
942 352 8 10 0.05173677 
958 422 10 13 0.051427465 
799 373 8 10 0.051276572 
955 670 12 17 0.05098406 
957 352 8 11 0.050961204 
1004 437 11 14 0.05051804 
720 478 9 12 0.05037297 
966 413 9 11 0.05033355 
776 333 8 12 0.050294567 
977 319 8 10 0.050274275 
704 304 8 10 0.05006893 
614 447 9 10 0.04997431 
777 478 8 11 0.049593788 
800 384 9 11 0.049519774 
755 366 8 10 0.049340162 
796 484 9 11 0.049201783 
985 365 9 11 0.049167246 
841 337 7 9 0.049143955 
734 313 7 9 0.048898652 
974 344 7 9 0.04866471 
1008 493 11 15 0.0485792 
946 423 9 13 0.04853069 
982 326 7 10 0.048517626 
857 380 9 11 0.048241403 
639 429 8 10 0.048092917 
663 442 7 8 0.048065748 
839 366 8 11 0.04792972 
776 351 7 9 0.047617897 
677 456 8 10 0.047605876 
646 463 8 9 0.04752075 
784 500 12 15 0.047286414 
905 563 13 15 0.046929654 
993 437 9 12 0.046877947 
886 481 9 12 0.046800274 
990 484 11 15 0.046450935 
1001 280 9 11 0.046385992 
880 303 10 12 0.046319973 
989 269 9 10 0.046026405 
724 454 9 11 0.045905583 
775 359 8 9 0.045863044 
821 344 8 9 0.04582039 
799 280 7 9 0.045758978 
939 604 14 16 0.045657434 
807 632 13 17 0.045571487 
842 351 7 10 0.04533291 
838 324 8 11 0.045298263 
814 500 11 14 0.045287274 
995 319 7 10 0.04522088 
981 310 8 10 0.045214627 
915 484 13 16 0.045165803 
688 518 10 14 0.04513736 
970 281 8 10 0.04508329 
786 404 8 11 0.04502574 
977 508 13 17 0.044844035 
802 413 9 12 0.04484139 
957 310 8 10 0.04461115 
498 287 7 10 0.044582058 
673 455 8 11 0.04453827 
722 473 8 9 0.04428303 
768 336 8 10 0.044131294 
367 361 7 10 0.043987695 
945 450 11 14 0.043794278 
966 489 11 13 0.043763917 
1008 519 11 15 0.04374062 
845 398 9 12 0.043668855 
918 421 9 13 0.04361932 
904 267 9 11 0.043597586 
1015 309 8 11 0.04350652 
729 312 8 10 0.04317005 
758 461 8 11 0.04298043 
362 366 8 9 0.042898655 
905 477 14 17 0.04276879 
824 248 7 9 0.042496864 
765 477 8 10 0.042486034 
728 560 9 12 0.04247699 
727 377 7 8 0.042470776 
854 444 10 13 0.04229679 
951 335 7 10 0.042281803 
744 448 8 9 0.04223672 
806 302 8 11 0.042190745 
818 263 7 10 0.042108167 
999 468 11 14 0.041893538 
1006 279 8 10 0.041708823 
799 455 8 10 0.041546836 
816 485 11 14 0.04139448 
716 319 8 10 0.041318372 
816 463 9 11 0.04125638 
813 514 11 14 0.041140605 
761 319 8 9 0.040803723 
969 403 11 14 0.040764455 
728 328 7 9 0.04072243 
912 574 12 16 0.040596455 
991 342 8 10 0.040530633 
609 457 9 10 0.040392563 
898 246 8 10 0.040320408 
767 400 8 10 0.04020698 
774 486 9 11 0.04020599 
1006 470 9 12 0.040190443 
945 342 8 10 0.03998214 
1000 312 9 10 0.039924175 
854 407 10 13 0.039922986 
596 312 8 10 0.039905168 
1004 597 12 14 0.03982054 
797 287 8 10 0.03975162 
758 328 7 9 0.039724994 
769 453 8 10 0.03967251 
830 468 9 11 0.039648842 
993 515 11 13 0.03948733 
857 336 8 10 0.03918756 
794 318 9 11 0.039085522 
726 381 8 9 0.038925093 
425 280 6 8 0.038923763 
911 268 9 11 0.03885874 
846 356 9 12 0.038770568 
753 514 10 12 0.03876961 
930 595 15 16 0.03874312 
805 341 8 10 0.03866724 
1014 498 9 14 0.03866148 
982 389 10 13 0.038557265 
1000 389 9 12 0.0385559 
927 325 10 11 0.038484354 
838 383 9 11 0.03846751 
917 492 11 14 0.038369767 
688 368 8 9 0.038346723 
441 344 7 9 0.03831181 
758 360 7 9 0.03827159 
1013 228 9 14 0.038259447 
929 350 8 11 0.03820292 
734 408 7 9 0.038089547 
906 584 15 18 0.0380139 
407 318 7 10 0.03797081 
754 384 8 10 0.037813324 
770 342 8 9 0.03775941 
912 375 10 12 0.037588846 
759 551 9 11 0.037537094 
847 271 8 10 0.03742598 
480 360 8 9 0.037377004 
400 233 7 9 0.037329838 
759 335 7 9 0.037293427 
488 345 6 8 0.03712111 
989 289 8 9 0.037105568 
845 365 10 12 0.036924474 
658 440 7 10 0.03669369 
1006 398 8 11 0.036692247 
790 400 8 10 0.036676608 
940 380 12 15 0.036658224 
713 415 8 9 0.036620565 
917 415 10 13 0.036585394 
445 368 7 9 0.03656664 
656 447 7 9 0.036366865 
808 493 11 14 0.036192883 
710 352 8 10 0.036047436 
757 486 11 13 0.036027547 
815 424 8 10 0.035982464 
916 469 11 14 0.035946812 
369 279 7 9 0.03589695 
821 264 8 9 0.035867106 
753 335 7 9 0.03586405 
377 273 7 10 0.03578514 
960 342 8 9 0.03576209 
745 320 7 8 0.035666954 
863 497 9 11 0.035583362 
769 486 9 11 0.03554813 
862 382 9 10 0.03551572 
746 403 8 11 0.03547675 
801 408 8 11 0.035444673 
965 386 11 14 0.035371296 
932 492 10 13 0.035159174 
506 345 6 9 0.035081293 
694 340 9 10 0.035022207 
824 329 7 10 0.034983847 
1015 461 9 13 0.034623 
881 480 9 13 0.034550507 
703 454 8 10 0.0345248 
890 370 14 18 0.03447771 
817 479 10 13 0.03442943 
719 483 9 12 0.034381635 
975 262 8 10 0.03425282 
973 501 12 16 0.03416726 
718 327 8 9 0.034110136 
679 365 8 10 0.03410897 
734 318 7 9 0.034099482 
696 383 7 9 0.03399136 
919 561 19 24 0.033848405 
847 336 7 10 0.033803754 
873 334 8 10 0.03376509 
862 321 8 10 0.03376029 
976 626 11 15 0.033716857 
458 363 7 10 0.03369056 
842 272 8 10 0.033675957 
480 311 6 8 0.033607855 
789 591 47 56 0.033605035 
1016 358 8 12 0.03355665 
834 455 9 12 0.033543658 
831 503 11 14 0.03340966 
990 372 9 11 0.033338856 
1013 324 9 12 0.033309236 
712 317 9 11 0.03311951 
702 463 8 10 0.033061534 
711 293 10 11 0.032828134 
370 230 8 11 0.032809332 
719 335 7 9 0.03271976 
968 459 9 12 0.03260645 
919 525 10 12 0.03260135 
1001 532 13 16 0.032519672 
799 396 7 10 0.03251788 
885 268 9 11 0.03250241 
1007 312 8 10 0.032468703 
757 389 9 11 0.032438412 
718 295 9 11 0.032391153 
442 350 7 9 0.03231595 
761 312 7 9 0.032232467 
1008 318 8 10 0.032226566 
880 255 9 11 0.03213725 
752 304 7 9 0.032103017 
1008 366 9 11 0.03182569 
983 462 9 12 0.03180011 
854 343 7 10 0.03173439 
720 521 9 11 0.0317336 
896 239 9 11 0.03165662 
983 279 7 9 0.03165437 
919 505 12 15 0.03165127 
801 589 26 32 0.031650454 
735 334 9 11 0.031583656 
847 343 8 10 0.031478964 
917 366 9 11 0.03146288 
992 470 9 11 0.031283274 
726 486 9 12 0.03127258 
984 436 9 12 0.03126671 
990 600 11 15 0.0312654 
730 318 7 9 0.031229397 
701 520 10 13 0.03118709 
750 406 8 10 0.031173477 
860 375 10 12 0.031164715 
806 456 9 10 0.031151673 
656 453 9 11 0.031148536 
668 198 22 30 0.031098906 
881 417 9 12 0.031057805 
457 312 6 8 0.031035196 
447 349 7 9 0.03102026 
948 605 11 15 0.03093761 
461 353 7 8 0.030937143 
734 560 10 11 0.030825019 
928 341 9 12 0.030775905 
480 345 7 9 0.030741036 
1015 419 9 13 0.03073293 
815 252 7 10 0.03066144 
918 475 12 16 0.030617446 
997 410 11 14 0.030574648 
433 343 7 9 0.030547334 
831 368 9 11 0.03043323 
672 353 8 11 0.03040492 
345 233 8 9 0.030402672 
401 320 7 10 0.030316442 
794 336 7 9 0.030130414 
966 360 8 10 0.030128524 
744 327 8 9 0.030126145 
705 309 8 10 0.0299844 
812 588 22 27 0.029861027 
775 310 8 10 0.029833987 
647 254 9 12 0.029794907 
986 342 7 9 0.02977983 
697 374 8 10 0.029779432 
975 240 8 9 0.029671239 
968 319 7 9 0.029643312 
767 520 9 11 0.029592551 
941 520 10 13 0.029518459 
897 428 10 13 0.02948844 
781 542 10 13 0.029467678 
414 343 7 9 0.02946566 
824 309 8 10 0.029458832 
502 287 8 9 0.029246688 
991 389 11 13 0.02923046 
839 359 8 10 0.029203074 
1007 414 10 13 0.02915631 
857 362 10 13 0.029127926 
815 367 9 11 0.028992938 
985 431 8 11 0.028968366 
653 481 11 15 0.028942263 
682 406 8 10 0.028938847 
1013 468 10 14 0.028821802 
730 422 8 11 0.028791131 
818 391 8 11 0.02864423 
842 277 8 10 0.028609674 
881 268 9 11 0.02854063 
782 368 8 9 0.02853758 
935 375 9 12 0.028536985 
840 309 9 10 0.028534025 
997 583 12 15 0.028515937 
885 255 9 10 0.028515829 
1005 529 19 26 0.02837284 
929 563 12 15 0.028328495 
481 351 7 8 0.028310807 
911 528 10 13 0.028309314 
824 370 17 23 0.028222708 
896 590 12 14 0.028211102 
955 650 12 18 0.028171312 
473 289 7 9 0.027935715 
709 287 9 11 0.02783833 
968 312 7 9 0.027799875 
896 352 8 10 0.027781697 
694 465 10 12 0.027770132 
929 373 8 11 0.027734224 
675 220 13 15 0.02769562 
704 367 7 10 0.027669432 
375 247 7 10 0.027593233 
652 218 29 35 0.02757293 
1015 488 9 14 0.02755996 
765 319 7 9 0.027505353 
797 308 8 10 0.02747425 
753 342 8 10 0.027447065 
613 453 9 12 0.027442947 
383 272 7 10 0.027371487 
808 501 10 12 0.027273053 
973 605 10 12 0.027159564 
481 547 35 44 0.027028693 
833 359 8 10 0.02700565 
984 352 7 10 0.026973303 
725 449 7 9 0.026965747 
776 543 9 12 0.026835969 
826 491 12 16 0.026801886 
871 328 10 12 0.026790608 
899 506 11 14 0.026755309 
154 271 124 115 0.026734479 
496 262 7 9 0.026723603 
806 423 8 10 0.026721852 
981 319 8 10 0.026693165 
744 295 8 9 0.026641337 
791 382 7 9 0.02655616 
854 350 8 10 0.026520574 
919 392 8 9 0.02649005 
522 352 7 9 0.02647933 
710 390 8 11 0.026457457 
786 240 6 9 0.02641071 
612 461 13 15 0.026400063 
335 238 7 10 0.026394146 
896 479 12 15 0.02637834 
758 350 7 9 0.02634661 
736 367 7 8 0.02633533 
614 466 18 23 0.026283726 
409 359 8 10 0.026259353 
777 389 7 9 0.02622433 
805 356 8 11 0.026141865 
832 424 16 22 0.026134117 
781 332 8 11 0.026120618 
721 375 7 10 0.026047228 
783 495 11 13 0.026030516 
769 359 8 9 0.026021222 
943 573 11 14 0.026007557 
681 516 10 14 0.025990775 
1013 385 10 14 0.025981909 
408 287 7 9 0.02598032 
431 360 8 9 0.025950309 
687 439 9 11 0.025932776 
1005 629 19 31 0.025850728 
969 349 9 11 0.025846047 
913 413 10 13 0.025810247 
487 305 8 9 0.025762001 
688 383 7 9 0.025753858 
400 345 8 9 0.025740445 
125 299 427 423 0.025699072 
919 558 12 14 0.025698591 
442 311 7 9 0.02568637 
384 248 7 9 0.025621247 
719 537 12 14 0.025619972 
465 239 8 10 0.025572902 
703 447 8 10 0.025571879 
829 545 11 16 0.025536573 
743 335 8 10 0.025452515 
721 366 8 9 0.025437094 
735 328 7 9 0.025395164 
1001 384 9 11 0.025343392 
592 305 8 9 0.025332324 
732 532 10 13 0.0252601 
871 471 8 10 0.025259748 
913 365 9 11 0.025241474 
831 387 10 12 0.025215777 
725 271 8 10 0.025215583 
862 270 8 9 0.025203226 
867 343 7 10 0.025150182 
974 367 8 10 0.025143785 
967 302 7 9 0.025114866 
293 254 7 10 0.025066769 
737 544 18 22 0.025039596 
989 293 8 10 0.025021054 
792 539 12 15 0.025014294 
896 421 10 13 0.024994086 
935 312 7 9 0.024890533 
944 404 10 14 0.024857271 
971 492 11 15 0.02478307 
784 375 8 9 0.024733933 
1001 262 9 11 0.02471004 
775 384 8 10 0.024691923 
712 408 7 9 0.02467824 
686 399 8 10 0.024647873 
831 414 10 12 0.024625454 
974 349 8 10 0.024604263 
416 238 8 10 0.024600338 
650 452 8 11 0.024598902 
802 422 8 10 0.024597706 
705 534 9 12 0.024594197 
974 392 9 12 0.024576899 
991 424 9 11 0.024550667 
816 327 8 10 0.024502764 
343 254 8 10 0.024461739 
997 498 10 14 0.024457205 
880 248 9 10 0.024418136 
425 352 8 9 0.024411287 
688 464 9 12 0.024372825 
793 431 7 10 0.024365028 
519 230 9 11 0.024352806 
480 364 9 12 0.024309948 
703 525 9 13 0.024264084 
777 460 8 11 0.024260836 
791 351 9 10 0.024185196 
751 470 9 11 0.024181312 
445 373 7 9 0.024159672 
753 279 7 9 0.024139885 
510 344 7 10 0.024106443 
822 269 9 10 0.024025116 
879 315 9 11 0.0240237 
864 252 10 12 0.02398489 
432 280 7 8 0.02398348 
698 406 7 9 0.023982238 
886 416 10 13 0.023957914 
1009 374 10 12 0.02391892 
990 585 12 16 0.023907568 
959 337 7 9 0.023899935 
693 326 10 12 0.023898872 
917 463 10 12 0.023883581 
708 558 10 13 0.023835307 
986 270 8 11 0.023811555 
835 522 12 15 0.023810888 
750 554 10 13 0.023792619 
463 313 6 8 0.023772746 
688 414 7 9 0.023730272 
857 438 10 13 0.023723878 
1015 454 9 12 0.023722788 
522 304 6 9 0.023715742 
639 461 9 11 0.02371424 
912 392 9 11 0.023666894 
969 327 7 9 0.023662975 
17 352 80 104 0.02364933 
944 387 11 14 0.023639515 
726 392 7 9 0.023604438 
672 416 7 9 0.023573367 
951 611 11 15 0.023572214 
335 247 8 10 0.023558524 
975 598 9 12 0.023529982 
673 432 7 9 0.023529094 
794 293 8 9 0.023506321 
967 438 8 10 0.023490177 
422 226 8 10 0.023432937 
793 281 8 9 0.023391977 
950 412 10 12 0.023379397 
433 337 7 9 0.023378124 
282 253 9 12 0.023377491 
696 495 9 12 0.02334616 
457 351 8 9 0.02334468 
760 288 8 9 0.023340382 
897 400 10 12 0.02331692 
737 469 8 11 0.023270601 
407 239 7 9 0.023223262 
854 424 9 11 0.023143211 
717 313 8 8 0.023126965 
791 492 19 22 0.023121327 
833 342 8 10 0.023099279 
448 312 6 9 0.023080284 
945 319 7 9 0.023043998 
927 332 12 14 0.023009196 
807 320 9 11 0.022996636 
409 344 8 10 0.022936534 
320 260 9 11 0.022903014 
741 500 11 12 0.022895075 
994 670 16 23 0.022859411 
864 591 19 24 0.022856716 
708 583 14 16 0.022848625 
661 453 10 13 0.02283398 
752 374 8 10 0.022811754 
692 474 11 13 0.022803232 
592 264 8 10 0.022793332 
806 367 7 10 0.022784835 
776 304 7 9 0.022670435 
970 645 19 28 0.022656202 
360 311 7 9 0.022620033 
479 207 9 11 0.02261928 
960 460 11 13 0.022606948 
702 374 7 10 0.02256024 
855 463 8 10 0.022506932 
999 526 12 15 0.022429451 
935 343 8 10 0.022355638 
919 274 11 12 0.022343324 
336 270 9 12 0.022302296 
856 391 9 11 0.022283455 
883 596 12 16 0.022265552 
823 445 9 13 0.022235135 
766 312 8 10 0.022141885 
545 336 6 9 0.02212484 
895 489 12 16 0.022110417 
969 343 8 10 0.02203829 
393 232 8 10 0.022016548 
847 439 9 12 0.022013225 
999 323 9 11 0.0220116 
650 448 8 10 0.021974893 
680 512 9 12 0.021971956 
720 526 19 23 0.02196928 
770 351 7 9 0.021935515 
783 350 7 9 0.021912385 
825 279 8 10 0.02189526 
951 487 9 13 0.021887453 
696 366 8 10 0.021877421 
896 332 9 12 0.021859264 
681 400 8 10 0.02185005 
809 310 8 9 0.021849204 
864 470 8 11 0.021809971 
941 596 14 18 0.021742694 
996 584 19 23 0.021722572 
671 465 18 23 0.021700243 
553 321 8 10 0.021692652 
1000 399 9 12 0.021649156 
729 287 8 9 0.02159949 
295 247 7 9 0.021592963 
377 342 8 11 0.021591965 
986 294 8 10 0.02150777 
837 374 9 11 0.021482997 
877 328 8 11 0.021471042 
696 534 9 12 0.02143857 
843 581 11 15 0.021412378 
959 407 9 12 0.021386664 
864 421 9 11 0.021373155 
657 384 8 10 0.021368453 
961 295 7 10 0.021330092 
1013 278 8 11 0.02130259 
637 453 9 13 0.021287508 
995 485 13 16 0.02127581 
765 560 14 15 0.021251796 
448 286 6 8 0.021177704 
567 312 8 10 0.021167308 
424 239 7 10 0.02112891 
489 232 8 10 0.021116951 
1006 404 9 13 0.021108188 
999 342 9 10 0.021086564 
947 312 7 9 0.021079587 
585 478 17 19 0.021070678 
850 246 8 10 0.021047475 
736 464 8 10 0.021019574 
921 334 9 11 0.021018717 
711 366 7 9 0.021017563 
928 531 11 13 0.02096889 
496 256 7 10 0.020928146 
880 374 10 12 0.020915167 
738 564 12 15 0.020914122 
840 231 8 10 0.02090641 
782 485 10 11 0.020895375 
672 438 8 10 0.020887066 
861 594 13 17 0.020874836 
998 475 12 14 0.020856196 
1006 342 8 9 0.020847382 
663 375 8 10 0.020843254 
961 494 17 23 0.020818084 
949 574 11 13 0.02079171 
997 432 18 24 0.020764677 
674 333 11 13 0.020755684 
859 326 8 11 0.020709487 
805 470 8 11 0.020701095 
825 594 12 16 0.020698901 
808 297 7 9 0.02068828 
417 280 6 8 0.020669095 
960 488 10 14 0.020668812 
417 286 7 8 0.020657051 
797 604 13 17 0.020612147 
931 498 11 15 0.020577759 
745 288 8 9 0.020547213 
353 341 8 10 0.020534731 
493 519 87 110 0.020524347 
695 312 8 10 0.020495579 
945 335 8 11 0.020494336 
974 358 9 11 0.020466944 
369 238 7 10 0.020461636 
935 546 13 17 0.020442145 
710 280 9 10 0.020423172 
377 295 7 10 0.020413265 
772 551 20 23 0.020395622 
1007 514 20 27 0.020385897 
847 231 7 9 0.020379012 
824 369 9 11 0.020375218 
381 348 9 11 0.020374684 
793 325 8 10 0.02036487 
1008 325 10 11 0.020347666 
920 304 8 10 0.020274978 
383 294 7 10 0.020266552 
726 460 9 11 0.020262577 
400 238 8 9 0.020261789 
530 310 6 8 0.020223692 
929 357 7 10 0.02021742 
376 303 7 9 0.020187654 
336 263 7 9 0.020124255 
801 326 8 9 0.020102011 
950 405 11 14 0.020071583 
960 304 7 9 0.020065187 
846 303 7 10 0.02002668 
