56_Voter_peoplevoting_56_620
71
129 192 48 65 0.9987639 
289 201 34 50 0.99539965 
365 197 25 35 0.99244106 
816 140 37 55 0.9747303 
496 227 24 29 0.58854616 
345 240 26 31 0.4462029 
543 211 11 19 0.41004544 
528 217 12 16 0.21899971 
452 236 11 18 0.16218096 
250 250 16 21 0.14385268 
493 243 21 26 0.114990056 
445 238 15 23 0.10456026 
360 356 19 21 0.09843968 
478 234 12 18 0.089759596 
532 213 13 17 0.08831276 
549 216 13 17 0.07447905 
597 100 109 164 0.0702883 
456 257 11 15 0.0692307 
500 220 18 23 0.067530535 
614 237 10 13 0.06480045 
480 223 22 32 0.058861002 
421 344 14 16 0.05751904 
440 357 13 16 0.05538984 
453 276 12 16 0.05188636 
341 242 18 24 0.051533666 
368 206 32 39 0.05084602 
448 231 12 15 0.050191943 
555 150 14 17 0.0468252 
554 219 13 17 0.04501905 
476 255 10 13 0.042795707 
470 267 12 14 0.04167711 
483 226 14 19 0.041022982 
239 244 21 30 0.040880866 
823 131 29 39 0.03968915 
473 261 11 14 0.039351955 
574 236 14 17 0.038727835 
360 248 17 21 0.038284834 
438 239 16 24 0.03632088 
494 328 8 10 0.035759583 
415 190 11 15 0.035206955 
456 355 12 15 0.03462714 
238 241 14 21 0.034111075 
437 210 11 15 0.033981074 
495 212 12 16 0.030673293 
336 213 23 35 0.03060107 
486 269 11 16 0.03056827 
530 223 16 19 0.029605001 
251 227 14 17 0.028211586 
248 317 41 53 0.027882034 
187 346 16 18 0.02745607 
339 223 27 39 0.027311286 
471 241 13 17 0.027113082 
505 221 21 30 0.026951475 
826 131 18 23 0.025558727 
460 269 13 16 0.0254501 
447 229 20 28 0.024850842 
449 272 21 28 0.024156446 
502 281 24 32 0.023989853 
490 210 24 31 0.022478683 
465 260 22 27 0.022446934 
580 230 13 16 0.022361118 
242 231 22 30 0.022066122 
277 210 30 42 0.022001406 
487 249 13 17 0.021988804 
358 204 25 36 0.021858595 
546 207 21 28 0.02173554 
472 231 21 28 0.021439748 
534 217 22 27 0.021108678 
346 219 13 20 0.020814402 
734 208 9 11 0.020789307 
485 316 9 10 0.020641832 
