56_Voter_peoplevoting_56_21
76
799 252 23 27 0.5989944 
682 292 99 107 0.39063329 
325 246 13 18 0.38767207 
657 316 34 46 0.3846504 
610 345 24 38 0.34988123 
213 269 60 89 0.22284466 
492 284 59 79 0.19722278 
810 248 14 21 0.1708927 
321 267 27 33 0.15508203 
284 285 43 56 0.13641386 
671 306 58 66 0.13353871 
330 363 31 36 0.11961129 
787 256 26 29 0.10232408 
292 274 15 19 0.08096038 
329 247 15 19 0.07949884 
685 290 15 19 0.07676315 
305 281 43 59 0.070171416 
865 314 44 53 0.06670105 
744 504 107 135 0.063845254 
672 309 32 38 0.061006673 
574 476 105 120 0.060330477 
263 284 43 65 0.05714198 
312 254 43 52 0.05670676 
133 312 17 21 0.053955007 
468 290 53 74 0.049732033 
597 506 65 76 0.047729347 
861 454 25 31 0.047575377 
318 279 27 37 0.046965048 
672 296 26 31 0.046345495 
778 265 27 30 0.042396165 
694 308 32 35 0.039427042 
315 290 16 21 0.0373265 
906 379 49 60 0.036947332 
247 296 30 47 0.036181994 
131 299 29 34 0.03562903 
322 305 17 24 0.03362206 
301 267 24 30 0.03343814 
279 281 31 44 0.03167962 
324 251 25 33 0.031300377 
95 302 400 503 0.030444954 
364 118 45 57 0.029782614 
288 276 22 30 0.029569207 
729 283 62 67 0.029498294 
598 331 40 62 0.02927344 
594 333 25 33 0.029203162 
502 239 65 63 0.029078303 
327 243 9 12 0.028910277 
258 291 16 22 0.02800856 
600 330 16 21 0.027874824 
821 281 16 20 0.02658342 
774 531 111 135 0.026503943 
277 305 31 38 0.026452497 
879 319 28 31 0.026250089 
747 284 36 34 0.026015729 
92 250 12 16 0.025834301 
136 281 48 57 0.025584541 
331 255 15 18 0.025496915 
639 107 12 16 0.024109846 
578 315 47 75 0.023425365 
258 288 25 37 0.02341608 
330 267 17 20 0.0228142 
789 242 25 31 0.022765469 
336 248 16 20 0.02260148 
245 384 47 61 0.02254108 
863 345 35 38 0.0223413 
171 247 89 107 0.022198506 
896 436 46 63 0.021944046 
662 257 15 21 0.02118543 
655 244 40 52 0.021059988 
876 451 30 39 0.020983353 
677 292 18 21 0.020843187 
652 261 26 35 0.020805616 
382 182 47 58 0.020694174 
798 243 15 19 0.020298986 
409 318 27 40 0.020229489 
767 273 28 31 0.020059919 
