56_Voter_peoplevoting_56_1011
24
318 406 364 468 0.9997137 
244 169 503 600 0.8426918 
517 368 373 550 0.25334626 
443 899 467 461 0.24855958 
61 309 456 575 0.19143154 
608 84 381 493 0.18435673 
639 436 413 537 0.10773088 
904 1228 109 120 0.09721551 
528 152 249 280 0.09668089 
159 89 396 523 0.08609224 
373 51 445 458 0.07948317 
-9 1194 200 192 0.06873276 
590 238 134 142 0.0675445 
606 749 365 497 0.054720823 
745 771 137 134 0.052702144 
110 1010 120 116 0.047241468 
-44 437 387 494 0.047035992 
611 274 80 91 0.03900593 
713 728 181 284 0.038370375 
-30 655 320 469 0.037046473 
419 114 53 71 0.036052328 
-79 181 478 571 0.033096086 
13 1071 220 279 0.028134534 
516 1258 50 79 0.02275434 
