56_Voter_peoplevoting_56_344
109
979 70 15 20 0.9934481 
177 80 19 23 0.98708504 
209 75 19 24 0.98209375 
800 91 15 20 0.9817842 
462 85 17 22 0.98153657 
94 55 20 25 0.9681359 
310 54 18 24 0.94843 
701 66 19 25 0.9436981 
553 77 17 22 0.9265312 
381 84 18 23 0.9128707 
891 82 15 17 0.8562733 
346 75 15 18 0.7888395 
62 82 15 19 0.7614646 
644 62 14 18 0.52021676 
911 83 11 14 0.46902576 
299 105 18 21 0.4245279 
277 63 17 21 0.25185528 
53 55 12 14 0.2048727 
601 566 28 29 0.16860189 
185 105 17 19 0.13274856 
917 78 13 17 0.11093176 
776 78 12 16 0.09966366 
269 63 17 22 0.09639552 
861 86 9 12 0.08229632 
883 83 12 15 0.07397231 
377 512 26 31 0.0694617 
54 71 21 26 0.067479715 
441 54 16 19 0.06416025 
460 52 22 25 0.0624898 
49 61 18 22 0.062310603 
562 77 11 16 0.062239453 
649 64 23 26 0.061077558 
402 549 22 26 0.060823392 
120 106 12 16 0.05828888 
357 98 15 18 0.058272526 
366 94 11 16 0.057687387 
923 76 12 17 0.05758368 
237 101 11 15 0.052850407 
442 540 21 26 0.051255815 
900 79 12 16 0.050172806 
451 116 13 14 0.05008531 
1014 84 9 14 0.049048718 
459 548 13 16 0.048375707 
16 106 12 17 0.047099702 
911 119 9 10 0.045579728 
497 56 14 17 0.04502201 
615 570 17 20 0.042658366 
86 99 15 17 0.04100758 
472 117 26 30 0.040309634 
917 89 11 13 0.039094422 
483 118 15 17 0.03887101 
282 69 16 20 0.03693599 
903 119 10 11 0.036279876 
546 136 9 11 0.036033385 
592 579 11 16 0.035137184 
543 77 14 17 0.03472839 
344 78 21 26 0.034646623 
456 63 24 30 0.03432768 
86 22 10 12 0.034219954 
28 107 12 16 0.033607267 
907 76 18 23 0.03258186 
274 84 15 19 0.031784713 
887 586 28 29 0.03165573 
511 86 11 14 0.031573515 
856 84 11 15 0.03146434 
525 119 12 13 0.03112982 
469 550 13 15 0.031087277 
596 573 17 22 0.030827418 
0 109 12 18 0.030597957 
451 53 21 26 0.030509284 
801 73 8 11 0.030058729 
195 101 12 17 0.029966125 
114 80 16 19 0.029885268 
656 61 17 19 0.02960333 
919 118 10 10 0.029018227 
501 573 10 11 0.028814921 
451 543 22 26 0.028359149 
935 122 8 11 0.028313918 
519 92 12 16 0.027990574 
494 400 12 13 0.027524333 
465 47 12 13 0.02720588 
929 119 9 11 0.026219813 
436 541 16 19 0.026041618 
26 48 17 21 0.025616687 
847 75 11 13 0.02538152 
6 99 12 18 0.025338832 
500 587 17 20 0.025295641 
855 91 10 13 0.025008483 
702 22 23 28 0.024964536 
486 98 14 20 0.024803948 
319 100 12 16 0.02409606 
496 573 10 12 0.023966081 
420 583 14 16 0.023572138 
572 91 12 17 0.023561386 
877 576 27 30 0.023461979 
161 37 11 14 0.02346035 
1 248 9 13 0.023445696 
535 81 14 19 0.023430908 
475 105 14 17 0.02298361 
514 568 28 29 0.022865271 
501 94 20 26 0.022468593 
19 216 10 13 0.022025544 
886 85 14 17 0.021665873 
637 53 14 19 0.02129557 
345 -31 348 423 0.021280967 
421 334 9 10 0.020970447 
902 124 10 11 0.020765038 
837 110 10 12 0.020094743 
278 55 13 15 0.020004466 
