56_Voter_peoplevoting_56_339
44
540 146 34 44 0.9977301 
657 231 26 35 0.99684864 
336 311 14 21 0.5594318 
908 272 41 58 0.1332136 
322 43 28 35 0.10818001 
107 427 12 15 0.105620734 
184 503 8 11 0.069033824 
165 500 10 12 0.06229348 
100 501 11 14 0.060523055 
403 164 37 51 0.05968004 
399 203 16 19 0.055567842 
973 321 11 16 0.048469663 
780 392 24 28 0.045083717 
12 494 15 17 0.04469801 
105 423 11 14 0.042949338 
61 496 10 13 0.042584077 
78 492 18 18 0.038456816 
988 308 12 15 0.035915844 
118 437 11 14 0.03587111 
982 309 13 17 0.03583551 
487 157 13 15 0.03436584 
97 454 11 14 0.033744864 
102 422 21 26 0.031942014 
343 281 12 15 0.031572197 
85 423 11 14 0.030983707 
386 295 22 30 0.030723767 
56 498 11 13 0.029554082 
175 502 8 10 0.02801729 
357 304 12 16 0.027952846 
8 494 11 14 0.027467478 
386 289 16 21 0.027185531 
561 269 50 55 0.023225905 
558 273 16 18 0.023025677 
923 287 18 26 0.022646239 
408 136 10 11 0.022464644 
1005 539 10 13 0.022176012 
676 219 14 20 0.02210941 
111 501 9 9 0.02207875 
153 473 8 10 0.022022922 
931 275 25 42 0.022020204 
83 422 22 27 0.021732975 
558 399 12 14 0.021043887 
625 307 28 33 0.021043736 
666 217 26 38 0.020340366 
