56_Voter_peoplevoting_56_228
53
795 328 28 35 0.9981504 
115 74 41 70 0.99723095 
921 326 25 32 0.996114 
466 403 24 39 0.9942233 
550 277 42 44 0.9914164 
601 304 43 53 0.9861166 
634 243 45 55 0.97282106 
12 213 39 47 0.9606109 
28 210 35 44 0.308819 
1006 509 8 12 0.13301526 
877 360 22 34 0.11567863 
336 335 26 33 0.096575364 
967 471 9 12 0.087842174 
911 397 27 31 0.07710862 
263 315 14 17 0.07211699 
494 594 15 19 0.066673666 
988 506 10 12 0.057919767 
485 300 24 40 0.057449423 
683 296 37 40 0.051366057 
523 282 52 64 0.04352313 
887 360 21 33 0.04256961 
487 306 13 21 0.04046465 
80 215 10 12 0.03882025 
991 484 10 14 0.03611399 
488 284 13 17 0.03444045 
857 362 22 32 0.03355694 
794 292 16 19 0.03346068 
511 259 12 15 0.03058058 
998 485 10 13 0.028987674 
-1 264 20 39 0.028746184 
254 326 13 16 0.028336838 
142 -3 45 47 0.026148325 
452 394 32 40 0.02614344 
337 330 17 21 0.025799863 
630 301 30 39 0.024379127 
847 365 22 31 0.024328174 
485 288 21 31 0.024249637 
540 566 12 13 0.0242021 
503 269 11 14 0.024150603 
658 270 49 61 0.023837954 
79 219 13 17 0.022536801 
780 321 15 20 0.02246592 
999 490 12 14 0.02237525 
974 478 12 14 0.022112584 
690 298 21 24 0.022039128 
498 293 48 58 0.021803536 
258 306 24 28 0.021467771 
476 299 43 59 0.021263065 
256 146 87 116 0.020933073 
824 384 24 29 0.020713616 
967 465 12 14 0.020647133 
275 317 12 16 0.020628795 
778 311 18 21 0.020134773 
