56_Voter_peoplevoting_56_268
373
392 252 27 40 0.9899498 
242 275 35 41 0.9842951 
742 227 26 35 0.9750209 
806 218 23 31 0.96938163 
111 184 10 13 0.9424156 
277 181 15 19 0.9058055 
77 183 10 13 0.90449005 
300 210 16 19 0.8997397 
863 232 22 28 0.88019615 
631 193 18 20 0.8739701 
138 217 21 25 0.85312754 
262 224 20 25 0.7946786 
516 214 13 16 0.75319105 
415 225 21 27 0.7174462 
26 182 13 17 0.70259446 
336 231 20 28 0.69664276 
392 183 12 17 0.69448525 
358 204 10 13 0.611709 
828 218 17 25 0.60398906 
597 209 11 15 0.59483844 
128 189 10 12 0.579944 
369 181 10 12 0.56879747 
654 222 25 31 0.55448574 
477 224 18 21 0.5356309 
947 204 23 28 0.5210377 
771 224 19 24 0.51380974 
411 197 11 14 0.4492115 
582 225 13 20 0.43742278 
358 226 13 21 0.41567025 
677 195 13 17 0.35810825 
301 180 11 14 0.34245557 
558 198 11 13 0.3160604 
223 205 15 20 0.30762643 
237 179 12 15 0.26258388 
446 218 15 19 0.24746867 
564 182 10 12 0.22028515 
646 223 21 31 0.21433364 
120 213 12 16 0.20324849 
345 182 8 11 0.20150355 
666 222 21 29 0.19285588 
76 210 15 18 0.19086702 
961 210 15 21 0.18514954 
97 172 9 12 0.18439345 
245 181 11 15 0.17699628 
746 219 18 24 0.17556246 
222 181 10 14 0.17496094 
116 182 8 12 0.16700982 
864 203 12 16 0.16390795 
407 226 16 22 0.16243264 
230 175 13 15 0.15384875 
24 164 9 10 0.15099245 
57 166 8 10 0.14962249 
280 289 15 19 0.1495438 
264 168 8 10 0.14829417 
935 202 23 27 0.14772661 
262 172 9 12 0.14571023 
570 224 21 30 0.13825491 
95 168 9 11 0.13303359 
345 227 18 27 0.13028695 
931 204 17 21 0.12848264 
278 176 12 15 0.12436559 
78 161 9 11 0.12383905 
337 207 9 11 0.12319478 
311 176 8 9 0.12056064 
633 223 20 28 0.11871007 
469 217 22 26 0.116879284 
134 184 9 12 0.115729935 
103 224 9 12 0.11557481 
318 183 9 12 0.111807436 
201 182 9 12 0.11094512 
684 192 11 15 0.1094332 
38 159 7 9 0.10795002 
182 275 13 17 0.10761269 
613 248 15 17 0.10721132 
202 167 8 11 0.10677292 
175 186 12 15 0.106344014 
173 217 15 19 0.10224956 
61 174 8 10 0.09819239 
619 215 16 22 0.09783202 
201 190 10 12 0.09770863 
38 166 8 10 0.09736806 
455 205 10 14 0.09544937 
455 213 19 26 0.09503659 
482 193 13 16 0.09499219 
222 198 13 18 0.09393243 
884 236 14 18 0.09162699 
128 194 10 13 0.08790161 
237 197 13 19 0.08789968 
57 173 8 11 0.08472242 
142 187 9 11 0.08400636 
348 183 9 11 0.08164126 
347 258 16 22 0.080993414 
175 255 13 15 0.08074531 
29 177 11 12 0.080323644 
34 159 8 10 0.08010851 
703 172 8 10 0.07854369 
201 174 9 11 0.077752374 
364 205 10 13 0.07697709 
848 191 11 14 0.07649051 
763 225 20 30 0.076249 
322 132 7 9 0.07382863 
175 168 7 10 0.07294608 
198 196 14 17 0.07253569 
440 203 11 15 0.07223354 
521 284 14 17 0.07203022 
169 172 9 12 0.07189231 
4 206 9 12 0.07058346 
181 187 9 12 0.07057924 
666 206 24 30 0.07050018 
340 141 9 11 0.06983193 
32 165 9 10 0.06970181 
257 176 8 12 0.06867409 
565 186 12 16 0.06864104 
321 165 7 10 0.06830753 
244 202 12 18 0.06788735 
522 213 11 14 0.06753429 
325 184 9 12 0.067531705 
522 218 12 17 0.06561428 
309 180 12 15 0.06451022 
337 136 9 10 0.062856086 
977 205 15 18 0.062133163 
674 219 14 20 0.061443068 
109 179 18 22 0.060113024 
492 287 12 16 0.059572257 
335 211 11 14 0.0593748 
563 195 12 15 0.059102498 
560 188 11 15 0.05892763 
873 237 15 23 0.05745797 
352 160 8 10 0.057394527 
402 237 26 36 0.05697127 
277 189 16 21 0.056068994 
454 182 9 11 0.05571141 
4 179 11 15 0.055096693 
535 212 10 13 0.05381239 
189 203 15 18 0.053130113 
204 208 12 17 0.052071106 
733 187 11 13 0.051694065 
6 176 9 11 0.0515966 
571 188 12 16 0.051402748 
73 160 8 10 0.05116491 
87 160 7 10 0.05073645 
73 164 10 11 0.0505554 
177 259 14 18 0.050352648 
158 183 10 12 0.049763013 
253 210 13 17 0.049525075 
174 173 8 10 0.049087495 
258 234 20 24 0.048827097 
253 179 10 13 0.048431024 
168 220 13 17 0.048056606 
190 187 10 11 0.046990972 
230 250 25 31 0.046856564 
818 218 17 24 0.046553645 
612 209 17 23 0.046352927 
119 176 8 11 0.046268497 
467 211 17 23 0.046143554 
969 204 20 25 0.046141945 
565 232 17 22 0.045733094 
178 148 8 11 0.045699432 
603 210 12 18 0.045575034 
119 208 10 13 0.04532047 
349 188 8 11 0.045212258 
355 199 19 23 0.04518668 
310 142 8 11 0.044451807 
144 168 7 9 0.04430597 
127 159 8 9 0.04389277 
61 168 8 10 0.04359678 
342 177 9 11 0.043525383 
229 200 19 24 0.04344986 
0 159 6 10 0.043267474 
508 172 9 11 0.043094624 
670 199 17 21 0.042973805 
690 197 11 14 0.04210488 
326 133 8 9 0.042014353 
267 212 15 19 0.041859858 
236 261 31 37 0.041851193 
237 168 9 11 0.04181533 
673 192 11 14 0.041497678 
327 166 8 9 0.041431297 
47 180 9 11 0.04139937 
49 204 9 13 0.041315578 
342 264 16 20 0.040935457 
36 195 12 14 0.040751874 
233 169 9 11 0.04051105 
178 212 17 21 0.04043305 
172 194 13 15 0.040028136 
326 233 16 22 0.039797585 
587 220 12 18 0.039693695 
127 166 7 9 0.03950307 
576 220 13 19 0.0394914 
39 172 9 12 0.03916433 
216 196 10 16 0.03902175 
407 192 11 14 0.038961455 
908 208 16 18 0.038788557 
191 167 8 10 0.0387292 
63 180 9 12 0.03872437 
228 196 14 19 0.038719617 
75 179 17 22 0.038486127 
268 167 9 11 0.038160086 
386 186 11 15 0.03799446 
335 190 7 10 0.037834484 
697 173 9 11 0.037601136 
187 216 16 22 0.03751535 
847 249 12 17 0.03729925 
397 178 9 11 0.03688443 
527 228 12 17 0.03638926 
343 199 10 12 0.03598121 
221 177 19 24 0.035494868 
36 189 11 14 0.03520257 
600 436 36 46 0.03517063 
117 187 10 13 0.034992784 
460 204 12 17 0.034718275 
217 187 10 14 0.03439332 
527 209 9 10 0.03429099 
484 282 22 25 0.034269482 
121 198 9 11 0.0340876 
47 200 10 12 0.033687126 
16 159 8 10 0.033479027 
575 212 11 15 0.033390954 
136 174 9 10 0.033245582 
90 166 8 11 0.032898106 
184 165 9 11 0.032793142 
80 217 15 17 0.032781627 
664 173 11 14 0.032560743 
203 268 12 15 0.03211111 
82 141 8 11 0.03204479 
278 156 8 10 0.032039143 
270 173 12 15 0.031955536 
253 238 17 23 0.031842194 
166 214 12 15 0.031838845 
947 197 15 20 0.031734724 
625 202 21 29 0.03173325 
260 203 15 18 0.031704478 
150 168 7 10 0.031641893 
247 241 28 33 0.03159483 
351 199 10 13 0.031381354 
260 211 16 19 0.03129983 
444 199 11 16 0.03125637 
327 219 14 16 0.030985795 
841 219 14 19 0.03095453 
383 205 11 14 0.030803824 
840 175 11 13 0.030626707 
261 145 8 10 0.030440366 
490 225 13 18 0.03031012 
294 195 13 16 0.030229934 
677 180 11 13 0.030178128 
24 176 11 14 0.030141555 
23 202 10 13 0.03012942 
299 176 18 23 0.029845348 
693 192 9 12 0.029549837 
132 195 10 13 0.029353991 
125 204 11 15 0.02916676 
296 176 10 13 0.02901304 
421 214 15 19 0.029003644 
884 246 13 20 0.028969944 
33 152 8 11 0.028662147 
580 212 14 19 0.028648455 
213 193 20 28 0.02864518 
311 158 9 12 0.028597299 
38 153 8 10 0.028580774 
619 227 21 28 0.028456978 
677 223 20 28 0.028292725 
272 230 16 20 0.028263334 
699 231 16 22 0.02821747 
230 290 15 20 0.028206974 
475 212 17 21 0.027992943 
677 174 11 13 0.027831454 
29 193 13 17 0.027748398 
682 198 15 19 0.027676601 
151 184 9 11 0.027425027 
186 269 12 16 0.027342407 
561 177 10 12 0.027315801 
5 211 10 14 0.027276944 
55 161 8 10 0.027172886 
108 227 11 14 0.027131107 
519 279 11 15 0.027125116 
158 209 11 16 0.026897617 
101 168 9 11 0.026808666 
799 224 15 21 0.026691657 
425 219 14 21 0.026369466 
112 207 10 13 0.026304705 
344 159 8 11 0.026241034 
528 254 10 14 0.026230894 
7 143 7 9 0.026190555 
606 216 12 19 0.02599157 
87 150 7 9 0.025971647 
202 161 7 10 0.025944784 
400 233 14 17 0.025826521 
693 224 16 22 0.025599437 
408 196 19 22 0.025419699 
105 158 8 9 0.025323471 
83 182 10 12 0.025301471 
597 214 14 20 0.025295146 
372 206 9 12 0.02520022 
440 217 14 19 0.025195783 
728 181 10 13 0.025144495 
563 202 13 16 0.024777118 
107 188 9 11 0.024716176 
185 160 8 10 0.024621937 
181 241 16 17 0.024344968 
608 243 14 19 0.024315933 
566 221 14 18 0.024093064 
256 225 16 22 0.024051502 
112 178 9 11 0.023927463 
1 230 9 12 0.02392341 
420 198 10 13 0.023840263 
181 196 11 14 0.023838423 
312 135 7 9 0.023704397 
851 193 14 17 0.023610352 
197 200 18 24 0.023556849 
255 196 11 16 0.0235035 
341 211 9 13 0.023346726 
64 159 8 10 0.023272699 
294 205 16 21 0.023226133 
127 175 8 10 0.023149667 
47 165 9 11 0.023102107 
111 158 7 9 0.023099685 
137 168 7 9 0.023084376 
352 221 12 17 0.023080403 
186 234 15 20 0.02302905 
542 206 9 13 0.023012485 
555 193 19 22 0.022870643 
14 152 7 10 0.0228186 
296 195 23 28 0.022796812 
69 151 8 9 0.02267619 
559 176 18 23 0.022555523 
718 174 9 11 0.022522224 
168 187 10 13 0.022509493 
640 211 24 31 0.022490602 
190 161 8 10 0.022349 
573 205 12 14 0.022280827 
9 166 8 10 0.022255078 
427 238 15 21 0.02216842 
408 255 24 40 0.02214584 
213 207 14 20 0.022137323 
23 194 12 17 0.022099558 
712 168 7 10 0.021991696 
664 158 8 9 0.021940626 
317 176 8 10 0.021765476 
671 173 9 12 0.021698603 
126 184 18 23 0.021695333 
443 148 11 15 0.021695081 
467 203 14 19 0.021646015 
84 206 10 14 0.021591924 
85 279 184 251 0.021579463 
261 178 10 14 0.021552255 
6 219 9 13 0.021535227 
283 175 12 15 0.021477269 
678 165 10 12 0.021467874 
565 189 21 26 0.021404915 
366 176 17 23 0.02137186 
688 173 9 12 0.021361131 
118 225 12 17 0.021306604 
370 149 105 126 0.021306474 
532 218 14 20 0.021174857 
155 224 12 18 0.021104736 
193 221 16 21 0.021103067 
625 217 17 24 0.021079695 
367 158 8 11 0.021027204 
268 204 13 18 0.021018913 
273 276 23 30 0.02101126 
865 200 20 25 0.020960608 
337 183 7 10 0.020851022 
15 165 8 11 0.020850502 
183 203 13 17 0.020819454 
106 182 9 12 0.020743128 
336 200 9 12 0.02066107 
687 234 22 31 0.020541532 
391 212 10 14 0.020258123 
157 386 11 14 0.020228148 
167 159 8 9 0.020157492 
123 213 20 25 0.020145603 
854 243 12 18 0.020106915 
372 177 10 12 0.020105481 
