56_Voter_peoplevoting_56_459
42
243 90 32 48 0.99829775 
742 89 37 49 0.995116 
354 75 28 46 0.9934848 
864 89 31 43 0.9504933 
496 81 18 35 0.5496622 
86 43 21 40 0.5076107 
971 157 15 18 0.46398154 
634 97 35 35 0.29252207 
272 167 40 45 0.1757312 
323 97 29 36 0.11727311 
389 151 37 38 0.09852619 
121 36 26 40 0.07408207 
757 373 10 13 0.06880177 
884 200 33 29 0.06335794 
820 140 14 15 0.052351795 
769 388 9 12 0.047156874 
993 111 9 11 0.04680433 
369 141 28 37 0.04349709 
859 70 27 49 0.04093951 
333 91 36 37 0.0369552 
49 269 10 13 0.035682347 
805 208 13 15 0.03222032 
740 357 10 13 0.032188907 
761 414 11 13 0.03142091 
965 150 15 17 0.031121107 
830 173 12 16 0.030375173 
159 252 8 11 0.030051736 
376 147 35 38 0.029997326 
744 316 9 11 0.02968681 
279 208 29 30 0.029556055 
779 136 18 21 0.028465757 
367 122 31 41 0.02831006 
760 334 9 11 0.02721478 
179 175 24 31 0.026042556 
833 170 17 21 0.024668554 
846 163 14 19 0.024140328 
544 478 28 28 0.023779277 
809 134 25 29 0.022799086 
628 89 27 37 0.021610694 
895 103 30 33 0.020630453 
803 189 25 29 0.020482462 
273 188 31 36 0.020172287 
