56_Voter_peoplevoting_56_528
87
622 131 31 40 0.99715483 
458 185 37 45 0.98882324 
905 240 54 62 0.9878593 
485 27 14 21 0.98313487 
517 149 35 42 0.9821321 
179 64 16 26 0.9744767 
319 60 19 25 0.9564221 
533 245 45 36 0.93149346 
419 47 15 24 0.92747265 
261 66 16 24 0.8190257 
915 72 18 22 0.6941384 
782 41 15 21 0.6508787 
785 125 21 24 0.61724436 
690 89 19 26 0.58372426 
612 61 16 23 0.50285697 
893 63 16 21 0.4287131 
935 91 15 21 0.42786777 
656 75 25 30 0.33853686 
47 64 20 31 0.27371228 
797 398 26 33 0.20655411 
83 68 19 31 0.20476533 
441 43 15 18 0.18170248 
836 115 14 19 0.16206701 
776 43 12 17 0.11612719 
777 111 24 32 0.11285599 
837 105 15 20 0.11285544 
697 85 17 26 0.10831313 
843 101 14 18 0.10446127 
524 236 31 45 0.08735791 
602 230 23 27 0.07373593 
761 46 9 12 0.06983037 
891 66 24 34 0.0626817 
456 29 13 16 0.060753644 
770 106 18 25 0.059000336 
698 93 24 33 0.056713298 
939 92 20 27 0.05530298 
851 101 10 14 0.054663032 
673 29 16 22 0.054413345 
947 84 16 20 0.054057892 
766 45 11 14 0.053746242 
844 388 101 124 0.04685801 
679 88 23 34 0.045981027 
438 25 13 15 0.045927763 
479 48 13 17 0.045683827 
770 85 21 33 0.043737933 
390 57 15 18 0.04253361 
622 55 20 30 0.040718857 
395 53 14 17 0.037463073 
347 57 17 20 0.037082445 
426 44 14 20 0.03335731 
940 50 12 15 0.032308295 
659 84 25 35 0.032239642 
539 54 14 17 0.031863857 
51 2 29 32 0.031324968 
247 67 14 17 0.03101181 
980 97 26 28 0.030665454 
407 50 15 20 0.029981716 
557 58 13 19 0.02983525 
342 105 14 18 0.029223893 
653 76 18 21 0.028989527 
33 54 24 31 0.027523747 
832 107 12 18 0.027421853 
549 51 13 18 0.026051361 
919 69 24 31 0.025911871 
796 389 43 53 0.025075343 
977 104 18 21 0.024716534 
994 94 19 26 0.024704928 
979 70 39 58 0.024089018 
893 62 38 48 0.024009667 
329 58 17 22 0.023318533 
908 66 19 24 0.023313586 
908 60 14 19 0.023201128 
915 62 16 20 0.022656191 
918 156 105 142 0.02255066 
635 52 14 19 0.02235157 
671 17 22 29 0.02217914 
940 85 16 21 0.021759754 
363 52 13 17 0.021578472 
618 67 16 23 0.02148399 
543 28 10 12 0.021322321 
479 20 15 20 0.021299306 
772 75 14 18 0.021178553 
364 29 12 16 0.021003786 
788 134 24 32 0.020786567 
793 454 55 67 0.02071004 
273 73 15 19 0.02064694 
923 60 14 18 0.020134311 
