56_Voter_peoplevoting_56_902
19
700 191 160 215 0.99662554 
589 234 93 146 0.66676843 
2 153 62 117 0.42785624 
171 109 247 305 0.23334874 
111 147 107 169 0.22661954 
19 149 98 139 0.13753459 
118 187 65 99 0.13422963 
41 45 323 416 0.11899778 
300 197 29 37 0.10068062 
83 64 172 285 0.08113827 
616 -27 466 515 0.045943152 
55 158 107 147 0.045540594 
468 182 32 42 0.04428195 
197 9 385 466 0.03953358 
291 186 31 39 0.039220054 
567 172 21 30 0.034517296 
33 133 61 99 0.024597194 
916 464 95 142 0.022867754 
532 199 166 251 0.021927737 
