21_Festival_Festival_21_881
32
510 52 205 261 0.9914247 
484 762 57 69 0.5363055 
414 736 17 20 0.29100478 
303 728 18 22 0.2851845 
437 731 16 21 0.13814634 
267 754 46 52 0.091272414 
428 736 17 21 0.072697185 
387 735 15 18 0.07226996 
-32 192 349 547 0.06259848 
466 751 54 67 0.062093597 
381 736 15 20 0.060389824 
459 747 24 28 0.05489193 
555 112 134 157 0.05137371 
550 774 14 18 0.050820526 
400 746 19 27 0.04993367 
373 744 16 20 0.049598083 
289 1005 32 33 0.048701614 
958 624 67 165 0.046630085 
489 98 133 196 0.04274217 
383 738 21 26 0.032970067 
973 541 51 109 0.031437077 
452 740 45 60 0.029766828 
408 740 13 17 0.02868956 
430 793 13 16 0.0262779 
540 770 17 21 0.026094915 
213 563 378 432 0.02593982 
501 772 34 44 0.023498647 
373 735 14 17 0.022372656 
419 724 16 19 0.021521749 
362 708 17 19 0.020764388 
348 763 16 17 0.02065285 
273 -1 19 19 0.020149548 
