21_Festival_Festival_21_640
18
172 223 11 14 0.11136839 
47 437 22 28 0.08815863 
122 433 24 34 0.0518236 
50 426 15 17 0.049808234 
619 594 13 15 0.0472212 
171 246 13 16 0.037974387 
124 428 14 17 0.03678089 
1002 190 8 11 0.035484813 
43 430 36 47 0.035172086 
261 182 22 30 0.034674454 
667 483 10 14 0.034482006 
965 245 13 17 0.029727988 
269 149 11 16 0.029459577 
748 437 14 17 0.02825529 
670 589 12 15 0.025328618 
620 602 14 16 0.02475788 
0 365 8 14 0.020889604 
110 232 11 14 0.020500682 
