21_Festival_Festival_21_727
139
589 95 97 122 0.30283538 
417 167 9 12 0.28529105 
417 170 11 16 0.24074249 
416 130 10 14 0.23931332 
822 354 58 89 0.20189711 
492 192 14 18 0.18136655 
443 218 16 20 0.1566921 
951 247 9 13 0.14813364 
421 178 10 13 0.13394548 
438 133 9 11 0.117837764 
175 215 12 16 0.11277822 
277 61 16 17 0.09934416 
383 127 9 10 0.09691618 
487 197 13 16 0.087575875 
460 172 13 15 0.08250186 
397 188 10 12 0.0779181 
434 129 8 10 0.07322729 
392 183 9 12 0.07032943 
388 156 9 12 0.0696565 
447 39 9 10 0.06837526 
519 214 12 14 0.068281665 
808 325 61 81 0.065949835 
392 136 8 11 0.065783985 
420 128 8 11 0.064619474 
479 198 10 12 0.06143267 
207 213 9 13 0.06081293 
444 174 9 12 0.060469385 
387 165 10 14 0.060045544 
959 344 12 16 0.0597868 
218 214 28 33 0.05782644 
124 253 12 15 0.057296783 
226 212 16 18 0.056632522 
463 142 10 11 0.053836282 
357 229 9 11 0.05117312 
388 197 11 15 0.04970552 
469 190 10 13 0.04962275 
947 341 14 17 0.049404148 
500 214 13 14 0.04870282 
574 164 11 15 0.047798313 
456 124 9 11 0.04762004 
417 161 8 11 0.045554783 
513 142 9 11 0.044087484 
504 346 30 32 0.043661073 
469 329 25 36 0.043341525 
517 144 9 10 0.04234435 
510 29 26 30 0.042325053 
990 239 8 11 0.04119939 
383 121 9 9 0.040835906 
229 416 14 18 0.040827896 
44 111 14 17 0.040252052 
946 253 10 13 0.040032294 
429 386 12 16 0.03975036 
965 279 10 12 0.039523426 
464 197 12 15 0.03884328 
469 148 9 11 0.038622953 
469 203 11 14 0.03844997 
955 245 9 12 0.037621666 
438 201 11 13 0.037362665 
861 251 11 15 0.036789317 
253 356 13 15 0.03474574 
463 203 11 14 0.034589253 
510 43 12 14 0.034377802 
414 96 8 11 0.033565685 
472 212 8 11 0.033476625 
32 235 10 12 0.033372354 
341 171 11 17 0.032940313 
481 152 8 11 0.032383516 
497 339 25 31 0.03238277 
444 133 9 10 0.032016482 
345 494 10 12 0.031889506 
486 167 11 14 0.030955054 
55 231 11 12 0.030337239 
512 30 12 16 0.029653493 
965 288 12 16 0.02963769 
604 39 155 192 0.029461658 
193 55 10 13 0.029286368 
275 139 25 27 0.029047502 
187 401 33 39 0.028905526 
460 354 12 19 0.028720265 
410 133 9 11 0.028595883 
502 247 9 11 0.028018583 
469 172 12 14 0.028000921 
185 382 50 68 0.027928185 
534 188 9 11 0.027370648 
207 217 13 16 0.027345045 
225 410 22 30 0.027040984 
429 220 11 14 0.026445564 
406 198 9 13 0.026387755 
425 79 9 10 0.026302947 
992 539 10 12 0.026194263 
396 134 9 11 0.025743656 
520 172 9 11 0.025628975 
485 152 9 11 0.025002796 
421 228 11 14 0.02477444 
384 131 10 12 0.0246565 
430 118 8 10 0.024454188 
493 180 16 19 0.024398861 
529 188 9 12 0.024393091 
410 167 9 12 0.024161754 
338 243 12 16 0.024084758 
454 383 9 14 0.023917088 
991 345 13 17 0.023861688 
429 470 12 16 0.023838889 
384 355 14 18 0.023777694 
55 53 23 29 0.023749692 
167 206 10 11 0.023515465 
382 194 20 25 0.023464976 
306 144 16 18 0.02339715 
422 158 8 11 0.023330865 
949 239 11 12 0.023069799 
174 559 10 11 0.02285512 
969 246 10 13 0.022703554 
287 20 13 14 0.02237562 
604 343 33 33 0.022287402 
384 159 17 25 0.022229278 
949 284 10 14 0.02209518 
986 243 10 13 0.021801949 
846 286 11 12 0.021591486 
158 238 16 20 0.021536434 
282 201 32 39 0.021456186 
499 172 12 14 0.021417335 
667 79 180 198 0.021359988 
172 48 383 467 0.02132198 
446 129 9 11 0.02122118 
956 336 20 27 0.02092586 
661 97 63 84 0.020889401 
63 170 12 15 0.020873914 
999 254 8 11 0.020870844 
402 28 10 12 0.020663215 
948 231 10 11 0.020587506 
502 240 8 10 0.020566711 
494 71 9 10 0.020522717 
356 222 10 14 0.020461434 
204 345 100 117 0.0203258 
918 285 13 17 0.020248331 
440 166 11 13 0.02022013 
458 142 9 11 0.02017003 
527 140 9 12 0.020139787 
252 362 15 20 0.020097757 
