21_Festival_Festival_21_604
1985
10 544 17 21 0.9823232 
925 534 14 15 0.97002774 
686 501 13 17 0.9642438 
164 629 18 22 0.94596535 
205 625 22 26 0.9447072 
72 590 17 23 0.9277302 
294 494 10 13 0.92134476 
762 554 16 22 0.9103779 
731 585 15 20 0.8836878 
8 476 11 15 0.8349822 
412 462 14 16 0.8163485 
99 539 13 16 0.8137457 
861 512 11 13 0.79242533 
199 496 13 16 0.7789876 
694 575 16 20 0.77306503 
56 561 16 19 0.7612167 
61 504 12 16 0.7263666 
256 485 11 13 0.72342426 
896 460 9 11 0.7160794 
27 495 12 16 0.70940804 
759 517 13 15 0.6973235 
946 463 12 14 0.68079644 
216 478 9 12 0.6508648 
289 564 13 16 0.6456179 
709 553 14 16 0.6188084 
219 454 9 11 0.60682464 
660 494 12 16 0.60129654 
967 483 10 14 0.5783777 
41 478 11 13 0.57535845 
248 463 9 12 0.56630564 
973 467 11 15 0.5554589 
138 472 9 12 0.5549172 
239 447 9 11 0.5547078 
739 502 13 16 0.5510999 
823 445 7 11 0.5509594 
87 556 12 15 0.5485756 
848 483 9 11 0.53103894 
950 514 12 15 0.5051801 
966 527 12 15 0.4908485 
207 596 14 18 0.48526636 
429 415 8 10 0.46757177 
874 461 9 12 0.46109575 
715 582 14 17 0.46091354 
901 438 10 12 0.45308158 
1013 539 10 16 0.44672677 
61 431 9 10 0.43837297 
910 462 9 11 0.43391314 
870 480 11 13 0.42575046 
662 455 11 13 0.42181614 
508 438 10 12 0.42102197 
222 509 10 13 0.41852435 
275 626 14 19 0.41723236 
98 446 10 12 0.4105781 
131 585 16 20 0.40633294 
147 598 14 18 0.40366837 
374 446 8 10 0.40027907 
684 459 10 12 0.39908192 
313 446 9 11 0.3990271 
392 429 8 11 0.39664182 
134 549 11 16 0.39451674 
425 415 8 10 0.39418715 
893 486 9 12 0.38955793 
304 479 9 12 0.38922766 
892 659 20 19 0.38593045 
628 443 11 13 0.38407513 
749 538 13 16 0.37979558 
804 516 10 13 0.37761304 
207 436 8 10 0.3722418 
946 417 7 9 0.36542362 
397 478 12 14 0.36500823 
141 453 9 12 0.36305818 
101 439 9 11 0.35539153 
805 552 14 18 0.34842712 
158 555 13 17 0.34700647 
703 550 13 16 0.34286454 
768 469 10 12 0.34254533 
439 447 9 10 0.33915505 
957 440 9 12 0.33222917 
79 470 11 12 0.33164552 
55 508 11 15 0.33135423 
703 475 9 13 0.32481644 
830 535 11 14 0.31652564 
342 469 9 12 0.312879 
285 597 16 19 0.31164727 
974 502 10 13 0.31112614 
824 524 10 12 0.3081614 
158 478 8 11 0.3079891 
863 495 9 11 0.30704564 
882 416 8 10 0.30660447 
295 530 11 14 0.30595577 
271 511 11 14 0.30319512 
736 422 8 9 0.3010768 
263 541 14 16 0.3006481 
64 477 9 11 0.29341748 
375 469 11 12 0.29304883 
992 401 8 10 0.29288498 
287 437 7 10 0.29219297 
861 592 15 19 0.29157957 
201 540 13 16 0.29149646 
809 538 13 15 0.29081604 
367 480 10 13 0.2883142 
309 477 11 13 0.28522968 
46 470 10 11 0.28423172 
885 430 9 11 0.2809307 
294 471 8 11 0.27874196 
20 627 16 21 0.2774306 
721 448 8 10 0.27665335 
238 484 10 13 0.27189052 
80 413 8 10 0.27009568 
644 477 10 12 0.2698455 
719 478 10 12 0.2691015 
909 455 9 11 0.26879567 
72 415 8 9 0.2657206 
340 553 13 15 0.26481554 
359 453 9 10 0.26327217 
913 423 9 11 0.26154026 
192 399 7 9 0.2612955 
750 446 10 12 0.26107818 
240 431 8 10 0.25917533 
699 469 8 12 0.2587858 
206 572 15 17 0.2541144 
908 492 9 10 0.2521014 
810 613 15 19 0.24917322 
232 534 12 15 0.24914035 
997 401 8 9 0.24685594 
808 414 8 10 0.2465414 
457 425 9 10 0.24082944 
621 444 12 14 0.2365418 
314 452 9 11 0.23429982 
174 492 12 13 0.23408458 
663 431 8 11 0.23388651 
192 445 8 10 0.23387785 
1006 479 10 14 0.23094171 
166 398 7 10 0.22974677 
724 452 10 12 0.22937666 
748 451 11 13 0.2231461 
3 408 8 12 0.22234143 
990 473 8 10 0.22227728 
223 424 8 10 0.22203527 
1003 454 9 12 0.22153977 
778 502 9 12 0.22142811 
238 478 9 13 0.22085643 
884 541 10 13 0.22059081 
967 445 8 11 0.22009082 
884 437 10 13 0.21985841 
247 599 13 18 0.21733662 
94 408 8 9 0.21732375 
178 421 8 10 0.2171329 
112 470 10 13 0.215274 
854 446 8 11 0.21392152 
990 383 7 9 0.2124832 
881 509 10 13 0.21020529 
37 446 8 10 0.21017298 
261 490 11 13 0.21015379 
402 408 8 9 0.20818639 
351 448 8 10 0.20725021 
278 478 9 10 0.20698161 
45 381 8 10 0.20659736 
264 407 8 10 0.20577699 
8 634 14 16 0.20551887 
918 422 8 11 0.20506269 
141 493 12 15 0.20483847 
341 492 9 11 0.20476992 
900 391 8 10 0.2024455 
241 425 8 9 0.20198399 
335 487 11 13 0.1991589 
29 468 11 13 0.19880725 
926 470 11 13 0.19809541 
176 416 8 10 0.19712692 
93 525 11 15 0.19638398 
463 448 10 12 0.19638331 
983 416 8 9 0.19628276 
920 416 8 9 0.19474612 
679 405 8 10 0.19212908 
289 501 10 12 0.19206606 
113 383 8 9 0.18969877 
37 510 10 13 0.18916497 
631 457 12 15 0.18898429 
1006 430 9 11 0.18843643 
787 491 12 14 0.18721485 
766 415 9 10 0.18714738 
832 417 7 10 0.18657576 
192 441 7 10 0.18609019 
694 424 7 9 0.184351 
656 472 11 14 0.18340902 
680 455 11 13 0.18262126 
665 423 8 11 0.18163505 
885 423 9 11 0.18116938 
799 430 10 13 0.18105611 
352 453 8 10 0.18019886 
178 453 8 11 0.17865548 
807 479 10 13 0.17855702 
206 563 13 16 0.1769811 
966 409 8 9 0.17693938 
214 482 10 13 0.17558385 
798 453 8 11 0.17550947 
818 448 8 10 0.17547853 
863 424 9 10 0.1749976 
808 375 8 10 0.17497182 
319 533 9 13 0.1745853 
950 400 7 9 0.17429493 
790 447 8 10 0.1740711 
353 422 8 10 0.17350641 
254 512 11 14 0.17079386 
785 441 7 10 0.16996 
959 389 7 9 0.1695248 
711 390 7 9 0.16935605 
111 410 7 9 0.16929847 
711 440 8 10 0.16917285 
223 495 8 11 0.16900897 
241 439 9 11 0.16788515 
287 454 9 11 0.16727442 
39 538 13 18 0.16721514 
383 508 13 16 0.167072 
54 416 8 9 0.16568089 
324 562 12 15 0.16420223 
863 559 11 14 0.16384187 
399 446 7 9 0.16372636 
824 441 8 11 0.1630215 
766 445 8 10 0.1629158 
888 527 11 13 0.16220927 
705 415 8 10 0.16211523 
327 428 8 10 0.16197674 
326 480 11 13 0.16195264 
342 476 10 13 0.16125959 
1015 438 8 12 0.16072178 
988 533 11 14 0.16053377 
189 512 10 13 0.1605038 
110 478 9 13 0.15971014 
1007 388 8 10 0.15948896 
830 493 9 11 0.15836996 
769 557 14 17 0.15803057 
441 398 8 10 0.15765996 
414 376 8 10 0.15588734 
54 469 10 11 0.15583432 
295 489 10 12 0.15577827 
677 535 10 13 0.15526623 
156 561 15 21 0.1550519 
984 447 9 10 0.15498197 
28 431 9 11 0.1547679 
886 532 11 14 0.1545668 
173 483 14 16 0.15451266 
123 616 12 18 0.15378813 
903 455 9 12 0.15353176 
342 464 9 11 0.15351164 
372 529 14 16 0.15343997 
944 399 8 9 0.15338913 
919 447 9 12 0.15280393 
145 431 8 10 0.15234661 
281 438 9 11 0.15231352 
922 408 6 8 0.1518725 
168 469 9 12 0.15043202 
62 436 8 11 0.1504158 
71 392 8 10 0.15040554 
662 399 7 9 0.15036987 
767 422 10 11 0.14978878 
40 421 8 11 0.14875159 
392 617 13 18 0.14872348 
48 447 8 11 0.14852959 
969 368 6 8 0.14841327 
47 414 9 11 0.14836353 
440 431 8 9 0.14821601 
804 523 11 14 0.14818284 
726 528 12 14 0.14778149 
374 475 11 14 0.14772336 
265 423 8 10 0.14763463 
786 445 8 11 0.14736937 
672 515 12 17 0.14719489 
214 514 12 14 0.14696535 
955 642 15 21 0.14604118 
398 439 8 10 0.14603855 
992 431 8 10 0.14592603 
888 406 7 9 0.14511947 
773 432 9 11 0.14415957 
759 484 10 12 0.14391074 
104 558 11 14 0.143904 
832 462 8 10 0.14374842 
728 430 8 10 0.14364216 
76 524 12 15 0.14364138 
364 538 13 16 0.14275722 
149 431 9 11 0.14222558 
216 448 9 11 0.14153059 
337 438 8 10 0.1414938 
829 517 9 13 0.14091526 
89 423 8 11 0.1403576 
646 471 9 13 0.14032435 
847 453 8 10 0.13971476 
832 369 7 7 0.13881874 
366 464 9 10 0.13875102 
431 366 7 9 0.13834627 
277 470 9 12 0.13784085 
263 383 8 10 0.13753332 
817 468 9 11 0.13749275 
663 436 8 11 0.13742591 
246 510 11 14 0.13714786 
152 453 9 11 0.1367826 
869 429 8 10 0.13637416 
903 518 9 13 0.13538806 
856 440 9 11 0.13500382 
208 399 8 10 0.1347265 
361 503 8 11 0.13353533 
647 423 9 11 0.13344356 
401 392 8 9 0.13338552 
294 376 7 8 0.13289382 
271 430 8 10 0.13286956 
319 479 8 11 0.13258979 
948 474 12 15 0.13248841 
88 408 8 10 0.13116702 
912 508 10 14 0.13093491 
950 416 9 11 0.13050582 
791 575 13 15 0.13046959 
1008 384 8 10 0.13022804 
15 375 8 9 0.12872371 
311 501 8 10 0.12865838 
248 424 7 10 0.1268791 
927 407 8 10 0.12636778 
312 360 7 9 0.12620832 
870 408 7 9 0.12601738 
333 424 8 9 0.1259633 
1005 461 9 11 0.12581126 
896 491 9 12 0.12555267 
958 537 13 17 0.12538499 
25 405 8 11 0.12528399 
848 543 11 14 0.1252297 
669 457 9 11 0.1249254 
716 508 9 11 0.12482351 
660 468 11 14 0.12440279 
418 359 7 9 0.12424001 
191 461 10 12 0.12411899 
387 383 7 9 0.1237857 
172 538 13 16 0.123395935 
836 540 11 14 0.12294457 
743 493 13 15 0.122732125 
800 399 7 10 0.1226803 
281 641 16 21 0.12225727 
271 453 9 11 0.121910885 
805 432 10 11 0.121823564 
882 391 7 9 0.12163344 
262 440 9 9 0.1211745 
746 485 10 12 0.12080392 
991 453 9 12 0.120775 
862 428 10 12 0.12072856 
289 376 6 8 0.12065668 
839 389 8 10 0.12037345 
992 485 11 13 0.12033727 
732 533 11 13 0.12008924 
144 375 8 9 0.11927461 
857 407 7 10 0.11922987 
802 511 10 13 0.11884004 
256 446 9 10 0.11879066 
1000 431 8 11 0.11861641 
336 520 8 10 0.11840376 
462 399 8 11 0.11796023 
157 455 8 10 0.1176063 
415 445 8 10 0.11745876 
48 509 11 14 0.11734508 
870 561 11 14 0.117118105 
960 413 8 11 0.11710449 
761 444 9 11 0.116960175 
151 423 8 9 0.11646881 
825 399 7 10 0.116111 
741 612 12 14 0.11607368 
1012 429 8 12 0.11601367 
911 467 8 11 0.11586944 
954 385 6 8 0.11578498 
69 508 11 15 0.11564527 
396 429 8 11 0.115409926 
62 472 9 11 0.11509081 
350 555 12 16 0.11496661 
816 451 9 12 0.114940405 
359 439 7 9 0.11491482 
710 471 8 11 0.114909776 
726 582 13 18 0.11467649 
951 368 7 9 0.114553615 
678 423 8 9 0.113988996 
193 405 7 9 0.113976195 
857 494 10 12 0.11355761 
984 422 7 10 0.11344535 
848 447 9 11 0.113174655 
359 508 10 12 0.11317235 
319 383 7 9 0.11303238 
93 485 11 15 0.11290053 
383 416 7 9 0.11244182 
271 423 8 10 0.11193987 
118 475 11 13 0.11193724 
794 453 8 11 0.11181909 
9 399 8 10 0.11072611 
86 413 7 10 0.11063214 
879 457 8 11 0.11051708 
840 431 9 10 0.10998473 
742 539 14 17 0.109886706 
72 445 9 12 0.10902981 
981 469 10 13 0.10869481 
799 423 8 10 0.108345434 
136 392 8 9 0.1082154 
424 453 9 12 0.10807306 
751 594 12 17 0.10794597 
782 542 11 14 0.10773788 
243 188 16 19 0.10751963 
896 587 12 15 0.10737629 
839 504 10 12 0.106943354 
694 428 8 11 0.10678407 
126 548 13 17 0.10606919 
885 547 9 12 0.1059137 
866 392 7 9 0.10578705 
855 632 15 21 0.10575233 
192 431 7 9 0.105649665 
680 401 8 9 0.10556205 
257 440 8 9 0.105382144 
358 430 8 10 0.10528651 
710 400 7 9 0.10524286 
941 439 9 11 0.104743876 
231 416 7 9 0.104690135 
928 423 8 10 0.104141235 
901 549 13 17 0.1039952 
199 473 8 10 0.1039122 
357 423 8 10 0.10375082 
478 463 9 10 0.10364181 
223 429 8 10 0.10360948 
710 421 7 10 0.10343822 
745 478 9 12 0.1030566 
16 452 10 12 0.10289971 
144 449 8 10 0.10287263 
879 502 10 13 0.10199644 
839 448 9 11 0.10150396 
680 445 11 12 0.10107002 
369 446 8 10 0.1009929 
293 631 15 21 0.10027054 
288 400 7 10 0.10000952 
840 453 9 11 0.100001805 
464 474 10 13 0.09993641 
61 463 8 11 0.09992308 
99 509 12 13 0.09957799 
943 483 9 12 0.09933417 
903 415 7 9 0.09918505 
864 408 8 9 0.09911659 
383 504 11 13 0.09899979 
437 357 8 10 0.09885577 
184 516 10 13 0.098624244 
904 488 10 13 0.09856149 
24 400 8 11 0.09818795 
728 399 7 9 0.097958416 
896 399 8 9 0.09737831 
46 377 8 9 0.09666723 
175 501 10 13 0.09655162 
321 423 8 10 0.09621262 
456 375 7 8 0.09587613 
94 532 13 18 0.09586328 
16 391 7 10 0.0958189 
997 486 10 13 0.095577486 
831 511 9 11 0.09546885 
118 554 14 16 0.095456064 
958 471 9 12 0.09508062 
476 562 22 27 0.09444082 
117 381 8 10 0.09418854 
359 448 8 10 0.09398606 
826 532 11 14 0.09374899 
81 382 7 9 0.09357328 
249 580 14 18 0.09352161 
950 534 10 15 0.093467884 
393 482 10 13 0.09336966 
961 409 8 9 0.09328255 
879 496 9 10 0.09323219 
73 369 7 8 0.09303065 
447 431 8 11 0.09302944 
191 470 11 13 0.09281533 
933 424 8 9 0.09273557 
954 391 6 8 0.09270727 
705 440 9 11 0.09236884 
865 485 9 11 0.092303164 
775 507 10 14 0.09210652 
287 433 8 10 0.09203086 
23 391 7 9 0.091923974 
256 409 7 9 0.091841295 
12 470 10 14 0.09164248 
118 377 7 9 0.09160298 
413 166 14 17 0.09156725 
799 650 19 19 0.091485366 
888 400 7 9 0.09113556 
242 462 10 12 0.091132246 
392 406 7 9 0.09110308 
949 504 11 13 0.09105634 
384 439 7 9 0.09096514 
55 422 9 10 0.09083213 
750 463 10 12 0.09078873 
72 493 11 14 0.09015937 
152 449 8 10 0.09010743 
1013 468 9 14 0.09009613 
279 432 8 10 0.090092674 
254 425 8 9 0.089938045 
38 493 10 13 0.08983144 
927 446 9 12 0.08977318 
997 436 9 11 0.08969297 
238 490 11 14 0.089683786 
839 385 7 9 0.089553535 
505 443 9 11 0.08952512 
277 464 8 10 0.089369364 
410 374 7 10 0.08932562 
287 405 8 9 0.08926179 
280 486 10 13 0.08924327 
15 398 7 10 0.089177 
220 542 12 14 0.08890884 
831 488 8 10 0.08888063 
8 390 8 10 0.08885522 
806 447 8 10 0.088704035 
751 468 10 12 0.08859801 
320 407 7 8 0.08857656 
983 430 10 11 0.088553764 
984 452 10 12 0.08817755 
29 437 9 11 0.08816976 
742 421 7 10 0.08790566 
270 367 7 9 0.087858975 
918 365 8 9 0.08779483 
834 471 8 11 0.08769437 
271 390 8 9 0.08751514 
772 515 9 13 0.08748697 
71 421 8 10 0.08745509 
184 392 7 9 0.08742329 
886 392 7 9 0.08707916 
925 491 9 12 0.08690589 
911 428 9 11 0.08690022 
296 477 10 12 0.08668974 
137 357 7 9 0.0866084 
42 377 7 8 0.08648703 
671 417 8 10 0.08648646 
975 366 6 9 0.0864789 
979 578 15 18 0.08627471 
25 468 10 12 0.086260796 
157 448 8 10 0.08611115 
305 400 7 8 0.08610484 
973 446 9 10 0.08596596 
719 415 7 9 0.08594764 
264 415 8 9 0.08577029 
251 570 12 16 0.08561729 
96 517 11 14 0.08560358 
945 537 10 13 0.08557213 
783 399 7 10 0.08539847 
102 390 7 10 0.085334584 
975 439 9 11 0.08523184 
409 429 9 10 0.0852238 
836 535 10 12 0.08492683 
341 501 9 12 0.08482946 
890 369 7 9 0.08482398 
56 464 9 12 0.08462538 
310 472 10 12 0.08448604 
9 453 9 12 0.08431452 
54 448 7 10 0.08430803 
1013 408 8 10 0.08397651 
445 391 8 11 0.083825216 
895 481 9 12 0.08373847 
911 447 8 10 0.08372414 
104 366 7 9 0.083461516 
397 424 9 11 0.083359756 
1014 463 9 12 0.08333377 
831 446 8 10 0.083285876 
215 439 7 9 0.08326888 
152 554 13 18 0.08298748 
384 399 7 9 0.08292795 
800 449 9 11 0.08288658 
351 417 8 9 0.08282892 
872 456 10 12 0.08278284 
933 429 8 10 0.08274271 
433 360 8 10 0.08219815 
460 428 9 12 0.08219519 
1004 448 10 11 0.08156831 
74 350 7 10 0.08147632 
680 468 12 14 0.081388265 
296 446 9 11 0.081376776 
1015 443 9 12 0.081269085 
72 409 9 10 0.08122167 
264 389 8 10 0.08078645 
151 399 7 9 0.08078366 
160 360 7 9 0.08057972 
784 416 9 10 0.08056149 
295 399 7 10 0.080167614 
936 383 7 9 0.08005408 
968 399 7 9 0.079772145 
134 415 8 9 0.079765245 
903 408 7 9 0.07967087 
249 414 7 9 0.07953071 
730 425 7 9 0.07939459 
888 456 8 10 0.079313315 
342 433 9 10 0.07931013 
953 510 13 15 0.07898392 
344 520 9 11 0.07894199 
181 415 8 11 0.07875748 
892 525 10 12 0.07868661 
809 410 8 9 0.078574665 
851 479 10 13 0.07855935 
967 374 7 9 0.07837052 
580 397 11 14 0.078366764 
304 416 7 10 0.07828448 
169 375 7 8 0.07826741 
318 562 13 19 0.07826408 
1008 533 14 18 0.0780794 
374 546 12 15 0.07797626 
690 582 17 22 0.07786754 
369 406 7 9 0.07776616 
821 384 7 9 0.07774409 
865 399 7 9 0.07769652 
239 471 10 11 0.07765786 
15 447 10 12 0.07750704 
897 416 7 9 0.07743887 
337 471 9 11 0.07735972 
41 415 8 12 0.07729835 
735 539 12 16 0.077250496 
777 401 7 9 0.077117644 
346 448 8 10 0.07707393 
999 366 7 9 0.076926224 
54 452 8 11 0.076715276 
263 471 9 10 0.07662457 
223 502 10 14 0.076493405 
942 457 9 11 0.07647936 
336 431 8 9 0.07643922 
882 399 8 9 0.076420374 
418 416 8 10 0.07635564 
853 470 9 11 0.07614673 
767 475 11 13 0.07587194 
135 407 8 10 0.07585554 
215 401 7 9 0.07578979 
727 495 10 13 0.07571934 
822 469 8 10 0.075367056 
917 381 8 11 0.07468993 
851 485 10 12 0.074560806 
880 384 7 9 0.07446228 
983 538 11 14 0.07432288 
799 471 9 11 0.07424094 
262 446 9 11 0.074125454 
997 501 11 16 0.074122846 
355 377 6 8 0.073912375 
974 391 8 9 0.073838644 
936 453 8 11 0.07370005 
345 416 8 9 0.07365893 
772 422 9 11 0.07363967 
351 393 8 9 0.07360111 
105 540 14 17 0.07355011 
349 477 9 13 0.073540494 
282 399 8 10 0.07350635 
799 553 12 17 0.07348269 
997 492 11 14 0.07335874 
102 453 10 12 0.07334212 
929 464 8 11 0.07318285 
146 500 13 16 0.07314293 
303 462 8 10 0.07311636 
336 408 7 9 0.07309953 
192 476 10 12 0.073098786 
129 415 7 9 0.07305486 
169 369 7 9 0.073024735 
163 563 14 18 0.07280452 
401 413 8 9 0.07276726 
876 563 10 13 0.07268457 
784 391 6 9 0.07265818 
710 461 8 11 0.07253594 
935 405 7 9 0.07246153 
712 503 11 13 0.07235294 
239 558 12 16 0.07229352 
711 416 7 9 0.071961835 
221 459 10 11 0.071956374 
32 453 9 11 0.07184726 
360 479 10 13 0.07173926 
769 399 7 9 0.07171154 
937 391 6 8 0.07170472 
929 428 8 11 0.07157162 
528 373 9 10 0.071551055 
814 376 6 9 0.071507625 
822 452 9 12 0.07145749 
311 566 12 19 0.07136612 
672 445 9 11 0.07120928 
247 587 14 19 0.07116207 
936 400 7 9 0.07113839 
695 439 7 10 0.07110919 
968 392 8 9 0.071084 
96 412 7 9 0.07099424 
729 393 7 8 0.07096787 
277 510 11 15 0.0709404 
375 441 8 10 0.070886455 
840 478 9 11 0.07057808 
1007 501 11 16 0.070504285 
866 480 10 12 0.07042565 
639 469 12 15 0.07032879 
326 541 9 12 0.070217244 
768 501 10 12 0.070194066 
670 421 8 11 0.070151284 
200 377 7 8 0.07009633 
789 549 11 13 0.07004247 
765 512 13 15 0.07000193 
81 375 7 10 0.06986173 
116 497 12 16 0.069739275 
799 477 11 14 0.069734424 
255 538 13 16 0.069681056 
896 519 10 12 0.06965976 
813 479 11 13 0.06965075 
301 594 12 19 0.06965032 
812 556 13 16 0.069537334 
880 534 12 16 0.06943195 
722 401 7 8 0.06942136 
990 389 7 9 0.06935168 
659 502 14 18 0.06931494 
167 464 9 10 0.0692335 
655 489 12 14 0.06898794 
342 437 8 10 0.06896999 
104 414 8 9 0.06896857 
201 432 8 10 0.068953805 
863 446 8 10 0.06875713 
385 431 8 10 0.068646014 
197 557 12 17 0.06855667 
895 423 8 10 0.06841358 
145 400 6 9 0.068410784 
46 423 9 10 0.06837477 
63 424 8 9 0.06834643 
15 383 8 9 0.068300456 
334 414 8 10 0.06824779 
219 424 7 10 0.06823375 
177 524 12 14 0.06804751 
422 359 7 10 0.06756954 
136 398 7 8 0.06748959 
287 476 9 11 0.0674464 
721 461 9 11 0.06742165 
192 547 12 17 0.06737188 
766 439 9 10 0.06719821 
952 406 8 9 0.06715124 
743 417 8 10 0.06715115 
197 454 9 11 0.066952795 
991 375 8 9 0.066933125 
57 359 6 9 0.06686636 
694 400 7 9 0.06669794 
817 391 8 10 0.06664509 
756 596 13 18 0.06662663 
376 415 8 9 0.06651092 
178 409 7 9 0.066477716 
300 526 11 15 0.06622951 
17 462 9 11 0.06620983 
848 439 8 10 0.066167794 
278 423 8 10 0.06590411 
987 603 19 22 0.0657085 
856 369 8 9 0.065660514 
43 635 45 44 0.06553711 
320 400 7 9 0.06529277 
254 430 7 9 0.06524703 
814 408 7 10 0.06518166 
175 382 9 10 0.06517091 
207 366 6 8 0.06511933 
151 461 9 11 0.06506722 
817 382 8 9 0.0649985 
391 401 7 9 0.06487487 
430 420 9 11 0.064840816 
919 428 8 10 0.06482151 
166 393 7 9 0.064787924 
415 423 8 9 0.06454029 
383 422 8 11 0.064525984 
173 470 9 11 0.06446069 
312 392 6 9 0.064411454 
86 383 7 9 0.0643971 
113 390 8 10 0.06438704 
502 352 9 12 0.06433966 
917 503 10 13 0.0640918 
868 525 10 12 0.064070895 
959 526 10 14 0.06406344 
431 455 8 12 0.063930556 
671 480 9 12 0.06380739 
919 400 7 9 0.06372885 
197 447 9 10 0.06368277 
138 547 13 17 0.063455835 
743 527 10 12 0.06322806 
804 603 15 20 0.06321527 
100 523 13 17 0.06310655 
463 415 8 10 0.063048 
311 441 9 11 0.06302731 
31 475 12 13 0.06299731 
209 485 10 12 0.062954806 
102 482 12 16 0.062924966 
665 416 8 10 0.06285192 
747 612 11 15 0.06279777 
767 496 9 10 0.06278484 
98 391 7 9 0.06262778 
62 592 16 21 0.06255871 
105 410 7 9 0.06253012 
216 431 7 10 0.062517814 
849 367 7 9 0.06245803 
824 486 8 10 0.06244941 
887 443 9 11 0.062389918 
31 422 9 10 0.062222842 
103 385 7 8 0.062101845 
830 401 7 8 0.062075187 
149 517 11 14 0.06202726 
807 495 8 12 0.061864946 
1000 422 8 10 0.06181057 
368 469 10 11 0.061739977 
337 524 9 11 0.06165765 
152 470 10 12 0.061508574 
564 405 10 13 0.06148782 
769 430 9 12 0.061212473 
868 516 9 12 0.060986243 
367 400 7 9 0.060976073 
190 393 8 10 0.06073206 
870 392 7 9 0.06072867 
832 455 8 11 0.060688425 
848 392 7 10 0.06068807 
191 563 11 14 0.060687765 
382 446 8 10 0.060666062 
929 400 7 9 0.060610708 
864 414 8 9 0.060569886 
660 532 11 14 0.060551338 
0 438 7 11 0.06053074 
406 414 7 9 0.06041263 
264 452 9 12 0.060151964 
811 591 16 22 0.06014977 
751 416 7 8 0.06000645 
725 479 10 13 0.059969574 
665 498 13 16 0.05991808 
94 424 8 10 0.059808206 
279 446 9 10 0.059606057 
674 540 11 13 0.059477713 
903 511 9 12 0.059447538 
423 447 8 10 0.059421618 
936 478 9 12 0.059401173 
752 406 7 9 0.059233014 
592 383 8 10 0.059225366 
825 405 8 10 0.059212722 
52 568 22 27 0.05917501 
977 432 9 10 0.05915427 
945 502 10 12 0.05908297 
248 430 8 10 0.05903683 
848 415 8 9 0.05899774 
985 407 7 8 0.058748256 
306 393 7 8 0.05871325 
786 369 7 9 0.05858518 
849 408 8 9 0.05840555 
322 429 7 10 0.058289066 
898 431 9 11 0.058121596 
401 398 8 10 0.058111187 
300 494 9 12 0.05802613 
781 508 10 12 0.05791252 
855 533 10 13 0.05788565 
266 430 8 10 0.057639495 
856 400 7 8 0.05754048 
32 360 7 9 0.057508294 
838 416 8 10 0.057440422 
321 416 7 9 0.05741994 
48 465 9 11 0.057398576 
136 496 11 15 0.057319682 
143 406 8 9 0.05714944 
447 417 7 9 0.057079326 
85 476 10 12 0.05707558 
77 351 8 10 0.05695366 
406 392 7 10 0.056926575 
926 414 8 11 0.05690972 
824 494 10 11 0.056901805 
944 515 13 15 0.056804985 
54 407 8 10 0.056778505 
223 407 7 8 0.056674104 
183 430 8 10 0.05663961 
860 438 10 12 0.056598756 
88 369 7 8 0.05645779 
191 415 8 9 0.056433957 
232 399 7 9 0.056397922 
36 572 12 17 0.05636733 
413 473 12 15 0.05633743 
647 427 10 13 0.056326002 
217 384 7 9 0.056184363 
137 459 10 12 0.05612834 
772 478 10 13 0.055792764 
991 424 8 10 0.05579007 
268 492 10 13 0.055756982 
958 559 13 17 0.05553687 
831 503 9 12 0.055492695 
162 399 7 10 0.055352613 
58 436 8 10 0.055350907 
335 509 10 12 0.05534269 
670 441 8 10 0.055214953 
15 440 8 10 0.055096027 
847 463 8 10 0.055072512 
103 433 8 10 0.05501679 
319 518 8 11 0.054867025 
311 398 7 9 0.05479595 
240 367 7 8 0.054658797 
856 586 12 18 0.05456608 
829 439 8 10 0.05452505 
849 398 7 9 0.054427974 
457 382 8 11 0.054037657 
230 349 8 9 0.054029565 
54 494 11 14 0.054013457 
145 424 7 9 0.05396134 
721 406 7 8 0.053947147 
753 516 13 15 0.053888798 
929 392 7 8 0.053815305 
178 390 8 9 0.05375206 
273 463 9 10 0.05356362 
249 408 8 10 0.053498164 
288 460 9 10 0.0534691 
103 460 10 13 0.05338041 
693 516 11 14 0.053356875 
1000 417 8 9 0.05331895 
710 455 8 11 0.053287134 
266 368 8 9 0.05327028 
751 441 9 10 0.0532435 
738 590 15 19 0.053211994 
806 397 8 10 0.05313659 
174 508 9 13 0.05310306 
378 392 6 8 0.053024612 
447 370 8 10 0.053012077 
847 469 9 10 0.05300484 
425 366 8 9 0.05294324 
621 451 12 15 0.05292075 
766 383 7 8 0.052918427 
839 421 8 10 0.052871153 
246 484 9 12 0.052846722 
431 408 8 10 0.05284239 
1000 391 8 9 0.05281878 
303 440 9 11 0.052812375 
697 445 8 11 0.052701652 
297 422 8 9 0.052697413 
16 370 7 8 0.052679673 
414 429 8 10 0.05266794 
304 446 8 11 0.0525768 
334 455 9 11 0.052565817 
263 511 11 14 0.05250623 
104 422 8 10 0.052432813 
357 415 8 10 0.0523244 
856 413 8 10 0.05223542 
304 455 8 10 0.05219524 
822 500 11 13 0.05213423 
223 438 8 10 0.05205201 
208 406 7 9 0.052047387 
40 367 7 9 0.052039634 
707 390 7 9 0.051992934 
992 506 13 15 0.051807363 
277 209 13 16 0.0517911 
929 375 8 9 0.051771495 
132 594 22 26 0.05176583 
382 105 44 54 0.051747736 
733 527 10 13 0.05171702 
231 581 13 16 0.051689975 
718 440 7 9 0.05167169 
837 549 11 13 0.05164883 
786 374 7 8 0.051607866 
161 405 8 10 0.051557817 
895 501 10 12 0.051543687 
150 548 13 17 0.05149471 
914 360 8 10 0.051485352 
288 448 7 9 0.05141771 
948 483 10 12 0.05141657 
935 446 9 13 0.051343095 
319 440 8 10 0.05132535 
710 475 10 13 0.051271163 
946 368 8 10 0.051207963 
358 550 11 14 0.051088795 
121 583 20 26 0.051015683 
77 446 9 11 0.050989307 
27 360 6 9 0.05088823 
211 591 14 18 0.05083113 
863 368 7 10 0.050826665 
969 463 9 13 0.050789148 
936 439 10 12 0.050760113 
750 524 12 15 0.050694764 
47 439 8 10 0.050680675 
126 421 9 11 0.05058228 
680 429 8 10 0.05053898 
760 491 10 12 0.050503798 
177 448 8 12 0.050488383 
679 476 11 13 0.0504441 
295 463 9 10 0.050399896 
245 454 10 11 0.05027221 
130 408 8 10 0.050191652 
711 385 8 10 0.050090633 
369 441 8 10 0.050030623 
639 416 8 9 0.049998596 
900 594 14 18 0.049974754 
698 555 12 14 0.04987165 
176 353 7 9 0.049831998 
928 452 9 11 0.04980149 
388 100 30 38 0.049768377 
327 455 10 12 0.04968647 
90 400 7 9 0.049547207 
209 516 11 14 0.049524225 
272 416 7 9 0.049461283 
181 502 11 14 0.049433827 
871 448 7 9 0.049401853 
438 440 10 12 0.049351707 
432 384 8 9 0.049283408 
50 451 9 11 0.049085382 
266 400 7 9 0.048940755 
36 499 12 15 0.04889083 
56 475 10 12 0.048772912 
978 499 12 14 0.048740666 
756 536 12 15 0.048702236 
404 485 12 16 0.048687007 
952 430 9 11 0.048616305 
993 359 8 10 0.048574354 
734 439 8 10 0.048424203 
118 540 13 17 0.048420936 
688 399 7 9 0.048404064 
121 423 9 10 0.048389442 
255 413 7 9 0.048372913 
230 344 8 10 0.048360806 
816 499 9 11 0.048327528 
880 514 10 13 0.04829986 
876 480 9 11 0.048265185 
662 406 8 9 0.0482437 
374 374 7 9 0.04822323 
214 494 10 12 0.048215818 
240 336 7 10 0.048186902 
183 461 9 11 0.048182793 
390 525 11 13 0.04807884 
742 532 14 16 0.048037384 
838 524 10 12 0.048015088 
361 461 9 11 0.04792698 
197 544 14 18 0.04792115 
823 510 12 13 0.047880024 
101 501 11 15 0.047879577 
183 447 8 11 0.047859594 
251 659 17 21 0.04779784 
79 592 17 20 0.047667682 
800 405 7 9 0.047442365 
400 368 8 11 0.047420897 
999 447 10 13 0.04741844 
246 439 8 10 0.047389057 
29 401 8 10 0.0473842 
246 564 12 16 0.047299657 
838 471 8 11 0.047297064 
153 392 7 9 0.04718152 
497 353 9 12 0.04715786 
902 397 7 10 0.047149718 
240 341 7 9 0.046866678 
25 384 7 8 0.046863437 
152 417 7 9 0.046849787 
907 335 11 13 0.046792418 
945 510 10 13 0.04676019 
889 373 7 9 0.04674582 
908 439 8 10 0.046741568 
137 383 7 9 0.046738785 
263 376 8 9 0.046718054 
718 472 10 11 0.046682518 
405 477 10 13 0.04662582 
957 431 9 10 0.0466246 
986 400 8 10 0.04653932 
168 444 9 11 0.046435263 
1010 476 12 15 0.0463974 
206 376 7 9 0.046356197 
288 351 8 9 0.04630639 
687 407 8 9 0.046154447 
944 376 7 8 0.046140693 
687 439 9 11 0.04610186 
230 194 10 14 0.0460502 
47 430 7 10 0.046032127 
9 386 7 9 0.046022832 
269 407 8 9 0.046018746 
200 438 8 10 0.046012267 
458 404 8 10 0.04587045 
720 432 8 9 0.045842852 
72 440 7 11 0.04582716 
1008 424 9 11 0.04575364 
360 393 7 9 0.04574138 
989 447 10 12 0.045628104 
311 431 8 10 0.045607537 
985 375 7 9 0.045503683 
992 633 24 33 0.045435194 
86 376 7 9 0.04540999 
281 376 8 9 0.045351975 
744 471 9 12 0.0453281 
406 580 11 14 0.04532675 
392 437 9 10 0.04532058 
80 58 18 22 0.045103133 
389 503 11 13 0.045082673 
244 447 10 11 0.045065984 
104 477 11 15 0.04502979 
279 453 9 11 0.045007315 
335 551 13 14 0.044944987 
814 431 8 10 0.044929188 
169 621 16 20 0.04491612 
154 359 7 9 0.044847272 
318 495 9 10 0.044846967 
707 406 7 10 0.044801027 
831 432 8 10 0.044732127 
290 392 6 8 0.04467871 
217 360 6 9 0.044663705 
295 382 7 9 0.04448062 
902 385 7 9 0.04444033 
1012 424 9 11 0.04443014 
254 453 10 11 0.044403177 
285 508 10 14 0.044384733 
464 439 9 11 0.04437185 
385 406 8 10 0.044354018 
96 429 8 10 0.04423183 
846 422 9 10 0.044196066 
221 448 9 11 0.04400404 
440 376 7 9 0.043928724 
209 479 8 11 0.043915305 
733 477 11 13 0.043855507 
959 476 10 13 0.043854352 
894 369 7 10 0.043849505 
889 562 15 20 0.04382717 
47 408 9 11 0.043773916 
120 392 7 9 0.043703556 
694 406 7 9 0.043595884 
381 463 9 11 0.043514583 
320 484 9 11 0.043488383 
337 383 7 9 0.043434285 
763 422 8 11 0.043426704 
752 400 8 10 0.04337247 
637 437 9 12 0.04337148 
907 598 13 17 0.043335617 
159 516 10 14 0.04330272 
327 437 9 11 0.04320329 
64 377 7 8 0.043146793 
70 429 9 10 0.043126516 
344 453 9 10 0.043082852 
914 400 7 8 0.043046128 
695 464 9 12 0.043022405 
110 463 10 12 0.042914778 
661 475 10 12 0.04287048 
865 602 15 17 0.042831503 
674 407 8 9 0.042792417 
192 500 12 14 0.042759985 
775 484 9 12 0.042751793 
870 413 8 10 0.0427236 
176 357 7 9 0.042719368 
79 369 6 8 0.042714786 
22 463 10 12 0.04259872 
9 631 24 27 0.042544506 
81 553 12 17 0.042453617 
0 461 7 12 0.042453356 
414 399 8 9 0.0424497 
292 606 15 21 0.042448014 
374 407 7 9 0.04234586 
261 479 9 12 0.04217213 
438 353 8 10 0.04217045 
296 616 12 16 0.04209667 
78 500 9 12 0.04208964 
331 167 22 29 0.04207548 
695 384 8 9 0.042069655 
314 383 7 9 0.042043637 
144 436 9 11 0.041973624 
66 391 8 10 0.04189089 
759 391 8 10 0.04179771 
234 484 9 13 0.041781362 
378 422 8 10 0.041770905 
857 374 8 9 0.04176677 
351 397 8 10 0.041745428 
168 438 9 11 0.04169577 
937 483 9 13 0.041681215 
75 510 11 14 0.0416162 
0 470 10 15 0.041608743 
361 495 9 11 0.041563835 
701 523 10 13 0.041449197 
942 587 13 18 0.04142013 
224 415 7 9 0.041405 
128 393 7 9 0.04140433 
384 392 7 8 0.041376982 
246 369 7 8 0.041345093 
447 421 8 10 0.041258134 
198 312 8 10 0.04121301 
690 430 9 10 0.041143503 
793 423 8 10 0.04113839 
897 443 9 11 0.041083258 
241 509 11 13 0.04107527 
145 416 7 9 0.041058373 
710 405 7 9 0.041038476 
231 431 8 10 0.040972825 
47 390 8 9 0.040904284 
705 454 9 11 0.04083265 
747 589 13 18 0.040767826 
175 375 7 9 0.040746782 
870 399 7 9 0.040636495 
535 472 10 12 0.04052848 
703 463 10 13 0.040499512 
66 344 8 10 0.04040628 
64 351 7 9 0.040291674 
38 464 9 10 0.040282086 
258 376 7 9 0.040203974 
775 496 10 12 0.04012233 
346 398 7 10 0.040102836 
201 351 7 9 0.040099323 
310 460 11 12 0.04008193 
695 521 11 15 0.040054385 
39 440 9 12 0.04001963 
199 600 15 19 0.03998821 
328 407 7 9 0.039956808 
234 367 7 9 0.03992733 
935 376 8 10 0.039898165 
193 360 7 9 0.039813902 
645 483 10 14 0.039799146 
678 416 7 10 0.03979556 
801 394 7 9 0.039783966 
168 508 11 16 0.039744318 
98 367 7 8 0.039723642 
761 408 7 9 0.03972184 
359 376 6 8 0.03971162 
112 366 6 9 0.03965982 
462 376 7 8 0.039562784 
658 401 8 9 0.039558213 
824 463 9 11 0.03949651 
259 383 7 9 0.03948119 
136 375 7 9 0.03945712 
31 415 9 12 0.03942837 
816 560 12 15 0.039413247 
45 632 14 17 0.03937957 
234 447 8 10 0.039252628 
245 532 11 16 0.039216742 
920 486 10 13 0.03919515 
426 392 7 9 0.039148357 
305 405 7 9 0.039055698 
790 373 7 9 0.039032433 
159 482 10 13 0.03892124 
1016 397 8 10 0.038905546 
215 544 14 18 0.03890088 
982 438 10 11 0.038862705 
319 460 9 11 0.038849026 
794 429 10 13 0.03884625 
967 520 12 16 0.038837068 
807 369 7 8 0.03877837 
287 179 12 14 0.03877364 
835 390 7 10 0.038772702 
839 463 9 10 0.038769092 
255 481 18 22 0.038768385 
350 484 9 11 0.038744025 
689 415 8 10 0.038672466 
762 383 8 9 0.038664766 
862 374 7 9 0.038639937 
1009 375 10 10 0.038627926 
807 452 9 11 0.038547844 
352 440 8 9 0.0385419 
71 635 28 32 0.03849917 
143 382 8 9 0.038472496 
130 376 6 8 0.038464412 
406 397 8 10 0.03839857 
231 493 10 13 0.03836421 
370 373 7 9 0.03835439 
689 382 8 9 0.038295325 
247 173 14 16 0.038246572 
381 477 9 12 0.038226157 
656 430 9 12 0.03822104 
958 422 9 10 0.038165424 
984 367 7 9 0.038140845 
358 408 8 9 0.03800926 
231 423 7 9 0.03800834 
175 519 11 13 0.037894983 
144 370 7 8 0.037743684 
657 437 9 10 0.037721153 
913 417 8 9 0.03772069 
746 407 7 8 0.037714783 
288 525 11 14 0.037713025 
821 390 7 10 0.037688553 
30 575 14 18 0.037630413 
647 434 10 13 0.03752807 
328 550 11 14 0.037476264 
266 553 14 17 0.037348725 
425 399 8 10 0.03734575 
469 471 9 12 0.037298057 
1 549 9 14 0.037239548 
47 631 24 31 0.037188493 
892 556 14 18 0.03716369 
864 461 9 12 0.03713882 
326 400 7 9 0.03697012 
307 360 6 9 0.0369616 
305 366 8 10 0.036936525 
923 565 12 15 0.03687957 
647 399 7 9 0.036865205 
822 479 9 11 0.0368563 
231 107 25 29 0.03681718 
888 493 9 12 0.03680456 
160 391 8 10 0.03676477 
354 430 8 10 0.03675827 
624 458 10 13 0.036729682 
833 476 9 11 0.03671774 
759 549 14 20 0.036686726 
254 469 9 11 0.036670815 
767 409 7 8 0.03666088 
287 415 8 10 0.036646254 
1013 506 9 13 0.036579303 
543 479 9 12 0.036561158 
857 422 8 11 0.03655461 
31 383 7 9 0.036500055 
1014 391 7 10 0.036492962 
44 543 14 20 0.036403626 
272 448 9 11 0.03639027 
159 461 9 11 0.036388084 
806 420 9 10 0.036380827 
925 554 12 15 0.036251742 
430 467 10 13 0.036231875 
295 392 6 8 0.036215145 
312 376 7 8 0.036102906 
3 499 12 14 0.03607033 
88 427 8 11 0.03597014 
115 377 7 9 0.035948288 
434 439 8 11 0.035924714 
865 454 8 11 0.0359173 
129 354 8 9 0.03591619 
159 430 9 11 0.035903532 
998 373 8 10 0.035898797 
902 502 8 11 0.03589382 
749 600 13 20 0.035873786 
91 561 11 15 0.03585519 
934 572 14 16 0.035825606 
815 368 7 8 0.035817128 
158 472 10 12 0.035810087 
185 398 8 10 0.03580918 
39 471 11 13 0.035788223 
67 477 11 13 0.03576285 
375 451 9 11 0.035745062 
66 564 14 17 0.03569383 
661 525 12 16 0.035609107 
79 440 8 10 0.035582345 
247 374 7 8 0.035546362 
55 367 7 9 0.03545498 
334 476 11 13 0.035442326 
377 399 7 9 0.035368133 
869 495 8 11 0.035367955 
282 404 8 10 0.03536525 
815 422 7 10 0.03534882 
858 515 10 13 0.035317514 
736 445 9 11 0.03529836 
174 369 6 8 0.03524173 
183 408 7 8 0.035239726 
830 406 8 10 0.035152253 
319 378 7 8 0.035150617 
360 398 7 9 0.03511484 
887 518 9 12 0.0350555 
280 557 11 15 0.03502786 
791 407 8 9 0.03500438 
950 454 11 13 0.03498528 
94 399 8 10 0.034930926 
1003 577 16 20 0.034920227 
520 376 8 11 0.0349092 
157 423 8 10 0.034881208 
430 389 8 11 0.034797963 
150 353 7 9 0.03478101 
872 367 7 9 0.034770016 
62 455 9 11 0.03474441 
45 495 10 13 0.03473442 
852 621 16 20 0.03470645 
215 500 11 14 0.034702264 
438 460 12 15 0.034690432 
257 391 8 9 0.034669943 
319 391 7 9 0.034593217 
200 359 8 10 0.034589767 
46 501 10 15 0.034543566 
253 499 12 14 0.03452123 
745 447 10 12 0.034491878 
409 444 10 11 0.034482066 
328 415 8 10 0.03446237 
826 415 9 11 0.03444689 
71 453 9 11 0.03440872 
980 462 10 12 0.034375828 
24 413 9 11 0.03437286 
895 509 10 13 0.034178033 
51 633 14 19 0.0341741 
461 383 9 10 0.034134712 
64 416 9 10 0.03410181 
561 399 9 12 0.03409461 
216 629 16 22 0.03408843 
766 453 9 11 0.034064714 
37 453 9 11 0.03405922 
735 514 12 16 0.03403812 
104 470 9 12 0.034034427 
295 439 8 11 0.03401148 
493 564 12 18 0.033924382 
365 453 9 10 0.033924315 
975 454 9 11 0.03384349 
868 500 10 13 0.033788353 
221 484 9 12 0.033775784 
501 562 11 17 0.033702947 
570 390 24 30 0.03370187 
345 392 7 9 0.033685885 
89 390 7 9 0.033679493 
958 449 11 14 0.033591717 
294 430 8 10 0.03357208 
693 567 13 16 0.033501644 
839 519 9 12 0.033466745 
776 405 7 8 0.033463396 
41 389 8 10 0.03345318 
369 413 8 10 0.03342158 
179 532 13 16 0.033416085 
765 485 10 12 0.033412676 
763 415 7 9 0.03339425 
210 557 14 18 0.033347186 
422 353 8 10 0.033346776 
48 398 9 10 0.033329017 
981 342 8 11 0.033256743 
398 490 12 15 0.033195887 
439 403 8 11 0.03318865 
635 444 11 15 0.033176545 
315 592 14 19 0.033163726 
247 500 9 13 0.032968324 
967 452 9 11 0.03296201 
790 440 8 10 0.03288507 
695 417 7 8 0.0328366 
734 247 10 12 0.03275892 
295 453 10 12 0.032683484 
767 391 7 9 0.032662958 
458 452 10 11 0.032658916 
169 353 7 9 0.032656513 
794 460 9 11 0.032645114 
614 376 8 10 0.032620743 
63 481 11 15 0.032620218 
479 456 10 12 0.03260294 
151 384 7 8 0.032597303 
361 535 11 15 0.032590143 
745 400 8 9 0.032567937 
24 367 7 9 0.032536764 
87 524 12 18 0.03253052 
32 377 6 8 0.032461565 
184 359 7 8 0.032392547 
136 422 8 10 0.032375045 
199 380 7 9 0.032358587 
937 416 7 9 0.032353673 
825 420 9 11 0.032317597 
127 663 14 16 0.03231353 
790 369 7 9 0.032290246 
337 463 9 10 0.032210644 
534 373 9 9 0.032118976 
29 485 13 16 0.032118708 
46 570 14 18 0.032094166 
147 625 14 20 0.03207451 
206 359 7 10 0.03197128 
302 420 8 9 0.03195318 
41 407 8 10 0.03195058 
72 462 9 11 0.0319149 
14 317 9 12 0.031891916 
904 469 9 11 0.031843822 
224 374 7 9 0.031817064 
936 636 24 28 0.031816244 
657 405 7 10 0.031811576 
1007 415 9 10 0.03179934 
11 481 11 15 0.031796526 
927 439 8 11 0.03179582 
1000 478 9 12 0.031776316 
446 436 9 12 0.031775642 
246 494 10 12 0.031733878 
409 439 8 10 0.03172665 
348 519 10 12 0.031682897 
134 560 13 18 0.03164218 
812 414 8 9 0.03163387 
282 563 12 16 0.031628914 
643 398 8 10 0.031616215 
166 432 9 10 0.031612743 
778 554 13 18 0.031587828 
923 642 17 21 0.031563286 
142 488 11 13 0.031561222 
284 619 12 18 0.031560346 
207 415 7 9 0.031557698 
977 424 8 8 0.03151198 
142 358 7 9 0.0315004 
894 456 19 23 0.03149976 
966 422 8 10 0.031494766 
898 386 7 8 0.031470746 
366 492 9 12 0.031455625 
798 627 28 30 0.031453554 
280 500 11 14 0.031292267 
975 361 8 10 0.03127718 
409 382 8 8 0.031267546 
319 361 6 9 0.03123329 
343 383 6 8 0.031229595 
204 608 17 20 0.03116218 
135 437 9 12 0.031151107 
974 398 8 9 0.031112628 
839 408 8 9 0.031107122 
41 427 9 11 0.031067118 
98 360 7 8 0.031038282 
7 439 8 9 0.031003399 
418 465 12 15 0.030972924 
901 479 10 11 0.03094751 
154 595 13 18 0.030939024 
617 437 10 15 0.030927632 
609 376 10 12 0.030884929 
312 407 7 9 0.030862244 
873 467 9 12 0.030820215 
0 367 6 9 0.030744199 
311 577 12 17 0.030737836 
433 375 7 9 0.030731643 
64 382 8 10 0.030711148 
920 440 8 10 0.03066614 
143 353 8 9 0.030643055 
733 399 7 9 0.030636666 
706 429 9 11 0.0306132 
216 405 7 9 0.030583136 
739 572 13 16 0.030566119 
371 480 13 16 0.030522048 
921 571 11 15 0.030518632 
641 422 8 10 0.030510485 
882 406 7 9 0.030509254 
233 471 9 12 0.030450234 
224 384 6 8 0.030428726 
863 521 12 14 0.0303969 
434 446 8 10 0.030346442 
22 487 12 14 0.03032842 
323 534 10 13 0.030321771 
657 460 12 15 0.030321248 
73 374 7 9 0.03022797 
623 433 9 11 0.030227717 
230 284 10 13 0.030215535 
288 381 7 9 0.030187087 
784 523 10 13 0.030131647 
721 525 11 15 0.03011777 
163 588 13 18 0.030094422 
229 561 14 17 0.030018657 
100 489 12 17 0.03000693 
983 611 25 29 0.029953035 
974 573 14 19 0.029940322 
616 420 9 12 0.029929442 
53 592 16 22 0.029929401 
775 455 9 10 0.029903052 
783 453 9 11 0.029900467 
223 400 7 8 0.029881965 
310 589 13 18 0.029850299 
240 406 7 9 0.02984988 
167 485 12 14 0.029846804 
816 612 16 19 0.029797068 
952 546 11 16 0.029787906 
841 397 7 9 0.029784424 
127 461 11 12 0.02977472 
187 569 13 16 0.029759584 
975 495 10 14 0.029744381 
336 446 8 10 0.029740836 
944 393 6 8 0.029700302 
111 397 9 10 0.029693568 
913 407 7 9 0.029691912 
87 336 8 8 0.02967875 
173 438 8 10 0.02960178 
347 524 11 13 0.029590113 
137 581 14 19 0.029558763 
303 500 9 12 0.029529417 
168 535 11 14 0.02949506 
39 399 8 9 0.029490972 
65 408 8 9 0.02943722 
456 417 9 10 0.029435089 
71 513 18 25 0.029401671 
193 484 9 12 0.029351426 
678 454 19 23 0.029330483 
688 392 8 9 0.029312108 
694 542 12 14 0.029266134 
218 415 8 9 0.02926233 
240 180 11 14 0.029259864 
983 580 24 28 0.02925771 
993 351 8 10 0.029239196 
287 486 9 12 0.029162113 
997 358 8 11 0.02914905 
744 391 7 9 0.02911178 
942 382 7 9 0.029096805 
1012 381 9 11 0.029095216 
264 463 8 10 0.029091809 
26 620 15 22 0.02906923 
446 383 9 10 0.029019635 
993 590 25 30 0.028986722 
186 367 7 9 0.028962716 
319 502 8 10 0.028952317 
208 445 8 10 0.028949678 
772 548 14 18 0.028945412 
272 436 8 11 0.028940978 
669 508 12 17 0.02890475 
0 373 6 10 0.028899904 
76 484 12 14 0.02888737 
441 423 8 10 0.028858837 
631 406 8 10 0.02885791 
662 447 10 12 0.028836207 
940 444 10 13 0.02883077 
703 502 11 13 0.028787585 
848 384 6 8 0.028773053 
847 532 10 13 0.028758978 
469 414 9 11 0.028732244 
656 446 9 12 0.028700583 
110 423 9 10 0.028630223 
291 490 17 22 0.028583826 
110 517 10 12 0.028572144 
1 494 9 14 0.028571857 
198 488 10 12 0.028529564 
759 469 9 12 0.028526003 
249 180 14 16 0.028525632 
518 381 7 10 0.028522039 
1008 470 10 14 0.028443241 
840 436 9 11 0.028393747 
993 368 7 8 0.028383039 
757 463 9 12 0.028380672 
438 525 12 15 0.028379925 
964 479 19 23 0.02833972 
1007 493 12 16 0.028283773 
617 430 9 12 0.02827071 
229 502 10 13 0.02827035 
834 384 7 9 0.028251108 
297 417 8 10 0.028246772 
632 465 11 15 0.02823902 
391 416 8 8 0.028237311 
818 587 14 21 0.028216437 
984 473 10 14 0.028215189 
191 366 8 10 0.028199954 
366 392 7 8 0.028191186 
801 501 9 12 0.028178299 
774 446 8 10 0.028175008 
70 344 7 9 0.028157867 
790 553 12 16 0.028147025 
893 580 19 25 0.02812787 
7 460 10 12 0.02811401 
736 376 8 9 0.02808233 
199 345 8 9 0.028079128 
1009 408 8 10 0.02807877 
896 433 19 22 0.028048668 
238 441 18 23 0.028025167 
758 399 8 10 0.028016772 
401 385 7 8 0.028007522 
8 448 9 11 0.028000057 
32 622 21 26 0.027990418 
232 407 7 8 0.027985228 
792 478 9 12 0.027900537 
729 437 8 10 0.027844772 
726 469 9 11 0.027835757 
1006 476 19 25 0.027817525 
407 369 7 9 0.027751908 
801 367 8 10 0.027743638 
825 432 9 11 0.027728382 
456 478 10 12 0.027725417 
272 469 10 12 0.027715208 
341 508 9 11 0.027712375 
640 430 9 12 0.02763056 
59 353 6 9 0.027570667 
444 462 9 12 0.027555184 
86 439 9 11 0.027459858 
288 356 7 9 0.027408298 
112 493 10 15 0.027401133 
70 486 13 15 0.02732609 
573 348 13 15 0.027317287 
703 481 10 13 0.027306108 
864 384 7 8 0.027288696 
237 528 13 16 0.027287018 
973 537 13 15 0.027277805 
215 443 18 23 0.027215045 
908 513 11 15 0.027201021 
923 544 16 17 0.027161138 
858 429 10 13 0.02713754 
366 431 8 10 0.027134636 
688 588 13 18 0.027122336 
753 376 7 8 0.027107159 
719 423 7 9 0.02707484 
353 509 9 11 0.027056383 
345 422 8 10 0.027007647 
66 397 9 10 0.026962481 
789 499 10 13 0.026960514 
686 106 25 29 0.026864018 
337 391 7 9 0.026710944 
920 476 10 13 0.026699455 
337 400 7 8 0.026667701 
921 470 9 12 0.026654435 
844 558 14 17 0.026641002 
685 524 12 14 0.026616545 
221 472 9 12 0.026567897 
462 356 8 11 0.026536338 
972 517 13 16 0.02653444 
675 483 11 13 0.026531126 
871 539 12 16 0.02652325 
425 408 8 11 0.026473546 
928 369 9 10 0.026399463 
64 445 9 11 0.026388507 
125 601 17 21 0.026350457 
761 431 9 10 0.0263179 
139 572 13 16 0.026317045 
784 488 11 13 0.026296962 
358 512 12 15 0.026289504 
328 360 7 9 0.026267005 
136 369 7 8 0.026260043 
6 579 12 17 0.026246134 
369 360 7 8 0.026152411 
233 359 8 10 0.026130283 
252 166 13 15 0.026054101 
72 470 9 12 0.026029468 
255 358 7 9 0.025984876 
303 472 10 12 0.025981348 
886 502 9 12 0.025907466 
1012 527 11 15 0.025898287 
17 405 7 10 0.02584905 
968 383 7 9 0.025846142 
249 391 7 9 0.025843777 
807 393 8 10 0.025837481 
278 391 7 9 0.025818244 
108 547 11 16 0.02581572 
135 465 17 23 0.025763143 
848 375 7 8 0.025757035 
328 502 8 11 0.025716234 
0 431 7 12 0.025716148 
289 368 6 8 0.025712471 
170 416 7 9 0.025676182 
311 558 10 14 0.025656806 
860 607 18 21 0.025645113 
159 366 7 9 0.025639907 
423 441 8 9 0.025632713 
375 383 6 8 0.025616001 
832 374 7 8 0.025592187 
995 580 24 27 0.025591252 
869 424 8 10 0.025590418 
1013 436 21 26 0.025520213 
212 473 18 23 0.025488447 
282 344 7 9 0.025475202 
54 400 8 10 0.02547361 
125 477 9 12 0.025456004 
98 384 7 9 0.025449451 
153 368 7 8 0.025380803 
887 568 20 25 0.025367197 
727 405 7 9 0.025366891 
738 564 13 16 0.02532233 
97 375 7 8 0.02530743 
1007 368 8 9 0.025278917 
683 531 12 15 0.025270058 
183 469 10 12 0.02524802 
6 431 8 10 0.025239369 
782 517 11 13 0.02523873 
286 423 9 10 0.025216332 
846 525 10 13 0.02517003 
218 390 7 10 0.025169421 
377 507 13 14 0.025060965 
78 399 8 9 0.02503384 
200 392 8 9 0.025001401 
879 443 9 12 0.024978954 
80 422 8 11 0.024937036 
248 400 7 8 0.02491237 
353 382 7 8 0.024902439 
229 583 21 25 0.024806775 
793 400 7 9 0.024805967 
506 433 10 12 0.024770662 
245 457 18 23 0.024762698 
732 652 15 19 0.02472457 
342 142 13 15 0.024717573 
132 508 12 14 0.024704352 
734 73 13 14 0.024700694 
240 374 7 9 0.024690786 
788 517 11 13 0.024648502 
136 447 10 12 0.024630025 
859 582 14 18 0.024622373 
854 452 8 11 0.0246108 
120 415 7 9 0.024596358 
892 480 17 22 0.02458957 
735 381 8 9 0.024561323 
861 539 11 16 0.024538558 
200 423 7 8 0.02453048 
962 484 10 13 0.024517113 
280 382 8 9 0.024515035 
742 384 8 8 0.02447938 
416 366 8 10 0.02447649 
923 629 27 33 0.02444501 
383 495 10 13 0.024399135 
77 391 7 9 0.02439072 
165 614 15 19 0.024309302 
218 505 18 22 0.024297474 
226 344 8 10 0.024284152 
200 407 7 9 0.024254115 
840 483 10 12 0.024244841 
161 376 7 8 0.024198905 
444 526 12 15 0.024123708 
861 565 13 19 0.024063153 
51 581 22 28 0.024055172 
463 392 8 10 0.02405055 
129 398 7 8 0.024034038 
271 334 6 9 0.02403125 
944 405 7 9 0.024001021 
918 391 8 9 0.023954606 
233 568 20 25 0.023954464 
110 430 8 10 0.023913315 
10 359 7 9 0.023906637 
376 502 12 13 0.023899848 
205 352 7 9 0.023898263 
772 522 10 14 0.023893643 
477 554 16 21 0.023847533 
654 423 9 11 0.023835652 
49 547 20 26 0.023804784 
330 376 7 8 0.023793295 
647 531 11 13 0.023770433 
62 358 7 10 0.023769593 
38 361 8 9 0.023729207 
950 374 7 8 0.023715204 
878 468 9 11 0.02371151 
740 648 15 19 0.02367914 
151 566 15 21 0.023643466 
168 492 11 13 0.023640411 
761 376 8 8 0.023596436 
207 423 8 9 0.023581142 
839 375 7 9 0.02356409 
222 390 7 9 0.023560124 
317 472 9 11 0.023524066 
733 495 12 14 0.023515338 
21 576 15 18 0.023478178 
305 373 7 9 0.023458377 
1 382 7 10 0.023420697 
935 510 10 12 0.023419864 
730 382 6 8 0.023384243 
270 360 7 9 0.023358438 
96 469 10 12 0.023351192 
269 247 14 16 0.023340702 
734 429 9 11 0.023320211 
239 500 10 14 0.023314133 
392 376 7 9 0.023292387 
128 368 7 9 0.023208175 
791 576 20 26 0.023171784 
310 441 18 23 0.023159461 
388 423 19 24 0.023148363 
391 390 7 9 0.023129325 
728 376 7 9 0.02309589 
797 594 16 20 0.023075458 
673 529 19 24 0.023074443 
320 365 7 9 0.023062475 
94 545 13 16 0.022996249 
111 351 7 9 0.022979211 
194 381 8 10 0.02295918 
935 462 9 11 0.02295255 
766 368 7 7 0.022916688 
735 392 6 8 0.022913575 
960 368 7 9 0.02290506 
303 508 10 13 0.022901412 
880 408 19 24 0.022890268 
184 375 7 9 0.022884605 
977 415 7 10 0.02286722 
48 368 7 9 0.022864716 
816 439 8 10 0.022863856 
866 510 11 14 0.022859992 
439 382 7 10 0.022856962 
1013 366 9 12 0.022833096 
807 360 7 9 0.022826958 
953 435 18 22 0.022823062 
695 453 9 12 0.022821547 
119 367 7 8 0.022807246 
875 605 12 16 0.02280629 
780 598 13 17 0.022774434 
454 369 8 9 0.02275185 
889 578 13 17 0.02274427 
696 560 24 26 0.022707053 
73 384 7 8 0.022695132 
949 534 18 24 0.022689158 
272 352 6 9 0.022680733 
687 548 11 15 0.022644777 
727 536 12 17 0.02261798 
108 455 10 11 0.022606982 
269 503 12 14 0.022589896 
704 571 19 24 0.02258117 
239 383 8 9 0.022568924 
424 408 18 23 0.022546818 
335 167 13 17 0.0225407 
238 360 8 9 0.022540683 
946 634 17 20 0.02253314 
112 361 7 9 0.022522297 
711 514 12 15 0.022509664 
945 495 9 12 0.02249632 
897 466 11 12 0.02249015 
183 352 7 9 0.022486644 
166 477 10 13 0.022483861 
103 374 7 9 0.022433773 
117 483 13 13 0.02240375 
140 562 13 17 0.022402747 
944 409 18 25 0.022322236 
968 470 17 23 0.022274194 
319 511 8 10 0.02225207 
120 446 9 11 0.022239944 
815 518 10 12 0.022210227 
528 376 43 51 0.022175785 
656 415 7 9 0.022172373 
752 392 8 10 0.022154601 
201 366 7 9 0.022135593 
362 538 21 25 0.022133667 
416 407 8 10 0.02213079 
918 376 8 10 0.02209489 
331 561 16 19 0.022091214 
337 533 9 12 0.022075469 
150 406 7 9 0.022070965 
350 503 10 11 0.022055445 
229 544 15 18 0.022053327 
974 564 13 18 0.02205274 
336 376 7 9 0.022050109 
845 652 12 15 0.022040987 
803 587 19 23 0.022038756 
676 523 13 16 0.022038616 
296 369 7 8 0.022034457 
128 358 7 9 0.022022754 
963 645 14 20 0.022014014 
157 588 13 17 0.022006655 
96 461 11 13 0.02198308 
43 617 25 30 0.021980848 
377 430 9 11 0.021963803 
194 375 7 9 0.021931628 
354 407 8 10 0.02192776 
889 481 9 12 0.021924278 
7 516 11 16 0.021907134 
957 463 10 12 0.021896735 
508 556 13 18 0.021893604 
117 619 19 29 0.021859657 
911 480 9 11 0.02183157 
990 394 18 23 0.021821154 
681 392 8 9 0.021801258 
182 478 10 13 0.021793641 
119 428 10 11 0.02176755 
122 361 7 7 0.021767339 
56 424 18 24 0.021751747 
335 553 21 26 0.021741513 
143 522 12 16 0.02172834 
470 439 8 11 0.021724487 
25 423 9 11 0.02171497 
372 465 19 24 0.021703493 
864 359 8 9 0.021683527 
384 360 8 9 0.021678215 
747 500 10 14 0.021667372 
60 472 20 23 0.02162156 
789 415 8 10 0.021620559 
206 393 8 10 0.021583866 
363 508 11 13 0.021573713 
720 392 7 8 0.021553122 
567 339 25 28 0.021546017 
742 376 7 8 0.02153147 
55 375 7 9 0.021516426 
79 429 8 10 0.02149978 
48 360 8 9 0.021487448 
615 399 7 9 0.021485047 
169 382 8 9 0.0214771 
268 535 12 15 0.021452101 
399 352 8 9 0.021430224 
78 357 8 9 0.021411764 
967 578 12 17 0.021352282 
774 463 9 10 0.021333307 
548 375 42 51 0.021302676 
467 445 10 13 0.021278959 
239 400 8 9 0.02124704 
954 555 21 29 0.021222435 
970 507 9 12 0.02121513 
62 495 11 15 0.021143753 
177 427 9 12 0.021138456 
484 568 27 30 0.02112291 
560 396 21 28 0.021114388 
327 446 9 11 0.021107662 
344 365 7 10 0.021087853 
248 352 7 9 0.02108054 
129 382 7 8 0.021070177 
997 351 8 11 0.02105385 
349 471 8 11 0.02101437 
167 359 7 8 0.021003816 
408 457 11 13 0.020980807 
801 507 17 22 0.020971788 
469 335 8 10 0.020967936 
22 631 25 28 0.020955728 
150 376 7 9 0.020924622 
838 494 9 12 0.020913595 
759 451 10 13 0.020899594 
361 468 10 12 0.020892877 
366 423 8 10 0.020887522 
889 459 8 12 0.020822907 
256 398 7 9 0.020814419 
240 417 8 9 0.020807434 
29 565 14 18 0.020804472 
591 404 10 12 0.020796983 
719 494 11 14 0.02077363 
97 434 18 22 0.020747669 
1012 586 10 16 0.020738566 
457 356 9 11 0.020727104 
13 579 12 16 0.020722177 
932 595 15 18 0.020703977 
164 547 13 18 0.020686843 
658 453 10 13 0.020668201 
803 374 7 10 0.02066531 
801 361 8 8 0.020634633 
385 377 8 9 0.02063394 
1008 422 18 25 0.02060874 
328 382 8 9 0.020608608 
998 447 18 23 0.020607434 
71 337 7 9 0.020599615 
820 224 58 76 0.020595958 
671 390 8 10 0.02057386 
279 416 8 10 0.020546043 
177 399 8 9 0.020537589 
679 493 12 17 0.020451784 
734 471 10 11 0.020442575 
914 391 8 9 0.020441592 
63 577 22 27 0.02040666 
468 405 9 11 0.020359773 
329 472 9 11 0.020335358 
608 432 9 12 0.020307787 
639 471 19 23 0.020297833 
629 535 10 12 0.02027907 
564 398 11 14 0.020275975 
78 466 10 11 0.02027201 
190 540 12 18 0.02025864 
966 429 9 11 0.02025347 
961 563 20 28 0.02023302 
301 151 10 13 0.02022942 
221 561 13 17 0.02020126 
679 505 13 17 0.02017813 
197 462 9 10 0.020168582 
881 424 18 22 0.020162769 
288 531 12 15 0.020090636 
844 479 18 22 0.020082915 
784 477 10 12 0.020074287 
729 416 8 9 0.020059507 
945 391 21 26 0.02001129 
194 495 11 14 0.020005118 
