21_Festival_Festival_21_562
32
611 121 49 59 0.9938717 
52 241 25 30 0.38530827 
743 235 363 447 0.33131903 
354 281 27 30 0.29510623 
402 272 26 33 0.17759313 
167 129 54 73 0.13644621 
655 336 362 496 0.11100218 
780 315 245 262 0.10175727 
937 252 50 48 0.09771547 
351 291 15 18 0.071529165 
915 225 12 17 0.06855762 
443 349 422 502 0.065602474 
525 205 9 12 0.051701687 
1009 612 9 12 0.050594274 
485 127 8 10 0.049155477 
136 142 30 47 0.044958767 
1002 366 22 45 0.035419267 
410 502 195 266 0.033287786 
210 293 29 44 0.03143192 
96 329 62 60 0.031274416 
846 397 14 16 0.030147048 
178 131 15 18 0.029032791 
1004 341 21 38 0.028249633 
970 242 27 29 0.026737591 
393 278 12 14 0.026015125 
483 140 10 13 0.025929367 
378 284 13 17 0.025437875 
822 395 13 16 0.023191188 
381 609 46 39 0.022976827 
964 251 32 35 0.022533046 
1 337 11 20 0.02206083 
167 100 55 68 0.020585084 
