21_Festival_Festival_21_491
31
464 543 182 238 0.99876 
625 1068 230 382 0.8791208 
137 349 263 291 0.54668933 
145 488 376 465 0.27500033 
444 148 345 456 0.09224448 
345 537 61 75 0.08371476 
248 504 114 142 0.06757114 
28 236 365 527 0.061230406 
212 644 218 325 0.055901922 
233 -70 422 547 0.05192468 
565 378 111 128 0.049454715 
512 459 16 20 0.046974707 
510 997 448 374 0.041953474 
529 306 189 266 0.040099956 
247 841 103 136 0.037330765 
549 518 30 50 0.03665368 
915 46 54 52 0.034806162 
115 966 154 120 0.03234586 
888 29 67 64 0.030672401 
935 52 33 32 0.030551417 
312 540 86 107 0.028701905 
224 468 177 229 0.027579475 
383 839 388 436 0.026855879 
95 106 446 466 0.024902225 
76 880 207 234 0.024496889 
714 598 210 255 0.023765853 
871 36 105 103 0.022970125 
185 942 109 136 0.022339616 
820 21 204 192 0.021654863 
387 479 31 39 0.021464067 
623 382 104 123 0.021218862 
