21_Festival_Festival_21_290
70
558 284 58 76 0.9987974 
466 305 64 80 0.99856395 
96 204 98 137 0.99840575 
304 226 63 111 0.99273986 
815 305 60 116 0.84866065 
988 264 15 18 0.52537197 
548 674 16 21 0.36614278 
594 681 15 19 0.22135554 
131 333 26 30 0.13922852 
458 693 16 19 0.121668555 
427 240 13 18 0.09969289 
628 714 14 17 0.09740924 
421 231 23 31 0.07837378 
993 261 18 25 0.07311165 
560 661 11 12 0.069630526 
526 669 11 13 0.062600434 
-12 64 94 153 0.059562873 
689 622 30 31 0.04932236 
423 179 25 28 0.046884596 
419 192 26 30 0.044933528 
434 183 17 20 0.04391371 
458 695 31 31 0.04333929 
563 668 12 16 0.043025978 
826 324 88 115 0.04191753 
424 215 38 48 0.04147905 
518 668 12 16 0.039709672 
557 668 13 17 0.03732801 
404 281 13 17 0.03640613 
926 336 47 74 0.035286345 
525 674 14 16 0.03384773 
871 322 82 106 0.03343053 
4 120 101 144 0.03297693 
649 847 32 34 0.032397266 
526 682 15 16 0.032105744 
441 193 23 31 0.03193736 
589 665 22 28 0.031626724 
442 213 30 38 0.030857781 
624 704 24 29 0.03078205 
441 180 17 20 0.030732142 
524 660 22 26 0.030414648 
425 202 26 34 0.030384963 
58 202 90 138 0.030210407 
1002 259 19 31 0.029038062 
22 176 93 156 0.028900763 
532 667 11 13 0.028160973 
728 690 32 34 0.027943583 
620 663 24 27 0.02735876 
541 663 11 12 0.026902953 
446 248 16 19 0.026148856 
1001 308 22 35 0.025710285 
147 345 16 18 0.02550488 
398 311 43 59 0.025141444 
514 664 21 25 0.024950868 
510 667 15 19 0.024845175 
698 207 16 22 0.024752647 
555 665 23 30 0.024354775 
543 670 13 16 0.024070973 
444 719 181 202 0.023918826 
565 849 34 37 0.023288008 
489 691 17 21 0.02324695 
120 166 98 145 0.02298721 
531 677 12 15 0.022612048 
443 235 25 32 0.022368295 
934 784 95 163 0.022103835 
787 451 36 45 0.021991614 
471 557 369 416 0.021987561 
660 618 16 20 0.021184782 
397 268 42 56 0.021147182 
669 750 11 13 0.020207847 
403 271 25 32 0.020081248 
