21_Festival_Festival_21_785
77
333 412 264 341 0.9998216 
728 1221 12 14 0.5575499 
755 1303 8 11 0.16378364 
725 1263 8 11 0.13716723 
815 1301 8 12 0.12135162 
752 1278 9 11 0.09686352 
101 580 49 59 0.07002492 
807 1301 11 14 0.068973355 
833 1237 8 11 0.060223408 
599 1285 8 11 0.05986807 
458 -64 410 481 0.05935036 
791 1276 9 11 0.05745163 
758 1278 7 10 0.053921722 
276 1157 383 494 0.053175878 
750 1239 7 9 0.052151226 
727 1240 10 12 0.05074884 
550 1272 8 11 0.049604777 
823 1240 9 10 0.047327977 
750 1212 8 11 0.046543393 
671 1260 10 11 0.046072405 
782 322 128 173 0.04415387 
779 214 131 199 0.042262938 
736 1257 8 10 0.041291043 
757 1306 9 11 0.038570542 
758 1296 9 12 0.038550146 
329 778 431 480 0.036352873 
718 1240 9 11 0.03519683 
783 1287 8 10 0.034133255 
687 1272 9 12 0.03362726 
732 1239 9 11 0.033464655 
801 1310 9 11 0.032561406 
308 1157 31 33 0.03241497 
753 1284 9 11 0.031801548 
817 1240 9 11 0.030377034 
687 1254 8 10 0.03001391 
718 1245 9 12 0.029940005 
36 648 220 292 0.02901167 
752 1263 7 9 0.028529001 
767 1300 8 11 0.028380966 
733 1217 8 11 0.027884323 
498 1322 35 38 0.027500728 
672 1255 9 11 0.027391056 
138 828 115 144 0.027188301 
768 1276 8 10 0.026937608 
598 1280 8 11 0.02676055 
729 1280 8 11 0.026316067 
36 616 348 505 0.026209071 
752 1273 7 9 0.025414102 
594 1284 9 12 0.02526499 
784 1237 8 10 0.025009084 
742 1262 8 10 0.024515614 
181 81 440 473 0.024225773 
733 1280 9 10 0.023845581 
759 1273 8 9 0.023830315 
671 1238 9 11 0.023127962 
734 1286 9 10 0.023046935 
718 274 174 287 0.022967683 
584 1271 7 10 0.022800187 
798 1272 8 9 0.022793416 
689 1261 8 9 0.022593569 
805 1308 10 12 0.022409718 
757 1286 8 10 0.02232361 
737 1260 9 12 0.022311354 
766 1319 8 10 0.022232171 
569 1294 9 10 0.022144172 
744 1229 9 10 0.021979496 
776 421 134 194 0.021951834 
728 1285 9 11 0.021800335 
819 1243 12 14 0.021545103 
678 1255 8 10 0.02147525 
760 1223 8 10 0.021171331 
914 1083 99 172 0.021168444 
593 1278 9 11 0.02087031 
697 1304 9 11 0.020827271 
782 1309 9 11 0.02080554 
742 1255 8 10 0.020744631 
606 1285 10 12 0.020001812 
