21_Festival_Festival_21_936
45
381 211 295 386 0.99720496 
244 275 135 208 0.9724215 
778 56 213 308 0.79349965 
263 230 199 300 0.32445204 
678 435 181 243 0.18112327 
231 156 25 30 0.10339531 
719 1074 240 273 0.096121415 
773 1419 22 27 0.08325057 
625 967 411 434 0.07033264 
34 108 27 31 0.06350848 
116 347 50 55 0.062369622 
84 427 52 66 0.060168974 
31 370 37 39 0.059032165 
29 538 674 494 0.05818227 
371 1058 218 266 0.057793014 
714 456 122 132 0.057186645 
187 89 28 35 0.05078599 
796 610 46 62 0.046502963 
795 628 15 20 0.046375316 
735 394 118 139 0.04556121 
147 87 29 34 0.04501787 
129 365 84 107 0.040329304 
289 471 505 402 0.038436223 
838 654 46 70 0.036858257 
719 9 351 493 0.034566004 
683 175 67 84 0.031390414 
569 345 359 445 0.030254258 
876 97 153 220 0.030164383 
197 318 112 152 0.02950134 
814 604 32 43 0.029490927 
30 383 43 50 0.028377036 
782 583 87 120 0.027830627 
208 114 25 34 0.027150773 
792 623 30 39 0.025239129 
59 176 128 162 0.02501517 
100 326 86 100 0.024929808 
71 419 85 108 0.024155946 
867 171 17 20 0.023946013 
-1 568 26 51 0.02307863 
433 874 136 93 0.022289002 
-1 114 11 21 0.021974595 
157 376 31 36 0.021837559 
150 154 28 32 0.02127231 
714 959 43 50 0.021228418 
807 97 137 173 0.020656673 
