21_Festival_Festival_21_97
36
137 602 46 54 0.99276924 
232 32 46 63 0.9881136 
262 610 43 56 0.9761244 
505 580 37 51 0.9749644 
857 556 28 44 0.089370854 
191 586 41 57 0.08389921 
622 765 15 21 0.0729361 
799 562 41 63 0.06211551 
611 756 10 15 0.05569819 
119 6 92 108 0.05229485 
608 752 10 12 0.043420725 
586 730 15 19 0.043004557 
834 565 46 55 0.04258521 
661 738 15 18 0.038859874 
350 8 17 21 0.037990343 
515 191 233 276 0.034971986 
210 582 52 62 0.03139813 
421 87 394 443 0.031243155 
588 722 24 30 0.029909056 
573 750 11 14 0.029321596 
377 629 12 15 0.029041128 
187 559 51 64 0.029018266 
813 574 45 58 0.028282236 
790 378 131 152 0.027982606 
92 295 10 10 0.027418267 
168 548 48 56 0.025737006 
753 1006 17 18 0.025404666 
656 740 12 15 0.025363976 
611 757 20 27 0.025155528 
808 542 52 64 0.02405291 
663 758 10 14 0.023890298 
632 711 8 9 0.022876892 
404 677 14 18 0.021968847 
421 644 15 20 0.021150686 
74 589 43 59 0.020299962 
398 632 13 16 0.020039635 
