21_Festival_Festival_21_193
989
204 438 35 48 0.99027073 
714 459 22 38 0.91897017 
629 440 21 34 0.8922988 
816 429 20 29 0.8243813 
44 501 46 67 0.81739837 
206 382 15 22 0.7277717 
394 458 19 36 0.6934768 
377 409 15 21 0.64789975 
333 407 17 22 0.5592083 
171 392 15 22 0.533858 
746 373 10 13 0.50040984 
236 411 20 27 0.46142918 
433 468 31 43 0.45616716 
361 374 9 12 0.4398683 
398 370 13 15 0.43480018 
599 386 12 15 0.41950133 
955 436 26 35 0.40210027 
341 365 10 13 0.3710274 
35 382 16 19 0.3672456 
326 341 9 11 0.36181998 
262 480 42 53 0.36108845 
734 359 8 10 0.33875757 
741 404 10 15 0.3167048 
974 368 10 12 0.3014899 
537 418 15 17 0.29254448 
817 374 9 11 0.2910834 
277 347 9 11 0.28315002 
303 360 9 12 0.28295448 
375 368 9 12 0.27337155 
505 348 8 11 0.27252993 
736 198 9 12 0.26947388 
360 359 9 12 0.2676173 
813 397 13 16 0.26170594 
342 351 8 10 0.26089093 
791 385 9 11 0.26035574 
340 461 24 25 0.25425693 
558 359 8 11 0.2518568 
676 375 12 14 0.24730663 
530 401 14 20 0.23633747 
531 412 14 18 0.22717865 
254 350 9 10 0.2260167 
132 380 13 19 0.22577424 
189 350 9 11 0.22527318 
48 422 23 37 0.22245774 
271 328 10 13 0.21526064 
857 426 20 30 0.21427491 
183 398 20 27 0.21254928 
658 375 9 12 0.21191123 
103 373 12 17 0.2110329 
367 351 8 10 0.2103859 
230 395 15 19 0.20527095 
932 514 29 55 0.2016443 
844 372 10 13 0.20117325 
831 354 10 13 0.19863738 
216 360 10 12 0.19771972 
598 365 8 11 0.19392195 
671 361 8 10 0.19290283 
3 368 21 30 0.18803285 
50 336 15 18 0.18561597 
993 404 16 21 0.18464233 
467 381 15 17 0.1808164 
765 381 10 12 0.18052438 
572 388 12 16 0.17980106 
776 378 10 12 0.1787681 
690 419 13 20 0.17688434 
840 451 27 36 0.17097239 
943 379 13 15 0.16957806 
336 351 9 10 0.16750059 
660 380 10 13 0.1671699 
797 411 14 17 0.16607362 
312 386 11 15 0.16546695 
903 390 10 13 0.1646756 
468 432 21 26 0.16189979 
351 343 8 11 0.16184397 
385 347 9 11 0.16163619 
233 402 17 22 0.15971453 
5 360 17 21 0.15747921 
870 375 12 13 0.15590048 
638 388 14 17 0.15531501 
461 366 9 11 0.15494642 
279 375 11 15 0.15467256 
261 365 10 13 0.15379629 
918 390 12 15 0.15157312 
73 322 15 17 0.15081964 
174 359 11 14 0.15061027 
854 392 11 15 0.14832842 
673 379 11 14 0.14805812 
390 347 9 11 0.14745374 
295 343 11 12 0.14728159 
462 361 8 10 0.14705455 
359 364 10 12 0.14606525 
636 436 15 25 0.14513923 
439 359 8 11 0.14382939 
260 343 9 11 0.14331052 
565 387 14 16 0.14172871 
945 449 39 49 0.1407842 
686 357 9 11 0.14073783 
376 390 10 12 0.14045268 
687 561 60 87 0.13986035 
448 350 7 9 0.13888998 
807 372 8 10 0.13869888 
569 351 8 9 0.13814868 
701 375 8 11 0.13767307 
237 349 9 10 0.13672219 
678 398 12 14 0.13655978 
200 336 8 10 0.13577333 
612 416 16 19 0.13479654 
437 373 9 11 0.13302511 
502 395 9 12 0.1315634 
868 418 15 21 0.12921907 
609 364 10 12 0.12837619 
528 397 11 16 0.12820067 
18 427 24 32 0.1276199 
725 344 7 8 0.12655173 
328 382 9 12 0.12502454 
447 382 9 12 0.12407424 
958 349 10 12 0.12375663 
626 591 45 69 0.12345482 
417 353 8 8 0.12294669 
199 384 15 21 0.122295104 
341 373 11 13 0.12214338 
864 370 11 14 0.12203383 
749 367 10 12 0.12158754 
613 359 9 12 0.12125336 
447 363 8 11 0.121122174 
711 388 12 15 0.1165975 
190 344 10 11 0.11629706 
553 358 9 11 0.116061136 
456 372 10 13 0.115083784 
496 385 11 15 0.11497357 
240 359 9 11 0.11438642 
120 323 12 14 0.11264137 
584 365 11 13 0.11241047 
730 359 8 9 0.111617915 
192 328 7 9 0.11160794 
590 402 10 15 0.110991284 
694 398 8 13 0.109221 
651 409 13 19 0.10835919 
14 515 37 46 0.10799408 
137 365 10 14 0.10794237 
630 409 14 19 0.106417604 
142 362 11 15 0.1064015 
216 349 8 10 0.105950184 
661 426 15 20 0.105892524 
277 332 10 12 0.10501879 
780 411 11 16 0.1046556 
178 394 15 22 0.10302337 
501 389 9 13 0.10294021 
583 384 9 12 0.10207103 
317 383 11 14 0.101751745 
255 355 11 14 0.10117468 
480 343 7 8 0.100997314 
927 381 9 11 0.10071875 
560 386 13 16 0.100616686 
248 408 17 24 0.10044263 
987 356 11 13 0.10024146 
213 326 8 9 0.0998017 
469 395 15 18 0.09973599 
256 345 10 12 0.09971461 
407 342 8 10 0.09922987 
404 367 10 12 0.098999314 
88 323 13 17 0.098008655 
939 388 15 18 0.09780966 
860 391 12 14 0.097484365 
301 343 9 11 0.09735984 
350 328 8 10 0.096910425 
711 384 10 13 0.096404985 
567 372 10 13 0.095674075 
697 378 9 12 0.09546832 
409 334 8 11 0.09534787 
1014 345 8 11 0.0950788 
712 613 70 69 0.0948505 
648 365 9 11 0.09475556 
847 433 24 31 0.094524585 
731 418 17 20 0.094171695 
310 334 8 10 0.09358972 
567 367 9 11 0.09264843 
267 386 13 17 0.09190412 
256 366 12 15 0.09174655 
234 329 9 10 0.09170534 
703 360 8 10 0.09032777 
173 348 10 12 0.08983077 
936 395 13 17 0.08971541 
815 454 30 34 0.08947042 
470 350 7 9 0.08928102 
220 412 16 22 0.088988036 
351 334 8 10 0.08884596 
239 364 10 12 0.088838 
965 359 9 11 0.08842731 
675 425 17 18 0.08804989 
360 351 7 9 0.08785725 
254 371 13 16 0.08775194 
797 343 8 11 0.08756387 
640 381 11 13 0.08730185 
351 349 8 10 0.08682022 
504 365 8 11 0.08673433 
260 315 10 12 0.086687155 
54 362 16 18 0.085763104 
219 381 12 18 0.08478544 
537 394 15 18 0.08444496 
614 370 12 15 0.084277555 
452 396 10 14 0.08417315 
803 433 24 33 0.08371895 
259 371 14 18 0.08303113 
765 387 11 12 0.08270323 
980 408 16 21 0.08219491 
578 425 16 21 0.08176714 
181 380 12 15 0.0813685 
381 367 10 12 0.08061941 
960 358 10 12 0.08051382 
961 396 10 14 0.08040685 
734 411 14 18 0.08030512 
840 333 9 11 0.08021851 
225 334 9 11 0.07973439 
310 366 10 12 0.079167314 
159 327 9 11 0.078220315 
685 398 12 15 0.07817381 
875 607 39 53 0.07802745 
102 356 10 12 0.077484176 
235 388 14 17 0.077481724 
766 375 10 12 0.077174224 
29 428 25 33 0.077121705 
807 396 13 16 0.07706593 
249 371 11 15 0.07671974 
367 390 8 11 0.07663355 
519 361 8 9 0.0766088 
190 355 9 11 0.076311 
574 382 12 14 0.07614187 
622 394 12 17 0.07585061 
364 379 10 13 0.075739466 
460 438 23 32 0.07558699 
367 335 8 9 0.075539544 
640 376 9 10 0.075519055 
401 345 7 10 0.075505234 
466 344 6 9 0.075472325 
417 357 9 11 0.07527258 
584 349 8 10 0.0752007 
963 418 15 18 0.075121835 
960 365 9 11 0.07404902 
445 388 12 16 0.0739466 
486 367 10 13 0.0739198 
918 400 16 18 0.07388216 
572 374 11 13 0.073879056 
536 357 8 9 0.073366515 
490 355 9 11 0.07328384 
293 261 11 13 0.07321336 
590 366 10 12 0.07308789 
788 441 17 24 0.07255661 
709 372 9 11 0.07255245 
633 356 8 11 0.072231725 
874 378 12 15 0.07198414 
845 367 11 13 0.071757674 
643 436 15 23 0.07167547 
843 378 13 18 0.07131724 
488 406 11 16 0.07116406 
490 427 16 24 0.070807904 
739 344 7 9 0.070792034 
698 476 30 39 0.070702985 
206 350 8 10 0.07058123 
590 384 10 12 0.07055428 
637 356 8 10 0.07042716 
167 362 10 14 0.07041778 
790 366 9 11 0.07030959 
800 372 10 12 0.07020938 
607 408 14 18 0.0699342 
285 372 10 13 0.06955532 
662 367 9 11 0.06946265 
478 366 10 12 0.06936879 
358 441 15 21 0.06920643 
650 359 8 11 0.06920532 
782 381 10 13 0.06909642 
327 395 11 15 0.068975285 
137 384 15 21 0.06896663 
190 391 21 28 0.06876851 
797 350 9 10 0.068513356 
71 340 12 14 0.06844212 
947 417 15 18 0.06833945 
78 348 13 16 0.06818561 
456 367 10 11 0.06817709 
300 394 12 15 0.06799109 
311 343 8 10 0.06787638 
650 499 28 44 0.0676805 
414 335 8 10 0.067068875 
819 395 11 15 0.06695925 
684 435 16 20 0.06677401 
981 511 43 74 0.06669575 
397 396 13 17 0.066353336 
605 383 10 13 0.066267245 
417 472 33 35 0.06622136 
375 345 7 9 0.066054076 
342 359 9 11 0.066044666 
374 380 12 14 0.06600537 
695 358 9 11 0.065362394 
471 376 11 12 0.06522371 
294 366 10 12 0.06454899 
966 329 7 8 0.06425672 
500 383 9 12 0.0641713 
701 380 9 11 0.06408761 
399 467 27 32 0.063994095 
346 327 8 10 0.06397871 
342 378 11 13 0.06376704 
816 378 12 15 0.06370811 
375 394 11 16 0.063587844 
421 366 8 10 0.06348333 
527 373 10 13 0.06291968 
35 433 33 40 0.06268743 
509 345 8 10 0.06263584 
456 360 8 10 0.062286317 
200 350 9 11 0.062134985 
484 429 15 23 0.06149825 
957 418 13 18 0.059990995 
398 377 12 15 0.059872992 
620 402 14 20 0.059832223 
686 413 14 20 0.05970123 
437 335 8 10 0.059467416 
408 327 8 9 0.059267588 
803 410 12 17 0.058551114 
963 426 16 22 0.058470875 
751 360 9 11 0.05843251 
812 421 15 21 0.058344007 
316 412 11 15 0.05832381 
455 345 7 9 0.05824765 
478 360 9 10 0.05819244 
962 333 8 10 0.05817461 
726 376 10 11 0.05813966 
727 351 8 9 0.05807154 
761 374 9 12 0.057807792 
863 326 10 12 0.057515685 
270 377 13 18 0.056795333 
543 500 22 36 0.05671191 
678 367 9 10 0.056699973 
725 379 13 15 0.05650396 
612 403 14 18 0.056423154 
165 333 9 12 0.056036778 
543 357 7 10 0.055991314 
625 512 25 36 0.055778798 
438 381 11 15 0.055752046 
393 372 10 13 0.05561638 
159 387 24 29 0.055489622 
589 425 14 20 0.055450745 
222 350 8 9 0.05543953 
104 350 11 13 0.055400625 
228 411 17 23 0.055050142 
289 296 8 12 0.055036128 
439 351 8 9 0.054992426 
640 445 22 33 0.054990962 
345 343 9 11 0.054821398 
289 367 10 12 0.054776195 
61 370 14 17 0.054694988 
782 343 8 10 0.0544239 
368 344 9 11 0.054379515 
621 371 11 14 0.05434977 
682 352 8 10 0.05414977 
361 317 9 10 0.053987972 
385 332 9 11 0.053927675 
896 413 10 14 0.05356755 
336 372 9 13 0.05343494 
365 358 8 11 0.053257443 
780 374 10 12 0.05309377 
776 335 7 9 0.05305484 
415 366 10 11 0.052620355 
528 367 9 11 0.05261137 
574 351 8 9 0.052339595 
720 406 10 16 0.05233367 
710 367 8 10 0.052251738 
764 447 15 22 0.05224407 
512 365 9 11 0.052122314 
900 413 12 15 0.051784504 
684 389 11 13 0.05175106 
733 397 13 16 0.051729523 
759 367 8 10 0.051678635 
757 404 12 15 0.05166287 
337 511 29 32 0.051511522 
354 456 16 22 0.051411066 
1012 371 10 15 0.051180437 
618 409 18 24 0.050617598 
274 344 10 12 0.050572168 
102 367 12 15 0.050241884 
289 342 8 11 0.050050806 
646 406 13 18 0.04991224 
684 381 10 13 0.049789064 
422 352 7 9 0.049782358 
282 379 12 16 0.049769253 
381 383 10 12 0.049651083 
584 360 8 10 0.049613647 
693 488 15 20 0.04955889 
968 366 10 12 0.049555007 
214 320 8 10 0.049361765 
722 345 7 9 0.04934835 
25 169 12 16 0.04918591 
52 345 15 17 0.049073122 
424 343 8 9 0.04906129 
740 424 14 18 0.048951775 
478 234 14 19 0.04891884 
785 386 11 15 0.04890513 
453 350 7 8 0.048447423 
438 364 10 12 0.04844052 
846 386 13 18 0.048260912 
109 365 12 15 0.048256837 
391 328 8 10 0.04821796 
517 364 9 12 0.0481687 
551 354 8 9 0.048140127 
395 411 12 17 0.048084315 
1007 350 10 12 0.048076287 
806 320 8 10 0.04806453 
438 386 14 17 0.048061144 
742 359 9 11 0.047999017 
184 334 8 10 0.04798137 
237 332 9 11 0.047960937 
431 343 8 10 0.047945976 
45 174 11 13 0.047688942 
796 389 12 13 0.04766814 
460 371 10 12 0.047212858 
908 389 13 15 0.047129065 
385 411 15 18 0.047110338 
700 483 14 20 0.04701962 
312 348 9 9 0.04696551 
497 479 21 31 0.046900574 
361 335 7 9 0.046857808 
956 426 15 22 0.046840996 
334 396 13 15 0.046714593 
528 391 9 13 0.046545867 
302 416 14 20 0.04650634 
454 402 11 16 0.046455592 
681 359 8 10 0.04631923 
713 350 8 9 0.046183396 
544 353 7 9 0.046111442 
374 350 8 10 0.046110068 
590 371 10 12 0.046093702 
775 404 13 17 0.04608164 
934 333 9 10 0.046015363 
206 343 8 10 0.04601124 
773 368 10 11 0.045941934 
305 286 10 13 0.04591701 
726 387 14 17 0.04590369 
738 490 29 40 0.045803234 
380 394 15 19 0.045782417 
728 365 9 9 0.045777295 
246 365 11 15 0.045707587 
98 423 18 23 0.045668915 
317 254 9 12 0.04566233 
719 360 7 9 0.04559281 
937 397 20 25 0.0455138 
61 419 22 35 0.045296334 
278 409 13 19 0.045280393 
495 374 7 9 0.0452567 
652 442 15 20 0.04523682 
630 382 9 13 0.045159496 
777 343 7 10 0.045135047 
624 382 11 13 0.04507628 
773 416 16 21 0.045048475 
246 358 9 13 0.044954732 
212 416 19 21 0.04485708 
967 350 9 11 0.04475106 
40 352 10 12 0.044552267 
550 374 8 11 0.044510312 
407 391 9 14 0.044366915 
398 349 9 9 0.04436 
19 314 13 20 0.043848727 
69 175 9 11 0.043814186 
438 344 8 9 0.04362427 
719 469 28 34 0.043581396 
560 364 9 11 0.043390434 
330 349 9 10 0.04329143 
632 367 7 10 0.04323407 
756 435 15 21 0.04320043 
420 381 11 15 0.04311192 
318 365 11 13 0.042891115 
671 173 9 12 0.042728946 
529 351 7 10 0.042684164 
635 404 15 19 0.042678773 
268 393 12 16 0.042642046 
599 348 9 11 0.042637654 
400 360 9 10 0.042630933 
661 394 13 16 0.04252227 
310 371 11 13 0.04250275 
871 411 14 20 0.04244889 
449 345 8 9 0.042388856 
718 349 8 9 0.042369522 
284 388 11 14 0.042357933 
287 336 8 10 0.042352837 
322 335 8 11 0.042325925 
236 488 47 59 0.042293973 
390 394 15 19 0.042285416 
157 363 12 16 0.04215526 
92 420 14 20 0.04208135 
312 406 10 15 0.04206437 
577 203 10 13 0.0420212 
140 346 12 15 0.041942593 
796 384 10 11 0.04175064 
128 382 21 29 0.0416458 
270 470 33 39 0.041399147 
45 347 13 17 0.04136972 
330 396 21 26 0.04113028 
75 331 13 15 0.04107608 
534 391 12 15 0.041012164 
474 385 15 19 0.041005548 
808 466 29 33 0.04093518 
358 344 8 10 0.040915743 
670 387 12 16 0.04089164 
332 380 12 14 0.040796485 
243 413 24 32 0.04075868 
526 381 10 12 0.04058835 
668 433 14 18 0.04058177 
703 366 9 10 0.040372618 
968 434 18 24 0.040307794 
339 398 14 15 0.040260777 
215 375 12 15 0.04024559 
20 440 34 39 0.040204898 
57 356 15 18 0.040196437 
183 343 9 12 0.040156074 
661 350 8 9 0.04009713 
677 388 14 16 0.03992446 
168 342 9 13 0.039507557 
945 523 41 59 0.03933845 
192 403 18 24 0.039328944 
993 414 22 27 0.039245278 
573 367 9 11 0.039112087 
391 366 9 12 0.039067708 
836 357 11 12 0.038966764 
677 174 10 12 0.03895022 
472 365 9 11 0.03885633 
583 371 12 13 0.03880036 
884 393 13 18 0.038598984 
1013 411 10 15 0.038293336 
871 405 13 16 0.038270712 
246 334 8 10 0.038247287 
682 533 53 77 0.038198974 
757 360 8 11 0.038119256 
189 389 12 17 0.038062286 
725 404 13 17 0.038029287 
232 357 10 12 0.03788131 
429 396 14 19 0.037729494 
11 313 15 22 0.03741701 
433 336 8 9 0.037377212 
353 359 8 11 0.03732714 
415 342 7 9 0.037301518 
421 373 9 12 0.03712404 
0 378 13 21 0.03707334 
1002 411 15 17 0.03701872 
687 364 9 10 0.036990687 
598 402 13 18 0.0369037 
303 291 12 15 0.03683862 
149 361 14 18 0.036824934 
953 350 7 11 0.03676023 
317 373 12 13 0.036676794 
322 341 8 11 0.03650782 
126 338 10 13 0.036505755 
414 388 11 14 0.036505744 
510 373 10 12 0.036490142 
800 357 9 11 0.03647707 
542 365 9 11 0.036436696 
405 403 11 15 0.036407582 
731 482 27 38 0.036357768 
62 338 11 16 0.036263824 
303 370 12 15 0.036200903 
851 418 17 22 0.03598435 
1005 364 12 15 0.035902068 
475 402 16 18 0.035851084 
935 381 10 13 0.035778843 
933 453 27 37 0.03575824 
861 420 16 23 0.03575225 
363 434 15 21 0.035653953 
433 352 8 9 0.03561328 
326 365 9 12 0.035607368 
756 428 13 18 0.03558113 
774 349 9 12 0.035573244 
542 376 10 10 0.03549198 
279 441 26 32 0.035471857 
69 333 22 26 0.03543837 
727 339 8 9 0.035390984 
588 441 15 26 0.03537318 
946 386 14 16 0.035353724 
327 405 14 19 0.035338715 
944 367 8 10 0.035272416 
996 443 27 35 0.035162214 
606 350 8 9 0.035152346 
934 364 10 11 0.035151806 
337 357 10 12 0.035002977 
749 403 11 16 0.034966957 
962 328 7 10 0.034897696 
793 343 8 10 0.034892093 
27 501 36 56 0.034886383 
573 486 22 28 0.034869634 
952 359 8 10 0.034854062 
248 496 58 72 0.034814827 
923 410 14 17 0.034746587 
1009 345 9 11 0.034694694 
477 471 16 22 0.03463662 
660 411 13 17 0.0344437 
238 344 9 12 0.03427316 
710 455 16 30 0.034272272 
0 126 24 36 0.03424378 
328 376 10 12 0.03421283 
896 389 11 15 0.03415469 
369 329 8 10 0.034133926 
88 311 20 28 0.034084443 
711 360 8 9 0.034046337 
696 367 8 10 0.03398909 
979 372 11 13 0.03391575 
671 395 12 16 0.03356144 
388 403 15 19 0.033547338 
438 328 8 9 0.033538662 
652 457 17 25 0.03352741 
735 352 9 10 0.033488777 
327 386 11 15 0.033469997 
1004 356 12 15 0.03346986 
878 365 9 11 0.033421874 
739 444 16 20 0.03341533 
534 366 9 11 0.03336202 
705 352 7 9 0.0333081 
668 420 16 20 0.033205893 
409 320 8 10 0.033061896 
421 387 11 15 0.033060055 
791 373 10 12 0.032873075 
651 412 20 26 0.03285153 
638 428 13 18 0.032738026 
51 368 16 18 0.032727703 
737 228 11 15 0.032596607 
753 469 31 39 0.032573435 
790 416 14 18 0.032525174 
638 368 9 10 0.032502063 
503 375 9 10 0.03244844 
108 358 11 12 0.032441173 
799 394 13 18 0.03242302 
382 360 10 11 0.03219683 
66 378 14 18 0.032023743 
894 428 12 16 0.03200317 
208 357 9 13 0.03194039 
306 252 10 12 0.031915527 
199 320 8 10 0.03190656 
153 325 10 11 0.031790037 
208 423 28 34 0.031776935 
818 401 15 18 0.031766873 
868 367 11 13 0.03172129 
911 335 9 10 0.031671695 
815 369 9 11 0.031608216 
671 402 13 17 0.031454198 
806 358 9 11 0.031431075 
265 326 10 12 0.03139692 
69 365 14 17 0.031396266 
375 327 8 10 0.031343825 
655 395 12 16 0.0313233 
471 345 6 9 0.031310905 
51 417 16 25 0.031286143 
376 360 8 10 0.031204866 
276 453 30 37 0.031195207 
624 358 9 11 0.0311914 
921 385 9 11 0.031189237 
893 374 11 13 0.03115563 
338 442 16 20 0.031151658 
927 343 9 10 0.031052122 
541 380 11 13 0.03103973 
270 439 24 26 0.03093555 
646 375 8 10 0.030868407 
869 387 12 16 0.03064359 
223 405 14 18 0.030616727 
900 463 27 33 0.03059759 
345 334 9 11 0.030587431 
977 447 18 23 0.030539641 
431 193 13 17 0.03052738 
613 379 11 14 0.030526906 
368 406 19 25 0.030496782 
735 375 9 11 0.030476104 
339 451 17 20 0.030432915 
995 500 27 54 0.030376364 
536 380 10 13 0.030207682 
199 357 9 11 0.030169182 
318 351 8 9 0.030161817 
560 354 8 10 0.030114233 
988 411 17 24 0.030108303 
850 399 22 27 0.030025408 
743 369 17 22 0.029978475 
748 426 13 18 0.029860424 
695 353 8 10 0.029856332 
442 478 18 26 0.029702514 
863 378 13 16 0.029632302 
597 394 14 17 0.029538225 
279 384 12 17 0.029498978 
854 364 11 15 0.029447543 
361 388 11 13 0.029441362 
707 480 15 22 0.029437773 
351 319 8 10 0.029425772 
583 397 12 16 0.02941592 
832 439 28 31 0.029392794 
30 444 46 59 0.029391065 
77 364 14 17 0.029387284 
952 365 8 10 0.029369839 
664 359 9 11 0.02935544 
175 380 13 17 0.02927325 
960 317 7 9 0.02917314 
912 515 41 65 0.029164432 
668 412 15 18 0.02908443 
923 449 23 29 0.029075373 
944 351 9 10 0.029073482 
336 359 19 24 0.028995758 
287 326 9 11 0.02894566 
391 380 11 13 0.028808245 
507 431 17 24 0.028781852 
968 444 19 26 0.028770206 
328 269 8 11 0.02875032 
888 380 9 12 0.02874045 
595 420 13 19 0.028654223 
709 409 14 18 0.028599374 
629 394 13 17 0.028591726 
959 391 11 14 0.028591672 
236 370 13 17 0.02851834 
82 420 23 31 0.028514324 
974 348 8 11 0.028502485 
529 357 7 10 0.028287817 
769 350 9 11 0.028282782 
367 395 10 13 0.028273774 
85 366 11 14 0.028210867 
943 343 9 11 0.028184969 
287 359 10 12 0.02806567 
120 608 33 43 0.028044684 
593 361 8 10 0.027988771 
303 381 10 13 0.027973441 
312 253 9 12 0.027915455 
687 344 8 8 0.027903162 
790 483 28 39 0.027862366 
740 235 9 12 0.027809916 
817 440 28 34 0.027795076 
351 374 9 12 0.027661841 
398 389 13 17 0.027601557 
367 501 23 31 0.02759579 
224 329 8 11 0.027552065 
275 496 37 47 0.027450774 
423 396 11 16 0.027386941 
437 415 15 22 0.027359506 
751 352 9 10 0.027358973 
236 381 14 16 0.027273018 
765 403 13 16 0.02725427 
155 396 19 21 0.027207054 
959 371 10 12 0.027155394 
136 342 22 26 0.027129784 
655 367 9 11 0.027086526 
969 410 21 25 0.027076807 
413 396 11 14 0.027060345 
53 326 11 16 0.02705356 
690 440 15 20 0.026952868 
509 380 13 15 0.026941292 
675 412 16 20 0.026882052 
451 378 12 15 0.026872419 
45 372 16 18 0.026850868 
767 367 10 12 0.026787275 
554 519 27 36 0.02678231 
940 410 18 20 0.02677801 
499 430 17 24 0.02672451 
615 352 8 10 0.026688892 
548 396 11 16 0.026688194 
297 360 10 11 0.026685176 
704 484 33 46 0.026679615 
457 336 6 8 0.026662806 
325 415 15 21 0.026642112 
264 332 10 13 0.026595293 
535 375 9 11 0.026581675 
785 357 9 11 0.026552016 
258 253 10 12 0.02654535 
65 311 22 30 0.026539134 
643 395 12 16 0.026524737 
136 357 11 14 0.026488954 
40 466 50 76 0.026472632 
790 358 9 11 0.026331993 
303 280 9 12 0.026330194 
488 342 7 9 0.02631277 
224 318 9 10 0.026194064 
477 372 10 12 0.02611429 
406 359 9 10 0.026101502 
624 350 9 12 0.02610109 
705 343 8 9 0.026077745 
941 423 16 19 0.026053073 
356 505 28 33 0.025934475 
678 195 12 15 0.02589575 
975 343 9 11 0.025879275 
743 351 8 10 0.025872305 
319 324 9 12 0.0258708 
186 329 9 11 0.025838051 
351 364 9 12 0.025762377 
15 223 10 11 0.025651904 
376 319 8 9 0.025621686 
444 456 25 40 0.025605883 
121 329 21 26 0.025594404 
635 507 26 41 0.025538726 
868 396 13 17 0.025524478 
782 397 10 14 0.025488175 
675 433 18 20 0.025442896 
779 466 16 19 0.025440015 
448 336 7 8 0.02543709 
60 348 12 16 0.025376493 
845 427 17 21 0.025344111 
474 448 16 20 0.025332741 
260 374 20 24 0.025328562 
368 444 21 34 0.02520691 
800 566 53 80 0.02520142 
84 379 15 19 0.025169859 
136 340 11 16 0.025110675 
772 385 14 16 0.025095863 
609 370 11 15 0.025076905 
960 313 7 9 0.025066448 
894 381 10 13 0.02506377 
774 358 8 11 0.025042431 
784 423 23 27 0.025037264 
2 520 37 54 0.02501824 
732 379 10 14 0.024997097 
673 334 8 10 0.024974708 
326 235 9 12 0.024944186 
985 353 10 11 0.02488478 
315 408 18 26 0.024880223 
1002 351 9 11 0.024876459 
641 343 8 10 0.02487481 
780 444 20 29 0.024873687 
834 333 9 11 0.02483787 
183 357 10 12 0.024795588 
630 373 9 12 0.02473135 
747 432 20 26 0.02473098 
704 388 11 14 0.024720674 
623 446 17 26 0.02470304 
809 345 8 10 0.02463952 
397 418 13 16 0.024632998 
294 395 13 15 0.024630535 
439 422 23 30 0.024542326 
718 383 10 13 0.02443674 
991 343 8 10 0.024425691 
248 343 8 11 0.024425022 
495 394 12 16 0.024320109 
544 205 10 14 0.024302745 
463 396 13 17 0.024239987 
1011 355 12 16 0.024227116 
1012 379 11 15 0.024195649 
972 463 31 36 0.024183568 
781 424 13 18 0.024166975 
367 318 9 11 0.02416235 
802 318 8 11 0.02412794 
766 412 14 16 0.024122793 
723 441 15 19 0.024119461 
296 267 10 12 0.02409263 
84 373 12 15 0.024087122 
854 391 21 24 0.024081215 
541 211 12 15 0.024052164 
-4 492 47 67 0.024038892 
517 388 12 13 0.023853352 
946 422 21 27 0.02384838 
860 452 27 37 0.02382192 
464 337 7 8 0.023786828 
782 349 9 11 0.02378606 
424 454 27 41 0.02376938 
799 337 9 10 0.02371208 
407 349 8 10 0.0236813 
191 334 9 11 0.023650507 
838 383 14 19 0.023594823 
876 387 14 19 0.02353986 
784 367 9 11 0.023531467 
646 427 12 18 0.023527512 
535 491 24 36 0.023493825 
737 337 7 10 0.023485858 
744 337 7 10 0.023447761 
999 456 27 40 0.023431353 
605 423 16 21 0.023424527 
432 381 10 14 0.02333502 
549 380 11 14 0.023294723 
206 375 12 16 0.023278551 
919 333 8 10 0.023275038 
635 415 16 19 0.023266163 
911 441 26 31 0.023259088 
19 356 12 16 0.023257932 
300 269 10 11 0.023246104 
206 335 9 11 0.023209644 
79 377 13 18 0.023179546 
652 424 21 26 0.023176488 
367 366 9 12 0.02315228 
180 365 11 13 0.023119334 
44 431 19 25 0.023101231 
71 154 10 14 0.023081796 
308 425 13 19 0.023031136 
140 370 14 18 0.023022618 
45 326 12 13 0.02301953 
290 435 18 22 0.023008222 
550 452 22 28 0.02297751 
494 367 9 12 0.022936279 
335 318 8 11 0.022935703 
148 339 13 16 0.022908187 
783 337 7 9 0.022903211 
836 351 10 13 0.022852896 
686 483 15 19 0.022781309 
973 382 13 15 0.022771345 
588 398 18 25 0.022729171 
232 343 9 12 0.022697937 
712 345 8 10 0.022649206 
784 435 13 18 0.022574877 
859 410 14 19 0.02257181 
814 343 8 11 0.022543503 
317 393 12 16 0.022522088 
269 367 10 12 0.022506488 
80 321 22 27 0.022504345 
725 409 20 26 0.022465954 
809 325 8 11 0.022465367 
654 351 9 10 0.02245608 
296 422 21 29 0.02243059 
250 349 8 12 0.02242332 
790 405 12 17 0.022380348 
643 556 78 105 0.022368344 
549 387 12 17 0.022279097 
125 62 13 16 0.022245461 
654 369 18 22 0.022170605 
592 359 19 24 0.022144563 
566 358 9 11 0.022130249 
300 354 18 23 0.022113735 
911 401 11 16 0.022091204 
357 353 19 24 0.022030313 
338 434 15 19 0.021980606 
957 401 12 16 0.021964526 
305 336 8 9 0.02194713 
787 452 18 24 0.021932967 
86 413 13 19 0.021887258 
719 365 8 10 0.021864595 
239 474 34 41 0.021857012 
853 381 11 15 0.021841632 
269 411 14 21 0.02176568 
569 346 8 9 0.021651866 
982 397 12 16 0.021636559 
150 392 16 21 0.021520657 
361 447 15 25 0.021513175 
814 327 8 10 0.021475466 
934 341 10 11 0.021445094 
318 359 10 12 0.021406732 
389 448 16 29 0.021374214 
447 375 10 12 0.02137241 
291 299 11 14 0.021366116 
730 352 18 24 0.021357872 
244 397 12 17 0.021354519 
877 395 20 27 0.021352556 
578 492 23 35 0.021339262 
0 334 11 15 0.021332916 
78 154 13 18 0.021313215 
430 387 13 16 0.021295689 
309 359 10 13 0.021253277 
419 441 24 34 0.021246098 
558 393 13 17 0.021198492 
751 345 7 8 0.021149665 
254 396 13 17 0.02114734 
945 356 9 12 0.021127973 
458 354 20 23 0.021116922 
561 373 10 13 0.021099344 
900 403 13 17 0.021030819 
448 425 22 32 0.02097597 
79 251 11 15 0.020948177 
810 479 18 22 0.020939024 
893 419 14 18 0.020929828 
257 463 35 40 0.020868288 
11 350 14 16 0.020828651 
485 387 11 16 0.020825453 
737 480 17 22 0.020825444 
56 341 21 27 0.020810805 
197 406 24 28 0.02079121 
73 508 31 43 0.020772634 
197 365 11 13 0.02077084 
996 427 24 35 0.020762859 
415 373 11 13 0.020737307 
495 342 8 10 0.020701876 
317 434 15 17 0.020682545 
95 364 10 14 0.020677801 
237 455 16 22 0.020661749 
574 430 16 23 0.020626841 
209 364 10 13 0.02056654 
792 434 19 24 0.02055034 
689 475 24 32 0.02053736 
531 245 13 14 0.02053147 
123 397 17 21 0.020517325 
432 328 9 9 0.020501688 
223 343 9 11 0.020459265 
773 327 8 10 0.020402294 
958 466 36 40 0.020257836 
510 388 12 14 0.020254133 
701 394 12 16 0.020252278 
47 364 15 18 0.020246563 
446 570 49 63 0.020209868 
20 383 14 20 0.02019604 
399 399 19 26 0.02019185 
593 349 9 10 0.020167204 
10 371 23 30 0.020134743 
50 377 15 18 0.020100772 
831 363 10 12 0.02005845 
725 423 16 20 0.020057295 
282 427 17 19 0.02005633 
677 335 8 9 0.020040344 
708 385 19 24 0.020026919 
230 319 9 11 0.020024266 
580 448 24 30 0.020013554 
