21_Festival_Festival_21_201
183
773 307 29 46 0.9829942 
905 308 19 23 0.8999345 
677 298 24 29 0.8824872 
43 381 25 37 0.8441628 
218 429 19 23 0.77948177 
553 313 20 25 0.73326164 
276 362 17 20 0.6890287 
394 368 22 31 0.67584777 
506 350 22 30 0.5461031 
719 379 23 28 0.5048023 
12 434 13 18 0.49457875 
613 330 16 23 0.47593385 
290 343 16 24 0.4215106 
242 384 16 19 0.41279438 
403 341 16 20 0.39075622 
640 296 16 23 0.36370313 
438 345 14 20 0.34920666 
377 339 15 20 0.26705486 
575 344 14 19 0.26670536 
7 58 383 475 0.26455674 
481 52 223 269 0.26215407 
665 314 12 15 0.25696573 
904 147 66 58 0.21870738 
650 328 14 17 0.16003703 
11 399 16 20 0.15951557 
389 -37 368 434 0.1592161 
246 400 21 28 0.1478948 
628 317 12 14 0.146104 
281 350 19 24 0.14280143 
329 403 25 33 0.13552664 
603 314 14 17 0.13160934 
113 292 106 78 0.12790857 
453 319 11 14 0.12006863 
3 195 108 176 0.1117776 
13 410 14 18 0.11021365 
22 134 222 283 0.10584237 
361 392 27 33 0.10177676 
430 327 11 13 0.09867844 
405 333 15 17 0.09767988 
574 352 13 18 0.092444174 
267 377 30 34 0.09056525 
451 330 14 20 0.09021682 
596 323 13 15 0.089035586 
592 377 10 12 0.08806391 
507 337 22 28 0.08705458 
939 307 19 25 0.082018964 
619 326 13 16 0.075208865 
107 270 82 66 0.073617764 
444 338 15 20 0.07347732 
477 327 17 22 0.07248773 
890 122 103 101 0.071351305 
657 -76 397 497 0.0681633 
260 389 28 32 0.06799912 
592 324 10 13 0.061687596 
492 332 12 15 0.060171288 
980 254 28 40 0.05804107 
645 406 11 14 0.05723873 
386 345 40 53 0.05706661 
147 318 45 38 0.053375162 
639 81 111 131 0.05308309 
467 292 27 32 0.052327942 
57 241 125 108 0.05201766 
463 201 27 36 0.05125071 
446 423 38 54 0.051082794 
238 390 23 28 0.04733708 
300 372 26 30 0.04688405 
406 367 21 31 0.046476196 
602 320 22 27 0.044748064 
362 331 24 31 0.042960744 
921 140 42 41 0.042796932 
673 291 19 21 0.042626243 
400 333 12 16 0.042520534 
569 349 12 16 0.041013636 
957 107 57 70 0.04099807 
899 282 17 22 0.040721107 
633 416 9 12 0.040705033 
666 305 24 30 0.040390473 
1 424 9 13 0.04011393 
593 380 13 15 0.039935168 
-1 660 82 120 0.03982231 
-43 348 351 478 0.039257042 
661 340 14 20 0.03922086 
436 333 12 14 0.03879047 
469 226 450 443 0.03759993 
450 325 11 15 0.03645199 
575 361 12 17 0.034881964 
656 444 15 17 0.03487792 
256 400 19 23 0.034120247 
318 400 41 53 0.03409116 
771 300 15 22 0.033757154 
654 438 11 14 0.03375128 
856 383 13 18 0.0336195 
486 318 13 16 0.033140954 
498 328 24 27 0.032925032 
803 176 55 52 0.032863863 
630 358 13 17 0.032723356 
422 139 25 32 0.032435734 
610 315 12 15 0.032332797 
971 243 27 42 0.031799056 
474 104 136 146 0.031217307 
315 119 18 22 0.030795537 
582 74 115 144 0.030650204 
380 339 21 29 0.030184036 
940 83 52 70 0.02982733 
447 376 21 33 0.029801043 
346 108 29 34 0.029497325 
679 284 25 28 0.029441062 
203 433 40 55 0.029137125 
31 434 12 15 0.029085364 
416 94 107 134 0.028803136 
482 321 23 30 0.02808512 
641 125 68 81 0.028029555 
351 382 29 37 0.027702186 
899 178 49 67 0.027698651 
549 296 27 35 0.027663194 
467 379 14 17 0.027617842 
629 358 20 28 0.027607534 
350 314 46 58 0.027459284 
661 331 12 17 0.027154941 
5 429 15 18 0.02701377 
95 425 27 36 0.026988756 
916 271 23 31 0.026690472 
758 366 26 33 0.02650438 
120 331 67 54 0.026459115 
638 413 11 14 0.026394082 
667 321 14 17 0.026390009 
947 210 40 54 0.025969444 
432 339 15 19 0.025962519 
364 373 15 21 0.025865382 
319 290 12 15 0.02581015 
207 424 24 31 0.025716463 
573 298 15 18 0.02562942 
370 410 18 24 0.025617199 
453 169 49 67 0.025583265 
637 321 11 16 0.025567772 
634 300 10 15 0.025393954 
888 268 28 37 0.024601232 
226 398 13 15 0.024501698 
920 171 57 81 0.024480939 
8 410 23 29 0.024143979 
541 355 12 16 0.024135426 
328 452 47 61 0.023953231 
781 70 240 267 0.023933278 
754 300 39 47 0.023847446 
99 346 38 36 0.023773383 
471 311 28 33 0.023482561 
772 253 16 22 0.023471966 
323 128 13 17 0.023360804 
655 328 20 28 0.023026796 
202 385 17 20 0.022931578 
993 284 28 41 0.02284195 
515 333 14 19 0.02272717 
750 284 16 17 0.022535212 
228 399 26 29 0.022416672 
441 115 60 78 0.022411043 
419 369 16 23 0.022361692 
365 352 14 19 0.022310374 
670 287 14 19 0.022288108 
139 364 35 35 0.022259422 
457 325 19 27 0.022031885 
4 421 13 15 0.021921746 
492 318 14 16 0.021908864 
500 420 12 16 0.021901667 
297 336 26 31 0.021638934 
635 443 11 15 0.021367222 
659 487 13 17 0.02130182 
331 364 16 20 0.021211648 
471 326 14 19 0.021132244 
669 77 56 76 0.021040406 
523 323 15 18 0.021027459 
180 316 373 453 0.02101958 
323 417 44 59 0.021004252 
188 407 30 40 0.020858957 
371 461 43 49 0.02077562 
597 338 13 16 0.02069893 
339 207 29 40 0.020558078 
812 304 26 40 0.020514907 
366 389 42 51 0.020493101 
347 407 30 36 0.020445263 
503 339 14 18 0.020434486 
670 358 12 16 0.020413622 
310 398 28 37 0.02026107 
404 347 26 35 0.020185187 
