21_Festival_Festival_21_976
54
148 44 26 33 0.9983089 
358 69 30 35 0.9978237 
533 265 60 76 0.9975043 
814 100 37 53 0.988882 
766 44 20 27 0.9704179 
321 15 20 26 0.96820426 
472 33 23 25 0.95559144 
525 9 19 24 0.95513827 
22 19 18 24 0.91671544 
364 3 14 19 0.88786924 
161 4 18 20 0.783212 
878 15 20 26 0.6462389 
313 535 79 68 0.50273883 
950 5 15 19 0.19879039 
839 0 15 18 0.14641124 
834 95 34 43 0.061610606 
130 39 13 17 0.05301025 
759 47 17 22 0.0476932 
820 42 23 31 0.046604868 
872 7 37 50 0.04585798 
725 44 12 15 0.04169998 
36 221 414 557 0.04113257 
555 60 13 17 0.03462741 
851 85 29 41 0.034181796 
494 0 13 18 0.031909544 
250 252 39 39 0.03156358 
341 45 13 16 0.02991906 
298 43 16 18 0.029326046 
378 80 17 21 0.028847994 
827 46 27 34 0.028321054 
350 11 12 16 0.027418375 
2 -2 23 26 0.027209137 
0 78 46 62 0.026689308 
758 100 14 19 0.025733676 
810 45 21 30 0.02536566 
274 509 130 125 0.02523432 
888 17 16 22 0.02485586 
0 63 16 21 0.024497965 
336 0 11 12 0.024326954 
717 42 15 17 0.024168286 
842 -2 25 28 0.02306016 
407 0 12 12 0.02293522 
730 45 12 16 0.022882247 
767 39 14 17 0.021584377 
802 50 16 19 0.02148211 
822 91 31 39 0.021424012 
748 36 11 15 0.021398101 
329 13 22 28 0.021151459 
381 21 13 19 0.020939963 
902 54 14 22 0.020809416 
60 6 15 16 0.020580307 
349 19 13 16 0.020423835 
16 3 25 29 0.020372003 
347 528 75 63 0.020243842 
