21_Festival_Festival_21_395
180
762 415 36 46 0.9844483 
544 124 36 46 0.97288775 
408 265 31 38 0.9598824 
514 275 40 52 0.94489545 
560 398 41 51 0.92333454 
309 425 32 40 0.70534265 
685 264 34 43 0.6757254 
978 501 21 27 0.5845909 
174 493 21 27 0.48406234 
666 428 32 39 0.47643566 
660 505 23 33 0.4436655 
743 586 53 77 0.36461943 
873 450 27 34 0.2745695 
77 484 17 22 0.24208649 
656 496 24 29 0.22687458 
645 464 31 37 0.21607792 
94 534 17 22 0.20323405 
420 588 17 21 0.19617373 
843 478 36 45 0.19253033 
962 489 15 22 0.18329628 
221 555 54 58 0.18131812 
132 492 15 21 0.17646213 
824 492 58 74 0.15563522 
20 467 12 15 0.14481138 
919 474 18 22 0.12555222 
294 262 24 28 0.119538635 
91 540 24 31 0.10695798 
658 262 23 42 0.10508058 
111 491 14 19 0.103672564 
56 488 10 13 0.10037294 
408 176 29 44 0.09824382 
12 572 25 40 0.08271377 
730 560 56 77 0.08181715 
940 492 23 30 0.0779817 
919 471 13 16 0.07656127 
42 475 11 15 0.07470544 
82 466 99 124 0.0730941 
873 463 30 39 0.07252959 
673 409 41 55 0.070806004 
712 459 32 37 0.07052882 
0 500 13 21 0.06961811 
989 500 22 30 0.06812343 
551 278 29 41 0.065161586 
751 424 43 61 0.06428683 
647 480 31 41 0.061417785 
240 409 28 37 0.059342105 
903 479 26 29 0.057444464 
66 445 13 15 0.056846224 
362 597 26 31 0.056137353 
759 484 50 75 0.055718407 
70 438 11 12 0.055607695 
933 459 18 21 0.054258477 
894 502 55 61 0.052670587 
97 529 26 32 0.050404806 
97 553 17 23 0.04919565 
881 474 54 54 0.04844451 
213 409 40 48 0.048240133 
854 503 61 71 0.047785945 
538 401 45 50 0.045557264 
986 646 15 23 0.045375876 
852 468 48 52 0.045252413 
924 494 31 36 0.044877674 
4 494 13 17 0.044278305 
13 520 11 15 0.042953808 
38 449 10 13 0.04268317 
407 572 26 31 0.042611476 
4 486 10 13 0.041743245 
944 494 12 16 0.041430976 
194 578 70 57 0.040291987 
327 169 11 14 0.039200757 
167 496 16 21 0.038949005 
869 481 94 105 0.03850344 
77 563 15 19 0.038313698 
551 592 27 39 0.03816136 
950 491 26 35 0.037873626 
739 566 32 45 0.036855195 
21 559 13 20 0.035603832 
282 546 26 35 0.03559514 
60 465 14 17 0.03527036 
13 529 16 23 0.03522279 
25 492 10 13 0.035175715 
2 544 13 16 0.034741275 
968 414 48 66 0.034661245 
404 378 33 40 0.034573935 
811 501 101 115 0.034357257 
976 495 44 74 0.0342736 
81 479 25 28 0.034042362 
64 449 13 17 0.033276934 
743 482 34 53 0.033223584 
172 500 28 37 0.033157308 
183 605 71 57 0.03309675 
98 505 15 20 0.032646433 
851 461 35 35 0.03257416 
251 544 46 53 0.031755917 
961 492 24 33 0.031545978 
86 557 16 19 0.031272847 
314 177 17 17 0.031244822 
152 441 17 21 0.031093372 
86 553 27 34 0.030979862 
356 644 18 21 0.030608285 
529 268 37 49 0.030208567 
460 384 32 35 0.02994595 
210 404 28 35 0.02979648 
544 237 43 56 0.029765038 
60 474 14 16 0.029645411 
69 563 13 18 0.029322997 
150 457 91 115 0.029315798 
900 487 17 21 0.029173039 
113 490 21 27 0.02898554 
748 529 58 81 0.028961796 
929 444 27 31 0.028839344 
695 272 31 50 0.02872699 
92 447 171 210 0.028303845 
4 477 11 14 0.02789447 
14 558 13 19 0.027856546 
370 595 16 18 0.027832577 
954 458 74 126 0.027786337 
62 627 44 45 0.027758576 
468 381 48 57 0.027753813 
169 483 46 58 0.027652875 
723 572 35 49 0.027523475 
941 448 10 13 0.027358133 
380 598 14 17 0.027191836 
670 265 28 43 0.027083153 
998 496 20 30 0.027030226 
886 471 26 33 0.026901785 
395 343 28 33 0.026810829 
763 448 32 45 0.026731826 
876 444 18 25 0.026726838 
376 389 31 35 0.026605465 
992 521 32 44 0.02659517 
904 461 25 29 0.026456652 
40 481 11 14 0.026143098 
590 485 40 56 0.026114052 
564 574 37 52 0.025686717 
893 454 46 47 0.025453359 
869 455 18 22 0.025396733 
225 409 18 22 0.024736878 
192 524 95 104 0.024686964 
121 552 33 36 0.024607148 
95 586 26 32 0.024504604 
287 377 38 49 0.024448229 
33 447 10 13 0.024369795 
30 501 12 16 0.024278095 
681 602 12 16 0.024150241 
706 275 14 19 0.024085859 
738 441 28 40 0.024044095 
94 477 24 28 0.023879342 
138 563 26 32 0.023796316 
940 452 14 18 0.023683755 
730 390 15 19 0.023581153 
403 556 16 20 0.023533821 
912 482 31 35 0.023138877 
4 513 14 21 0.023093265 
47 492 13 17 0.022883777 
94 525 14 21 0.022806771 
30 485 10 14 0.022761235 
728 549 28 43 0.022744788 
312 549 26 35 0.02253406 
920 444 44 51 0.022474939 
922 474 28 34 0.022454778 
54 480 21 25 0.0224267 
161 391 28 33 0.022369891 
935 446 13 16 0.02227396 
91 526 51 67 0.022045275 
730 454 29 40 0.021925839 
748 432 27 42 0.021552933 
30 476 11 14 0.02143247 
125 498 22 30 0.021394629 
401 559 24 34 0.021336928 
740 585 33 56 0.021217737 
854 490 36 49 0.021064935 
583 400 30 41 0.020923069 
456 101 12 16 0.020918593 
955 477 15 18 0.02079841 
15 537 20 31 0.020493932 
17 465 19 24 0.020446625 
499 597 28 48 0.02024728 
11 557 21 31 0.020133387 
298 253 19 22 0.020108229 
