21_Festival_Festival_21_660
409
400 351 334 447 0.9985649 
382 0 35 33 0.37014666 
316 15 17 18 0.30462846 
219 87 15 18 0.2629696 
274 41 18 21 0.22283313 
300 173 12 13 0.19560114 
20 122 12 17 0.18519881 
143 577 14 17 0.1795379 
302 253 12 14 0.17568998 
25 612 18 22 0.1724212 
85 212 11 14 0.1618896 
332 379 13 15 0.15257464 
160 317 10 14 0.13399059 
824 496 30 32 0.13386226 
5 539 16 19 0.13325292 
119 641 14 18 0.12881964 
1 171 10 15 0.12656213 
110 147 17 21 0.12509657 
88 605 11 14 0.12084889 
220 140 12 16 0.118762806 
261 51 14 18 0.11539041 
283 249 14 16 0.114412345 
257 975 26 29 0.111374885 
543 354 326 465 0.111009724 
174 553 15 18 0.10769246 
370 5 33 36 0.098843075 
72 651 12 19 0.09827942 
622 12 11 12 0.095653325 
238 242 11 15 0.09504562 
317 643 14 15 0.09448164 
158 559 10 12 0.09288869 
284 92 13 16 0.09146041 
154 671 8 11 0.08816294 
196 606 9 12 0.08813153 
258 54 23 27 0.084334314 
152 564 10 12 0.07830277 
301 3 16 17 0.077307194 
1 633 16 22 0.07718244 
60 566 13 16 0.07697081 
218 128 14 20 0.07686251 
39 182 10 14 0.07329796 
299 628 15 19 0.0727158 
230 567 10 13 0.07095501 
293 275 10 13 0.07082361 
41 249 13 16 0.070177734 
143 511 11 12 0.06874197 
3 167 10 13 0.06780758 
267 102 15 18 0.06746154 
76 449 12 14 0.06622259 
1 110 9 14 0.06560893 
262 373 13 16 0.06514288 
179 277 17 20 0.064307086 
278 94 15 18 0.06399586 
324 81 11 14 0.062092148 
71 626 16 20 0.062090155 
268 221 12 14 0.061376724 
102 730 16 20 0.06022963 
73 114 14 18 0.058245085 
17 402 10 13 0.05808162 
293 170 22 25 0.057937942 
171 668 13 17 0.05788565 
145 114 9 12 0.05746883 
247 46 11 13 0.05630498 
147 587 15 19 0.05585919 
159 631 13 18 0.054660242 
248 9 10 11 0.054073106 
244 83 15 19 0.05356828 
151 515 11 13 0.053337466 
366 247 11 14 0.05268119 
102 556 12 12 0.052162472 
848 434 27 28 0.052126996 
309 1012 12 15 0.051500987 
326 201 12 16 0.050518926 
343 149 9 12 0.050298326 
174 542 11 13 0.05023313 
340 135 12 14 0.050166175 
243 33 14 17 0.050100982 
119 123 11 14 0.049433604 
1002 165 9 12 0.049313117 
45 673 17 18 0.049022283 
133 574 15 19 0.048486717 
2 115 13 18 0.048253946 
377 155 9 11 0.04784945 
168 121 12 15 0.047831345 
54 829 20 27 0.047358256 
141 651 13 15 0.047290727 
186 219 17 22 0.046448883 
21 161 13 18 0.046400197 
291 19 16 20 0.044451706 
207 612 9 11 0.044439655 
253 142 13 15 0.04429282 
26 250 13 16 0.04411048 
115 143 13 15 0.044110082 
214 614 9 12 0.043826822 
180 551 12 17 0.043706365 
12 609 12 17 0.043610204 
275 26 23 29 0.04360386 
109 603 14 17 0.043266475 
126 692 13 16 0.043001052 
109 652 13 15 0.042957626 
229 34 13 16 0.042720288 
310 11 16 19 0.041881446 
85 126 16 17 0.041865863 
161 646 21 27 0.041839384 
320 11 23 29 0.041392345 
344 686 25 29 0.041187 
21 400 13 17 0.04115556 
1013 376 8 11 0.040606737 
226 122 15 19 0.040442828 
292 194 16 18 0.04001409 
162 738 14 17 0.039989345 
309 180 11 14 0.039963685 
360 424 12 17 0.039698374 
89 183 10 14 0.03961662 
271 38 14 18 0.03956249 
206 940 22 27 0.039269984 
284 24 17 20 0.039198313 
189 332 10 12 0.038858198 
342 467 12 16 0.03870645 
31 174 9 12 0.03840754 
126 211 10 14 0.03817992 
106 575 25 32 0.037530906 
43 646 29 33 0.037236214 
135 589 12 15 0.03715194 
281 428 10 12 0.036831487 
292 258 15 18 0.036755368 
45 254 14 18 0.03669759 
231 206 12 13 0.036371414 
291 87 13 17 0.036260992 
163 277 15 18 0.036186732 
9 603 21 28 0.036156163 
964 158 9 11 0.03610156 
294 249 13 17 0.035992157 
147 661 46 56 0.035817392 
254 986 26 31 0.03543861 
192 528 10 11 0.035396047 
176 588 9 12 0.035146568 
143 594 13 15 0.035138797 
301 276 12 16 0.0350447 
31 180 13 16 0.03499101 
29 519 10 12 0.03491565 
252 13 11 14 0.03485381 
294 13 13 17 0.03476868 
350 201 12 16 0.034706462 
169 550 9 12 0.034698784 
294 594 11 13 0.034321822 
184 652 12 16 0.03423577 
269 366 14 16 0.03394502 
157 309 14 17 0.03387564 
231 611 11 12 0.03382494 
326 97 10 15 0.033769578 
162 662 24 29 0.033421107 
326 1 14 13 0.033416804 
42 562 16 20 0.033349495 
316 365 14 17 0.03313938 
251 514 17 21 0.033090517 
166 557 11 14 0.032920334 
181 693 12 17 0.03284086 
252 208 14 18 0.03282046 
317 462 13 14 0.03276371 
316 5 17 17 0.032381948 
197 348 10 14 0.03227945 
295 669 39 51 0.032072976 
259 83 13 15 0.031943575 
29 769 23 32 0.03182653 
156 277 15 17 0.03178414 
262 366 12 15 0.031761386 
0 3 11 15 0.031497035 
332 167 10 12 0.031480506 
267 46 18 22 0.03147175 
149 180 13 15 0.031354133 
116 602 14 16 0.031242939 
354 195 13 17 0.031208105 
235 108 16 18 0.031164043 
133 631 13 17 0.031032037 
321 0 23 25 0.030981926 
1007 344 7 10 0.030907338 
309 91 15 21 0.03062327 
64 833 15 20 0.030579602 
276 364 14 17 0.030509803 
168 674 12 15 0.03033183 
143 566 10 13 0.030305384 
307 633 15 18 0.030229807 
104 604 11 14 0.030222382 
259 72 16 18 0.030163351 
214 124 13 20 0.030138722 
203 24 14 18 0.030014412 
649 333 415 525 0.029710094 
425 174 7 10 0.029676653 
93 461 13 15 0.02963208 
461 49 16 18 0.029576795 
362 251 12 15 0.029488591 
984 3 16 18 0.029419256 
396 707 18 21 0.029364811 
181 749 10 14 0.029324796 
191 20 10 14 0.029256742 
291 687 28 35 0.029192729 
1013 380 9 13 0.029174617 
286 364 12 14 0.02916673 
288 393 14 17 0.02909861 
284 189 12 17 0.029071221 
152 323 11 14 0.029039675 
284 82 22 27 0.029004956 
128 636 21 25 0.02890653 
245 18 15 18 0.028892534 
96 367 10 12 0.028863126 
287 268 12 15 0.02884422 
147 635 16 17 0.02881938 
238 141 11 13 0.02875479 
213 638 11 14 0.028637344 
122 187 14 18 0.02855782 
108 591 17 21 0.028508732 
328 170 11 13 0.028455682 
170 251 17 22 0.028299568 
213 990 26 32 0.028202804 
238 90 14 17 0.028176038 
44 183 10 12 0.028029226 
227 142 12 14 0.028023727 
307 145 14 16 0.028008278 
300 624 12 14 0.027995465 
245 351 11 13 0.027925815 
380 158 10 10 0.027904894 
284 259 15 18 0.027859006 
83 738 14 19 0.027711084 
55 620 11 14 0.027686283 
190 29 9 13 0.02767689 
72 585 15 17 0.027612444 
206 608 9 11 0.027543092 
0 123 9 15 0.02752828 
359 140 9 11 0.027361639 
225 35 11 14 0.027350424 
98 556 10 12 0.027325671 
1013 175 8 11 0.027232282 
284 173 12 15 0.027153708 
117 574 24 27 0.027134607 
222 170 12 18 0.026904525 
165 258 13 18 0.02675369 
255 364 12 15 0.026729241 
220 910 12 15 0.026641067 
977 166 10 12 0.026619349 
980 182 9 10 0.026594676 
328 375 13 15 0.026538001 
281 47 14 18 0.026479913 
315 1013 13 15 0.026465468 
175 397 14 15 0.02631905 
87 599 10 14 0.026172515 
79 206 14 17 0.026124222 
34 756 13 17 0.026089892 
39 63 12 14 0.026040781 
184 331 11 14 0.026039138 
234 120 17 20 0.026005156 
293 697 17 20 0.02586375 
966 78 12 13 0.025793009 
100 645 13 14 0.025760572 
375 143 10 12 0.02566522 
29 524 12 15 0.025558088 
156 596 13 15 0.025552614 
295 421 10 13 0.02537617 
935 241 10 12 0.02537232 
165 179 14 18 0.02536142 
179 581 12 15 0.025153406 
239 491 16 19 0.025098968 
187 278 13 15 0.025090465 
1007 18 11 14 0.025084972 
1001 343 8 9 0.025049021 
205 218 14 18 0.025022449 
178 557 16 20 0.025005776 
235 100 15 16 0.02500563 
247 204 15 18 0.02499609 
137 174 8 11 0.024987109 
296 83 23 30 0.024967019 
26 124 12 17 0.024877168 
60 597 13 17 0.024876405 
1001 293 9 10 0.024751132 
38 176 9 13 0.024742652 
270 251 15 18 0.024734126 
34 586 18 21 0.024638314 
242 299 12 14 0.024627326 
83 569 15 19 0.02448032 
156 341 13 15 0.024473948 
299 1013 22 27 0.02446844 
52 244 17 18 0.024463058 
309 84 11 15 0.02440348 
118 85 10 14 0.024329925 
105 563 11 14 0.024179814 
371 11 17 19 0.024149569 
251 84 14 17 0.024146894 
187 190 13 16 0.024017535 
104 597 12 14 0.023974562 
92 712 17 20 0.02391552 
225 84 14 19 0.023857951 
821 468 13 16 0.023826933 
223 559 12 14 0.023709131 
1010 375 8 10 0.023638662 
199 334 9 11 0.023562748 
253 46 10 13 0.02347094 
241 21 21 26 0.023454543 
122 597 14 16 0.0234349 
307 173 10 13 0.023424568 
308 2 14 12 0.023369003 
232 701 8 11 0.02331956 
164 323 13 16 0.023297684 
259 140 13 15 0.023292076 
149 305 14 18 0.023287855 
68 732 11 15 0.023277968 
172 214 14 18 0.023255005 
245 283 15 17 0.023140678 
148 297 14 18 0.023103755 
92 840 22 30 0.02301112 
268 149 16 20 0.023006044 
143 560 10 12 0.02299384 
164 562 13 17 0.022972463 
254 257 15 19 0.022969171 
92 599 11 13 0.022905895 
220 275 13 16 0.022901755 
185 42 107 121 0.022821823 
42 65 14 18 0.022731885 
78 121 13 16 0.022709344 
1001 205 8 11 0.022664154 
967 376 8 11 0.022633594 
156 675 11 14 0.022626976 
984 359 9 12 0.022616915 
179 668 12 15 0.022615027 
349 57 13 15 0.022604909 
148 650 13 16 0.022550983 
173 301 17 22 0.022547606 
16 165 12 16 0.022544269 
314 379 14 17 0.022544198 
274 346 21 28 0.0225333 
102 639 12 14 0.022509007 
255 371 13 17 0.022331681 
206 573 12 13 0.022294967 
141 642 16 19 0.02227883 
287 198 23 29 0.022235245 
184 548 15 18 0.022235056 
173 326 13 15 0.022198506 
423 195 13 18 0.022138018 
131 531 376 469 0.022126408 
361 120 8 11 0.022118518 
165 598 11 14 0.02200182 
28 636 12 14 0.021995502 
448 131 13 16 0.021947343 
317 0 13 12 0.02194139 
326 277 13 16 0.02192277 
279 132 12 14 0.021915372 
244 129 14 18 0.02190369 
80 603 11 14 0.021867057 
34 611 15 19 0.021866146 
317 147 11 13 0.021864558 
141 289 15 20 0.021861479 
1006 88 9 11 0.021827942 
254 76 14 16 0.021804184 
1009 349 8 11 0.021768633 
238 250 13 17 0.02168555 
229 107 15 18 0.021663051 
251 966 41 48 0.021646323 
339 6 26 30 0.021607751 
277 267 14 17 0.0215666 
62 813 12 16 0.021559661 
1000 334 9 10 0.0215383 
104 650 22 27 0.021427725 
324 208 12 15 0.021349978 
142 590 25 29 0.021335607 
328 683 27 33 0.021316728 
91 183 16 20 0.021257173 
240 14 11 12 0.021248473 
253 355 13 15 0.021221329 
174 740 11 15 0.021181105 
160 261 12 15 0.021175344 
222 115 14 21 0.021131217 
1007 173 9 12 0.021093236 
238 343 10 13 0.02108448 
163 300 20 26 0.021083118 
526 31 9 12 0.021074355 
318 213 11 15 0.021061508 
284 178 13 19 0.021042403 
4 704 15 21 0.021016214 
345 204 12 13 0.020982739 
243 115 15 20 0.0209629 
286 479 12 14 0.02094583 
238 237 20 25 0.020919224 
43 586 13 17 0.020881496 
68 235 15 17 0.02087211 
406 108 11 12 0.020846112 
131 687 12 14 0.020768931 
45 603 15 20 0.020744348 
294 325 11 15 0.020731095 
212 53 11 14 0.020720873 
383 119 8 10 0.020717379 
5 555 15 18 0.020710327 
216 701 10 11 0.020694299 
105 141 12 15 0.020690696 
238 258 14 16 0.02066687 
246 930 24 26 0.020656336 
189 532 13 15 0.020602748 
386 199 18 22 0.020531077 
208 373 9 11 0.020525806 
149 339 12 14 0.020522632 
118 553 13 16 0.020482277 
336 151 10 13 0.02047523 
372 102 10 12 0.020369647 
36 560 16 19 0.020273833 
148 138 15 18 0.020174887 
337 685 43 50 0.020163834 
51 563 19 26 0.020149989 
0 158 8 14 0.020147484 
297 168 12 14 0.020138092 
198 671 10 13 0.020134095 
106 556 13 15 0.020054942 
