21_Festival_Festival_21_340
653
701 293 13 16 0.6962376 
593 256 10 12 0.6464645 
252 358 14 20 0.6100086 
62 291 411 484 0.5942326 
361 263 10 12 0.5392432 
416 232 10 12 0.5303841 
462 263 9 11 0.47291836 
171 371 15 21 0.47217426 
566 264 8 11 0.46798366 
101 321 11 14 0.44701248 
706 239 9 10 0.38643318 
237 338 12 17 0.32324487 
472 248 9 12 0.316493 
561 267 11 14 0.313294 
481 231 10 12 0.30702 
429 283 11 14 0.3048601 
400 223 8 10 0.29743508 
456 232 9 11 0.2927425 
73 343 8 10 0.27970722 
96 318 12 15 0.27287474 
479 262 11 15 0.26916578 
441 262 9 12 0.26263842 
660 279 10 12 0.26157066 
440 267 10 13 0.25467214 
310 244 9 11 0.25277546 
55 304 8 11 0.24465625 
380 238 9 11 0.23828347 
97 280 9 11 0.22736724 
222 338 13 18 0.2248639 
582 294 12 17 0.22236903 
121 302 11 13 0.22204165 
454 278 12 15 0.21674755 
73 277 8 10 0.20143242 
328 255 8 10 0.20142943 
399 253 9 11 0.19979292 
177 285 10 14 0.19246663 
143 275 8 11 0.18520898 
335 260 8 10 0.18382917 
77 343 9 12 0.1824708 
318 301 13 15 0.17910647 
445 253 11 13 0.17586999 
655 262 9 11 0.17438011 
237 277 8 11 0.17021446 
551 263 10 12 0.16774237 
128 352 10 13 0.1612346 
23 349 10 14 0.15555926 
622 260 10 12 0.1534297 
503 259 11 16 0.15073356 
142 304 9 12 0.15063487 
167 263 9 11 0.14900136 
368 231 8 10 0.14697917 
230 327 10 13 0.14324735 
126 325 9 12 0.1405668 
124 270 8 11 0.13827048 
87 304 8 10 0.1360653 
49 302 8 10 0.1354942 
659 334 12 14 0.13472357 
167 331 10 13 0.13176821 
294 264 10 11 0.13163775 
22 344 8 11 0.13005307 
30 351 10 13 0.12772481 
352 247 8 11 0.12679034 
182 343 11 13 0.123445034 
165 354 11 12 0.12328318 
71 372 10 12 0.12287724 
78 287 8 10 0.12272886 
119 309 10 13 0.12110054 
20 354 12 16 0.11951104 
695 253 8 10 0.1185361 
736 246 8 10 0.11829276 
168 269 8 10 0.11779999 
191 280 9 10 0.1162633 
79 309 8 10 0.11571658 
94 363 9 11 0.11530747 
617 261 10 11 0.115249135 
80 305 8 10 0.11509915 
174 347 13 15 0.114809304 
329 239 8 10 0.11398666 
266 298 13 16 0.11375118 
306 276 9 12 0.11367175 
56 332 9 12 0.11104235 
111 270 8 11 0.110994585 
189 342 10 12 0.10830154 
166 256 8 9 0.10790941 
120 317 9 12 0.10640516 
61 333 8 11 0.10628276 
396 143 27 29 0.1057857 
241 302 11 14 0.105631426 
351 239 8 9 0.10561917 
351 310 10 12 0.10429833 
137 310 9 12 0.103437275 
383 271 10 12 0.102123156 
71 349 10 13 0.10189102 
142 287 9 12 0.10149944 
73 273 7 10 0.10148166 
607 278 9 12 0.10067357 
382 233 7 9 0.100104116 
136 255 9 11 0.100062974 
62 319 8 10 0.10002918 
708 242 10 12 0.099475555 
227 338 15 18 0.09890812 
144 358 11 14 0.096323095 
205 350 10 13 0.09593999 
176 265 8 10 0.09446883 
655 270 9 11 0.09153826 
89 363 9 12 0.09081636 
136 318 9 12 0.090703554 
557 60 12 14 0.09002523 
351 252 8 10 0.08998103 
375 315 12 15 0.08925984 
278 291 10 13 0.08916299 
559 255 7 9 0.08861707 
85 308 9 11 0.08836858 
73 286 8 11 0.08692022 
63 356 9 12 0.086599074 
112 255 8 9 0.08411295 
290 262 8 11 0.084104575 
56 271 8 10 0.084084965 
81 317 8 11 0.0827364 
85 263 9 10 0.082250305 
33 343 9 12 0.08156289 
304 271 8 11 0.081381604 
552 256 9 11 0.07989742 
220 302 10 13 0.07989047 
333 240 9 10 0.07914813 
238 273 9 10 0.0785263 
152 247 6 8 0.07630498 
167 246 7 9 0.07582513 
78 333 7 10 0.07577239 
135 293 8 11 0.07568581 
183 264 7 10 0.07396465 
537 255 8 11 0.07336812 
47 325 8 12 0.073187664 
356 247 9 10 0.07309004 
378 270 8 11 0.07300937 
200 358 10 12 0.07295978 
488 309 11 14 0.07272506 
193 257 8 9 0.0713533 
142 260 7 9 0.07069014 
125 264 7 9 0.0704997 
304 310 11 15 0.070307076 
222 276 8 11 0.06998577 
63 293 9 11 0.0691428 
330 260 8 11 0.068560414 
75 387 15 21 0.06818529 
20 332 10 13 0.06799046 
41 304 7 9 0.06790526 
161 351 10 13 0.06733195 
335 244 8 11 0.066531114 
327 277 8 10 0.06561517 
655 285 9 12 0.06520095 
610 273 7 9 0.06493485 
49 332 10 13 0.06490273 
176 239 8 9 0.06470333 
127 319 9 12 0.06457811 
71 291 9 12 0.06435192 
192 241 7 8 0.06417531 
430 313 12 16 0.06383349 
322 254 7 10 0.063622974 
101 283 8 10 0.06344589 
701 232 21 24 0.06325384 
208 263 8 9 0.06297185 
433 222 9 11 0.06278495 
310 271 8 11 0.061991014 
312 302 10 14 0.06161763 
161 254 8 10 0.061540976 
309 315 11 15 0.061124217 
191 262 8 10 0.060927555 
120 287 9 11 0.0608559 
319 321 14 18 0.060300067 
774 93 43 63 0.059891123 
77 278 8 11 0.0597166 
309 308 11 15 0.05959385 
37 341 8 12 0.05930222 
329 247 8 10 0.058934357 
704 260 10 13 0.058450315 
198 248 7 9 0.0583183 
74 335 8 10 0.057838403 
536 259 10 14 0.057782475 
611 277 10 12 0.05766514 
365 279 8 11 0.05742216 
319 295 12 14 0.057219565 
388 271 11 12 0.057112467 
476 246 11 13 0.05707893 
75 309 7 10 0.05657936 
222 353 12 16 0.056572117 
146 240 7 9 0.056412894 
48 297 7 9 0.05585616 
321 307 15 17 0.055523664 
736 253 10 12 0.05541107 
168 367 14 17 0.055167437 
307 246 8 10 0.055166755 
296 255 8 10 0.05511102 
741 247 8 10 0.05479189 
298 331 15 19 0.05458697 
24 309 8 11 0.054548863 
613 271 9 10 0.054495938 
78 292 8 10 0.054434363 
172 333 11 14 0.05429709 
126 331 10 13 0.0541871 
233 287 10 10 0.053780444 
543 262 10 13 0.05376298 
272 270 8 9 0.053725995 
279 279 8 11 0.0535285 
30 304 8 10 0.0534206 
97 271 8 9 0.053151406 
438 214 8 10 0.05295949 
545 267 10 13 0.052283026 
392 239 8 10 0.052118964 
301 264 8 10 0.051969443 
183 325 10 13 0.051943954 
398 236 9 12 0.051863242 
127 296 9 12 0.05171756 
627 284 12 14 0.05149245 
344 254 8 11 0.051343147 
391 255 10 12 0.051330503 
199 263 8 9 0.051095184 
602 279 9 11 0.051046968 
496 260 13 17 0.050836805 
377 242 10 13 0.050690793 
199 342 9 13 0.05061831 
416 272 9 11 0.050502785 
79 328 8 11 0.050054364 
352 314 11 15 0.050026834 
160 248 7 8 0.049751576 
310 322 12 15 0.049673475 
182 332 11 13 0.049532253 
672 239 8 10 0.04939611 
197 254 8 10 0.04921969 
78 367 8 11 0.048805024 
61 327 9 12 0.048782405 
566 312 23 32 0.04865879 
233 273 8 11 0.04853368 
584 275 11 13 0.0484763 
320 288 9 11 0.048428237 
176 281 8 10 0.048394185 
141 319 8 12 0.048327558 
735 259 9 11 0.048304316 
279 241 8 9 0.048092943 
152 240 6 9 0.048032228 
783 237 57 73 0.047867045 
375 232 9 11 0.047711737 
293 294 9 13 0.04770323 
721 285 9 11 0.04758054 
338 224 7 9 0.047251485 
201 348 10 13 0.047223292 
277 272 8 9 0.046875417 
565 44 10 13 0.04684698 
678 246 8 11 0.046604976 
121 294 10 12 0.046366587 
504 274 12 15 0.046222996 
65 342 8 11 0.046085544 
18 342 8 11 0.046018515 
737 284 10 13 0.045879673 
723 269 11 12 0.045771323 
73 328 9 11 0.045738257 
418 233 12 16 0.04560906 
721 276 10 12 0.045576297 
233 239 7 9 0.045398176 
403 253 10 12 0.0450744 
103 367 9 11 0.044937875 
327 271 8 11 0.044913802 
320 270 8 11 0.04471956 
381 244 10 12 0.044624116 
678 285 8 11 0.044373687 
121 275 9 11 0.044322226 
289 258 7 9 0.04428462 
376 262 9 12 0.044214547 
734 242 9 10 0.044119675 
22 287 8 10 0.04404731 
695 339 14 18 0.043921795 
399 217 9 11 0.04371557 
384 254 9 11 0.043287117 
287 279 8 10 0.043234047 
246 295 10 12 0.043216426 
249 286 9 10 0.042977925 
437 274 11 15 0.042739693 
30 309 8 10 0.04272812 
453 255 10 12 0.04232262 
96 264 7 9 0.04222017 
459 235 11 13 0.042189665 
591 251 16 22 0.04202844 
761 261 9 11 0.041984636 
357 317 11 15 0.04191112 
61 303 8 10 0.041738395 
135 323 9 13 0.041640915 
125 308 11 14 0.04157845 
46 320 8 10 0.04141318 
49 279 8 10 0.04135742 
160 238 7 9 0.04128238 
26 302 9 12 0.041217316 
205 342 11 15 0.04096065 
673 246 9 11 0.040957615 
137 288 9 11 0.0408421 
514 239 9 10 0.0407026 
239 294 9 11 0.040605966 
708 256 10 11 0.040552206 
169 278 8 10 0.04018279 
349 278 8 10 0.040093828 
264 265 7 9 0.0400213 
50 308 8 10 0.039923675 
204 392 13 19 0.039903596 
97 332 9 12 0.039899033 
216 307 10 13 0.03987109 
222 295 8 10 0.039751846 
232 262 7 9 0.03971835 
197 279 8 10 0.039699394 
456 270 11 13 0.039695695 
537 50 11 14 0.03965737 
31 319 8 11 0.039601665 
40 320 9 11 0.03945821 
360 256 9 12 0.03930991 
272 277 9 12 0.039193068 
289 237 8 10 0.039066 
313 264 8 10 0.03894145 
425 327 11 15 0.03887026 
160 232 7 9 0.0388685 
381 309 12 16 0.03881902 
273 285 10 13 0.038609367 
194 246 7 8 0.038604684 
424 278 11 15 0.038537577 
688 247 9 11 0.038400322 
678 279 9 11 0.038314614 
349 231 9 10 0.038176674 
470 260 11 14 0.038025673 
101 311 11 14 0.0379638 
423 254 8 11 0.037949007 
192 270 8 10 0.03781971 
63 262 7 9 0.037803147 
677 252 8 11 0.037553053 
225 328 10 13 0.03743861 
175 300 10 13 0.037378117 
730 240 8 10 0.037366364 
24 317 7 11 0.03724572 
180 352 13 15 0.037164297 
96 313 9 11 0.037142914 
303 254 8 10 0.03706438 
290 268 9 11 0.03702385 
183 320 9 12 0.036965515 
730 246 8 10 0.036767337 
199 286 8 10 0.036731865 
278 312 14 17 0.03631547 
25 294 8 11 0.036220986 
175 317 9 11 0.03613458 
62 362 10 15 0.03596123 
45 262 8 10 0.03571223 
369 235 9 11 0.035676103 
103 271 8 10 0.035549384 
391 147 15 18 0.035531312 
33 285 9 11 0.03546078 
454 299 11 13 0.035276476 
137 272 9 11 0.035249807 
231 291 11 12 0.03524834 
136 303 9 12 0.03518954 
672 254 10 12 0.035171624 
472 220 8 11 0.034904685 
472 277 9 13 0.034860168 
749 271 9 11 0.034682926 
70 379 14 19 0.03462725 
697 298 9 13 0.03460496 
59 264 7 9 0.034551714 
81 257 7 8 0.03437762 
366 307 17 19 0.034328848 
577 292 12 17 0.034181736 
22 327 9 12 0.034137577 
71 257 7 9 0.034088135 
662 239 9 10 0.03396774 
279 256 8 9 0.03395953 
311 284 9 11 0.03388048 
319 264 7 10 0.033706162 
651 332 22 28 0.033692032 
184 281 8 10 0.03360434 
513 316 11 16 0.033575825 
55 370 11 15 0.033519793 
276 297 13 16 0.03348051 
512 245 9 12 0.03344493 
240 330 17 21 0.033366617 
122 355 11 14 0.033321753 
119 255 8 9 0.033187743 
390 260 11 12 0.033106714 
255 278 8 11 0.033002865 
56 286 8 10 0.032995433 
965 349 11 14 0.032695204 
335 230 8 10 0.032684445 
541 254 10 12 0.032621697 
271 265 8 9 0.032603893 
353 262 8 10 0.032568056 
726 263 9 11 0.032536324 
236 326 13 17 0.03249038 
516 320 13 20 0.032430474 
162 270 8 10 0.032339305 
168 309 11 15 0.032304272 
71 262 7 9 0.032259684 
439 209 8 10 0.032131612 
198 362 10 13 0.032108482 
480 224 9 10 0.03208665 
508 254 11 15 0.031847693 
55 278 8 10 0.031832464 
387 313 15 18 0.03178076 
463 256 10 12 0.031723276 
207 310 9 11 0.03165291 
358 257 18 23 0.03165071 
761 256 8 10 0.031648465 
432 269 11 13 0.03153277 
48 271 8 10 0.031260327 
263 269 8 10 0.03115394 
105 249 7 9 0.03111931 
345 276 9 11 0.031070104 
112 262 8 11 0.031041758 
678 240 8 10 0.031033803 
205 269 9 11 0.03103367 
448 299 10 13 0.031009683 
58 320 7 9 0.030981585 
447 294 10 13 0.03087611 
441 247 10 12 0.03078811 
111 250 7 8 0.030749837 
721 254 8 10 0.03071828 
590 269 10 12 0.03062512 
396 325 14 20 0.030517701 
434 285 12 14 0.030477526 
327 286 8 11 0.030293504 
188 325 9 12 0.030137215 
649 271 10 12 0.030089563 
625 280 10 13 0.030075235 
405 247 9 11 0.030004825 
74 304 7 10 0.02998919 
110 317 9 13 0.029815279 
57 295 7 10 0.029775063 
448 275 11 13 0.029734043 
416 254 9 11 0.029708838 
446 214 8 10 0.029614776 
173 310 9 12 0.029547986 
941 366 11 14 0.029406155 
163 262 7 10 0.029354382 
58 355 10 15 0.029344143 
655 256 9 11 0.029267361 
358 240 8 10 0.029157711 
183 239 8 10 0.029054338 
450 230 10 12 0.029048046 
232 320 10 12 0.029038828 
421 270 10 12 0.028930057 
478 257 19 25 0.02889577 
134 339 10 14 0.028889745 
350 303 10 13 0.028883403 
257 264 7 9 0.028850032 
77 355 10 13 0.028759772 
480 329 9 12 0.028738067 
592 28 10 12 0.028719926 
540 31 11 13 0.028699515 
184 245 7 9 0.028672744 
670 261 9 11 0.02864815 
287 294 10 13 0.028643476 
135 247 7 8 0.028512804 
344 304 9 11 0.028482469 
351 271 8 10 0.028271846 
133 362 13 17 0.028214391 
319 320 24 27 0.028136594 
174 327 10 13 0.02799222 
175 375 18 22 0.027975004 
496 158 9 12 0.027966674 
216 287 9 11 0.027819043 
565 257 9 10 0.02780039 
216 256 7 10 0.027700389 
184 256 7 10 0.027696587 
105 253 8 10 0.027681928 
424 261 9 11 0.027655913 
62 270 8 11 0.027647417 
153 254 8 10 0.027542427 
702 255 11 13 0.02747571 
648 286 12 13 0.027472299 
527 23 8 9 0.027404876 
562 259 17 22 0.027337106 
540 36 13 16 0.02732704 
535 286 11 13 0.027281052 
330 233 7 10 0.027264083 
65 289 7 10 0.027194066 
679 270 8 11 0.027171299 
371 298 14 19 0.027126923 
198 300 10 13 0.026934534 
104 348 10 13 0.026916057 
176 245 8 9 0.026665684 
167 240 8 10 0.026644036 
345 247 8 10 0.02662574 
247 280 8 10 0.026589083 
21 374 10 15 0.026528561 
183 269 8 10 0.026523555 
202 232 6 8 0.02639651 
39 335 9 12 0.026393078 
274 246 7 9 0.026361478 
365 284 10 11 0.026258951 
87 269 7 10 0.026229156 
422 245 9 12 0.026199065 
391 299 11 14 0.026148196 
173 281 19 23 0.02606279 
307 332 13 17 0.026036961 
312 295 11 14 0.026021091 
199 270 9 10 0.025996985 
176 338 20 23 0.025901092 
703 232 10 10 0.025870789 
190 319 9 11 0.025838412 
345 307 12 15 0.025820564 
367 225 8 10 0.025692265 
320 240 8 9 0.025683634 
121 241 7 8 0.025614783 
646 276 12 14 0.025554856 
598 237 8 11 0.025381064 
216 294 9 12 0.025230236 
258 270 8 11 0.025157351 
269 294 22 25 0.025139453 
40 280 8 11 0.025114529 
391 329 13 16 0.025026126 
598 269 8 10 0.025020681 
218 273 8 11 0.024960103 
106 322 11 15 0.02489705 
535 37 10 14 0.024876786 
391 246 9 12 0.024820963 
206 287 8 10 0.024808569 
707 286 10 13 0.02473057 
425 279 19 22 0.024665669 
540 285 12 14 0.024658369 
135 388 13 16 0.02465274 
87 279 8 11 0.024597576 
180 290 9 13 0.024548057 
87 318 9 12 0.024522038 
278 244 7 10 0.024455251 
94 302 8 10 0.024305182 
285 286 9 11 0.024292033 
72 316 9 12 0.024272699 
461 223 10 11 0.02421997 
312 251 9 11 0.024188288 
111 275 8 11 0.024165042 
125 361 14 16 0.02414877 
57 351 9 12 0.024144664 
361 231 9 10 0.024102736 
380 321 13 16 0.024073865 
229 335 22 27 0.024000358 
661 200 106 114 0.023952894 
465 245 9 12 0.023815317 
718 246 10 12 0.023811163 
94 274 18 23 0.023755921 
146 246 7 8 0.023731349 
355 309 12 16 0.023715192 
572 263 10 12 0.023661597 
120 247 8 9 0.023622854 
30 381 11 17 0.023550933 
507 267 10 15 0.023532847 
96 254 7 9 0.023497228 
149 271 8 11 0.02348641 
128 246 7 10 0.023468459 
31 336 10 13 0.023468304 
574 268 10 14 0.02342896 
489 303 10 14 0.023426624 
715 238 11 11 0.023407836 
597 28 10 12 0.023406038 
135 241 7 8 0.023327203 
128 241 7 8 0.02331969 
182 301 9 13 0.023290223 
239 262 7 9 0.023208862 
263 302 13 19 0.023195196 
178 232 7 9 0.023186048 
125 350 20 24 0.023069397 
238 315 12 15 0.02306152 
334 287 9 12 0.022917865 
162 331 11 15 0.022874935 
629 365 14 17 0.022854619 
494 253 12 17 0.022846859 
280 262 7 9 0.02283137 
206 334 10 13 0.022760177 
216 241 7 8 0.02275661 
431 227 10 12 0.02275598 
892 328 14 18 0.022749746 
542 278 10 12 0.022709766 
167 292 9 12 0.02268254 
357 299 12 16 0.02260343 
264 240 7 9 0.02258893 
39 310 8 9 0.022556534 
511 229 11 13 0.022544682 
581 288 11 14 0.022494297 
537 248 8 10 0.022409493 
294 287 8 11 0.022404188 
471 268 10 13 0.02234199 
306 311 20 24 0.022338882 
609 262 10 11 0.022326097 
529 88 33 53 0.022325132 
183 224 7 8 0.022324083 
245 271 9 10 0.02226427 
221 287 9 11 0.022238825 
336 292 9 12 0.022222538 
361 283 10 11 0.02221615 
41 268 8 12 0.022168782 
209 257 8 9 0.022167087 
345 230 8 10 0.022149803 
563 52 13 17 0.022112573 
273 241 8 9 0.022041533 
296 247 8 10 0.022033313 
274 254 7 9 0.022032468 
636 335 29 36 0.022025146 
84 349 10 12 0.021976784 
489 295 10 12 0.021965723 
485 251 12 15 0.021953478 
735 292 9 11 0.021948049 
199 310 9 11 0.02192231 
471 284 10 15 0.021910626 
225 240 6 9 0.021858063 
770 203 96 130 0.021845674 
346 239 7 10 0.021803237 
688 302 9 11 0.021763114 
510 33 9 12 0.0216267 
233 245 8 10 0.021594567 
342 223 8 10 0.021590583 
102 341 10 13 0.021534989 
688 335 24 29 0.02152441 
679 263 7 9 0.021501118 
535 266 10 14 0.021480015 
87 256 8 9 0.021377437 
142 351 19 25 0.021365335 
395 222 9 10 0.021138703 
397 268 11 14 0.021041017 
205 300 10 13 0.021028679 
704 279 10 13 0.020966012 
141 385 13 17 0.02096221 
30 293 8 11 0.020937528 
527 39 10 13 0.02080786 
671 270 8 10 0.020718386 
79 272 7 9 0.020717034 
652 291 10 12 0.02068862 
407 229 11 13 0.020688381 
88 296 7 9 0.020654967 
239 256 8 10 0.020634018 
159 293 9 10 0.020547334 
575 276 10 13 0.020498758 
732 217 98 111 0.020494565 
594 249 9 11 0.020480514 
626 261 11 13 0.020475315 
533 50 23 28 0.020466747 
263 275 10 13 0.020463958 
696 259 10 11 0.02043032 
129 230 7 9 0.020310296 
661 271 10 11 0.020309133 
456 224 10 12 0.020283535 
177 223 7 8 0.020273227 
126 339 12 17 0.020269362 
343 287 9 12 0.020257676 
317 328 15 20 0.02021884 
36 357 8 13 0.020214275 
485 247 10 12 0.02018917 
126 287 9 11 0.02017044 
334 277 8 11 0.020151975 
600 40 11 13 0.020128515 
257 248 8 9 0.020123286 
253 316 12 14 0.020115541 
559 249 8 11 0.020056583 
574 286 11 14 0.020043166 
