21_Festival_Festival_21_414
200
282 348 28 39 0.72246176 
146 342 22 29 0.62899786 
662 366 122 156 0.4560432 
909 372 25 41 0.38443047 
587 366 61 86 0.33133078 
130 285 16 22 0.30247512 
167 319 24 30 0.20777734 
732 383 53 66 0.20180672 
106 281 16 23 0.17474106 
626 359 107 126 0.14957984 
8 337 16 21 0.14956127 
885 274 50 82 0.13604806 
983 616 36 46 0.13210584 
172 316 16 19 0.13021517 
201 300 27 40 0.12506348 
37 305 16 20 0.12339271 
511 96 47 53 0.119061485 
417 582 80 85 0.11858112 
798 343 9 12 0.1176599 
803 334 8 10 0.11534274 
227 439 40 49 0.110371076 
550 394 38 52 0.1083427 
244 88 47 66 0.10311764 
148 235 17 20 0.102536075 
792 348 9 11 0.09509277 
363 566 103 95 0.09145518 
596 336 60 78 0.0877397 
830 274 49 83 0.083820425 
831 334 9 12 0.081647456 
26 367 14 18 0.080203295 
660 227 57 77 0.079643324 
182 540 112 100 0.07671064 
948 375 52 67 0.076427646 
495 380 26 43 0.07558008 
136 283 18 21 0.07344053 
762 344 8 10 0.07286216 
784 343 8 10 0.070794255 
996 378 13 20 0.068830185 
507 359 49 65 0.065985605 
785 350 9 11 0.064867444 
810 269 79 135 0.061139617 
557 316 103 119 0.060597282 
983 375 22 29 0.059486456 
805 318 8 11 0.058727734 
22 308 15 19 0.058328897 
267 281 53 50 0.05781045 
545 364 59 79 0.056365363 
785 336 8 10 0.055569645 
816 355 12 19 0.055244744 
171 309 14 18 0.054734364 
784 316 10 12 0.054541387 
148 308 17 21 0.05359115 
347 582 67 73 0.052917283 
478 382 9 13 0.052276503 
768 309 9 11 0.051997725 
928 351 83 109 0.05040473 
456 374 9 13 0.049160026 
209 129 11 15 0.048614167 
801 326 10 13 0.048514742 
816 334 9 11 0.048330095 
549 359 31 46 0.045888912 
26 303 21 26 0.04535546 
822 340 9 11 0.04517335 
902 354 42 65 0.044218738 
789 335 8 10 0.04361812 
261 495 90 121 0.0429348 
957 396 14 19 0.042858448 
792 405 11 13 0.042507246 
956 394 56 75 0.042384077 
139 274 18 22 0.041020453 
13 312 15 18 0.04101731 
766 341 9 12 0.04084426 
712 363 83 109 0.040329695 
591 168 127 142 0.039991613 
222 79 82 108 0.038401738 
140 349 25 35 0.0378629 
85 218 16 18 0.037817 
973 379 15 18 0.037805066 
447 390 9 11 0.037068333 
124 267 24 32 0.03645869 
823 335 9 12 0.036252163 
171 266 16 24 0.035886288 
134 261 25 31 0.03563114 
922 167 19 22 0.035437874 
802 571 113 125 0.035395578 
139 361 16 22 0.03452516 
538 301 22 28 0.034507304 
813 328 10 11 0.03408325 
817 341 10 11 0.03406339 
235 463 83 104 0.033794846 
119 247 25 34 0.03355818 
42 302 21 27 0.03341362 
164 231 13 16 0.03317493 
962 420 30 38 0.032758333 
530 309 16 21 0.032749966 
126 291 17 24 0.032689292 
23 290 10 13 0.032383814 
987 363 11 14 0.03181387 
322 40 26 27 0.03181034 
970 372 28 36 0.031079989 
487 393 12 18 0.031000806 
311 548 96 118 0.030956617 
130 314 15 20 0.030910315 
649 245 45 66 0.03078146 
140 337 19 26 0.030669421 
102 254 27 37 0.030353857 
109 257 15 19 0.030285548 
704 411 95 138 0.030256227 
176 343 24 32 0.029802108 
165 333 16 23 0.029734729 
836 277 28 49 0.029356752 
168 182 10 12 0.029293416 
792 381 10 13 0.029218856 
225 118 10 15 0.029197138 
387 249 27 37 0.029166473 
167 337 25 33 0.029103527 
768 337 9 11 0.029057126 
133 291 21 28 0.028880348 
6 317 12 15 0.028874958 
85 338 15 21 0.028832454 
230 318 14 17 0.02865555 
423 363 11 15 0.028590454 
156 230 16 21 0.028414475 
116 249 15 21 0.02832895 
564 339 13 15 0.028217765 
115 280 20 28 0.027926259 
483 383 26 35 0.027870279 
887 264 88 135 0.02778873 
527 56 11 14 0.027777111 
178 281 15 21 0.02770897 
177 390 44 59 0.027610071 
961 376 26 36 0.02744672 
596 340 97 127 0.026807912 
20 319 17 20 0.02680279 
789 317 9 11 0.026752323 
132 7 381 457 0.026562264 
821 613 75 74 0.026524615 
856 290 61 88 0.026338337 
542 373 34 59 0.026184134 
37 295 13 16 0.026109539 
774 341 9 11 0.025894439 
130 265 15 20 0.025568254 
300 347 25 38 0.025510095 
428 356 10 14 0.02546593 
3 282 14 19 0.025401011 
804 342 8 11 0.025398463 
795 522 51 60 0.025319543 
780 535 105 122 0.024789996 
896 279 30 53 0.024767654 
211 222 16 20 0.024720091 
292 54 15 16 0.024606932 
760 347 9 13 0.02454973 
104 401 49 59 0.024270987 
166 300 13 16 0.024007544 
128 422 25 38 0.023652975 
775 329 8 10 0.02363516 
219 315 14 19 0.023530602 
790 326 10 12 0.023489902 
133 214 12 14 0.023234066 
470 389 13 17 0.023157077 
154 343 25 34 0.022772325 
124 198 10 13 0.022736115 
4 297 15 18 0.022691611 
31 301 13 17 0.022522671 
946 290 14 17 0.022504773 
927 365 50 66 0.022497803 
56 204 28 28 0.022460712 
799 357 9 12 0.022430861 
625 318 182 271 0.02220112 
188 337 24 32 0.0219282 
881 343 47 69 0.021770323 
156 317 25 30 0.021735083 
438 404 11 16 0.02165706 
774 366 9 11 0.0216365 
522 59 11 14 0.02161375 
944 286 11 16 0.021587543 
169 394 30 48 0.02156305 
807 357 10 13 0.021465827 
471 382 21 30 0.021402746 
774 304 8 10 0.021365674 
411 316 25 38 0.021304555 
947 385 26 38 0.02126 
819 359 13 20 0.02122322 
193 402 54 55 0.021196237 
139 302 20 28 0.021148663 
236 436 64 70 0.021106446 
878 159 15 18 0.02106564 
90 344 15 20 0.020966075 
493 360 30 46 0.020603668 
212 310 28 34 0.020571845 
67 198 14 14 0.020551477 
557 293 12 15 0.020542098 
971 413 32 36 0.020532304 
550 300 52 63 0.020454176 
557 334 29 36 0.020418106 
232 423 33 39 0.020321129 
91 266 28 35 0.02024905 
485 401 12 19 0.020236049 
206 353 14 17 0.020233719 
237 105 34 41 0.02001403 
