21_Festival_Festival_21_254
52
494 234 97 124 0.9999267 
227 365 56 71 0.9959294 
47 506 21 26 0.7080045 
213 494 28 36 0.6900336 
718 497 19 27 0.2660727 
1 519 16 24 0.2514814 
622 163 44 52 0.14563608 
318 281 15 20 0.079698175 
716 508 16 24 0.07139362 
90 275 30 38 0.07008312 
901 283 15 19 0.06875962 
789 534 11 14 0.056376845 
756 512 12 17 0.05523901 
170 487 25 27 0.054689705 
788 540 12 17 0.047680303 
749 508 14 20 0.046713214 
742 508 13 18 0.046295684 
369 415 51 80 0.04473987 
227 512 200 308 0.039766226 
5 574 22 35 0.03559139 
90 97 18 22 0.03554392 
978 258 15 18 0.032900136 
34 511 26 33 0.030902468 
442 1120 32 44 0.0301915 
957 325 53 68 0.029677032 
629 164 13 16 0.029553715 
146 265 29 33 0.028737446 
1006 243 13 16 0.028614976 
11 527 15 20 0.028311923 
871 351 16 19 0.028287785 
924 281 14 21 0.028181273 
1 508 15 18 0.028162101 
749 183 15 20 0.027174406 
908 277 24 30 0.026417766 
1004 249 20 33 0.025800152 
202 233 24 27 0.025314672 
528 764 31 41 0.02393761 
624 158 29 35 0.02323856 
975 262 24 32 0.02311792 
345 562 348 494 0.022774952 
973 341 31 34 0.022667233 
731 505 16 20 0.022394896 
211 490 20 24 0.02166655 
607 144 49 60 0.021660676 
896 263 27 32 0.021245196 
163 495 30 30 0.021113176 
684 532 13 16 0.021035785 
767 514 11 16 0.02089135 
470 1350 12 13 0.020785963 
613 143 27 36 0.020591844 
762 451 14 17 0.020513976 
52 535 23 30 0.020244833 
