21_Festival_Festival_21_22
1804
209 493 33 46 0.9950341 
980 406 13 15 0.8893315 
660 327 12 15 0.7672819 
687 327 10 12 0.7506376 
916 398 12 16 0.68388855 
413 347 10 13 0.6768041 
808 469 22 29 0.6138646 
526 352 8 10 0.6062688 
293 363 12 14 0.5807528 
335 438 20 28 0.5736694 
316 495 19 26 0.55606776 
267 372 14 16 0.54211605 
351 379 14 17 0.5396944 
644 331 11 13 0.52721184 
892 373 11 13 0.5266103 
559 456 25 32 0.51821077 
535 415 14 20 0.50635874 
558 370 10 13 0.50176144 
354 449 16 23 0.49885213 
834 506 23 31 0.47833478 
256 327 9 12 0.45711195 
694 364 10 13 0.45644933 
327 441 20 28 0.45182267 
763 519 28 37 0.44156 
231 457 24 29 0.44078985 
721 350 10 13 0.4320749 
667 350 12 14 0.42376533 
785 361 15 17 0.42144722 
942 333 10 12 0.4185855 
878 386 11 14 0.41502285 
902 336 8 10 0.41244927 
374 429 20 29 0.4092409 
653 407 13 15 0.40672383 
743 410 12 15 0.40465668 
152 278 9 12 0.40120974 
254 370 10 14 0.39992082 
0 358 15 22 0.3931568 
34 316 12 15 0.3925416 
573 312 8 11 0.38730645 
275 554 18 23 0.3799077 
612 403 12 16 0.33869508 
577 382 10 14 0.338539 
990 318 8 11 0.3369042 
887 461 12 17 0.32636377 
868 426 10 15 0.32532322 
568 262 8 10 0.3247403 
947 435 13 16 0.31852964 
940 385 15 16 0.31661397 
855 375 11 15 0.310466 
888 374 10 14 0.30843556 
608 318 9 11 0.3037557 
709 338 10 13 0.30259648 
160 511 23 31 0.30143887 
118 265 8 11 0.29788572 
752 351 10 12 0.29515058 
344 441 17 26 0.29442182 
284 400 16 19 0.2913015 
566 347 11 13 0.28521678 
938 495 19 28 0.28195336 
871 381 10 13 0.27866775 
308 309 11 14 0.27822566 
931 403 12 16 0.27707484 
733 334 9 13 0.27549446 
1015 352 8 11 0.2740015 
560 296 8 10 0.27277982 
290 411 15 18 0.27181932 
495 374 9 11 0.26953983 
667 390 13 15 0.2646754 
552 366 11 15 0.26392674 
119 292 10 12 0.26312152 
709 386 13 16 0.26248464 
980 435 13 19 0.2617704 
68 283 12 14 0.26088613 
546 302 7 10 0.25954613 
640 373 11 14 0.2583994 
824 344 11 13 0.25731054 
93 271 9 12 0.25613058 
815 375 10 12 0.25148958 
404 429 18 21 0.25104874 
919 277 7 10 0.24861494 
946 351 9 12 0.24833433 
276 424 15 22 0.2478948 
967 319 8 11 0.24555491 
784 374 12 16 0.24503663 
554 454 19 27 0.23992191 
712 397 12 14 0.23883289 
824 312 9 11 0.23693931 
854 309 9 12 0.2364061 
741 432 14 20 0.23472494 
360 333 9 12 0.23344675 
392 350 9 12 0.23325332 
168 296 10 12 0.23140709 
752 308 11 13 0.23047772 
606 339 10 12 0.23000586 
803 363 10 14 0.22918847 
645 435 13 17 0.2285707 
322 294 8 10 0.2283105 
718 317 9 11 0.22764778 
895 493 18 31 0.22625747 
733 365 11 16 0.22567068 
390 295 8 10 0.22465827 
911 421 11 14 0.22394167 
854 303 8 11 0.2227345 
970 302 8 11 0.22110735 
704 342 10 12 0.21776405 
710 364 10 12 0.21766256 
982 527 21 32 0.21668807 
9 326 11 13 0.21661328 
728 389 13 17 0.2164575 
342 333 9 12 0.21576117 
501 327 9 12 0.21572147 
169 345 29 32 0.21453212 
799 319 9 13 0.21371719 
798 289 8 10 0.21277037 
600 301 8 10 0.21270438 
957 303 8 10 0.21097152 
519 333 9 11 0.2072912 
42 277 9 11 0.20678075 
337 342 9 10 0.20620221 
270 356 10 12 0.20284984 
744 293 8 10 0.20188943 
323 491 15 25 0.20145713 
516 405 11 15 0.20044267 
987 442 12 16 0.1994253 
813 297 9 11 0.1984703 
334 320 8 10 0.19704074 
320 362 11 13 0.19621041 
2 270 9 12 0.19530721 
750 288 8 10 0.19272138 
400 301 8 10 0.1914807 
766 349 9 12 0.19097044 
672 315 10 12 0.18736029 
661 442 17 22 0.18730386 
591 358 13 15 0.18659167 
384 325 8 12 0.18597296 
953 319 8 10 0.18561675 
13 318 10 12 0.18537463 
137 287 9 10 0.18400078 
341 311 8 10 0.18164468 
162 301 10 12 0.18158948 
727 369 12 15 0.17958444 
789 324 10 12 0.17931518 
903 300 8 11 0.17845029 
585 343 8 10 0.17816392 
39 299 11 13 0.17810197 
617 350 9 12 0.17691581 
902 394 11 15 0.17671825 
489 461 22 31 0.17645268 
600 341 9 11 0.17616698 
1007 333 9 11 0.17616141 
944 328 9 12 0.17576686 
744 277 7 9 0.17547265 
806 344 9 12 0.17525706 
942 442 13 17 0.1750047 
749 460 20 27 0.1732267 
382 318 8 11 0.173137 
976 350 9 11 0.17294781 
359 405 14 17 0.17280121 
792 341 11 13 0.17263767 
125 288 8 11 0.17178033 
620 347 10 13 0.17173858 
376 398 12 15 0.17157379 
629 192 10 11 0.17057101 
694 342 8 12 0.1703774 
1013 309 8 10 0.1683151 
701 384 14 16 0.16824834 
581 431 12 16 0.1680568 
689 342 9 12 0.16787645 
510 344 9 11 0.16747303 
379 310 7 10 0.16663562 
113 268 10 12 0.16648449 
648 342 10 13 0.16637644 
562 300 7 10 0.16524826 
433 504 16 22 0.16487461 
660 415 15 20 0.1645142 
886 328 8 10 0.164013 
743 310 9 11 0.16370438 
265 304 8 9 0.16327864 
713 318 8 10 0.1631197 
338 278 8 10 0.16254002 
312 334 9 12 0.16217345 
601 297 8 9 0.16179706 
722 475 17 22 0.16088817 
527 279 8 11 0.16080612 
978 379 13 16 0.15992574 
948 387 13 16 0.15984647 
77 268 9 13 0.1583149 
635 443 15 20 0.15792072 
368 378 11 14 0.15679523 
552 398 10 13 0.15663639 
639 359 10 13 0.15662004 
935 420 14 17 0.1549058 
360 357 11 16 0.15450114 
135 263 8 10 0.15415852 
555 404 12 16 0.15283827 
736 289 7 9 0.15023392 
448 311 8 9 0.14956996 
1002 349 8 11 0.14924794 
343 327 9 11 0.14895451 
654 309 9 12 0.1488931 
575 327 8 10 0.14873278 
393 356 9 12 0.14835215 
781 302 8 11 0.14723052 
183 468 20 35 0.1463389 
684 394 12 17 0.14509381 
872 318 9 11 0.14501749 
979 498 14 20 0.14450724 
584 294 8 11 0.14422381 
733 327 8 11 0.14385274 
590 335 8 11 0.14380927 
928 303 7 10 0.14370443 
439 305 8 10 0.14292362 
614 286 7 10 0.14162259 
101 285 9 12 0.14127403 
573 422 10 14 0.14116189 
488 367 10 12 0.14081907 
984 305 7 9 0.14053917 
583 326 8 10 0.14000468 
918 393 11 13 0.13975793 
646 359 9 12 0.13932596 
703 419 15 18 0.13923447 
767 296 8 11 0.13917516 
266 310 9 11 0.1391383 
323 264 7 9 0.13889831 
815 333 9 11 0.13824119 
573 427 14 17 0.13803144 
281 320 7 10 0.13774586 
590 287 8 10 0.13746953 
0 392 12 20 0.13734233 
526 365 10 12 0.13704142 
286 386 14 16 0.1370247 
648 295 7 10 0.13694759 
41 271 9 11 0.13674723 
632 286 8 10 0.1364929 
845 465 16 19 0.1364347 
434 474 16 25 0.1356462 
594 373 13 13 0.133848 
928 333 8 10 0.13366434 
393 518 25 28 0.1336538 
410 343 9 12 0.1336383 
777 302 8 11 0.13340285 
623 265 8 10 0.13302651 
162 215 6 9 0.1330226 
289 335 8 10 0.13296208 
13 332 10 12 0.13281213 
735 294 8 10 0.13278404 
519 459 12 17 0.13241713 
850 310 8 11 0.13218787 
451 357 10 13 0.13183719 
1014 389 8 12 0.1317892 
536 343 9 12 0.13144837 
185 353 15 19 0.13139707 
0 277 7 12 0.13085891 
723 355 11 14 0.1307108 
897 318 7 9 0.13001713 
883 518 22 29 0.12985736 
293 334 8 9 0.1289562 
425 289 8 11 0.12890309 
790 459 15 24 0.12883879 
756 411 14 19 0.12863277 
534 277 9 11 0.12848303 
790 349 13 15 0.12772562 
688 320 10 11 0.12750934 
417 304 8 10 0.1263421 
959 340 9 11 0.12625608 
24 285 10 11 0.12527502 
567 270 8 10 0.12512514 
985 325 9 10 0.12488126 
4 267 10 13 0.12487334 
951 412 11 13 0.12414547 
573 348 10 13 0.12294992 
974 508 14 20 0.12261914 
849 355 10 13 0.12253178 
809 299 9 12 0.12243144 
614 325 8 11 0.12207219 
479 277 8 9 0.12136119 
652 348 10 12 0.12129184 
967 296 8 10 0.12121636 
266 358 10 12 0.12120705 
935 444 12 17 0.12075385 
988 342 10 12 0.12042288 
329 324 8 11 0.11984153 
585 272 10 11 0.11891015 
617 342 9 11 0.11841054 
937 336 8 10 0.11762147 
999 365 10 13 0.11759797 
664 287 7 9 0.11754475 
688 312 9 10 0.11716793 
879 294 7 10 0.11710107 
310 287 7 9 0.11680276 
1011 484 13 19 0.116364375 
22 279 10 11 0.11627107 
960 325 9 11 0.11615456 
596 364 12 12 0.11580033 
864 288 6 9 0.11563115 
653 358 9 11 0.11503916 
920 334 8 10 0.11474485 
289 325 9 11 0.11458199 
647 316 10 13 0.114327766 
799 272 8 10 0.11427805 
569 459 27 35 0.11414943 
550 326 8 11 0.114095174 
782 284 7 10 0.1139882 
984 309 8 10 0.113828264 
401 295 8 10 0.11380903 
960 335 8 9 0.11366906 
297 295 8 11 0.11336447 
681 297 7 10 0.11324972 
94 275 11 13 0.111733325 
965 540 22 29 0.111657076 
304 288 7 9 0.11084733 
5 293 9 13 0.11073551 
981 540 16 22 0.11054631 
607 294 7 9 0.110395335 
538 318 8 11 0.11022764 
257 321 8 11 0.109990604 
75 314 38 42 0.109529525 
430 286 8 11 0.10933543 
610 288 7 9 0.109323665 
677 424 12 16 0.10885552 
520 367 11 14 0.10883884 
562 278 8 9 0.10826876 
976 399 12 15 0.10715362 
417 477 20 29 0.106650844 
516 399 10 14 0.10643491 
871 323 12 15 0.10626146 
623 279 7 10 0.10614626 
53 283 10 13 0.106141575 
7 264 10 12 0.1061152 
382 334 9 13 0.10585952 
303 350 9 11 0.105102375 
777 284 9 10 0.10495436 
791 320 10 12 0.10483994 
358 437 21 29 0.10470982 
565 388 11 13 0.10423031 
374 278 8 10 0.10410436 
309 280 8 9 0.103797235 
432 282 7 8 0.10377644 
798 342 10 12 0.103644945 
969 309 8 10 0.103482366 
972 510 23 35 0.1029746 
935 303 8 10 0.10286005 
303 387 11 15 0.10259215 
293 326 9 12 0.10255974 
851 350 11 16 0.10229944 
324 359 10 14 0.10224086 
989 350 9 11 0.10200161 
324 386 11 14 0.10187141 
590 341 8 11 0.10030127 
338 391 15 18 0.100059755 
531 499 20 26 0.09938139 
880 310 8 10 0.09929416 
600 326 8 10 0.0987814 
489 319 7 10 0.09870364 
135 271 9 10 0.09866098 
750 316 9 12 0.09865067 
921 304 8 9 0.0984206 
544 325 8 10 0.0984206 
749 326 8 10 0.09807997 
1001 342 8 11 0.097697765 
428 326 10 14 0.097538106 
720 313 8 10 0.09750915 
696 382 13 15 0.097301155 
1012 278 8 12 0.09716997 
521 388 9 12 0.09677948 
137 293 9 11 0.0966736 
234 467 27 35 0.09646582 
365 302 8 12 0.09645225 
512 402 11 16 0.09577185 
304 302 8 9 0.09524787 
622 334 8 11 0.095162936 
353 289 8 9 0.09508804 
896 301 8 10 0.0948868 
702 348 9 12 0.094826244 
73 262 9 13 0.094720274 
590 293 8 11 0.09464524 
936 309 8 9 0.09460657 
704 302 7 10 0.09391827 
377 303 7 10 0.0937798 
861 377 12 16 0.093510285 
848 295 7 9 0.093447454 
815 394 14 17 0.0934082 
696 303 6 9 0.09338377 
383 365 9 11 0.09307197 
555 411 15 18 0.092705764 
247 325 9 13 0.09267733 
136 279 8 9 0.09261716 
764 433 15 20 0.09256591 
266 388 13 16 0.09242442 
504 279 7 8 0.09231634 
137 301 9 12 0.09221846 
639 308 8 11 0.09198796 
128 278 8 9 0.09182325 
479 332 9 11 0.09118572 
462 304 7 10 0.090722956 
962 288 7 9 0.09060214 
1009 328 10 12 0.09054461 
820 380 12 15 0.09019405 
663 343 10 12 0.0900875 
950 394 12 15 0.089863494 
463 308 8 11 0.08959943 
527 327 7 9 0.08949916 
500 412 12 14 0.08907578 
956 356 12 13 0.088718414 
812 349 10 12 0.0885708 
1009 164 14 22 0.08847274 
975 357 10 12 0.08836577 
678 365 10 12 0.08822497 
7 286 9 12 0.087986134 
750 385 12 15 0.087808914 
332 539 26 28 0.08661362 
480 356 8 11 0.08660804 
535 374 10 12 0.086318284 
909 382 10 11 0.08631769 
929 487 22 33 0.08593749 
653 437 19 26 0.08586483 
392 300 8 10 0.08583346 
853 333 11 13 0.08546135 
1007 350 9 11 0.085061 
933 411 13 16 0.08495188 
462 466 14 21 0.08477139 
536 295 8 9 0.08453671 
1010 311 8 10 0.084349774 
936 319 8 10 0.08431292 
200 277 9 11 0.0838436 
609 324 9 10 0.083707884 
142 304 8 9 0.083705485 
643 419 14 17 0.083646566 
862 293 8 10 0.08361916 
330 320 8 10 0.083560504 
554 288 7 9 0.08309758 
218 394 17 19 0.08292392 
543 296 8 9 0.08283729 
895 394 12 14 0.08263731 
496 429 12 18 0.082383014 
350 294 8 10 0.08211719 
561 348 11 13 0.08208374 
976 343 8 11 0.08200584 
679 410 11 15 0.0819984 
687 370 10 13 0.08172038 
401 288 8 9 0.081680454 
739 365 11 16 0.081562944 
318 451 24 28 0.081501186 
846 316 10 12 0.08142141 
552 264 6 8 0.08136412 
726 302 8 10 0.08119485 
640 413 12 14 0.08118077 
497 332 8 11 0.08098487 
185 272 7 8 0.08062615 
103 271 8 11 0.08059095 
498 421 14 16 0.080565974 
693 311 8 10 0.08056251 
616 295 7 10 0.0802405 
650 279 7 9 0.08006357 
289 271 8 11 0.08003294 
653 277 8 11 0.07996798 
137 310 10 12 0.07991553 
894 453 22 26 0.07962188 
432 304 8 11 0.079529166 
270 433 23 30 0.07948519 
633 303 9 10 0.0794845 
1013 397 11 18 0.07904557 
561 334 8 9 0.0788131 
809 311 7 10 0.0787453 
718 324 9 12 0.07868295 
486 403 10 14 0.07863865 
527 285 8 10 0.078589335 
286 319 9 12 0.078534134 
17 279 8 11 0.07848032 
510 304 7 9 0.07845313 
735 357 10 14 0.07826515 
712 313 8 9 0.07802483 
693 370 12 13 0.07797654 
757 350 10 13 0.077877134 
214 399 16 20 0.077709466 
965 287 9 9 0.077479616 
595 433 17 20 0.07724735 
367 253 8 11 0.07721258 
385 429 15 24 0.07699383 
849 279 8 9 0.07687506 
787 407 15 21 0.0768124 
673 300 8 10 0.076786205 
912 344 7 9 0.07677279 
847 391 9 13 0.07673831 
896 312 8 9 0.07657241 
494 310 8 10 0.07655233 
510 480 17 23 0.07646346 
46 272 8 10 0.07645158 
551 309 8 10 0.07638711 
165 215 7 9 0.076318994 
758 405 12 16 0.07620844 
365 309 8 11 0.07618131 
767 301 9 11 0.07614824 
721 295 7 9 0.076098874 
700 362 12 14 0.07597628 
391 288 7 9 0.07576324 
718 343 10 12 0.07574542 
429 319 9 11 0.07565784 
265 377 13 17 0.07549991 
537 312 8 10 0.0752566 
565 277 8 10 0.07522673 
592 473 24 30 0.07521324 
439 341 10 15 0.07513972 
151 247 7 9 0.075064756 
126 222 7 9 0.0749184 
482 302 8 10 0.07471165 
717 452 16 20 0.0745478 
959 320 9 10 0.07437752 
600 311 8 11 0.074147634 
183 278 8 9 0.07391796 
990 380 11 16 0.07367054 
668 344 11 12 0.07366708 
736 301 8 11 0.073021054 
553 277 7 9 0.07297183 
137 184 6 8 0.07283378 
452 318 9 10 0.072800465 
501 395 12 16 0.07237831 
788 447 15 22 0.07235621 
790 336 11 12 0.0721901 
579 386 11 14 0.072161384 
273 326 7 10 0.071991995 
239 380 11 14 0.07196695 
838 357 10 13 0.071948014 
22 292 9 12 0.071883425 
829 316 9 12 0.07187642 
309 499 17 24 0.07182634 
590 433 13 18 0.07156998 
641 440 15 21 0.07154605 
821 387 11 16 0.07140222 
927 398 10 14 0.07104519 
272 318 7 10 0.071013324 
793 272 7 10 0.0709623 
603 317 8 11 0.070928805 
142 310 8 11 0.07087653 
793 287 8 11 0.07082033 
766 342 8 11 0.070525475 
472 317 6 10 0.07050567 
881 305 7 10 0.070378594 
630 229 8 10 0.0703286 
1014 344 9 12 0.07024497 
919 310 7 9 0.070203215 
807 277 8 10 0.0701029 
622 222 8 11 0.07009697 
337 303 8 9 0.069983356 
305 314 10 13 0.06996681 
645 411 13 15 0.069746986 
471 312 7 10 0.06956397 
615 335 9 11 0.06956307 
656 304 9 11 0.06953919 
763 462 15 21 0.069533594 
672 370 12 15 0.069486625 
522 279 8 10 0.06942376 
541 347 8 11 0.06929855 
263 343 8 10 0.069225125 
275 356 10 13 0.069165915 
353 342 8 10 0.069094524 
309 305 8 9 0.06898455 
928 320 8 9 0.06883831 
408 355 10 12 0.06860376 
965 324 9 12 0.068512425 
319 311 10 13 0.068487875 
193 471 21 34 0.06846914 
616 280 7 10 0.06843318 
724 443 14 17 0.06824122 
613 319 8 11 0.068180665 
709 471 14 23 0.06809529 
357 277 9 12 0.06782236 
582 348 9 11 0.06776503 
678 313 9 10 0.06763101 
983 272 8 11 0.067520924 
926 367 10 13 0.067456804 
622 247 8 10 0.06745642 
279 401 12 17 0.06738438 
440 281 7 9 0.06734642 
941 405 12 14 0.06684775 
990 312 8 10 0.06682347 
899 336 7 10 0.06651801 
614 379 10 14 0.06650923 
521 382 10 13 0.06650193 
687 296 7 8 0.06638888 
280 334 9 11 0.06610352 
984 336 8 11 0.066077545 
950 417 13 16 0.066068634 
677 358 11 13 0.06597245 
471 344 8 11 0.06591999 
552 360 9 11 0.06581554 
588 277 9 12 0.06578334 
368 296 7 9 0.065440625 
715 388 12 16 0.065056466 
952 273 7 10 0.06492603 
705 336 10 12 0.06463241 
803 499 16 21 0.064617805 
383 273 7 9 0.06459791 
573 333 9 11 0.06431966 
31 320 12 14 0.0641535 
617 301 7 9 0.06413755 
885 500 23 33 0.064088516 
942 341 10 11 0.06406895 
342 302 8 9 0.06402607 
879 326 9 11 0.063681036 
255 287 8 10 0.0636259 
372 374 12 16 0.063544154 
829 348 9 12 0.06354395 
637 304 8 11 0.06353918 
1013 303 9 12 0.063360386 
408 279 7 9 0.06320632 
101 279 10 12 0.06297025 
1001 335 8 11 0.06295292 
838 394 14 16 0.06293663 
319 382 12 15 0.062909186 
410 264 7 8 0.062866025 
159 197 7 9 0.06282137 
567 334 9 10 0.06282037 
648 287 8 10 0.062801614 
394 272 7 9 0.062733896 
721 302 8 9 0.06273348 
683 332 9 11 0.06271929 
558 287 8 9 0.06266673 
887 303 9 11 0.0625949 
358 287 7 9 0.062465947 
585 336 8 11 0.06232056 
983 287 7 9 0.062187944 
171 231 7 10 0.062040687 
525 406 10 14 0.062023696 
311 350 8 11 0.061978698 
610 530 20 22 0.061931588 
22 337 10 13 0.061907634 
905 328 6 9 0.061750602 
766 453 14 18 0.061609894 
636 222 8 10 0.061374083 
522 329 8 10 0.061309103 
714 486 38 52 0.06114269 
262 333 7 9 0.06094403 
176 238 7 10 0.060780503 
551 332 8 10 0.060755167 
855 315 9 11 0.06068321 
422 304 7 10 0.060627792 
653 317 9 12 0.060571108 
299 363 10 13 0.060443625 
979 476 17 20 0.06039111 
862 310 9 12 0.06037012 
969 279 8 10 0.060338132 
888 319 7 9 0.060072053 
1008 401 11 16 0.05991156 
615 428 12 16 0.059880175 
624 286 7 10 0.05965342 
312 340 9 12 0.059580736 
887 457 21 25 0.05953466 
495 304 8 9 0.05940611 
375 272 8 10 0.059405573 
343 295 9 11 0.059355848 
494 320 8 10 0.05909805 
425 330 11 15 0.058991034 
592 301 8 10 0.05894937 
521 318 7 9 0.058827303 
471 332 8 12 0.058817983 
943 319 7 9 0.058693994 
161 438 33 35 0.058691572 
643 378 12 15 0.058686364 
887 333 8 10 0.05862956 
576 358 10 13 0.058616374 
734 349 10 13 0.05847403 
775 308 9 11 0.058346365 
935 297 7 9 0.058273997 
356 385 11 15 0.05818124 
776 296 9 10 0.05815813 
602 439 18 24 0.057955723 
551 428 10 14 0.05787239 
878 521 17 23 0.057853766 
1007 316 8 10 0.05781828 
623 205 9 11 0.057797235 
902 319 7 9 0.057735216 
1011 332 10 12 0.05771216 
400 309 8 10 0.057711966 
448 351 10 13 0.057694923 
987 536 24 30 0.05759923 
594 487 20 25 0.05759039 
916 279 8 10 0.05747522 
745 318 8 9 0.057163637 
407 311 7 9 0.057096858 
725 311 8 10 0.057057954 
383 278 6 9 0.057006206 
940 427 15 17 0.056888916 
930 553 18 18 0.0568362 
626 229 8 10 0.056777433 
808 372 10 13 0.056731146 
682 402 14 18 0.05661978 
184 246 7 9 0.05639482 
952 277 7 11 0.056325126 
743 303 8 11 0.05624194 
622 216 8 10 0.056219865 
317 334 9 11 0.056161102 
735 320 7 9 0.056066416 
631 325 9 12 0.055975284 
527 333 8 10 0.05594026 
370 279 8 10 0.055886284 
160 297 10 12 0.055832043 
31 262 8 10 0.055805825 
814 551 26 25 0.055789627 
378 316 9 11 0.055669308 
432 309 8 10 0.055666324 
887 311 8 9 0.055520963 
415 279 7 9 0.055507213 
512 370 12 14 0.05545701 
302 295 8 10 0.05541082 
903 417 13 15 0.05537643 
766 371 10 15 0.05536594 
928 328 8 11 0.055222213 
983 350 9 11 0.055202544 
475 449 14 18 0.055122968 
420 406 11 16 0.05510129 
896 296 8 10 0.055068675 
1014 295 9 11 0.055014733 
991 366 10 12 0.055002898 
784 403 13 18 0.054952372 
506 344 8 10 0.054857723 
896 349 8 10 0.05480237 
552 271 7 10 0.054726698 
210 558 16 19 0.05468077 
692 333 9 12 0.054577954 
500 403 14 18 0.054577373 
600 336 9 11 0.05438838 
49 283 10 12 0.05430851 
714 402 13 17 0.05420995 
977 431 11 16 0.054201968 
398 334 9 12 0.054194406 
758 365 11 15 0.05409954 
729 480 17 23 0.05406989 
126 199 7 9 0.054043934 
759 304 8 10 0.054012284 
149 310 9 12 0.054009534 
417 287 7 10 0.053897385 
311 328 9 11 0.053786438 
301 359 9 12 0.05368635 
841 311 7 10 0.053661246 
400 256 8 9 0.053514272 
529 345 8 10 0.053403478 
278 261 8 9 0.05339398 
816 312 8 10 0.0533532 
425 320 8 10 0.053346414 
585 319 8 11 0.05323379 
136 257 7 9 0.053164035 
896 484 11 17 0.0531305 
294 506 13 17 0.05302081 
607 313 8 10 0.052976146 
837 332 10 13 0.052973665 
278 416 20 23 0.052957855 
377 339 9 11 0.052940972 
496 295 7 10 0.052875146 
558 328 8 10 0.052770123 
609 462 23 29 0.052769337 
385 295 8 10 0.052760024 
925 451 14 18 0.052713733 
841 317 9 12 0.052548632 
136 208 7 10 0.05249674 
919 319 7 9 0.05247683 
967 411 11 14 0.05245192 
366 399 11 14 0.052115723 
401 278 8 10 0.052071564 
570 315 8 11 0.052044705 
536 288 8 9 0.051974233 
898 341 8 10 0.05189852 
293 370 11 12 0.051670216 
646 389 12 14 0.051512085 
622 357 10 12 0.051448315 
12 262 8 11 0.05142187 
294 271 8 11 0.051417254 
761 341 9 11 0.051170096 
353 349 7 10 0.05112923 
1015 366 9 13 0.051035557 
431 338 11 16 0.050880082 
837 327 9 12 0.050772175 
262 318 8 10 0.050739296 
474 273 7 10 0.05073597 
619 433 13 18 0.05050875 
607 271 9 10 0.050432928 
592 311 8 11 0.050419077 
989 426 11 15 0.050316047 
679 248 7 9 0.050242618 
484 441 14 17 0.050240885 
751 279 7 9 0.050220344 
25 271 8 11 0.05020306 
286 312 8 10 0.05009377 
174 277 8 10 0.05003886 
392 311 8 10 0.050025355 
849 459 17 20 0.049987633 
872 288 8 10 0.04984682 
129 273 7 9 0.04983555 
337 273 9 11 0.04982275 
833 332 9 13 0.049766388 
705 319 8 10 0.04974871 
621 535 28 38 0.049692534 
364 327 11 13 0.049685948 
975 363 11 13 0.049659662 
910 390 11 13 0.049605086 
793 292 9 11 0.04951288 
500 375 10 12 0.04950109 
623 296 7 9 0.04940502 
761 295 9 10 0.04938523 
496 378 10 12 0.049368776 
488 442 24 35 0.049283408 
565 434 13 16 0.04921986 
155 280 12 15 0.04905903 
1014 318 8 11 0.049031816 
7 278 9 11 0.048862007 
772 440 14 20 0.048834182 
289 396 16 19 0.048772007 
326 311 7 10 0.048701245 
816 317 9 10 0.048576068 
0 286 9 13 0.048547804 
728 296 7 9 0.04848022 
566 420 13 16 0.048449665 
418 294 8 9 0.048407145 
951 355 11 14 0.048353687 
699 453 13 18 0.048270855 
242 452 16 23 0.048265707 
405 508 22 33 0.04825923 
437 465 21 28 0.048255242 
569 327 9 11 0.048169248 
719 288 7 8 0.048048045 
425 279 6 8 0.04800694 
524 371 11 14 0.047907535 
624 199 8 11 0.047774132 
989 323 9 11 0.047742736 
337 336 9 11 0.047659952 
150 303 8 10 0.04765748 
75 252 9 12 0.047338445 
998 286 8 10 0.047330726 
946 499 21 29 0.04715261 
953 309 9 10 0.04714732 
640 387 10 14 0.047073662 
711 296 6 9 0.04705895 
855 296 9 10 0.04704739 
410 476 17 23 0.047031138 
863 395 10 14 0.04693075 
256 343 8 10 0.046915058 
742 386 11 15 0.04690092 
415 271 7 9 0.04688117 
215 481 29 36 0.046823755 
998 373 10 12 0.0467723 
712 189 10 12 0.046720497 
956 406 11 15 0.046677735 
17 294 9 11 0.04661926 
514 525 23 38 0.04656552 
327 453 25 32 0.046536885 
982 278 8 9 0.046480678 
619 403 12 16 0.04637395 
622 253 7 9 0.046318237 
158 193 7 8 0.046302855 
941 395 13 16 0.046200473 
472 460 25 30 0.046149965 
657 245 8 11 0.0461455 
653 365 11 12 0.046122268 
696 347 9 11 0.04611016 
144 279 8 11 0.046095327 
699 372 13 14 0.046048645 
504 303 8 9 0.045971725 
669 410 13 17 0.04595383 
304 344 8 10 0.045859795 
769 458 15 19 0.04582466 
638 280 10 11 0.045607064 
631 239 7 9 0.045585398 
598 349 9 13 0.04557774 
270 395 11 14 0.045516126 
381 390 9 14 0.045515373 
960 295 8 9 0.04546913 
926 357 9 12 0.045440838 
936 326 8 12 0.0453956 
93 265 8 10 0.045370705 
703 326 9 11 0.045330435 
597 462 25 31 0.04531327 
265 350 9 11 0.04529677 
374 263 8 9 0.045288295 
533 364 9 12 0.045281943 
928 271 7 9 0.04512436 
485 380 11 13 0.045081444 
928 445 12 15 0.045049027 
169 166 7 9 0.045003667 
493 368 10 12 0.044969 
605 429 13 17 0.04495399 
847 287 8 10 0.044876263 
534 336 9 10 0.044871274 
605 365 9 12 0.04483277 
406 295 7 9 0.04475956 
995 434 23 34 0.044729177 
481 312 7 9 0.04468076 
168 278 9 11 0.04467196 
542 311 8 9 0.044614505 
897 523 17 22 0.04455716 
572 262 8 10 0.04453295 
409 271 7 9 0.04436105 
490 341 8 10 0.0443597 
781 442 16 22 0.044352386 
501 381 10 12 0.044269897 
919 350 8 10 0.04416088 
576 396 11 15 0.044120543 
978 287 7 9 0.044101775 
30 269 9 11 0.044074345 
533 406 14 18 0.044064645 
6 299 10 13 0.04388481 
632 295 7 9 0.043873023 
386 287 7 9 0.043830078 
562 272 8 10 0.043728527 
665 505 25 31 0.043642633 
871 304 8 10 0.043602943 
706 297 7 9 0.0435536 
870 311 8 10 0.04355079 
815 467 19 22 0.043541692 
578 294 8 10 0.043515198 
496 396 11 15 0.0435047 
694 440 13 19 0.043484043 
716 381 10 14 0.04345449 
301 488 22 32 0.043451913 
589 317 9 12 0.04343164 
494 357 9 11 0.043133978 
351 336 9 11 0.04310059 
337 296 8 10 0.043078586 
975 296 8 9 0.04306322 
293 495 21 32 0.04300696 
196 332 12 15 0.042993713 
918 344 8 10 0.042898394 
398 374 10 13 0.04281248 
484 492 12 17 0.04280457 
162 208 7 9 0.042749643 
932 472 16 24 0.042739283 
601 287 7 9 0.042733233 
659 405 12 17 0.04260408 
783 333 9 11 0.042567838 
197 184 8 10 0.042505056 
888 368 11 14 0.0424229 
804 427 12 19 0.042406704 
668 438 13 20 0.042405166 
279 324 9 11 0.042388827 
22 316 10 14 0.042355873 
536 263 8 9 0.042308882 
744 407 19 24 0.042297807 
861 333 10 13 0.04225175 
382 373 9 13 0.042198647 
730 487 25 33 0.042154774 
991 259 9 11 0.042145997 
768 308 8 11 0.042118363 
161 220 7 9 0.04205209 
565 365 11 13 0.042026877 
248 445 21 32 0.04195626 
151 273 9 11 0.041817002 
999 301 8 10 0.041791923 
726 381 12 14 0.041779485 
905 487 27 31 0.041634157 
410 509 36 50 0.041486643 
561 342 10 13 0.04139049 
951 326 8 11 0.041384254 
249 371 12 16 0.04133316 
750 333 9 11 0.041268025 
294 317 9 12 0.041245166 
522 286 6 9 0.041183215 
121 206 8 10 0.041120503 
783 417 13 18 0.041084427 
744 440 16 20 0.041069977 
566 356 11 15 0.04106502 
72 248 8 11 0.041044038 
929 308 7 10 0.04098988 
684 417 12 16 0.040941063 
423 272 7 8 0.040935148 
637 349 10 13 0.04087493 
506 348 9 13 0.040868826 
608 357 9 12 0.04082671 
29 334 12 13 0.040635478 
574 404 12 15 0.040592257 
542 374 9 12 0.04055007 
999 295 8 11 0.04053914 
759 399 11 13 0.04045933 
984 436 20 26 0.040454533 
847 332 12 16 0.040444557 
834 278 7 10 0.040438514 
735 428 14 20 0.040388364 
552 294 8 10 0.04038337 
726 318 8 11 0.0403536 
465 347 8 11 0.04033574 
929 297 7 9 0.04032428 
287 276 9 11 0.04032172 
559 389 11 13 0.04031781 
707 411 15 18 0.04020477 
958 309 7 9 0.040146008 
1005 340 9 12 0.040126316 
740 358 10 12 0.039826885 
238 322 12 16 0.03977431 
916 450 14 19 0.039758544 
974 308 9 11 0.039695114 
854 327 9 11 0.039616175 
583 301 8 10 0.03961477 
309 552 15 17 0.03954795 
693 318 8 11 0.039546613 
510 381 11 13 0.03948469 
389 530 26 32 0.03939442 
557 358 11 12 0.039392542 
976 336 8 10 0.039353788 
481 296 7 10 0.03933978 
343 364 9 11 0.03933681 
504 295 7 10 0.03924929 
798 429 14 22 0.039211012 
638 285 8 11 0.03920519 
274 378 12 16 0.03919401 
511 319 7 9 0.039177835 
428 291 9 12 0.039142877 
151 325 10 14 0.03908918 
608 382 10 13 0.039077636 
250 263 8 10 0.0390455 
505 287 8 9 0.0390305 
513 264 7 9 0.039030027 
364 432 19 23 0.038976062 
137 231 7 9 0.038972 
739 310 8 10 0.0388925 
236 485 19 25 0.038886543 
633 348 9 12 0.038834315 
614 354 10 13 0.038782984 
902 278 7 10 0.038779113 
25 262 9 10 0.038615074 
989 336 10 12 0.038586054 
366 317 8 10 0.03858446 
675 471 14 20 0.03857929 
1009 476 14 20 0.038455784 
191 264 7 10 0.038407106 
510 326 7 10 0.038395546 
652 397 13 16 0.038270734 
586 288 8 11 0.038165282 
649 301 9 11 0.038148377 
687 360 10 12 0.038116623 
269 521 14 19 0.0380708 
519 270 7 10 0.038063418 
552 319 8 11 0.038030583 
622 366 11 14 0.03800746 
818 373 12 17 0.038003605 
739 272 7 10 0.037944455 
897 406 9 12 0.037910007 
880 366 10 13 0.037906684 
581 403 12 17 0.037894208 
784 487 14 20 0.037829567 
168 222 7 9 0.037755717 
582 457 25 33 0.037747342 
561 255 7 10 0.037725426 
398 272 8 9 0.03771717 
862 303 9 12 0.037696443 
999 280 7 9 0.03768776 
369 261 9 11 0.03766333 
528 312 7 8 0.037621114 
957 435 9 14 0.037592933 
856 286 8 10 0.037555914 
186 266 7 9 0.03754126 
631 438 13 17 0.03739593 
624 329 8 11 0.037248883 
143 271 8 10 0.037245147 
827 379 14 18 0.03723903 
66 248 7 9 0.037236504 
982 366 9 12 0.037152767 
992 288 7 10 0.036935363 
254 375 12 17 0.036933582 
466 459 16 21 0.03685871 
543 396 12 15 0.036792256 
449 270 8 9 0.03671983 
200 246 87 139 0.036683213 
630 520 40 46 0.03665891 
368 284 9 11 0.03665 
488 289 7 8 0.03661793 
320 289 8 10 0.036613666 
528 273 8 10 0.036588218 
638 240 8 9 0.03656998 
1000 357 10 12 0.036555614 
166 208 7 8 0.036501113 
147 330 26 36 0.036461286 
169 161 7 9 0.036401328 
952 297 7 8 0.036344904 
901 274 8 9 0.036307197 
914 318 7 10 0.03627487 
941 410 14 16 0.036240116 
38 264 8 10 0.036219142 
903 383 11 13 0.03621588 
539 405 14 18 0.03611037 
120 277 10 11 0.036091425 
758 280 8 10 0.036083918 
677 351 10 12 0.036057003 
100 289 12 14 0.03602662 
914 312 7 9 0.03600655 
541 288 8 9 0.03600637 
360 294 7 9 0.035970274 
295 264 8 10 0.03593537 
483 451 15 19 0.035931967 
660 382 13 16 0.03592194 
111 286 9 13 0.035909276 
1004 366 11 12 0.035891272 
966 435 12 16 0.035876364 
189 334 11 14 0.03586562 
768 335 8 11 0.03578467 
289 370 10 12 0.03575967 
719 363 10 13 0.035752337 
781 296 8 10 0.035750758 
910 443 13 19 0.035559505 
991 373 11 15 0.035542913 
608 517 19 21 0.03550666 
398 427 15 22 0.03540708 
62 292 12 14 0.03534993 
327 334 7 10 0.035342563 
839 279 7 9 0.035309434 
899 366 11 13 0.035304055 
785 320 10 13 0.03527169 
937 383 11 14 0.035244312 
591 350 11 13 0.03524011 
710 459 12 17 0.03523431 
910 297 8 10 0.03518618 
887 289 8 9 0.035180695 
534 507 24 29 0.035174657 
489 336 8 10 0.03517096 
956 419 11 15 0.0351296 
704 198 9 10 0.03511367 
273 256 8 10 0.03507795 
473 288 7 9 0.035043783 
560 311 7 9 0.0350336 
537 324 9 11 0.03499076 
929 409 11 14 0.034987472 
109 276 10 13 0.034983348 
738 278 7 9 0.03497947 
272 334 8 10 0.03492553 
438 320 9 10 0.034923613 
640 507 40 48 0.034881365 
920 327 8 11 0.03485917 
200 207 6 8 0.034832675 
318 395 13 16 0.034822177 
676 462 13 18 0.03476015 
997 380 11 16 0.03472925 
1005 547 16 21 0.03472773 
752 343 8 10 0.03472524 
343 287 8 10 0.034692455 
55 294 12 14 0.034674183 
907 413 12 14 0.034643233 
798 335 10 12 0.03451691 
9 320 11 12 0.03446256 
589 403 12 16 0.03445842 
38 356 15 21 0.03445497 
941 311 8 9 0.03443844 
774 526 29 35 0.03429518 
566 382 11 14 0.034276623 
975 278 8 10 0.03424643 
950 333 8 10 0.034223948 
864 316 9 11 0.034197222 
450 265 7 9 0.034134053 
914 425 12 15 0.03413144 
655 287 7 10 0.03409413 
474 556 16 18 0.034012504 
164 305 12 14 0.034007523 
1000 402 10 15 0.03399048 
414 264 7 9 0.033959817 
489 312 7 9 0.033956274 
360 454 17 21 0.03393954 
1010 283 9 11 0.033817764 
691 396 12 15 0.033792496 
841 286 8 10 0.033772808 
966 333 8 9 0.03376701 
175 272 7 10 0.033763766 
694 296 6 8 0.033750206 
968 344 8 10 0.033721264 
278 387 12 17 0.033709038 
406 287 8 10 0.033702873 
716 426 12 17 0.033690803 
319 537 28 31 0.03366559 
297 412 14 16 0.033629805 
183 241 7 9 0.033628717 
902 311 7 10 0.03357202 
168 247 7 9 0.033508815 
409 342 19 24 0.033504028 
1012 335 19 27 0.03348017 
993 294 7 10 0.033439122 
887 295 8 10 0.033424467 
601 279 7 10 0.033405334 
240 276 8 12 0.033404402 
214 191 8 10 0.03340318 
794 401 16 21 0.033393927 
622 312 9 10 0.03337952 
581 395 12 15 0.033359174 
455 310 8 10 0.033348575 
862 387 11 15 0.033338435 
554 255 7 9 0.03331833 
309 271 9 10 0.03324294 
904 349 8 10 0.033217076 
848 372 10 15 0.033212658 
632 427 11 15 0.03318189 
781 308 9 11 0.033164974 
304 271 8 10 0.033158623 
498 456 14 23 0.03313518 
-1 509 22 45 0.03311955 
591 439 14 22 0.033101372 
465 327 8 11 0.03306845 
846 364 10 14 0.032985378 
987 411 11 14 0.032968163 
815 343 10 13 0.03294583 
919 357 10 12 0.032940272 
150 263 8 9 0.032931007 
522 355 10 13 0.032916706 
969 513 15 20 0.032902736 
755 381 12 14 0.032847237 
33 301 10 13 0.032836046 
320 299 9 11 0.032814626 
510 288 7 9 0.032800358 
421 440 15 18 0.032770403 
638 429 12 16 0.032766916 
505 309 7 10 0.032748602 
392 332 9 13 0.032736037 
833 272 7 9 0.032715004 
421 429 12 17 0.032709308 
292 383 12 14 0.03263295 
539 423 14 17 0.032582372 
575 287 8 10 0.032572236 
28 279 9 11 0.03254976 
590 263 9 11 0.032532863 
832 303 9 10 0.032504734 
733 439 15 20 0.032502905 
482 316 7 10 0.03248659 
443 340 12 15 0.032480583 
328 487 16 24 0.032470156 
317 411 15 17 0.032435477 
488 304 7 8 0.032273516 
746 447 17 21 0.03225729 
158 175 8 10 0.032182146 
480 402 12 17 0.03209931 
882 373 10 14 0.032057576 
573 413 12 17 0.03201183 
142 231 8 9 0.03197987 
438 325 10 12 0.031965997 
150 316 10 12 0.031961415 
999 316 9 12 0.031949848 
733 457 13 18 0.031909086 
453 468 15 22 0.031884868 
812 367 13 15 0.0318703 
630 370 12 16 0.031868424 
605 387 11 15 0.031734098 
311 293 8 10 0.03170899 
256 292 8 11 0.031702064 
487 352 9 11 0.031624615 
343 449 24 34 0.031619143 
725 427 12 17 0.03161258 
893 470 24 31 0.031610973 
806 318 8 11 0.03158372 
874 293 8 10 0.031569995 
528 319 7 10 0.031516656 
403 395 11 17 0.031494245 
494 405 12 16 0.031489626 
466 333 8 12 0.03143579 
607 408 15 17 0.031408183 
174 199 8 10 0.03140708 
258 545 27 35 0.031386077 
912 349 7 10 0.031344913 
803 506 24 31 0.031293437 
553 366 18 22 0.031287845 
364 419 14 19 0.031202154 
742 184 10 13 0.031184202 
560 379 10 13 0.031176224 
366 502 23 38 0.031173686 
794 417 15 23 0.031172909 
737 493 38 53 0.031141397 
494 351 9 12 0.031121192 
735 467 21 30 0.031076137 
257 302 7 10 0.031070067 
0 252 8 12 0.030995179 
591 378 13 15 0.030991813 
569 453 18 22 0.03096175 
800 276 9 10 0.030937923 
976 272 8 11 0.030908797 
237 374 11 15 0.030880466 
945 279 8 10 0.030806758 
375 296 7 9 0.030800091 
327 301 7 10 0.03078613 
854 280 7 9 0.030748902 
480 287 6 9 0.0307244 
142 183 6 9 0.030715642 
775 334 9 11 0.03068526 
224 492 28 36 0.030684756 
707 504 16 23 0.030638577 
191 215 7 9 0.03063323 
467 534 25 33 0.030622635 
705 517 20 32 0.0306164 
565 296 8 11 0.030555617 
53 271 8 11 0.030546924 
147 247 7 9 0.03053724 
798 359 11 15 0.030534737 
22 300 9 12 0.0305204 
148 338 13 17 0.030501937 
608 278 9 10 0.030492552 
519 303 7 9 0.030475708 
590 327 8 10 0.030475082 
803 483 23 30 0.030471757 
345 544 17 21 0.03047168 
832 362 11 15 0.030384121 
306 280 7 8 0.030324489 
382 380 9 12 0.030314406 
185 216 7 9 0.030305833 
761 335 8 12 0.030239176 
474 458 16 20 0.030189782 
807 332 11 13 0.030184153 
337 285 8 9 0.030132608 
277 255 8 11 0.030060174 
420 501 21 32 0.030014329 
127 215 7 10 0.029969852 
129 190 8 10 0.029954858 
851 337 13 17 0.029941745 
667 326 10 13 0.029925263 
279 303 9 11 0.029904393 
968 348 9 13 0.029883163 
990 355 10 12 0.029853454 
210 416 19 24 0.029819481 
599 501 25 30 0.029806294 
542 514 24 30 0.02979212 
305 532 21 31 0.029704036 
174 350 34 41 0.029703215 
296 341 7 10 0.02967449 
607 445 22 29 0.029652873 
678 391 11 15 0.029624734 
400 340 8 12 0.029589616 
319 327 8 11 0.02958842 
534 358 9 12 0.029563602 
518 264 7 9 0.02956147 
824 497 26 35 0.029558923 
154 192 7 9 0.029545864 
551 392 11 13 0.029496806 
326 287 8 9 0.02947353 
489 324 8 12 0.029425723 
307 382 13 15 0.029349511 
417 407 21 29 0.029290745 
783 341 10 12 0.029258998 
295 312 9 10 0.029249804 
224 223 9 11 0.029247746 
304 306 18 22 0.02916807 
245 477 22 33 0.02915805 
710 302 8 10 0.02913813 
711 348 10 12 0.0291033 
444 352 20 23 0.029086463 
328 280 8 10 0.02907802 
985 263 8 10 0.029072529 
487 295 8 9 0.029058384 
715 467 20 27 0.029012812 
512 270 7 9 0.029003872 
768 354 10 14 0.028956657 
391 318 8 10 0.028928505 
487 358 8 11 0.028917054 
361 316 9 11 0.02888363 
529 295 7 9 0.028878296 
141 315 10 12 0.028851982 
674 440 13 20 0.028823432 
169 192 7 9 0.028817063 
680 463 24 32 0.028784288 
356 427 15 19 0.028782293 
543 264 7 9 0.02877843 
154 197 8 11 0.028756479 
389 326 10 12 0.028749228 
228 201 205 238 0.028747726 
175 223 7 8 0.028722458 
216 424 18 20 0.028718727 
608 351 10 12 0.028707597 
668 417 13 19 0.028699912 
263 272 8 10 0.028677683 
136 213 7 9 0.028671807 
774 377 12 16 0.028662741 
885 358 10 11 0.02865989 
902 405 13 15 0.028608218 
157 332 10 15 0.028562598 
526 396 10 15 0.0285625 
175 204 8 10 0.028475896 
608 431 20 25 0.028468274 
864 325 9 12 0.028433537 
557 443 14 20 0.02840188 
309 531 13 17 0.02827768 
870 395 11 15 0.02826942 
40 282 10 13 0.028253894 
607 398 13 17 0.028210847 
699 468 21 28 0.028178008 
564 372 10 13 0.028078146 
392 279 7 9 0.028077925 
838 458 16 18 0.02804102 
861 466 14 21 0.028006013 
201 480 16 23 0.02798747 
494 415 21 27 0.027935643 
726 434 13 19 0.027916066 
686 322 17 21 0.027902916 
647 395 13 16 0.027892504 
383 359 10 12 0.02788762 
193 240 6 8 0.027883805 
1008 296 8 10 0.027858613 
468 444 24 30 0.027845806 
824 547 25 31 0.027842075 
652 426 14 21 0.027829647 
964 427 14 17 0.027806038 
392 379 9 13 0.027765542 
991 303 7 9 0.027757224 
382 302 7 10 0.02773753 
466 318 8 10 0.027688311 
864 422 18 23 0.027681047 
472 294 7 9 0.0276577 
689 302 8 9 0.02765127 
920 296 7 10 0.027643489 
244 396 14 18 0.027624162 
351 319 8 10 0.027609697 
155 336 13 19 0.027580472 
982 446 14 19 0.027560033 
838 379 12 16 0.027521642 
2 227 10 15 0.027520351 
31 257 8 9 0.027486073 
755 452 15 20 0.027470935 
25 256 8 10 0.027468577 
340 339 10 12 0.027368758 
878 319 8 10 0.027328813 
823 303 7 9 0.027302044 
504 320 8 9 0.027293624 
253 395 11 15 0.02727405 
311 482 23 29 0.027269151 
848 273 8 9 0.027262967 
220 466 30 32 0.027211357 
541 380 10 12 0.02720645 
566 394 11 14 0.027167238 
640 295 8 9 0.027163044 
999 312 8 10 0.027134202 
912 436 12 16 0.02712769 
419 427 23 29 0.02710264 
500 471 21 30 0.027086236 
448 293 7 10 0.027076097 
243 354 11 16 0.02706816 
607 539 23 29 0.027036633 
445 334 11 14 0.027033698 
911 335 7 10 0.027004628 
301 392 13 18 0.026986323 
632 542 31 31 0.026986204 
101 361 30 40 0.02696066 
632 357 10 14 0.026950028 
144 161 7 8 0.026944092 
905 453 17 22 0.026940154 
259 439 24 31 0.02690581 
407 303 8 10 0.026894951 
654 373 11 14 0.02687979 
599 263 8 10 0.026877543 
438 491 21 32 0.026850797 
282 312 8 10 0.026826883 
533 379 11 13 0.026743393 
799 313 8 10 0.026700811 
504 272 7 9 0.026688082 
509 388 11 14 0.026604421 
562 263 7 9 0.026569178 
28 149 12 16 0.02652731 
911 358 9 12 0.026526356 
407 317 8 10 0.026524024 
167 456 28 33 0.026515039 
638 247 7 9 0.026513023 
424 309 8 9 0.026503978 
563 412 14 18 0.02647112 
925 391 10 13 0.02644362 
864 280 7 9 0.026442148 
520 312 7 8 0.02643206 
407 416 23 30 0.02632673 
535 302 9 11 0.026305249 
549 419 12 16 0.026258606 
255 311 8 10 0.026181173 
349 326 7 10 0.026169479 
428 515 41 55 0.026165714 
713 324 9 12 0.026125295 
696 183 10 13 0.026078096 
264 367 11 14 0.026057974 
342 318 8 10 0.026057504 
16 284 9 11 0.026056848 
215 277 45 90 0.026052551 
422 493 40 54 0.026048694 
513 404 19 25 0.026047213 
634 320 8 11 0.026011424 
589 494 16 24 0.026009647 
848 326 9 11 0.02598037 
544 358 8 11 0.02596238 
841 264 8 9 0.025959643 
582 357 9 14 0.025941689 
958 428 11 16 0.025930377 
53 372 35 46 0.025917431 
366 457 24 28 0.02590326 
759 327 8 11 0.025855666 
266 536 39 42 0.025845999 
135 188 7 9 0.025831895 
170 237 7 10 0.025820667 
1004 503 16 21 0.025813976 
773 355 11 15 0.025805725 
572 270 9 11 0.025776252 
911 327 7 10 0.025771882 
149 502 27 37 0.025747698 
238 286 11 16 0.025747541 
841 508 26 35 0.025723478 
695 418 12 16 0.02562988 
997 260 8 11 0.025614712 
354 434 16 23 0.025606977 
278 247 8 10 0.025606686 
537 493 16 23 0.025571 
417 371 11 16 0.025477197 
493 341 9 11 0.025476264 
559 248 7 9 0.025455456 
698 261 9 11 0.025454782 
378 444 15 24 0.025451899 
792 301 9 11 0.025450608 
751 363 12 16 0.025400616 
594 465 17 23 0.025380462 
123 200 7 9 0.025375651 
788 435 16 21 0.025287788 
350 409 14 17 0.025269212 
166 332 29 31 0.025252419 
585 263 8 10 0.025157092 
556 427 15 18 0.02515458 
906 285 8 10 0.02514169 
812 356 11 13 0.025126562 
628 205 10 12 0.025121724 
454 287 7 9 0.025062824 
141 324 11 16 0.02506216 
226 399 15 20 0.02503749 
375 255 9 11 0.025015201 
511 310 7 9 0.024982637 
973 319 9 11 0.024970338 
815 286 9 11 0.024955623 
630 388 11 14 0.024939738 
170 272 9 11 0.024895862 
22 310 10 13 0.024885418 
688 191 8 10 0.024842363 
928 420 12 15 0.024810154 
810 491 25 32 0.024803603 
654 379 12 16 0.024801863 
424 411 26 34 0.024791865 
740 457 15 22 0.024783388 
358 339 8 11 0.02478051 
312 365 11 13 0.024770657 
559 442 24 32 0.02475671 
566 405 12 15 0.024756461 
82 140 233 298 0.024727685 
630 378 12 16 0.024712555 
846 344 20 26 0.024709282 
657 240 9 11 0.024692092 
1 297 10 13 0.024677701 
990 247 9 11 0.024656752 
776 116 136 168 0.024654608 
728 339 10 13 0.02464624 
322 464 22 31 0.024637952 
126 206 7 10 0.0246286 
510 293 7 10 0.0246184 
140 332 14 19 0.024601167 
126 309 10 12 0.024587968 
202 485 26 39 0.024558347 
716 184 13 15 0.024516987 
7 310 11 13 0.024513008 
191 246 7 9 0.024493549 
168 284 9 12 0.024481652 
169 198 7 10 0.02447544 
495 507 23 35 0.024464631 
416 325 9 11 0.024447508 
381 418 15 20 0.024442082 
15 312 11 13 0.024439892 
1006 320 19 25 0.024317302 
616 374 10 13 0.024311183 
797 458 23 31 0.02430399 
79 364 44 53 0.024263745 
287 338 9 11 0.024261666 
446 304 8 10 0.024190946 
302 543 15 22 0.024181053 
1008 300 19 27 0.02417822 
985 312 18 24 0.024161462 
184 221 7 9 0.0241394 
605 372 10 13 0.024111817 
357 417 15 20 0.024111398 
758 435 15 19 0.024096327 
911 302 8 9 0.024078919 
729 289 7 9 0.024077894 
921 372 10 13 0.024059352 
528 425 12 19 0.024058297 
182 284 10 11 0.024056591 
60 299 14 16 0.024051853 
758 287 8 10 0.024051772 
479 381 10 13 0.024012549 
448 287 8 10 0.024009418 
532 397 13 16 0.02400673 
689 454 25 30 0.024005232 
10 379 16 23 0.023964468 
925 463 17 22 0.02394402 
769 515 19 26 0.023928557 
638 272 9 10 0.023927063 
470 538 13 18 0.023898883 
861 453 11 16 0.023881365 
791 278 8 10 0.023880493 
334 402 12 17 0.023865929 
1000 327 8 10 0.023865623 
730 467 16 23 0.02385162 
850 520 13 19 0.023834841 
417 364 9 13 0.02383428 
243 388 13 15 0.023819879 
254 264 7 9 0.02381774 
655 264 10 10 0.0238147 
589 449 13 19 0.023795396 
582 255 8 10 0.023791589 
944 286 7 9 0.023733012 
625 240 8 11 0.023698505 
316 514 31 33 0.023693254 
870 340 11 13 0.023633199 
631 280 9 10 0.023627218 
703 523 13 19 0.023613766 
562 382 19 24 0.023612477 
76 276 11 15 0.023604017 
397 327 9 11 0.023550317 
458 254 9 11 0.023530478 
615 311 8 11 0.023530073 
142 263 8 11 0.023515046 
387 238 8 10 0.02346587 
782 398 12 17 0.023422798 
529 264 8 9 0.023389058 
790 359 18 23 0.023367437 
851 472 15 19 0.023362288 
144 239 8 10 0.0233515 
943 303 7 10 0.023335012 
928 351 8 11 0.023329303 
975 536 15 23 0.023322372 
968 264 8 10 0.023318216 
717 409 12 16 0.023283474 
854 481 26 33 0.023171298 
5 322 19 23 0.02315466 
153 340 33 41 0.02314704 
486 505 13 21 0.02314316 
517 342 9 11 0.02313933 
607 265 8 10 0.023116557 
359 351 8 11 0.023095256 
619 264 7 10 0.023077073 
476 435 16 19 0.023046736 
265 527 24 33 0.023031969 
119 282 18 23 0.023031384 
176 217 7 9 0.023024082 
335 346 10 12 0.023011383 
290 525 23 33 0.022997437 
959 496 24 30 0.022978751 
967 363 11 13 0.022963576 
313 357 10 12 0.022953702 
701 498 18 21 0.02291828 
620 542 17 22 0.022905763 
361 253 10 12 0.022849971 
715 513 28 39 0.022815417 
868 377 19 23 0.022758752 
872 519 27 37 0.02274883 
134 322 24 31 0.022735136 
77 247 8 11 0.022724735 
721 371 11 15 0.022717068 
701 186 25 29 0.02271248 
691 470 17 23 0.022690693 
247 310 9 11 0.022681 
199 240 6 9 0.02268022 
302 529 13 19 0.02266966 
306 481 17 21 0.022665743 
575 279 8 10 0.022658717 
718 345 17 23 0.022644285 
822 335 10 12 0.022634882 
193 232 7 9 0.022561383 
661 303 9 11 0.022561211 
471 386 11 15 0.022467613 
845 479 14 19 0.022429235 
709 371 11 14 0.022388345 
888 369 18 22 0.022383995 
589 387 13 15 0.022382664 
638 215 9 11 0.022379626 
697 257 9 10 0.022372201 
1 317 9 12 0.022358261 
957 362 12 14 0.022355907 
282 277 8 11 0.022341121 
174 285 9 11 0.022331322 
656 295 7 8 0.022258764 
639 316 10 14 0.022250678 
516 502 23 31 0.022228397 
423 339 10 14 0.02219596 
887 350 9 12 0.022169974 
871 412 11 17 0.022166379 
373 421 15 19 0.022158146 
350 299 8 11 0.022146583 
743 351 10 12 0.02214125 
414 334 9 12 0.02211862 
238 401 14 18 0.02210273 
1003 265 21 26 0.022100167 
678 252 8 10 0.022082346 
654 222 7 9 0.022075796 
382 254 9 11 0.02203765 
944 296 8 9 0.022010298 
767 378 12 15 0.021989314 
529 303 7 10 0.021979392 
897 411 10 14 0.021937218 
841 294 8 10 0.021933954 
544 333 8 10 0.021919364 
407 363 9 13 0.021906776 
658 536 17 24 0.021879567 
878 289 9 10 0.021862967 
653 506 17 20 0.021853877 
886 393 12 15 0.021809809 
512 494 22 29 0.021782959 
335 374 10 13 0.02178232 
574 376 10 12 0.021779409 
237 328 11 16 0.021773135 
780 461 20 26 0.021734793 
130 263 8 10 0.021733306 
708 430 16 21 0.021710392 
660 518 17 24 0.021673976 
704 190 9 11 0.021669384 
1004 425 14 19 0.02165209 
480 373 9 13 0.02161516 
318 352 8 11 0.021598361 
668 379 15 18 0.021560824 
945 407 20 23 0.02154637 
838 303 8 9 0.02152882 
814 279 8 9 0.021519484 
679 340 11 13 0.021510078 
184 200 7 9 0.021500181 
457 530 24 33 0.021460349 
434 335 18 24 0.021454275 
710 181 21 26 0.021432336 
185 206 7 9 0.021427149 
484 432 23 29 0.021401338 
619 469 21 28 0.021386843 
896 386 19 23 0.021383341 
177 244 7 10 0.021363478 
152 223 6 8 0.02136192 
215 198 8 11 0.021348447 
846 264 8 9 0.021346113 
56 315 11 15 0.021336373 
377 514 26 31 0.021326823 
568 306 18 22 0.021321608 
43 294 11 14 0.0213193 
7 256 9 12 0.021312002 
495 289 7 8 0.021308772 
659 453 16 19 0.021284938 
661 366 11 13 0.021273509 
22 323 11 13 0.021272594 
915 273 7 9 0.021254513 
599 388 13 15 0.021241762 
579 422 13 16 0.021236194 
617 271 6 9 0.021234257 
411 438 18 21 0.021226073 
669 478 15 21 0.021220237 
717 442 14 19 0.02112457 
217 224 8 10 0.021109933 
897 529 28 32 0.021090731 
769 280 8 10 0.021041702 
398 317 8 10 0.021036897 
663 293 8 10 0.021032723 
66 289 15 17 0.021013103 
802 399 15 21 0.02098059 
264 393 11 15 0.02097985 
1004 382 14 17 0.020966483 
223 331 30 40 0.020954808 
119 257 7 9 0.020914963 
422 322 19 25 0.020907443 
806 287 8 10 0.020895455 
518 450 20 26 0.020893509 
255 347 10 13 0.020881504 
662 309 8 11 0.020877128 
856 512 27 35 0.020867968 
367 444 21 28 0.020845665 
869 349 12 15 0.020835333 
513 335 8 10 0.020830547 
122 160 7 9 0.020805158 
30 292 9 13 0.020778153 
520 295 7 8 0.020773048 
177 445 27 33 0.020764535 
478 342 8 11 0.020754267 
406 257 8 10 0.020697588 
511 457 12 20 0.02067781 
310 418 13 16 0.020671321 
653 271 11 13 0.020648919 
143 254 8 10 0.020639075 
583 266 18 23 0.020635493 
270 344 8 10 0.020603262 
44 323 11 14 0.020579439 
684 533 27 40 0.02057185 
317 371 13 15 0.020553978 
685 426 11 15 0.020517081 
352 357 9 13 0.0205154 
965 420 13 16 0.020485047 
295 276 8 10 0.020482661 
286 505 24 32 0.02048234 
358 272 9 12 0.020451978 
223 303 26 40 0.020434108 
839 466 14 18 0.020431537 
145 224 6 8 0.020422166 
392 263 8 9 0.02041802 
842 452 18 20 0.020387536 
568 285 7 10 0.020386474 
39 359 25 33 0.020378983 
215 208 8 9 0.020377617 
792 311 8 9 0.020374196 
308 428 23 30 0.020339498 
1013 469 10 16 0.02033432 
308 522 28 33 0.020305226 
104 264 8 10 0.020295968 
514 459 20 28 0.020258967 
854 384 12 16 0.02024496 
455 504 15 21 0.020225715 
468 434 16 20 0.020208236 
465 272 7 9 0.020195078 
341 426 15 19 0.020176597 
912 285 8 10 0.020174246 
1009 286 20 27 0.020153044 
809 239 195 228 0.020124396 
501 494 21 28 0.020121962 
328 342 9 10 0.020102222 
170 182 6 9 0.0200917 
369 271 8 10 0.020067694 
327 350 9 10 0.020055458 
327 268 7 10 0.020045867 
941 376 12 14 0.020010995 
