21_Festival_Festival_21_513
54
209 109 82 110 0.9970283 
505 95 81 102 0.9794756 
60 166 37 45 0.94439036 
645 210 31 38 0.7410563 
20 62 28 32 0.6080826 
980 367 18 23 0.38556823 
362 147 28 42 0.20293319 
752 132 55 96 0.14334823 
43 20 30 32 0.071949616 
633 205 47 68 0.06820118 
681 184 26 32 0.065679766 
21 34 46 51 0.06349665 
975 216 14 18 0.06332555 
988 205 10 13 0.062105842 
1001 205 11 13 0.06113392 
972 239 15 18 0.060402032 
579 79 49 70 0.054869864 
670 183 13 16 0.053452548 
669 180 27 33 0.047683813 
916 204 10 14 0.047076263 
661 193 30 35 0.042929605 
347 135 47 68 0.0396627 
650 255 36 42 0.039499503 
86 43 45 52 0.039073404 
30 15 52 58 0.039023377 
746 107 51 85 0.03795819 
612 218 49 73 0.037812717 
691 181 25 31 0.035701413 
594 513 16 17 0.03446709 
851 103 50 89 0.03285139 
959 216 14 21 0.032516 
19 173 17 24 0.031462036 
963 214 20 26 0.031306744 
1 114 12 17 0.030855183 
974 373 17 19 0.029567914 
711 41 48 60 0.02913717 
539 89 60 79 0.028616626 
326 79 43 53 0.028345011 
57 31 50 61 0.028081074 
980 213 14 18 0.026393427 
233 0 27 28 0.026380716 
0 99 13 18 0.026250158 
939 211 12 15 0.026228981 
56 23 18 21 0.026223319 
619 290 51 70 0.024976987 
16 53 47 57 0.02447392 
645 209 19 25 0.02402838 
76 174 34 43 0.023491796 
684 156 41 54 0.022890182 
692 262 38 63 0.022597246 
996 416 15 21 0.021668429 
661 184 18 21 0.021546355 
954 219 22 31 0.020910304 
539 957 12 15 0.020340513 
