21_Festival_Festival_21_526
1412
623 630 14 17 0.71974736 
78 599 20 26 0.6399342 
647 637 13 20 0.53881913 
909 582 17 23 0.5136138 
46 525 12 16 0.46499267 
33 118 23 30 0.4309425 
243 286 10 12 0.4282285 
177 534 9 13 0.4069522 
62 157 24 30 0.39031285 
660 430 9 11 0.38192764 
113 309 12 15 0.3671619 
19 615 16 21 0.3621039 
463 773 14 21 0.34258962 
685 550 9 13 0.33622763 
997 527 9 11 0.31868133 
54 564 12 15 0.31180418 
585 512 7 10 0.27262425 
47 507 10 13 0.269044 
987 620 13 18 0.2594743 
880 18 37 40 0.25644526 
976 579 9 12 0.25124756 
944 632 20 27 0.2443647 
55 511 9 11 0.24107835 
718 551 9 13 0.23781432 
47 559 11 14 0.23410355 
984 536 9 11 0.22818007 
952 557 10 13 0.22495176 
696 567 11 14 0.21751909 
110 467 10 13 0.21228088 
220 293 9 13 0.21205065 
67 596 22 27 0.2117003 
823 634 15 18 0.20898741 
575 479 8 11 0.20841886 
612 232 14 17 0.20586559 
240 244 10 13 0.20553552 
0 61 29 34 0.20514502 
948 534 9 12 0.20377332 
931 564 10 14 0.20200567 
983 559 12 15 0.19456618 
602 -81 410 547 0.19428328 
404 409 12 15 0.19166654 
632 253 10 13 0.18680473 
62 592 16 24 0.1808258 
696 517 9 14 0.17730053 
241 502 11 14 0.1715867 
659 613 13 15 0.17142846 
659 568 11 14 0.17034513 
233 524 10 13 0.16965874 
566 542 10 14 0.1676428 
670 383 7 9 0.16633733 
55 491 10 12 0.16135278 
665 524 9 12 0.16069523 
202 535 9 11 0.15906437 
586 516 9 12 0.15816344 
577 612 9 12 0.15589789 
326 501 10 14 0.15558772 
37 493 9 12 0.1497317 
191 486 9 10 0.14580491 
275 253 11 14 0.14442468 
661 655 19 27 0.14313981 
29 2 33 35 0.14103764 
23 529 12 14 0.14056093 
884 533 10 13 0.13966848 
982 541 10 11 0.13960962 
607 508 9 11 0.13754724 
405 472 8 11 0.13601257 
185 517 8 11 0.13531998 
152 496 7 9 0.13486561 
433 527 8 10 0.13411017 
116 268 12 15 0.13343936 
111 494 9 11 0.13208184 
695 493 8 11 0.13205397 
569 511 8 11 0.12931836 
222 518 10 13 0.12702663 
864 565 11 14 0.124876514 
457 359 10 12 0.1247909 
31 493 10 14 0.124690965 
416 182 10 13 0.12416387 
133 305 12 16 0.12386062 
1000 566 9 12 0.12358486 
20 564 15 18 0.1234754 
259 244 11 14 0.122843415 
150 316 11 14 0.12227261 
617 416 7 9 0.121370815 
664 384 7 10 0.121146925 
998 532 9 11 0.1201525 
11 151 18 19 0.11928392 
669 525 8 10 0.11908666 
669 360 8 10 0.11857918 
94 542 12 15 0.11853787 
330 123 29 34 0.11770377 
568 495 8 10 0.1172013 
981 573 11 13 0.11718978 
558 504 9 11 0.11698143 
417 423 10 12 0.116647564 
561 486 9 11 0.11604638 
453 550 11 13 0.11593925 
102 501 10 13 0.11554217 
728 508 10 12 0.11447716 
924 656 15 21 0.114415094 
262 679 11 14 0.11435445 
699 71 12 16 0.11431849 
649 539 10 12 0.11314195 
1 493 8 12 0.11186337 
711 503 8 11 0.11140128 
-103 69 438 547 0.110268235 
185 496 8 10 0.11026133 
884 443 11 14 0.110260755 
575 495 8 11 0.11009804 
902 570 10 12 0.10998016 
904 550 11 13 0.10943553 
749 529 9 11 0.108997025 
632 390 8 10 0.108241186 
554 208 24 26 0.10805926 
910 620 12 16 0.108012386 
6 495 8 12 0.107994534 
671 310 9 10 0.10789936 
865 561 9 11 0.10750704 
997 600 14 18 0.10713067 
972 527 9 11 0.1065664 
663 546 10 13 0.1057964 
55 515 11 16 0.105710484 
624 567 9 11 0.10440215 
111 502 9 11 0.10422795 
921 543 9 11 0.103963576 
684 692 16 22 0.1035414 
680 542 9 12 0.101890124 
593 495 8 11 0.10111469 
928 560 10 13 0.10078086 
719 522 7 10 0.100555874 
594 486 8 10 0.10041942 
961 543 9 11 0.09958466 
422 478 10 12 0.09953593 
822 618 11 14 0.098624885 
733 592 14 21 0.097983934 
881 555 11 13 0.097861804 
232 320 10 13 0.09608619 
670 519 9 11 0.09567303 
173 550 10 12 0.09513895 
578 328 9 12 0.09501318 
1008 542 9 10 0.09463671 
16 478 10 13 0.094394356 
481 193 12 16 0.094180614 
968 575 9 11 0.0939409 
700 550 9 12 0.09307828 
896 426 12 16 0.0928219 
877 647 17 22 0.09281911 
111 271 12 15 0.09231731 
826 570 14 17 0.09215777 
685 544 10 12 0.0918066 
745 528 9 12 0.09131529 
109 543 13 18 0.090951584 
833 549 10 12 0.09038838 
681 555 10 13 0.09038076 
83 515 13 18 0.09034823 
261 276 13 17 0.09014528 
23 542 12 16 0.089894645 
916 502 9 11 0.08968215 
883 549 10 13 0.08913771 
75 521 15 19 0.088616975 
350 464 7 10 0.0884314 
87 495 8 11 0.088167846 
659 494 8 10 0.08812419 
586 469 8 10 0.08738388 
574 463 7 9 0.08728605 
815 618 11 14 0.087254256 
853 479 10 13 0.086492725 
182 550 10 13 0.08603095 
442 360 9 11 0.08597383 
943 572 11 14 0.08581517 
572 549 10 12 0.085277 
753 676 17 19 0.08469856 
883 540 10 13 0.084197596 
657 502 9 11 0.083959036 
230 547 9 13 0.08328744 
696 558 10 13 0.08313043 
1008 549 11 15 0.08293679 
184 307 12 14 0.08211295 
672 512 8 10 0.08210404 
452 517 10 14 0.082029656 
469 74 24 29 0.08191073 
190 495 10 12 0.08188871 
656 389 9 10 0.081690006 
705 509 10 12 0.081307635 
945 510 10 13 0.08096181 
663 470 7 10 0.08089717 
654 536 10 13 0.08073674 
441 472 7 9 0.08072392 
865 79 28 35 0.08065455 
974 0 40 43 0.08063878 
268 503 10 12 0.08036011 
558 158 21 26 0.080049254 
40 531 13 16 0.079830796 
152 518 10 13 0.07971825 
64 475 9 11 0.079545826 
625 572 10 12 0.07942141 
532 237 12 15 0.07937251 
169 552 10 13 0.079245105 
671 462 7 9 0.07921084 
160 478 9 12 0.078693286 
624 351 9 11 0.07862741 
574 512 8 10 0.07777575 
721 618 15 22 0.07753584 
769 339 13 17 0.07721148 
672 343 8 10 0.07707412 
309 523 12 15 0.076496564 
431 408 9 11 0.07648345 
984 550 10 12 0.07633927 
606 535 9 13 0.07606067 
279 361 9 13 0.07590803 
813 572 12 15 0.07588333 
402 453 10 12 0.07566092 
577 557 9 12 0.07544538 
288 366 10 12 0.075319976 
201 539 11 14 0.07525674 
679 518 9 12 0.0752497 
636 550 8 11 0.075157076 
566 536 10 12 0.07513804 
625 400 7 8 0.07491479 
676 626 16 20 0.074858405 
84 478 10 13 0.07418452 
679 536 8 11 0.07413449 
663 511 8 10 0.074064605 
471 559 10 12 0.074042186 
55 423 9 11 0.07345378 
991 584 9 11 0.073383346 
159 494 8 10 0.07285862 
244 291 12 15 0.07264192 
133 468 10 12 0.07261291 
1012 611 10 14 0.072604805 
951 618 13 16 0.072524026 
648 408 9 10 0.07251516 
687 349 8 9 0.07220032 
657 488 8 11 0.07208365 
679 512 8 9 0.07203054 
184 511 9 12 0.07193631 
266 508 11 12 0.07189485 
583 269 11 15 0.07163695 
97 501 9 11 0.071508996 
472 423 9 11 0.07072721 
4 520 14 20 0.07067496 
654 549 11 15 0.07065792 
636 541 9 11 0.07048577 
592 556 9 12 0.07037638 
624 527 10 12 0.070053965 
253 298 10 13 0.06982906 
241 496 8 10 0.06950938 
11 514 11 16 0.06926028 
710 536 10 11 0.069224715 
157 317 10 13 0.069177166 
462 533 9 11 0.06913462 
918 482 11 14 0.06911275 
797 663 17 23 0.06868531 
575 483 9 12 0.06862234 
968 531 9 11 0.068561316 
181 528 10 12 0.06831557 
729 119 10 13 0.06831314 
41 509 11 14 0.06819935 
680 349 9 10 0.06800103 
928 526 9 11 0.06773729 
771 570 11 15 0.06751802 
697 549 8 12 0.0674623 
670 448 8 10 0.06726467 
16 501 9 11 0.067243025 
671 585 14 18 0.0671215 
632 558 8 10 0.06699895 
769 535 9 12 0.06651557 
623 463 8 10 0.0659117 
248 536 9 11 0.06583364 
263 374 9 12 0.06571979 
551 271 12 14 0.06550392 
660 424 10 12 0.06526268 
760 544 9 11 0.06521595 
421 524 9 11 0.06521177 
641 641 13 18 0.06514088 
661 695 15 21 0.065114364 
208 502 9 11 0.06509565 
663 326 8 11 0.065079264 
226 477 8 10 0.065060966 
224 659 12 17 0.0648493 
105 464 10 12 0.064809404 
177 530 9 11 0.06470574 
694 350 8 10 0.06449774 
714 524 9 11 0.063982025 
155 611 14 18 0.06397523 
218 305 13 17 0.063716754 
139 545 11 16 0.063684136 
664 343 7 9 0.06344475 
100 508 13 17 0.06313377 
670 558 10 12 0.06291628 
431 485 8 11 0.06274478 
444 364 9 11 0.06267961 
455 524 9 12 0.06264202 
294 439 7 9 0.062387746 
954 634 15 20 0.062306974 
104 496 10 12 0.06222128 
209 483 10 12 0.062013306 
30 129 25 33 0.06168449 
430 548 10 13 0.06152102 
671 351 8 10 0.061347608 
400 433 8 10 0.06134165 
753 570 12 15 0.061203457 
88 605 15 23 0.061154723 
772 580 11 14 0.06098899 
924 548 10 12 0.06061764 
945 552 10 12 0.060592886 
327 438 8 11 0.060567494 
580 609 10 13 0.060548823 
169 419 9 11 0.060545254 
566 486 8 10 0.060474694 
696 544 8 11 0.06037394 
251 318 11 14 0.060356747 
132 313 14 18 0.060058918 
564 318 9 12 0.059919883 
457 531 10 13 0.059840098 
2 499 8 13 0.059838165 
666 519 8 12 0.059810936 
428 510 8 10 0.059805606 
241 455 8 10 0.059754144 
460 550 10 13 0.05972668 
660 435 9 12 0.05967586 
366 406 9 11 0.05942689 
677 422 10 13 0.059382904 
927 522 9 10 0.059374586 
308 351 8 11 0.05918538 
81 511 12 15 0.05905638 
569 480 8 10 0.059001133 
206 614 10 14 0.058858838 
613 574 8 12 0.05885425 
687 503 8 10 0.058753137 
193 500 10 14 0.058292784 
649 557 10 13 0.05813723 
988 552 10 12 0.057968646 
214 523 10 13 0.057916004 
160 581 11 14 0.05785219 
752 565 11 14 0.057754625 
194 478 9 13 0.057728633 
926 587 12 16 0.05761826 
193 218 13 18 0.05759367 
535 53 11 14 0.05747935 
695 365 9 12 0.05732347 
111 527 12 15 0.05727093 
308 373 10 13 0.05704233 
663 447 9 10 0.056973353 
180 469 10 13 0.056932718 
32 488 9 12 0.056667645 
711 519 9 10 0.056600437 
669 549 8 11 0.056585927 
231 520 10 12 0.056518048 
687 519 10 13 0.056456216 
745 543 9 10 0.05634738 
110 585 15 18 0.056149893 
303 391 7 9 0.055968337 
163 589 14 16 0.055960048 
145 501 10 13 0.055878203 
602 693 12 17 0.0558127 
704 536 9 11 0.055745527 
63 746 29 48 0.05535856 
690 494 8 11 0.055308636 
551 486 8 11 0.05513953 
646 502 9 12 0.054937486 
139 258 13 15 0.05491446 
263 350 9 11 0.054616373 
600 408 7 9 0.054416962 
647 314 8 9 0.05434711 
145 496 8 10 0.054328255 
169 494 9 11 0.054282665 
27 634 14 17 0.053935885 
194 557 13 16 0.053905208 
743 560 9 11 0.053791877 
237 533 9 12 0.053779062 
932 527 9 11 0.053687025 
85 589 14 17 0.0536725 
288 518 9 11 0.053637367 
720 368 10 11 0.053556837 
468 784 22 27 0.053548314 
246 299 10 14 0.05351654 
27 546 12 16 0.053427882 
400 438 9 10 0.053403284 
630 247 10 13 0.05334428 
908 533 9 12 0.05316829 
1015 564 8 13 0.05311535 
402 674 23 28 0.052659143 
257 343 9 11 0.052479632 
637 392 7 9 0.052421995 
581 559 9 11 0.052306116 
0 200 22 32 0.05230382 
266 329 8 10 0.052209854 
601 478 8 10 0.052191347 
717 664 18 23 0.052137014 
319 468 10 12 0.052113358 
96 231 12 15 0.05182683 
232 565 8 11 0.051730122 
422 407 9 11 0.051666643 
664 465 7 9 0.0516176 
932 569 12 16 0.05158277 
887 578 11 14 0.05148537 
228 581 12 15 0.051415253 
277 532 10 15 0.051301442 
796 527 9 10 0.051243607 
645 611 13 16 0.05117658 
133 386 11 14 0.05112005 
639 397 7 9 0.05103493 
634 302 8 11 0.05102863 
720 544 8 10 0.051022835 
553 503 9 11 0.050987337 
511 376 7 9 0.05095946 
640 359 9 11 0.050860424 
93 583 11 15 0.050828416 
751 543 8 11 0.050691687 
1 439 9 13 0.05063903 
686 509 8 10 0.05060543 
48 493 10 12 0.05052349 
665 351 7 10 0.05051236 
672 305 7 10 0.050337948 
812 635 12 16 0.050299462 
20 484 10 12 0.050199393 
648 398 9 10 0.050175127 
315 251 12 16 0.05005652 
561 548 10 13 0.050018556 
470 542 8 11 0.05001368 
964 635 12 16 0.04989519 
402 446 9 11 0.049877018 
975 533 8 10 0.04965176 
613 559 8 10 0.04962822 
671 328 8 10 0.04961759 
108 606 17 23 0.049379285 
0 196 12 20 0.049371902 
479 409 9 11 0.049232848 
658 471 7 10 0.049204856 
972 588 12 15 0.04919097 
230 494 8 10 0.049138654 
231 588 11 13 0.049050342 
687 533 9 12 0.049040917 
673 503 7 9 0.049016282 
550 494 8 10 0.04899588 
452 420 11 12 0.04898651 
123 269 12 14 0.048972167 
143 507 11 15 0.04895253 
0 488 6 12 0.048830774 
645 424 8 11 0.04878672 
13 567 16 20 0.048683394 
826 617 15 18 0.048677057 
943 628 14 20 0.048619412 
937 711 29 36 0.04857305 
662 389 8 10 0.04848807 
687 311 8 10 0.048359524 
70 200 15 20 0.048333127 
173 502 9 11 0.048324008 
93 515 12 16 0.048303973 
602 508 10 12 0.048143916 
51 647 18 25 0.048096072 
608 582 10 13 0.048063852 
190 509 10 12 0.048062347 
571 643 11 13 0.048058655 
910 526 9 11 0.047941886 
672 399 8 10 0.04787931 
688 566 11 14 0.047870547 
1007 536 9 12 0.047798514 
372 250 13 15 0.04777984 
100 523 13 18 0.047750413 
627 581 11 14 0.04773323 
281 383 7 10 0.047585234 
132 414 14 16 0.047521707 
582 494 8 10 0.047499146 
375 389 10 12 0.04745397 
568 502 8 10 0.047367703 
449 382 11 14 0.04734787 
570 463 8 11 0.047330406 
635 12 10 14 0.047278594 
677 438 9 10 0.04719696 
648 508 9 11 0.04701182 
662 487 8 11 0.04691499 
703 541 9 11 0.04682286 
713 573 10 14 0.046799045 
139 455 10 11 0.046792418 
809 572 10 14 0.046754997 
305 519 10 13 0.04671719 
916 576 10 12 0.046587985 
68 149 18 23 0.04645864 
911 575 11 13 0.046451293 
735 528 8 10 0.046415653 
662 320 8 10 0.046381686 
263 259 11 14 0.04633989 
121 632 15 22 0.04627099 
637 535 8 11 0.04620869 
968 591 11 14 0.046015717 
432 544 8 11 0.0460092 
89 463 7 10 0.045968905 
958 548 10 13 0.045848362 
289 261 11 15 0.045768015 
654 367 9 11 0.04575397 
1012 556 10 14 0.0457271 
255 581 11 14 0.045725208 
133 564 11 13 0.045624167 
641 367 9 10 0.045611575 
574 517 8 11 0.045598 
0 540 7 15 0.045581598 
79 545 13 18 0.045525413 
239 301 13 15 0.04549564 
385 439 8 10 0.045492616 
756 576 12 15 0.04541398 
407 144 11 15 0.04536702 
59 490 13 15 0.04523276 
822 604 11 15 0.04516358 
911 520 9 10 0.045089014 
568 516 10 12 0.045010585 
681 623 20 26 0.044998378 
47 478 11 13 0.044931684 
629 532 11 13 0.044902314 
283 407 10 12 0.04484923 
497 405 10 12 0.044833917 
669 365 8 10 0.044829108 
436 525 9 11 0.04456456 
191 190 14 17 0.044550497 
751 560 8 11 0.04453616 
854 517 9 12 0.044528138 
673 532 9 12 0.04441403 
223 460 9 12 0.044359062 
670 390 8 10 0.044212874 
4 445 10 12 0.044093095 
488 331 10 12 0.0440542 
311 439 8 9 0.04404629 
649 384 8 10 0.04402399 
651 630 16 20 0.043985754 
991 533 9 11 0.043931466 
741 585 22 28 0.043737188 
41 -2 470 528 0.04365657 
736 551 8 10 0.043650832 
151 464 10 12 0.04363073 
159 455 10 11 0.04356531 
424 484 9 11 0.043517426 
977 557 11 15 0.04349909 
773 540 8 10 0.043441035 
625 479 8 10 0.04338141 
181 538 10 12 0.043364454 
423 399 8 11 0.04334045 
196 445 10 13 0.043316845 
646 429 7 10 0.043061294 
225 513 9 11 0.04286165 
457 191 21 27 0.042814583 
631 479 8 11 0.042739484 
505 746 13 18 0.04270734 
80 502 9 11 0.042688787 
68 564 11 15 0.042686004 
728 589 11 15 0.042634673 
71 455 8 10 0.042616438 
768 540 10 12 0.042502802 
585 589 11 14 0.042496108 
704 504 10 11 0.042315442 
599 412 8 10 0.042274814 
701 517 9 14 0.04227398 
624 520 10 12 0.042168364 
938 603 14 18 0.042164 
231 489 7 9 0.04211412 
185 485 9 11 0.042055923 
177 574 12 15 0.042006347 
323 405 9 11 0.04191278 
497 399 9 11 0.041905016 
706 383 8 10 0.04184886 
656 312 7 10 0.04174707 
976 519 9 10 0.041643213 
79 464 8 10 0.041584566 
694 533 9 11 0.041572396 
905 542 9 12 0.04154952 
670 454 9 11 0.041532617 
7 510 11 15 0.041311987 
640 408 8 10 0.041234676 
1006 572 10 13 0.041227918 
311 446 8 10 0.040920466 
654 374 8 10 0.040829126 
561 492 9 11 0.0407807 
562 292 11 16 0.040740512 
149 508 10 14 0.04066228 
345 463 9 11 0.040591683 
225 566 8 11 0.040474568 
842 610 16 21 0.040348772 
696 500 8 11 0.04032494 
638 590 11 14 0.040291555 
424 502 8 10 0.04026513 
154 601 15 19 0.04023831 
14 492 11 13 0.040236082 
58 569 14 17 0.040183064 
80 494 10 13 0.04014577 
673 287 8 11 0.040131256 
440 479 9 11 0.040085737 
971 713 23 33 0.04008286 
221 208 11 14 0.039990865 
593 480 8 10 0.039937142 
682 301 8 11 0.03983418 
991 597 14 18 0.03983111 
908 554 11 14 0.039784733 
630 384 9 11 0.039734684 
159 596 13 16 0.039704874 
3 111 22 32 0.039549448 
933 533 8 11 0.039511926 
549 477 8 11 0.039421555 
420 427 10 11 0.039418742 
381 416 9 10 0.03935862 
886 529 9 11 0.039336864 
169 534 10 13 0.039331242 
550 345 8 10 0.0391983 
172 188 12 14 0.03918393 
256 655 12 12 0.03913112 
620 716 12 16 0.039052803 
230 476 8 10 0.03884047 
175 508 10 12 0.038810395 
416 407 10 11 0.03878802 
237 655 11 14 0.038602896 
85 541 13 17 0.038525414 
244 357 9 11 0.038501482 
629 407 9 11 0.038345814 
64 230 13 15 0.038290504 
116 530 10 15 0.03827905 
968 579 11 13 0.0382763 
641 446 8 9 0.038239878 
109 506 13 16 0.03822752 
166 459 10 12 0.038221337 
639 570 10 13 0.038208026 
620 422 9 11 0.038193457 
744 550 8 10 0.03816784 
562 481 8 10 0.038163528 
596 557 9 11 0.037993502 
432 436 10 13 0.03798588 
209 428 11 15 0.037944403 
655 478 8 10 0.03794033 
624 588 10 15 0.037932225 
662 406 9 10 0.03792143 
543 478 8 11 0.03790138 
991 518 8 10 0.037837844 
161 486 8 13 0.03781126 
441 486 9 11 0.037793517 
165 565 11 15 0.037731078 
0 533 8 15 0.03772285 
81 472 8 10 0.037679076 
101 543 14 19 0.037656583 
714 553 11 16 0.037653707 
835 615 16 20 0.037616808 
729 488 9 11 0.03761656 
217 316 10 14 0.03752873 
737 596 16 22 0.037493076 
424 472 9 12 0.037475433 
583 456 7 10 0.03742108 
135 486 10 13 0.037335884 
914 622 16 20 0.037283886 
588 511 9 12 0.037213843 
522 187 14 17 0.03716047 
39 515 12 15 0.037099447 
654 360 8 10 0.03708543 
629 357 9 11 0.037081327 
638 479 9 11 0.037030656 
448 511 10 13 0.036964297 
115 463 12 13 0.036951024 
149 230 11 15 0.036834165 
39 500 10 13 0.036794215 
717 501 9 11 0.036792595 
510 382 8 11 0.036791194 
526 368 8 10 0.036768235 
606 431 7 9 0.036702935 
649 391 8 10 0.03656909 
353 422 7 10 0.036559816 
899 421 12 15 0.036537867 
574 535 9 11 0.036408152 
209 463 9 11 0.03633648 
28 143 24 30 0.036331695 
680 525 8 10 0.036230903 
640 424 8 11 0.03621002 
630 495 8 10 0.036201425 
321 495 10 13 0.036161274 
21 500 10 13 0.036153 
191 580 11 14 0.03612304 
169 325 10 12 0.03606547 
652 705 13 19 0.03605034 
295 247 10 12 0.036029436 
143 316 12 15 0.035887077 
711 496 8 10 0.03586111 
561 539 11 15 0.035804454 
140 484 10 12 0.035755385 
176 528 19 23 0.03565672 
590 463 9 11 0.035648 
361 375 9 11 0.035647526 
803 419 11 15 0.03560931 
688 360 11 12 0.035560325 
272 526 10 13 0.035539635 
629 520 9 11 0.0354823 
851 548 11 14 0.035473164 
679 326 9 11 0.03539435 
401 239 11 15 0.035357635 
256 502 9 11 0.035331544 
688 344 8 10 0.035287466 
1001 539 9 12 0.03528119 
959 527 9 10 0.03527667 
245 496 8 10 0.035103347 
262 648 13 14 0.035096742 
341 430 10 13 0.035047144 
641 496 8 10 0.035023145 
18 623 23 30 0.034962606 
637 557 9 11 0.034955304 
772 334 11 14 0.034952275 
976 548 11 14 0.03493978 
167 525 8 11 0.034930557 
979 596 13 17 0.03485779 
7 610 25 32 0.034769062 
253 533 13 15 0.034713417 
1004 603 13 18 0.03468572 
701 493 11 12 0.03464771 
178 474 11 14 0.034617342 
718 496 8 10 0.034603577 
650 551 10 13 0.034593858 
630 485 8 10 0.03456626 
413 512 8 10 0.034550544 
21 551 20 25 0.034505196 
671 543 9 12 0.034503724 
165 519 9 13 0.034480907 
615 400 6 8 0.0344446 
734 580 12 16 0.034418542 
641 501 10 12 0.03435063 
119 414 14 17 0.03434095 
248 481 8 9 0.034336247 
618 430 7 10 0.03427432 
602 470 8 12 0.03425258 
193 200 15 20 0.03424518 
924 479 11 15 0.03414301 
416 518 9 13 0.03413847 
971 595 13 17 0.034100458 
215 462 9 12 0.034061413 
235 324 9 13 0.0340497 
231 500 9 12 0.034031104 
244 438 9 11 0.03402324 
75 668 25 30 0.03399068 
542 245 14 18 0.03392261 
553 360 8 11 0.03377503 
619 105 23 30 0.033715796 
101 602 15 21 0.033676572 
304 406 8 10 0.033673517 
245 432 10 12 0.03364115 
189 640 13 18 0.033608224 
54 504 10 13 0.033601902 
724 373 9 11 0.033552554 
265 332 8 12 0.0335008 
2 524 9 15 0.03349538 
873 518 8 10 0.033491433 
559 524 9 13 0.03346022 
872 558 21 27 0.03345217 
143 468 11 12 0.03333446 
692 624 16 21 0.033283778 
606 477 9 11 0.03319669 
692 576 14 18 0.0331511 
157 538 12 14 0.033143483 
248 587 11 14 0.033101115 
332 338 13 16 0.03307458 
408 384 8 10 0.033043656 
245 281 12 14 0.03303861 
655 699 14 19 0.033029262 
688 319 10 12 0.032926746 
127 221 15 18 0.032879017 
625 561 9 11 0.03275005 
992 624 15 17 0.032749493 
179 561 22 28 0.032629456 
895 525 9 11 0.032612026 
775 551 8 10 0.032575842 
449 415 11 13 0.032555502 
623 355 10 12 0.032523077 
542 502 9 11 0.03252018 
158 460 11 12 0.032515418 
647 519 9 11 0.032509938 
682 391 8 10 0.032503475 
835 570 14 17 0.032483336 
93 463 9 10 0.03247841 
255 270 13 16 0.03243229 
560 532 10 16 0.032429207 
644 590 11 13 0.03229126 
106 282 16 20 0.032205407 
136 461 10 13 0.032191984 
48 484 12 14 0.032148965 
417 412 9 12 0.032133557 
680 504 8 9 0.032125678 
973 707 14 18 0.03212169 
189 551 11 14 0.032101788 
431 480 8 10 0.032004397 
10 477 10 12 0.03196174 
808 622 11 12 0.031952616 
904 617 13 18 0.031890303 
338 429 8 12 0.031812597 
157 523 10 12 0.031737283 
614 566 8 11 0.031645276 
570 469 8 10 0.03157749 
191 470 10 12 0.03156437 
382 422 8 10 0.03155687 
159 510 8 11 0.03154127 
632 398 7 9 0.03145786 
933 628 13 18 0.031419545 
920 556 10 14 0.03135939 
712 640 13 18 0.031322114 
679 360 9 10 0.031320322 
536 429 9 11 0.03130962 
225 487 9 10 0.03127261 
327 8 40 40 0.031261444 
127 299 15 17 0.03125758 
363 -60 490 554 0.031256627 
932 582 11 13 0.031234186 
648 375 8 9 0.03121673 
264 441 8 9 0.031147016 
393 610 11 16 0.031129416 
526 472 8 11 0.031070624 
934 630 22 28 0.031048536 
804 319 9 11 0.03104397 
439 535 9 12 0.030973896 
113 487 9 12 0.030970521 
647 479 8 10 0.030956993 
463 375 9 10 0.030940097 
247 486 8 10 0.030936792 
60 578 14 20 0.030936409 
127 316 13 18 0.03090613 
100 587 14 17 0.030814445 
615 186 14 17 0.030733222 
400 476 11 13 0.030715894 
371 388 9 11 0.030696493 
544 494 9 11 0.030685134 
271 432 9 10 0.030604599 
947 617 21 27 0.030571165 
709 600 12 15 0.03056762 
390 439 8 11 0.030539816 
552 471 6 10 0.030517412 
211 534 12 14 0.030516425 
12 522 12 16 0.030489562 
319 391 9 9 0.030461285 
654 455 8 10 0.030395426 
927 533 9 11 0.03037318 
445 480 8 10 0.030286487 
321 384 9 10 0.030256554 
564 605 11 14 0.030216964 
986 428 16 18 0.030210491 
880 493 10 12 0.030201247 
614 375 9 11 0.030183606 
197 472 9 11 0.030179674 
758 526 9 11 0.030166708 
655 507 9 12 0.030146576 
359 380 9 12 0.03013187 
503 368 8 10 0.030092027 
881 529 9 10 0.030063914 
647 293 10 12 0.030055085 
291 372 11 12 0.030051138 
166 487 9 12 0.029884908 
897 566 11 15 0.029871807 
290 439 8 11 0.02986172 
446 535 9 13 0.02985701 
408 46 26 33 0.029824426 
727 541 9 11 0.0298129 
367 401 8 10 0.029805673 
255 495 9 11 0.029748684 
124 556 13 17 0.029719545 
734 575 11 13 0.029702345 
856 434 13 16 0.029696468 
126 485 11 14 0.02967187 
581 486 8 10 0.029668681 
38 488 9 11 0.02960311 
125 417 14 16 0.029598385 
769 560 9 11 0.029597864 
345 468 9 10 0.029597526 
110 321 14 15 0.029556956 
446 542 10 14 0.029532267 
799 551 9 12 0.029528301 
681 472 8 10 0.029519778 
717 621 23 31 0.0295064 
695 373 8 10 0.02949852 
334 367 8 10 0.029470583 
1012 500 9 14 0.02946705 
640 439 9 12 0.029464008 
416 500 8 11 0.029425992 
280 389 8 11 0.029409658 
686 389 9 11 0.029401971 
657 463 7 9 0.029358532 
24 492 10 15 0.029354965 
582 542 9 12 0.029314997 
719 280 9 12 0.029308608 
670 564 10 13 0.029289851 
980 588 12 14 0.029243605 
997 583 10 12 0.029225849 
208 495 10 11 0.0291846 
908 565 12 15 0.029160088 
456 181 13 16 0.029097518 
621 242 11 15 0.02909216 
266 477 9 12 0.029071974 
998 282 21 29 0.029071126 
421 554 11 14 0.029043961 
506 616 28 36 0.028955072 
839 587 11 14 0.028947156 
15 531 11 15 0.028942224 
582 550 9 12 0.02885867 
633 308 9 11 0.028790709 
997 588 11 13 0.028761888 
867 602 15 18 0.028681286 
923 717 15 18 0.028666204 
212 613 11 15 0.028644828 
261 671 13 16 0.028644828 
944 528 10 11 0.028638339 
891 580 12 15 0.028596265 
812 568 20 25 0.028584205 
920 563 11 14 0.028562391 
266 472 8 9 0.028547337 
311 393 8 10 0.028518036 
182 463 11 12 0.028491188 
657 606 21 25 0.028467985 
527 373 8 10 0.02844415 
1013 629 10 16 0.028422782 
487 366 11 14 0.02838612 
646 496 7 9 0.02837867 
623 252 10 14 0.028333442 
672 376 8 11 0.028325846 
338 399 9 11 0.028324774 
573 472 8 9 0.028322132 
949 528 10 12 0.028243931 
734 542 8 10 0.028216856 
646 524 10 12 0.028207626 
608 400 8 10 0.028203875 
38 428 12 14 0.028193656 
197 548 13 16 0.02814699 
255 282 13 16 0.028129932 
585 351 8 10 0.028122462 
188 535 10 12 0.028106248 
849 501 8 11 0.028085323 
80 481 10 13 0.02804608 
81 432 8 9 0.028002119 
2 431 8 12 0.027958099 
680 455 9 10 0.027950525 
616 472 8 11 0.027949683 
561 583 16 20 0.027893953 
1007 516 8 10 0.027870491 
959 517 9 11 0.027869087 
700 367 8 10 0.027834238 
252 485 9 12 0.027752912 
438 373 9 11 0.027740328 
932 541 10 13 0.027719501 
319 432 7 9 0.027696269 
702 399 8 10 0.027675832 
281 411 11 15 0.027629135 
918 472 11 13 0.02762307 
281 518 9 12 0.027611475 
533 150 23 28 0.027603835 
282 419 9 13 0.027589401 
942 578 11 15 0.027587866 
345 381 9 12 0.027551351 
645 438 9 11 0.027551297 
786 534 8 11 0.027524654 
878 571 13 18 0.027520595 
581 479 8 10 0.02751979 
183 501 10 12 0.0275038 
755 340 15 18 0.027468638 
633 296 9 13 0.0273666 
662 397 8 11 0.027337499 
345 358 10 13 0.027281636 
849 517 9 13 0.027278977 
418 478 9 12 0.027254619 
302 333 9 11 0.027226308 
462 776 22 28 0.027199144 
537 391 7 9 0.02714813 
59 558 14 16 0.027126752 
25 107 39 49 0.027116915 
1005 268 16 18 0.027114939 
599 517 10 11 0.027113153 
737 366 9 11 0.027084226 
83 612 17 22 0.02708395 
657 318 8 9 0.027083427 
940 695 18 21 0.027033573 
263 514 13 15 0.027011072 
536 759 11 14 0.027009513 
225 499 10 12 0.027005253 
224 471 8 11 0.027001044 
335 279 10 12 0.02697987 
277 247 11 14 0.026973085 
1004 566 11 14 0.026971694 
369 382 8 11 0.02697077 
737 559 9 11 0.026940305 
16 432 9 11 0.026928235 
497 411 9 13 0.026922297 
584 415 7 9 0.02692114 
983 615 12 17 0.026904227 
987 668 15 19 0.026891945 
402 367 9 11 0.02687584 
768 528 9 11 0.026868857 
243 238 13 15 0.026862647 
612 503 11 13 0.026859215 
198 317 11 13 0.02683599 
441 130 13 16 0.02682417 
679 294 8 11 0.026813304 
628 566 11 13 0.026809089 
686 477 7 10 0.0267914 
607 527 9 11 0.026772585 
625 384 8 10 0.026764914 
114 538 12 19 0.026752293 
608 485 8 10 0.026703134 
405 460 9 11 0.02668659 
153 453 9 11 0.026671322 
599 687 11 15 0.026630953 
649 279 10 13 0.02662986 
231 510 9 12 0.026625207 
559 468 8 10 0.026601063 
632 422 9 12 0.026568592 
720 399 8 10 0.026559109 
413 383 9 11 0.02653247 
239 430 9 12 0.026523106 
336 456 7 9 0.026510276 
973 444 11 13 0.026496496 
207 445 10 13 0.026456833 
625 391 8 9 0.026432842 
854 577 14 18 0.026384208 
740 692 15 20 0.026380483 
879 636 14 17 0.02635167 
326 420 8 10 0.026331544 
501 140 12 17 0.02632795 
690 487 8 11 0.026310325 
432 472 8 10 0.026300494 
408 400 9 12 0.026290921 
534 492 8 12 0.026283382 
452 386 12 14 0.026247295 
671 315 9 12 0.026207192 
329 456 7 9 0.02620438 
448 350 9 10 0.026145814 
618 236 12 16 0.026131699 
657 342 9 11 0.026127527 
613 708 11 14 0.026115952 
809 624 20 25 0.026110964 
521 374 7 9 0.026084248 
189 556 21 28 0.026061483 
601 533 11 14 0.026061073 
979 642 15 19 0.026060527 
361 440 7 10 0.026002593 
2 608 17 23 0.025998224 
889 281 23 27 0.025993105 
70 487 10 12 0.025979677 
993 521 18 23 0.02596657 
706 295 10 13 0.025934217 
59 522 14 17 0.025927294 
607 438 7 9 0.025918746 
72 461 8 9 0.025902987 
86 693 51 61 0.025895014 
687 585 13 18 0.025893295 
30 736 52 69 0.02589214 
848 642 12 16 0.025822936 
263 446 9 11 0.02581882 
646 366 8 11 0.025807822 
537 335 9 10 0.02579959 
462 528 8 11 0.025780754 
867 454 11 14 0.025768865 
622 469 9 11 0.025759595 
69 439 9 11 0.025740331 
861 682 16 21 0.025736628 
39 556 13 16 0.025716212 
697 511 8 11 0.025705999 
6 431 9 11 0.025676426 
505 374 8 9 0.025666604 
629 351 8 12 0.025644673 
626 405 8 11 0.025639197 
877 518 8 9 0.025630914 
664 477 8 10 0.025611699 
647 359 9 11 0.02560355 
325 464 8 9 0.025569646 
646 564 10 13 0.025560176 
729 305 10 12 0.02554282 
639 484 8 10 0.025530757 
631 440 8 10 0.025507197 
432 520 8 11 0.025489572 
654 589 10 14 0.025461428 
493 366 9 12 0.025452973 
758 561 8 10 0.025446482 
59 549 12 14 0.025433477 
835 554 11 15 0.025421211 
877 288 11 14 0.025417643 
957 511 10 13 0.025391778 
116 491 10 13 0.025365781 
577 360 7 8 0.025339777 
454 67 28 33 0.02530878 
871 550 10 13 0.025267873 
951 598 13 16 0.025265919 
679 399 8 10 0.025240665 
648 486 7 10 0.02522286 
959 534 9 11 0.025218433 
445 66 13 17 0.025196502 
781 321 13 17 0.025193902 
0 190 10 17 0.025186403 
253 480 8 9 0.02509142 
638 327 8 10 0.025077779 
265 309 10 13 0.025074188 
115 507 11 14 0.025062744 
721 391 7 10 0.025061866 
653 407 8 10 0.025060914 
664 311 9 11 0.025060434 
465 436 10 14 0.025004342 
311 451 8 11 0.02500237 
702 375 8 9 0.024981244 
120 629 24 36 0.024961662 
153 351 11 14 0.024948198 
827 621 22 26 0.024933249 
709 618 21 29 0.024912182 
141 404 11 13 0.024907354 
158 501 8 11 0.024891963 
452 543 21 26 0.024882574 
535 504 8 10 0.024878528 
125 275 14 16 0.024873475 
93 495 12 14 0.024845114 
621 525 21 25 0.024833413 
862 511 8 10 0.024824105 
568 621 11 13 0.024716489 
1013 573 10 14 0.02471031 
133 555 13 17 0.024701746 
814 602 15 20 0.024673304 
428 400 11 13 0.024650035 
30 510 11 15 0.024649208 
550 741 14 15 0.024623848 
329 444 7 10 0.024580495 
920 525 9 12 0.024563797 
655 327 10 11 0.024530694 
930 685 26 34 0.024519779 
432 533 8 11 0.024497047 
754 687 15 18 0.024482274 
686 463 8 10 0.024480645 
163 597 17 21 0.024474125 
547 259 12 14 0.024469715 
195 263 11 15 0.024456229 
39 655 29 37 0.024443908 
152 488 8 11 0.02443758 
457 454 8 11 0.024390548 
94 454 9 10 0.024363983 
862 586 12 14 0.024356352 
447 502 8 11 0.0243278 
549 375 8 11 0.024299793 
1008 579 10 13 0.024281688 
615 478 7 10 0.024259014 
670 495 9 11 0.024256228 
239 667 11 14 0.02423584 
108 514 13 16 0.024232887 
848 543 10 15 0.024223076 
606 423 7 10 0.02421296 
505 383 9 11 0.024208983 
468 546 12 16 0.024201922 
208 507 9 11 0.024167154 
327 433 7 9 0.024146875 
649 286 10 12 0.024137942 
95 482 11 13 0.024120582 
195 507 11 13 0.024078662 
271 392 8 10 0.024034588 
258 532 13 15 0.02403012 
599 502 9 11 0.024022723 
447 375 9 11 0.024018927 
297 310 8 11 0.024012215 
261 659 12 14 0.023948908 
1013 597 10 15 0.023931153 
608 575 10 13 0.023913046 
255 396 10 12 0.023912046 
849 510 8 11 0.023896836 
646 582 10 12 0.023832133 
776 318 11 15 0.02379089 
230 574 11 14 0.023789123 
688 383 10 12 0.023782795 
671 279 8 10 0.023769282 
976 564 20 25 0.023767535 
245 444 9 11 0.023760427 
1012 438 9 13 0.023722006 
664 185 12 16 0.023711422 
895 519 9 11 0.023710648 
409 516 10 13 0.023706676 
863 563 19 25 0.023694338 
680 462 8 9 0.023680095 
200 353 12 15 0.023671271 
945 503 8 11 0.023665287 
957 709 28 40 0.023652809 
559 612 9 12 0.023652604 
227 637 11 14 0.023626592 
782 549 9 11 0.023609301 
359 305 12 15 0.023560882 
390 376 8 10 0.023549229 
258 249 13 17 0.02351912 
401 373 9 11 0.023507075 
563 56 25 30 0.023483992 
414 534 10 12 0.023458159 
519 399 9 12 0.023439428 
45 551 14 16 0.023412637 
639 352 9 10 0.023397774 
869 468 9 12 0.023376174 
337 463 7 9 0.023370504 
596 550 11 14 0.023369147 
938 688 44 59 0.023363203 
444 471 9 10 0.023362804 
750 669 17 20 0.023352075 
160 571 13 17 0.023307638 
988 539 10 12 0.023303827 
167 271 13 15 0.023271488 
416 375 9 11 0.02325626 
268 349 10 12 0.023227565 
566 554 11 16 0.023215342 
766 692 14 17 0.023206132 
141 534 9 12 0.023198172 
165 319 10 12 0.023193339 
160 555 12 17 0.023188142 
808 568 9 11 0.02318159 
118 555 13 18 0.023180336 
46 427 11 15 0.02310466 
401 383 9 11 0.02309695 
597 604 12 15 0.023093658 
303 517 20 25 0.023075523 
592 563 10 13 0.023070369 
672 336 8 9 0.023068782 
665 375 7 10 0.023043767 
158 472 11 13 0.023034032 
229 642 10 13 0.023030112 
680 334 8 11 0.023017846 
791 533 9 11 0.023012776 
125 406 12 14 0.022997098 
965 670 16 22 0.022964181 
785 542 8 11 0.02296297 
407 534 10 14 0.022930551 
987 570 12 14 0.022916716 
22 432 9 11 0.022913355 
25 634 25 32 0.022911761 
315 524 12 15 0.022908432 
313 432 8 10 0.022889338 
655 396 9 11 0.022873176 
733 534 9 11 0.022815444 
797 532 9 12 0.022777077 
567 543 18 23 0.022775665 
617 526 9 12 0.022763882 
32 230 13 17 0.022744833 
988 678 16 21 0.022678424 
716 579 11 14 0.022678357 
141 513 13 16 0.022677857 
278 526 9 14 0.022672534 
748 690 14 18 0.022667937 
20 636 40 49 0.022653665 
238 472 7 9 0.02264951 
441 492 9 12 0.022631006 
337 424 9 10 0.022626417 
838 544 9 13 0.022624524 
321 400 8 10 0.02262298 
254 463 7 10 0.022613307 
767 578 12 14 0.02257716 
465 445 10 13 0.0225727 
191 587 12 16 0.022566935 
245 456 7 10 0.022555556 
537 409 9 10 0.022541594 
522 208 16 20 0.02254085 
904 526 9 11 0.022517007 
325 414 9 12 0.022515785 
404 439 9 10 0.022498848 
69 570 11 16 0.022483714 
662 532 9 12 0.022470439 
1012 535 10 12 0.022454673 
304 398 8 10 0.022446169 
1005 526 10 12 0.022430949 
262 301 9 12 0.022408415 
655 446 9 11 0.022401828 
933 597 13 15 0.022395814 
575 343 9 11 0.022348663 
343 455 9 10 0.022335956 
129 397 11 13 0.022328887 
917 652 16 22 0.022310438 
70 471 8 11 0.022300024 
273 463 8 10 0.022264067 
939 715 17 23 0.022259157 
194 209 15 20 0.022241594 
16 547 12 14 0.022241132 
712 375 8 9 0.022226717 
409 511 8 11 0.022213686 
560 335 9 10 0.02220395 
781 270 9 12 0.022178605 
920 536 10 12 0.02217057 
599 333 9 11 0.022131065 
790 566 11 15 0.022077773 
965 548 10 13 0.022053368 
326 388 10 12 0.022048468 
807 630 12 14 0.022045953 
607 704 11 15 0.022037365 
614 486 9 10 0.022037063 
907 754 20 27 0.022035163 
584 522 11 13 0.022026671 
838 580 11 15 0.022021603 
753 561 20 25 0.02201521 
260 525 13 16 0.021988662 
238 497 17 23 0.02197496 
678 343 10 11 0.021964526 
223 546 12 16 0.021963809 
493 327 10 13 0.021931123 
517 358 8 11 0.021916898 
22 510 10 14 0.021916362 
746 576 22 27 0.021915544 
649 471 7 9 0.021906745 
237 572 11 14 0.021885945 
431 359 8 10 0.021828944 
966 512 8 10 0.02181845 
835 604 17 21 0.02179627 
125 249 15 17 0.021770973 
622 437 9 11 0.02175684 
575 501 8 9 0.021754319 
674 429 9 12 0.02175204 
729 579 22 30 0.021749636 
48 462 10 11 0.02173328 
249 410 11 14 0.02172965 
571 479 223 232 0.021724513 
320 475 9 12 0.021715049 
549 694 16 23 0.021699727 
199 527 10 13 0.02168331 
623 344 10 11 0.021678736 
422 373 9 11 0.021676378 
544 156 22 26 0.021671845 
983 517 9 10 0.021669602 
471 381 9 11 0.021665365 
272 247 11 14 0.021650502 
233 243 11 13 0.021646097 
425 83 14 19 0.021643642 
668 245 10 13 0.021636177 
960 580 11 14 0.021628555 
54 592 16 24 0.021611394 
968 360 35 40 0.021558562 
926 680 15 19 0.021557234 
292 522 12 16 0.021524314 
545 343 8 9 0.021522671 
-1 5 22 34 0.02152102 
775 492 8 10 0.021505082 
654 596 10 14 0.021480776 
669 471 8 9 0.021473821 
454 375 10 11 0.021467634 
680 366 9 11 0.021345776 
235 519 11 14 0.021316137 
668 485 9 12 0.021310542 
638 310 9 11 0.02129539 
630 445 8 10 0.021224845 
918 520 9 11 0.021217814 
384 430 8 10 0.021203674 
50 577 22 30 0.021197401 
155 751 29 35 0.021171749 
666 453 8 10 0.021137722 
923 324 10 13 0.021098891 
173 485 10 12 0.021088256 
924 626 15 19 0.021081809 
656 352 8 10 0.02107453 
462 422 9 11 0.02106441 
253 507 11 13 0.021049375 
625 485 9 10 0.021036455 
236 565 11 14 0.021033948 
894 512 10 11 0.020997519 
71 526 14 19 0.02098352 
200 611 12 17 0.020969909 
450 523 9 13 0.020955678 
934 501 9 10 0.020955421 
20 528 19 24 0.020946307 
816 335 10 13 0.02094544 
793 481 8 10 0.02093847 
927 560 17 22 0.020930747 
566 611 11 14 0.020915018 
110 611 22 29 0.020910768 
752 398 9 13 0.020868147 
939 704 18 24 0.020865569 
535 486 9 12 0.020856243 
590 176 15 19 0.020849735 
306 453 9 11 0.020847691 
196 496 10 12 0.020836018 
232 447 9 11 0.020828718 
250 134 26 30 0.020803684 
601 400 7 9 0.020765908 
735 344 9 12 0.020751575 
639 342 9 11 0.020743787 
429 555 11 13 0.020742344 
222 324 10 13 0.020736538 
689 334 9 11 0.020734224 
600 422 9 11 0.020728044 
537 413 10 12 0.020713286 
727 534 11 13 0.020709313 
415 399 9 10 0.020708907 
327 517 10 14 0.020702595 
854 737 12 18 0.02069601 
989 511 7 10 0.0206945 
991 11 31 43 0.020691657 
213 493 10 11 0.020689728 
72 547 11 15 0.020688754 
616 382 8 10 0.020668954 
694 380 7 10 0.020653354 
286 360 10 13 0.020635048 
180 221 14 18 0.020628402 
140 309 12 16 0.020554854 
655 525 10 12 0.020542203 
194 375 9 13 0.020522773 
670 631 15 20 0.020517793 
578 376 7 9 0.020513056 
529 503 8 10 0.020453628 
176 319 10 12 0.020434933 
594 241 14 17 0.020427722 
100 614 18 23 0.020417131 
671 574 11 13 0.02041418 
108 594 17 21 0.020400453 
828 354 10 12 0.020384895 
811 613 22 25 0.020383554 
565 367 8 10 0.020356413 
883 561 13 17 0.020308051 
439 519 9 11 0.020307899 
697 427 8 12 0.02028396 
288 252 10 14 0.020236785 
769 491 9 12 0.020231992 
640 317 9 10 0.020226473 
215 582 12 15 0.020209393 
652 607 14 17 0.020205677 
773 597 13 19 0.020172123 
628 187 12 15 0.020156756 
247 525 9 11 0.020141292 
342 423 8 10 0.020129617 
31 544 20 27 0.020117948 
335 470 8 9 0.02010808 
440 165 12 15 0.020103691 
260 573 11 15 0.02009245 
166 549 20 27 0.02006366 
726 3 12 15 0.020059768 
423 532 9 11 0.020014346 
626 61 13 17 0.020013489 
