21_Festival_Festival_21_585
359
121 332 23 30 0.9715622 
26 258 14 18 0.88088804 
255 338 19 23 0.8429783 
58 349 19 24 0.80287284 
181 337 21 26 0.79460347 
201 317 15 21 0.7445246 
214 290 14 18 0.73917156 
116 285 14 17 0.7367609 
22 236 11 15 0.73277247 
309 325 14 19 0.63575953 
292 243 13 17 0.58674175 
198 244 12 16 0.57067686 
79 285 11 15 0.52568793 
124 304 16 20 0.52304435 
17 302 14 16 0.47393718 
20 354 17 21 0.47323373 
52 206 8 11 0.45601165 
251 307 17 19 0.4011764 
32 208 10 12 0.3485968 
59 257 14 16 0.3419877 
67 229 10 13 0.31869322 
19 326 18 22 0.30817258 
7 207 10 14 0.29963169 
52 235 11 15 0.2773657 
111 238 10 11 0.27037174 
132 281 14 17 0.2509186 
288 531 14 16 0.24322367 
267 261 12 15 0.23512667 
182 255 10 13 0.22181173 
71 200 9 11 0.21888453 
93 198 8 10 0.21367887 
0 346 12 21 0.18633556 
95 257 12 15 0.18178052 
47 289 13 16 0.18025342 
566 54 35 35 0.17996383 
198 192 7 10 0.1653972 
366 521 11 15 0.16216478 
49 231 10 13 0.15669587 
251 277 12 15 0.15407974 
79 220 10 12 0.14353311 
324 531 9 13 0.14291075 
153 195 9 11 0.13574062 
175 191 8 10 0.13406031 
158 240 9 12 0.1311447 
129 205 8 10 0.122418456 
161 176 8 10 0.118332446 
102 212 9 12 0.116890416 
121 165 9 11 0.11625767 
76 280 12 15 0.116191246 
53 285 12 16 0.11339679 
594 57 29 33 0.110682614 
117 198 8 10 0.10615166 
61 276 12 16 0.10315392 
100 255 12 14 0.10021244 
353 509 10 12 0.09827831 
119 192 8 10 0.09764139 
127 175 9 10 0.09639089 
505 494 9 12 0.095238835 
79 243 11 13 0.093575105 
231 250 12 15 0.0921029 
142 262 11 13 0.09130014 
270 526 12 15 0.08996717 
124 283 13 17 0.08848822 
561 551 8 9 0.08652776 
347 493 11 13 0.084392995 
20 461 15 18 0.08433826 
217 245 10 13 0.0818561 
61 182 8 11 0.08035494 
263 232 9 11 0.07822434 
70 276 11 15 0.075904846 
1 349 18 29 0.07581052 
810 421 73 105 0.074961536 
550 560 7 9 0.07320264 
53 355 25 31 0.07118911 
156 192 9 11 0.069682136 
80 215 11 13 0.06828704 
369 62 23 38 0.06626514 
62 234 12 14 0.0660207 
249 415 17 20 0.0659926 
168 254 9 12 0.06491929 
341 519 10 13 0.0646893 
207 371 15 18 0.06391281 
192 322 22 26 0.06379295 
442 542 11 15 0.06375939 
165 175 9 11 0.0634871 
192 343 17 20 0.06311087 
84 214 11 12 0.061519913 
176 254 10 13 0.0607897 
192 402 24 32 0.060282543 
253 272 10 12 0.060100358 
498 180 10 13 0.059214767 
565 540 10 12 0.059058685 
190 168 9 10 0.05903063 
32 182 8 10 0.058917396 
264 254 9 13 0.058764316 
248 271 10 12 0.05869827 
499 444 11 13 0.058202177 
166 181 8 10 0.056709994 
73 169 8 10 0.056579337 
182 183 8 10 0.056495126 
264 265 12 15 0.056269467 
194 195 9 11 0.05604268 
-1 396 12 22 0.05564573 
233 497 13 17 0.054525938 
160 214 8 10 0.05448039 
77 205 10 11 0.053778943 
190 316 17 20 0.0532051 
206 183 8 9 0.052513987 
128 180 8 12 0.05202602 
78 168 9 10 0.05179619 
301 510 11 14 0.051464908 
175 230 10 12 0.051152155 
358 517 13 15 0.05106545 
559 52 27 30 0.0509443 
87 206 9 11 0.0506455 
64 224 10 12 0.050555672 
429 534 10 12 0.0498965 
251 317 18 21 0.04976222 
0 282 11 18 0.049537893 
269 306 14 17 0.049249966 
232 239 10 12 0.04918702 
68 234 11 14 0.048956167 
153 238 9 11 0.045373604 
143 466 33 34 0.045184385 
61 267 13 17 0.045094986 
78 313 15 20 0.04472736 
53 211 9 12 0.044350803 
207 176 7 9 0.044081904 
565 558 8 10 0.04397185 
310 526 9 11 0.0438272 
95 230 9 12 0.043462817 
88 168 8 9 0.043355945 
237 247 11 14 0.04319175 
351 515 11 14 0.042866 
191 174 8 9 0.042581715 
476 535 10 12 0.042324655 
549 566 8 10 0.042115822 
316 282 13 17 0.04141246 
552 533 8 11 0.04140063 
18 315 17 20 0.04105854 
31 196 11 13 0.04047863 
65 197 10 12 0.040163226 
78 295 14 17 0.04000339 
559 50 15 19 0.03997613 
142 247 9 11 0.039840627 
274 550 13 14 0.039552167 
47 223 9 11 0.039478466 
561 542 10 13 0.039416805 
144 181 9 10 0.039276443 
119 288 19 24 0.03915904 
159 365 22 28 0.03915484 
135 200 8 10 0.039098334 
248 590 57 58 0.039053034 
70 224 10 12 0.038466647 
108 252 12 14 0.03832592 
88 260 11 15 0.037891224 
104 245 11 13 0.03767345 
333 544 10 12 0.037594866 
283 402 15 17 0.037357926 
144 164 9 10 0.037344307 
201 182 7 9 0.037280105 
87 173 9 11 0.037120793 
408 -20 367 430 0.03698343 
110 278 16 19 0.03687476 
93 415 17 24 0.03676536 
464 510 11 12 0.036635596 
196 310 16 21 0.03634441 
76 200 8 11 0.035613917 
176 184 9 10 0.035522908 
144 237 8 10 0.035188723 
232 183 9 10 0.0349375 
55 313 14 20 0.034649666 
53 201 10 11 0.034267616 
545 575 8 9 0.034260087 
111 150 8 11 0.034206897 
360 74 40 58 0.03415733 
336 523 12 14 0.034092072 
15 243 12 16 0.0339315 
289 241 11 14 0.03382753 
113 206 8 10 0.033336073 
95 205 8 11 0.0328926 
435 508 12 14 0.032865424 
561 567 9 13 0.032841876 
176 338 17 20 0.03281425 
97 213 10 12 0.032720797 
574 567 8 10 0.032386936 
217 296 14 17 0.032332126 
191 239 13 16 0.03211405 
238 175 8 10 0.03192453 
24 195 9 12 0.031878233 
359 517 20 24 0.031635217 
105 238 10 12 0.03147434 
37 182 9 10 0.03142208 
449 517 10 12 0.031404804 
541 550 8 9 0.031275492 
560 518 7 10 0.0311292 
60 309 14 17 0.030581271 
278 238 10 12 0.030516757 
151 182 7 9 0.030354384 
110 267 12 14 0.030160727 
205 344 16 21 0.030146658 
127 278 13 17 0.030111017 
62 189 8 11 0.029985312 
170 191 8 10 0.029879767 
9 355 27 31 0.029742146 
310 386 16 18 0.029562611 
153 244 10 13 0.029400581 
574 36 29 37 0.029338399 
578 59 34 39 0.029331392 
266 331 17 21 0.02910268 
212 460 12 16 0.029038047 
130 288 16 20 0.028928317 
34 211 11 13 0.028884746 
100 264 14 16 0.02887404 
246 245 11 14 0.028852986 
121 172 9 11 0.028609794 
12 251 12 16 0.028520029 
190 250 11 15 0.028283168 
119 244 10 13 0.028117113 
3 277 12 16 0.027872536 
348 501 13 15 0.02780614 
286 549 14 16 0.0277957 
447 509 11 14 0.027484873 
429 192 12 15 0.027434638 
186 167 8 11 0.027345601 
760 98 32 43 0.027276147 
117 310 16 21 0.027216503 
48 201 9 11 0.027170287 
437 494 10 12 0.027115656 
69 300 12 15 0.026962198 
25 182 9 11 0.026943773 
222 250 11 14 0.02693579 
273 301 15 18 0.026882738 
454 510 10 12 0.026808793 
44 471 22 27 0.0267322 
142 199 8 10 0.026694067 
53 297 12 16 0.026693271 
40 289 13 17 0.026672633 
199 231 10 12 0.026628055 
200 176 8 10 0.026619386 
298 245 12 14 0.026537288 
62 223 18 23 0.026504183 
117 298 17 21 0.026409442 
270 295 11 15 0.02640199 
88 191 8 11 0.026258651 
143 176 9 11 0.026211316 
269 322 15 19 0.026195152 
121 467 34 39 0.026147978 
542 544 8 11 0.02608252 
520 446 9 11 0.026079388 
65 311 20 26 0.025956947 
323 282 11 14 0.025895458 
48 241 12 15 0.025887832 
895 101 13 16 0.025843168 
94 160 9 11 0.025808262 
183 247 10 13 0.025742302 
89 254 10 14 0.025594868 
305 525 10 12 0.02532902 
311 279 13 17 0.025298592 
583 509 8 10 0.025145296 
138 261 10 13 0.025125066 
319 263 10 12 0.02500688 
147 301 16 20 0.02495715 
220 371 18 22 0.024924453 
516 460 11 17 0.024865072 
102 230 10 12 0.024822341 
209 373 21 26 0.024743386 
2 210 9 13 0.024676058 
551 271 15 21 0.024653232 
550 582 8 11 0.02453638 
48 226 17 22 0.024313862 
175 195 8 11 0.024257207 
111 174 7 9 0.024221333 
152 176 8 10 0.024119707 
404 175 23 27 0.024104258 
233 175 8 9 0.023996564 
68 254 12 15 0.02399063 
159 251 10 13 0.023955368 
63 214 9 11 0.023950707 
264 341 17 21 0.023874257 
161 158 8 11 0.023834607 
181 190 8 11 0.023786616 
72 243 12 14 0.023744853 
568 520 8 10 0.023696013 
302 327 24 31 0.02366121 
15 189 9 12 0.02351883 
274 338 14 19 0.02335572 
239 229 11 13 0.023274064 
134 175 8 11 0.023173349 
30 217 12 15 0.023117462 
94 166 9 10 0.022950388 
447 501 11 13 0.022922497 
168 166 8 9 0.0229019 
45 297 14 17 0.022871865 
115 239 10 11 0.022849882 
553 529 6 8 0.02277517 
22 223 10 13 0.022754252 
527 520 8 10 0.022654593 
110 335 27 33 0.022645615 
472 540 10 12 0.022621691 
216 173 8 10 0.02257334 
608 59 20 27 0.022566233 
542 525 8 10 0.02241614 
239 182 8 10 0.022376154 
277 253 10 13 0.022358153 
247 337 17 23 0.022343036 
566 566 9 12 0.022330366 
412 526 10 13 0.022313396 
55 265 13 17 0.022311755 
25 241 14 16 0.022273764 
198 159 9 10 0.022073267 
561 535 8 11 0.0220057 
601 41 26 38 0.02200183 
127 462 14 20 0.021948662 
319 269 10 11 0.021883424 
512 526 8 10 0.021836352 
309 541 10 13 0.021793697 
438 476 14 17 0.02171601 
271 199 7 10 0.021694584 
8 244 12 16 0.02167066 
7 238 10 12 0.02163197 
477 190 14 18 0.021566382 
96 143 8 11 0.021474263 
120 252 10 13 0.02141106 
17 230 10 13 0.021380607 
438 502 10 13 0.021377347 
450 136 9 11 0.021327164 
350 525 13 15 0.021321464 
121 183 8 10 0.021276288 
165 215 8 10 0.021140048 
545 568 8 10 0.021034794 
46 189 9 11 0.020950885 
36 189 10 14 0.020871447 
125 189 9 11 0.020859951 
138 304 19 26 0.020859456 
215 184 8 10 0.020848628 
354 528 17 18 0.020835843 
148 472 19 22 0.020832324 
248 268 21 25 0.020823985 
413 532 10 13 0.020745967 
39 229 10 13 0.020652555 
48 200 17 23 0.020613091 
166 160 9 10 0.02058697 
174 175 9 10 0.02058027 
86 265 11 15 0.02055968 
60 242 12 15 0.020504955 
55 157 9 11 0.02048925 
149 159 9 11 0.020450864 
158 261 10 12 0.020406544 
223 174 8 10 0.020319236 
334 531 10 14 0.020314856 
469 502 11 13 0.020254528 
234 388 16 19 0.020251626 
259 302 15 17 0.020221889 
255 251 10 14 0.020218754 
818 403 56 75 0.020160535 
409 3 27 28 0.020152507 
70 213 10 11 0.020099819 
319 526 18 23 0.020020097 
