40_Gymnastics_Gymnastics_40_48
33
29 421 14 23 0.8006831 
811 172 24 29 0.22562069 
16 421 12 17 0.16195065 
819 184 18 24 0.14871317 
159 264 16 20 0.13606809 
22 420 16 20 0.13410993 
793 204 16 18 0.1035769 
194 336 27 34 0.08501984 
176 251 15 18 0.07410302 
154 312 31 34 0.06572209 
140 256 17 24 0.06022602 
140 338 13 15 0.05607207 
168 304 38 45 0.05504221 
478 100 44 53 0.05212369 
500 98 27 47 0.04045855 
20 414 14 18 0.03974112 
282 412 41 52 0.03489564 
36 412 15 21 0.032475322 
797 178 24 30 0.03183107 
198 281 15 20 0.03074811 
3 429 11 15 0.028251683 
824 179 15 20 0.026628004 
134 340 13 17 0.026408752 
517 75 45 49 0.025699966 
502 83 45 51 0.025573874 
205 469 23 29 0.025481423 
186 299 24 34 0.024732377 
458 92 42 58 0.024407724 
300 375 15 18 0.023738863 
651 280 14 17 0.023198092 
187 321 29 37 0.022252724 
39 404 13 17 0.021482987 
279 238 18 21 0.020361638 
