40_Gymnastics_Gymnastics_40_285
20
773 415 91 62 0.47133958 
868 40 13 16 0.2599636 
787 421 51 38 0.07882893 
0 92 32 64 0.066783436 
772 427 49 43 0.05326611 
686 371 240 177 0.033521835 
477 450 69 54 0.032474358 
887 167 11 14 0.030544102 
802 412 53 40 0.030157004 
859 29 10 13 0.028960906 
248 139 11 16 0.026255043 
236 568 60 69 0.026129553 
911 238 120 113 0.02586795 
459 436 105 92 0.02516284 
280 41 11 16 0.024971083 
841 266 134 149 0.024396906 
273 76 10 15 0.02416551 
735 427 86 63 0.022681922 
771 427 129 82 0.020769753 
940 266 70 62 0.020036478 
