40_Gymnastics_Gymnastics_40_950
32
341 43 63 82 0.9996973 
111 81 63 74 0.99955255 
488 76 53 72 0.9994435 
642 80 60 74 0.99904805 
862 44 65 89 0.9977342 
958 22 35 41 0.9924907 
588 13 43 58 0.26458064 
660 3 56 53 0.20653698 
1006 28 19 35 0.1885776 
977 7 25 29 0.18585475 
730 20 25 27 0.0981174 
641 0 50 54 0.05713543 
645 323 13 17 0.050043873 
739 30 17 19 0.047545765 
243 157 398 510 0.047060166 
578 32 43 51 0.033237025 
920 0 27 26 0.032680847 
186 161 42 53 0.029913554 
443 463 141 170 0.029028468 
746 27 15 18 0.028278386 
726 21 16 20 0.028062094 
902 2 40 43 0.026620096 
786 11 30 31 0.024973776 
793 4 16 15 0.024783371 
946 -2 29 27 0.024002997 
934 55 24 37 0.02155359 
818 0 16 14 0.021447066 
817 -2 48 46 0.020680187 
944 58 15 21 0.020576954 
594 8 31 37 0.020412672 
693 0 33 37 0.020240607 
706 1 18 18 0.02020602 
