40_Gymnastics_Gymnastics_40_492
129
307 7 25 32 0.9984528 
471 153 38 49 0.9973888 
510 55 23 30 0.99722433 
548 46 25 32 0.9956328 
485 64 22 29 0.9953915 
556 129 41 53 0.9935737 
359 149 40 55 0.9800846 
654 124 40 53 0.9770009 
210 17 23 28 0.9650836 
380 0 20 24 0.9560167 
589 78 22 27 0.9050322 
450 -1 20 20 0.89829373 
467 79 17 24 0.8909072 
341 -2 24 25 0.8738651 
35 2 21 28 0.8469572 
270 19 19 26 0.7930942 
447 111 16 20 0.63217413 
366 76 19 26 0.6180109 
426 81 13 16 0.61286205 
405 27 17 22 0.5577858 
404 68 11 15 0.53301907 
417 0 15 16 0.5223344 
353 -1 18 20 0.5222965 
170 19 15 19 0.48192537 
386 68 13 16 0.4506783 
476 69 22 29 0.37267902 
303 45 23 30 0.30444354 
312 78 16 23 0.18859431 
378 81 14 19 0.17892297 
444 57 15 23 0.17735861 
332 94 13 17 0.16794491 
480 47 11 14 0.16565177 
571 2 17 23 0.1618979 
445 54 12 16 0.15883625 
540 14 17 21 0.15798864 
234 32 16 21 0.14391524 
97 40 12 15 0.10750183 
407 115 13 17 0.104229525 
78 50 12 14 0.09571558 
395 114 15 20 0.08911056 
599 79 18 23 0.08509218 
259 8 25 31 0.083785936 
380 73 16 22 0.07583403 
518 26 15 20 0.06770635 
75 0 14 14 0.06758915 
328 90 13 18 0.065885775 
334 0 20 21 0.06257917 
395 283 43 51 0.055343598 
588 89 28 36 0.053804133 
494 4 13 17 0.05270851 
428 26 13 18 0.050041493 
308 61 22 34 0.04975037 
434 129 15 20 0.046881996 
438 62 15 20 0.04680756 
481 51 15 19 0.04670741 
42 0 15 19 0.04644989 
360 79 16 23 0.045934394 
276 14 15 21 0.045756053 
529 292 21 32 0.045596506 
258 6 16 19 0.045430955 
29 43 14 18 0.044799265 
556 0 15 12 0.04237661 
460 33 14 17 0.042268652 
535 333 10 13 0.042126693 
439 52 13 18 0.041166663 
285 -1 14 13 0.040280316 
1008 26 11 16 0.039806303 
35 38 11 14 0.039627433 
6 85 12 15 0.039526343 
413 82 13 17 0.037517767 
557 -1 23 23 0.03630848 
51 2 15 20 0.036239035 
431 55 14 20 0.035038605 
221 -1 15 13 0.03389515 
332 104 14 18 0.03383499 
386 81 13 19 0.033017807 
175 9 20 27 0.032827962 
60 2 14 16 0.032517374 
976 11 13 16 0.032340497 
448 63 16 23 0.032146815 
543 108 22 28 0.031966597 
403 79 15 21 0.031847693 
420 27 14 19 0.03156494 
973 3 32 36 0.030650957 
506 308 26 33 0.029948456 
457 113 16 20 0.029869609 
409 21 16 20 0.029317692 
211 1 17 19 0.029271217 
338 24 17 19 0.028750692 
915 0 18 12 0.028263303 
408 -1 21 22 0.027831648 
82 46 10 13 0.027255569 
92 20 11 14 0.02706266 
291 -1 15 14 0.026961362 
457 385 38 52 0.026958965 
337 7 23 29 0.02616731 
226 26 17 21 0.025385136 
978 1 17 20 0.024706626 
534 325 12 17 0.024318239 
317 169 10 12 0.023937345 
317 3 22 27 0.023935674 
389 89 11 15 0.023856394 
183 2 13 17 0.023485178 
601 274 28 40 0.023384733 
322 83 15 22 0.02295011 
537 75 26 28 0.022472052 
392 112 12 15 0.022439862 
419 113 16 22 0.02229555 
78 41 10 13 0.02222136 
109 46 10 12 0.022122776 
459 125 24 29 0.022108406 
409 67 14 18 0.022019282 
312 44 16 21 0.02154189 
914 13 15 15 0.021484712 
182 46 10 13 0.021468854 
20 -3 44 42 0.02132436 
75 6 16 18 0.021249129 
112 53 9 12 0.021207213 
316 70 20 30 0.021191532 
430 66 14 18 0.021190172 
518 6 13 15 0.02116232 
200 8 40 47 0.021132244 
393 74 20 29 0.020948699 
491 383 27 38 0.020907795 
428 116 12 18 0.020850107 
443 130 15 20 0.020784475 
333 64 15 20 0.020781549 
529 291 13 20 0.020575982 
185 1 23 28 0.020023763 
