40_Gymnastics_Gymnastics_40_891
47
546 379 30 37 0.9995906 
259 280 30 38 0.99947685 
477 385 30 36 0.999469 
521 480 31 38 0.9993924 
607 484 30 38 0.9992569 
457 477 29 37 0.9992361 
676 487 33 41 0.9992243 
677 393 30 40 0.9991468 
580 321 27 35 0.99901474 
183 308 31 38 0.99899703 
122 297 32 40 0.9989415 
387 482 28 35 0.99887556 
322 294 29 37 0.99880147 
522 304 29 36 0.9987412 
762 411 31 37 0.998733 
451 304 27 34 0.9985983 
874 352 32 39 0.99847144 
737 499 32 41 0.9982803 
380 288 28 35 0.99822825 
604 389 33 42 0.9981054 
68 303 34 43 0.997995 
759 331 31 38 0.99660885 
695 336 30 38 0.99655724 
921 358 33 42 0.9962 
842 348 27 33 0.9855317 
669 281 29 36 0.98144954 
823 335 25 32 0.92050946 
504 485 14 17 0.13024135 
255 579 24 28 0.11448385 
708 389 25 32 0.08666023 
403 423 17 20 0.07607684 
513 590 17 19 0.07465928 
510 622 16 21 0.050613455 
277 391 16 19 0.032221675 
492 622 15 17 0.03212435 
820 382 25 32 0.030000871 
556 635 16 19 0.028990636 
275 579 24 28 0.028413909 
861 224 8 11 0.027536033 
751 465 27 29 0.027509049 
837 279 9 13 0.02477134 
872 270 10 12 0.02377519 
948 370 15 21 0.022698287 
749 245 10 12 0.022628136 
752 461 17 19 0.022152763 
332 23 15 17 0.02161017 
764 472 17 19 0.021312451 
