40_Gymnastics_Gymnastics_40_242
145
492 459 88 60 0.97202796 
751 423 11 14 0.23608436 
515 468 59 34 0.16127458 
210 501 12 14 0.15666427 
205 560 21 28 0.14777465 
724 421 13 16 0.13963768 
750 484 11 15 0.13017689 
423 518 13 16 0.12910768 
244 575 12 14 0.12619723 
757 544 15 20 0.1244797 
474 433 87 66 0.12387931 
295 434 13 14 0.12148909 
909 482 12 16 0.11575839 
721 488 9 12 0.111418344 
800 597 12 14 0.10600361 
832 419 13 16 0.09997504 
340 585 9 13 0.09947782 
663 429 11 14 0.094699495 
376 430 11 13 0.09352486 
330 427 13 16 0.09121919 
805 436 16 22 0.0892832 
272 553 12 17 0.082744166 
77 566 12 17 0.07799454 
960 546 11 13 0.07777262 
473 467 50 37 0.07667313 
956 509 10 14 0.07600975 
21 550 11 13 0.074796245 
903 485 13 16 0.074158855 
904 557 10 12 0.073455915 
290 478 14 15 0.0705754 
776 530 12 15 0.070259534 
971 404 13 17 0.06983292 
627 503 10 12 0.065088145 
799 484 12 15 0.06462976 
1007 542 11 13 0.0639803 
979 485 11 14 0.06363264 
925 560 9 11 0.060768146 
878 518 9 12 0.059956793 
892 505 12 15 0.04854584 
663 424 10 12 0.04820637 
818 474 13 17 0.04722437 
110 488 9 12 0.0463818 
912 501 12 15 0.04622183 
78 515 11 14 0.045554753 
968 518 10 12 0.045442056 
644 498 11 13 0.04464489 
714 549 16 19 0.044559598 
887 575 12 15 0.044152007 
297 572 10 12 0.04387604 
327 570 12 14 0.043350548 
975 478 10 12 0.042842038 
860 556 16 20 0.042836722 
992 579 9 13 0.0425319 
947 471 10 13 0.042289555 
768 467 14 18 0.04184621 
979 387 12 14 0.041371092 
991 515 9 11 0.040564377 
659 434 16 20 0.04026716 
80 508 13 16 0.0401112 
724 493 11 12 0.039987367 
916 483 11 15 0.039869174 
242 533 13 16 0.03931853 
701 498 12 14 0.038924046 
233 509 11 14 0.038528737 
964 407 24 27 0.037492182 
652 565 11 14 0.037388753 
18 529 15 18 0.03509774 
228 434 11 13 0.03482821 
936 546 11 14 0.034582797 
98 595 13 16 0.034427322 
973 397 13 15 0.034406696 
483 387 69 74 0.03420185 
30 542 12 15 0.03340435 
54 522 10 12 0.032647636 
949 535 10 13 0.03259592 
249 441 24 27 0.03257972 
108 532 13 16 0.032561436 
1012 542 11 16 0.031993784 
811 420 12 14 0.031902447 
4 519 10 13 0.031783264 
558 72 448 522 0.031460997 
840 556 12 15 0.029798338 
207 482 14 16 0.028819988 
1001 539 11 14 0.02873237 
213 547 13 15 0.028329901 
664 532 12 15 0.027903322 
949 597 9 13 0.027712055 
442 570 16 19 0.027546525 
625 564 9 11 0.027183011 
944 413 12 15 0.026663903 
15 538 11 14 0.026593607 
24 595 11 15 0.026564103 
969 591 10 13 0.026396772 
368 503 10 12 0.02630534 
877 533 13 16 0.02604304 
781 496 13 17 0.025762739 
206 491 19 23 0.025510095 
366 557 9 12 0.025379175 
632 599 8 12 0.025212111 
234 514 13 16 0.025194354 
750 550 15 19 0.025186908 
877 595 15 19 0.025183244 
238 537 15 18 0.02509289 
288 530 11 14 0.024923353 
719 438 11 13 0.02480477 
900 404 16 20 0.024589961 
256 494 10 12 0.02425384 
505 409 72 74 0.024224276 
992 469 13 16 0.024110133 
19 539 14 16 0.0240973 
10 39 17 21 0.023901165 
946 418 14 16 0.0234158 
37 25 16 21 0.023202164 
812 514 11 14 0.022953082 
147 334 15 19 0.022918323 
38 547 11 13 0.022790905 
125 330 11 13 0.022726426 
991 556 8 11 0.022648092 
423 557 9 12 0.022540139 
357 567 10 12 0.022370564 
237 326 17 22 0.022255048 
125 173 16 20 0.022241697 
217 540 12 14 0.022164114 
974 471 10 13 0.022085901 
749 417 19 23 0.021973684 
942 540 11 15 0.021961113 
959 412 15 17 0.02184853 
640 550 11 14 0.02180445 
852 492 11 14 0.021748794 
644 556 11 13 0.02174631 
352 511 9 11 0.021675961 
58 330 10 13 0.021651268 
876 523 13 15 0.021373415 
71 561 21 26 0.021302331 
81 494 8 10 0.02115703 
950 539 12 16 0.021079637 
336 504 9 11 0.020999229 
81 502 11 14 0.020961698 
3 333 14 20 0.020648804 
444 444 114 107 0.020509876 
806 428 15 19 0.02048996 
872 596 13 16 0.020377079 
393 512 9 11 0.020267427 
453 591 10 13 0.020098418 
331 525 11 13 0.020057134 
