40_Gymnastics_Gymnastics_40_566
51
466 157 58 82 0.9991454 
30 142 54 68 0.35542047 
698 203 17 20 0.32347482 
225 247 17 21 0.241903 
481 609 25 31 0.19554691 
75 242 24 30 0.15212521 
102 299 21 28 0.13073172 
742 131 22 31 0.1195932 
154 129 19 22 0.10985657 
220 140 16 21 0.09732062 
797 285 25 32 0.07316414 
199 193 27 35 0.069804214 
594 617 18 21 0.059017844 
268 282 16 19 0.053616025 
142 235 26 34 0.047346577 
454 195 10 14 0.045050554 
190 207 115 141 0.04486427 
122 196 24 29 0.044638414 
269 242 15 17 0.043653294 
44 181 41 47 0.042639278 
589 612 39 48 0.042498223 
779 214 32 41 0.04134784 
261 147 20 25 0.04116919 
179 80 23 30 0.038074203 
246 269 15 18 0.03661191 
33 361 17 23 0.035200216 
498 37 17 24 0.033664737 
597 279 27 30 0.033202432 
32 129 38 53 0.031794105 
249 85 17 23 0.03014252 
23 22 25 31 0.029868174 
594 41 15 19 0.029826876 
729 124 45 62 0.02916462 
139 124 53 65 0.028966881 
42 313 22 27 0.028840402 
269 182 22 30 0.028631946 
41 418 24 32 0.027337568 
332 216 17 22 0.027310355 
147 128 31 38 0.026681637 
731 171 43 53 0.026145333 
128 101 85 106 0.02570035 
218 234 27 33 0.025668846 
6 251 27 36 0.024976017 
697 628 21 28 0.024949405 
697 41 28 35 0.024555355 
810 595 17 21 0.02407045 
286 252 14 18 0.023847485 
659 149 21 29 0.022778539 
666 82 17 23 0.021507695 
74 338 17 22 0.020778153 
202 277 29 36 0.020161783 
