40_Gymnastics_Gymnastics_40_401
40
418 429 148 181 0.99922097 
700 128 15 16 0.3605261 
528 1441 86 144 0.16920254 
-7 1156 445 585 0.1328321 
145 886 84 118 0.10408296 
818 1512 57 80 0.0944855 
965 1529 50 73 0.08737367 
764 1490 48 66 0.081894115 
565 1466 61 100 0.07096203 
634 488 379 494 0.059459884 
33 886 524 428 0.05748809 
-82 983 438 455 0.052940372 
399 885 32 54 0.050864335 
677 1279 390 513 0.050599646 
268 715 99 123 0.049477156 
894 637 58 61 0.040048253 
383 1107 429 453 0.03892459 
232 274 45 53 0.03888641 
841 692 56 67 0.03742489 
263 1239 384 508 0.035884332 
835 1221 137 131 0.031846546 
773 1484 84 105 0.031103006 
222 660 93 124 0.029866971 
684 131 209 275 0.029183311 
278 796 195 259 0.027666356 
334 835 109 136 0.02642288 
192 662 376 484 0.02561384 
452 1358 170 259 0.025114657 
301 793 119 138 0.024808057 
44 1382 15 19 0.024432886 
54 658 223 308 0.023471823 
872 1230 73 78 0.02286202 
302 714 58 78 0.022693632 
833 1541 57 72 0.022491502 
760 1425 217 238 0.022079391 
806 1155 209 221 0.021925388 
865 634 120 123 0.021679057 
690 140 16 17 0.020608163 
-2 602 332 519 0.020553336 
769 583 200 270 0.020239614 
