40_Gymnastics_Gymnastics_40_364
40
553 1230 136 97 0.9967853 
537 1135 166 237 0.31318572 
961 961 30 38 0.24054277 
730 1209 24 32 0.13183254 
849 1426 45 55 0.12975824 
969 1168 23 30 0.12962617 
816 7 64 80 0.10144918 
39 604 249 277 0.07843657 
-91 513 367 442 0.0628863 
819 1330 16 19 0.053257897 
43 1282 15 18 0.04793003 
359 1385 47 61 0.040955085 
996 1238 27 41 0.04026668 
370 1422 48 61 0.039325323 
595 1209 85 81 0.037928585 
869 657 151 194 0.037768465 
639 469 332 472 0.0362666 
82 1295 18 23 0.036149815 
24 737 17 20 0.036065754 
915 1264 34 39 0.033958834 
895 935 34 46 0.027548594 
632 1225 48 38 0.027419662 
879 934 56 74 0.025517244 
7 658 158 188 0.025139242 
907 945 45 63 0.024458993 
945 947 41 58 0.02407334 
372 1450 46 58 0.024047308 
386 1452 28 35 0.024046512 
355 1286 36 42 0.023455285 
134 1300 16 20 0.022540035 
667 1190 423 501 0.02217851 
726 582 119 162 0.02207726 
760 1305 19 20 0.021183735 
871 1318 25 32 0.020934295 
905 1239 49 58 0.020846467 
381 743 18 23 0.020611636 
807 1198 14 18 0.020540208 
958 1166 25 32 0.020478696 
494 1379 199 251 0.020407122 
7 478 35 47 0.020366784 
