40_Gymnastics_Gymnastics_40_727
88
666 173 19 23 0.9663463 
82 476 30 36 0.95834935 
218 538 33 42 0.8625011 
697 560 34 36 0.8398526 
859 435 22 28 0.5478878 
323 124 13 16 0.5003928 
590 72 17 21 0.44143128 
730 346 16 23 0.24448043 
876 434 15 23 0.21618837 
535 222 12 16 0.207266 
416 125 12 14 0.15564401 
502 207 11 15 0.15124215 
703 518 10 13 0.096941926 
844 18 50 72 0.08877283 
96 470 30 38 0.08418235 
362 187 16 21 0.08078819 
448 76 11 15 0.07002255 
362 100 14 18 0.06752088 
734 141 14 17 0.06449303 
631 108 14 16 0.06396747 
216 525 27 36 0.06326838 
660 548 21 30 0.062870525 
860 418 13 15 0.055403944 
356 92 13 15 0.054295413 
420 120 11 14 0.05399214 
394 152 9 11 0.050029412 
318 126 22 29 0.046209596 
735 352 16 20 0.041856904 
577 94 26 32 0.038024843 
409 126 10 12 0.037954155 
851 426 26 29 0.037608325 
412 119 20 25 0.036419567 
505 199 10 12 0.036043264 
500 217 12 17 0.03555889 
362 94 13 15 0.035167772 
592 81 25 30 0.03462182 
498 210 12 15 0.033209927 
797 413 14 16 0.032595534 
672 198 26 28 0.032299083 
509 197 9 10 0.032267176 
320 120 12 15 0.031407747 
9 28 41 56 0.03106089 
884 430 11 16 0.030538943 
540 215 10 13 0.029344695 
862 40 32 38 0.029254895 
339 27 12 16 0.029218435 
586 125 24 29 0.028840054 
398 114 12 15 0.028580828 
799 405 13 14 0.02783241 
658 525 17 17 0.027247038 
853 418 15 17 0.02686821 
526 216 10 11 0.026764313 
399 123 12 13 0.026599288 
348 99 16 19 0.026498545 
336 166 25 28 0.026347317 
352 74 11 15 0.026240598 
662 540 15 19 0.026240492 
471 191 11 14 0.026119046 
845 418 13 17 0.025738526 
707 517 12 14 0.0251375 
658 534 27 33 0.025072265 
583 67 15 24 0.024858793 
640 513 35 33 0.024809815 
461 75 13 15 0.024094421 
430 195 9 12 0.024044197 
683 194 15 20 0.023665762 
352 99 22 27 0.02332415 
447 82 12 16 0.023113422 
319 137 45 52 0.023110762 
228 523 29 36 0.023063203 
78 469 13 19 0.022490516 
77 472 19 27 0.022253826 
699 542 29 33 0.022058694 
399 89 11 15 0.022055548 
600 89 23 31 0.02186625 
866 418 13 16 0.021843845 
722 126 12 14 0.021628253 
353 176 23 30 0.021337738 
667 531 16 19 0.021198304 
333 130 12 16 0.021050176 
254 617 36 37 0.020985063 
345 169 15 17 0.020876281 
340 133 11 14 0.02085181 
734 334 12 17 0.020720555 
529 221 13 15 0.02069891 
324 585 31 32 0.020618752 
57 142 28 34 0.020126052 
430 116 10 14 0.020070797 
