40_Gymnastics_Gymnastics_40_762
52
580 460 120 137 0.9951485 
218 1071 34 45 0.33469182 
288 1122 40 49 0.3161031 
16 941 42 59 0.30208585 
595 130 33 43 0.15116253 
903 620 23 31 0.12765828 
245 341 34 43 0.11153244 
668 888 40 53 0.1083669 
908 463 27 37 0.10445596 
912 818 48 61 0.08905409 
329 622 49 61 0.08271373 
128 354 37 45 0.08261049 
489 1058 41 50 0.07944501 
656 767 41 63 0.07685722 
124 942 30 41 0.076278925 
162 1145 33 43 0.07141993 
574 1126 51 65 0.06309779 
141 341 41 50 0.059777584 
653 203 38 57 0.053845152 
895 624 41 57 0.0496751 
562 1004 29 37 0.049209215 
768 600 32 43 0.047354683 
988 1046 26 35 0.047035124 
119 1068 31 38 0.046827033 
151 521 29 34 0.04389676 
981 1104 34 44 0.039719235 
1 1126 28 49 0.038747646 
977 901 32 43 0.03869781 
338 1208 28 36 0.03651712 
669 1010 40 55 0.035976343 
124 405 47 54 0.035183527 
497 811 103 141 0.033820592 
762 76 220 297 0.032854438 
867 1113 31 38 0.03283603 
901 798 76 103 0.032409463 
783 828 33 44 0.028510949 
73 417 33 46 0.027495217 
801 716 32 39 0.027303243 
999 581 25 34 0.027247773 
114 272 30 38 0.026585056 
816 627 23 29 0.026242947 
899 473 48 61 0.025651071 
718 947 31 41 0.02526738 
156 329 30 40 0.023250228 
618 1276 130 124 0.022136426 
896 459 85 117 0.021596694 
430 651 42 55 0.021514002 
835 754 32 37 0.021215169 
109 360 47 60 0.02104328 
348 774 35 42 0.020657262 
664 1355 12 15 0.020616554 
972 1029 45 61 0.020006176 
