40_Gymnastics_Gymnastics_40_593
209
171 261 42 55 0.9950222 
542 183 43 55 0.9947595 
302 186 43 55 0.9946049 
843 255 37 50 0.9944043 
754 196 35 49 0.99217916 
939 299 39 53 0.98956174 
629 203 41 54 0.9872497 
38 244 44 54 0.98688835 
71 287 38 53 0.98416877 
417 207 37 51 0.9828736 
22 47 24 30 0.97978324 
99 41 19 26 0.9440308 
16 107 22 30 0.898077 
112 116 18 22 0.7330522 
946 118 18 22 0.7282221 
167 138 20 25 0.7043008 
771 1 18 21 0.59388983 
231 254 20 25 0.5086809 
839 34 18 22 0.5071641 
233 33 16 20 0.4847391 
931 176 15 22 0.46232522 
910 28 15 20 0.42449775 
91 163 24 32 0.35635385 
79 175 35 50 0.33279276 
556 132 24 31 0.33246702 
940 259 28 32 0.3252015 
361 19 15 19 0.31568477 
697 3 18 19 0.30879503 
410 66 18 22 0.29766366 
971 73 18 24 0.28831857 
164 30 15 20 0.285165 
660 66 15 20 0.28120303 
549 72 14 18 0.23752719 
16 218 17 23 0.2231426 
66 232 29 34 0.20581467 
1010 34 14 23 0.2008276 
547 67 50 62 0.16852458 
77 61 16 20 0.16838066 
108 447 24 31 0.16600522 
0 269 18 32 0.16431816 
479 96 25 31 0.13593379 
966 102 16 20 0.13428448 
500 11 16 17 0.1329921 
775 175 26 31 0.123716176 
617 0 23 24 0.12218042 
626 150 25 34 0.12207734 
351 68 26 33 0.110761255 
866 191 18 24 0.10990963 
455 61 14 17 0.10919299 
676 66 14 19 0.10821051 
710 35 17 20 0.101174824 
459 92 12 15 0.09633949 
980 212 25 31 0.09016104 
835 89 13 16 0.08782453 
56 240 36 42 0.085374765 
972 151 24 34 0.08262862 
381 535 23 30 0.08203283 
143 22 20 26 0.081977524 
155 63 15 19 0.07718867 
142 231 21 28 0.076819904 
162 20 16 22 0.07011011 
702 106 30 36 0.06979363 
417 119 18 22 0.06950029 
644 17 14 19 0.069217645 
698 33 14 18 0.06536763 
952 88 14 17 0.062360406 
717 71 14 18 0.061260875 
601 17 14 18 0.05815613 
652 54 11 14 0.057287488 
1006 40 20 32 0.054032367 
550 71 23 31 0.053859144 
245 310 35 47 0.053244893 
887 58 14 19 0.05212851 
928 158 23 32 0.05184938 
419 0 16 18 0.05147787 
738 203 25 38 0.050236747 
506 27 14 18 0.050014757 
827 0 17 14 0.04971106 
826 52 16 19 0.049076576 
41 115 15 20 0.048433464 
70 154 22 28 0.047857817 
627 34 25 28 0.047786225 
30 111 21 27 0.04753016 
843 83 15 23 0.046873633 
507 77 13 17 0.04606689 
331 85 25 30 0.043915644 
470 96 21 30 0.043791786 
499 17 21 25 0.04359467 
834 -1 18 17 0.043495454 
843 -2 16 14 0.042347874 
334 36 15 19 0.041465484 
830 37 21 26 0.041413672 
640 19 22 31 0.040449698 
630 150 16 21 0.04043232 
528 47 81 104 0.040029526 
27 0 18 20 0.03892161 
518 23 14 17 0.035670184 
437 12 15 17 0.0353004 
654 59 13 17 0.035094067 
6 45 23 32 0.03507679 
221 239 37 52 0.035039153 
935 274 41 54 0.03391635 
634 606 26 31 0.03361868 
568 69 34 38 0.0330814 
2 15 22 31 0.032873318 
733 67 13 16 0.032644212 
750 58 16 20 0.031970438 
436 27 15 19 0.031757265 
506 6 14 16 0.031566642 
462 0 14 12 0.03145507 
862 51 16 20 0.031204013 
853 166 16 25 0.030002793 
357 23 22 27 0.029988531 
458 88 25 33 0.029882615 
993 216 17 22 0.029860808 
99 142 23 30 0.029601686 
46 5 25 29 0.029551022 
801 56 9 13 0.029508919 
986 0 15 13 0.029159835 
41 22 24 29 0.029005498 
97 155 18 23 0.028792053 
-4 279 26 41 0.028777009 
816 57 12 16 0.028495856 
454 66 24 30 0.027623506 
574 13 25 30 0.027614051 
228 37 25 31 0.027500771 
364 0 16 13 0.027465329 
909 8 13 16 0.027447756 
869 74 14 17 0.027115704 
789 67 11 16 0.027106049 
588 71 18 24 0.027088188 
838 79 12 18 0.027038971 
884 115 16 21 0.02679936 
149 423 13 16 0.026762642 
959 3 14 17 0.026655192 
859 96 40 46 0.026561983 
562 87 18 23 0.026558079 
709 45 17 21 0.026512528 
570 26 29 34 0.026357139 
245 347 11 16 0.025974097 
499 78 21 27 0.025954656 
648 58 12 16 0.025952378 
910 52 15 22 0.025894213 
103 132 23 29 0.025799565 
557 -1 17 13 0.0257734 
780 187 17 24 0.025760982 
646 65 13 17 0.02571995 
45 0 15 14 0.02565904 
28 8 26 32 0.025616316 
663 34 14 18 0.025569908 
549 108 44 58 0.025492614 
133 154 21 30 0.025479754 
87 187 22 28 0.025389388 
341 78 26 35 0.025378998 
668 63 14 20 0.025364125 
299 -1 33 31 0.025239693 
613 149 43 54 0.025236513 
957 92 22 27 0.025220048 
993 0 20 19 0.025138345 
519 65 15 21 0.025109611 
723 67 13 18 0.025061997 
486 87 24 32 0.024813095 
459 97 14 18 0.02472089 
935 247 26 30 0.024449974 
30 34 25 31 0.024403136 
435 14 22 29 0.024180727 
833 73 23 30 0.024101228 
-1 69 9 16 0.024055867 
453 79 23 28 0.023939762 
818 94 13 14 0.023934817 
17 1 26 30 0.023906177 
902 432 17 20 0.023859365 
15 316 28 34 0.023849998 
993 110 16 20 0.023846736 
551 5 25 27 0.0237488 
330 624 8 10 0.023616958 
671 68 21 29 0.023614934 
304 -1 21 18 0.02350895 
555 23 48 58 0.023057673 
151 262 27 38 0.022714581 
958 106 22 28 0.022689637 
796 65 15 20 0.02237833 
885 38 16 20 0.022266993 
466 60 13 16 0.022194533 
3 220 41 52 0.022159165 
76 464 23 34 0.022157416 
933 66 15 21 0.022150874 
239 27 19 23 0.022098128 
631 106 13 18 0.021846453 
313 12 25 29 0.021496018 
30 25 15 18 0.021397796 
170 37 15 20 0.021272225 
159 265 35 44 0.021253502 
883 164 21 32 0.021130862 
684 109 11 13 0.021122279 
792 102 22 27 0.021116665 
449 11 22 30 0.021052701 
822 48 12 14 0.020927805 
801 61 14 17 0.020610584 
428 19 15 19 0.020581037 
795 74 15 19 0.020518644 
459 55 15 18 0.020517971 
245 61 23 29 0.02047214 
813 53 20 25 0.020389162 
621 59 24 29 0.020241877 
441 33 14 18 0.02020477 
741 66 13 17 0.020174101 
236 105 13 19 0.020054484 
937 179 17 24 0.020046141 
