40_Gymnastics_Gymnastics_40_197
30
475 485 133 156 0.9944126 
632 1492 65 81 0.87492174 
723 1297 53 69 0.66587824 
522 1028 60 100 0.53203356 
830 1180 56 73 0.5042631 
76 1113 266 247 0.39796278 
445 498 356 443 0.18264645 
485 96 80 124 0.15917121 
917 335 47 66 0.13175167 
-7 1107 391 424 0.12831257 
211 1135 84 129 0.101538196 
498 1521 59 74 0.0906443 
347 117 101 137 0.07254156 
983 1163 27 33 0.06501225 
43 292 39 51 0.052913073 
391 660 241 288 0.041968267 
106 838 47 71 0.038711034 
319 379 43 62 0.038553834 
16 1421 18 23 0.02848597 
256 447 32 42 0.026884953 
944 1322 29 35 0.026516698 
250 1150 54 89 0.026401723 
149 515 40 55 0.025884096 
901 1043 55 68 0.02490151 
762 216 54 69 0.023519808 
439 247 232 294 0.022756513 
337 61 154 232 0.022623753 
957 763 38 52 0.022510974 
241 810 54 64 0.021498093 
698 1290 88 114 0.020043187 
