40_Gymnastics_Gymnastics_40_161
22
588 195 65 120 0.95627254 
385 10 84 89 0.7199935 
466 209 51 65 0.48098361 
157 372 267 276 0.14646119 
212 208 22 26 0.107181154 
246 204 25 32 0.061587427 
630 433 147 166 0.055188674 
345 482 20 22 0.05173572 
493 194 72 110 0.028009275 
532 186 82 119 0.026350483 
292 724 25 29 0.026244313 
466 205 34 40 0.025311314 
108 277 388 493 0.024894599 
587 285 420 473 0.02458801 
565 712 70 75 0.024475291 
665 733 19 24 0.02427427 
372 457 23 28 0.024249341 
459 220 39 41 0.022548733 
31 637 32 31 0.022097332 
182 185 17 19 0.020531893 
724 660 109 123 0.020162387 
811 186 18 19 0.020081924 
