40_Gymnastics_Gymnastics_40_260
70
196 527 32 42 0.99780124 
453 218 37 47 0.99208283 
1000 590 25 39 0.98158216 
65 527 25 33 0.96005386 
800 542 22 31 0.9470703 
352 281 41 58 0.842284 
768 538 22 31 0.4863074 
910 554 21 32 0.4815684 
638 645 9 11 0.14627893 
629 669 9 11 0.13818958 
55 538 28 34 0.12968628 
677 662 9 12 0.12857673 
670 646 8 10 0.12509158 
638 661 8 11 0.120926276 
648 631 9 11 0.10219001 
607 661 8 11 0.09771364 
859 554 14 16 0.09266426 
938 630 22 29 0.07602147 
606 655 7 10 0.07528465 
632 664 10 11 0.072693415 
638 655 10 13 0.062063806 
701 660 9 13 0.0598369 
778 533 14 18 0.059424452 
666 647 8 10 0.055883467 
279 572 21 30 0.053481326 
602 655 8 10 0.044319574 
683 630 7 9 0.042446937 
550 645 10 10 0.039184432 
550 636 12 15 0.038523056 
674 667 9 11 0.03728442 
657 656 9 10 0.03625934 
607 648 7 9 0.035705876 
548 605 10 12 0.03561681 
646 636 9 12 0.03544415 
866 653 13 14 0.033916924 
714 660 12 15 0.03326544 
51 544 21 24 0.033000022 
229 580 32 41 0.032548107 
864 73 26 33 0.03246686 
654 631 9 11 0.031830896 
921 554 15 25 0.030563748 
536 680 9 11 0.029519921 
663 653 8 11 0.029470636 
625 677 8 10 0.028458364 
631 676 8 10 0.027312825 
840 63 16 20 0.027123896 
902 557 18 26 0.025311558 
544 637 11 15 0.025254799 
577 228 15 18 0.024876986 
544 613 10 13 0.02421542 
670 641 8 10 0.024030687 
865 554 14 19 0.023829486 
558 645 9 12 0.023298107 
340 289 35 44 0.023030987 
590 668 9 11 0.022890234 
656 636 9 10 0.022847677 
687 639 8 10 0.02227177 
712 655 12 14 0.022205194 
671 653 9 12 0.021759795 
625 686 8 11 0.021696122 
545 645 9 11 0.021500299 
548 620 11 14 0.021311238 
897 79 29 35 0.02130691 
558 654 9 11 0.0210705 
885 672 15 18 0.020987585 
860 191 16 19 0.020738866 
583 669 9 11 0.020601232 
681 624 8 11 0.020506697 
74 545 17 26 0.020431284 
686 644 10 11 0.020334424 
