40_Gymnastics_Gymnastics_40_740
125
382 770 241 343 0.9998399 
880 1303 11 15 0.4115639 
109 1278 16 18 0.33857566 
28 1292 14 17 0.31187192 
48 1345 13 17 0.26614806 
945 1223 10 13 0.25438106 
982 1228 10 12 0.22091039 
29 1414 11 14 0.1975114 
29 1326 16 20 0.18327576 
980 1273 13 16 0.15743278 
972 1303 12 14 0.15113574 
68 1294 14 16 0.14242731 
22 1393 14 17 0.13628174 
950 1294 10 13 0.13568845 
172 1370 12 17 0.12609713 
917 1222 11 15 0.12450892 
867 1363 12 17 0.121643536 
56 1307 13 15 0.12162599 
983 1299 12 15 0.11644608 
954 1403 22 27 0.11408502 
84 1489 13 18 0.112318814 
901 1350 11 14 0.11127634 
914 1325 12 16 0.107843764 
841 1305 11 14 0.10468929 
141 1366 14 17 0.10276999 
960 1437 26 33 0.09882757 
989 1429 13 18 0.0985304 
133 1346 12 15 0.094161205 
837 1326 13 16 0.07704645 
933 1117 10 11 0.07183257 
827 1382 13 16 0.06693614 
99 1340 16 21 0.06574776 
940 1328 11 13 0.06470221 
843 1325 14 16 0.06147745 
955 931 13 17 0.06138787 
955 1361 14 18 0.060115434 
425 557 107 132 0.059748527 
145 1283 11 13 0.057728264 
61 1299 14 17 0.05679632 
145 81 117 168 0.0561375 
452 626 58 74 0.05530303 
984 1369 12 14 0.0516614 
26 1076 15 18 0.048516333 
1003 1330 12 14 0.046782207 
878 1340 14 17 0.04519455 
38 1431 15 19 0.044728097 
15 1341 12 19 0.044519775 
238 885 497 554 0.042945284 
817 1370 12 15 0.04190257 
985 1254 10 12 0.041272778 
973 1389 21 28 0.0412415 
135 1369 15 18 0.040690996 
935 1330 12 14 0.040584404 
875 1228 11 15 0.039842222 
948 1263 10 12 0.038762555 
124 1381 13 16 0.038713776 
883 1336 14 18 0.037508644 
965 1395 22 28 0.037431154 
986 1273 12 15 0.036979813 
88 1344 12 17 0.03630315 
36 1480 18 22 0.03519922 
136 50 177 293 0.03509143 
908 1441 12 14 0.034653775 
140 1482 14 16 0.034233946 
37 1314 14 17 0.03404241 
894 917 14 17 0.032712206 
23 1313 13 17 0.030123947 
26 1426 25 29 0.030067263 
967 1108 14 17 0.030034512 
139 1396 11 14 0.029941725 
23 1417 15 19 0.029916557 
90 1485 12 14 0.029478468 
134 1320 13 16 0.029229175 
97 1317 12 15 0.028942881 
119 1388 13 17 0.0288865 
897 1354 11 14 0.028835127 
-3 1034 82 120 0.028718134 
78 1410 13 17 0.028679663 
885 1315 12 14 0.028484551 
37 1467 17 22 0.028378362 
927 1324 12 15 0.027852673 
27 1304 16 21 0.027630506 
23 1401 14 18 0.02755381 
27 1313 21 27 0.027256405 
847 1345 12 17 0.026928557 
880 1498 12 14 0.026355179 
970 1298 20 23 0.026295278 
933 1366 13 17 0.02579283 
258 -92 431 413 0.025606912 
850 1324 12 15 0.025514238 
916 1301 12 13 0.02549341 
19 1420 23 30 0.025348071 
165 1353 12 15 0.025054187 
26 1409 19 23 0.024978874 
545 44 13 17 0.024970386 
976 1224 10 12 0.024717947 
436 991 459 514 0.024295079 
117 1482 13 15 0.02394971 
79 1494 16 20 0.023739992 
981 1340 14 18 0.02319097 
877 1302 19 24 0.02299656 
67 1437 23 30 0.022764936 
118 1380 13 14 0.022560656 
102 1455 15 18 0.022514915 
877 1326 24 29 0.022371892 
24 1322 15 20 0.022061525 
929 1332 11 13 0.021842998 
204 1413 10 12 0.02149346 
972 1339 14 17 0.02135883 
580 374 128 118 0.021332376 
854 1122 12 15 0.021321075 
71 1434 14 16 0.021290263 
87 1342 21 27 0.021274213 
133 1389 13 15 0.021229034 
564 38 27 29 0.021112427 
57 1312 15 17 0.02084359 
40 1474 18 21 0.020748854 
961 1115 10 13 0.020713134 
976 1377 22 27 0.020646712 
949 1415 26 33 0.020604338 
10 1361 15 19 0.020561447 
100 1281 100 137 0.020365786 
239 832 132 151 0.0202042 
7 1293 10 14 0.020168552 
90 1362 14 18 0.020141527 
