40_Gymnastics_Gymnastics_40_484
24
495 270 78 101 0.994911 
833 71 40 52 0.8379969 
642 82 52 65 0.69417185 
477 75 46 63 0.45356435 
979 0 39 44 0.42634174 
808 206 44 51 0.42494002 
987 187 34 58 0.34126395 
139 -1 40 38 0.27622175 
823 413 45 64 0.252534 
988 312 34 60 0.08096664 
120 97 52 61 0.07229211 
613 259 44 60 0.06788134 
466 109 63 84 0.05303175 
317 85 39 53 0.041768003 
458 52 76 101 0.034675002 
362 168 48 73 0.034522463 
1011 423 13 24 0.033196453 
465 251 64 78 0.0300905 
0 0 33 32 0.027540071 
593 241 73 104 0.026171474 
634 48 60 75 0.023314252 
997 632 22 33 0.022254974 
646 36 31 35 0.021718666 
981 377 14 23 0.020247066 
