40_Gymnastics_Gymnastics_40_609
20
479 361 119 144 0.984939 
485 125 50 65 0.12097279 
837 63 51 66 0.096933834 
553 6 43 53 0.051837407 
389 102 43 60 0.04630731 
884 331 36 43 0.035433337 
160 363 87 119 0.034394562 
872 92 36 46 0.03359862 
364 97 42 60 0.027890379 
571 88 45 53 0.027471805 
373 165 35 42 0.025991093 
495 100 49 66 0.025124723 
176 63 45 59 0.024849914 
585 117 35 43 0.024809325 
240 232 32 42 0.02393558 
248 352 40 51 0.023364715 
467 112 81 110 0.023054011 
733 129 28 38 0.021868326 
489 333 84 110 0.021453558 
834 90 40 49 0.02006154 
