40_Gymnastics_Gymnastics_40_805
38
481 792 168 220 0.9980551 
65 691 48 59 0.6871948 
260 1349 81 131 0.4584705 
413 927 420 550 0.4284073 
934 1021 46 64 0.35363054 
359 1122 383 487 0.2964129 
999 1603 20 35 0.25035056 
996 1503 29 43 0.2005071 
128 1015 25 31 0.12596403 
957 990 36 51 0.07051215 
923 1599 41 42 0.05400382 
331 157 17 20 0.051452685 
259 954 22 28 0.046895996 
584 1457 444 506 0.045260284 
946 1001 50 70 0.041455463 
959 1628 26 31 0.03983033 
785 1569 62 56 0.037421543 
945 1612 33 33 0.037392214 
257 805 40 50 0.032247707 
480 1845 30 33 0.03133121 
247 1365 452 425 0.030127022 
753 782 26 31 0.029073333 
223 1578 442 532 0.028538633 
779 1013 72 58 0.027962707 
830 1478 107 117 0.027810251 
423 163 31 36 0.024825111 
471 1847 50 53 0.024494335 
136 1021 27 32 0.023298932 
971 1633 16 22 0.023199573 
506 1347 377 457 0.022732075 
729 475 39 53 0.022458287 
932 1627 32 36 0.022442862 
62 715 40 46 0.021978475 
230 994 15 19 0.02191905 
713 575 29 36 0.021637697 
149 1036 29 31 0.021096822 
108 1115 23 27 0.021088552 
334 181 48 52 0.020195346 
