40_Gymnastics_Gymnastics_40_1043
55
554 418 16 23 0.98214126 
881 427 17 22 0.97311425 
955 409 18 27 0.96227396 
783 409 21 25 0.9531554 
343 426 18 23 0.9057791 
550 480 21 24 0.8983745 
840 455 17 19 0.3122218 
82 656 21 35 0.2323211 
570 460 14 17 0.1927764 
573 484 17 19 0.12003051 
903 461 13 15 0.11894827 
860 451 17 21 0.10450989 
893 529 13 18 0.09748417 
597 484 13 17 0.08857949 
843 477 15 17 0.07734242 
365 432 16 22 0.07698897 
847 437 11 13 0.07194575 
847 454 20 24 0.06863868 
534 473 14 19 0.058542497 
859 442 16 20 0.050546553 
46 -37 399 493 0.043463845 
380 432 15 20 0.042999122 
816 482 12 14 0.042892944 
387 429 13 20 0.038107842 
836 462 17 20 0.037702184 
865 429 22 26 0.036755234 
373 438 15 21 0.031971242 
853 442 14 20 0.031921465 
72 667 26 32 0.030495515 
358 489 13 16 0.029839031 
859 434 17 19 0.02901542 
845 411 11 13 0.028890599 
907 465 12 17 0.026742512 
290 483 14 18 0.026662806 
934 530 13 18 0.026439177 
845 443 14 19 0.025067654 
860 517 13 17 0.024701135 
371 429 16 21 0.024645267 
832 476 23 26 0.024429705 
845 497 14 14 0.0242493 
353 427 14 19 0.02416721 
829 475 15 19 0.023420185 
540 472 20 25 0.02293051 
970 412 14 18 0.022805883 
821 479 26 28 0.022392808 
855 456 24 28 0.022317523 
544 419 14 20 0.022252766 
566 453 17 19 0.021632858 
860 494 16 19 0.021424038 
852 465 15 17 0.021105304 
953 478 25 29 0.021014059 
802 418 16 20 0.020899134 
900 429 12 16 0.02038742 
363 487 12 14 0.020302 
693 596 14 21 0.020243518 
