40_Gymnastics_Gymnastics_40_521
21
248 108 59 83 0.99950826 
318 425 61 74 0.9991498 
641 86 59 74 0.99890614 
490 314 65 92 0.9980671 
981 0 38 32 0.167994 
375 341 38 51 0.08417656 
94 474 64 53 0.03818323 
676 234 13 17 0.035995465 
923 330 52 50 0.031935245 
674 477 28 29 0.03166167 
788 455 42 42 0.03146227 
107 484 38 28 0.029412307 
136 19 14 17 0.028884932 
61 54 8 12 0.028095938 
658 178 391 478 0.026926195 
54 50 11 13 0.026923573 
75 466 108 97 0.025904497 
78 22 10 11 0.025597045 
-115 368 409 410 0.02294916 
222 552 43 58 0.020898724 
221 459 14 16 0.020671602 
