35_Basketball_Basketball_35_327
56
84 163 28 35 0.9996904 
790 170 30 39 0.9988784 
540 155 26 32 0.99840456 
738 156 22 29 0.99737394 
969 183 30 38 0.99720675 
23 176 24 31 0.99715024 
829 147 26 35 0.9967505 
765 146 27 36 0.99635726 
916 142 37 52 0.9908948 
409 230 52 78 0.99078965 
385 174 22 29 0.98976773 
596 162 22 27 0.9871336 
665 155 26 28 0.98454964 
465 179 21 27 0.97871953 
185 183 19 23 0.9763293 
249 168 21 27 0.97505105 
435 162 20 25 0.97329867 
324 185 18 23 0.9583214 
491 176 17 22 0.9522349 
981 159 25 29 0.9414413 
635 170 21 27 0.93560416 
567 162 16 24 0.17386429 
748 156 25 30 0.15915212 
2 234 14 17 0.14376956 
268 144 16 18 0.1272987 
417 226 32 54 0.11510519 
1012 176 11 17 0.10558914 
510 191 11 12 0.08839715 
531 187 13 19 0.08639201 
249 237 14 17 0.081401445 
1014 137 10 15 0.05842399 
707 177 16 21 0.056930326 
566 178 15 21 0.054511353 
525 181 14 19 0.051447265 
524 418 16 17 0.048937358 
622 228 20 29 0.04756045 
14 241 13 16 0.04737618 
254 250 12 16 0.04135174 
487 183 17 21 0.038970444 
466 173 17 21 0.03580085 
738 290 16 16 0.03247964 
491 164 22 26 0.031175066 
142 171 14 19 0.03031148 
245 240 21 25 0.02669831 
243 227 15 17 0.02577963 
302 173 11 15 0.024250077 
593 255 10 15 0.023551032 
265 142 12 15 0.023526328 
703 329 12 16 0.023262175 
277 177 13 16 0.021918958 
228 202 15 20 0.021897266 
219 253 11 14 0.021381658 
498 183 14 18 0.021153035 
418 162 15 20 0.020878667 
437 221 26 47 0.020575235 
199 163 13 17 0.020115785 
