35_Basketball_basketballgame_ball_35_375
2230
992 534 13 20 0.67224395 
361 143 7 10 0.6092866 
681 199 9 12 0.53319037 
658 136 8 11 0.50948936 
805 183 10 13 0.49782184 
969 78 7 10 0.47147653 
762 603 18 22 0.47056177 
413 133 8 11 0.46822324 
862 198 9 11 0.44864237 
352 127 7 10 0.4454082 
631 215 8 11 0.44380608 
575 149 8 10 0.41453075 
500 166 9 12 0.41324246 
606 190 7 10 0.41151062 
648 177 8 10 0.40998894 
591 226 10 12 0.40417102 
830 215 9 12 0.40006548 
845 152 8 11 0.38847885 
822 681 25 28 0.3746808 
593 110 7 9 0.3469602 
874 692 25 30 0.34250608 
610 231 8 10 0.34172446 
647 55 6 9 0.3409094 
635 132 7 10 0.33997586 
626 56 6 9 0.3166292 
615 217 8 10 0.3112698 
446 135 7 10 0.30024323 
433 167 8 11 0.292931 
862 127 8 11 0.29247504 
865 222 7 10 0.29239634 
649 158 8 10 0.2892201 
449 211 9 12 0.28823978 
272 95 8 9 0.28720272 
537 158 7 10 0.27394283 
1 126 8 12 0.26732314 
862 133 7 10 0.2646714 
719 99 9 12 0.2605237 
334 104 8 10 0.25864875 
838 5 8 11 0.2519944 
272 175 7 10 0.2515048 
576 111 7 10 0.24941358 
967 142 8 10 0.2488182 
393 147 10 11 0.24812965 
838 127 8 11 0.24627481 
465 158 7 9 0.24617454 
982 485 23 30 0.2449426 
862 157 8 10 0.24336705 
522 224 8 11 0.24302529 
808 745 19 21 0.24000652 
95 127 8 11 0.23502474 
430 190 10 12 0.23257527 
840 169 9 11 0.23173572 
52 524 12 16 0.23158138 
986 483 15 19 0.23087661 
518 161 8 10 0.23068605 
965 165 9 11 0.23023081 
695 111 9 12 0.22943792 
300 192 8 10 0.22812077 
842 150 8 10 0.22555701 
256 95 7 9 0.22511454 
738 97 7 10 0.22245103 
861 568 13 19 0.22126545 
118 168 8 11 0.22058144 
817 174 8 11 0.21874374 
933 214 8 10 0.2166191 
997 165 11 12 0.216507 
823 150 8 10 0.21576895 
638 233 8 10 0.21431254 
567 166 8 10 0.21373296 
360 167 8 10 0.21338241 
86 102 7 10 0.21201181 
887 150 9 10 0.21176568 
94 152 8 10 0.21129416 
591 15 6 8 0.20924482 
1010 146 11 13 0.2062679 
592 55 7 9 0.20626204 
321 30 7 9 0.2052274 
543 204 8 10 0.20207211 
592 149 8 9 0.19365066 
871 520 13 19 0.19282319 
712 135 10 13 0.19226374 
896 171 10 13 0.19167268 
1005 15 10 13 0.19083391 
592 129 7 10 0.18952183 
724 182 8 11 0.18818681 
1009 483 11 15 0.18799463 
575 191 8 9 0.18580537 
701 23 7 10 0.18486734 
674 221 8 11 0.18307713 
477 94 8 12 0.18216874 
453 198 11 12 0.18180089 
450 166 10 11 0.18109371 
471 136 7 10 0.1800254 
273 158 7 9 0.17934696 
625 176 7 10 0.17929415 
862 151 9 12 0.17734554 
608 87 7 10 0.17670763 
181 64 7 9 0.17639856 
888 157 8 11 0.17615642 
804 681 16 21 0.17276339 
859 199 8 11 0.17238048 
441 41 8 9 0.17222562 
493 641 21 26 0.17109936 
495 102 7 9 0.17105664 
160 94 7 10 0.16882223 
392 17 7 9 0.16644871 
768 69 8 10 0.16643186 
62 121 7 10 0.16594385 
983 4 9 11 0.16593514 
318 143 9 11 0.16532744 
378 173 8 10 0.16480996 
617 199 7 10 0.16461685 
657 221 8 11 0.16354696 
558 184 8 11 0.1629502 
575 89 7 10 0.162706 
888 135 10 11 0.16200396 
888 103 8 10 0.16054565 
821 273 9 10 0.15985501 
157 143 8 11 0.15958287 
423 23 7 9 0.15894122 
471 207 8 10 0.15892878 
685 237 8 9 0.15881972 
150 159 8 9 0.15813947 
863 177 8 10 0.15777001 
397 145 9 10 0.15624157 
918 506 13 16 0.15606883 
847 156 8 9 0.1556127 
390 41 8 9 0.1546711 
825 200 8 10 0.15262775 
110 157 7 9 0.150842 
153 128 7 10 0.1506636 
949 7 10 11 0.1500176 
657 72 8 10 0.14842826 
997 36 9 11 0.14738764 
855 111 8 10 0.14643662 
999 55 9 11 0.14641757 
440 183 9 12 0.14584428 
290 121 7 10 0.14524478 
295 607 23 28 0.14377502 
506 150 7 10 0.14318381 
477 180 9 11 0.1423823 
889 142 9 12 0.14205205 
514 102 7 9 0.141939 
477 101 8 10 0.14192918 
625 152 9 10 0.14128765 
110 531 13 16 0.14096561 
873 128 8 11 0.14060354 
694 79 8 11 0.13845739 
448 152 8 11 0.1383605 
77 167 8 10 0.13762581 
320 198 8 10 0.13757147 
905 205 9 11 0.13739705 
79 126 8 10 0.13722272 
558 71 7 8 0.13666135 
610 150 8 10 0.13659857 
999 159 10 13 0.13573006 
519 103 8 9 0.13491589 
625 156 8 12 0.13433364 
62 102 7 10 0.13421898 
893 506 15 18 0.1338783 
933 207 8 11 0.13319968 
559 103 8 8 0.13294111 
951 185 7 10 0.13270243 
437 190 10 13 0.1324365 
378 24 7 9 0.1319301 
637 128 8 11 0.13182014 
281 137 8 10 0.13122787 
590 189 8 10 0.13081945 
606 255 10 12 0.13066094 
729 64 7 10 0.13066046 
519 183 8 10 0.1306256 
512 176 8 10 0.12987544 
896 435 10 15 0.1298663 
800 64 9 11 0.12983778 
910 142 9 10 0.12966394 
463 153 8 10 0.12879443 
775 143 9 11 0.12795441 
442 45 8 11 0.1275815 
677 113 9 11 0.12751766 
521 14 8 9 0.12586072 
429 72 9 11 0.1253513 
319 192 7 9 0.12521115 
514 159 8 10 0.12505205 
160 55 8 10 0.12471619 
425 72 9 11 0.12465775 
489 135 8 10 0.124464706 
566 54 8 10 0.12426793 
448 157 9 11 0.12404297 
774 214 9 12 0.12389107 
912 135 9 10 0.123829864 
169 160 7 10 0.1237615 
949 77 7 10 0.123655505 
440 23 8 10 0.123607755 
410 192 8 11 0.1229361 
207 39 8 10 0.122391544 
303 135 8 10 0.122311935 
535 263 12 15 0.121573664 
76 525 11 14 0.121216625 
992 167 10 13 0.12082796 
909 158 8 11 0.12081124 
553 46 8 10 0.12012783 
410 80 7 10 0.11976957 
545 103 7 9 0.11945956 
558 231 9 11 0.119087696 
569 215 8 11 0.11883833 
814 230 8 10 0.118778594 
554 87 8 9 0.11853152 
863 192 8 10 0.118501306 
374 8 8 9 0.11840757 
496 117 8 11 0.11810552 
164 563 15 18 0.117912084 
412 172 10 12 0.11762554 
510 197 9 12 0.117591746 
263 142 7 9 0.11703732 
286 137 8 10 0.11693457 
536 181 7 10 0.1160969 
922 151 9 11 0.11604316 
831 103 10 12 0.11593105 
400 166 8 11 0.11584709 
334 605 15 18 0.11579579 
900 436 13 16 0.115362935 
919 191 9 10 0.11521012 
350 105 7 9 0.1149899 
639 73 7 9 0.11495734 
426 184 8 10 0.11491693 
812 566 15 20 0.11424822 
437 196 9 11 0.11402846 
193 144 8 10 0.11401404 
225 80 7 9 0.1133709 
641 95 8 11 0.11295321 
335 125 8 10 0.11294863 
525 204 9 11 0.11287789 
774 172 8 10 0.11277027 
336 143 8 10 0.11222591 
351 132 7 10 0.11215522 
537 119 7 8 0.112041 
280 191 7 8 0.11202165 
153 134 8 10 0.111784555 
494 143 9 10 0.11123914 
428 119 9 11 0.11095255 
586 165 9 11 0.110339135 
943 446 9 13 0.108409025 
353 15 7 9 0.107976444 
921 197 9 12 0.107971855 
500 217 10 11 0.10639451 
599 78 7 10 0.10636164 
303 65 6 8 0.10632694 
874 110 8 11 0.10619697 
383 86 8 10 0.10607707 
606 174 8 10 0.105980225 
157 174 7 10 0.10562825 
943 140 9 11 0.10531895 
952 562 13 21 0.10521224 
6 99 11 13 0.10506114 
94 62 7 9 0.104841866 
296 109 8 9 0.104367845 
142 151 8 10 0.103416294 
384 23 7 10 0.10302183 
129 56 8 10 0.10288439 
680 63 7 9 0.10264891 
281 80 8 10 0.10214332 
1014 71 8 11 0.10211825 
197 134 7 10 0.10209632 
680 94 10 12 0.10202753 
840 145 7 10 0.1019857 
433 196 9 12 0.10169709 
66 87 8 10 0.10118785 
129 119 8 10 0.10036226 
663 8 7 8 0.10008809 
646 95 9 11 0.10008041 
440 128 9 11 0.099821016 
744 30 7 9 0.09945432 
478 121 8 9 0.09934198 
624 181 8 9 0.09907645 
248 152 7 9 0.09899961 
614 113 7 9 0.09873893 
661 70 9 11 0.0986234 
904 151 10 12 0.098495714 
457 40 8 10 0.098441154 
688 128 9 11 0.09841543 
606 57 7 9 0.09805879 
389 630 16 20 0.09769825 
607 183 8 11 0.097506694 
663 55 7 9 0.097461425 
625 86 8 11 0.09731149 
256 79 8 10 0.09689377 
1000 468 11 14 0.09666423 
681 134 8 10 0.09545311 
343 181 8 10 0.09520384 
945 136 8 10 0.09505525 
809 577 18 21 0.09496869 
31 90 7 10 0.09482568 
80 62 7 10 0.09437291 
585 183 8 11 0.09429038 
81 571 18 23 0.09417788 
608 118 8 9 0.09367659 
382 111 8 10 0.09272208 
550 160 8 11 0.09255757 
736 81 8 10 0.091889724 
237 14 8 10 0.091850825 
535 48 7 9 0.09171327 
451 205 11 12 0.09149331 
760 22 7 9 0.09149076 
469 213 9 11 0.09147909 
221 111 9 10 0.09099948 
430 134 7 9 0.09056545 
679 7 7 9 0.0904759 
414 165 10 13 0.090460524 
255 87 7 8 0.09026043 
602 61 7 9 0.090185136 
609 215 8 11 0.09009952 
477 88 7 9 0.08988291 
426 77 9 11 0.089764796 
85 96 9 10 0.08964103 
702 238 8 10 0.08937248 
505 126 7 9 0.08922335 
390 21 9 11 0.08887078 
488 269 10 13 0.088637404 
629 57 7 9 0.088503145 
255 183 7 9 0.08848077 
39 56 7 10 0.08836706 
241 132 9 11 0.08804901 
837 104 9 11 0.087763295 
457 120 8 9 0.087573975 
510 151 7 9 0.08732576 
747 214 12 15 0.087098025 
590 216 7 9 0.08689511 
353 64 6 8 0.086352706 
294 121 7 9 0.08629817 
528 151 6 9 0.086253285 
697 207 7 9 0.08577617 
1011 478 11 15 0.085568435 
359 15 8 9 0.08515553 
576 46 8 9 0.08513687 
91 555 13 18 0.08465633 
995 697 26 34 0.08451401 
136 104 8 10 0.08404836 
264 103 6 8 0.08379607 
688 102 8 10 0.08379268 
879 127 9 12 0.083720066 
135 56 7 9 0.08365272 
496 111 7 10 0.08355104 
655 238 8 10 0.08354666 
488 199 8 11 0.08344003 
585 213 8 10 0.08340577 
398 182 9 12 0.08333701 
129 140 8 11 0.08329389 
313 104 7 9 0.083219536 
104 103 9 11 0.08318998 
218 184 6 9 0.08307544 
319 148 9 11 0.0830694 
680 87 7 9 0.08255252 
914 116 9 10 0.08244258 
999 101 8 10 0.08219437 
593 87 7 9 0.08218814 
168 143 9 10 0.08201027 
879 166 8 11 0.08188714 
456 180 8 11 0.08164773 
488 150 9 12 0.081553176 
207 102 8 10 0.08143846 
263 111 7 8 0.08143376 
478 189 10 12 0.081386045 
656 76 8 9 0.08100356 
909 199 10 12 0.08099712 
610 114 7 8 0.08089593 
415 40 7 8 0.08085366 
99 181 9 12 0.08081346 
702 55 9 10 0.08077138 
629 151 8 11 0.08073149 
678 142 10 11 0.08070518 
625 220 8 10 0.08029003 
57 158 7 10 0.08018972 
246 128 7 10 0.080183774 
471 199 10 12 0.079803616 
409 41 6 9 0.07974621 
234 70 7 10 0.0794717 
945 73 8 9 0.07941503 
407 86 8 10 0.07929387 
861 104 8 10 0.07928655 
31 57 8 10 0.07911807 
376 55 7 9 0.07910636 
597 351 11 14 0.07889894 
304 94 6 9 0.078840725 
735 63 7 9 0.07856516 
359 61 7 10 0.07847215 
414 62 8 10 0.078415275 
916 222 10 12 0.07840397 
303 70 6 8 0.07807173 
176 112 7 10 0.07763258 
121 95 7 9 0.077595815 
558 95 7 10 0.07749538 
670 167 10 12 0.077432096 
560 120 8 10 0.07717604 
593 49 6 8 0.077135 
131 158 7 9 0.07695809 
447 140 7 9 0.07694403 
854 94 8 9 0.07691403 
678 80 7 9 0.07688253 
152 88 7 9 0.07668039 
47 87 8 10 0.07661431 
615 45 7 9 0.07660169 
224 28 8 10 0.07640596 
456 96 7 10 0.07625358 
19 517 13 18 0.07602117 
480 24 8 10 0.07593517 
246 105 8 9 0.07571124 
520 260 9 11 0.075636856 
297 142 7 9 0.075251095 
543 158 8 11 0.07520452 
142 54 8 10 0.07498249 
96 8 8 10 0.074902765 
647 117 9 11 0.07483106 
168 135 8 10 0.074799374 
634 39 7 9 0.074629575 
697 54 7 10 0.07455643 
951 11 9 12 0.074422866 
402 92 6 9 0.074201964 
302 37 8 10 0.07412705 
646 112 9 11 0.073717594 
87 85 8 10 0.073313296 
674 157 8 10 0.07331133 
256 176 6 8 0.07321481 
945 13 8 10 0.07303633 
519 119 8 10 0.07301343 
848 118 9 10 0.07295102 
159 89 7 9 0.07294624 
201 96 7 9 0.07293849 
678 150 10 12 0.072924964 
238 184 7 9 0.072855115 
175 127 8 9 0.07264505 
0 682 13 21 0.07257784 
114 167 8 11 0.07257445 
359 119 8 10 0.07254727 
70 137 8 9 0.07235745 
992 87 9 10 0.07227282 
158 15 8 9 0.07219661 
61 622 27 31 0.07211361 
271 72 8 10 0.072076544 
668 172 10 12 0.07189416 
230 149 8 11 0.071784385 
727 189 8 11 0.07153835 
710 85 8 10 0.071509965 
878 110 9 11 0.071358524 
209 142 7 9 0.07122394 
129 47 7 8 0.07120399 
384 79 8 10 0.071194306 
438 173 8 10 0.07109676 
704 62 7 9 0.07094992 
520 96 8 10 0.07089617 
609 40 7 9 0.070800856 
233 169 7 9 0.0707159 
474 121 8 10 0.07032538 
544 166 8 9 0.07029646 
56 23 7 9 0.07003732 
589 160 9 11 0.06980115 
795 64 8 10 0.06976037 
559 222 8 10 0.069662265 
493 137 9 9 0.069525376 
239 117 7 9 0.06943109 
358 183 9 10 0.06934362 
378 39 7 9 0.06905108 
159 148 7 10 0.0690094 
752 157 11 12 0.068956636 
473 48 7 8 0.06893063 
279 113 7 8 0.068908036 
189 119 8 10 0.06878445 
542 175 9 12 0.068782784 
158 128 7 10 0.06872122 
240 113 7 10 0.06867381 
536 220 9 12 0.068601355 
538 152 8 11 0.068302855 
473 125 8 11 0.06828988 
321 9 8 9 0.068087734 
552 120 7 10 0.06808066 
822 31 7 10 0.06777274 
46 121 8 11 0.06757297 
640 112 8 10 0.06745884 
608 144 9 11 0.06713095 
632 7 7 8 0.06698451 
649 245 9 11 0.066909954 
334 121 9 10 0.06680284 
201 167 8 9 0.0667813 
751 271 7 10 0.06668199 
945 8 9 11 0.06666545 
647 153 8 9 0.06648984 
152 38 7 9 0.066457935 
648 240 9 11 0.06628691 
465 214 9 11 0.066281796 
161 60 8 11 0.06624182 
455 101 8 10 0.066204265 
352 40 7 10 0.06600138 
168 166 9 11 0.065906554 
511 143 8 11 0.065838814 
567 47 7 10 0.06557834 
919 168 11 12 0.06552669 
551 231 10 11 0.065388486 
961 159 9 11 0.0653293 
641 117 8 10 0.065325774 
118 71 8 11 0.065179735 
980 641 17 23 0.06512206 
690 110 9 12 0.06512102 
765 86 8 10 0.06511898 
233 128 7 9 0.06508741 
415 159 8 11 0.06485202 
328 119 8 11 0.06480707 
919 185 9 10 0.06478077 
993 525 24 30 0.06464288 
662 105 8 10 0.064614125 
473 191 9 11 0.06405085 
128 60 8 10 0.06404698 
904 80 8 10 0.06392552 
937 166 9 12 0.06390123 
932 133 11 13 0.06387961 
849 94 8 9 0.063842595 
949 136 8 11 0.0636759 
613 247 11 13 0.06359344 
975 22 8 9 0.0634835 
13 514 14 18 0.06347981 
640 77 6 9 0.06343954 
913 111 8 11 0.06342422 
517 277 13 17 0.0633411 
223 128 8 10 0.06331189 
622 199 8 10 0.06324792 
8 615 22 29 0.063136294 
447 76 11 13 0.062969595 
191 126 8 10 0.06286959 
905 156 9 12 0.062833585 
553 260 9 13 0.062821455 
197 183 8 10 0.062771276 
346 105 7 9 0.062771 
446 182 9 11 0.06269832 
377 192 7 10 0.06264731 
808 150 7 9 0.06251274 
320 183 6 9 0.06238875 
137 174 7 10 0.062379096 
528 8 9 10 0.06237533 
48 519 10 15 0.062367525 
315 193 7 9 0.062324155 
558 262 10 12 0.062298182 
408 166 9 12 0.0622938 
990 5 9 10 0.06217602 
893 142 8 10 0.062101237 
585 188 9 11 0.06205734 
695 157 9 10 0.06205218 
234 173 7 10 0.06201261 
209 61 8 10 0.06194314 
182 69 8 9 0.061942063 
94 156 8 11 0.06182268 
408 45 8 10 0.06180085 
960 494 10 14 0.061733786 
881 207 8 11 0.06171914 
414 151 7 9 0.061704565 
544 109 8 10 0.061670184 
408 30 8 9 0.061638534 
152 112 7 10 0.06156256 
782 9 8 9 0.061475962 
278 153 8 10 0.061444607 
854 116 9 10 0.061203256 
273 101 7 8 0.06114246 
985 167 9 12 0.06099106 
690 80 8 9 0.060733404 
65 80 8 10 0.060676917 
429 125 9 11 0.06067163 
544 229 10 13 0.06063591 
62 636 24 28 0.060627192 
1005 441 14 18 0.06058708 
741 95 8 10 0.060585435 
299 38 7 9 0.060582995 
321 121 7 9 0.060562264 
79 120 7 10 0.06046613 
106 158 8 10 0.060389385 
129 103 7 10 0.06035011 
132 587 15 19 0.060213223 
425 46 8 10 0.060024478 
1013 13 9 12 0.060008366 
298 70 7 10 0.059821 
993 152 8 10 0.05979389 
983 111 8 10 0.059785873 
934 32 9 11 0.05973355 
157 135 8 9 0.05949344 
623 190 8 11 0.059393577 
295 104 7 10 0.05936235 
1004 691 15 19 0.059178717 
335 110 7 9 0.059152238 
925 173 9 11 0.05896918 
927 6 9 11 0.058942173 
828 198 8 10 0.05892078 
250 184 7 9 0.058893528 
327 8 7 10 0.058866244 
84 561 16 23 0.05882477 
585 174 8 10 0.058811463 
258 143 7 9 0.058791168 
384 184 8 10 0.058648217 
608 134 8 9 0.05853297 
762 81 8 9 0.058433224 
677 156 9 10 0.058348987 
922 697 28 32 0.058283716 
680 99 10 11 0.058219247 
967 146 9 12 0.057986315 
369 56 7 9 0.05797564 
174 96 7 10 0.057882793 
199 102 9 11 0.05780769 
680 231 9 11 0.0576962 
497 219 10 12 0.05742611 
1006 111 9 11 0.057343118 
575 282 12 16 0.057340633 
393 62 7 9 0.057325404 
262 138 7 9 0.05725229 
134 143 8 11 0.057251338 
670 126 9 10 0.057233196 
992 158 10 12 0.057226583 
495 206 7 9 0.057166588 
120 7 9 11 0.057007894 
541 222 10 12 0.056946352 
222 105 8 9 0.056942154 
695 127 9 12 0.05692842 
794 23 7 9 0.056842767 
887 108 8 10 0.05666285 
176 56 8 9 0.056580536 
573 214 9 11 0.056552626 
921 275 10 12 0.05652311 
694 103 7 9 0.056485035 
608 157 9 11 0.05634027 
59 607 28 33 0.05612848 
538 274 13 16 0.056119323 
142 48 8 10 0.056111738 
646 1 9 9 0.056080833 
520 63 9 10 0.056051105 
495 229 13 16 0.055857733 
743 8 8 9 0.055820204 
216 161 8 9 0.05575344 
737 14 8 9 0.055749383 
552 181 10 14 0.05569302 
720 176 10 12 0.05566378 
720 63 9 11 0.055617783 
818 135 8 9 0.05560565 
407 159 9 10 0.055546716 
550 236 11 14 0.055541657 
616 24 7 8 0.055393655 
347 109 7 10 0.055259272 
385 42 7 9 0.05517308 
749 256 10 11 0.055157 
474 174 9 12 0.055143137 
654 96 7 9 0.05506178 
192 94 7 10 0.055024542 
647 294 8 10 0.054973423 
664 167 9 12 0.054948542 
27 597 17 20 0.054935556 
104 108 8 11 0.054850113 
703 79 9 11 0.054845974 
889 742 26 27 0.05476862 
857 143 9 10 0.05474381 
471 54 8 10 0.054579735 
270 62 8 9 0.054502994 
643 55 7 9 0.054320272 
145 71 9 10 0.054186203 
525 71 8 9 0.05416337 
880 103 8 10 0.05403661 
360 57 8 10 0.05403298 
541 151 8 10 0.054032125 
219 117 8 10 0.05397444 
560 206 9 11 0.053968444 
456 44 8 11 0.05387633 
590 8 8 8 0.05381184 
87 200 9 11 0.0537358 
910 31 8 10 0.05365475 
152 166 8 11 0.05352611 
383 189 8 10 0.053524006 
765 44 8 10 0.05341869 
426 188 9 12 0.053348843 
552 103 7 9 0.0533252 
648 37 7 10 0.0533183 
55 55 9 12 0.05329459 
721 189 10 12 0.053273097 
856 165 9 11 0.053077567 
702 41 7 8 0.053008504 
489 112 8 9 0.05293153 
463 30 7 9 0.05292889 
89 56 8 9 0.052925866 
462 38 8 11 0.05290094 
391 183 8 11 0.05287119 
303 88 7 9 0.05284819 
653 118 10 11 0.052746985 
288 175 8 10 0.052735575 
137 70 7 10 0.052689224 
369 49 7 8 0.052604698 
536 176 9 12 0.052579213 
97 176 9 12 0.052573163 
631 94 7 10 0.052557115 
858 103 8 10 0.05249891 
174 158 9 10 0.05240737 
136 168 7 10 0.0523824 
929 111 8 10 0.052345943 
446 41 7 9 0.05229077 
782 25 6 8 0.05227851 
241 128 8 10 0.05227192 
112 62 7 8 0.052134797 
328 14 7 9 0.052121922 
800 222 9 11 0.05211758 
455 175 9 11 0.052046485 
814 179 10 14 0.052031282 
885 127 10 12 0.05201049 
155 92 7 10 0.051932573 
552 126 7 8 0.05184583 
886 40 7 9 0.05184346 
711 80 8 10 0.051759906 
503 639 22 28 0.051746026 
81 133 8 10 0.05174249 
135 150 9 12 0.051680397 
674 38 7 10 0.051680196 
801 176 9 12 0.051655132 
727 1 8 8 0.05162611 
922 498 14 17 0.05161698 
972 184 9 11 0.051571973 
815 8 8 10 0.051510293 
488 128 7 9 0.051468115 
505 191 8 11 0.051450174 
495 183 8 10 0.05143284 
455 125 9 11 0.05142879 
794 69 9 11 0.051367808 
598 73 8 10 0.051361144 
50 136 8 10 0.051251534 
31 174 8 10 0.05123182 
1000 77 8 10 0.051231004 
170 32 7 8 0.051225655 
661 215 8 10 0.05107314 
493 40 8 10 0.05104566 
687 15 8 10 0.05101136 
576 116 8 10 0.051003914 
1003 19 9 11 0.050991327 
625 60 8 10 0.050920125 
73 560 21 28 0.050880454 
286 80 7 9 0.050782334 
543 77 8 11 0.05077146 
214 136 9 10 0.050721847 
96 121 8 9 0.050686248 
825 101 9 14 0.050668813 
513 118 7 10 0.050629374 
649 126 8 10 0.050609924 
525 101 7 10 0.050607633 
320 25 7 10 0.05055803 
378 112 8 11 0.050471965 
614 157 9 11 0.050387174 
328 71 8 10 0.05034384 
528 261 9 12 0.050335944 
694 133 9 11 0.050291605 
923 272 11 11 0.050285023 
151 63 7 10 0.05017788 
288 95 8 9 0.050163366 
906 435 14 17 0.05012505 
968 82 9 11 0.050103143 
941 166 9 11 0.05009822 
576 15 7 9 0.050086517 
513 96 7 10 0.05007593 
551 255 9 12 0.050053164 
949 716 12 17 0.04999614 
15 80 7 9 0.049915045 
447 6 8 9 0.04987642 
975 108 9 12 0.049853344 
377 86 7 10 0.049819227 
797 689 15 20 0.04978324 
87 133 8 10 0.04978279 
553 41 8 9 0.049777824 
740 101 8 9 0.049772054 
521 78 8 10 0.049718518 
0 412 7 13 0.049642403 
526 65 8 9 0.049632546 
679 69 8 10 0.049491897 
985 492 28 35 0.049471986 
248 157 8 10 0.04947163 
553 95 7 9 0.049394723 
63 95 9 10 0.049343977 
485 158 9 10 0.04928687 
602 174 8 10 0.049274232 
304 168 8 10 0.04926558 
664 157 8 10 0.049223743 
648 31 8 10 0.049190253 
406 93 7 9 0.049154565 
262 79 7 10 0.049117833 
977 3 9 12 0.049087323 
82 85 8 11 0.049086947 
696 214 10 12 0.048997965 
542 72 8 9 0.048982263 
961 173 9 11 0.048961632 
660 222 9 11 0.04895898 
321 96 6 8 0.048949562 
176 79 6 8 0.048944358 
526 78 8 11 0.048848685 
656 230 9 11 0.048844352 
622 72 8 10 0.04882661 
773 69 7 9 0.048674352 
494 25 8 9 0.048520673 
897 53 8 10 0.048301414 
232 112 7 9 0.048284218 
701 111 9 11 0.04827351 
974 103 9 11 0.048256468 
351 200 9 12 0.04823989 
984 478 13 18 0.04822343 
176 24 7 8 0.048093595 
66 135 7 10 0.04808389 
290 103 8 9 0.048075862 
313 109 8 9 0.04805909 
345 128 8 9 0.04799262 
174 152 9 9 0.047928132 
647 259 10 12 0.047774445 
713 640 27 31 0.04776467 
286 86 7 10 0.047762197 
583 266 11 14 0.04776137 
125 8 8 10 0.04765988 
208 15 7 9 0.04763159 
679 167 10 12 0.047614604 
590 244 12 14 0.0475976 
342 144 8 10 0.04756207 
657 16 7 9 0.04752189 
189 166 8 10 0.04748699 
502 112 8 10 0.047483183 
344 88 7 9 0.047479786 
463 219 10 12 0.04747617 
520 87 8 9 0.047334705 
537 164 8 9 0.047315475 
695 72 7 9 0.047313932 
594 78 7 10 0.04730589 
305 120 7 9 0.047272786 
479 28 9 11 0.047265697 
929 2 8 8 0.04719611 
0 120 8 14 0.04718874 
528 182 8 11 0.047170524 
121 111 7 9 0.04713796 
238 169 8 9 0.047129843 
441 6 7 9 0.047106847 
816 584 18 21 0.0470349 
584 46 6 9 0.04701329 
895 48 8 9 0.04692269 
533 7 9 10 0.04691702 
374 197 9 10 0.046873156 
440 29 8 10 0.046867743 
264 167 8 10 0.046820793 
857 159 8 10 0.04678545 
705 87 8 9 0.046711493 
737 9 8 8 0.0466801 
624 17 8 10 0.046673525 
240 88 7 9 0.046630107 
525 96 8 11 0.04661566 
883 523 14 17 0.046605244 
953 150 9 12 0.04658032 
26 93 8 11 0.046546035 
674 118 9 10 0.04654492 
494 149 8 11 0.04654372 
822 145 7 9 0.04652079 
306 128 8 9 0.04651803 
796 585 13 17 0.046515457 
526 12 8 10 0.04642571 
385 73 7 9 0.04639736 
597 112 7 9 0.04636874 
663 63 8 9 0.04633951 
911 166 9 11 0.046332352 
71 151 9 11 0.046321914 
737 234 10 12 0.04631158 
254 63 8 9 0.04630852 
942 31 9 10 0.046279274 
720 7 7 8 0.04622055 
482 158 7 10 0.046185624 
238 174 7 9 0.046158466 
943 740 24 27 0.046148665 
863 24 8 10 0.046147257 
801 32 7 9 0.046122853 
111 16 8 10 0.046109915 
489 142 9 11 0.046068735 
69 567 14 20 0.045998108 
269 56 8 9 0.045949604 
959 151 9 11 0.045861296 
801 14 8 10 0.04579815 
582 207 9 11 0.045659132 
655 112 8 9 0.045639873 
543 120 8 9 0.045629114 
705 71 8 9 0.045601066 
246 110 9 11 0.045587696 
512 261 9 11 0.045569576 
845 167 9 11 0.045554813 
365 167 8 10 0.045533042 
617 128 7 9 0.045513988 
798 730 23 30 0.045509785 
933 22 9 10 0.045507852 
917 608 27 31 0.045412175 
953 28 8 11 0.045361225 
423 15 8 10 0.045273263 
25 158 7 10 0.045204237 
782 143 7 10 0.04519893 
614 144 8 10 0.045087572 
682 14 7 10 0.0450658 
41 88 8 10 0.045064304 
945 54 8 10 0.044961743 
240 32 8 10 0.044913974 
267 63 7 9 0.044879485 
885 239 10 12 0.044844594 
994 93 9 12 0.044840872 
147 64 7 8 0.044838816 
645 5 9 10 0.044831112 
552 65 8 9 0.04482798 
126 95 7 9 0.044816256 
543 133 7 9 0.044812705 
88 165 8 10 0.04480525 
618 72 7 9 0.044639632 
407 143 10 11 0.044627264 
495 96 8 10 0.04454452 
72 2 8 8 0.04453348 
1007 87 10 13 0.04442617 
174 175 7 9 0.04441108 
998 94 10 12 0.044391286 
25 142 9 11 0.044379856 
613 236 9 11 0.044364367 
325 31 7 9 0.04432878 
652 159 10 11 0.044297468 
448 219 10 12 0.04427418 
806 177 9 11 0.044256497 
223 168 7 9 0.04424347 
920 493 12 17 0.04422758 
423 8 7 9 0.044221137 
329 125 8 10 0.044190396 
360 172 9 10 0.044127006 
583 72 9 10 0.044014916 
721 1 7 8 0.04399935 
409 150 8 10 0.043953843 
617 206 8 9 0.04394004 
512 86 7 10 0.04389878 
808 145 7 9 0.043895848 
953 102 9 10 0.04386098 
273 119 8 10 0.043772418 
895 96 8 11 0.043748587 
485 246 9 12 0.043722175 
295 56 7 8 0.04368865 
850 113 8 10 0.043653943 
608 127 7 9 0.043599226 
447 16 7 8 0.04351667 
335 174 9 11 0.04349392 
685 96 9 10 0.043489978 
784 173 9 12 0.043434855 
920 12 9 11 0.043431453 
607 197 8 10 0.04342319 
251 80 7 9 0.043355122 
93 57 8 9 0.043346476 
947 183 7 11 0.04333493 
695 229 10 12 0.043325 
453 71 9 11 0.04325572 
527 174 9 11 0.043250877 
936 54 7 9 0.043236777 
408 128 10 12 0.0432273 
442 16 7 9 0.043208174 
678 216 8 11 0.043110643 
845 126 8 10 0.043050393 
1007 190 8 11 0.04301084 
781 181 10 13 0.0429178 
519 110 7 10 0.042837035 
377 29 7 9 0.042768363 
318 137 9 10 0.042761356 
809 734 19 23 0.042673353 
822 118 8 11 0.042640135 
749 261 8 11 0.04263361 
254 200 8 10 0.042616706 
935 38 9 9 0.0425835 
609 93 7 11 0.042498298 
346 134 8 9 0.042485707 
660 139 9 11 0.042451058 
870 145 8 10 0.042447533 
170 174 8 9 0.042408533 
665 88 8 9 0.042369824 
861 109 9 11 0.042262513 
925 198 9 12 0.042215083 
197 143 7 9 0.04213424 
894 101 8 11 0.042098302 
623 31 7 9 0.042077273 
957 24 9 11 0.04206499 
113 120 7 9 0.042034835 
631 80 8 10 0.042012647 
519 200 9 12 0.04201202 
174 30 7 9 0.041965287 
431 159 8 10 0.041961204 
575 41 8 9 0.041913323 
498 172 9 11 0.041892186 
462 96 8 9 0.04178886 
70 6 9 10 0.04176014 
192 206 7 9 0.041754737 
518 272 11 14 0.041752968 
702 208 9 11 0.04168289 
912 104 7 9 0.041627273 
867 630 19 23 0.041575026 
584 78 7 9 0.041568756 
543 87 7 9 0.041543726 
401 308 10 13 0.041500006 
713 102 9 10 0.04143667 
713 16 7 10 0.041429102 
165 72 9 10 0.041331973 
752 94 8 10 0.04132517 
854 284 8 11 0.041196525 
423 85 9 11 0.041172206 
463 23 7 9 0.041169673 
614 41 7 9 0.041157067 
226 149 9 10 0.041131806 
412 244 10 12 0.04112333 
114 185 7 9 0.04112001 
968 31 8 10 0.041086897 
920 156 10 10 0.041080005 
551 175 9 12 0.041035026 
465 207 9 11 0.0409961 
383 45 8 10 0.040983506 
494 200 7 11 0.040927477 
751 139 10 12 0.040888365 
908 540 12 17 0.04082461 
177 16 6 8 0.040816955 
81 79 8 11 0.04080415 
808 679 23 31 0.04078083 
704 94 8 10 0.04076743 
527 119 7 9 0.040708628 
892 522 12 16 0.040643275 
198 108 9 12 0.040640738 
254 56 7 9 0.040590033 
306 650 23 32 0.040550474 
249 86 8 9 0.040476225 
897 118 10 11 0.04044854 
319 203 11 13 0.04043634 
888 45 7 10 0.040399145 
74 126 8 9 0.040395405 
756 155 12 13 0.04038823 
608 81 8 9 0.040382706 
720 15 7 10 0.040359315 
625 39 6 9 0.040275943 
869 149 9 11 0.04027262 
369 87 7 9 0.04023576 
835 682 16 21 0.04021737 
158 22 7 8 0.040147558 
912 215 10 13 0.0401332 
678 38 8 11 0.040094882 
920 239 9 12 0.040086202 
575 208 9 11 0.039998826 
119 119 8 10 0.039954614 
696 15 7 10 0.039948963 
112 21 8 11 0.03986356 
526 86 8 10 0.039862894 
62 604 14 19 0.03984914 
215 56 7 9 0.039808802 
334 15 8 9 0.039783254 
754 23 7 9 0.039707568 
754 16 7 9 0.039679505 
344 63 8 10 0.03966562 
216 14 7 9 0.039601337 
884 496 23 26 0.0395986 
945 242 10 14 0.039588805 
130 24 7 9 0.039578672 
405 6 9 10 0.039577123 
218 166 8 10 0.03949441 
607 168 8 10 0.03949099 
862 143 9 11 0.039461616 
542 127 8 9 0.039458595 
369 80 7 9 0.039428394 
590 174 8 10 0.039410412 
255 112 8 10 0.03928356 
142 174 7 10 0.039191373 
158 168 8 10 0.03918533 
721 41 6 8 0.039178833 
145 76 7 10 0.03909887 
632 209 7 9 0.03904148 
1006 104 9 10 0.039023537 
825 286 10 12 0.038901985 
314 31 6 9 0.038813755 
615 7 7 8 0.03880979 
320 63 7 9 0.038724244 
368 62 7 9 0.038722828 
399 16 7 9 0.038691565 
126 594 16 19 0.038675252 
767 150 9 12 0.038668215 
216 128 8 9 0.03865184 
779 24 7 8 0.03862299 
251 71 7 10 0.038587946 
949 1 8 9 0.038569268 
366 127 8 9 0.038568508 
942 161 8 10 0.038523003 
933 126 10 12 0.03850006 
423 159 8 9 0.038463447 
512 135 8 10 0.038451698 
193 176 7 8 0.038445774 
142 104 7 10 0.038445167 
510 72 7 9 0.03844389 
641 175 9 11 0.038416695 
729 87 7 9 0.038389966 
974 119 8 10 0.038362317 
162 70 8 11 0.038332697 
391 29 8 10 0.0382693 
80 23 8 10 0.03822137 
952 96 9 11 0.038193267 
734 111 11 13 0.03817344 
934 583 24 28 0.038167357 
880 63 8 9 0.038101137 
862 119 8 10 0.037998646 
997 151 9 11 0.03793751 
240 37 8 11 0.037927624 
519 22 9 10 0.03790554 
111 192 8 11 0.037904274 
535 52 8 10 0.03788825 
672 70 7 10 0.037877288 
934 185 9 10 0.037875935 
624 166 8 10 0.037824236 
881 46 9 11 0.037807442 
894 150 9 11 0.037797295 
104 71 8 11 0.037730742 
479 111 7 8 0.03768653 
911 45 8 11 0.037675995 
502 118 8 11 0.037674177 
957 96 8 9 0.03766197 
761 41 9 10 0.037655797 
354 121 7 10 0.037408654 
200 191 8 10 0.037394997 
298 63 7 10 0.03737007 
711 70 7 9 0.03735786 
207 127 8 10 0.03734982 
241 102 8 10 0.03729597 
463 101 8 10 0.03722156 
169 150 8 10 0.037201345 
263 185 7 8 0.03713764 
879 174 8 10 0.03712406 
28 116 10 11 0.037117537 
519 1 8 8 0.037085053 
567 79 8 9 0.037074532 
313 160 8 10 0.0370349 
992 490 16 20 0.037032485 
887 214 7 10 0.03702057 
359 86 7 10 0.03701413 
39 185 9 11 0.036997445 
440 76 10 12 0.0369664 
935 7 9 10 0.036957286 
355 654 19 23 0.03694478 
90 158 8 11 0.03690303 
7 509 12 16 0.036898404 
111 56 7 9 0.036883347 
758 17 7 9 0.036871642 
104 191 9 11 0.03686443 
400 104 8 12 0.036842123 
782 29 7 9 0.036814105 
823 109 9 11 0.0368083 
103 167 9 10 0.036783382 
616 133 8 10 0.036772236 
591 206 8 10 0.036721736 
298 33 8 10 0.036683667 
184 119 9 10 0.036672838 
862 620 21 26 0.03666228 
328 88 7 9 0.036647413 
816 271 9 12 0.03662687 
298 87 7 10 0.036616344 
360 31 8 9 0.036613837 
297 79 8 10 0.03660228 
519 175 8 11 0.036577832 
895 603 53 50 0.036561415 
59 125 8 10 0.036557347 
982 126 8 10 0.036514364 
608 15 7 8 0.03649885 
469 159 7 9 0.036466613 
879 87 8 10 0.036463384 
104 532 12 18 0.036397412 
150 77 7 10 0.036358032 
887 96 8 10 0.036309816 
674 79 7 10 0.036305547 
672 6 7 9 0.036239717 
189 160 9 11 0.03623888 
358 136 19 25 0.03622653 
423 29 8 9 0.036201186 
230 80 8 9 0.036175173 
615 30 7 8 0.03616179 
911 38 8 10 0.03613834 
878 116 8 10 0.036058772 
222 133 8 10 0.036058616 
174 48 8 9 0.036037695 
498 233 15 17 0.036034055 
558 39 7 10 0.03602342 
990 508 25 34 0.036021914 
633 110 8 10 0.03601817 
254 71 8 10 0.036008686 
302 79 8 10 0.035982993 
40 149 8 10 0.035971034 
352 182 8 10 0.03595536 
377 183 9 10 0.03593271 
829 278 10 12 0.035901565 
446 237 10 12 0.03589541 
767 94 8 11 0.035848763 
934 118 8 10 0.035822492 
570 144 8 11 0.035813134 
543 96 7 9 0.035783105 
715 137 11 14 0.035772976 
559 111 7 8 0.035765324 
3 624 16 22 0.035723012 
537 126 8 9 0.035719685 
652 175 8 11 0.03568685 
560 125 7 9 0.035659138 
272 90 7 8 0.03562224 
310 127 8 9 0.035600048 
893 196 11 14 0.035590168 
26 88 8 10 0.03558892 
384 93 9 10 0.0355868 
192 149 8 9 0.035567697 
439 238 9 12 0.03556445 
457 23 7 9 0.035562597 
503 160 8 10 0.035503566 
409 61 9 10 0.035493594 
696 48 8 10 0.03547964 
250 7 8 10 0.03547815 
1013 343 9 13 0.035455905 
176 118 8 10 0.035429582 
32 135 8 11 0.035365354 
895 286 12 14 0.035364274 
234 65 7 9 0.035344664 
935 15 9 9 0.035330813 
47 93 8 10 0.0353216 
567 219 9 11 0.03530314 
496 88 7 9 0.03526987 
769 172 9 11 0.035264943 
385 103 8 10 0.035231665 
39 516 11 14 0.035210155 
585 63 7 9 0.035204228 
641 23 7 8 0.035190765 
1015 257 9 14 0.035170868 
623 22 7 9 0.035169747 
774 113 8 10 0.035073932 
751 88 7 9 0.035068527 
314 149 8 10 0.03504733 
586 228 9 12 0.035038527 
543 213 9 12 0.035004023 
615 94 7 10 0.034995265 
145 128 7 9 0.034980018 
881 96 8 9 0.034974862 
70 142 8 10 0.034948144 
641 181 8 10 0.03493126 
311 120 7 9 0.03488039 
738 24 7 9 0.034873024 
128 111 7 9 0.034870345 
422 166 9 11 0.034859214 
926 72 7 9 0.034820702 
623 128 7 10 0.034820583 
378 117 8 10 0.034772024 
858 175 8 11 0.034739185 
662 48 8 9 0.034654234 
639 167 7 10 0.03462483 
965 486 11 14 0.034597006 
712 128 9 10 0.0345119 
59 525 12 17 0.034508824 
367 135 8 10 0.034499567 
167 77 8 9 0.034483936 
551 201 8 9 0.0344738 
281 65 8 9 0.034459174 
477 196 10 13 0.03441595 
698 39 7 8 0.034406327 
638 39 8 10 0.034403436 
802 8 7 10 0.03437373 
833 167 8 11 0.034331616 
383 7 8 9 0.034312658 
1012 487 12 16 0.034249835 
201 62 7 9 0.034210775 
213 141 9 11 0.034205545 
318 103 8 10 0.034200553 
198 176 8 8 0.034147803 
586 8 7 9 0.034094326 
634 45 7 9 0.034077644 
433 22 7 9 0.03403799 
672 87 7 10 0.034027267 
293 125 8 9 0.03399659 
863 218 9 10 0.033987474 
974 744 27 25 0.03395056 
376 46 8 10 0.03394653 
287 158 7 9 0.033892713 
418 23 7 10 0.033884548 
567 127 7 9 0.03387058 
1004 164 9 12 0.033860363 
630 176 7 10 0.03374518 
749 1 8 9 0.03373579 
568 173 8 11 0.033676133 
194 103 7 10 0.03358191 
528 2 9 8 0.033564433 
936 171 9 12 0.033540472 
596 228 11 12 0.03353861 
694 201 8 10 0.03350985 
912 182 9 11 0.033507742 
206 120 9 10 0.033505082 
839 181 8 11 0.033469837 
2 96 9 13 0.033417754 
177 70 8 10 0.033416282 
329 103 8 10 0.03335353 
472 40 7 9 0.033351034 
127 40 8 9 0.03333834 
366 183 7 9 0.03333538 
459 30 7 10 0.033331096 
917 135 8 11 0.033324562 
538 87 7 9 0.033282716 
637 215 8 11 0.03325499 
154 181 8 10 0.03321588 
893 158 9 11 0.03321358 
655 128 8 9 0.033212274 
752 277 8 11 0.033189606 
741 229 12 15 0.033155274 
222 184 6 9 0.03314505 
825 96 8 11 0.033142492 
639 142 8 11 0.033099987 
640 272 8 11 0.033085156 
535 64 9 10 0.033078007 
154 150 7 10 0.033067465 
777 7 9 10 0.03306091 
160 568 19 24 0.033045128 
351 70 7 10 0.033040605 
32 168 8 9 0.033025835 
142 144 9 11 0.033021085 
160 99 9 11 0.03299745 
510 127 7 9 0.03297595 
971 215 38 49 0.03296755 
897 179 9 11 0.032963004 
79 183 8 10 0.032945678 
65 8 8 11 0.032943968 
304 183 7 10 0.032916296 
872 64 7 9 0.032820776 
542 256 11 13 0.032813523 
632 199 7 9 0.032795697 
88 109 8 10 0.032771464 
662 14 8 10 0.032765128 
936 159 9 12 0.032760672 
873 104 8 10 0.032744374 
280 184 8 10 0.03273105 
250 55 7 9 0.032718964 
103 22 8 10 0.032705247 
352 86 7 10 0.032688886 
200 87 7 9 0.03268242 
137 15 7 9 0.032675017 
426 133 8 10 0.032672025 
511 29 8 10 0.03264063 
207 160 7 9 0.032636337 
862 742 21 28 0.032631293 
538 204 8 10 0.03263033 
521 9 9 10 0.03262774 
439 72 9 10 0.032621495 
287 181 8 11 0.032588344 
489 87 8 10 0.032553654 
511 79 8 10 0.032547258 
927 183 8 11 0.03253942 
798 677 16 19 0.032534618 
296 150 9 10 0.03247198 
89 128 9 11 0.032410182 
672 63 8 10 0.032389775 
525 256 10 13 0.032379594 
925 155 9 12 0.032357663 
104 152 10 12 0.032323506 
901 173 10 12 0.03232343 
424 196 10 12 0.032322757 
503 87 8 10 0.03231511 
250 189 8 9 0.03221257 
745 1 8 8 0.03220862 
807 14 7 10 0.032172833 
784 12 7 10 0.032149278 
312 134 8 10 0.03213841 
524 228 9 11 0.032124326 
991 704 16 21 0.03207869 
906 143 9 10 0.03207291 
600 168 8 10 0.03204799 
735 1 7 7 0.03203573 
1003 480 20 25 0.03202197 
-1 677 24 31 0.032007545 
315 197 9 10 0.032001875 
56 176 8 11 0.03199633 
81 70 7 10 0.03192403 
35 586 15 17 0.0319071 
696 84 7 10 0.0318843 
657 103 7 9 0.031879157 
938 445 10 13 0.031871304 
888 192 8 11 0.031851344 
430 152 8 10 0.03183458 
536 113 7 9 0.031826854 
312 72 7 8 0.03182514 
600 207 9 11 0.03181914 
587 56 7 9 0.031789612 
814 13 8 9 0.0317451 
544 236 12 14 0.03174397 
479 80 7 9 0.031738866 
624 80 9 10 0.031722702 
329 167 9 11 0.031709388 
50 24 6 9 0.03168721 
885 206 9 12 0.031559806 
791 127 9 11 0.03155825 
238 95 8 9 0.031551756 
537 96 8 9 0.031546384 
567 199 9 10 0.031535394 
64 142 9 10 0.031452987 
615 87 8 10 0.03140517 
321 14 7 9 0.03136826 
591 39 7 8 0.03134155 
954 745 20 23 0.03133481 
206 96 8 9 0.03132744 
345 15 7 9 0.03131549 
646 87 8 10 0.031309016 
160 48 6 8 0.03129305 
750 6 7 9 0.0312764 
599 102 8 10 0.03127072 
447 62 7 9 0.03126213 
466 142 7 10 0.031207303 
875 748 16 21 0.031177359 
552 223 9 12 0.031163776 
557 254 12 14 0.031161375 
925 167 10 12 0.031129668 
625 92 8 11 0.03111712 
614 166 8 10 0.031102298 
753 183 9 11 0.031099848 
121 33 6 8 0.031025248 
467 136 7 9 0.03102474 
558 79 10 11 0.031009002 
734 198 9 11 0.03100332 
886 517 12 14 0.03100023 
885 536 14 20 0.030939797 
115 537 14 17 0.03092511 
673 95 7 10 0.03091207 
743 26 7 8 0.030901548 
570 94 7 9 0.030897746 
697 9 8 9 0.030882252 
512 0 8 9 0.030835258 
1003 514 15 18 0.030833986 
399 23 7 9 0.030833606 
71 120 9 10 0.030830858 
121 89 6 9 0.030818034 
638 46 8 9 0.030810885 
568 134 7 9 0.030798763 
687 215 9 11 0.030786641 
884 517 23 28 0.030778153 
170 112 7 10 0.030750718 
969 109 8 11 0.030749524 
641 87 8 10 0.030678526 
943 198 8 11 0.03065178 
200 214 7 10 0.03064763 
453 219 10 12 0.030642683 
318 166 8 10 0.030593403 
273 112 7 9 0.030547053 
69 94 7 9 0.030546896 
175 134 8 10 0.030534036 
205 0 10 10 0.030488925 
199 128 7 10 0.030470738 
229 25 8 10 0.030464876 
664 153 8 9 0.03043793 
804 66 9 12 0.030413404 
386 16 7 9 0.03040364 
144 110 7 9 0.030386556 
152 119 8 9 0.030347392 
4 164 11 14 0.030338136 
896 111 8 10 0.030305099 
880 160 9 11 0.030286815 
592 105 7 9 0.030283853 
588 135 7 9 0.03024165 
540 281 12 16 0.03023266 
946 190 7 10 0.030214082 
566 120 7 9 0.03021379 
493 654 17 21 0.030198446 
183 16 7 8 0.030187674 
455 151 8 11 0.03017556 
742 110 9 12 0.030164551 
313 47 7 9 0.030109923 
953 109 10 12 0.030105844 
944 23 8 10 0.030061426 
360 23 7 8 0.0300309 
110 103 8 10 0.02998452 
513 111 8 10 0.02996467 
949 206 9 11 0.029959645 
847 279 12 14 0.029930323 
608 221 8 11 0.029881343 
710 189 10 11 0.02988048 
753 188 10 12 0.02986979 
702 212 10 13 0.029864209 
657 64 8 10 0.029845405 
936 47 8 10 0.029843546 
604 349 11 15 0.029841052 
814 188 8 11 0.029839832 
95 80 8 10 0.029839743 
144 168 8 9 0.029819494 
398 70 8 11 0.029819122 
36 596 13 17 0.029808268 
62 159 7 9 0.0297919 
902 213 10 12 0.02975321 
489 7 8 9 0.029753182 
570 87 8 10 0.029721307 
330 172 9 11 0.029708905 
441 119 9 10 0.029708507 
351 79 8 10 0.029701585 
134 121 7 9 0.029692814 
504 145 8 11 0.02967217 
749 682 25 30 0.029667994 
818 149 7 11 0.02965461 
0 715 13 21 0.029646605 
648 163 10 12 0.029638622 
463 16 7 8 0.02963043 
1013 85 10 13 0.029630283 
279 118 7 9 0.029620513 
814 225 8 10 0.029593604 
537 145 8 9 0.029579338 
351 2 8 7 0.029572101 
225 48 7 8 0.029545497 
857 22 10 12 0.029536093 
39 144 8 10 0.029529585 
701 128 9 10 0.029517153 
7 107 10 12 0.029516373 
834 131 8 11 0.029500397 
134 61 7 9 0.02948956 
1015 166 9 13 0.02948653 
1005 276 9 11 0.029443951 
401 159 9 11 0.029402066 
225 72 7 9 0.029397594 
910 175 8 10 0.029397152 
869 224 8 10 0.029393932 
733 263 8 10 0.029353667 
760 278 8 10 0.029259497 
112 88 6 8 0.029231045 
305 173 8 11 0.02921893 
543 145 7 9 0.029210214 
933 606 25 31 0.029194182 
408 55 8 10 0.029135646 
857 150 9 11 0.029105874 
824 0 8 9 0.029104248 
504 94 7 10 0.029075744 
329 112 7 9 0.029056871 
528 135 8 9 0.029014856 
786 603 15 16 0.029001463 
737 31 8 9 0.02896105 
609 23 7 9 0.02894244 
222 93 9 10 0.02893496 
231 47 7 9 0.028844897 
681 24 7 8 0.02883638 
423 41 8 10 0.028759176 
563 260 12 14 0.02874955 
927 240 9 12 0.028719308 
749 209 11 12 0.028715251 
759 6 8 9 0.028678266 
601 184 8 11 0.028677085 
832 1 10 11 0.028656133 
981 223 11 14 0.028635742 
488 119 8 10 0.028622568 
840 190 9 11 0.02859734 
926 190 8 10 0.028576702 
304 719 43 47 0.02856726 
743 212 20 24 0.02854275 
606 208 8 10 0.028517462 
918 45 9 12 0.028492015 
680 57 7 8 0.028490148 
877 523 23 28 0.028473493 
406 15 8 9 0.028464766 
185 174 7 9 0.028458769 
335 95 9 10 0.028454611 
471 166 8 10 0.028417083 
143 14 7 9 0.02840004 
418 7 7 8 0.02838376 
537 71 10 11 0.028383669 
136 78 8 10 0.02837518 
0 465 10 16 0.02837319 
158 113 8 9 0.028368859 
165 62 7 9 0.028361775 
655 38 7 9 0.028339949 
25 111 9 12 0.028333267 
969 103 9 11 0.028317723 
17 617 22 29 0.028315071 
223 87 9 11 0.028300341 
817 144 7 10 0.028252587 
942 440 9 11 0.028252374 
533 2 9 8 0.02825124 
488 23 8 10 0.02824159 
57 110 8 10 0.02821972 
567 61 7 9 0.028202292 
257 136 9 10 0.028191606 
31 141 7 11 0.028164899 
829 285 9 11 0.028137181 
245 133 8 10 0.028124703 
351 23 7 9 0.02809553 
702 9 7 8 0.028093023 
334 41 7 8 0.028085163 
948 239 9 12 0.028057132 
894 192 9 11 0.028041331 
461 119 8 10 0.028035793 
552 80 8 10 0.027999876 
98 188 8 11 0.027980713 
329 78 8 9 0.027963951 
159 32 6 9 0.027855087 
438 244 8 12 0.027852338 
135 126 7 9 0.027831208 
616 15 7 9 0.027816556 
875 507 15 18 0.02780962 
391 103 8 11 0.02780199 
288 55 8 9 0.027801747 
318 159 8 11 0.027768165 
358 125 9 11 0.027759075 
671 2 8 7 0.027745774 
48 56 9 10 0.027713807 
184 159 9 11 0.027708698 
129 174 8 10 0.027642144 
392 71 7 10 0.027631022 
939 708 22 27 0.027600585 
292 596 15 18 0.027599704 
772 649 18 23 0.027589504 
297 194 10 12 0.027560543 
487 72 7 9 0.027559584 
105 87 7 9 0.02755492 
512 25 9 10 0.027529199 
154 56 7 9 0.027514573 
119 186 8 9 0.02747724 
479 221 9 11 0.027471758 
27 55 8 11 0.027469227 
121 102 7 9 0.027460035 
505 8 7 9 0.027429968 
745 691 22 30 0.027413322 
245 580 15 16 0.027410535 
234 117 7 9 0.027406221 
312 79 7 8 0.02737515 
554 70 8 9 0.02736697 
651 220 8 11 0.027316004 
398 173 8 10 0.027293904 
655 32 6 9 0.027283052 
801 36 8 10 0.027283007 
446 129 8 10 0.027247608 
702 46 9 10 0.02723564 
326 191 7 9 0.027230145 
501 255 11 12 0.027220475 
278 96 8 10 0.027219098 
481 16 7 8 0.027201964 
104 77 7 10 0.027200302 
736 58 7 9 0.027189834 
743 86 8 9 0.027176542 
647 60 8 10 0.027169699 
319 110 8 9 0.02716646 
56 16 7 8 0.027155446 
201 198 7 9 0.027149571 
273 78 7 9 0.027148003 
302 141 8 11 0.027137503 
671 179 9 12 0.027132504 
112 76 8 11 0.027122771 
913 190 9 12 0.02710354 
952 166 8 11 0.027092181 
382 56 7 9 0.027086375 
41 126 8 10 0.027084326 
272 125 9 10 0.027071845 
400 127 8 10 0.027054703 
80 110 7 9 0.027045777 
104 96 7 9 0.027035227 
353 143 8 10 0.027022047 
735 38 7 10 0.02694791 
993 56 8 10 0.02693664 
777 40 8 10 0.026929885 
416 2 7 7 0.02689849 
995 681 26 35 0.026875822 
392 87 8 10 0.02683616 
803 705 18 20 0.026817624 
375 14 7 9 0.02677106 
698 62 7 9 0.026738156 
712 20 7 10 0.026702369 
280 72 7 9 0.026681047 
297 95 6 9 0.02667152 
729 196 9 12 0.026652642 
385 1 8 8 0.026651246 
576 184 8 10 0.026628233 
999 115 9 12 0.026621092 
567 207 9 11 0.026616717 
13 100 8 11 0.02660628 
472 80 9 11 0.026601491 
335 88 8 9 0.026594253 
250 63 8 10 0.026568271 
928 105 8 9 0.02655695 
608 45 8 10 0.026550261 
201 1 8 9 0.026526203 
54 88 7 9 0.02652388 
81 57 7 10 0.026487775 
691 116 8 11 0.026459621 
465 1 8 9 0.026459007 
238 64 8 9 0.02645882 
448 112 8 10 0.026451783 
974 95 9 11 0.026446493 
586 15 7 9 0.026432574 
960 63 9 9 0.026429335 
231 158 7 9 0.026425064 
235 699 57 69 0.026411612 
562 164 7 10 0.026395503 
406 739 11 14 0.026388966 
322 88 7 8 0.026388668 
757 103 8 11 0.026373602 
896 64 8 9 0.02636672 
166 56 8 10 0.026357753 
813 547 24 26 0.026341554 
495 0 8 8 0.026326846 
576 105 7 8 0.026258785 
647 205 8 10 0.026249109 
896 217 9 11 0.02623225 
128 88 7 9 0.026222028 
917 111 9 12 0.026215388 
565 232 8 11 0.026210833 
254 117 8 9 0.026206087 
240 56 6 8 0.026174076 
55 142 8 10 0.026163053 
600 95 7 10 0.026141422 
42 119 8 11 0.026127262 
440 111 9 10 0.026127154 
345 24 7 9 0.026119692 
371 739 26 26 0.026087906 
64 13 8 10 0.026086353 
846 191 8 11 0.026082601 
554 187 9 11 0.02607046 
956 739 30 35 0.026050748 
685 171 9 11 0.02605039 
993 101 10 12 0.026050014 
431 40 7 9 0.026017593 
186 191 8 10 0.026012462 
338 180 8 10 0.026000494 
350 603 13 18 0.025990317 
169 24 7 8 0.025984619 
623 112 7 9 0.025949437 
401 229 11 13 0.025915904 
296 137 7 9 0.025895221 
203 40 7 10 0.025886783 
788 173 10 12 0.025881223 
478 39 8 10 0.025880765 
599 144 8 10 0.025877852 
796 632 18 21 0.025874969 
706 182 9 11 0.025866585 
191 89 8 9 0.02585274 
153 23 7 8 0.025850082 
201 160 8 10 0.025847249 
499 78 7 9 0.025835836 
162 78 7 9 0.025833694 
47 102 8 10 0.02582535 
191 201 7 9 0.025817957 
936 200 8 12 0.025816604 
381 167 9 12 0.025815388 
664 31 8 9 0.025759172 
550 205 8 10 0.025735559 
950 568 25 32 0.025730575 
456 16 7 9 0.025692038 
480 152 8 10 0.025681933 
446 255 10 12 0.025666717 
489 94 9 12 0.025647651 
773 196 10 12 0.025634857 
168 128 8 10 0.025610084 
901 125 10 12 0.02558046 
466 56 7 10 0.025544783 
689 55 8 9 0.0255366 
802 200 8 10 0.025524886 
414 84 8 10 0.025519311 
198 208 8 9 0.025517158 
816 119 9 12 0.02551555 
368 15 7 9 0.025514023 
121 56 8 10 0.025509631 
544 64 8 10 0.025488665 
661 77 9 9 0.02547149 
830 97 7 9 0.02544699 
726 15 7 9 0.025442135 
575 197 8 10 0.025418814 
455 6 8 9 0.025400836 
373 134 9 11 0.025399642 
601 213 8 10 0.025358014 
591 199 8 9 0.02534781 
311 175 9 11 0.025345603 
920 202 10 12 0.025344478 
337 47 7 8 0.025339883 
328 136 7 9 0.025321847 
801 80 8 10 0.025309563 
886 64 7 10 0.025306692 
492 261 11 13 0.025292171 
680 31 8 9 0.025288964 
486 166 8 10 0.025280692 
633 33 7 9 0.025277922 
383 160 8 9 0.025258655 
758 108 8 11 0.02523076 
584 40 6 8 0.025229067 
192 54 7 10 0.025217975 
54 200 9 10 0.025214639 
640 150 8 10 0.025199711 
496 255 9 11 0.025171263 
184 143 8 10 0.025122372 
469 2 8 8 0.025105692 
241 150 7 10 0.025098491 
366 149 9 11 0.02509526 
128 125 9 10 0.025051165 
631 246 11 14 0.02505043 
982 269 9 13 0.025049197 
742 57 8 9 0.025035923 
70 649 21 20 0.025017522 
214 150 8 10 0.02501375 
602 118 6 9 0.025000459 
129 151 8 11 0.024944859 
695 97 8 10 0.024926627 
806 120 9 11 0.024923848 
22 126 8 10 0.02491953 
623 206 7 9 0.024916165 
675 198 8 11 0.024912504 
602 197 8 9 0.024906978 
816 170 8 10 0.02490151 
490 204 8 11 0.02489384 
186 96 7 9 0.024885008 
215 40 7 9 0.024880223 
136 87 8 10 0.02487407 
254 189 8 10 0.024873914 
514 164 8 10 0.024857271 
631 167 8 10 0.024843913 
413 196 9 12 0.024832455 
375 142 8 11 0.024824932 
370 71 7 9 0.024823807 
496 245 10 13 0.024805715 
239 144 8 9 0.024781236 
623 103 7 9 0.02477157 
805 32 8 10 0.024714407 
68 529 16 18 0.024708984 
1004 593 16 21 0.02470208 
416 31 7 9 0.02469871 
702 29 7 10 0.024679033 
440 62 8 10 0.02467717 
592 73 9 11 0.02463566 
950 47 8 10 0.024613235 
942 174 9 10 0.024603141 
934 220 9 11 0.024603087 
929 222 8 10 0.024580851 
871 229 8 10 0.024513246 
185 78 7 10 0.024509382 
418 16 7 9 0.024505116 
634 237 9 11 0.024499493 
336 63 7 10 0.024491107 
505 72 8 10 0.024487637 
648 16 8 9 0.024484731 
425 54 8 10 0.024460278 
200 57 7 9 0.024460098 
991 111 10 12 0.024456048 
641 16 7 10 0.02445448 
276 752 13 16 0.024433555 
632 103 8 9 0.024406271 
263 97 8 9 0.02437869 
1001 521 17 22 0.024376927 
882 746 21 22 0.024355581 
808 270 9 12 0.024345342 
401 30 7 9 0.024316361 
55 79 7 10 0.024292164 
207 192 7 8 0.024286276 
512 64 7 10 0.02428441 
232 54 7 9 0.024268547 
855 216 8 11 0.02425169 
919 53 8 10 0.024233058 
831 158 8 9 0.024206711 
391 1 8 8 0.024185296 
158 120 8 9 0.024166975 
217 8 8 10 0.024161056 
641 101 8 10 0.024152929 
200 80 8 10 0.024145035 
718 80 7 9 0.024140434 
263 127 8 9 0.024136161 
1014 102 9 12 0.02412752 
680 128 9 10 0.02411223 
894 31 8 10 0.02408093 
217 175 8 9 0.02406794 
489 1 8 8 0.024065275 
89 61 8 10 0.024060775 
807 571 15 19 0.024051853 
958 29 9 10 0.024045404 
786 734 25 32 0.024022084 
535 13 9 10 0.024021514 
975 47 8 9 0.024020454 
974 86 8 10 0.024012772 
265 72 7 10 0.023997862 
471 5 7 9 0.023993716 
793 93 8 13 0.023979997 
648 199 9 11 0.02397827 
560 47 7 10 0.023972979 
648 215 8 11 0.02397159 
901 167 9 12 0.023971405 
974 30 10 11 0.02396509 
217 94 8 9 0.023958545 
87 192 8 9 0.023947563 
975 55 9 10 0.02392303 
56 95 8 10 0.02391967 
133 600 17 19 0.023901906 
631 123 17 23 0.023889441 
800 119 10 12 0.023884749 
713 120 8 10 0.023876647 
749 610 14 18 0.023864638 
647 23 7 9 0.023845727 
832 120 8 10 0.023844605 
1015 124 8 12 0.023842353 
368 93 7 9 0.023825256 
935 111 8 10 0.023803987 
491 101 8 10 0.023790564 
351 8 7 9 0.02377226 
480 135 7 10 0.023763392 
536 134 8 10 0.02376281 
584 199 8 10 0.023762466 
46 204 9 12 0.0237448 
859 181 8 11 0.023744555 
288 71 7 9 0.023703074 
975 125 9 10 0.023685237 
128 14 7 9 0.023685114 
800 216 9 12 0.023658402 
389 222 9 12 0.023654183 
904 64 7 8 0.023642689 
615 79 8 10 0.023635998 
311 166 9 10 0.023624014 
654 165 9 11 0.023577748 
170 39 7 9 0.02356608 
480 166 7 10 0.023539208 
663 127 8 10 0.02353896 
72 111 8 9 0.023524208 
303 111 7 9 0.023519548 
64 150 8 12 0.023492435 
370 197 8 10 0.02347269 
401 40 7 9 0.023467831 
248 12 9 11 0.023432441 
107 214 414 492 0.023430578 
38 135 8 10 0.023421492 
392 93 7 10 0.023420295 
968 38 8 9 0.023401478 
641 158 8 10 0.023382083 
585 32 7 9 0.02336407 
729 32 7 8 0.023351448 
325 599 20 25 0.023344945 
208 175 7 8 0.02334395 
713 94 8 11 0.023340702 
480 8 8 9 0.02330728 
16 126 9 11 0.023305172 
1002 438 23 32 0.023301011 
969 187 9 12 0.023281783 
868 552 14 17 0.023263823 
848 215 8 11 0.023259865 
254 205 9 10 0.02325974 
311 181 8 10 0.023253549 
1004 156 12 15 0.02324776 
264 48 8 10 0.023238633 
221 7 9 11 0.023208857 
9 78 9 11 0.023201626 
751 31 7 9 0.023198644 
15 118 9 11 0.023167178 
334 79 7 8 0.023158535 
847 197 8 11 0.023157509 
368 1 8 8 0.02310484 
342 56 8 10 0.023087725 
847 738 27 31 0.023075663 
432 213 10 12 0.023075588 
232 9 9 10 0.023064077 
774 189 10 12 0.023044048 
272 181 8 10 0.023028584 
694 219 11 14 0.023006216 
449 96 9 11 0.023004837 
95 111 8 9 0.022993913 
655 1 8 7 0.02299028 
687 220 9 11 0.022983376 
184 103 7 8 0.022982134 
982 151 9 11 0.02295316 
33 182 8 11 0.02294574 
935 139 11 12 0.022945076 
446 118 8 10 0.022935769 
407 2 8 9 0.022913272 
687 63 7 9 0.022902407 
589 103 19 26 0.02285692 
641 7 8 9 0.02285263 
249 2 9 9 0.02285063 
0 483 11 18 0.02283998 
958 182 8 12 0.022830108 
62 109 7 10 0.02279572 
695 140 8 10 0.022792129 
902 280 8 9 0.022791855 
911 65 7 8 0.022790946 
879 55 7 9 0.02276616 
381 626 16 21 0.02276378 
672 102 8 10 0.022751894 
5 132 8 11 0.022744117 
129 79 7 9 0.022725876 
168 95 8 11 0.022712115 
295 17 8 9 0.022709789 
375 72 7 9 0.022705628 
31 127 8 10 0.022701439 
136 30 7 9 0.02270093 
143 31 7 9 0.022662507 
94 85 8 10 0.022630012 
295 175 7 10 0.022621475 
343 93 8 10 0.022606695 
737 341 8 11 0.02260166 
448 2 8 9 0.02257915 
495 7 8 10 0.022577468 
120 126 8 9 0.02257149 
778 45 9 11 0.022563396 
441 53 8 11 0.022562707 
30 69 10 11 0.022536706 
769 16 7 9 0.02249394 
974 71 9 11 0.02248499 
726 46 7 9 0.02246754 
930 592 23 31 0.022465784 
137 95 7 9 0.022462392 
569 40 8 10 0.022437051 
672 32 7 10 0.02243704 
432 204 10 12 0.02243644 
366 174 7 9 0.02242578 
847 230 8 10 0.022425462 
957 14 8 11 0.022415137 
478 47 7 9 0.02241477 
20 601 17 19 0.022408836 
734 204 10 11 0.022404376 
559 64 8 9 0.02238478 
630 181 8 9 0.02236247 
698 237 8 10 0.022334166 
105 197 9 10 0.022321308 
62 180 9 11 0.022306174 
263 149 8 10 0.022296641 
121 136 9 11 0.022286715 
942 126 9 11 0.022278 
528 126 7 9 0.022277132 
565 267 12 14 0.022272341 
1005 464 20 27 0.022252724 
464 163 9 12 0.02225044 
404 633 12 19 0.022215808 
698 30 8 10 0.022209035 
478 55 9 11 0.022207161 
511 639 27 31 0.022204032 
720 56 8 9 0.02217785 
588 219 18 23 0.022176085 
154 15 8 10 0.022164544 
65 554 22 28 0.02215524 
568 15 7 9 0.022154674 
726 95 9 10 0.0221512 
223 54 8 10 0.022141756 
882 149 8 10 0.02212288 
267 174 7 9 0.022122353 
890 285 11 13 0.022102706 
452 236 10 12 0.022100156 
299 621 16 18 0.022097183 
336 192 8 9 0.022078115 
907 38 8 9 0.022073492 
826 219 10 11 0.022068191 
224 144 9 10 0.022062276 
848 222 8 11 0.022060722 
184 32 7 8 0.022053871 
975 150 9 11 0.02205344 
719 281 8 9 0.022033373 
255 152 8 9 0.022033269 
756 213 11 15 0.022013173 
901 536 21 29 0.02200923 
829 260 9 11 0.021968018 
880 144 9 11 0.021951163 
941 568 23 26 0.021949288 
335 232 8 10 0.021938263 
185 207 8 10 0.021932563 
216 222 8 10 0.021919293 
552 266 11 14 0.02191034 
720 196 8 11 0.021907182 
911 505 13 17 0.021904798 
408 239 9 12 0.021893784 
597 149 8 10 0.021886677 
359 103 7 10 0.021885658 
1015 31 9 13 0.0218644 
144 120 8 9 0.021863898 
86 23 8 9 0.02185828 
312 63 8 9 0.021845184 
654 198 9 11 0.021837305 
174 87 8 9 0.021836204 
414 142 9 11 0.02180921 
577 72 7 9 0.021797134 
232 132 8 10 0.02177537 
1008 303 9 11 0.021771949 
279 102 7 8 0.02176406 
824 155 8 11 0.021725113 
95 12 7 10 0.02172401 
1014 190 8 12 0.021715537 
575 127 7 9 0.021709902 
115 355 42 50 0.021700073 
622 49 18 24 0.021699855 
655 130 17 23 0.021696376 
520 57 8 9 0.021695951 
344 1 9 8 0.021694165 
520 188 8 10 0.021688037 
71 103 7 8 0.021671552 
948 592 18 21 0.021668904 
406 103 9 11 0.021662466 
551 214 9 13 0.021655403 
1011 447 12 18 0.021650787 
327 55 7 9 0.021643756 
308 602 16 21 0.021643516 
329 39 7 9 0.021640403 
808 236 11 12 0.021629333 
136 48 8 9 0.021617023 
685 142 9 12 0.021612033 
168 16 7 8 0.021585302 
916 270 21 24 0.021585282 
97 2 8 8 0.021571912 
793 88 8 11 0.021557083 
597 239 10 13 0.021546952 
582 87 8 10 0.021541508 
423 93 9 11 0.02150574 
802 205 8 11 0.021503178 
54 205 8 10 0.021462694 
622 144 8 9 0.021447135 
72 158 8 10 0.0214317 
873 639 19 22 0.021427011 
944 84 8 10 0.02142341 
414 734 9 12 0.021410441 
984 140 9 11 0.021399543 
567 71 8 9 0.021377316 
161 198 7 8 0.021364681 
55 151 8 11 0.02136331 
152 47 7 9 0.021356069 
105 16 8 10 0.021346303 
288 168 7 9 0.02134246 
454 110 9 11 0.021332301 
944 717 22 27 0.021296455 
902 190 10 12 0.021292968 
942 149 9 12 0.021288963 
320 56 8 10 0.02125483 
470 151 8 10 0.021225767 
936 103 7 10 0.021221997 
502 78 9 11 0.021201955 
689 48 7 10 0.02119037 
184 126 9 10 0.021186631 
135 182 8 10 0.021177791 
610 31 7 9 0.021175366 
142 94 8 9 0.021174924 
120 1 8 8 0.021174083 
720 157 9 11 0.021137295 
517 635 14 19 0.021133507 
327 94 7 9 0.021132857 
6 85 9 11 0.02112614 
559 214 10 13 0.021114377 
866 228 8 10 0.021096123 
784 167 9 12 0.021086112 
768 7 7 9 0.021077726 
463 110 8 11 0.0210679 
835 172 8 11 0.02105849 
343 120 7 9 0.021058038 
431 16 7 9 0.021055283 
28 522 13 17 0.021052614 
463 126 8 10 0.021048475 
355 166 8 11 0.021047162 
624 118 7 9 0.021043045 
762 69 9 11 0.021032456 
754 674 26 28 0.021030895 
507 234 13 16 0.021026935 
870 158 8 10 0.021009544 
633 72 8 9 0.02099662 
567 182 7 10 0.020960556 
46 525 14 19 0.020958688 
856 127 19 24 0.02095633 
714 8 7 8 0.020929275 
648 49 7 9 0.020927744 
536 77 9 11 0.02091374 
376 126 9 10 0.020902073 
900 531 14 18 0.020898208 
789 574 23 28 0.020877369 
929 117 9 11 0.020874742 
600 86 7 10 0.02086301 
334 71 7 10 0.020862566 
613 117 8 9 0.02083884 
118 190 9 11 0.020823587 
478 215 9 11 0.02078905 
328 63 7 9 0.020787245 
185 183 7 9 0.020786691 
918 227 9 11 0.020785024 
919 23 8 10 0.020771548 
142 8 8 10 0.02076561 
175 143 9 11 0.020756679 
5 569 14 20 0.020752642 
160 160 7 9 0.02073742 
937 96 8 10 0.02072925 
76 555 14 20 0.0207265 
573 238 9 11 0.020725846 
38 523 12 16 0.020721508 
77 6 8 10 0.020721346 
527 144 8 10 0.020713363 
89 14 8 10 0.0207122 
0 583 21 31 0.020708065 
960 136 9 10 0.020693798 
759 174 10 12 0.020689184 
365 119 8 11 0.020649845 
105 54 8 10 0.020641401 
844 172 8 11 0.020612001 
120 38 8 10 0.020592421 
56 72 7 9 0.020590795 
233 40 7 9 0.020577723 
217 47 7 9 0.020576078 
923 72 7 8 0.020574188 
908 496 21 28 0.020573294 
312 14 8 10 0.020567399 
296 184 17 24 0.020563787 
503 15 7 9 0.020563487 
978 61 8 11 0.020543206 
88 174 8 11 0.020535143 
287 600 23 31 0.020534487 
525 167 8 10 0.02052616 
258 167 7 10 0.020518998 
970 118 8 11 0.020518802 
373 625 14 19 0.020514524 
814 236 10 13 0.020511977 
499 242 14 16 0.020505758 
232 94 8 10 0.020497877 
859 29 9 11 0.020497471 
616 191 8 10 0.020494794 
61 649 26 30 0.020493582 
375 80 8 9 0.020481633 
965 73 19 23 0.020464454 
544 55 8 9 0.020461082 
566 237 10 11 0.020440323 
645 170 18 23 0.020439506 
774 156 11 13 0.020414006 
871 696 16 21 0.020403815 
198 149 8 10 0.020401204 
64 31 7 9 0.020396318 
904 102 7 9 0.020395353 
743 697 12 19 0.020380965 
358 161 9 11 0.020380793 
897 70 7 9 0.02038072 
551 301 13 15 0.020363512 
1004 492 24 30 0.020355456 
744 47 6 8 0.020348383 
446 22 7 10 0.02029139 
1015 64 8 11 0.020271154 
806 583 13 19 0.020263152 
591 32 8 9 0.020239264 
174 101 8 10 0.020216865 
184 150 7 9 0.02020559 
144 192 7 9 0.020179069 
9 596 23 30 0.020178623 
497 72 8 10 0.020172257 
577 79 6 9 0.02014864 
97 71 7 9 0.020131387 
326 593 13 18 0.020118296 
256 100 9 10 0.020078635 
902 112 8 10 0.020069536 
738 285 7 10 0.020065278 
303 23 7 9 0.020064222 
816 206 9 10 0.020062525 
7 149 8 10 0.020050481 
623 133 7 10 0.020043552 
524 23 8 10 0.020042375 
346 70 8 9 0.020034583 
1002 460 16 18 0.02001631 
816 126 8 11 0.020014321 
461 181 9 11 0.020007148 
680 45 7 10 0.020003822 
784 261 11 13 0.020002808 
720 167 10 12 0.02000128 
