35_Basketball_basketballgame_ball_35_998
128
684 64 47 66 0.99857414 
342 98 56 76 0.993252 
916 282 42 61 0.993234 
63 281 34 39 0.99156064 
42 390 40 50 0.99085337 
0 310 25 41 0.9865906 
34 201 36 46 0.98215944 
444 141 33 43 0.9697305 
354 317 36 52 0.96897227 
122 284 32 48 0.9425987 
866 300 32 47 0.74497265 
652 101 28 35 0.7391207 
587 50 28 37 0.54043746 
463 103 30 38 0.52569306 
374 105 44 59 0.46013236 
997 320 28 44 0.45222884 
395 110 36 46 0.4447576 
561 244 443 551 0.4406734 
840 221 28 36 0.32753178 
766 54 38 47 0.31197104 
325 407 28 41 0.29285684 
468 429 24 30 0.2845158 
8 426 31 37 0.27464396 
573 150 25 32 0.21735723 
987 271 29 34 0.19767481 
913 211 30 34 0.14489596 
435 527 14 18 0.14335422 
832 98 25 35 0.1349068 
818 331 30 38 0.13420899 
511 47 26 36 0.12999633 
11 213 23 29 0.11620709 
857 272 18 22 0.10388336 
113 117 25 31 0.10211799 
880 288 36 52 0.09460074 
476 234 29 34 0.09120934 
405 11 29 36 0.08961306 
97 73 16 21 0.08931932 
642 479 30 49 0.08693924 
514 343 18 23 0.0845543 
597 19 24 30 0.07366582 
23 207 31 39 0.071874216 
191 135 31 36 0.06615469 
853 281 24 29 0.05967119 
1 257 13 23 0.059375424 
757 42 36 49 0.058490556 
119 164 45 63 0.056258883 
113 113 18 22 0.055393066 
663 88 40 57 0.053946782 
177 130 28 38 0.052686717 
932 14 27 31 0.05158543 
392 97 32 39 0.045637533 
722 442 19 21 0.04530126 
874 299 19 23 0.04426684 
882 269 27 34 0.0433744 
762 24 41 54 0.042797748 
373 314 30 43 0.04194951 
782 549 13 17 0.041799292 
257 156 38 46 0.041133743 
697 1 29 31 0.040713456 
437 555 27 32 0.040064156 
928 219 19 23 0.03980288 
1006 315 16 21 0.03948435 
392 587 27 32 0.038193617 
388 319 17 25 0.035857145 
893 288 14 19 0.035178058 
465 99 20 23 0.034637265 
891 281 23 30 0.03454302 
899 291 12 16 0.0344677 
324 317 37 53 0.032848757 
476 247 34 38 0.03262407 
468 92 29 35 0.03224844 
639 93 28 37 0.03216782 
820 342 18 24 0.031484228 
80 292 19 25 0.0314228 
122 367 19 22 0.03116955 
470 421 41 50 0.031103028 
85 101 14 18 0.03058468 
871 98 28 37 0.030232448 
688 7 31 36 0.02985503 
446 264 28 36 0.029769251 
218 363 476 451 0.029699119 
498 18 29 35 0.02949626 
440 133 26 33 0.02814631 
412 110 29 41 0.027130553 
708 0 17 15 0.027108563 
423 514 27 34 0.026980838 
426 47 28 36 0.026324682 
180 118 16 21 0.025626449 
986 300 25 33 0.025607334 
0 239 10 16 0.025458014 
503 351 12 14 0.02535339 
989 308 15 20 0.024752121 
4 409 26 35 0.024666928 
996 52 25 42 0.024508663 
776 70 43 53 0.024462003 
854 291 30 42 0.024334162 
106 365 34 46 0.023980644 
399 301 372 418 0.023877384 
977 286 26 39 0.023706857 
411 495 17 22 0.022862507 
866 275 40 53 0.022857584 
952 306 25 33 0.02248176 
18 443 19 24 0.022454772 
865 279 17 23 0.022451272 
846 268 25 31 0.022449264 
682 36 48 66 0.022434419 
630 87 25 33 0.022309639 
394 182 29 39 0.022211106 
819 290 28 35 0.022195365 
1007 348 15 23 0.021996485 
832 231 29 39 0.021600243 
76 145 16 20 0.021397464 
752 94 31 40 0.021298345 
469 225 29 32 0.021240462 
745 37 33 46 0.021204151 
396 436 23 30 0.021158764 
226 123 23 30 0.021066368 
998 259 13 15 0.020995317 
446 524 14 17 0.020884518 
776 95 29 43 0.020877985 
933 296 35 43 0.020843003 
510 333 12 15 0.020544775 
568 132 28 36 0.020496624 
462 437 26 34 0.02046739 
272 82 46 57 0.020457476 
829 427 31 32 0.020376919 
703 144 40 38 0.020236984 
502 34 31 39 0.020066954 
