35_Basketball_basketballgame_ball_35_341
19
499 196 121 155 0.99994755 
659 42 125 153 0.9999243 
247 246 100 166 0.9992902 
964 0 65 72 0.21355903 
770 629 49 49 0.20808414 
295 1178 69 76 0.16847508 
480 975 63 50 0.08284231 
282 0 18 17 0.054121543 
293 1149 61 74 0.04673254 
294 1131 52 57 0.046203945 
1004 349 21 47 0.030281207 
760 635 36 33 0.029049776 
775 1083 31 33 0.027512066 
349 860 448 473 0.023253262 
597 705 94 126 0.023030525 
293 1138 32 36 0.022075806 
474 417 406 388 0.021366915 
633 630 16 16 0.020507062 
451 951 104 83 0.02002957 
