35_Basketball_playingbasketball_35_377
19
564 648 54 74 0.9959877 
539 1123 27 31 0.04816103 
409 1232 9 13 0.045624606 
618 1103 26 33 0.04238148 
502 1101 29 39 0.033848725 
372 1243 9 12 0.031209044 
392 1232 8 11 0.027679138 
349 1246 10 11 0.026288088 
334 435 67 69 0.025646888 
211 1160 152 174 0.025318822 
483 267 48 47 0.024257964 
344 1239 8 11 0.023084424 
343 1245 10 12 0.022066925 
929 1033 91 131 0.021941064 
350 1239 9 10 0.021830382 
398 1238 9 11 0.021603458 
973 1090 15 16 0.021148076 
196 1302 35 38 0.021010153 
400 1215 8 11 0.0208804 
