35_Basketball_basketballgame_ball_35_389
255
505 228 39 53 0.980355 
622 588 17 23 0.95838743 
565 619 13 17 0.65577215 
322 613 11 14 0.6196862 
221 611 10 13 0.55734533 
85 621 10 12 0.53830814 
16 610 11 16 0.41763732 
641 577 22 29 0.40034112 
28 595 9 13 0.3615589 
500 584 11 13 0.3261996 
969 588 34 39 0.3112573 
136 586 9 12 0.30540544 
153 624 9 11 0.24370094 
635 581 19 28 0.22586657 
256 625 10 12 0.21540116 
136 565 9 11 0.2074714 
158 590 7 10 0.19685833 
567 593 12 16 0.17063281 
314 595 9 12 0.14945035 
570 569 12 17 0.12122001 
313 573 8 11 0.11697202 
303 557 8 11 0.10758466 
548 613 9 12 0.10631402 
185 592 8 11 0.10341992 
110 550 8 11 0.10327798 
9 597 11 15 0.100813456 
15 582 10 13 0.09324475 
805 303 22 30 0.08856641 
62 580 9 11 0.082405515 
589 573 13 15 0.078392945 
820 305 20 29 0.07731727 
916 405 10 13 0.07510064 
518 574 13 18 0.074088626 
151 604 10 13 0.07002677 
729 598 9 12 0.06725697 
560 597 10 14 0.06707041 
286 605 9 11 0.06493604 
262 614 8 11 0.06386256 
286 589 8 10 0.06358518 
683 621 11 14 0.061035905 
140 588 9 11 0.060914792 
867 588 13 19 0.060869306 
200 569 8 9 0.058595154 
606 594 11 15 0.05776588 
189 590 9 12 0.056201987 
319 567 8 11 0.055892177 
178 543 8 9 0.054989673 
317 591 9 13 0.054798372 
223 559 7 9 0.053256877 
700 570 11 15 0.051778585 
112 568 8 11 0.051518254 
14 587 11 15 0.051365472 
469 578 11 16 0.050997976 
675 573 13 16 0.05077845 
161 558 8 9 0.050458692 
201 512 8 9 0.049640056 
547 620 11 13 0.04961557 
166 559 8 10 0.048869103 
110 588 10 12 0.048823077 
883 625 13 15 0.048739042 
890 577 49 56 0.048195504 
555 544 11 13 0.048141316 
201 542 7 9 0.04764561 
934 599 25 36 0.04685094 
221 600 8 10 0.04590764 
349 604 9 12 0.045576993 
160 553 9 10 0.044948462 
8 600 18 28 0.044264983 
233 558 8 10 0.044139825 
141 566 8 10 0.043600786 
119 589 8 11 0.043342978 
177 558 8 11 0.043202344 
145 542 8 10 0.04320228 
342 560 9 11 0.04309198 
200 584 9 11 0.04279113 
660 587 14 19 0.042471465 
935 229 29 33 0.0418785 
903 435 12 13 0.041170973 
631 560 13 16 0.0411366 
209 528 7 8 0.04088884 
206 573 8 10 0.040476333 
440 571 11 14 0.040379103 
941 586 16 20 0.040185247 
380 618 13 14 0.04005986 
21 620 13 16 0.039770402 
908 437 10 14 0.039451774 
460 616 12 16 0.039008074 
583 573 13 16 0.03895443 
913 580 51 57 0.038909473 
166 566 8 10 0.038871028 
81 615 10 13 0.038500488 
216 559 7 9 0.038416732 
161 567 8 10 0.038261514 
542 590 10 13 0.037893396 
96 568 8 9 0.037718747 
238 550 8 11 0.03768316 
90 581 8 12 0.037319623 
295 572 9 11 0.036862794 
605 553 15 21 0.03619182 
200 537 8 8 0.03599657 
201 573 8 9 0.035708584 
191 584 8 10 0.035585497 
46 566 10 13 0.035557475 
748 572 10 13 0.035509136 
917 454 11 14 0.034849007 
684 615 10 13 0.034654953 
142 561 8 9 0.034569364 
701 595 14 18 0.034160897 
894 556 29 36 0.034104478 
110 555 8 10 0.033945646 
193 569 7 9 0.033798568 
192 574 7 9 0.03365961 
926 403 10 13 0.033659503 
385 590 8 10 0.03330844 
282 590 8 10 0.03317463 
157 598 10 13 0.032679517 
176 512 8 9 0.032541882 
640 621 18 19 0.032129474 
393 540 9 12 0.032032993 
153 584 8 11 0.03189837 
103 568 8 10 0.03187527 
758 600 10 12 0.031846624 
219 606 10 13 0.031703413 
281 584 8 11 0.03165153 
129 566 8 11 0.031391867 
582 525 9 11 0.031260442 
111 615 10 11 0.030907288 
389 603 10 14 0.030745087 
237 616 8 10 0.030702071 
129 512 8 11 0.030530453 
237 555 9 12 0.030159106 
262 600 8 9 0.030130558 
239 544 6 8 0.030071773 
562 614 11 13 0.030047448 
181 519 9 10 0.02992896 
1 556 10 16 0.029465256 
183 574 8 10 0.02945257 
905 559 97 99 0.029221885 
159 527 8 9 0.028962668 
217 553 7 8 0.028898414 
474 558 10 12 0.028872175 
546 522 106 123 0.028710602 
105 557 8 10 0.028449262 
316 571 9 12 0.02843344 
161 518 9 10 0.028323442 
258 617 8 10 0.028207403 
157 584 9 11 0.028204907 
119 567 8 11 0.02806403 
579 546 15 18 0.027948428 
94 620 10 12 0.027849784 
105 586 10 13 0.027798679 
183 567 8 10 0.027763674 
149 542 8 10 0.027489565 
567 527 13 14 0.026794612 
191 597 8 9 0.02677388 
285 624 10 12 0.02651111 
224 544 6 8 0.026385201 
158 572 9 11 0.026309263 
679 593 12 17 0.026282098 
262 560 8 9 0.026238607 
392 621 10 13 0.026181888 
607 615 13 16 0.025881464 
193 528 7 9 0.025869466 
181 558 8 10 0.025765568 
261 566 10 13 0.02575624 
200 518 8 9 0.025739128 
263 605 9 11 0.025632212 
193 608 9 11 0.02552762 
128 560 8 10 0.025526356 
938 586 26 37 0.02549167 
360 583 9 12 0.02525541 
226 581 8 10 0.025177564 
206 588 8 10 0.024907654 
206 542 7 9 0.024683507 
390 588 10 12 0.02460058 
286 599 9 11 0.024331694 
224 577 8 9 0.024248935 
562 572 10 14 0.024197124 
215 574 8 10 0.024184912 
477 562 11 15 0.024114456 
659 609 16 19 0.024089271 
153 573 9 11 0.024068747 
210 559 7 9 0.024047442 
288 570 10 13 0.024030527 
182 537 8 9 0.02397166 
547 590 11 13 0.02397103 
23 591 18 23 0.023936985 
949 571 25 33 0.023931153 
129 583 9 12 0.023913149 
444 588 10 13 0.023664324 
385 523 9 12 0.023624599 
137 551 8 10 0.023570558 
577 534 25 31 0.023498278 
104 542 9 11 0.023420095 
376 615 11 15 0.023369567 
453 540 9 12 0.023344267 
64 557 10 12 0.023125948 
161 512 9 10 0.023119384 
177 518 9 10 0.023012474 
375 564 9 12 0.022946293 
908 588 14 17 0.022862159 
177 608 8 10 0.022753768 
671 576 15 20 0.02272452 
525 565 9 13 0.022575641 
414 550 10 13 0.022484556 
37 230 10 14 0.022420527 
514 574 11 14 0.02225118 
511 579 12 16 0.022246696 
719 591 9 11 0.02223334 
487 589 11 13 0.022225507 
94 581 9 13 0.0221326 
312 614 11 13 0.022015346 
177 576 8 10 0.021948375 
487 571 10 13 0.021854967 
286 612 10 12 0.021786474 
271 620 9 11 0.021742353 
725 571 12 14 0.021737402 
146 621 8 11 0.021642253 
461 565 9 12 0.02162614 
433 575 10 13 0.021572465 
739 549 12 14 0.021532567 
396 619 11 14 0.021439826 
565 602 13 16 0.02138726 
142 572 9 11 0.021385588 
106 526 8 10 0.021330236 
165 512 9 10 0.021258105 
335 567 9 12 0.021209976 
397 587 10 14 0.021096537 
111 607 9 11 0.021072345 
151 559 8 10 0.02105741 
547 566 10 12 0.02092569 
235 553 8 10 0.020917285 
543 624 11 11 0.020914875 
664 586 21 28 0.020900613 
320 560 8 10 0.020890987 
702 628 11 12 0.020836104 
206 519 8 10 0.020788508 
37 599 10 12 0.020685809 
161 534 9 10 0.02058832 
670 620 13 15 0.02058125 
495 598 10 14 0.02049871 
321 403 27 33 0.02047029 
134 512 8 10 0.020445753 
215 527 7 9 0.020432042 
875 549 24 32 0.02029233 
327 567 9 11 0.020280028 
738 619 11 12 0.020254001 
224 520 8 9 0.020234754 
147 604 9 12 0.020202102 
177 582 8 10 0.020190747 
181 551 8 10 0.020173464 
205 511 9 10 0.02015828 
368 607 9 11 0.020149603 
182 511 8 10 0.020146554 
497 579 17 22 0.020132255 
