35_Basketball_Basketball_35_158
51
197 466 108 172 0.99783474 
956 568 60 87 0.99735415 
830 741 35 44 0.4057134 
748 823 56 76 0.28372437 
678 701 24 29 0.26079553 
881 581 25 32 0.24673411 
557 7 376 460 0.24470818 
288 881 42 61 0.2322561 
818 630 27 35 0.20413606 
105 396 24 28 0.16031742 
837 794 52 73 0.14170122 
-16 -38 388 466 0.12530491 
989 1029 16 21 0.1165052 
325 -95 310 439 0.08712816 
344 473 64 95 0.074403375 
828 762 51 64 0.064529434 
150 1164 41 48 0.058024775 
329 937 50 65 0.05511311 
127 459 30 37 0.054461334 
212 388 27 34 0.05224363 
152 831 32 40 0.04789987 
380 39 430 509 0.047149185 
809 641 44 64 0.046001907 
873 574 39 53 0.04316909 
214 1098 142 190 0.037079677 
190 455 31 42 0.03643112 
818 764 90 114 0.03636975 
736 730 47 57 0.035054073 
140 284 26 34 0.033978473 
701 74 254 306 0.031430878 
353 28 198 256 0.030696476 
631 675 43 59 0.030082176 
247 943 369 495 0.030028213 
831 128 135 151 0.02613055 
856 782 55 72 0.025736254 
189 279 24 32 0.025725067 
95 824 33 45 0.02542425 
173 494 500 452 0.024371482 
473 72 214 290 0.024289237 
742 817 38 51 0.02414985 
590 712 27 36 0.023358917 
165 384 27 35 0.022938762 
807 668 51 63 0.022871112 
258 454 101 144 0.022769477 
318 803 410 490 0.022537638 
642 665 26 32 0.022344925 
349 54 132 157 0.022175014 
793 720 172 251 0.022167845 
64 1046 25 30 0.020629488 
808 798 50 72 0.020566525 
103 817 46 60 0.020501334 
