35_Basketball_Basketball_35_712
61
585 242 21 26 0.9721081 
103 227 20 26 0.9689432 
656 252 20 26 0.95855194 
298 236 19 25 0.955192 
40 248 19 23 0.9455116 
846 216 21 27 0.9380993 
720 259 18 23 0.9296429 
959 253 19 23 0.92923176 
910 242 19 23 0.9085146 
788 234 15 20 0.8898535 
528 257 17 22 0.86412734 
237 236 21 26 0.82244545 
368 237 20 27 0.81765676 
168 225 18 23 0.78096855 
433 252 15 19 0.5934807 
437 277 12 16 0.07970097 
211 128 15 16 0.075808026 
454 285 11 13 0.07433656 
431 261 15 20 0.064532004 
264 595 13 16 0.060107984 
548 299 13 17 0.051159136 
395 599 16 20 0.041876327 
454 -14 108 145 0.0408267 
451 298 12 14 0.03916807 
384 277 12 15 0.03765024 
447 292 14 16 0.035650212 
497 515 13 15 0.03297933 
600 282 13 15 0.03134323 
771 318 17 19 0.029355338 
504 212 12 17 0.028560553 
527 246 10 13 0.028467096 
444 276 12 15 0.025976855 
860 258 17 20 0.025352078 
918 284 11 13 0.025172697 
797 276 10 14 0.02484429 
533 280 13 17 0.024833284 
287 240 15 21 0.024548884 
111 92 440 482 0.024428384 
546 294 10 14 0.023986636 
323 600 15 18 0.023857117 
359 241 15 19 0.023641359 
761 70 10 13 0.023598175 
244 126 16 19 0.023526087 
372 232 13 17 0.023157036 
485 483 11 15 0.022684826 
798 270 12 15 0.022510031 
302 498 30 33 0.022411183 
485 308 12 16 0.021943608 
526 241 10 11 0.02193815 
448 284 12 15 0.02173574 
470 561 20 26 0.021547133 
867 253 14 17 0.021498244 
242 233 15 17 0.021305142 
511 192 9 12 0.021121211 
432 281 11 15 0.020955415 
520 239 9 11 0.020884441 
182 254 12 15 0.0207505 
573 599 14 17 0.020331869 
854 260 13 15 0.020272395 
421 285 10 12 0.020240879 
491 548 16 20 0.020074632 
