35_Basketball_playingbasketball_35_248
64
492 922 31 39 0.9984957 
168 890 26 32 0.9887805 
154 956 29 39 0.95513755 
815 859 20 24 0.9038712 
143 854 18 22 0.8869049 
652 859 18 22 0.72543985 
631 893 56 51 0.69434625 
392 828 35 40 0.6789117 
289 854 9 13 0.5745314 
531 1088 25 33 0.20459951 
623 908 46 45 0.17461586 
651 887 42 36 0.16859262 
503 374 114 137 0.15683167 
30 895 13 18 0.11146991 
487 800 9 11 0.096629925 
28 894 21 29 0.08656927 
909 838 18 21 0.08639975 
1012 715 11 16 0.06537374 
297 950 10 14 0.060519442 
755 1356 13 14 0.057572756 
648 865 15 19 0.04598294 
407 828 32 35 0.04437478 
446 770 16 19 0.042875156 
429 825 21 33 0.039936054 
305 836 10 12 0.038870398 
127 911 41 47 0.03813685 
503 773 26 34 0.037920736 
446 328 186 243 0.037633356 
131 843 12 15 0.03687032 
527 1079 41 56 0.03368365 
824 847 9 11 0.03365872 
510 793 14 19 0.032353587 
117 987 35 37 0.03226591 
750 1346 14 18 0.03058574 
363 154 31 28 0.030284232 
282 853 11 13 0.030010276 
494 798 10 13 0.029929942 
940 795 10 11 0.02968291 
398 809 12 14 0.028840246 
877 819 9 12 0.028540965 
292 856 10 13 0.028221812 
418 842 15 18 0.02818672 
905 812 9 11 0.028017595 
292 848 11 15 0.027886935 
403 831 16 20 0.027869526 
596 717 415 502 0.026879843 
173 790 12 13 0.026627567 
137 971 40 43 0.026573038 
151 850 16 24 0.02607344 
934 758 11 15 0.025196854 
9 807 7 10 0.024908258 
406 810 12 13 0.024648223 
136 856 15 21 0.024125537 
632 887 35 39 0.023439627 
896 845 23 25 0.02317264 
894 834 11 14 0.023111325 
114 909 15 24 0.02300937 
350 878 9 12 0.021363733 
145 938 41 47 0.021318302 
410 847 27 32 0.021048183 
134 824 10 12 0.020760264 
544 1096 16 21 0.020691846 
505 788 28 36 0.020451648 
657 906 37 41 0.020169057 
