35_Basketball_playingbasketball_35_606
117
26 381 16 19 0.9744135 
381 191 23 29 0.7754994 
75 388 15 18 0.7504316 
186 206 28 29 0.7013195 
948 381 15 17 0.57719755 
1 407 13 21 0.4624901 
240 401 13 17 0.35165793 
444 55 425 547 0.33066046 
889 393 12 15 0.21374209 
878 382 8 12 0.16662164 
784 414 8 10 0.14425331 
748 360 19 22 0.13248412 
857 366 8 10 0.12745328 
837 406 10 11 0.12608172 
913 440 8 12 0.12354124 
654 424 11 14 0.123040356 
984 438 9 11 0.1181198 
199 202 19 27 0.10614898 
575 423 7 9 0.08996657 
851 430 7 9 0.08184913 
45 400 16 20 0.08029881 
45 421 15 18 0.07507963 
51 418 15 20 0.07222932 
798 399 7 10 0.070689924 
791 404 10 13 0.05564963 
263 423 8 9 0.050804492 
119 425 15 20 0.050767336 
3 397 14 18 0.05062097 
466 210 12 14 0.04928262 
330 365 28 43 0.048913635 
324 351 45 72 0.04884327 
180 209 21 22 0.04723694 
5 380 11 13 0.046113607 
652 455 10 12 0.04590623 
92 403 13 20 0.04539978 
797 404 8 11 0.044421095 
25 434 14 19 0.043815013 
871 396 8 12 0.043452073 
772 219 13 16 0.041269723 
199 439 8 10 0.04115581 
873 387 10 15 0.040017158 
695 421 8 10 0.03992737 
919 360 8 11 0.039760876 
878 377 8 11 0.03930792 
36 419 14 18 0.038016655 
789 412 9 12 0.037864543 
821 425 9 10 0.036926832 
989 437 11 12 0.03687623 
817 369 7 8 0.03674478 
996 438 9 12 0.03672729 
576 457 8 9 0.036243625 
915 436 12 14 0.035475675 
241 445 9 12 0.035132702 
847 366 8 9 0.03473429 
36 409 14 19 0.034109365 
553 446 8 10 0.03393293 
943 347 13 16 0.033748835 
873 375 8 12 0.03346221 
141 380 13 17 0.03299114 
37 402 15 18 0.0327966 
926 398 9 12 0.03257017 
80 391 16 20 0.032455444 
793 399 9 12 0.03208822 
86 444 10 13 0.031146765 
765 217 15 18 0.029316105 
850 425 8 11 0.029205196 
981 439 14 19 0.029185519 
222 421 10 12 0.029013619 
290 448 8 10 0.028910976 
829 391 8 11 0.02888444 
270 424 9 11 0.028717091 
51 408 16 20 0.028466204 
541 424 8 9 0.027930329 
401 471 10 12 0.027822636 
669 453 12 13 0.027688794 
115 458 39 40 0.026952198 
841 366 8 9 0.026907345 
927 365 9 14 0.026710536 
557 440 9 10 0.026658336 
784 408 10 13 0.02645471 
665 447 11 13 0.026397418 
83 401 16 20 0.026335668 
300 652 27 31 0.026229238 
163 235 13 17 0.025645029 
270 428 10 14 0.025588235 
126 423 28 32 0.02543623 
591 439 8 9 0.025224974 
854 438 8 10 0.025164073 
902 367 7 10 0.024963735 
255 430 9 12 0.024659334 
892 381 13 16 0.024589721 
132 381 16 22 0.024292592 
779 414 9 11 0.02407099 
27 428 14 18 0.024015756 
304 423 8 10 0.023916487 
553 440 8 11 0.023729239 
933 370 11 15 0.022994772 
660 249 41 43 0.022774093 
220 374 13 16 0.022598218 
870 366 8 11 0.02257294 
5 389 12 15 0.02251634 
20 490 12 16 0.022281619 
249 370 97 136 0.022035295 
653 431 13 16 0.021944262 
76 398 17 21 0.021938942 
876 381 17 24 0.021878727 
98 401 16 20 0.021755582 
832 404 11 13 0.021531722 
829 397 10 13 0.021044835 
894 186 15 16 0.020998828 
278 151 16 25 0.0208749 
933 379 12 17 0.020592911 
615 424 7 9 0.020501295 
236 269 12 16 0.020487268 
776 407 8 9 0.020356778 
884 382 13 14 0.020233 
217 421 10 13 0.020070802 
