35_Basketball_playingbasketball_35_764
26
490 247 29 38 0.9981102 
303 189 30 37 0.9320613 
437 430 15 20 0.116372496 
106 100 31 35 0.10589841 
431 447 18 28 0.09633276 
291 192 27 34 0.09528358 
435 273 14 17 0.06140353 
134 86 28 37 0.058267795 
435 439 15 23 0.03985515 
610 436 17 20 0.039187662 
312 203 19 25 0.033679675 
453 235 12 14 0.032976586 
484 434 15 18 0.0322032 
940 359 15 17 0.027637618 
280 194 23 34 0.027464015 
433 433 13 20 0.026140632 
426 509 13 17 0.026057104 
432 426 12 18 0.025469363 
599 433 14 17 0.0251052 
460 234 12 15 0.024316112 
449 237 10 11 0.023378216 
591 363 14 17 0.022307618 
405 231 51 50 0.022225397 
434 268 24 27 0.020534592 
603 367 28 29 0.020448832 
448 412 11 14 0.020420507 
