35_Basketball_playingbasketball_35_495
509
742 989 25 33 0.99871075 
737 1058 24 31 0.9986192 
172 1117 26 34 0.99847394 
339 749 66 82 0.9978871 
204 964 25 32 0.996808 
826 823 61 72 0.9964216 
234 1155 23 31 0.9959998 
179 922 24 30 0.99503505 
818 657 17 21 0.98818946 
544 402 93 73 0.98449415 
989 694 15 21 0.9828189 
845 606 13 18 0.9816321 
252 1104 25 29 0.97733235 
741 600 15 19 0.97491676 
670 984 21 30 0.9703573 
803 726 16 20 0.9701036 
263 771 21 28 0.9666526 
971 895 21 26 0.9599814 
14 780 69 71 0.95508915 
221 587 14 17 0.95498973 
902 816 22 27 0.95069075 
738 751 17 24 0.94857603 
244 704 19 23 0.94729435 
287 580 15 19 0.94614196 
728 812 19 25 0.94011354 
202 434 14 19 0.93373585 
793 757 17 20 0.933169 
283 670 19 25 0.92625684 
771 857 18 24 0.9242682 
206 608 18 23 0.9242637 
919 672 15 20 0.9211035 
173 704 22 28 0.91989017 
115 25 79 69 0.914568 
168 567 16 20 0.9113862 
262 607 15 20 0.89762324 
951 829 16 22 0.89208084 
167 632 20 25 0.8920339 
710 622 16 21 0.89069736 
946 864 17 23 0.88885623 
676 823 19 24 0.8873518 
225 741 22 28 0.8870725 
835 794 17 22 0.88128036 
935 696 15 20 0.8805378 
723 850 16 21 0.8750909 
109 627 18 23 0.8698255 
690 691 15 21 0.86472136 
1010 899 14 23 0.84859496 
831 631 15 20 0.84514767 
861 765 17 20 0.84317386 
935 607 13 16 0.8322783 
347 472 17 21 0.8207025 
784 819 17 23 0.82056755 
994 609 13 16 0.8151907 
964 738 14 18 0.7822147 
106 576 16 20 0.78131723 
45 568 17 21 0.77152276 
285 741 20 26 0.7651444 
318 611 17 22 0.7628669 
983 637 13 17 0.75597787 
143 436 14 18 0.74699533 
875 632 14 19 0.7426471 
942 793 17 21 0.7285326 
994 659 15 20 0.7265588 
231 639 19 23 0.7134645 
288 705 17 21 0.71313673 
791 646 13 18 0.71078277 
694 753 16 21 0.70882195 
974 843 16 20 0.7086319 
720 901 20 22 0.70284224 
933 729 17 20 0.69368404 
594 710 16 21 0.6901096 
290 451 14 19 0.6753113 
686 961 22 25 0.66997224 
303 633 17 21 0.6523068 
338 736 19 24 0.6469967 
870 659 16 21 0.61297256 
998 761 16 20 0.60492224 
867 729 18 21 0.5996037 
218 459 14 19 0.58527213 
727 661 14 18 0.56809914 
1004 1095 19 29 0.5624815 
946 631 14 19 0.5584736 
587 785 26 37 0.5572852 
135 672 17 23 0.5359543 
124 445 13 17 0.53052175 
883 689 13 17 0.49506238 
662 857 18 22 0.475215 
864 704 15 19 0.4705045 
855 485 14 17 0.46775043 
764 894 22 27 0.46528223 
703 473 18 24 0.44711685 
734 790 15 19 0.44608337 
260 829 23 31 0.43677038 
656 803 19 22 0.42259124 
798 80 15 19 0.41747302 
607 64 17 21 0.41726086 
522 474 24 34 0.4089732 
54 449 12 15 0.38797426 
846 769 14 17 0.37828133 
681 440 15 20 0.3716925 
350 582 15 20 0.35251597 
347 718 17 21 0.33231452 
766 453 14 18 0.32964492 
753 828 12 16 0.32030907 
124 615 19 27 0.31236202 
894 678 13 16 0.31070268 
779 490 14 17 0.30925608 
974 658 13 16 0.3001347 
1013 833 11 19 0.29623333 
698 794 14 18 0.2937709 
162 609 18 20 0.2808526 
793 706 14 17 0.27914658 
776 667 16 21 0.27635756 
41 624 22 27 0.2763092 
254 841 24 33 0.2682027 
762 968 21 26 0.26657447 
359 427 14 17 0.26543114 
700 724 14 18 0.26394698 
761 459 24 31 0.2543316 
246 853 22 28 0.24894078 
1005 1193 19 38 0.24843246 
86 475 13 17 0.23911947 
190 481 15 20 0.23840174 
520 151 15 20 0.23673742 
671 853 20 30 0.23346671 
99 618 23 29 0.21062829 
160 492 13 17 0.2091656 
970 845 25 31 0.20876692 
1007 445 13 18 0.19518356 
842 659 15 19 0.18296327 
905 851 23 31 0.18159862 
923 631 15 19 0.16961633 
239 740 21 29 0.15699135 
868 92 14 17 0.15369532 
747 661 13 17 0.15148619 
780 680 15 20 0.14948267 
226 787 17 21 0.14670679 
229 1133 23 28 0.14140692 
590 686 17 21 0.14103337 
983 738 14 18 0.1399417 
17 845 65 95 0.13754076 
948 576 13 17 0.13266884 
852 768 16 19 0.11140728 
996 737 14 17 0.10838248 
682 852 21 31 0.108209565 
835 76 12 16 0.10649483 
765 798 15 19 0.10612424 
679 173 14 18 0.10606347 
294 790 31 36 0.10605402 
172 839 15 21 0.10570547 
814 796 12 17 0.10395855 
988 880 15 20 0.10304259 
3 789 91 115 0.09950913 
1 443 16 23 0.09791149 
159 604 14 18 0.09636487 
563 749 29 33 0.0961482 
230 467 13 17 0.0957221 
852 504 14 20 0.09536994 
59 445 12 16 0.092650756 
52 629 16 21 0.09233336 
779 107 45 51 0.09226696 
943 574 13 16 0.09208131 
237 482 14 20 0.091984734 
710 1001 16 20 0.09119831 
901 771 17 20 0.08785828 
19 486 20 25 0.08761425 
741 867 15 18 0.08756662 
898 516 14 18 0.08615761 
511 461 40 54 0.08330546 
610 130 14 20 0.08222206 
702 656 15 19 0.0804345 
874 736 15 19 0.079810865 
667 144 13 19 0.07833197 
42 466 15 21 0.07685938 
229 625 23 28 0.076420456 
601 792 17 23 0.07436216 
162 1212 20 20 0.07410428 
724 997 15 21 0.07328892 
235 474 14 18 0.07296092 
741 899 15 20 0.072912216 
205 763 16 21 0.07208164 
877 786 15 17 0.07130723 
979 853 25 29 0.070858635 
83 843 26 34 0.07019447 
875 789 24 28 0.06979031 
664 0 29 31 0.0697522 
805 825 17 23 0.068584785 
159 595 14 18 0.068525895 
287 821 24 30 0.06807523 
45 461 14 18 0.067795664 
197 1125 23 28 0.06701707 
284 789 26 31 0.06662781 
202 1139 25 34 0.06598859 
34 616 17 21 0.065365985 
887 865 17 22 0.065210424 
165 615 22 25 0.06485009 
237 859 15 21 0.06455767 
226 1123 18 21 0.06410527 
187 825 15 19 0.06282974 
995 569 12 16 0.062127907 
129 450 14 17 0.061570756 
182 461 11 16 0.061070345 
349 457 24 29 0.060315967 
324 678 13 17 0.05962523 
889 766 21 26 0.05895334 
211 1100 16 19 0.05885901 
354 714 16 21 0.0584371 
258 695 19 25 0.05741506 
401 56 62 67 0.057061985 
373 458 16 22 0.056589067 
893 520 20 25 0.054933507 
865 712 16 19 0.05374222 
789 76 17 22 0.052494604 
825 774 11 14 0.052168857 
884 730 14 18 0.052055374 
157 920 41 50 0.051200096 
783 795 14 17 0.050785232 
728 793 13 16 0.0507827 
987 736 18 22 0.050575912 
226 461 13 17 0.050566617 
707 879 16 20 0.050438706 
299 797 40 54 0.05015184 
2 775 42 48 0.048817575 
884 761 16 21 0.048701596 
991 761 14 19 0.048229173 
61 439 11 13 0.048094902 
745 759 14 19 0.04727071 
879 772 22 29 0.04609759 
754 633 15 19 0.045894768 
134 523 14 17 0.045072388 
712 991 21 27 0.04499464 
630 163 14 17 0.044853743 
86 602 16 19 0.044832263 
652 484 16 23 0.044733327 
977 866 22 27 0.044432666 
228 824 15 21 0.043698955 
780 778 14 16 0.043573264 
1003 720 15 18 0.04288775 
245 1027 27 34 0.042787515 
764 707 15 17 0.042552702 
997 858 16 21 0.042033143 
889 810 27 35 0.042004067 
772 400 101 142 0.04199744 
210 768 16 22 0.04167375 
2 521 24 30 0.041661676 
49 451 13 16 0.041003563 
765 492 12 15 0.040950514 
127 387 12 14 0.04086654 
579 712 27 31 0.040329322 
275 484 16 20 0.04027091 
341 925 105 138 0.040029097 
838 705 16 22 0.039876167 
981 754 14 18 0.039593015 
971 722 16 19 0.03943798 
202 1066 26 30 0.039123245 
30 612 16 19 0.038745686 
116 488 11 13 0.038514122 
89 610 23 29 0.038361877 
814 744 15 19 0.037984665 
140 594 16 19 0.037879877 
368 640 16 20 0.037743554 
318 677 13 17 0.037736233 
342 728 21 25 0.037597418 
274 555 15 19 0.03755763 
728 800 23 27 0.037511535 
275 792 25 33 0.03733751 
246 746 21 27 0.037146643 
692 855 16 24 0.037069883 
978 651 14 18 0.03701386 
210 667 19 24 0.036879804 
671 723 24 31 0.03621288 
871 531 13 17 0.036053624 
180 895 19 22 0.036033295 
821 840 40 52 0.035976473 
320 797 25 34 0.035912685 
932 572 13 16 0.035767477 
-1 826 26 39 0.035547 
842 765 12 16 0.035477567 
171 608 21 24 0.03525851 
706 818 15 20 0.035091557 
969 731 15 20 0.03500539 
63 418 13 16 0.034784686 
713 1082 28 33 0.034757733 
187 1094 17 20 0.034535367 
331 603 13 17 0.03451467 
-1 720 27 40 0.03430584 
338 739 30 36 0.03428128 
796 610 14 17 0.034205537 
244 801 22 28 0.03412148 
973 708 12 15 0.034048714 
685 744 22 28 0.033968475 
699 184 15 20 0.033906933 
942 586 13 15 0.033633426 
993 743 20 26 0.033631478 
114 618 18 24 0.033434935 
718 659 14 19 0.033373475 
883 627 13 18 0.03305379 
749 821 14 19 0.03297612 
844 1064 44 59 0.032944344 
958 832 19 24 0.03292848 
788 894 18 23 0.032761957 
693 724 20 28 0.032720517 
690 1065 34 39 0.03266436 
1007 596 12 15 0.032662466 
296 705 16 21 0.032629654 
609 792 17 23 0.032533612 
277 701 21 28 0.032346405 
947 760 17 23 0.032340646 
349 172 30 35 0.03222835 
895 602 12 15 0.031788684 
330 800 15 23 0.031670704 
745 606 14 19 0.031669613 
695 984 24 32 0.0315061 
678 834 23 33 0.031433813 
850 756 22 25 0.031370964 
78 450 14 17 0.031354982 
312 610 15 21 0.031338714 
883 747 15 20 0.031296242 
949 598 11 15 0.031276237 
766 959 27 32 0.031176846 
42 611 17 20 0.031166814 
691 83 15 19 0.031158011 
724 622 13 19 0.03115271 
47 792 42 49 0.031152304 
886 571 14 16 0.031061161 
874 812 29 39 0.031056222 
811 738 15 18 0.031052867 
736 658 18 22 0.03077365 
0 421 10 18 0.030607658 
55 437 12 14 0.030534586 
739 614 15 20 0.030514507 
433 62 61 65 0.030286193 
265 613 16 20 0.030244656 
740 799 14 19 0.030164633 
777 611 15 17 0.03011358 
842 794 23 30 0.030046498 
1010 990 15 27 0.029824957 
707 662 15 18 0.029798001 
898 706 15 19 0.029759053 
889 755 15 18 0.029699944 
443 478 15 22 0.029659407 
921 745 15 18 0.029508064 
915 119 13 17 0.029416732 
866 755 15 20 0.029366408 
988 632 14 17 0.029325815 
940 599 13 16 0.029318636 
755 658 12 17 0.028883345 
871 788 13 15 0.028581636 
876 624 13 17 0.028461823 
1014 962 11 17 0.028370013 
849 745 15 18 0.028355047 
264 692 16 21 0.028127259 
959 742 16 20 0.02812078 
300 538 14 18 0.028111458 
929 609 14 17 0.028079642 
959 734 15 19 0.027969446 
194 825 16 20 0.027911363 
145 726 17 20 0.027848797 
748 812 12 16 0.027848285 
149 568 14 19 0.027673164 
967 759 22 29 0.027383067 
937 723 23 27 0.027276086 
82 16 94 107 0.027215611 
188 460 12 17 0.02721112 
756 705 15 19 0.027195483 
611 821 16 23 0.027178343 
158 614 17 21 0.027038803 
853 723 13 18 0.026995283 
178 826 19 26 0.026871221 
533 713 28 44 0.026782902 
974 826 23 28 0.026650725 
563 718 42 53 0.026634216 
992 875 15 19 0.026555602 
212 1141 27 35 0.026481254 
825 1005 43 50 0.026423478 
233 815 21 29 0.026341528 
622 107 13 16 0.026203554 
751 966 24 29 0.026066987 
288 748 24 31 0.025996635 
961 857 22 30 0.025828004 
212 523 17 21 0.02579924 
572 782 31 43 0.025714884 
50 611 16 19 0.025711868 
114 893 16 19 0.025699524 
746 977 36 45 0.025672 
664 837 24 35 0.025661726 
747 49 23 32 0.02563342 
308 690 15 19 0.025589837 
539 795 49 61 0.025583394 
661 842 15 19 0.025580399 
885 795 26 34 0.025574218 
170 828 17 23 0.025537722 
47 145 15 19 0.025471231 
951 751 23 30 0.02543252 
963 768 17 22 0.02536379 
749 639 15 18 0.025332725 
924 738 14 18 0.025238637 
249 1115 26 31 0.0250856 
173 596 13 15 0.024996521 
956 628 13 19 0.024922796 
937 523 13 16 0.024916772 
96 11 66 60 0.024810374 
875 856 30 38 0.024705268 
354 478 17 20 0.024582803 
633 0 21 18 0.024509026 
308 661 22 26 0.02450203 
884 781 25 32 0.024499536 
4 637 15 21 0.024496134 
107 567 14 18 0.024460942 
842 770 22 26 0.02445541 
57 813 47 66 0.024269985 
914 1008 14 17 0.024259353 
892 700 14 18 0.024177898 
224 609 22 28 0.024162598 
226 1141 27 37 0.024150908 
257 858 18 24 0.024076736 
276 478 12 15 0.024060775 
876 743 15 21 0.024025116 
665 972 37 45 0.024008416 
793 126 20 23 0.023879748 
864 795 28 35 0.023859417 
201 770 22 28 0.023827365 
889 725 15 18 0.02382641 
814 690 14 17 0.023797413 
251 539 15 19 0.023739567 
704 728 14 18 0.023727119 
757 739 15 18 0.02368612 
883 704 15 19 0.023685943 
364 458 17 22 0.023442024 
578 411 48 41 0.023363143 
29 624 18 22 0.023348536 
795 665 16 19 0.023344524 
994 636 12 15 0.023323348 
680 78 24 29 0.023291903 
263 701 21 28 0.02323409 
795 638 13 17 0.023160132 
990 653 14 18 0.02310967 
881 525 22 27 0.023089103 
106 590 16 20 0.023068588 
262 791 24 32 0.022952715 
567 695 48 60 0.02273728 
977 757 21 28 0.022705015 
789 653 16 20 0.022697361 
828 713 15 19 0.022649266 
278 458 14 18 0.022626847 
789 525 15 18 0.022477107 
932 565 13 15 0.022471515 
932 777 14 19 0.022444777 
352 426 15 19 0.022354353 
196 839 23 29 0.022344925 
359 703 26 34 0.022295486 
688 440 16 21 0.022272507 
776 852 16 20 0.022160135 
232 1110 25 29 0.022031536 
932 628 12 17 0.021962347 
575 661 51 70 0.021947077 
879 695 15 19 0.021893688 
58 958 24 29 0.02188072 
218 1098 15 19 0.021866566 
891 101 14 16 0.021854121 
882 737 14 19 0.02183096 
782 587 14 17 0.021818655 
84 680 13 18 0.021803988 
986 865 17 20 0.021786917 
148 601 15 18 0.021742873 
220 768 16 21 0.021732012 
291 771 30 37 0.02171061 
973 864 17 22 0.021701135 
1002 611 12 17 0.021624995 
747 789 13 15 0.021531355 
310 120 147 129 0.021459008 
848 486 22 28 0.021425862 
780 570 15 18 0.021422662 
982 571 11 15 0.021418154 
836 780 22 27 0.021412589 
240 489 15 19 0.021344613 
226 733 18 21 0.021214932 
690 835 12 16 0.021174883 
873 724 17 21 0.021167751 
685 979 25 35 0.021143643 
905 767 22 28 0.02113908 
67 444 13 16 0.021094868 
733 620 14 18 0.02106782 
889 688 16 19 0.021055924 
604 608 46 62 0.021049734 
218 857 16 21 0.02096614 
589 680 28 37 0.020885913 
54 410 14 18 0.020863049 
745 794 14 18 0.02077211 
862 724 16 20 0.020767784 
707 752 13 19 0.020764012 
698 735 17 22 0.02074807 
199 853 22 30 0.020713003 
997 818 15 18 0.020490538 
198 867 25 31 0.020460516 
218 608 14 20 0.020436646 
748 803 13 17 0.020435741 
221 1086 12 14 0.020384505 
778 896 16 21 0.020340333 
119 623 21 27 0.020301811 
612 126 22 29 0.020293012 
902 731 14 19 0.020244554 
870 792 16 22 0.020215364 
699 810 16 20 0.020149339 
180 460 20 27 0.020096112 
655 857 17 21 0.020077888 
694 81 24 27 0.020045789 
320 782 53 65 0.020044923 
955 573 11 15 0.0200007 
