35_Basketball_playingbasketball_35_644
21
336 208 173 212 0.999201 
748 415 250 293 0.3372451 
519 827 338 480 0.15480563 
12 876 42 64 0.06256303 
613 931 209 294 0.052359853 
4 1272 52 84 0.051068153 
719 1263 78 132 0.05082625 
12 1253 57 74 0.047606353 
250 308 58 75 0.037785772 
100 1407 98 138 0.031832922 
952 1090 76 169 0.031232389 
28 1348 95 127 0.030722918 
771 1263 88 136 0.02880507 
-5 1264 89 146 0.028315438 
580 674 364 456 0.026383804 
794 457 178 152 0.026089398 
772 1233 170 230 0.025859298 
99 953 35 43 0.025023974 
-1 1297 147 227 0.024257617 
129 920 26 37 0.024244368 
592 445 452 449 0.020268684 
