35_Basketball_Basketball_35_458
21
491 29 47 64 0.99879444 
245 36 40 56 0.9911697 
743 27 40 57 0.98526025 
638 300 22 33 0.15735827 
163 137 32 39 0.12923965 
418 217 18 20 0.1142586 
588 220 24 27 0.104270004 
635 257 16 21 0.06683281 
644 291 15 21 0.03788536 
500 187 27 32 0.036287215 
642 282 15 17 0.033846844 
562 115 13 19 0.0333192 
177 131 31 38 0.031018598 
609 222 19 21 0.030547032 
414 203 28 35 0.030066168 
268 96 16 21 0.02965944 
597 217 25 27 0.026194451 
48 126 23 30 0.025188642 
516 230 23 29 0.024084063 
170 155 18 26 0.021178283 
450 233 425 530 0.020236664 
