35_Basketball_Basketball_35_549
24
725 372 46 56 0.99788576 
690 380 29 45 0.26216084 
363 278 37 48 0.08072071 
-76 -60 519 380 0.07178118 
448 232 32 36 0.060035307 
603 970 26 33 0.05584863 
649 389 26 43 0.04026076 
735 981 29 47 0.03926645 
248 673 41 44 0.038135443 
699 373 28 42 0.036418706 
618 174 108 118 0.03513909 
436 268 34 40 0.03284941 
363 300 35 44 0.0287305 
317 354 47 72 0.027255004 
739 924 15 20 0.026295155 
538 234 17 19 0.025977427 
354 355 28 30 0.024527857 
421 276 37 40 0.023959301 
441 246 44 50 0.023611108 
421 314 62 73 0.023487723 
462 230 29 34 0.023264788 
210 840 14 17 0.022567203 
979 -8 45 62 0.021210868 
868 914 16 18 0.020334734 
