35_Basketball_basketballgame_ball_35_153
18
83 2 120 152 0.99981767 
713 307 139 185 0.99922454 
412 232 167 215 0.99829835 
81 232 135 194 0.9975731 
189 1313 104 115 0.30084088 
786 -15 196 230 0.16072038 
899 425 29 36 0.10666606 
604 735 125 98 0.050025422 
869 19 159 213 0.03304937 
666 1228 215 227 0.028556067 
150 230 105 167 0.028270567 
708 -6 191 251 0.02664594 
388 1485 30 31 0.026192652 
815 13 133 129 0.024406638 
311 308 104 143 0.02311214 
392 772 47 57 0.021188738 
160 868 317 419 0.02077666 
625 27 154 189 0.020676225 
