35_Basketball_basketballgame_ball_35_309
41
778 65 172 227 0.9992112 
225 -1 69 73 0.9969747 
395 72 80 108 0.9963475 
132 55 65 106 0.9895014 
-9 516 75 156 0.8763284 
954 63 24 34 0.53834605 
987 93 21 26 0.3880246 
947 185 52 65 0.25621626 
936 47 41 54 0.12852456 
300 381 39 43 0.120091416 
682 68 25 32 0.11894123 
533 342 24 33 0.098630756 
914 5 24 29 0.0819016 
313 391 35 42 0.064737596 
686 65 17 20 0.06391876 
700 117 27 36 0.06350007 
680 122 27 36 0.05975278 
997 4 26 34 0.0592756 
707 115 18 22 0.050054822 
985 1 27 28 0.046222713 
894 461 45 38 0.045841333 
84 98 64 92 0.04210338 
119 -5 55 52 0.0413236 
883 454 82 63 0.041172817 
922 157 86 115 0.040030405 
934 41 31 37 0.039688062 
422 272 38 59 0.03640949 
107 82 69 103 0.03640459 
174 58 56 81 0.03371491 
637 168 44 58 0.032286093 
186 34 58 75 0.03209194 
973 -2 45 43 0.031029405 
676 100 45 56 0.029461637 
678 133 17 24 0.028220054 
331 409 17 21 0.027850647 
982 2 19 20 0.027033333 
959 181 31 35 0.025293972 
670 -4 90 122 0.023453886 
506 636 21 26 0.022376789 
400 101 12 16 0.022309868 
-6 131 50 74 0.021570055 
