35_Basketball_Basketball_35_529
39
376 179 27 35 0.99917126 
764 236 32 37 0.99867177 
504 158 36 44 0.9983234 
563 175 32 41 0.99815446 
640 175 29 39 0.9978661 
697 214 30 39 0.99523133 
266 209 30 40 0.9948088 
437 166 32 42 0.9943229 
390 148 15 18 0.21971308 
313 219 16 21 0.21538742 
336 168 16 19 0.110529624 
361 161 24 31 0.106200926 
324 155 14 17 0.089767136 
310 177 24 31 0.08544513 
327 173 22 29 0.05441818 
376 159 23 26 0.05189633 
325 145 17 20 0.051308345 
326 151 24 25 0.047062464 
665 17 346 484 0.034961775 
355 163 17 23 0.034790628 
372 156 16 19 0.030596826 
318 139 16 18 0.029110858 
653 177 29 38 0.02854804 
344 184 24 31 0.027700927 
338 176 16 21 0.027590955 
335 181 22 30 0.02755409 
388 156 22 28 0.027373899 
587 249 344 381 0.026811486 
319 208 25 30 0.02568819 
337 155 17 18 0.025659451 
320 183 24 31 0.024567341 
594 283 28 37 0.023809195 
626 202 15 21 0.022791775 
234 228 14 18 0.022342892 
664 296 192 231 0.021953087 
325 198 27 32 0.021463696 
229 235 13 18 0.0201937 
365 177 25 35 0.02012199 
385 266 10 15 0.020010231 
