35_Basketball_playingbasketball_35_405
65
824 296 16 22 0.7480524 
356 316 13 18 0.26263356 
583 312 11 13 0.25796524 
558 317 13 17 0.20032509 
549 308 10 14 0.13143063 
358 309 12 16 0.12681352 
349 319 13 18 0.11297013 
517 115 12 13 0.110480204 
580 318 15 19 0.110268004 
342 321 13 17 0.093982205 
563 322 13 16 0.086052135 
543 134 8 11 0.082517385 
334 315 15 19 0.07158385 
575 321 14 17 0.06313684 
499 184 18 20 0.062110815 
560 277 9 11 0.06178891 
566 293 8 12 0.057639517 
805 308 12 12 0.053558223 
550 315 12 16 0.053438675 
550 323 12 16 0.04963286 
559 144 8 11 0.04892077 
843 341 25 34 0.047503207 
574 271 9 11 0.04746076 
533 294 8 11 0.04565159 
833 304 14 18 0.043607023 
545 334 9 12 0.043280996 
811 305 15 17 0.040573888 
548 331 11 14 0.03720667 
361 323 13 15 0.035993576 
328 322 12 17 0.03574731 
828 361 27 29 0.034290176 
555 310 14 17 0.032668952 
492 271 10 11 0.031288877 
544 271 8 10 0.030218583 
530 287 8 10 0.029623786 
815 299 16 18 0.029523136 
567 271 9 12 0.027025724 
560 271 9 12 0.027010169 
502 310 8 11 0.026556175 
486 311 8 10 0.02648948 
545 314 11 16 0.026032027 
537 385 13 19 0.025509728 
544 303 12 15 0.02536913 
547 302 18 25 0.025283206 
895 222 168 280 0.024458768 
584 276 9 10 0.02423712 
835 293 14 19 0.024175406 
577 357 14 17 0.023858454 
589 278 9 10 0.022773737 
575 288 8 10 0.022746295 
749 245 11 12 0.022690216 
1008 482 13 21 0.022365022 
538 119 7 9 0.022047931 
568 167 9 11 0.022037208 
560 293 10 13 0.021850195 
565 276 10 12 0.021738226 
819 301 26 31 0.021618722 
470 221 11 13 0.021494122 
527 300 8 10 0.02136886 
547 339 13 16 0.021118907 
491 180 19 21 0.020984804 
511 265 8 10 0.020871913 
351 319 24 28 0.020617729 
558 308 21 27 0.020437 
543 277 9 11 0.020097174 
