35_Basketball_Basketball_35_304
18
768 266 30 39 0.9867395 
701 251 28 37 0.98173577 
865 347 56 58 0.11336129 
712 261 17 24 0.059771854 
282 109 451 443 0.0493425 
855 422 49 58 0.04912849 
758 296 15 21 0.044274602 
700 256 43 54 0.043136105 
715 265 26 35 0.032421812 
789 213 10 13 0.029847829 
763 341 45 49 0.02926042 
770 312 19 22 0.028788492 
721 266 14 21 0.027021697 
-18 100 468 462 0.026615681 
693 258 14 22 0.0264366 
142 2 424 441 0.023942474 
846 423 36 42 0.02202364 
741 296 28 31 0.020816443 
