35_Basketball_playingbasketball_35_65
83
851 414 15 19 0.9916652 
906 353 18 23 0.9825257 
620 388 17 22 0.9817696 
966 404 22 28 0.97705245 
921 374 22 33 0.9718982 
1005 414 16 23 0.9627682 
744 375 16 20 0.94611293 
229 423 23 38 0.9049802 
801 422 15 18 0.78829825 
797 458 22 25 0.58271515 
679 231 12 13 0.52556866 
452 347 16 21 0.46348777 
854 459 16 18 0.46296552 
717 411 13 18 0.43128076 
709 460 21 26 0.34317532 
76 501 21 35 0.2840456 
796 499 14 18 0.26400706 
534 317 15 21 0.20058574 
744 427 16 20 0.15547408 
876 486 16 21 0.15489239 
831 488 16 23 0.15129708 
19 560 40 42 0.1358353 
410 384 15 18 0.13359164 
779 396 13 16 0.11980431 
462 341 24 29 0.113629326 
502 348 13 19 0.09894778 
889 384 17 21 0.08658507 
821 451 13 19 0.07707728 
973 462 27 34 0.07656477 
490 287 35 50 0.07459737 
779 450 14 18 0.067309864 
671 265 28 33 0.06596997 
823 395 12 15 0.056042623 
811 458 15 19 0.0550323 
809 398 10 13 0.05474142 
524 309 20 29 0.05062755 
853 353 14 17 0.048447598 
534 308 14 20 0.047622442 
675 268 17 20 0.047448214 
507 300 26 35 0.047340125 
480 37 11 14 0.04358426 
-1 529 29 41 0.041237842 
53 491 26 34 0.03893676 
228 419 17 26 0.038364574 
900 495 16 22 0.037750985 
827 448 16 22 0.037387937 
741 421 16 19 0.036629368 
887 449 14 20 0.035780407 
870 522 13 16 0.034528393 
194 487 18 24 0.033678606 
790 435 12 16 0.0331772 
721 414 14 20 0.032712594 
540 32 12 15 0.032275442 
1002 621 22 35 0.031212592 
477 342 21 29 0.030286556 
420 45 11 14 0.030198915 
837 379 12 15 0.030004459 
757 431 14 20 0.028526902 
763 376 15 19 0.028487837 
501 311 15 22 0.027473966 
494 348 13 20 0.027370917 
183 428 22 29 0.027290367 
824 376 10 13 0.027228517 
787 450 16 21 0.026467089 
790 457 18 23 0.026254032 
521 224 23 29 0.0254797 
997 489 27 42 0.025450444 
674 261 16 17 0.02515362 
784 361 11 14 0.024988202 
746 394 13 18 0.024816122 
365 46 11 14 0.024171885 
789 488 17 25 0.022874169 
537 309 21 28 0.022428332 
600 24 12 15 0.022333562 
979 458 17 23 0.022220334 
830 380 11 13 0.021734782 
756 373 14 18 0.021605644 
972 438 39 54 0.021338267 
820 481 14 21 0.021309234 
533 226 22 27 0.02115347 
878 348 12 16 0.020523427 
913 387 25 33 0.020432232 
557 280 16 20 0.02038176 
