35_Basketball_playingbasketball_35_78
41
423 456 72 98 0.99376774 
636 473 71 95 0.9859195 
152 296 91 78 0.9822649 
575 748 76 89 0.97442853 
203 571 76 82 0.74181604 
271 849 51 64 0.2927068 
333 1174 458 474 0.27969334 
126 1018 118 95 0.14718501 
173 554 75 94 0.094232515 
340 1173 125 147 0.08899333 
405 994 24 32 0.06658095 
323 566 32 43 0.049451176 
285 859 55 73 0.04668563 
288 834 51 60 0.046067405 
157 314 111 108 0.045579344 
577 258 65 81 0.044883706 
366 861 241 350 0.040629767 
925 1079 46 46 0.03847143 
164 956 193 222 0.037839763 
241 394 42 39 0.035557184 
120 266 203 191 0.032596737 
226 892 223 233 0.030701319 
194 1097 398 465 0.029569266 
275 853 97 111 0.029337212 
430 810 323 470 0.027688127 
271 883 61 74 0.027661553 
56 590 124 163 0.02598491 
233 1014 126 128 0.025062487 
119 1030 72 65 0.024481364 
253 1053 118 154 0.023782097 
193 1061 40 40 0.023596564 
500 871 207 286 0.023421215 
449 937 409 581 0.022685098 
189 357 119 101 0.0225605 
249 868 59 63 0.022370417 
497 567 45 59 0.022202553 
118 307 61 76 0.02199246 
699 503 27 41 0.021105982 
269 572 63 58 0.020923205 
307 851 40 49 0.020790767 
947 1077 47 50 0.020782102 
