35_Basketball_playingbasketball_35_252
35
594 55 51 67 0.99907696 
101 10 49 67 0.99016106 
556 0 42 45 0.9857312 
480 67 46 71 0.97605884 
440 12 49 58 0.3144013 
1009 73 15 25 0.13123207 
74 -2 30 26 0.07928973 
416 4 54 62 0.0771775 
420 17 27 36 0.058775093 
359 204 45 71 0.0553937 
625 -1 35 33 0.054274127 
456 233 234 306 0.052969977 
512 44 28 43 0.047456857 
251 234 33 34 0.04737688 
498 16 43 50 0.042031035 
767 332 15 18 0.04011943 
659 19 182 237 0.03807611 
521 330 75 71 0.034812566 
583 0 30 31 0.032346852 
478 299 139 126 0.031003604 
342 58 53 62 0.029786635 
490 241 343 420 0.028387148 
378 146 50 69 0.028336238 
526 372 43 44 0.02786516 
514 -1 37 37 0.026657393 
445 3 35 40 0.025499234 
63 0 30 30 0.025203718 
434 408 58 59 0.023824414 
49 6 29 30 0.023393981 
440 235 50 61 0.02251443 
409 2 35 43 0.022365088 
329 109 39 41 0.02221033 
351 0 31 24 0.021781426 
616 9 46 50 0.021671917 
443 256 107 108 0.021128846 
