35_Basketball_playingbasketball_35_588
31
591 157 71 87 0.9986299 
604 467 131 198 0.99108666 
156 -2 48 50 0.9179246 
10 119 29 37 0.1605067 
209 23 209 213 0.12741707 
240 84 134 117 0.08554851 
108 199 38 37 0.06857931 
552 372 173 262 0.06612073 
482 708 84 110 0.05954318 
766 476 132 173 0.05911839 
708 380 47 68 0.05000202 
2 157 32 51 0.04909093 
315 9 68 68 0.041551527 
636 397 196 248 0.040290892 
218 639 80 121 0.036743503 
210 6 27 32 0.03579908 
502 342 56 54 0.031144219 
603 239 385 494 0.029936321 
678 1 33 25 0.02683641 
71 81 43 57 0.0250337 
222 8 68 74 0.024407865 
0 28 39 63 0.023750221 
907 -7 109 136 0.023426807 
213 12 108 113 0.022780802 
337 180 391 469 0.022419179 
106 208 50 51 0.022337813 
665 0 50 46 0.021734059 
512 0 39 37 0.021232098 
694 -1 31 30 0.021143269 
267 126 115 120 0.020774465 
440 725 89 104 0.02022948 
