35_Basketball_basketballgame_ball_35_681
44
457 32 89 118 0.9993326 
925 500 22 29 0.6563807 
962 449 18 21 0.23766859 
721 546 18 23 0.15773726 
938 463 16 20 0.15485576 
252 274 31 42 0.13701619 
213 252 24 29 0.11915619 
115 218 29 37 0.10044458 
240 315 33 40 0.09714009 
288 410 18 21 0.08237016 
1009 465 16 25 0.08119434 
994 508 18 24 0.06561872 
135 379 25 28 0.050491787 
273 353 28 32 0.046605572 
170 421 24 29 0.045292452 
950 447 40 51 0.043944042 
897 450 16 20 0.042494517 
480 -38 433 513 0.042135198 
-14 87 405 441 0.0368965 
123 170 375 432 0.03664621 
601 356 29 35 0.03654227 
84 373 18 22 0.035225075 
127 286 28 34 0.034083944 
138 393 18 22 0.034064494 
171 409 22 28 0.03240606 
941 455 23 28 0.031154854 
210 392 17 21 0.030774688 
132 398 20 28 0.030462665 
304 277 32 34 0.02988509 
708 416 55 68 0.029477907 
714 409 87 108 0.029276833 
718 368 31 44 0.027763968 
875 602 23 30 0.027192216 
989 498 18 25 0.02652845 
122 302 45 58 0.025021158 
713 529 14 17 0.024523683 
866 126 83 112 0.023779886 
113 362 17 20 0.023071734 
283 392 27 33 0.022139989 
881 146 53 68 0.021471718 
785 422 97 123 0.021172382 
71 270 32 39 0.021113599 
0 577 19 38 0.020682752 
0 373 22 35 0.020086458 
