35_Basketball_playingbasketball_35_251
24
431 113 100 151 0.9979963 
168 932 23 29 0.16610059 
264 1199 24 31 0.08901761 
-26 -130 434 448 0.07622305 
274 939 18 20 0.058950033 
163 878 16 17 0.04541487 
-45 176 439 516 0.037219208 
114 878 13 15 0.03104251 
105 918 17 22 0.028541997 
127 281 25 27 0.026994742 
93 884 10 12 0.026394917 
446 597 9 10 0.026092395 
455 611 16 20 0.023822164 
363 276 30 35 0.02332342 
980 1060 11 15 0.022552729 
855 604 10 12 0.022436602 
775 1049 8 9 0.022146063 
807 1064 10 12 0.021233905 
857 19 17 20 0.021202173 
58 895 16 17 0.02098308 
27 933 16 20 0.020408362 
161 909 16 18 0.020312153 
913 0 27 28 0.020269154 
133 879 14 15 0.020060187 
