35_Basketball_playingbasketball_35_795
457
82 36 24 31 0.99797887 
220 74 25 31 0.9974956 
52 269 65 91 0.99514174 
486 497 13 19 0.9774966 
847 84 44 55 0.96276224 
559 59 40 53 0.95940626 
641 17 14 20 0.93875545 
952 28 19 25 0.93840295 
972 75 17 25 0.92677385 
135 108 23 30 0.92309266 
212 124 39 45 0.8204901 
39 14 10 12 0.7852318 
609 521 11 14 0.6479603 
912 436 23 35 0.6085901 
852 594 10 15 0.5400852 
695 544 9 11 0.49488845 
520 505 15 18 0.4856395 
195 129 13 16 0.48440695 
590 510 8 11 0.47595575 
596 29 11 15 0.4644723 
695 570 12 14 0.3643879 
382 71 8 10 0.30938762 
156 94 17 23 0.30377087 
477 115 12 18 0.27693728 
662 550 8 11 0.26031867 
10 455 23 30 0.24202861 
785 517 7 9 0.23503953 
377 71 8 10 0.22515753 
462 543 11 15 0.2147671 
439 549 11 14 0.19691567 
524 465 11 15 0.19608591 
453 180 13 17 0.19253176 
771 9 17 20 0.18977277 
1002 100 15 19 0.1860722 
725 550 8 11 0.1821831 
332 5 12 13 0.17723167 
328 55 8 12 0.16524905 
700 548 9 13 0.16164787 
743 549 8 10 0.16131957 
357 7 9 11 0.15888648 
435 521 12 14 0.14741792 
745 544 8 10 0.1447057 
608 549 10 13 0.14445964 
886 226 35 34 0.14371014 
443 568 14 17 0.14132762 
735 559 10 13 0.13104017 
689 547 10 13 0.1309999 
775 536 8 10 0.12806061 
392 8 11 12 0.12704767 
749 543 8 10 0.1259054 
376 22 7 9 0.11872583 
393 46 7 9 0.11223349 
158 430 129 147 0.111666836 
366 37 9 11 0.11134359 
305 47 8 10 0.109330036 
301 203 26 29 0.10442843 
28 28 11 13 0.10342779 
679 565 10 12 0.10310733 
310 78 7 9 0.09927889 
299 3 12 14 0.095652 
318 94 7 10 0.09435165 
333 113 9 11 0.09275744 
288 245 49 51 0.09171106 
568 542 10 11 0.09080152 
598 46 14 18 0.09045827 
596 532 10 13 0.089695744 
681 542 8 9 0.08844671 
361 38 8 10 0.08729569 
738 2 28 25 0.085967794 
790 518 8 9 0.083004646 
679 571 10 12 0.08015206 
999 116 24 42 0.080012284 
344 81 6 9 0.07982354 
297 36 8 10 0.0791294 
773 587 9 12 0.07716501 
574 543 9 12 0.07692436 
280 28 12 17 0.07633195 
625 542 9 11 0.07455988 
574 549 9 12 0.0743235 
390 134 10 13 0.074174926 
712 528 8 9 0.07368426 
680 536 8 9 0.07315551 
502 484 13 17 0.072435215 
826 60 12 15 0.071579605 
21 52 11 13 0.07088569 
575 557 8 11 0.07067832 
408 79 8 10 0.069304354 
336 71 8 9 0.06748017 
384 135 10 12 0.066959545 
353 40 7 9 0.065672435 
785 551 8 9 0.06527734 
621 503 8 10 0.06486156 
727 555 10 13 0.06352216 
367 81 6 8 0.0626323 
397 46 8 10 0.061457645 
367 33 9 10 0.06143615 
722 520 7 9 0.061380107 
625 568 9 11 0.061070357 
736 549 9 11 0.06087489 
125 313 94 92 0.059669647 
56 547 44 55 0.05956534 
665 572 10 12 0.059486367 
625 485 9 11 0.05907159 
726 543 8 12 0.058784682 
322 46 8 10 0.05766819 
601 485 9 11 0.05750263 
657 545 8 11 0.057455335 
123 335 40 41 0.057299998 
969 437 12 15 0.056941617 
742 558 8 12 0.05683798 
322 40 8 10 0.055401687 
351 63 7 9 0.054977503 
725 519 7 9 0.054829255 
480 483 11 14 0.054561634 
599 501 8 10 0.05388368 
574 567 9 11 0.053717803 
661 511 8 10 0.053577606 
333 55 8 11 0.053392507 
398 135 9 12 0.05334804 
360 127 8 9 0.05297024 
369 64 7 8 0.052018233 
626 573 8 11 0.05188872 
649 484 8 10 0.05152665 
277 43 11 15 0.05126598 
428 540 11 14 0.050949443 
1002 102 21 33 0.050444666 
702 519 7 9 0.050288446 
581 543 9 11 0.04922419 
631 555 9 12 0.048602026 
383 39 7 9 0.047725335 
454 253 386 479 0.04766777 
302 64 7 10 0.04753861 
743 565 10 12 0.047387566 
351 47 8 9 0.04705997 
408 104 9 11 0.046749283 
710 532 10 11 0.04670871 
383 77 7 8 0.046094146 
592 505 8 11 0.045301795 
322 54 8 11 0.04504077 
701 554 10 14 0.044685226 
935 133 21 34 0.044666238 
583 568 8 10 0.044644818 
889 209 35 36 0.04462886 
927 346 15 19 0.044597007 
746 1 43 45 0.044424295 
600 496 8 11 0.044071235 
1005 133 13 22 0.043924898 
719 525 9 10 0.043782618 
362 82 7 9 0.043742113 
766 548 8 10 0.04355118 
326 40 7 10 0.043213535 
768 544 7 10 0.042997956 
616 511 9 11 0.04279945 
686 558 9 12 0.0421199 
377 46 7 10 0.04177944 
337 101 8 10 0.041735265 
509 567 9 12 0.04152739 
447 596 9 11 0.041384567 
314 95 8 10 0.041255914 
726 579 13 18 0.041064322 
792 542 8 10 0.041006792 
518 486 11 13 0.041001037 
775 575 8 9 0.04090751 
319 89 7 9 0.040707048 
787 4 16 20 0.040534303 
792 535 9 11 0.03984494 
409 85 8 10 0.039409753 
629 61 12 16 0.039216273 
702 496 7 9 0.039130125 
465 546 12 15 0.039060645 
507 491 12 16 0.038970273 
119 335 185 218 0.03882849 
739 15 17 20 0.038732026 
202 122 20 28 0.03866514 
304 70 8 11 0.03848454 
697 519 8 11 0.03820511 
377 93 8 10 0.038171217 
56 62 10 13 0.03801268 
720 543 10 13 0.03794397 
698 524 9 11 0.03783491 
836 90 35 45 0.03779274 
668 35 15 17 0.03757341 
663 555 9 11 0.03745468 
759 544 9 10 0.037448596 
377 78 7 8 0.037400756 
382 31 7 10 0.037242245 
751 526 7 9 0.037230797 
807 629 11 12 0.036990713 
646 501 8 10 0.03629566 
397 156 10 13 0.0361044 
749 560 8 10 0.036081523 
209 116 25 31 0.036046468 
376 88 8 10 0.035957165 
748 567 9 11 0.03587248 
477 515 12 15 0.035847325 
818 55 23 28 0.035729606 
301 13 10 13 0.035415225 
607 471 9 10 0.03530887 
351 55 7 9 0.035280973 
686 519 8 10 0.035229333 
631 480 8 12 0.035216596 
782 526 8 11 0.035063233 
726 575 10 14 0.0350397 
742 582 9 11 0.035005596 
647 480 8 10 0.03500141 
19 332 42 55 0.034866296 
337 39 8 9 0.034760993 
687 485 8 10 0.034675036 
559 501 11 14 0.034617472 
596 22 19 24 0.034610983 
259 214 30 33 0.03459605 
305 52 8 10 0.03457925 
769 566 8 10 0.034397088 
778 529 8 11 0.03425178 
310 102 8 10 0.034003623 
285 45 11 14 0.033872027 
309 47 8 9 0.033838205 
309 72 8 11 0.033154156 
608 565 10 13 0.033122428 
696 538 8 10 0.03295227 
374 112 9 11 0.03266513 
626 114 50 54 0.032644782 
673 484 8 10 0.032449286 
343 96 7 10 0.03229564 
341 5 10 11 0.032216348 
568 572 9 12 0.032192886 
327 1 11 13 0.032153606 
371 71 6 9 0.031913277 
322 60 8 10 0.031839352 
973 440 13 16 0.031624764 
438 85 9 11 0.031621493 
618 58 24 35 0.031598154 
346 63 7 9 0.03159397 
591 526 12 14 0.03148881 
688 570 12 16 0.031465054 
434 547 11 15 0.031454448 
565 488 9 11 0.03145067 
342 40 8 9 0.031413276 
654 485 8 10 0.031387676 
703 527 8 10 0.031371202 
611 555 11 13 0.031299513 
771 536 7 9 0.031273693 
736 544 8 10 0.031268615 
41 18 13 16 0.031159654 
950 23 15 20 0.030909814 
780 533 9 12 0.030884208 
443 543 12 13 0.030881075 
549 567 13 18 0.03084974 
617 496 8 10 0.030842112 
302 39 8 9 0.030823957 
934 570 12 14 0.03070802 
344 46 7 10 0.030662624 
709 548 12 14 0.03054597 
311 15 9 11 0.030541858 
512 467 12 15 0.030539108 
557 572 9 13 0.030334448 
712 565 10 13 0.030151246 
78 280 102 106 0.030078642 
774 567 8 10 0.030061105 
621 510 9 11 0.030005971 
751 536 8 10 0.029928945 
514 2 17 16 0.0298724 
542 479 13 15 0.02984273 
381 23 7 10 0.029825332 
630 575 8 11 0.029702168 
143 330 107 108 0.029597864 
50 387 32 37 0.029524183 
352 135 8 10 0.029363532 
385 152 9 12 0.029251534 
669 566 10 12 0.0290858 
369 112 8 11 0.028931169 
400 118 8 10 0.028921567 
335 31 9 10 0.028902728 
726 526 8 9 0.028729377 
722 578 24 28 0.02852435 
339 77 7 10 0.028396212 
918 135 41 48 0.028243678 
352 31 8 9 0.028223617 
721 480 8 9 0.028016623 
712 570 11 14 0.027970782 
424 21 10 12 0.027906977 
313 87 8 10 0.027622852 
662 36 14 16 0.02752102 
327 95 8 10 0.027461622 
608 512 8 11 0.027404208 
655 471 8 9 0.027301544 
640 479 8 11 0.027235325 
727 535 7 10 0.027075844 
351 81 7 9 0.026961302 
491 565 12 15 0.026921185 
392 152 10 13 0.026833883 
942 127 21 33 0.026739364 
761 548 9 11 0.026720764 
946 99 23 30 0.026665993 
686 564 12 15 0.026597414 
575 524 12 14 0.026588194 
681 548 10 12 0.026449846 
874 47 26 30 0.026287567 
5 3 13 15 0.026199112 
351 160 11 12 0.026158057 
769 472 7 8 0.02588453 
397 40 9 11 0.02586108 
345 55 7 9 0.025851587 
687 536 7 9 0.025793903 
966 431 21 27 0.025767308 
641 501 8 10 0.02573425 
27 34 14 18 0.02544913 
334 62 8 10 0.025422376 
310 54 8 10 0.025405057 
360 55 7 9 0.025398787 
636 605 10 13 0.025334964 
177 129 39 51 0.025325706 
27 49 15 18 0.02532087 
737 479 7 10 0.025294129 
790 551 8 10 0.025268637 
793 92 43 56 0.025261581 
736 472 7 9 0.025220716 
974 449 13 16 0.025218245 
697 496 8 10 0.025217365 
647 472 9 9 0.025193254 
703 534 9 11 0.025183557 
407 121 10 11 0.025159456 
630 580 9 11 0.025138455 
429 570 11 14 0.025097726 
519 532 8 11 0.025076246 
631 471 8 10 0.02495934 
575 56 31 42 0.02495701 
951 85 25 30 0.024940103 
504 31 17 18 0.024890788 
624 536 8 11 0.024871347 
358 133 9 12 0.024782037 
632 81 51 61 0.024760919 
432 599 8 10 0.024738476 
553 532 10 12 0.02473416 
719 496 7 8 0.024702962 
384 45 7 10 0.024697747 
932 217 29 34 0.024645424 
717 572 13 17 0.024593098 
520 459 20 24 0.024564115 
711 485 7 9 0.02454396 
710 541 11 14 0.024366792 
328 71 8 11 0.02434536 
806 470 9 11 0.024345135 
613 541 10 13 0.024333304 
343 127 8 11 0.02433057 
889 165 49 52 0.024222719 
749 547 9 11 0.024202554 
476 106 22 30 0.024197424 
566 536 12 13 0.024183616 
722 513 7 9 0.024168365 
212 110 15 19 0.024154874 
851 74 30 45 0.024075402 
719 534 9 10 0.024054259 
535 532 11 12 0.024012053 
351 96 8 10 0.023956852 
321 6 8 11 0.023915198 
532 478 13 14 0.02389009 
624 471 9 10 0.023835786 
661 545 8 11 0.023799554 
545 34 73 100 0.023791114 
408 73 8 10 0.023766758 
260 78 10 13 0.023764752 
617 486 7 10 0.023738442 
407 134 11 14 0.023680905 
802 470 8 10 0.023648007 
726 513 7 8 0.023543334 
704 513 7 9 0.023478098 
22 37 21 26 0.023464436 
374 39 8 10 0.02344417 
957 76 24 30 0.023346035 
584 517 10 13 0.023293747 
341 101 8 9 0.023289114 
319 111 8 11 0.0232125 
320 32 8 10 0.023153437 
633 17 15 20 0.023123374 
681 525 10 12 0.023029389 
360 95 9 11 0.02299835 
767 606 9 12 0.02291941 
823 72 27 35 0.022829909 
913 428 18 23 0.02275693 
23 57 13 15 0.022721129 
559 541 10 12 0.022716556 
626 547 10 13 0.022570824 
292 247 30 33 0.022541547 
30 22 12 15 0.022493506 
246 77 12 17 0.02244529 
744 571 10 12 0.022425096 
996 249 14 20 0.022418588 
691 542 18 23 0.022388875 
597 525 12 15 0.022374079 
753 2 20 19 0.022231175 
317 199 32 31 0.022208873 
629 566 8 11 0.022205358 
373 141 11 14 0.022191482 
593 496 8 10 0.022115825 
408 55 9 10 0.022092953 
367 85 6 9 0.022013554 
424 536 12 16 0.021987898 
640 580 8 12 0.021980606 
686 38 13 14 0.021959784 
455 541 13 15 0.021944618 
600 518 8 11 0.021858733 
304 20 8 10 0.02183784 
669 551 8 10 0.021832975 
550 468 12 13 0.021810561 
582 524 9 12 0.021759938 
971 404 18 22 0.021759577 
328 32 8 10 0.02173197 
18 47 20 24 0.021715004 
360 32 9 10 0.021710435 
304 88 7 10 0.021694537 
606 439 9 10 0.02165497 
374 5 9 11 0.021551717 
719 577 15 19 0.021517964 
560 493 11 13 0.021514127 
494 482 14 17 0.021508006 
501 498 11 15 0.02142519 
366 56 7 9 0.021391425 
376 65 7 9 0.021240642 
433 554 11 14 0.021211274 
721 472 6 9 0.021196831 
399 94 8 10 0.021179084 
367 6 9 11 0.021157283 
391 127 9 12 0.02104858 
613 530 9 12 0.021041017 
531 506 12 16 0.021012742 
400 88 8 10 0.021010011 
717 -1 29 26 0.020986116 
570 567 9 12 0.02087456 
301 32 9 10 0.020830996 
725 603 15 17 0.02067452 
360 46 7 9 0.02064032 
548 501 13 17 0.020638142 
359 101 8 10 0.020554584 
690 45 51 55 0.020522462 
505 580 10 14 0.020522282 
376 54 7 10 0.02046579 
703 472 8 10 0.020410147 
562 44 29 38 0.020401442 
727 472 7 8 0.020401243 
727 485 7 9 0.020370804 
439 597 9 11 0.020343982 
268 225 94 97 0.020332562 
944 143 16 23 0.020309485 
437 544 19 22 0.020292396 
375 30 8 10 0.020288736 
304 94 7 10 0.020284852 
392 41 8 11 0.020208366 
759 581 9 10 0.02020704 
622 495 8 9 0.020186441 
733 573 10 12 0.02018553 
447 159 11 14 0.02014805 
680 471 7 10 0.020143174 
596 540 10 13 0.020045087 
311 7 8 11 0.020017203 
375 201 36 41 0.020017145 
988 107 26 38 0.020002887 
