35_Basketball_basketballgame_ball_35_254
44
15 143 72 95 0.9902535 
630 311 84 76 0.98139715 
457 711 64 76 0.6454517 
207 135 88 118 0.5958448 
313 259 51 77 0.5517335 
295 230 72 76 0.17085956 
353 182 86 111 0.14824927 
317 200 90 116 0.12262701 
621 124 98 139 0.12157102 
152 408 51 67 0.114246875 
257 459 108 139 0.108704366 
18 65 84 126 0.09711341 
273 170 110 134 0.056131173 
1005 360 19 37 0.055093084 
58 146 64 87 0.0536515 
233 157 105 124 0.04952371 
249 -5 101 106 0.04361641 
641 322 48 45 0.04254614 
478 738 103 124 0.03819945 
221 966 119 155 0.036093056 
44 173 43 59 0.035019603 
424 684 60 62 0.034254827 
564 115 102 154 0.03228886 
657 338 64 74 0.031782288 
363 153 68 90 0.030444812 
25 23 98 126 0.029957576 
679 467 50 55 0.029867047 
993 200 33 53 0.029694585 
159 392 77 95 0.02916138 
317 129 94 122 0.026126616 
373 166 105 98 0.026020378 
618 290 70 79 0.025120482 
466 703 43 52 0.024526853 
329 82 33 43 0.024082294 
487 705 59 76 0.023732284 
85 64 104 126 0.023327008 
156 115 95 133 0.023104036 
465 235 64 74 0.022639912 
350 170 190 219 0.021529019 
116 108 97 125 0.021226123 
53 89 101 124 0.021108594 
208 60 108 133 0.020974534 
465 739 70 82 0.020358456 
239 266 47 75 0.020024607 
