35_Basketball_Basketball_35_457
943
609 137 42 54 0.8792791 
169 401 15 18 0.54346734 
247 390 9 12 0.5428687 
184 358 9 11 0.4679316 
408 336 7 9 0.46278244 
153 296 7 9 0.44610867 
164 420 13 17 0.4157206 
940 319 12 15 0.41097784 
19 275 14 16 0.40604767 
158 367 8 11 0.39008936 
211 401 14 15 0.38836238 
377 328 7 10 0.36590847 
127 269 8 10 0.36223164 
144 334 7 8 0.34923932 
41 350 10 13 0.3461451 
80 344 8 11 0.28903595 
62 431 11 15 0.27133098 
56 420 11 14 0.2639912 
87 359 8 10 0.25379214 
289 335 8 11 0.24850237 
264 303 9 11 0.24807131 
192 367 8 11 0.2410247 
359 319 8 9 0.22978406 
167 271 7 9 0.22585213 
206 386 9 13 0.22460157 
81 255 8 10 0.22237505 
49 378 11 14 0.21648233 
127 381 10 13 0.21518336 
113 270 9 11 0.20920616 
280 288 8 9 0.20856014 
56 254 9 11 0.2005911 
109 397 9 12 0.19980633 
473 320 7 8 0.1964545 
113 334 8 10 0.19442272 
183 351 9 10 0.19373064 
69 271 8 11 0.19297935 
16 390 11 14 0.18776704 
119 406 13 16 0.18424314 
182 303 7 10 0.18292575 
58 259 9 12 0.17916407 
22 199 7 9 0.17837249 
167 389 11 12 0.17502712 
60 415 11 14 0.17385018 
71 398 14 16 0.1724175 
424 349 8 9 0.17211694 
239 312 7 10 0.17032489 
87 230 7 8 0.16978803 
5 410 14 17 0.16932143 
137 286 8 10 0.16809063 
80 308 8 9 0.16771297 
22 245 7 9 0.16727889 
207 334 7 11 0.16705999 
54 248 8 9 0.16604342 
128 369 7 10 0.16547287 
507 335 7 9 0.16327341 
31 260 8 11 0.16270652 
168 316 8 10 0.16043864 
184 364 10 12 0.15975341 
125 310 8 10 0.15734778 
465 368 7 9 0.1573225 
64 304 8 11 0.15562661 
127 374 9 10 0.15535995 
86 278 8 9 0.15459436 
521 328 7 9 0.15128757 
438 327 8 10 0.14961042 
885 361 9 11 0.14439051 
158 297 7 10 0.1426346 
48 247 8 9 0.14178067 
400 318 8 10 0.13562085 
337 310 7 9 0.13481304 
113 264 6 8 0.13427186 
0 350 6 11 0.13403286 
177 302 7 10 0.13363895 
37 191 7 10 0.13351798 
25 215 8 10 0.13319322 
290 328 7 9 0.13250677 
0 283 7 13 0.13222742 
113 357 9 13 0.13179404 
79 206 8 9 0.1294382 
244 367 8 11 0.1278779 
96 288 7 10 0.12716296 
81 231 7 9 0.12628147 
122 302 7 9 0.1254952 
449 391 7 9 0.12547615 
159 342 8 11 0.1243055 
25 221 8 10 0.12358308 
254 327 8 10 0.12189324 
320 336 7 8 0.12155144 
200 264 7 8 0.12105191 
40 223 7 8 0.120646305 
415 288 7 9 0.120182976 
359 325 8 11 0.11960687 
320 303 8 9 0.119427234 
118 357 9 11 0.11881284 
38 311 9 12 0.11865517 
875 489 34 39 0.11634529 
40 344 10 12 0.11624963 
469 368 7 10 0.1161763 
272 360 7 9 0.11534793 
318 320 8 10 0.11516223 
124 409 12 14 0.11456149 
374 309 8 10 0.11428951 
122 254 7 9 0.11416746 
64 276 9 12 0.11387743 
233 312 8 10 0.1137604 
156 402 12 17 0.1125789 
257 374 9 11 0.112423405 
470 351 7 9 0.1119353 
2 198 8 11 0.11192451 
94 382 8 10 0.11123532 
112 224 7 9 0.11093315 
254 272 7 8 0.11091046 
283 374 7 10 0.11052723 
118 270 8 10 0.10934946 
37 365 10 11 0.10833746 
1 414 9 14 0.108181044 
126 295 8 9 0.107820444 
311 295 7 9 0.10718422 
152 350 8 9 0.105295725 
347 452 13 15 0.10499887 
160 426 13 16 0.103923716 
305 286 7 9 0.10379621 
174 382 9 11 0.103458814 
193 311 7 9 0.10332755 
142 280 8 10 0.102927744 
57 224 7 8 0.10268057 
487 312 7 8 0.10224468 
488 341 7 9 0.10198737 
48 215 7 8 0.10146276 
134 382 8 11 0.10099242 
96 271 8 10 0.100575484 
73 233 7 8 0.10047123 
327 303 6 8 0.10028454 
207 365 9 10 0.10019354 
63 224 6 8 0.10012411 
210 360 7 9 0.09949257 
17 192 7 9 0.09817652 
7 240 8 10 0.09766512 
927 203 28 27 0.09755717 
213 359 7 9 0.09735838 
132 413 10 13 0.097122505 
513 360 7 9 0.09697475 
182 297 7 9 0.09579361 
208 312 7 9 0.0957425 
49 208 7 9 0.09564088 
241 278 7 10 0.095352426 
113 229 6 9 0.09506128 
201 303 7 9 0.0945281 
136 294 7 10 0.09434639 
441 302 7 9 0.0937383 
455 391 7 10 0.093680345 
433 312 6 8 0.093607925 
0 334 7 11 0.093528196 
97 308 8 10 0.09295769 
160 336 8 11 0.09249357 
263 343 7 9 0.09245618 
39 255 9 10 0.091789015 
142 286 7 10 0.09164565 
126 400 10 12 0.09123107 
474 385 7 8 0.09089697 
98 264 7 9 0.09084438 
166 408 15 18 0.09082613 
370 287 7 9 0.090610884 
486 361 8 9 0.08967846 
263 279 7 9 0.08911762 
201 381 11 14 0.08886646 
434 328 8 9 0.088728875 
32 366 8 10 0.08860801 
482 359 8 9 0.08793937 
11 356 8 11 0.087314874 
1 279 8 13 0.08638254 
23 206 7 9 0.0862218 
35 316 10 12 0.08614234 
440 359 8 9 0.08588297 
70 382 9 11 0.0857198 
118 335 7 10 0.08465279 
446 287 8 8 0.08412721 
393 352 7 8 0.084081694 
319 326 7 9 0.08397984 
31 221 7 9 0.08385622 
199 374 8 10 0.08370236 
184 412 11 14 0.083541386 
434 391 7 10 0.08262327 
449 374 8 11 0.082518466 
438 391 7 10 0.08219518 
528 350 8 10 0.08189804 
337 304 7 9 0.08155376 
191 273 6 8 0.081315845 
38 327 8 9 0.081161834 
432 383 6 9 0.080246575 
312 341 7 9 0.08022437 
246 374 8 11 0.08010874 
79 201 7 9 0.07905521 
889 545 13 16 0.078622274 
424 318 6 8 0.078448944 
527 397 7 9 0.078411736 
177 296 7 9 0.07838302 
48 241 6 8 0.07830615 
230 293 8 11 0.07814129 
328 357 8 10 0.0779824 
57 214 6 8 0.077787355 
111 274 10 13 0.07769956 
215 312 7 10 0.077587105 
224 287 7 9 0.07739074 
498 352 6 8 0.077100284 
328 285 6 9 0.077054776 
447 303 6 7 0.07701159 
29 216 7 10 0.076481745 
442 298 6 8 0.076373875 
152 269 7 9 0.0761549 
377 367 7 9 0.07566863 
416 304 7 9 0.0756498 
441 321 6 8 0.07505851 
379 350 7 10 0.07494149 
375 304 7 10 0.07488657 
478 384 7 9 0.074271075 
81 248 8 9 0.074169606 
201 317 8 11 0.073698126 
368 343 8 10 0.07338153 
413 423 8 10 0.073200494 
21 396 10 13 0.07317717 
343 303 8 10 0.07292296 
422 382 8 10 0.07266098 
128 225 7 8 0.07213962 
448 321 6 7 0.07189223 
145 295 8 11 0.07184058 
207 316 8 10 0.07178604 
490 399 7 8 0.071704075 
313 326 7 10 0.07169202 
28 278 10 13 0.07156152 
225 303 8 9 0.07151845 
30 283 10 13 0.07093332 
46 355 9 11 0.07078298 
74 207 6 9 0.070525914 
54 318 9 11 0.07023127 
217 279 7 9 0.06992836 
162 271 7 9 0.0697233 
423 312 6 9 0.069655515 
487 365 8 10 0.06957829 
87 272 7 10 0.06945827 
56 426 12 16 0.06930739 
497 328 6 8 0.06914131 
138 281 8 10 0.06889476 
313 337 6 8 0.06868461 
409 407 9 13 0.06837539 
417 310 8 9 0.068249896 
382 352 7 9 0.06797124 
247 319 7 9 0.067887105 
119 352 9 11 0.067814626 
422 375 8 10 0.06775958 
232 289 7 9 0.066894144 
239 273 7 8 0.0667329 
466 351 7 9 0.06666956 
145 301 8 9 0.0665518 
97 224 7 9 0.06653554 
88 287 9 10 0.06648316 
96 377 8 10 0.06639181 
8 223 7 10 0.066374004 
96 304 7 10 0.066354856 
328 336 6 8 0.066059135 
519 391 8 9 0.06554403 
64 209 7 8 0.06547065 
255 334 7 10 0.0652347 
112 341 8 11 0.06519872 
208 296 7 9 0.065013915 
239 406 11 15 0.06483376 
257 256 7 8 0.06476823 
310 288 7 9 0.06457157 
184 309 7 9 0.064293854 
128 248 7 9 0.06422464 
169 385 10 12 0.06381704 
503 401 7 9 0.06351809 
432 295 6 8 0.06338649 
56 209 7 9 0.06334095 
355 319 7 9 0.06324606 
506 304 7 8 0.06314091 
916 311 14 17 0.06293902 
40 333 8 10 0.06268114 
417 350 7 10 0.0626654 
152 358 9 11 0.06252654 
352 311 7 9 0.06239003 
321 279 7 10 0.062379383 
80 292 7 11 0.062193505 
318 310 8 9 0.062148046 
5 276 9 13 0.06205738 
118 364 9 12 0.061965328 
479 303 7 8 0.06193435 
16 223 7 9 0.061398894 
270 309 7 9 0.06128468 
306 342 6 8 0.06119585 
293 335 7 10 0.06110954 
278 279 7 9 0.06096029 
322 351 7 10 0.060889475 
214 391 10 13 0.06088847 
121 390 9 11 0.060765184 
121 249 8 9 0.060621444 
0 254 6 12 0.060304366 
170 302 7 8 0.06012393 
199 287 6 9 0.059952863 
954 303 9 11 0.059115533 
376 295 7 8 0.058782287 
175 337 8 9 0.05872063 
498 319 5 7 0.058037933 
512 383 8 9 0.05799898 
374 288 7 8 0.05799869 
481 353 7 8 0.057801563 
218 430 9 12 0.057744376 
136 247 6 9 0.057741966 
39 231 7 9 0.05753836 
535 382 7 9 0.057170272 
398 351 7 8 0.05714853 
314 303 7 9 0.057146605 
455 335 7 9 0.057036407 
1011 444 10 14 0.05699648 
141 357 9 11 0.05691942 
112 350 8 11 0.05686343 
199 369 8 9 0.05665286 
56 396 9 12 0.056651864 
315 311 6 8 0.056564342 
230 412 10 13 0.05640145 
111 209 6 8 0.056270417 
433 332 9 10 0.056149617 
193 317 7 9 0.056144524 
239 303 7 9 0.055977594 
18 245 7 9 0.05587735 
474 303 7 8 0.055867847 
242 396 10 14 0.055854313 
110 414 12 14 0.055774733 
125 303 8 10 0.055624347 
45 343 8 11 0.05536385 
481 336 7 9 0.055339135 
201 296 6 9 0.055264726 
177 287 7 9 0.055184517 
215 317 7 9 0.05518064 
418 382 7 10 0.05492326 
82 225 6 8 0.05480111 
102 310 8 10 0.05467642 
273 272 8 9 0.054482702 
510 305 7 8 0.05439228 
422 390 7 9 0.054378446 
218 397 11 15 0.054142807 
177 374 9 12 0.053996548 
336 440 12 15 0.053836673 
382 367 7 9 0.053821336 
136 349 10 13 0.053527813 
118 399 11 12 0.053481795 
34 295 10 11 0.05344432 
46 311 8 10 0.053396143 
247 280 7 8 0.053269397 
181 371 10 12 0.053077936 
122 297 8 10 0.052908044 
256 280 7 8 0.052768476 
522 333 7 9 0.05263167 
224 310 9 10 0.05253278 
169 256 7 9 0.052475646 
260 379 9 12 0.052448235 
142 342 10 11 0.052374963 
422 304 6 8 0.05230453 
209 420 10 13 0.052231118 
457 342 7 10 0.052220114 
96 239 6 9 0.05200828 
240 350 7 9 0.05198264 
256 352 8 10 0.051883087 
110 405 11 14 0.051858686 
221 411 13 15 0.051716607 
126 253 8 9 0.051633462 
168 337 8 10 0.051494602 
191 277 6 9 0.051363282 
64 214 7 8 0.051087175 
73 349 8 10 0.051008675 
218 403 13 15 0.05095901 
77 392 11 12 0.050924014 
65 230 6 9 0.05087309 
200 269 8 9 0.050835144 
400 313 7 9 0.050630063 
994 328 8 10 0.050031945 
79 414 10 13 0.04981393 
42 216 7 9 0.049807288 
271 295 8 9 0.04976061 
473 389 8 10 0.049529433 
177 342 7 9 0.049522232 
212 383 9 11 0.0495007 
293 327 7 9 0.04902146 
230 358 9 11 0.048912164 
95 246 7 10 0.048787892 
113 329 8 10 0.048751656 
473 325 7 9 0.04853917 
381 374 7 10 0.04837708 
72 237 7 9 0.04825592 
92 387 11 13 0.048184443 
185 278 8 10 0.048047684 
129 229 8 10 0.048040237 
142 349 10 12 0.047865607 
337 366 8 11 0.047781866 
32 311 11 13 0.04774947 
753 220 42 37 0.047302265 
487 337 7 10 0.04700051 
456 305 6 7 0.046820775 
207 265 6 9 0.04681097 
528 344 8 10 0.046680737 
377 383 7 10 0.046677746 
87 304 8 10 0.046602305 
226 294 8 10 0.046535373 
371 304 7 9 0.046511587 
497 359 7 9 0.046498183 
471 344 7 8 0.04646959 
215 272 8 10 0.046466224 
131 405 11 15 0.04636039 
249 272 8 9 0.04634355 
70 304 8 11 0.046124186 
250 327 8 10 0.046090174 
449 327 7 10 0.045908485 
391 336 7 8 0.045888733 
369 311 7 9 0.045797527 
186 272 7 9 0.045659523 
190 346 7 9 0.045645397 
536 360 8 10 0.045385458 
264 273 6 8 0.04522846 
103 262 7 9 0.04510875 
326 352 8 10 0.045092694 
88 226 6 8 0.04508921 
210 409 15 18 0.045060694 
125 357 7 10 0.04503798 
136 240 6 8 0.045034263 
384 391 7 9 0.044818416 
183 345 8 10 0.04464833 
72 326 9 12 0.044322785 
506 340 8 10 0.044169288 
200 405 9 12 0.04412287 
503 376 7 9 0.04404375 
423 368 7 9 0.04400308 
15 168 7 9 0.043969095 
279 272 7 9 0.04356682 
247 384 9 11 0.043473955 
463 313 6 7 0.043323394 
393 319 7 9 0.04326818 
168 297 7 9 0.043208253 
463 343 7 9 0.043104332 
391 305 6 9 0.042877275 
72 332 9 11 0.04271736 
214 365 8 11 0.04263982 
32 231 8 10 0.042502645 
180 404 11 15 0.042262364 
416 343 7 10 0.04219225 
257 357 7 8 0.04200618 
326 281 7 9 0.041881792 
120 264 8 10 0.041641466 
505 311 7 9 0.041569464 
406 365 9 11 0.041516982 
457 311 6 8 0.041389883 
82 359 9 12 0.041224413 
400 288 7 9 0.041172426 
439 384 7 9 0.041106824 
167 264 7 9 0.04106164 
152 288 6 9 0.04106052 
64 200 7 8 0.04099903 
62 391 10 12 0.040944897 
256 342 8 9 0.04091132 
232 344 8 9 0.0407801 
145 271 7 9 0.040692672 
430 350 7 9 0.04059556 
1 239 8 10 0.04046948 
405 320 8 9 0.040419392 
438 397 7 9 0.040399093 
225 366 8 11 0.04036422 
384 304 8 9 0.040337574 
479 319 6 9 0.040255316 
103 303 7 9 0.04016813 
160 254 7 9 0.040086444 
256 286 7 8 0.0400789 
947 324 9 12 0.04005185 
529 359 7 10 0.040007707 
517 385 8 9 0.03990522 
104 277 9 11 0.039830573 
554 350 10 12 0.03981518 
392 311 6 9 0.039799355 
126 316 10 13 0.03965531 
206 375 8 10 0.039629605 
193 305 7 9 0.039610006 
152 265 7 9 0.03956135 
541 359 8 11 0.03942836 
258 309 8 10 0.039380454 
360 314 8 10 0.03936545 
104 294 7 9 0.039224517 
71 215 7 9 0.03917621 
256 368 9 12 0.03915544 
161 313 7 8 0.039111614 
206 303 8 9 0.039040476 
234 273 7 8 0.03902107 
369 335 7 9 0.038946986 
57 311 8 10 0.03891564 
34 184 7 9 0.038900927 
510 341 7 9 0.03888356 
213 420 12 14 0.03883445 
539 470 23 27 0.038832296 
504 319 6 8 0.038616717 
111 214 7 8 0.03828204 
74 344 8 11 0.0382498 
247 351 8 10 0.038009174 
256 320 8 10 0.03800566 
24 404 10 14 0.037940625 
39 197 7 9 0.037928343 
173 428 13 15 0.03791079 
136 343 10 11 0.037903957 
274 278 7 9 0.037814766 
151 279 8 10 0.03771928 
66 184 7 9 0.037695836 
223 328 8 10 0.0376441 
139 335 7 9 0.03762591 
48 316 8 11 0.037558015 
206 327 10 12 0.037492838 
367 360 8 11 0.037297804 
359 366 7 10 0.037285034 
18 174 7 10 0.037106905 
215 327 8 11 0.037101645 
153 255 7 8 0.037075605 
321 298 8 9 0.03698527 
314 319 8 10 0.03693348 
489 327 7 9 0.03692239 
449 368 8 9 0.03692202 
102 288 8 10 0.0367998 
200 311 8 10 0.036772452 
1008 389 11 15 0.036712274 
441 352 7 9 0.036558762 
21 382 11 13 0.036254928 
158 398 19 24 0.03621388 
447 383 7 8 0.036122065 
542 305 7 9 0.036122024 
417 389 8 10 0.03602617 
120 373 9 11 0.035965577 
72 223 7 9 0.035921827 
455 373 7 10 0.03578658 
488 318 6 8 0.035734914 
160 287 7 10 0.035661764 
32 301 9 11 0.035616398 
377 358 8 10 0.035574816 
216 254 7 8 0.035565984 
281 256 6 8 0.035531744 
214 296 7 8 0.03550753 
278 359 8 10 0.03535574 
406 360 9 11 0.035320155 
57 229 8 9 0.035314746 
473 313 7 7 0.035084277 
366 445 15 17 0.03506864 
87 395 11 15 0.03503648 
80 237 8 10 0.03503118 
246 296 8 10 0.034993332 
284 289 8 9 0.034982238 
119 341 9 11 0.034946714 
358 376 7 8 0.034814727 
487 297 7 7 0.03476948 
38 301 8 10 0.034726657 
104 223 7 10 0.034705363 
133 318 9 12 0.03465649 
269 344 8 10 0.03463824 
288 270 7 9 0.03462142 
287 294 8 9 0.03455787 
85 260 8 10 0.034445446 
304 365 7 9 0.03442702 
401 305 7 9 0.0344255 
295 297 7 8 0.03442513 
473 337 7 9 0.034379624 
341 367 8 11 0.034312475 
450 334 7 9 0.034246616 
167 276 8 10 0.034233607 
262 368 10 12 0.0340948 
74 202 7 8 0.034027446 
174 241 7 8 0.033918805 
305 337 7 9 0.033865668 
248 256 7 8 0.03385745 
60 256 8 11 0.033845253 
287 393 8 10 0.0338152 
86 248 7 9 0.033663247 
189 349 9 11 0.033658814 
306 327 7 10 0.033637445 
487 302 6 7 0.033627976 
25 255 8 10 0.033554107 
17 291 10 13 0.03353589 
93 326 8 10 0.033518236 
456 369 7 9 0.033480678 
327 380 9 11 0.033477113 
926 396 9 10 0.033368617 
134 418 10 14 0.033356335 
232 350 7 8 0.033238787 
0 355 6 11 0.0331738 
126 341 9 11 0.033046804 
105 214 7 9 0.0329397 
62 396 12 15 0.032918394 
464 372 7 9 0.032912996 
297 279 9 11 0.03284777 
1008 335 8 10 0.032761462 
31 238 8 10 0.032708883 
521 398 8 10 0.03266787 
413 335 7 10 0.032664124 
7 397 11 13 0.032476254 
22 333 8 10 0.032475077 
87 389 10 12 0.03244588 
240 316 8 10 0.03240096 
135 254 8 9 0.03228093 
218 286 7 9 0.032277435 
356 422 10 12 0.032276507 
17 240 7 10 0.03227228 
18 205 8 10 0.032191113 
125 387 11 13 0.03215876 
112 318 7 10 0.032147124 
42 248 8 10 0.03211151 
153 345 9 11 0.032042075 
208 271 7 9 0.032022808 
381 327 8 10 0.03199174 
87 351 8 10 0.031930603 
84 414 10 13 0.03190672 
391 326 8 9 0.031778667 
496 400 7 9 0.031719822 
38 184 7 9 0.0316922 
88 238 7 9 0.031605452 
443 287 7 8 0.031537283 
269 365 9 11 0.03139595 
178 349 9 11 0.031354483 
170 239 7 8 0.03132585 
543 342 7 10 0.031293165 
536 397 7 11 0.031230785 
495 312 7 8 0.031222384 
368 264 7 8 0.031205196 
266 298 7 9 0.031203711 
440 344 7 9 0.031129269 
513 400 7 9 0.031105379 
383 296 7 8 0.03105173 
136 326 8 10 0.031006187 
558 352 10 15 0.030982021 
229 387 10 13 0.030904138 
56 284 8 11 0.030825714 
16 262 9 11 0.03077282 
336 287 6 9 0.030766137 
412 412 9 12 0.0307139 
424 336 7 9 0.030705933 
329 364 8 12 0.030690663 
883 542 25 29 0.030665522 
33 360 9 11 0.030665206 
409 304 7 9 0.030660508 
536 336 7 9 0.030427897 
414 443 10 12 0.030403573 
520 313 6 8 0.03037416 
438 332 8 11 0.03028874 
240 295 8 10 0.030258019 
337 372 9 12 0.030204406 
465 287 7 8 0.030188294 
24 261 9 12 0.030156475 
359 332 8 10 0.030137014 
185 254 8 10 0.030061217 
337 281 7 8 0.029989893 
495 383 7 9 0.029971987 
47 223 7 9 0.029848916 
17 283 11 14 0.029827729 
263 350 7 10 0.029815242 
777 216 33 42 0.029799428 
466 359 8 9 0.029753637 
263 286 7 8 0.029742952 
520 318 7 9 0.029705916 
6 203 9 11 0.029701447 
454 328 7 9 0.029655606 
191 254 6 9 0.02964286 
384 311 8 9 0.029622478 
488 376 7 8 0.029603602 
410 288 8 9 0.02957945 
102 382 8 10 0.02953892 
24 174 7 9 0.029532045 
90 214 7 9 0.029461896 
463 398 7 9 0.029436994 
225 372 8 10 0.02937185 
214 373 9 11 0.02931637 
382 358 8 10 0.029310398 
513 328 6 8 0.029227944 
376 345 7 9 0.029113242 
122 382 9 13 0.029026836 
870 421 9 11 0.028998481 
69 410 13 15 0.028955532 
215 303 8 9 0.028946243 
152 400 12 15 0.028931055 
31 175 6 8 0.02891371 
49 184 7 8 0.028912462 
528 366 7 9 0.028843265 
327 296 6 9 0.028775308 
41 396 11 13 0.028770313 
16 228 8 10 0.028742384 
512 353 7 8 0.028728414 
447 359 7 9 0.028724154 
329 310 7 9 0.028692039 
342 309 8 10 0.0286856 
56 280 8 10 0.02868523 
134 263 7 10 0.028684894 
104 390 10 12 0.028652139 
247 285 8 9 0.028638678 
391 356 7 10 0.028622253 
37 278 8 11 0.028574541 
349 304 7 10 0.028489342 
240 285 8 10 0.028484592 
513 320 6 8 0.028461695 
103 200 7 8 0.028436428 
91 396 12 15 0.02838198 
84 343 8 11 0.028356204 
439 312 7 8 0.028348342 
25 169 7 9 0.028338453 
392 344 7 9 0.028331785 
463 392 8 10 0.028291006 
136 302 7 9 0.028224682 
502 352 8 9 0.028211977 
415 293 7 9 0.028157072 
81 272 9 10 0.028149476 
128 323 10 11 0.02814831 
112 257 8 9 0.028128954 
935 540 35 34 0.028079715 
135 310 8 10 0.027989496 
497 377 7 8 0.027894938 
222 391 10 12 0.027725153 
519 360 7 10 0.027724748 
471 372 7 9 0.02759339 
225 358 8 10 0.027553655 
157 360 9 11 0.027472116 
487 352 7 8 0.027427614 
0 310 9 12 0.027424982 
376 320 8 10 0.027414603 
401 344 6 9 0.027362106 
341 372 9 11 0.027348038 
150 290 17 23 0.027268982 
306 294 7 9 0.02717339 
164 387 21 27 0.027154027 
48 200 7 9 0.027138043 
105 208 8 9 0.02706634 
101 376 7 10 0.026936527 
456 319 6 8 0.02689439 
125 432 14 16 0.02687304 
1016 310 8 13 0.02675979 
271 350 7 10 0.026759455 
65 238 7 9 0.026749909 
153 231 7 8 0.026737235 
418 375 8 10 0.026644181 
1008 342 8 11 0.026641617 
0 341 7 14 0.026636725 
40 238 8 9 0.026618348 
159 248 7 9 0.02654991 
15 310 9 11 0.026543882 
1007 382 10 15 0.026487665 
251 389 11 13 0.026412297 
223 272 6 9 0.026391258 
469 358 8 9 0.026384892 
370 294 7 9 0.026360285 
239 261 6 9 0.026328595 
264 358 7 8 0.026322102 
343 263 7 9 0.026296355 
162 316 7 10 0.026273752 
234 279 8 9 0.026269348 
478 391 7 9 0.026252331 
31 208 7 9 0.026216976 
418 317 7 10 0.026209796 
210 277 7 9 0.0261963 
154 238 7 9 0.026140185 
368 365 7 10 0.025895527 
150 318 8 10 0.025860395 
431 346 7 8 0.025842171 
511 310 7 9 0.025821948 
384 344 7 9 0.02572722 
117 429 16 18 0.02568296 
64 190 8 9 0.025666371 
455 271 8 9 0.025624042 
644 70 49 59 0.025623925 
247 313 7 8 0.025599329 
95 174 8 10 0.025585987 
230 420 11 15 0.025570933 
126 337 8 9 0.025553338 
188 418 11 14 0.02554956 
465 318 6 9 0.02552071 
144 264 8 9 0.025518358 
33 196 8 10 0.025451954 
285 368 9 11 0.025355715 
447 296 6 8 0.025346598 
194 287 7 9 0.02527421 
385 319 7 10 0.025249287 
39 261 8 10 0.025247792 
47 334 8 10 0.025233632 
249 342 8 9 0.025228212 
481 311 6 8 0.025161501 
345 270 7 9 0.025156554 
360 360 9 11 0.025101244 
7 192 7 9 0.024918046 
426 297 7 8 0.024861343 
88 292 9 11 0.024803028 
353 278 7 9 0.024672294 
353 375 8 9 0.024607891 
495 390 7 9 0.024599677 
142 241 7 8 0.024563683 
345 287 7 9 0.024539616 
247 249 7 7 0.0245044 
921 391 10 12 0.024461623 
360 343 8 9 0.024449788 
494 344 7 8 0.024429744 
489 393 7 9 0.024403205 
215 264 7 9 0.02440216 
96 208 7 8 0.024345974 
334 335 7 9 0.024311628 
47 327 8 11 0.024264894 
0 245 8 11 0.024252001 
402 360 8 10 0.024244227 
528 374 8 9 0.024220072 
7 254 8 11 0.024219327 
203 383 19 24 0.024138378 
40 207 7 9 0.02412467 
429 423 9 11 0.024093749 
262 256 7 8 0.024058564 
296 302 8 9 0.02405099 
888 420 10 12 0.024039395 
39 371 14 16 0.02403864 
392 384 6 9 0.024025887 
526 334 7 9 0.023981152 
96 230 6 8 0.023974651 
42 269 8 11 0.0239448 
96 276 8 11 0.023904417 
201 325 10 13 0.023894291 
239 360 9 12 0.023883872 
16 217 7 9 0.023868151 
153 248 7 9 0.023865735 
320 271 7 9 0.023844471 
94 335 9 11 0.02380293 
351 287 7 9 0.023760246 
881 468 11 14 0.023748362 
88 207 7 9 0.023720013 
353 335 7 9 0.023719156 
889 491 18 21 0.023708427 
383 272 6 8 0.023690121 
943 364 9 12 0.023671793 
345 296 7 8 0.023618497 
432 272 7 8 0.023613183 
240 382 9 10 0.023519313 
503 328 7 8 0.02350554 
71 357 9 12 0.023500286 
339 256 7 8 0.023464171 
287 264 7 9 0.023411177 
48 252 8 10 0.023376435 
128 289 9 10 0.023362719 
334 360 8 10 0.023362279 
405 328 19 25 0.023359383 
71 309 8 9 0.023255417 
345 335 7 9 0.02317727 
62 404 14 15 0.023162104 
354 366 7 10 0.023149518 
72 286 10 12 0.02304182 
95 255 8 11 0.023022735 
96 215 7 9 0.023009108 
400 324 7 9 0.02289401 
153 370 10 12 0.022888655 
182 287 8 9 0.022873752 
10 216 7 9 0.022787984 
56 404 9 12 0.022712698 
682 344 241 258 0.022631891 
432 289 6 8 0.022619374 
424 407 8 10 0.022618718 
23 328 7 10 0.022601828 
531 384 7 9 0.022596467 
706 126 41 52 0.02247736 
71 185 7 8 0.022376243 
996 437 12 16 0.02236287 
525 327 7 9 0.022343947 
134 375 8 10 0.022332383 
440 365 8 9 0.022300187 
111 296 8 9 0.0222993 
167 287 7 10 0.02224442 
456 350 7 9 0.02222129 
328 328 7 9 0.022220356 
104 316 8 11 0.022216683 
335 329 7 9 0.022169854 
365 318 7 10 0.022164993 
93 424 14 18 0.02206081 
130 240 6 8 0.02204269 
949 334 10 13 0.022007495 
70 390 12 14 0.02200529 
505 383 8 9 0.021984065 
142 382 8 11 0.02197183 
392 287 7 9 0.021959087 
481 296 7 8 0.021955768 
295 373 9 12 0.021942262 
322 285 7 9 0.02193836 
536 376 7 10 0.021818485 
408 278 7 8 0.021785378 
135 225 6 8 0.021757845 
112 302 8 9 0.021750936 
46 368 11 12 0.02170811 
337 315 7 10 0.021706138 
496 288 7 8 0.021691358 
314 280 7 9 0.02166938 
535 342 7 10 0.021598145 
110 392 9 11 0.02159057 
79 214 7 9 0.021446956 
22 194 8 8 0.021424418 
183 262 8 9 0.021388032 
43 371 18 22 0.021381056 
150 326 8 11 0.02137788 
320 341 8 10 0.021351704 
301 280 8 10 0.021351624 
495 334 7 10 0.021343514 
243 391 9 12 0.021333825 
279 352 8 9 0.021325424 
153 361 19 23 0.021321682 
535 319 7 9 0.021317475 
287 421 9 11 0.021304665 
937 365 10 12 0.021249391 
55 242 8 8 0.021247402 
181 352 19 24 0.021234209 
56 411 19 23 0.021218743 
106 403 10 13 0.021164265 
81 191 6 7 0.021152357 
173 319 8 10 0.02112171 
674 460 17 20 0.021069229 
222 280 7 9 0.021016775 
8 390 11 14 0.021010857 
78 317 10 12 0.020955753 
408 272 7 8 0.020929407 
464 384 8 9 0.020886406 
23 410 10 15 0.020838097 
72 319 8 10 0.020822778 
16 183 8 10 0.020812398 
304 303 7 10 0.020803109 
6 309 9 11 0.020797906 
1003 439 21 27 0.020664943 
153 223 7 8 0.020641102 
225 334 8 10 0.020593088 
298 285 9 10 0.020588873 
261 389 10 11 0.020578666 
2 194 8 10 0.020536253 
430 376 8 10 0.020516245 
991 368 9 12 0.020463409 
407 327 7 9 0.02044671 
2 223 7 10 0.020442078 
72 263 8 10 0.020373844 
997 327 8 11 0.020267878 
360 273 8 9 0.020213144 
47 231 7 9 0.020150194 
416 327 7 9 0.02014517 
503 360 7 9 0.0201253 
409 351 8 10 0.020119531 
544 349 8 11 0.020115582 
160 327 8 10 0.020076564 
38 414 11 14 0.020053593 
375 279 6 9 0.020050805 
1004 383 21 29 0.020013852 
