35_Basketball_Basketball_35_361
78
164 249 26 36 0.9992661 
698 116 26 33 0.99906546 
651 252 27 34 0.99864346 
908 129 33 42 0.9985506 
71 163 27 33 0.99847 
870 236 30 36 0.99835265 
596 121 25 31 0.9982987 
517 243 26 33 0.9979315 
405 247 24 32 0.99662566 
162 129 25 30 0.9961249 
478 117 24 33 0.99353045 
775 240 29 35 0.9932893 
301 251 23 32 0.99324894 
364 129 26 35 0.99300426 
263 126 25 31 0.98749834 
826 115 24 29 0.94930243 
759 245 31 36 0.2237142 
168 226 13 16 0.22087619 
2 210 11 17 0.14880067 
870 365 13 15 0.11662723 
274 244 15 20 0.10943618 
386 446 11 13 0.08377762 
189 249 14 20 0.070306905 
382 221 12 14 0.06700209 
454 444 14 16 0.058841933 
386 196 17 20 0.058369763 
99 165 17 21 0.05669767 
565 461 12 15 0.054245904 
311 252 25 34 0.046019714 
183 385 15 19 0.045893222 
649 384 10 11 0.04577695 
487 468 14 18 0.043569215 
501 444 11 13 0.04349711 
822 235 14 17 0.042678904 
583 440 10 11 0.04260099 
748 413 11 11 0.041846234 
382 243 17 21 0.041112702 
766 427 14 17 0.04076791 
619 446 11 13 0.0375992 
275 220 13 17 0.035382643 
533 248 24 33 0.03531614 
386 121 12 17 0.034851667 
162 157 22 26 0.034701116 
964 297 15 19 0.034478955 
266 199 26 34 0.033306412 
719 396 12 15 0.032342587 
263 161 15 18 0.03123635 
527 187 27 32 0.030116713 
662 180 12 17 0.029222062 
26 208 16 20 0.02856746 
411 160 13 17 0.02855415 
163 168 18 21 0.028498517 
0 133 10 15 0.028422143 
831 388 10 13 0.027670199 
747 423 13 15 0.027431518 
729 421 12 15 0.027375093 
89 163 20 26 0.02720236 
172 243 26 34 0.027169151 
591 431 8 9 0.026927797 
45 170 15 18 0.02477278 
597 147 24 27 0.024200285 
268 230 23 32 0.024172258 
373 121 22 28 0.023610318 
744 407 10 12 0.023191608 
765 435 15 18 0.023096504 
317 226 16 20 0.022402247 
757 409 11 14 0.022336967 
896 124 28 39 0.022235278 
372 219 23 29 0.022151442 
840 406 9 12 0.021738255 
830 423 11 14 0.021725057 
261 238 23 29 0.021650564 
23 196 13 17 0.021635989 
363 196 17 20 0.021548305 
532 443 12 14 0.021532807 
372 245 15 18 0.020837437 
486 210 13 17 0.020697018 
266 214 25 35 0.020483263 
