35_Basketball_Basketball_35_209
829
502 136 34 45 0.99360996 
419 106 33 44 0.9922305 
899 184 17 21 0.96887726 
614 234 10 12 0.5543869 
16 236 14 17 0.53743345 
89 207 8 11 0.53059775 
978 222 15 17 0.46910465 
175 194 14 18 0.4082057 
69 263 8 11 0.34374967 
48 239 11 13 0.3428624 
750 203 7 10 0.33109823 
151 231 8 10 0.3232987 
79 230 7 10 0.30954397 
52 293 9 12 0.3054556 
33 263 9 11 0.2918306 
990 157 10 12 0.25691825 
662 239 8 10 0.24904457 
126 78 8 11 0.24899484 
17 232 10 12 0.24849136 
48 48 8 10 0.24293165 
975 167 8 11 0.23727506 
134 229 8 10 0.22926933 
70 292 9 11 0.22625503 
1005 166 9 11 0.22506805 
47 192 10 12 0.22267754 
959 265 12 16 0.22004291 
36 269 10 14 0.2122607 
877 183 10 12 0.2083376 
86 265 8 10 0.20654115 
713 265 8 10 0.20447746 
30 196 9 12 0.19394055 
87 293 10 12 0.19324012 
89 212 9 12 0.18915443 
64 267 10 12 0.18842602 
70 323 9 12 0.18249416 
879 188 10 12 0.17940283 
274 199 8 10 0.16976173 
16 206 10 13 0.16466908 
77 225 8 10 0.16416848 
145 254 7 9 0.15632991 
1001 288 11 17 0.15491258 
33 229 8 11 0.15442114 
912 160 9 11 0.15293805 
53 243 9 11 0.1522056 
884 189 10 13 0.1485976 
638 208 7 9 0.14527784 
641 144 9 12 0.14514619 
13 260 9 12 0.14491671 
24 190 8 11 0.14396234 
664 263 7 9 0.14279406 
634 232 7 10 0.14256822 
22 182 8 10 0.13813837 
1013 229 10 16 0.13775977 
929 195 10 13 0.1371551 
966 242 10 14 0.13541247 
695 230 7 10 0.13529769 
989 190 11 13 0.13282715 
63 207 8 10 0.13219336 
666 231 7 10 0.13025802 
950 189 9 12 0.13000539 
335 86 7 9 0.12819791 
56 215 8 10 0.12606207 
55 318 9 12 0.12590827 
982 140 8 11 0.12012948 
153 224 8 11 0.118166044 
942 173 9 12 0.11796253 
25 54 8 9 0.11759034 
925 175 9 12 0.11700584 
165 215 11 13 0.11646581 
392 95 42 62 0.115649685 
949 181 9 12 0.11540618 
178 229 8 12 0.11399475 
10 205 9 13 0.11243281 
977 114 7 9 0.112284616 
254 200 8 10 0.11167142 
945 158 8 10 0.11123584 
7 230 9 12 0.11037784 
119 271 7 10 0.10885543 
32 207 9 11 0.108600155 
127 200 9 10 0.10831017 
941 167 9 11 0.10471613 
838 229 14 17 0.10381688 
967 160 8 10 0.102676354 
49 216 8 10 0.1014199 
382 64 8 11 0.101268284 
967 219 9 13 0.1011172 
962 220 9 12 0.100933865 
161 216 10 12 0.100773275 
70 187 10 12 0.099290095 
838 119 7 10 0.099130586 
934 197 9 12 0.09886338 
337 207 9 10 0.09639947 
727 255 8 10 0.09612769 
634 207 7 9 0.095853604 
151 318 9 11 0.095604084 
637 237 8 11 0.09494955 
648 201 7 8 0.09437471 
886 160 7 10 0.09408599 
15 200 9 11 0.09293684 
929 157 7 10 0.09189218 
111 290 8 9 0.09115498 
997 218 10 13 0.09077609 
998 158 9 12 0.09059365 
959 112 8 10 0.089641675 
952 205 8 12 0.089452505 
879 176 9 11 0.08937014 
895 144 8 9 0.08929757 
896 168 7 9 0.08898457 
746 206 8 10 0.08868381 
887 136 7 9 0.08696942 
932 193 10 12 0.08665138 
766 124 9 10 0.086187914 
917 165 9 11 0.08608963 
970 150 7 9 0.08489867 
353 250 8 9 0.08483532 
0 220 8 11 0.08415164 
37 223 9 10 0.08387191 
273 55 7 10 0.08375065 
880 160 8 10 0.08371904 
64 198 9 11 0.0836589 
270 223 8 11 0.083451256 
627 262 8 10 0.083225 
920 174 10 13 0.08301473 
887 166 7 10 0.08293956 
674 247 8 10 0.081461295 
335 249 8 10 0.08080804 
965 134 8 10 0.080677725 
988 220 13 14 0.08048887 
969 164 9 11 0.07979759 
666 208 6 8 0.079696886 
974 150 8 10 0.07956404 
921 135 8 10 0.079468474 
320 247 7 9 0.07926339 
213 187 17 20 0.078269154 
174 188 24 30 0.07792398 
978 142 8 11 0.07731968 
862 165 8 10 0.07723699 
942 203 10 12 0.07711322 
29 54 8 10 0.07525495 
637 231 8 10 0.07464482 
32 235 9 12 0.07418385 
94 85 12 16 0.0740097 
105 213 8 10 0.07396377 
295 55 8 10 0.07366561 
919 152 8 9 0.0734677 
58 64 8 10 0.07268123 
33 223 9 11 0.072542675 
989 173 11 12 0.072359815 
510 109 10 12 0.07222677 
951 144 7 9 0.0718491 
896 149 8 9 0.071453355 
840 198 11 13 0.071256526 
47 52 9 12 0.07100988 
106 209 8 10 0.07033798 
215 65 7 9 0.070184484 
647 230 8 10 0.07016566 
271 191 8 10 0.069721885 
938 172 9 13 0.06966744 
169 257 8 10 0.069573805 
633 224 7 10 0.069497414 
265 230 9 10 0.06886833 
136 68 8 11 0.06829397 
133 264 8 9 0.068061806 
146 192 8 10 0.06771846 
655 223 7 10 0.06759022 
951 177 9 11 0.06725411 
127 291 10 12 0.066863984 
665 214 7 9 0.066851415 
473 170 16 19 0.06680376 
729 248 7 8 0.06678908 
958 118 8 9 0.066094674 
831 259 13 17 0.06608123 
273 40 7 9 0.06575387 
189 220 23 31 0.06529774 
665 223 7 9 0.06511174 
276 263 9 10 0.065015264 
65 191 8 11 0.06485658 
149 197 9 10 0.06482195 
925 137 8 9 0.06478091 
290 265 7 10 0.064370856 
23 177 7 10 0.06397488 
369 255 8 9 0.06366725 
89 48 8 10 0.06348007 
81 206 8 10 0.06327261 
689 239 7 9 0.06300126 
873 144 7 9 0.06292693 
630 253 10 13 0.06290102 
822 158 7 11 0.062717706 
382 118 31 47 0.06270424 
648 205 7 9 0.06242195 
917 159 8 11 0.06223654 
21 212 9 11 0.06208438 
991 163 9 12 0.061548058 
173 208 11 15 0.061475717 
985 152 8 10 0.06143709 
41 191 8 11 0.061239652 
928 119 7 8 0.060743958 
5 222 9 11 0.060633287 
694 288 8 10 0.06056813 
282 103 8 10 0.060341626 
295 262 8 10 0.060333185 
943 136 7 8 0.06016218 
902 177 10 12 0.059950758 
1 183 8 12 0.059745967 
64 183 10 11 0.05973363 
671 231 7 9 0.059271798 
120 223 8 10 0.059140194 
961 133 8 11 0.059140116 
881 166 8 10 0.058994066 
266 225 8 10 0.058983188 
206 45 8 9 0.058355507 
699 254 7 10 0.05834529 
929 203 11 14 0.058152396 
119 276 8 10 0.05792393 
874 158 7 10 0.057344835 
712 238 7 9 0.057328563 
946 152 8 10 0.05732362 
861 191 8 10 0.05726292 
135 200 9 11 0.05720175 
1006 126 8 9 0.057002023 
879 144 7 9 0.05696549 
144 198 10 11 0.05682637 
681 215 7 8 0.056587808 
310 200 7 8 0.05658629 
8 199 10 12 0.056571413 
134 271 7 9 0.0564168 
946 179 9 12 0.05616717 
127 255 8 10 0.056066226 
7 255 9 13 0.05589158 
384 88 7 9 0.055814873 
129 271 7 10 0.055205304 
55 313 10 12 0.055205256 
81 293 8 11 0.055205077 
52 191 9 12 0.055138465 
38 238 9 11 0.05480632 
17 191 9 10 0.054762904 
5 48 7 9 0.054719806 
770 143 7 9 0.054716654 
295 254 8 11 0.054621138 
639 213 7 9 0.054593813 
872 176 9 11 0.05458982 
175 238 8 10 0.054558482 
223 54 8 10 0.05374242 
656 247 8 9 0.05356233 
151 263 7 9 0.05317684 
950 150 9 11 0.05316709 
296 103 6 9 0.053149424 
168 271 7 9 0.05311632 
273 203 9 12 0.05290481 
582 257 10 13 0.052637834 
968 143 8 10 0.052412998 
885 183 10 13 0.052289583 
734 247 7 9 0.052276764 
950 213 9 12 0.05184666 
288 216 8 10 0.05161149 
978 136 7 10 0.051564846 
721 232 7 10 0.051539727 
37 208 8 10 0.05122413 
162 295 7 9 0.051163234 
640 263 8 10 0.051026184 
614 242 12 15 0.050507538 
873 150 8 11 0.050332453 
711 248 7 8 0.05019796 
319 73 7 9 0.049790703 
985 166 8 11 0.049709395 
506 110 9 11 0.049521066 
69 206 10 11 0.04951698 
696 248 8 10 0.049405556 
64 318 11 14 0.049261067 
696 224 7 10 0.049137942 
369 248 9 10 0.04860476 
120 206 8 11 0.048403252 
983 172 10 12 0.047911488 
678 231 7 9 0.047771048 
608 262 10 13 0.047687728 
0 260 8 13 0.04753238 
146 79 7 9 0.047529638 
61 212 9 11 0.04733963 
192 57 8 9 0.047263604 
860 181 9 12 0.04713509 
953 112 8 9 0.04690267 
687 209 6 8 0.046721473 
938 135 7 9 0.0466758 
696 293 8 11 0.046606924 
3 187 12 13 0.046545647 
735 207 7 10 0.046506997 
886 174 9 11 0.04636199 
379 65 7 9 0.046229765 
957 174 9 10 0.046036016 
240 40 9 10 0.046029832 
174 272 7 9 0.046016484 
957 206 9 12 0.045809068 
319 94 6 8 0.045792043 
63 229 8 10 0.04569619 
717 265 8 9 0.045520995 
888 142 8 10 0.045511626 
726 232 9 10 0.04550799 
105 288 8 11 0.04542483 
42 56 8 10 0.04503825 
1014 215 8 13 0.044923797 
693 311 8 11 0.044887546 
698 200 7 8 0.04442305 
143 248 8 10 0.044356428 
200 69 8 10 0.044356193 
646 261 10 12 0.044179413 
214 40 8 9 0.04414745 
330 63 7 10 0.043981686 
728 207 8 10 0.043938335 
624 255 9 11 0.043744404 
649 248 7 9 0.04355811 
18 183 8 10 0.043499887 
87 308 9 11 0.04344939 
744 270 9 11 0.043242827 
168 261 8 10 0.043208323 
152 46 9 11 0.043043576 
374 47 7 9 0.04303012 
679 224 7 8 0.042993654 
761 121 8 9 0.042983573 
874 187 10 12 0.04297416 
0 323 10 15 0.042855922 
151 269 7 9 0.04278541 
702 272 8 9 0.04267889 
63 309 9 12 0.042661246 
169 204 11 15 0.042628687 
682 209 7 8 0.042611137 
361 265 7 9 0.04260577 
613 252 11 13 0.042355683 
1005 170 11 14 0.042320877 
341 211 9 10 0.04226101 
94 49 7 10 0.042235024 
121 294 8 9 0.04221374 
146 295 8 10 0.042128697 
800 143 9 11 0.042064708 
152 215 9 12 0.04198638 
665 270 8 10 0.04193329 
104 50 9 11 0.041886047 
657 128 7 10 0.041728474 
967 111 8 9 0.04172346 
1013 167 10 13 0.041709263 
186 194 14 17 0.04155588 
112 269 8 10 0.04155191 
241 64 8 9 0.04150104 
590 215 8 11 0.041443553 
223 49 8 9 0.04141801 
296 79 7 10 0.041404255 
592 273 9 12 0.041286275 
154 64 8 10 0.041278116 
149 256 7 9 0.04118309 
461 111 8 10 0.041170683 
733 255 7 10 0.041129753 
1001 120 8 9 0.04105504 
895 173 10 12 0.04095768 
130 230 9 10 0.0409457 
1012 222 10 14 0.040836975 
141 204 10 12 0.04080696 
80 247 11 13 0.04054228 
80 262 8 11 0.04014615 
37 255 10 12 0.040021792 
981 113 8 9 0.039906774 
105 264 8 10 0.039898295 
727 271 8 10 0.0398175 
807 179 9 12 0.039789766 
92 214 10 11 0.03967087 
934 120 9 10 0.039607268 
176 186 11 15 0.039388787 
78 189 9 12 0.039328042 
198 63 8 9 0.039282825 
592 219 8 11 0.039229304 
189 80 7 10 0.03920514 
672 238 8 10 0.039194796 
67 302 9 12 0.039152663 
121 200 8 10 0.03914422 
664 256 7 10 0.03883629 
290 55 7 10 0.038757708 
329 248 7 10 0.038707778 
937 127 8 9 0.03866069 
8 212 9 13 0.038418036 
950 197 11 14 0.03836898 
1001 171 9 12 0.03833865 
862 161 8 9 0.038273152 
647 238 7 9 0.03820907 
671 271 8 11 0.038183104 
351 104 7 9 0.038131427 
122 255 7 9 0.038120147 
361 84 8 11 0.03809314 
45 8 10 11 0.03808994 
128 224 7 10 0.03798465 
959 142 8 9 0.037923127 
1 230 9 13 0.037888344 
609 230 10 12 0.037857153 
376 70 7 9 0.037788346 
87 238 7 9 0.037732765 
62 175 9 10 0.03769814 
38 214 7 9 0.03762707 
96 64 8 10 0.037498094 
295 312 12 14 0.03745776 
649 224 8 11 0.037454605 
88 231 7 10 0.03741291 
331 86 7 9 0.037267108 
927 140 8 10 0.03709047 
57 69 8 11 0.037055198 
24 196 9 12 0.037023425 
32 274 11 13 0.036956478 
790 72 8 9 0.036800552 
280 86 8 9 0.036696773 
720 216 8 9 0.03662203 
961 128 8 10 0.036575817 
974 159 8 10 0.036536597 
1013 275 10 17 0.03636231 
194 61 7 9 0.03633602 
599 223 8 11 0.036292415 
761 138 7 9 0.036283806 
922 121 7 8 0.036254577 
871 166 8 10 0.03624197 
856 166 8 10 0.036188558 
607 224 8 9 0.03610901 
973 196 9 12 0.03610361 
991 135 8 11 0.035893284 
280 97 7 9 0.03588709 
279 79 8 11 0.035852242 
147 231 7 10 0.03555988 
672 200 7 9 0.035514105 
673 252 8 11 0.035480626 
726 261 8 9 0.035440225 
303 80 7 10 0.035413686 
918 194 11 15 0.03533742 
224 31 8 9 0.03532194 
656 133 9 11 0.035285987 
632 246 10 12 0.035225164 
472 125 10 12 0.0351496 
464 174 21 25 0.035142455 
129 239 8 9 0.035016507 
1007 215 9 12 0.03497071 
749 251 9 13 0.034889843 
319 47 7 9 0.034848634 
168 47 8 9 0.03481938 
745 265 9 11 0.03476139 
804 104 9 12 0.034695048 
983 95 8 11 0.034676973 
80 235 8 10 0.03463065 
173 256 8 10 0.03445714 
662 245 9 11 0.034454945 
671 223 7 9 0.034424387 
89 220 8 11 0.034420267 
71 240 9 10 0.034386653 
151 31 8 9 0.03437241 
179 206 24 31 0.034325942 
1002 126 9 10 0.03427169 
934 152 7 10 0.034237765 
0 236 8 12 0.034077425 
367 54 7 10 0.034029365 
945 141 7 9 0.034023847 
704 215 7 8 0.033933274 
88 301 9 12 0.033887975 
160 279 7 9 0.033809952 
999 135 8 11 0.033758916 
94 231 7 10 0.03373931 
334 64 7 10 0.033711277 
269 185 9 11 0.033681914 
619 236 9 11 0.0336416 
129 248 7 9 0.03363247 
841 175 7 11 0.03358531 
1001 205 11 13 0.03357809 
160 257 7 9 0.033419073 
472 120 8 11 0.033361603 
903 151 7 9 0.033359524 
107 268 8 10 0.033308115 
46 252 11 12 0.033290815 
373 247 9 10 0.033238728 
902 167 8 10 0.033142958 
358 248 8 9 0.033104457 
835 120 7 10 0.033096414 
297 199 8 9 0.033054095 
176 219 21 30 0.032903727 
97 120 8 12 0.03286726 
170 199 21 27 0.032724135 
359 198 9 11 0.03270658 
78 317 10 13 0.032673374 
63 223 9 11 0.03267208 
141 213 10 11 0.032620728 
81 312 8 11 0.0325581 
86 246 10 12 0.032464854 
647 255 9 11 0.032445207 
48 297 11 14 0.032409307 
849 135 8 10 0.03240393 
304 86 7 8 0.032377914 
96 278 7 10 0.03233123 
272 47 7 10 0.03231845 
670 207 7 9 0.0323023 
104 220 8 11 0.032245383 
612 296 14 18 0.032127433 
215 22 7 9 0.032119747 
39 63 8 10 0.03194144 
526 111 8 11 0.031941127 
80 253 10 11 0.03191298 
38 244 10 11 0.031898964 
703 249 7 9 0.0318247 
95 246 7 10 0.031723343 
266 190 8 10 0.03172286 
205 87 8 11 0.03171956 
176 223 10 13 0.031626772 
998 140 9 11 0.031524193 
145 287 8 9 0.03145943 
319 77 7 9 0.031381894 
620 246 10 12 0.031300448 
39 196 9 11 0.031270947 
985 127 8 9 0.03126277 
691 231 7 10 0.030969618 
967 205 11 15 0.030877747 
128 262 8 10 0.030859178 
745 213 6 9 0.030846512 
1008 109 7 9 0.030815959 
210 64 8 10 0.030708674 
854 136 8 10 0.03049023 
287 238 7 10 0.030429501 
861 173 10 13 0.030329451 
262 200 8 10 0.030308327 
52 48 9 10 0.030207817 
278 56 7 9 0.03020031 
109 212 9 11 0.030077266 
704 192 6 8 0.030065192 
108 51 11 13 0.02990798 
277 255 8 11 0.02989723 
913 152 8 9 0.029811272 
329 30 7 9 0.029631903 
172 212 40 49 0.029630383 
984 101 8 10 0.029622238 
142 183 9 11 0.029616248 
282 237 7 10 0.02956208 
47 61 7 9 0.02949073 
183 63 7 9 0.029440429 
1009 220 9 13 0.029437788 
889 150 7 10 0.02940395 
152 313 9 11 0.029397648 
690 288 8 11 0.029323913 
296 97 6 8 0.029308474 
287 269 8 9 0.029289167 
293 247 8 10 0.029211463 
16 224 9 10 0.029163362 
808 173 10 14 0.029086037 
902 145 7 9 0.029005142 
991 127 7 9 0.0289635 
47 233 10 11 0.028944543 
966 129 8 9 0.028934736 
689 246 7 9 0.02878521 
997 152 9 12 0.028708156 
127 73 9 11 0.028677616 
120 264 7 9 0.028658707 
621 301 10 13 0.028607834 
145 260 8 11 0.028595055 
713 233 7 9 0.028571878 
532 236 14 18 0.028485013 
225 87 8 10 0.028454745 
951 135 7 10 0.028332015 
686 192 7 8 0.028316734 
136 278 7 9 0.028299872 
198 57 7 9 0.028252048 
167 173 9 11 0.028197888 
439 202 18 22 0.028046282 
334 32 7 8 0.027984347 
935 159 7 9 0.027976746 
22 221 9 11 0.027948828 
156 199 8 10 0.027942287 
968 197 10 12 0.027927125 
17 175 8 11 0.027906017 
14 266 10 13 0.02789199 
632 283 11 15 0.027814176 
679 239 6 9 0.027787725 
608 215 7 9 0.027733747 
303 241 7 9 0.027730456 
65 288 8 11 0.027553845 
150 287 7 9 0.02753838 
262 206 8 11 0.02751437 
1012 282 10 16 0.027509125 
119 229 8 11 0.027494844 
330 81 7 9 0.027490148 
274 72 7 8 0.027464798 
94 199 8 11 0.027429191 
104 239 8 9 0.02735031 
158 207 10 12 0.027208071 
295 41 7 9 0.02720193 
671 121 7 9 0.027179342 
1007 121 8 10 0.027167745 
601 228 9 11 0.027064545 
358 206 9 11 0.027050294 
713 199 7 9 0.02704199 
712 215 7 9 0.027034914 
1005 160 8 12 0.027004251 
551 120 12 16 0.02694039 
94 309 9 12 0.026877122 
15 285 11 14 0.026782814 
962 159 8 10 0.026717588 
689 270 8 10 0.02670727 
313 88 6 8 0.026706405 
895 136 7 9 0.02670283 
120 249 6 8 0.026645705 
186 210 14 18 0.02659565 
320 40 7 8 0.026589738 
878 151 8 10 0.02655295 
173 261 8 10 0.02650284 
175 245 8 9 0.026469167 
263 64 8 9 0.026456611 
0 253 9 14 0.02634176 
697 216 7 9 0.026332775 
196 202 13 17 0.02632885 
726 213 8 10 0.0263241 
967 213 20 25 0.026269458 
313 79 7 9 0.02621296 
872 231 10 13 0.026189715 
202 46 7 8 0.02618206 
366 84 7 10 0.02614158 
218 56 7 9 0.0261056 
901 201 11 14 0.026076978 
1008 104 8 10 0.026030706 
631 269 9 10 0.026020536 
61 67 8 11 0.025962805 
366 63 7 9 0.025948318 
152 69 8 10 0.02591895 
721 198 7 9 0.025917018 
305 200 7 8 0.025841143 
224 64 7 9 0.025828656 
297 30 8 9 0.025821436 
8 265 11 15 0.02580964 
63 239 8 10 0.02576081 
399 47 8 11 0.025722735 
856 174 10 13 0.02567859 
980 233 13 15 0.025677817 
96 238 7 9 0.025609018 
985 195 10 12 0.025541669 
144 280 7 9 0.025522795 
313 73 8 9 0.025518134 
865 206 11 15 0.02550193 
278 61 8 10 0.025483858 
710 258 19 25 0.02542361 
982 118 7 9 0.0253897 
784 63 8 9 0.025250107 
864 136 6 8 0.02521181 
681 192 6 8 0.025209546 
727 199 8 10 0.025186835 
962 238 10 14 0.025184851 
545 48 8 11 0.025104443 
230 54 8 10 0.025094343 
156 230 9 11 0.025055999 
184 78 8 11 0.0250236 
294 215 9 11 0.024978213 
192 39 7 10 0.024943452 
112 223 8 10 0.02493709 
686 214 7 8 0.024861516 
769 148 9 10 0.024829049 
936 141 8 10 0.024810743 
302 207 8 9 0.024770409 
150 203 10 13 0.024768028 
168 63 9 11 0.024683857 
679 199 7 9 0.024667338 
950 220 9 13 0.024648797 
167 288 7 10 0.024636514 
657 216 7 8 0.024620907 
135 247 8 10 0.024602508 
752 216 8 10 0.024599766 
0 246 7 12 0.02455595 
314 96 6 8 0.024554104 
343 248 8 11 0.024466347 
269 228 8 11 0.024441352 
928 164 7 11 0.024417749 
744 137 7 8 0.024411447 
120 288 7 10 0.024393547 
0 269 8 13 0.024377575 
111 247 7 10 0.02437181 
670 214 7 9 0.024362449 
183 246 8 11 0.024341183 
971 243 13 16 0.02431166 
829 167 8 10 0.024267944 
119 55 10 11 0.024241665 
182 72 8 9 0.024206316 
721 135 8 10 0.024177037 
360 47 7 10 0.024151245 
297 23 8 9 0.024081249 
953 117 9 11 0.024064962 
327 183 8 11 0.024060981 
30 174 8 10 0.024029464 
180 208 14 19 0.023889773 
656 208 6 8 0.023794556 
278 41 7 9 0.02378257 
255 221 8 12 0.023692165 
840 193 9 12 0.02365239 
914 134 7 9 0.023632737 
153 52 9 10 0.023598514 
207 80 7 9 0.023574224 
898 128 7 9 0.02352952 
737 119 7 9 0.02352442 
1005 277 17 30 0.023505611 
303 23 8 9 0.023503028 
177 79 8 10 0.023474751 
160 237 8 10 0.023465924 
689 129 6 8 0.023377296 
983 212 22 26 0.023347324 
257 31 8 10 0.023274282 
261 261 9 12 0.023240302 
32 244 10 12 0.023225648 
111 264 8 10 0.023121668 
181 222 11 16 0.023112658 
693 237 9 11 0.023104422 
983 251 14 18 0.023075882 
702 278 7 9 0.023054393 
289 41 7 9 0.02305289 
377 94 8 9 0.022944454 
665 120 7 9 0.02294345 
279 46 8 10 0.02282263 
1001 111 7 9 0.02278937 
157 183 9 11 0.02277994 
216 46 8 10 0.022724269 
246 41 8 9 0.0227241 
55 277 10 12 0.022723693 
921 140 8 10 0.022708219 
144 300 8 10 0.022704624 
71 246 9 10 0.02267367 
754 121 7 9 0.02265185 
57 183 8 11 0.022640243 
145 237 7 10 0.022609802 
639 224 8 10 0.022498788 
998 237 13 14 0.022483846 
666 201 7 9 0.022447363 
372 252 9 11 0.022442853 
94 221 8 11 0.022435632 
289 71 8 9 0.022412777 
255 214 9 12 0.022412498 
202 183 10 12 0.022411961 
29 49 8 10 0.022249542 
46 234 18 22 0.022231642 
68 308 11 13 0.022148421 
988 183 13 15 0.022127202 
169 239 7 9 0.022062492 
344 254 8 9 0.022057477 
256 56 7 8 0.021990342 
369 40 7 9 0.021938942 
231 71 7 9 0.021869091 
104 246 8 10 0.02184253 
81 199 9 12 0.021814764 
744 80 8 10 0.021809587 
87 69 8 11 0.021782676 
335 48 8 10 0.021739768 
863 196 9 12 0.0217059 
581 126 11 13 0.02168908 
230 32 8 9 0.021669202 
86 201 11 12 0.02164797 
161 261 7 9 0.021616023 
879 126 8 10 0.021612545 
119 215 8 10 0.021598227 
168 230 8 11 0.02159327 
312 257 7 8 0.021584367 
343 86 7 9 0.021553483 
241 46 8 9 0.02151962 
408 31 9 11 0.021446235 
170 190 10 13 0.02143301 
94 304 8 11 0.021421466 
946 182 19 25 0.02139241 
208 70 7 9 0.021390477 
838 124 8 10 0.02135562 
688 292 8 11 0.021355141 
992 119 7 9 0.021338446 
942 127 7 10 0.021319326 
182 271 9 12 0.021297429 
247 46 7 10 0.021237528 
905 158 8 11 0.021194018 
23 276 11 13 0.02112011 
1 52 8 12 0.021118311 
53 332 10 14 0.021068547 
745 246 10 13 0.021040177 
695 272 8 10 0.021021824 
28 424 100 125 0.020993877 
952 128 8 10 0.020989172 
918 48 7 9 0.020986082 
280 231 8 10 0.020983972 
40 185 8 9 0.020953342 
58 208 8 11 0.020898232 
912 144 7 9 0.020889962 
734 229 8 10 0.02088597 
545 53 8 11 0.020880628 
353 85 7 10 0.020868426 
493 117 9 11 0.020862892 
8 235 10 14 0.020856436 
619 292 11 16 0.020764919 
727 236 8 10 0.020756073 
112 231 8 10 0.020698844 
92 293 9 12 0.020689 
150 247 8 10 0.020685159 
361 64 7 9 0.020674294 
352 47 8 10 0.02067111 
185 56 7 9 0.020653317 
205 185 16 19 0.020641949 
145 32 7 10 0.02061137 
142 71 8 10 0.02056201 
241 88 6 8 0.020558078 
681 142 8 10 0.020530557 
596 270 10 12 0.020526025 
335 69 7 9 0.020507473 
942 241 11 13 0.0204829 
169 246 8 9 0.020469816 
846 250 11 14 0.020460984 
807 167 9 12 0.020460706 
379 87 7 10 0.020446807 
368 47 8 10 0.020437086 
1006 233 14 16 0.020412464 
290 78 7 10 0.02040107 
335 200 8 10 0.020398326 
208 30 8 9 0.020361563 
298 208 8 10 0.020351196 
958 198 8 13 0.02033965 
841 54 8 10 0.020328416 
919 128 8 9 0.020324409 
80 213 8 11 0.020293824 
48 325 9 13 0.020290822 
6 176 9 10 0.02026798 
980 216 15 17 0.020252576 
750 222 9 11 0.020242363 
47 288 17 23 0.020242194 
439 153 22 34 0.020184183 
304 40 7 9 0.020176414 
329 252 8 11 0.020167366 
734 192 7 9 0.020132344 
0 346 9 15 0.020116964 
992 111 7 9 0.020109663 
312 103 7 9 0.020106904 
689 303 8 10 0.020103514 
134 237 8 10 0.020077858 
877 195 12 15 0.020073555 
313 31 6 9 0.020054614 
321 23 7 9 0.020028494 
589 208 8 10 0.020026883 
