35_Basketball_playingbasketball_35_491
19
337 126 219 303 0.9999504 
161 295 333 468 0.09494037 
285 600 408 460 0.086019635 
627 -38 402 502 0.06810646 
180 -7 200 166 0.047903974 
567 463 400 525 0.045718443 
43 72 219 255 0.039486047 
246 757 122 200 0.039222725 
34 691 30 36 0.03815801 
76 1 301 266 0.037882086 
649 799 512 482 0.03447062 
841 611 56 71 0.032599468 
982 1 33 23 0.028363878 
-27 398 443 467 0.027403584 
291 92 118 140 0.024471844 
283 1037 422 528 0.024414502 
788 757 16 23 0.021477258 
493 144 436 496 0.020543344 
7 693 24 33 0.020262199 
