35_Basketball_playingbasketball_35_585
18
248 216 206 276 0.99984217 
644 207 180 315 0.99966335 
552 877 474 493 0.07024574 
143 768 30 33 0.06716727 
559 298 478 531 0.058152746 
339 1132 30 35 0.055238035 
17 672 53 63 0.044357724 
387 1042 35 43 0.039978836 
244 1110 25 31 0.033654362 
18 639 56 73 0.028339272 
387 970 25 30 0.02670802 
148 660 25 30 0.025721604 
127 699 27 31 0.023903638 
395 884 28 33 0.023382215 
212 1325 30 31 0.023106908 
45 130 29 37 0.021752387 
292 1125 28 35 0.020776669 
781 406 156 178 0.020337978 
