35_Basketball_Basketball_35_449
524
490 243 24 28 0.9315041 
81 413 9 13 0.90399235 
782 448 7 11 0.6747753 
982 410 10 12 0.57291996 
291 391 7 10 0.4186811 
801 470 8 11 0.37426957 
374 423 9 11 0.36421257 
906 417 8 10 0.35488638 
836 452 9 11 0.34764707 
765 459 9 12 0.34194276 
857 397 10 13 0.33342516 
759 472 8 11 0.31168553 
76 441 14 17 0.30196962 
151 421 10 12 0.29337615 
261 455 7 9 0.29118162 
169 455 7 10 0.28114197 
909 421 8 10 0.26724684 
102 401 9 11 0.26693958 
110 384 7 9 0.2618557 
112 462 8 11 0.21826957 
852 438 8 10 0.2130618 
128 437 10 12 0.2002794 
740 471 9 11 0.19841908 
156 423 9 11 0.19355087 
183 446 8 10 0.19211881 
144 421 10 13 0.19127926 
890 425 7 10 0.18862836 
160 388 9 10 0.18067768 
631 448 7 9 0.18025175 
144 446 9 12 0.17763515 
176 445 9 11 0.17464273 
983 453 8 9 0.17385356 
495 497 8 10 0.16780908 
481 33 21 26 0.16517419 
173 454 8 11 0.15887922 
142 383 7 9 0.15349 
53 445 10 12 0.15344468 
390 493 10 13 0.14850046 
241 447 8 10 0.14747253 
119 430 9 12 0.1448252 
18 422 9 11 0.14318399 
804 477 9 12 0.1400074 
25 399 8 10 0.13311492 
126 408 8 10 0.13115789 
125 422 8 11 0.124476895 
973 421 10 12 0.1242093 
98 431 8 10 0.123735264 
126 414 8 10 0.12241288 
431 495 8 10 0.11549574 
409 471 9 11 0.11543768 
956 456 9 11 0.114377506 
965 437 10 12 0.11401353 
678 477 9 12 0.11292686 
563 423 7 10 0.11220319 
144 452 8 10 0.11083459 
911 427 9 12 0.110650085 
111 405 8 10 0.11039826 
978 413 10 13 0.10732357 
800 465 9 11 0.107103035 
127 445 8 11 0.106907524 
177 441 8 10 0.10620222 
120 384 7 9 0.105203465 
128 431 10 13 0.09967739 
225 447 7 10 0.09876223 
69 428 9 11 0.09851265 
55 399 9 11 0.09826299 
255 433 8 9 0.09787726 
891 429 9 12 0.09763055 
774 494 9 11 0.09681206 
121 390 8 10 0.09623412 
223 462 7 9 0.09621279 
415 463 8 11 0.09090692 
835 449 8 11 0.0893611 
29 400 7 9 0.08812098 
777 472 8 9 0.08773772 
143 376 8 10 0.08692657 
823 478 10 12 0.08577268 
286 415 7 10 0.08575524 
57 439 9 12 0.08537781 
206 448 9 10 0.0843111 
50 451 12 14 0.08374227 
192 454 7 9 0.08288527 
200 408 7 9 0.08224413 
113 440 7 10 0.08211709 
799 493 8 10 0.0819319 
97 400 9 10 0.08152512 
144 407 8 10 0.081458725 
118 464 8 11 0.08078018 
231 433 7 9 0.07970583 
425 495 8 11 0.07959607 
138 384 8 9 0.07955724 
150 445 8 11 0.07672747 
218 462 7 9 0.07662593 
15 384 8 9 0.07648121 
169 415 8 9 0.074963115 
912 445 9 12 0.07482709 
144 415 10 12 0.07479128 
635 470 6 9 0.07292583 
14 391 9 11 0.070453376 
150 441 9 11 0.0698099 
7 414 8 10 0.069640264 
25 456 9 10 0.06915557 
64 430 9 11 0.06770888 
545 495 7 10 0.06667566 
973 438 11 13 0.06647388 
432 455 10 12 0.06611531 
118 437 9 11 0.06588614 
957 461 8 11 0.065883696 
562 451 10 12 0.065639034 
736 474 10 12 0.06492465 
120 407 9 10 0.064345755 
111 445 8 10 0.06344434 
224 455 7 10 0.063419886 
685 475 11 13 0.06229968 
138 454 7 9 0.06220776 
430 159 20 32 0.061268453 
709 494 8 12 0.061178137 
30 454 9 10 0.060819246 
16 397 8 10 0.06072992 
312 486 8 11 0.060599387 
0 439 9 13 0.06035688 
671 398 13 17 0.060135517 
967 431 10 13 0.060029816 
105 456 9 11 0.05997141 
231 438 7 10 0.059609 
0 382 7 10 0.059608363 
385 487 8 10 0.059398 
224 415 8 9 0.059222776 
250 432 8 9 0.05859951 
143 389 8 10 0.05850402 
96 423 9 11 0.058502387 
182 441 8 10 0.058184013 
967 417 10 12 0.05743352 
168 448 8 10 0.05730379 
298 407 7 10 0.056885567 
520 501 7 10 0.056432635 
615 504 9 11 0.056254733 
120 399 8 10 0.05584026 
776 477 8 10 0.055259723 
842 502 9 11 0.05493458 
806 463 8 11 0.054906078 
5 422 8 11 0.054753166 
272 392 6 9 0.054658562 
159 445 9 10 0.05460191 
185 452 8 11 0.054305036 
478 494 7 10 0.054109715 
25 404 9 11 0.054056965 
72 487 10 11 0.053598166 
302 405 8 12 0.053581066 
105 460 10 13 0.053350493 
96 436 9 11 0.05319924 
415 454 7 10 0.053125653 
207 408 7 9 0.05306348 
754 470 8 10 0.052858304 
616 471 7 10 0.052810494 
561 429 8 10 0.052637618 
215 423 8 11 0.052414913 
218 391 8 9 0.052361663 
269 424 8 10 0.051928528 
263 431 8 10 0.051759157 
23 416 9 10 0.05124341 
849 454 10 13 0.051174752 
78 449 13 15 0.051173963 
319 384 8 11 0.05092245 
158 427 9 11 0.050902046 
318 389 8 11 0.050721776 
161 454 8 10 0.050384525 
49 447 9 12 0.05031562 
972 430 10 11 0.050183535 
40 454 10 12 0.050037883 
191 438 7 10 0.04961069 
262 460 8 10 0.0495668 
62 445 10 13 0.049501047 
418 494 7 10 0.049302332 
456 493 8 11 0.04927786 
121 415 9 10 0.0490616 
83 438 11 14 0.04847855 
72 437 13 17 0.04812727 
623 479 6 8 0.047959846 
303 400 9 10 0.047929592 
514 486 7 10 0.047812827 
342 503 9 11 0.047692332 
781 470 8 11 0.04696973 
49 398 7 10 0.046942953 
168 430 9 10 0.046939377 
905 443 9 12 0.04684845 
676 375 11 14 0.046369858 
4 429 11 13 0.046277463 
992 436 11 13 0.046201147 
792 463 9 11 0.04619685 
887 486 10 12 0.046120528 
193 408 7 9 0.046051785 
144 400 8 10 0.045639105 
335 472 8 10 0.0456041 
120 446 8 10 0.045308664 
894 453 8 10 0.04505625 
303 385 7 9 0.04501342 
854 454 9 12 0.044929508 
168 473 7 9 0.044924587 
238 463 8 11 0.044812605 
90 486 10 12 0.044248555 
905 463 8 11 0.043964434 
767 488 9 11 0.04387059 
627 456 6 8 0.043803003 
775 488 10 12 0.043647453 
303 414 8 11 0.043581594 
256 449 8 10 0.043479133 
288 408 8 10 0.043458432 
594 431 6 9 0.04288653 
191 430 8 10 0.042817507 
854 444 8 12 0.042715274 
152 376 7 9 0.04262402 
632 464 7 10 0.042605262 
10 392 8 10 0.042556997 
617 477 6 8 0.042354558 
271 429 7 9 0.042336635 
217 456 7 9 0.04221377 
575 502 7 10 0.04216347 
879 414 8 9 0.042065125 
210 422 8 10 0.042040363 
753 463 8 10 0.04187475 
490 502 8 10 0.04180965 
854 460 8 10 0.04173107 
138 376 7 9 0.04048021 
151 453 7 9 0.04041761 
199 413 8 9 0.04025154 
103 438 8 10 0.04006784 
233 392 7 9 0.039960578 
201 447 9 11 0.039775338 
546 470 8 11 0.03949087 
84 409 10 12 0.03935113 
609 432 7 9 0.039349552 
135 401 8 9 0.039111167 
125 464 9 11 0.039054215 
142 426 10 12 0.039035443 
975 503 9 11 0.038927075 
882 468 9 13 0.038729127 
453 426 31 30 0.03860417 
512 480 7 10 0.038513135 
768 493 9 12 0.03847584 
338 501 9 11 0.03815571 
567 430 7 10 0.038034637 
630 453 8 10 0.03755535 
241 415 8 10 0.037454806 
136 423 8 11 0.037452962 
800 487 8 11 0.037328072 
329 462 8 10 0.037323095 
789 455 10 11 0.037099455 
585 455 7 10 0.03701522 
374 454 7 10 0.03696505 
184 407 8 10 0.036935374 
894 485 8 11 0.03691709 
191 423 8 11 0.036781054 
987 412 9 11 0.036758997 
16 426 11 14 0.03636779 
232 463 7 10 0.036228385 
842 508 8 11 0.03614675 
177 382 7 9 0.03599707 
857 511 9 12 0.035883978 
190 447 7 10 0.035738785 
209 415 8 9 0.0355452 
429 430 8 10 0.035478704 
329 476 10 12 0.035464454 
216 429 8 10 0.035362046 
105 446 8 10 0.035336427 
981 417 11 14 0.03531282 
975 443 11 14 0.035245776 
70 374 7 10 0.035106763 
793 470 9 11 0.035031825 
805 483 9 12 0.034931418 
22 384 8 9 0.03456207 
401 503 8 10 0.034370832 
673 477 10 12 0.034362454 
154 382 8 10 0.03430828 
1015 420 9 13 0.03422242 
863 451 9 12 0.034179203 
929 438 8 10 0.034079604 
193 400 7 9 0.03406798 
223 408 8 9 0.034007587 
886 492 10 12 0.033991765 
289 446 8 11 0.03385535 
314 391 8 9 0.03367682 
246 400 8 11 0.03362984 
678 461 9 11 0.033621732 
225 440 8 10 0.033571832 
138 500 11 13 0.033471797 
289 386 8 10 0.033283904 
407 476 9 10 0.03327842 
1 375 7 11 0.033278313 
17 376 7 9 0.033100486 
728 478 10 10 0.03309765 
199 462 7 9 0.03290491 
15 416 9 10 0.032890897 
829 478 10 12 0.032796744 
169 408 8 10 0.03270777 
1 388 7 11 0.03269094 
186 413 8 9 0.032678604 
312 479 10 13 0.032516193 
32 446 9 11 0.03228477 
175 430 8 10 0.03216333 
126 383 7 9 0.03214216 
145 440 9 12 0.03209097 
501 495 8 10 0.032079764 
731 411 11 13 0.03204132 
990 453 9 10 0.031983938 
401 480 8 9 0.031902514 
413 468 8 11 0.031847678 
766 477 7 10 0.03173774 
824 473 7 9 0.03168916 
479 487 8 10 0.03163622 
29 416 8 10 0.031571627 
128 400 7 9 0.031554166 
308 193 12 15 0.0315261 
397 487 9 11 0.03152118 
109 456 9 11 0.03145635 
168 422 9 10 0.031371605 
230 456 7 9 0.031308994 
66 424 10 12 0.031243268 
943 455 8 10 0.031155895 
684 355 13 15 0.03109241 
672 378 12 16 0.031014742 
850 432 9 12 0.030951995 
158 406 8 10 0.030734202 
319 397 8 10 0.030722199 
328 455 8 9 0.030553019 
88 492 11 14 0.03043723 
287 421 7 9 0.030371834 
78 409 18 22 0.03036355 
198 431 8 10 0.030316561 
514 494 8 11 0.030128889 
436 494 8 10 0.029838301 
313 385 9 10 0.029809605 
918 452 10 11 0.02951632 
609 454 6 8 0.029437255 
192 413 7 9 0.029197762 
164 390 8 10 0.029122004 
491 496 8 10 0.029003726 
29 438 10 13 0.028875614 
778 451 10 13 0.028781602 
199 438 9 11 0.02875042 
326 444 8 10 0.028749883 
600 486 8 10 0.028678486 
306 488 8 10 0.028570492 
640 455 8 10 0.028560378 
199 455 7 9 0.02852877 
94 485 11 13 0.028503489 
417 487 7 10 0.028463686 
1 491 14 18 0.02838716 
280 431 7 10 0.028338037 
199 382 7 9 0.028279804 
1 407 7 10 0.028240556 
861 510 8 11 0.028219106 
438 486 8 10 0.02819853 
208 400 6 9 0.028059281 
330 470 9 12 0.02805565 
39 391 8 9 0.02802639 
546 478 7 10 0.02796303 
320 408 8 9 0.027935134 
185 423 9 11 0.027869862 
176 400 8 11 0.027829772 
981 438 11 13 0.02770617 
76 486 9 12 0.02764254 
761 504 10 12 0.027578607 
101 422 9 11 0.02757629 
295 438 8 11 0.02753786 
514 500 8 11 0.027452046 
240 452 9 11 0.027442245 
817 496 9 11 0.027370472 
44 457 13 16 0.027344396 
320 436 11 13 0.027237393 
175 406 8 10 0.027197609 
886 477 9 13 0.02715435 
481 480 8 9 0.026822628 
242 399 8 11 0.026767109 
105 388 9 11 0.02675896 
175 461 7 9 0.026727285 
54 487 10 13 0.026680667 
511 468 8 10 0.026662195 
263 449 7 9 0.026607465 
390 462 9 11 0.026565786 
58 432 9 12 0.026524061 
432 527 10 11 0.026516883 
374 446 10 12 0.02645575 
217 398 8 10 0.026454438 
405 503 8 10 0.026390897 
378 405 9 11 0.026369916 
320 412 8 10 0.026358925 
391 456 9 10 0.026284343 
350 109 9 12 0.026275925 
224 430 7 10 0.026215574 
415 448 7 10 0.026106661 
23 391 8 9 0.02608271 
102 485 11 15 0.026065683 
518 496 8 10 0.026059935 
566 415 8 10 0.026056813 
39 398 8 9 0.026039636 
879 408 8 11 0.026017403 
872 406 9 11 0.025992269 
327 512 10 12 0.025898859 
44 447 20 24 0.025879305 
913 451 10 12 0.025842495 
66 375 7 10 0.025822023 
264 438 8 10 0.025806013 
192 463 8 9 0.0257955 
422 479 9 11 0.025783006 
724 485 11 13 0.025758142 
533 415 11 15 0.025661418 
551 502 8 10 0.025622496 
128 377 7 8 0.025551321 
485 445 11 12 0.02536257 
287 385 17 24 0.025211558 
430 469 10 11 0.025146395 
137 388 9 10 0.025129125 
383 406 8 10 0.025117792 
895 481 8 11 0.025102079 
517 487 7 10 0.025059827 
38 448 9 11 0.025044095 
935 438 8 10 0.02502403 
836 460 10 12 0.024997741 
425 446 8 10 0.024983926 
961 415 9 11 0.024859848 
415 424 8 10 0.02478209 
781 487 8 10 0.024735397 
55 392 7 10 0.024728063 
304 192 10 14 0.02466079 
257 383 8 10 0.024649655 
55 377 8 10 0.024630975 
648 462 8 11 0.024539879 
168 459 8 10 0.024525683 
989 445 11 13 0.024504228 
411 453 8 10 0.02444132 
6 375 7 10 0.02443987 
585 481 7 9 0.024430284 
967 493 9 11 0.024350425 
366 406 7 9 0.024098897 
541 527 10 11 0.024090061 
303 391 7 9 0.024043022 
561 438 9 10 0.023975112 
818 478 10 12 0.023918645 
641 489 8 9 0.02391362 
960 443 10 13 0.023901848 
380 104 15 20 0.0236827 
749 486 9 11 0.023674006 
214 416 7 9 0.02364049 
231 447 6 8 0.023618443 
3 413 8 12 0.023587568 
120 377 8 9 0.023530005 
158 376 9 9 0.023511814 
862 402 8 11 0.023412433 
422 406 8 10 0.023363855 
544 431 9 11 0.023326559 
705 488 8 10 0.023286784 
369 438 8 9 0.02323819 
882 423 7 10 0.023132663 
182 382 7 9 0.02309191 
818 485 9 11 0.023027183 
342 507 10 12 0.022937635 
909 439 9 12 0.022937125 
578 423 7 9 0.022930883 
8 383 7 9 0.022909375 
788 447 8 10 0.02274312 
464 502 7 9 0.022739468 
793 477 9 11 0.022691693 
63 477 12 13 0.022668496 
174 423 8 10 0.022379939 
893 493 8 12 0.022353904 
68 504 15 17 0.022338418 
151 407 8 10 0.022322927 
256 390 8 10 0.0222634 
294 386 8 10 0.022079855 
78 468 10 13 0.021990635 
271 396 7 10 0.02196426 
112 414 8 10 0.021841643 
385 500 9 11 0.0217673 
101 538 28 33 0.021657757 
135 463 9 11 0.021584416 
312 397 8 11 0.021487946 
339 126 16 19 0.02143744 
393 512 8 9 0.021382652 
540 532 12 14 0.021353038 
423 470 8 10 0.02128754 
608 449 7 9 0.02122661 
799 456 8 9 0.021197664 
885 464 10 11 0.021180147 
374 417 10 13 0.021160413 
894 447 8 11 0.02115198 
849 442 10 13 0.021092422 
114 431 9 11 0.021091485 
94 462 11 13 0.021074314 
326 415 9 10 0.020950107 
297 413 8 10 0.02094547 
143 462 9 11 0.020944938 
462 495 7 10 0.020920245 
735 450 11 15 0.02085301 
84 450 12 15 0.020847945 
288 440 8 10 0.020786924 
184 463 8 10 0.020749647 
752 477 10 11 0.020742333 
727 470 11 13 0.020716993 
583 485 7 9 0.020536467 
396 493 8 12 0.020522084 
367 398 7 11 0.020505173 
836 478 9 11 0.020501703 
680 471 10 14 0.020487932 
240 441 7 8 0.02045561 
889 447 9 12 0.02044913 
182 399 8 10 0.02044831 
481 512 7 8 0.02043725 
678 484 9 10 0.020412091 
641 511 8 9 0.020409554 
167 439 9 11 0.020400843 
294 395 9 12 0.020392818 
659 451 12 13 0.020390378 
240 390 8 10 0.02033005 
763 508 11 12 0.020316292 
325 438 9 13 0.020314291 
280 398 7 9 0.020311298 
135 415 8 10 0.020292414 
224 501 11 12 0.02026053 
216 449 7 9 0.020203743 
125 453 9 10 0.020190991 
765 471 8 10 0.020173822 
793 487 8 10 0.020094 
342 495 9 11 0.020018104 
