35_Basketball_Basketball_35_185
73
293 436 59 64 0.9948602 
717 469 63 89 0.9764698 
607 720 21 28 0.9741381 
458 637 44 56 0.45120198 
598 766 11 15 0.16179864 
559 746 13 17 0.14452574 
593 748 12 14 0.111503094 
650 445 50 57 0.103250585 
631 763 14 16 0.08832855 
564 764 15 19 0.06645016 
591 742 12 15 0.066057414 
448 156 12 15 0.06053555 
527 699 14 19 0.05974624 
553 744 23 31 0.059146963 
992 734 9 12 0.05245452 
674 442 31 35 0.052050162 
592 72 450 421 0.05104513 
949 520 8 10 0.043097384 
692 465 111 129 0.041926216 
716 488 40 55 0.041634973 
-31 -21 416 485 0.03913465 
677 24 9 10 0.038840644 
420 722 25 32 0.036687337 
479 644 36 45 0.035814196 
629 739 13 16 0.03476793 
506 668 15 22 0.033875436 
678 0 8 9 0.033748023 
699 818 24 32 0.033388633 
705 8 9 9 0.03277376 
403 633 357 483 0.032305982 
497 654 24 38 0.03194565 
1002 623 8 10 0.030169573 
635 738 12 15 0.030010726 
427 730 15 18 0.029840924 
622 740 21 25 0.029029747 
375 760 10 11 0.02722834 
45 653 8 11 0.0271904 
945 524 9 10 0.027180236 
602 463 31 33 0.026961474 
656 28 9 12 0.026947968 
629 731 15 18 0.026939739 
589 743 20 24 0.026260152 
550 716 14 18 0.02601747 
584 660 11 15 0.02582345 
554 463 22 25 0.02579573 
694 15 8 9 0.02567003 
609 443 42 54 0.025164919 
452 153 425 453 0.024903616 
710 8 9 10 0.024653405 
634 749 13 15 0.023799498 
657 441 85 96 0.02367166 
22 696 8 10 0.02347761 
661 59 9 11 0.023411771 
595 756 14 17 0.023404658 
705 13 9 10 0.023246743 
157 605 9 11 0.022921953 
960 536 8 9 0.022657597 
606 656 13 17 0.021563632 
688 24 8 9 0.02145909 
592 510 11 12 0.021413429 
583 737 13 17 0.021157889 
458 598 9 11 0.02059872 
709 12 10 11 0.020546878 
719 5 12 12 0.02034943 
21 732 10 12 0.020309506 
682 712 8 11 0.020300968 
655 495 32 34 0.020296933 
445 159 17 21 0.020209571 
728 478 34 43 0.020198252 
705 31 9 12 0.020143325 
974 510 7 10 0.02010063 
1000 704 8 11 0.020073775 
135 683 9 13 0.020003587 
