35_Basketball_basketballgame_ball_35_412
23
656 157 69 96 0.99829966 
856 204 62 97 0.99572694 
66 200 59 66 0.782198 
101 207 258 305 0.72266954 
0 241 11 22 0.11091071 
547 304 16 21 0.1015819 
86 2 44 42 0.07627467 
822 466 56 55 0.070226 
213 22 55 68 0.063053355 
620 296 45 52 0.058371533 
3 786 30 34 0.046593834 
411 750 61 74 0.041408513 
833 485 59 60 0.040929332 
538 299 29 35 0.03926502 
843 514 52 37 0.037712205 
1012 492 12 20 0.03595979 
147 174 54 58 0.028226532 
1007 728 15 26 0.026377277 
70 8 60 65 0.025268413 
77 304 512 522 0.02503341 
619 220 46 62 0.023798123 
71 172 66 74 0.0222228 
845 468 40 37 0.021926165 
