35_Basketball_basketballgame_ball_35_216
687
370 169 19 23 0.75196147 
483 210 14 19 0.7399914 
45 448 9 11 0.40760508 
119 432 7 11 0.3611599 
709 407 7 10 0.34832776 
294 394 10 13 0.34405664 
640 422 7 8 0.3133017 
103 393 7 10 0.31014913 
2 365 7 11 0.2345288 
553 486 8 10 0.22651786 
1013 431 8 12 0.18888015 
94 376 7 9 0.18466872 
229 416 8 9 0.18440443 
984 415 7 8 0.18391407 
67 415 7 9 0.18309627 
786 480 7 10 0.18248759 
1010 436 8 11 0.16609752 
7 360 7 9 0.16355386 
73 375 7 9 0.150954 
97 413 7 10 0.1402847 
47 383 6 8 0.1371343 
46 408 7 9 0.13283324 
375 430 8 11 0.12841223 
29 352 8 10 0.12679628 
65 407 7 10 0.1258885 
120 391 7 8 0.12580618 
215 441 6 9 0.120842 
143 398 6 9 0.11726375 
718 488 9 10 0.115994886 
24 398 7 8 0.11312809 
341 355 11 13 0.112781644 
637 492 8 11 0.10936756 
31 382 7 9 0.10893806 
663 415 8 11 0.10555656 
6 364 7 11 0.10410467 
789 478 8 11 0.103396535 
984 422 7 8 0.09892869 
83 358 7 9 0.095160306 
49 337 6 8 0.09477596 
38 329 7 9 0.093965985 
193 416 7 9 0.09213603 
87 433 6 9 0.09212734 
240 391 7 9 0.09135103 
984 381 7 10 0.09072235 
231 374 7 9 0.09014445 
113 409 7 9 0.089665666 
1002 408 7 10 0.08775988 
58 400 7 9 0.08659076 
169 446 8 10 0.08520978 
319 455 6 9 0.08510541 
46 358 7 10 0.083399266 
887 342 8 10 0.08308895 
694 426 7 9 0.08218884 
69 351 8 10 0.08217089 
536 408 6 9 0.08213674 
129 437 8 9 0.08069554 
681 495 7 9 0.080334894 
1009 385 9 11 0.0786515 
355 407 6 8 0.07826816 
103 415 8 11 0.077792384 
415 464 6 8 0.077227555 
64 369 6 9 0.07713442 
878 385 7 8 0.075017676 
211 440 7 9 0.074218005 
42 359 7 9 0.07375273 
919 399 8 11 0.073131494 
193 422 7 8 0.07311346 
248 343 8 10 0.07306613 
55 336 7 9 0.07244695 
242 440 6 8 0.07081093 
864 480 7 9 0.07079784 
944 397 8 9 0.07074662 
10 391 7 9 0.07071824 
42 390 8 10 0.0701719 
557 484 8 10 0.070064835 
177 423 6 9 0.06971405 
14 303 8 10 0.069680095 
889 361 8 10 0.06884742 
82 432 7 8 0.06796118 
96 409 7 10 0.06746211 
867 414 7 9 0.06721755 
198 414 7 9 0.067130275 
488 -91 503 552 0.06581266 
175 383 8 10 0.065419964 
297 318 10 10 0.065342866 
66 420 7 9 0.06525366 
24 423 7 9 0.06497701 
43 383 6 8 0.064863585 
829 416 8 11 0.06400844 
968 415 7 9 0.06370868 
103 352 7 9 0.063444056 
546 487 9 11 0.06336701 
593 479 8 10 0.06331378 
863 485 8 10 0.063115425 
199 431 7 9 0.062268414 
9 337 7 10 0.062198523 
88 437 6 9 0.061938126 
634 490 8 10 0.060355164 
87 353 6 8 0.06028397 
23 263 7 9 0.060188144 
120 325 9 10 0.05961173 
552 505 10 11 0.059556372 
877 390 8 10 0.059497982 
33 287 6 8 0.059178893 
645 421 7 9 0.059125885 
65 373 6 9 0.059024673 
558 425 7 9 0.058729354 
974 400 7 10 0.058486 
966 367 8 11 0.05797783 
23 415 8 11 0.057882346 
394 455 7 8 0.057567943 
25 393 7 10 0.057099275 
912 423 7 9 0.05643387 
550 462 8 10 0.056169115 
376 424 8 10 0.054545324 
157 431 8 10 0.0544941 
722 360 7 10 0.053896002 
71 422 6 9 0.05348624 
40 377 8 9 0.05334689 
1015 423 8 12 0.053235568 
99 391 8 10 0.052861944 
462 124 23 30 0.052807163 
136 448 8 10 0.052548658 
39 302 6 8 0.05247566 
35 328 6 9 0.052363463 
591 501 8 10 0.052346855 
663 420 8 10 0.051640693 
568 480 8 9 0.051452905 
1005 413 8 10 0.05113972 
79 376 7 9 0.050822597 
151 352 8 9 0.0505752 
114 343 7 9 0.050454423 
98 310 7 10 0.050134916 
97 352 7 8 0.049991395 
375 163 25 34 0.049854882 
1009 502 8 10 0.049799412 
216 376 7 9 0.04939962 
158 421 7 10 0.049296234 
70 408 7 9 0.048732664 
1001 326 8 10 0.04815128 
664 408 8 9 0.047625814 
854 382 7 10 0.047488317 
255 400 8 9 0.0474729 
240 367 8 9 0.047394108 
48 272 7 9 0.046864953 
32 377 6 9 0.046617903 
313 -64 388 506 0.04626022 
139 399 6 8 0.04622602 
410 465 7 8 0.045948844 
115 432 8 10 0.045886666 
118 343 6 8 0.04527098 
41 414 7 8 0.044847433 
814 479 7 10 0.044825774 
943 376 7 9 0.044789817 
442 471 6 8 0.044700146 
98 464 8 10 0.044612687 
854 375 7 9 0.044549845 
577 487 8 11 0.04447285 
560 447 8 10 0.044315714 
809 471 7 9 0.044247314 
9 385 8 10 0.044140305 
535 477 8 10 0.044054613 
358 406 7 9 0.043751746 
98 447 8 10 0.043266725 
134 432 7 9 0.043238368 
185 438 7 9 0.04316611 
968 422 7 9 0.04304168 
689 478 8 9 0.043014705 
678 438 8 10 0.04285895 
39 297 7 8 0.042687986 
574 400 9 10 0.042536516 
426 471 6 8 0.042513885 
543 478 8 11 0.042348567 
894 470 8 9 0.041790623 
278 415 8 10 0.041569058 
153 382 8 10 0.041560553 
471 472 8 10 0.041429877 
1000 421 9 10 0.041318517 
632 408 6 9 0.04131622 
39 334 8 10 0.0412648 
193 400 7 9 0.04109601 
799 438 7 9 0.041060407 
695 478 6 8 0.04102693 
200 352 7 9 0.040959504 
962 464 6 8 0.040954363 
1002 414 7 9 0.040940795 
934 480 7 9 0.04093496 
176 416 6 8 0.04085816 
106 421 7 9 0.040824447 
61 400 8 9 0.040695064 
143 358 7 9 0.040607378 
344 392 8 11 0.040515967 
529 487 8 11 0.040501345 
825 440 6 8 0.04046021 
885 479 8 11 0.040443107 
79 409 8 9 0.040414445 
641 399 7 8 0.040393356 
247 440 6 9 0.040363915 
158 416 7 10 0.04030749 
49 341 7 10 0.040168077 
122 456 7 10 0.040118527 
1015 443 8 12 0.04008011 
602 351 9 10 0.040047213 
369 415 8 10 0.040036473 
79 414 7 9 0.04002269 
392 448 7 10 0.039845068 
952 359 7 9 0.0397787 
240 385 7 9 0.039640963 
121 464 7 8 0.039617464 
570 398 8 10 0.039613623 
590 439 7 9 0.03954613 
120 385 7 9 0.03951033 
32 302 8 9 0.039328624 
14 384 7 10 0.039259862 
55 342 7 9 0.039045144 
176 344 7 9 0.039000712 
1008 319 8 10 0.038985863 
714 391 7 9 0.038967457 
478 127 13 21 0.038940083 
765 471 8 10 0.038858484 
814 455 7 10 0.03874969 
168 441 7 9 0.03873018 
14 336 7 9 0.038688354 
954 383 7 9 0.0384724 
166 329 7 9 0.038379144 
230 352 9 10 0.038182393 
73 336 7 8 0.03807065 
24 367 6 8 0.03806052 
905 480 7 9 0.037907187 
422 456 7 8 0.037880257 
486 477 8 11 0.037724353 
263 360 8 9 0.03770157 
631 374 8 9 0.03764491 
241 398 7 9 0.037600677 
127 454 8 10 0.037592452 
670 479 7 10 0.037516695 
478 495 7 8 0.037501313 
40 342 7 9 0.03748626 
767 486 7 9 0.03738925 
347 455 6 9 0.03737618 
778 480 7 9 0.03725331 
207 392 7 9 0.037237618 
398 455 8 9 0.03723187 
928 430 8 10 0.037215296 
177 429 6 9 0.03712005 
663 495 7 9 0.036933262 
944 495 7 9 0.036888175 
798 433 7 9 0.036737476 
582 471 7 10 0.03662916 
65 328 7 8 0.03654902 
82 353 8 9 0.036534414 
90 375 7 9 0.036453243 
1008 497 8 11 0.036445525 
352 455 7 9 0.036406748 
830 455 7 10 0.036367908 
930 480 7 9 0.03629116 
312 371 9 12 0.03626425 
154 422 8 10 0.03619977 
95 433 8 9 0.036052756 
911 480 6 8 0.035923198 
585 445 8 10 0.035854734 
116 437 7 10 0.03573207 
130 416 6 8 0.03564833 
446 381 9 11 0.03564625 
961 479 7 10 0.03544754 
937 375 7 9 0.035444867 
102 305 8 9 0.03542976 
285 311 8 9 0.03538517 
441 496 7 8 0.035362504 
731 510 7 10 0.03531117 
936 382 8 10 0.035307903 
209 376 6 9 0.035170615 
936 449 7 10 0.03503569 
142 448 7 9 0.035033632 
48 353 6 8 0.0349673 
398 463 7 8 0.034855712 
785 367 7 9 0.034820735 
610 494 8 11 0.03479961 
658 497 6 9 0.034759447 
15 270 7 9 0.034558464 
905 406 6 9 0.03449064 
294 430 11 13 0.034394052 
26 357 8 10 0.03423279 
32 343 7 9 0.03421622 
870 409 8 10 0.03414182 
41 396 8 10 0.034063607 
210 456 7 9 0.034042988 
614 399 7 9 0.03402623 
26 382 9 10 0.033968873 
102 439 7 9 0.03395919 
370 438 8 10 0.03395427 
842 446 8 10 0.033896744 
498 84 33 34 0.033836897 
343 472 7 8 0.033757888 
911 417 7 8 0.03375605 
159 389 7 9 0.033566438 
703 496 7 8 0.033537816 
177 454 7 9 0.033316348 
246 366 7 9 0.033275627 
863 438 8 10 0.033265468 
841 432 7 9 0.033204634 
623 504 9 10 0.033055514 
98 455 7 10 0.03299496 
337 350 11 14 0.03296514 
374 408 8 10 0.03280806 
373 414 9 10 0.032806974 
855 408 7 9 0.032746106 
554 423 8 10 0.03267811 
15 398 8 9 0.032635536 
865 409 8 10 0.032509807 
689 472 7 11 0.032493364 
386 447 7 9 0.032415386 
598 477 9 12 0.032414593 
1 336 7 10 0.03236834 
551 491 8 10 0.03232626 
517 165 16 19 0.032215867 
529 479 8 10 0.03214608 
997 455 9 10 0.03213741 
783 439 8 10 0.032074243 
143 326 8 10 0.032061324 
1005 408 8 10 0.032012273 
102 446 7 9 0.031895354 
871 438 7 10 0.031842448 
143 394 8 9 0.031785607 
360 456 7 9 0.03178168 
766 477 7 10 0.03175297 
225 392 6 9 0.031752255 
232 369 8 9 0.03172318 
559 408 7 8 0.03166823 
577 470 8 10 0.031657975 
158 384 7 10 0.031566046 
686 365 8 10 0.031542875 
747 439 7 9 0.031459037 
575 374 8 10 0.031441696 
895 383 7 10 0.03140026 
184 433 7 8 0.031259745 
198 409 8 9 0.031237716 
551 405 7 9 0.031111559 
97 358 7 9 0.030909477 
978 486 7 10 0.030781765 
175 389 8 10 0.030755293 
744 384 7 9 0.03067325 
17 423 7 9 0.030569278 
432 471 6 8 0.03051309 
368 463 6 8 0.030510591 
585 440 8 10 0.030407026 
374 436 8 10 0.030345656 
278 367 8 10 0.03031685 
696 503 7 9 0.030310765 
606 471 8 10 0.030251497 
575 422 7 9 0.030213393 
80 424 6 8 0.030209001 
249 348 9 11 0.030171944 
64 335 7 8 0.030115528 
405 449 8 9 0.030093288 
1002 321 8 9 0.029993352 
601 471 9 11 0.029953972 
975 357 8 10 0.029946089 
977 471 7 9 0.029939856 
602 421 7 10 0.02988901 
47 377 8 9 0.029832656 
58 304 7 9 0.02968667 
657 502 7 10 0.02967404 
279 390 8 10 0.029634591 
839 486 7 9 0.029433768 
1014 501 7 11 0.029395623 
39 280 7 9 0.029340478 
193 408 7 9 0.029326146 
665 472 7 9 0.029285053 
336 417 7 9 0.029271094 
261 302 9 11 0.029214608 
485 452 8 11 0.029182414 
55 423 8 10 0.029089503 
645 416 8 11 0.029080227 
73 431 7 9 0.029049559 
223 457 6 8 0.029037524 
649 406 7 9 0.028909316 
54 382 8 9 0.028854292 
96 381 7 9 0.028820701 
870 335 7 9 0.028700352 
811 477 7 10 0.028615143 
38 311 8 10 0.028589778 
719 390 7 9 0.0285864 
974 405 8 10 0.028431768 
570 462 8 11 0.028410593 
25 375 8 9 0.028391121 
152 464 7 9 0.028287679 
34 334 7 9 0.028240165 
753 494 7 9 0.028218228 
41 365 9 10 0.028209945 
45 398 8 9 0.028192483 
863 432 8 10 0.028085155 
216 456 7 9 0.028021265 
880 358 7 10 0.028000344 
130 449 7 9 0.027996585 
367 390 7 9 0.027981078 
384 397 8 10 0.027856873 
576 480 8 9 0.027785858 
958 383 8 10 0.027736912 
982 478 9 11 0.027696915 
1 406 7 9 0.02768731 
601 416 8 10 0.027642293 
833 512 9 11 0.02760999 
281 359 7 8 0.027574144 
813 461 8 10 0.02754663 
50 318 8 10 0.02750009 
197 514 10 13 0.027474524 
984 409 7 10 0.027467992 
615 463 7 9 0.02746436 
400 449 8 9 0.027393691 
348 357 9 11 0.0273591 
447 470 6 9 0.027320154 
56 310 7 9 0.027285893 
601 464 7 9 0.027272569 
623 424 6 9 0.027266724 
272 352 8 9 0.027247012 
632 414 7 9 0.027237047 
486 448 9 11 0.027215611 
247 360 8 9 0.027160669 
254 350 8 9 0.027156746 
303 376 8 10 0.02709617 
881 513 8 10 0.027060438 
249 416 6 8 0.027038477 
1015 407 7 10 0.027004635 
998 448 9 10 0.02699922 
24 296 7 9 0.026960978 
574 455 7 9 0.026874846 
880 352 6 9 0.02686114 
82 438 7 8 0.026849322 
643 94 35 39 0.026846522 
232 391 7 8 0.026837716 
871 464 7 9 0.026820078 
90 415 7 9 0.02681424 
550 399 9 11 0.026807781 
101 455 8 11 0.026718294 
479 467 9 12 0.026683152 
723 422 7 9 0.026676305 
479 447 9 11 0.026662443 
959 335 8 9 0.026611393 
154 407 7 9 0.026606046 
698 496 6 9 0.026600804 
682 389 7 10 0.026447168 
409 469 7 8 0.026423898 
24 281 6 8 0.026402265 
73 381 7 9 0.02635668 
879 397 7 10 0.026311105 
870 478 8 10 0.026297504 
441 465 6 8 0.026290385 
670 400 7 9 0.026287576 
626 416 7 9 0.026256008 
557 508 9 12 0.026195576 
151 375 8 10 0.026194932 
111 392 8 9 0.026135195 
720 384 7 9 0.026116215 
168 366 8 9 0.026112512 
918 471 8 10 0.026086815 
79 381 7 9 0.026043262 
681 367 8 10 0.02601443 
78 335 7 9 0.025972769 
502 189 16 24 0.025935093 
152 470 7 9 0.025885666 
909 319 9 11 0.025880815 
144 352 7 10 0.025772452 
752 489 7 8 0.025737617 
1 340 8 11 0.025727922 
576 492 9 11 0.025724037 
863 513 8 10 0.025721755 
866 334 7 9 0.025719088 
671 485 7 10 0.025555668 
192 431 7 9 0.025521487 
465 480 7 9 0.025500316 
695 375 9 11 0.02546282 
65 446 7 10 0.025434596 
33 281 7 9 0.02539837 
576 448 7 9 0.025360277 
727 359 7 9 0.025349697 
904 400 7 9 0.025330627 
686 495 7 9 0.025286889 
889 408 7 10 0.02528516 
569 423 7 10 0.025217611 
321 278 17 20 0.02521176 
110 456 8 10 0.025144095 
117 414 8 9 0.025128681 
58 406 7 9 0.025115203 
344 431 6 9 0.025006548 
866 328 7 10 0.024975356 
352 431 7 9 0.024928208 
14 320 8 10 0.024928184 
266 415 6 9 0.024916839 
470 476 8 10 0.024749119 
460 373 11 12 0.024730286 
969 407 7 9 0.024695039 
194 470 8 10 0.024694048 
169 376 7 9 0.024672149 
545 400 7 9 0.024652716 
473 488 8 10 0.024558824 
647 400 7 8 0.024518104 
39 441 9 10 0.024510408 
858 487 8 10 0.024497896 
690 430 9 11 0.02449515 
793 432 8 9 0.024435319 
974 352 9 11 0.024381274 
976 416 7 9 0.024374131 
858 438 7 9 0.02433387 
789 484 8 10 0.024294464 
263 335 8 9 0.024290796 
581 487 8 9 0.024267582 
249 399 7 10 0.024253193 
474 493 8 10 0.024141822 
385 470 7 9 0.024127092 
1000 392 7 9 0.02412523 
872 471 7 9 0.02407545 
385 439 7 9 0.024066184 
306 407 8 10 0.024048774 
384 392 8 10 0.024023319 
869 485 9 11 0.024021601 
232 383 7 9 0.02400913 
272 335 8 10 0.023981294 
839 464 8 10 0.023939729 
682 20 415 522 0.023913614 
215 352 7 8 0.02388127 
110 422 8 9 0.02382443 
102 384 7 9 0.02382051 
453 500 8 12 0.023807907 
944 454 7 8 0.023783127 
484 199 21 28 0.023716528 
103 433 7 9 0.023714596 
137 393 7 9 0.023611022 
31 391 7 10 0.023585606 
810 462 8 10 0.02355939 
33 296 7 9 0.023555588 
832 497 7 8 0.023529066 
721 377 7 9 0.02347096 
970 400 8 9 0.02345739 
916 454 10 12 0.02343765 
545 456 8 11 0.023315085 
666 488 7 9 0.023278061 
857 432 8 10 0.023135725 
741 463 9 11 0.023123652 
966 479 7 10 0.023114963 
272 375 7 9 0.023099566 
590 431 9 10 0.023039017 
183 463 8 9 0.022999838 
1008 425 17 24 0.022948166 
737 464 8 10 0.02286918 
896 409 7 9 0.022764936 
902 441 7 9 0.022704644 
534 487 8 11 0.022687584 
115 426 18 23 0.022649195 
815 484 8 10 0.02261991 
906 423 7 9 0.022567524 
58 368 7 9 0.022537904 
969 328 7 10 0.022493966 
606 422 8 10 0.02247428 
176 349 7 9 0.022447884 
978 383 7 10 0.022436086 
991 416 7 8 0.022427488 
993 335 8 10 0.022425514 
934 464 7 9 0.022424096 
741 502 7 9 0.022423869 
903 485 8 9 0.02238782 
56 375 7 9 0.022372259 
383 361 8 10 0.022361023 
352 111 22 29 0.022360325 
694 473 7 9 0.022246167 
871 432 8 10 0.022241142 
910 344 7 8 0.02217902 
373 171 39 51 0.022173101 
585 431 8 9 0.022165325 
353 382 8 10 0.022149399 
762 439 7 9 0.022124574 
224 383 6 9 0.02209823 
11 309 8 10 0.022035696 
553 389 8 10 0.022007436 
255 328 8 10 0.021993613 
859 479 7 9 0.021990497 
263 399 7 9 0.021986334 
481 478 9 11 0.02197581 
873 398 8 9 0.02196789 
225 368 7 9 0.0219629 
977 318 7 9 0.021944342 
158 408 7 9 0.02194375 
233 470 8 10 0.021906007 
791 472 6 8 0.021886747 
112 414 8 10 0.02185012 
890 389 8 10 0.021831255 
122 367 7 9 0.021797983 
913 302 7 9 0.02174059 
543 406 7 9 0.021728374 
464 485 7 10 0.02172733 
810 448 6 8 0.021642849 
600 512 9 12 0.021624254 
48 294 8 9 0.021618586 
735 369 6 9 0.021615826 
173 449 8 9 0.021606915 
425 372 8 11 0.021602299 
241 360 7 9 0.021590589 
890 496 8 10 0.02158511 
225 397 8 10 0.021573275 
272 312 8 10 0.0215147 
738 503 7 9 0.021514589 
616 489 7 9 0.021508528 
367 152 27 34 0.021475868 
917 448 9 11 0.021462003 
919 479 7 9 0.021433681 
930 374 7 9 0.02142431 
891 471 7 10 0.021403307 
55 351 7 9 0.021385739 
535 392 7 10 0.021385152 
589 446 8 10 0.021356823 
881 483 8 11 0.021316279 
623 431 7 9 0.021299375 
63 303 8 10 0.021294188 
946 489 7 9 0.021291535 
687 384 8 9 0.021265607 
193 392 7 8 0.02126491 
353 424 7 9 0.021235771 
842 438 8 11 0.02122487 
105 358 6 9 0.021213807 
125 463 8 10 0.021181807 
888 337 8 9 0.02117101 
279 352 8 9 0.02115951 
393 463 6 8 0.021119237 
247 336 8 9 0.021115042 
857 494 8 10 0.02111019 
374 374 9 10 0.02109692 
635 422 7 9 0.021063048 
569 367 8 10 0.021030523 
671 510 7 9 0.021025777 
178 499 9 11 0.020989673 
881 336 6 9 0.020988751 
105 365 7 9 0.020988153 
281 383 8 10 0.020986062 
680 488 8 9 0.020984806 
590 510 9 12 0.020974338 
679 374 7 9 0.02097306 
441 478 9 10 0.020921314 
585 391 8 10 0.020919163 
288 487 8 11 0.020917647 
370 373 8 10 0.02091754 
569 456 8 9 0.02091212 
785 473 7 8 0.020907806 
385 465 7 9 0.020893898 
16 375 7 9 0.020870283 
392 414 7 9 0.020843139 
826 454 8 11 0.020816112 
609 489 7 10 0.02080651 
584 423 7 10 0.020797536 
217 381 7 9 0.02078805 
826 496 7 9 0.020766582 
49 424 8 10 0.020764967 
9 397 8 10 0.020756604 
297 486 8 11 0.020743584 
454 496 8 11 0.020731993 
855 414 7 9 0.020726416 
777 438 8 10 0.020708028 
87 367 7 9 0.020661527 
583 479 7 10 0.020648178 
273 368 7 10 0.020642936 
703 502 7 9 0.02062151 
340 343 12 14 0.0206071 
263 366 8 9 0.020565338 
153 437 8 9 0.020565135 
902 350 8 11 0.020564958 
1002 375 7 9 0.02055084 
666 477 8 11 0.020543164 
249 422 6 8 0.020507313 
519 486 8 10 0.02049765 
735 510 7 11 0.020475678 
515 471 7 9 0.020408792 
255 405 7 10 0.02037791 
613 492 9 11 0.020371262 
248 327 7 9 0.020348944 
886 447 7 9 0.020331446 
16 367 7 8 0.02033007 
57 256 8 10 0.020327847 
894 388 8 11 0.020295572 
497 495 7 9 0.02025223 
802 359 8 10 0.020210793 
225 340 7 9 0.02017053 
960 421 8 10 0.020146603 
49 289 7 9 0.02013931 
928 406 7 9 0.02010093 
343 416 8 10 0.020093031 
912 496 7 9 0.020083113 
138 359 7 9 0.02006561 
898 376 7 8 0.020017998 
