35_Basketball_playingbasketball_35_36
29
822 56 55 98 0.97288007 
893 64 50 78 0.29885304 
48 432 235 297 0.25414935 
85 471 132 159 0.24578132 
474 283 42 59 0.19901672 
528 630 48 51 0.0715323 
654 49 63 64 0.04542334 
34 504 137 128 0.041032758 
104 616 59 62 0.040742908 
457 299 48 66 0.040038683 
117 520 74 87 0.037034802 
63 548 77 79 0.033250082 
789 231 66 57 0.032018516 
936 93 41 61 0.029376242 
581 86 8 10 0.028943699 
451 261 78 100 0.028475218 
546 613 50 56 0.027690426 
21 314 377 469 0.025657384 
508 637 45 49 0.025483778 
490 282 28 37 0.025340447 
927 95 29 49 0.025122056 
718 453 44 54 0.024967438 
643 22 67 68 0.023238536 
73 581 57 68 0.022869648 
467 275 31 46 0.022305591 
-18 370 84 142 0.022212788 
659 79 57 61 0.022132507 
572 658 11 15 0.021557173 
494 665 15 16 0.021478763 
