35_Basketball_Basketball_35_393
28
181 27 258 215 0.9110071 
757 164 43 64 0.52805907 
202 15 412 434 0.25615898 
783 94 49 58 0.19163053 
824 380 184 247 0.1830429 
-55 300 476 399 0.15300274 
533 677 13 17 0.088000886 
726 127 77 109 0.084806725 
271 170 400 400 0.08281925 
773 180 40 46 0.049412392 
794 197 31 37 0.048413977 
199 694 51 60 0.04739878 
813 98 37 43 0.039363135 
38 83 464 519 0.039044205 
782 97 27 42 0.034579363 
748 179 35 60 0.03185155 
56 615 23 32 0.03134308 
763 271 40 47 0.030412758 
781 266 51 75 0.028004691 
776 248 103 147 0.027162993 
140 354 366 479 0.026621455 
739 268 50 60 0.024907252 
579 684 28 32 0.024212565 
547 667 16 19 0.023581281 
690 93 92 135 0.023344718 
765 95 52 81 0.02303117 
701 109 187 235 0.0228584 
369 691 36 41 0.021520574 
