35_Basketball_playingbasketball_35_219
125
242 682 105 117 0.9995995 
926 860 70 92 0.9978531 
699 1047 69 86 0.9978102 
464 958 67 82 0.99720144 
811 945 77 103 0.99204963 
582 859 34 49 0.98025906 
687 919 24 40 0.9802169 
830 885 24 30 0.2667951 
630 30 12 18 0.2089121 
236 435 12 15 0.19291513 
227 450 11 14 0.14247058 
323 430 15 19 0.13820617 
615 139 14 17 0.12904985 
708 91 56 73 0.12250568 
615 147 14 17 0.107188754 
761 153 25 31 0.09764613 
212 468 13 18 0.096673615 
483 95 16 19 0.084811196 
994 230 15 20 0.08026682 
404 340 15 19 0.073653914 
333 398 23 29 0.07224195 
204 422 14 17 0.070929535 
598 148 362 494 0.06974266 
462 304 9 12 0.06952205 
175 494 10 12 0.06934839 
382 415 17 22 0.0677205 
700 19 360 474 0.06553423 
230 466 14 19 0.06331768 
332 393 17 21 0.060880616 
198 425 14 17 0.05911247 
449 49 364 456 0.058873627 
446 403 13 18 0.058845367 
483 232 17 20 0.058406677 
268 520 16 19 0.055073958 
440 373 13 17 0.053830154 
286 431 13 17 0.053492613 
737 887 55 57 0.051056717 
475 94 18 23 0.047934726 
221 473 15 20 0.04506195 
499 11 12 15 0.04486572 
602 123 13 17 0.044780057 
310 371 14 19 0.04440663 
210 499 12 16 0.04354289 
265 402 13 16 0.041229542 
327 454 13 16 0.039905094 
364 377 15 19 0.038750917 
223 298 11 14 0.03781573 
339 388 15 17 0.03732579 
301 348 13 16 0.036636874 
287 406 13 16 0.03568138 
216 445 9 12 0.03533727 
985 1066 40 51 0.033626273 
337 408 24 30 0.03309658 
590 103 10 12 0.03301294 
776 328 23 31 0.03279568 
398 402 16 21 0.032572374 
478 360 13 16 0.032199427 
468 97 16 21 0.03189894 
762 870 33 31 0.031441722 
342 424 15 19 0.031227129 
331 433 14 18 0.030622931 
179 371 14 19 0.030589616 
278 485 13 19 0.030546214 
481 338 11 16 0.030266356 
607 140 14 16 0.030071491 
192 502 12 15 0.02990234 
300 167 100 95 0.029858723 
372 344 17 19 0.029692635 
777 914 87 116 0.02954383 
828 37 16 21 0.029123219 
807 7 12 14 0.028474817 
254 411 14 18 0.028149689 
795 14 12 14 0.027782174 
263 396 13 16 0.027709406 
819 892 31 38 0.027533188 
227 476 15 20 0.026821533 
345 386 15 17 0.0264908 
206 401 11 14 0.026485806 
212 461 12 16 0.02637386 
355 343 15 17 0.026365228 
269 441 13 16 0.02602599 
242 460 14 18 0.02582183 
276 392 13 17 0.02522965 
151 -11 421 517 0.025109094 
358 366 23 26 0.024733406 
358 402 14 18 0.02471598 
328 403 15 19 0.024668772 
701 69 90 118 0.024613414 
249 355 15 19 0.024493277 
614 230 24 30 0.024422329 
160 523 10 13 0.02430132 
650 520 32 42 0.023870379 
296 489 14 18 0.02377791 
750 881 35 39 0.023303121 
477 83 25 32 0.023182392 
312 433 14 18 0.023138402 
505 248 10 12 0.023008542 
724 866 104 114 0.023006795 
259 575 16 20 0.022909872 
147 491 11 14 0.02286086 
340 431 15 19 0.022621667 
773 23 14 18 0.022308046 
193 423 12 15 0.022306893 
234 279 9 12 0.022230804 
234 425 20 25 0.02221094 
232 431 12 15 0.022040114 
878 253 11 13 0.02200038 
379 394 14 18 0.021722686 
356 575 16 22 0.021668836 
214 452 11 13 0.021533623 
405 381 10 13 0.021471016 
532 80 130 157 0.021391414 
300 364 16 20 0.021341702 
204 415 15 16 0.02115762 
836 899 35 40 0.020863546 
292 476 23 30 0.020672688 
229 385 15 18 0.020557415 
180 420 12 14 0.02051805 
277 434 14 17 0.020349614 
417 1158 42 45 0.020282289 
282 308 420 522 0.020103099 
743 151 29 34 0.020079743 
328 387 14 17 0.020050012 
610 151 20 23 0.020044778 
233 458 21 27 0.020035245 
