35_Basketball_basketballgame_ball_35_276
64
491 131 58 66 0.99963295 
235 0 59 48 0.99947625 
277 165 55 75 0.99933475 
936 154 67 73 0.99931574 
14 -1 59 55 0.99903333 
67 182 56 63 0.99807537 
670 124 66 86 0.9973207 
961 43 53 68 0.9967997 
19 124 39 64 0.9853989 
424 47 66 57 0.9845197 
743 1 43 25 0.18453084 
392 27 45 57 0.16130951 
967 15 52 67 0.15495011 
578 4 32 27 0.13537915 
413 22 55 68 0.105528876 
979 -2 35 34 0.10253371 
167 0 46 47 0.08498124 
112 87 46 57 0.07534087 
991 461 14 18 0.071472354 
397 379 24 33 0.069875464 
407 491 17 22 0.068536885 
23 104 49 65 0.06305088 
748 4 42 46 0.062089343 
591 3 20 18 0.05623709 
940 548 14 16 0.054112237 
614 51 26 34 0.04494061 
582 10 34 41 0.041294068 
724 377 57 51 0.040129695 
147 0 44 46 0.039006095 
958 37 26 35 0.038660415 
1 1 28 45 0.03496518 
835 7 34 37 0.03285868 
999 522 24 31 0.031231811 
335 194 13 17 0.030854117 
890 27 33 40 0.030323887 
46 139 37 55 0.029110534 
789 33 46 55 0.027072517 
588 28 33 41 0.026634661 
814 41 16 19 0.026391523 
357 162 23 30 0.026263854 
471 370 29 31 0.026091723 
945 584 27 29 0.025925035 
3 0 12 13 0.025129508 
1005 530 15 18 0.024661873 
466 379 86 107 0.024246166 
177 330 33 51 0.02413192 
342 0 54 52 0.023929782 
0 25 10 19 0.023790332 
932 548 25 29 0.022913545 
318 7 53 49 0.022691576 
447 137 45 52 0.022553032 
54 159 51 71 0.022537682 
605 33 30 37 0.021824269 
546 253 26 33 0.021666944 
956 21 23 34 0.021416577 
49 118 33 48 0.021293519 
821 66 33 43 0.021110715 
942 52 25 38 0.020907758 
972 553 25 31 0.020796997 
190 1 32 40 0.02063338 
627 63 26 38 0.020572357 
354 14 55 54 0.020380463 
610 -1 15 13 0.02032009 
426 421 14 17 0.020032447 
