35_Basketball_playingbasketball_35_632
58
908 482 17 21 0.9577542 
126 442 20 25 0.81506294 
330 515 47 42 0.37500674 
721 486 14 17 0.3156 
449 324 40 41 0.3014612 
452 455 31 40 0.29695246 
961 129 24 30 0.15552264 
31 508 8 10 0.15033744 
478 355 26 28 0.14849532 
139 491 11 13 0.11749059 
849 94 25 30 0.0794458 
888 39 24 28 0.07858792 
29 662 10 13 0.075698994 
929 122 43 49 0.071608886 
38 510 9 12 0.06642986 
647 281 7 10 0.06351542 
963 142 24 32 0.05081758 
0 650 11 15 0.050728712 
137 448 16 21 0.048380986 
929 118 30 33 0.04627476 
323 537 30 35 0.04547953 
891 484 24 31 0.039960522 
109 166 14 16 0.038485005 
471 338 32 32 0.034668706 
586 278 7 10 0.03336059 
206 328 9 12 0.032860193 
939 136 45 52 0.032277968 
23 540 12 15 0.030902116 
303 686 13 15 0.030472308 
135 497 12 15 0.03031022 
37 505 8 10 0.02955405 
935 123 14 18 0.029398493 
942 173 50 62 0.027974218 
294 709 22 31 0.027714841 
238 351 11 13 0.027694805 
720 480 11 15 0.027476793 
862 36 43 48 0.027328726 
38 514 12 14 0.025926199 
182 478 11 14 0.02460407 
893 222 49 68 0.024062498 
641 279 8 10 0.023967411 
585 284 8 11 0.023951879 
451 339 53 47 0.023617579 
822 85 34 36 0.023169681 
30 515 11 13 0.021799244 
220 349 11 13 0.021745956 
945 225 50 63 0.021407912 
833 83 40 48 0.021319669 
876 204 79 110 0.021058401 
981 242 14 18 0.021002386 
896 246 30 43 0.02097682 
688 318 8 9 0.020853437 
631 278 8 11 0.020761685 
717 495 14 17 0.020632157 
870 486 13 16 0.020372199 
560 285 8 11 0.020291168 
709 502 45 54 0.020251304 
328 555 32 30 0.02020672 
