11_Meeting_Meeting_11_Meeting_Meeting_11_865
100
349 372 330 421 0.9972385 
0 428 97 118 0.21436714 
301 1261 16 24 0.1870106 
359 1317 21 29 0.15273343 
223 1195 29 33 0.11201647 
372 1104 15 20 0.10722982 
263 1244 12 16 0.08488574 
354 1279 17 21 0.07874497 
382 1100 14 20 0.07481238 
467 1471 23 30 0.06710119 
492 1486 23 27 0.06671854 
359 1331 23 34 0.06341501 
559 1106 15 19 0.059295468 
422 1109 15 17 0.0582718 
316 1257 21 30 0.055788703 
469 1354 16 22 0.055104975 
418 1106 26 29 0.052043963 
477 1347 16 22 0.05161495 
352 1363 19 23 0.048011765 
431 1380 16 22 0.04779849 
291 1267 21 28 0.04671054 
398 1109 21 28 0.04367319 
332 1150 28 34 0.04364068 
413 1116 14 17 0.043372527 
216 1204 27 31 0.041625034 
333 1281 20 26 0.04128733 
447 1088 15 19 0.04017161 
214 1186 49 58 0.040125433 
468 1082 17 20 0.03985848 
408 1110 23 28 0.03981619 
402 1109 13 17 0.03810995 
394 1099 15 19 0.038042646 
407 1021 400 451 0.037306383 
472 1080 28 36 0.036391493 
328 1091 10 12 0.034732465 
435 1372 24 31 0.034225475 
351 1347 24 33 0.034089442 
273 1302 40 56 0.033547785 
476 1080 17 23 0.03346528 
362 1277 15 20 0.03344479 
492 1085 13 16 0.03317944 
306 1268 15 22 0.032511465 
376 1095 11 13 0.03116523 
394 1250 18 24 0.031114832 
476 1439 24 26 0.029812701 
341 1094 9 12 0.029012648 
355 1250 17 20 0.028692018 
350 1101 11 15 0.02845099 
366 1102 14 17 0.028384164 
358 1099 20 30 0.027857771 
49 420 103 118 0.027782504 
547 1098 24 30 0.02767528 
332 1157 41 56 0.027396848 
209 1210 45 56 0.027098464 
335 1460 30 38 0.026970036 
353 1139 17 21 0.026968831 
416 1438 10 12 0.026528703 
299 1277 15 19 0.026028346 
195 1274 31 35 0.025750509 
369 1328 16 22 0.025512703 
260 1268 11 14 0.024864785 
292 1420 13 15 0.024517521 
343 1100 11 14 0.023988418 
425 1097 27 32 0.023970684 
327 1168 29 35 0.0239272 
336 1088 8 10 0.02391813 
386 1093 19 22 0.02388734 
434 220 117 134 0.023616424 
299 1387 13 16 0.02352977 
360 1083 10 13 0.023488281 
411 1125 15 21 0.023393413 
460 1087 17 20 0.02334043 
393 1387 14 16 0.023206403 
340 1378 12 17 0.02302662 
456 1463 25 33 0.023010535 
294 1260 15 22 0.022944476 
860 527 110 137 0.022913411 
193 1303 96 133 0.022685185 
412 1099 45 53 0.022620048 
540 1157 15 20 0.02257635 
557 1106 25 34 0.022529993 
444 1480 25 31 0.022485837 
222 1172 34 42 0.02237882 
286 1140 14 18 0.022258151 
527 1084 24 32 0.022255609 
30 523 216 304 0.022081984 
319 1301 12 15 0.021907879 
522 1137 15 20 0.021886656 
37 466 363 438 0.021514632 
433 1107 16 20 0.021513863 
277 1405 12 15 0.021353964 
339 1276 16 21 0.021319121 
483 1077 27 33 0.020831313 
482 1338 16 24 0.020815248 
469 1446 24 28 0.020734334 
285 1274 16 20 0.020629127 
334 1108 12 14 0.020547194 
480 1482 23 29 0.020263389 
208 1234 27 32 0.020199135 
341 1105 12 16 0.020008309 
