11_Meeting_Meeting_11_Meeting_Meeting_11_287
59
568 228 40 58 0.9980787 
732 369 33 54 0.9940403 
318 405 37 60 0.9930992 
513 352 26 35 0.53121376 
250 8 18 19 0.32804334 
731 515 22 38 0.27855656 
395 482 24 43 0.20776577 
640 443 26 43 0.12516978 
199 447 32 45 0.11735232 
13 371 22 38 0.088521816 
206 520 37 56 0.08033763 
303 0 26 28 0.0714119 
524 346 14 17 0.066222645 
140 280 431 429 0.06610604 
738 513 38 45 0.06521169 
67 540 13 14 0.062215425 
627 514 41 62 0.055672724 
241 428 27 46 0.054575533 
104 539 35 34 0.05387119 
417 445 51 51 0.04930137 
845 532 40 45 0.046241924 
96 547 29 32 0.04527714 
0 369 22 43 0.045178477 
309 14 18 21 0.044437617 
716 461 31 32 0.042973116 
521 340 23 29 0.041073658 
20 376 33 39 0.040954895 
240 400 44 54 0.035728116 
223 490 46 52 0.034034774 
347 424 46 55 0.033893254 
832 524 29 37 0.033358384 
199 506 39 48 0.032415673 
724 500 25 45 0.031057732 
14 373 13 22 0.029678097 
700 521 40 52 0.029616429 
512 359 15 22 0.028806256 
158 489 40 42 0.027861647 
754 507 42 47 0.027641078 
536 -25 405 499 0.027068952 
867 529 26 33 0.026576376 
205 465 37 42 0.02653385 
645 512 33 47 0.026433127 
223 522 31 47 0.026191771 
279 394 28 45 0.02572573 
513 329 44 53 0.025689593 
549 331 15 17 0.02532773 
531 345 28 32 0.025132934 
530 345 18 20 0.024953175 
729 521 13 22 0.024821581 
557 498 43 56 0.023741506 
750 527 38 38 0.023592528 
-42 265 451 492 0.022832884 
100 553 16 20 0.022643834 
236 486 32 31 0.022513611 
64 535 13 15 0.022071932 
547 357 16 20 0.021463647 
300 391 44 64 0.021341588 
36 374 29 33 0.020513596 
2 594 29 41 0.020326132 
