11_Meeting_Meeting_11_Meeting_Meeting_11_385
201
943 248 49 83 0.9994116 
830 90 25 34 0.9971276 
160 209 29 47 0.99567837 
771 216 39 44 0.9925148 
656 161 24 30 0.9885289 
834 219 37 41 0.987833 
711 170 24 35 0.98306435 
281 180 23 33 0.97563964 
432 102 9 12 0.9571606 
361 153 15 21 0.9546083 
772 146 13 16 0.93392855 
802 175 25 36 0.9213403 
37 263 49 71 0.9191205 
911 162 14 18 0.90091085 
288 172 23 30 0.8832476 
384 148 13 17 0.87887603 
69 226 40 54 0.8377153 
600 147 11 14 0.8341817 
758 145 12 17 0.8044099 
959 164 17 19 0.8007927 
297 168 20 26 0.79968226 
705 111 10 14 0.7991835 
620 146 13 17 0.72186947 
737 100 8 12 0.68513924 
575 107 9 12 0.6425838 
791 136 10 14 0.64182067 
661 134 13 17 0.60253483 
454 146 9 13 0.5974294 
885 178 15 19 0.51923805 
644 158 13 18 0.4900411 
550 106 10 13 0.39208782 
583 150 9 12 0.38241416 
591 169 10 14 0.35251972 
971 162 14 17 0.32556146 
324 197 17 22 0.2941623 
307 112 17 21 0.27528495 
788 168 15 18 0.2565941 
868 216 34 41 0.23673655 
826 210 24 37 0.23407656 
525 103 8 12 0.21007916 
654 140 13 17 0.20334539 
565 184 9 12 0.20224458 
736 138 10 14 0.20112565 
795 164 15 19 0.1967991 
514 114 13 17 0.19306304 
812 118 16 23 0.18023978 
817 376 62 49 0.17684335 
715 161 19 26 0.17187282 
761 222 31 37 0.16979194 
1008 172 13 20 0.1649083 
645 149 13 17 0.1603184 
434 174 9 12 0.15329538 
518 108 12 15 0.14613773 
792 168 23 28 0.14072487 
662 130 9 11 0.13968006 
616 144 12 15 0.13770922 
738 179 12 16 0.1361933 
376 169 13 17 0.13517694 
196 263 29 33 0.13129103 
784 606 80 63 0.1300141 
649 153 21 27 0.12510818 
53 237 49 70 0.11387709 
575 180 10 12 0.112744235 
711 132 11 14 0.10899181 
594 137 8 10 0.104536325 
753 224 25 32 0.10442496 
313 95 9 11 0.100288205 
418 23 23 27 0.09446536 
815 181 27 31 0.09100937 
710 140 13 15 0.0883566 
714 109 9 12 0.08596373 
438 169 9 11 0.07960954 
629 143 9 13 0.0762605 
370 18 26 27 0.0753108 
315 119 13 17 0.07437897 
788 178 27 31 0.07284191 
491 181 11 13 0.07109326 
578 150 9 11 0.07042933 
648 143 12 16 0.069501705 
764 143 16 22 0.068181746 
741 141 11 15 0.067733586 
570 109 8 12 0.06536244 
593 165 13 16 0.064590596 
583 174 9 11 0.0639305 
407 176 10 12 0.06334326 
653 144 23 28 0.06315724 
400 180 12 13 0.06201476 
580 179 10 13 0.06049749 
556 108 11 13 0.058498606 
511 110 12 15 0.057818975 
310 101 13 16 0.057434265 
809 118 12 16 0.055773977 
810 112 9 11 0.05550769 
609 209 15 18 0.053901583 
606 165 12 16 0.050789226 
802 119 21 28 0.05029428 
324 190 14 19 0.04893045 
503 103 9 12 0.047492266 
504 115 10 14 0.047465976 
593 141 10 13 0.047313206 
557 102 11 13 0.046163615 
28 0 13 11 0.045951318 
751 143 11 14 0.043688837 
560 203 8 11 0.04192516 
304 108 14 19 0.04080579 
293 343 54 92 0.040061377 
819 583 116 105 0.039721802 
710 146 15 18 0.03952118 
512 120 11 14 0.039325513 
181 265 41 52 0.03833083 
603 154 13 16 0.03832329 
789 136 18 21 0.03799907 
801 163 17 23 0.03785969 
412 175 9 12 0.03780581 
451 143 9 13 0.037742727 
581 190 13 15 0.03771622 
437 215 10 14 0.03754967 
559 197 11 14 0.037524495 
589 93 9 11 0.036700286 
454 241 330 423 0.036177576 
314 108 14 20 0.03609533 
783 176 16 21 0.035737142 
587 194 15 16 0.035324983 
759 295 36 37 0.03376198 
388 189 13 13 0.033170555 
709 156 17 21 0.033125393 
525 112 12 19 0.03229847 
432 178 9 11 0.03223033 
990 189 15 19 0.030480608 
349 306 28 33 0.030229513 
737 162 14 17 0.030148415 
904 207 26 33 0.02959044 
559 97 9 11 0.02935841 
547 103 9 13 0.029002402 
560 128 10 12 0.028967965 
354 28 12 16 0.028900893 
853 246 28 33 0.028884506 
322 15 26 27 0.02873891 
878 584 62 83 0.028582694 
933 181 12 16 0.028399644 
702 121 11 14 0.027879203 
809 78 9 10 0.027421217 
1013 167 11 18 0.02733656 
599 212 14 16 0.027196456 
981 189 26 29 0.027125798 
551 190 9 13 0.027112434 
791 113 9 12 0.027021497 
504 109 10 14 0.026849905 
698 115 11 15 0.026419006 
826 201 18 28 0.026402725 
429 98 16 21 0.026023883 
28 352 45 65 0.02575898 
305 103 11 15 0.025357401 
559 180 18 22 0.025322223 
584 145 10 12 0.02513624 
568 115 9 12 0.025115905 
575 82 97 118 0.024982406 
189 248 26 33 0.024963044 
47 13 11 12 0.024949288 
664 138 13 17 0.024671381 
885 157 9 13 0.02438278 
800 124 12 14 0.024380159 
459 149 9 12 0.024078919 
390 171 12 14 0.024076588 
315 410 15 21 0.02379112 
11 0 14 12 0.023639107 
628 164 13 17 0.023446767 
369 155 14 18 0.023414912 
518 103 19 26 0.023347769 
697 125 10 13 0.023135269 
404 187 12 14 0.023118323 
437 148 11 14 0.022946622 
188 248 15 19 0.022921827 
498 115 11 15 0.022595484 
511 103 11 14 0.022234699 
575 187 11 14 0.022139424 
449 143 19 23 0.022096014 
580 104 9 11 0.022085322 
821 213 17 25 0.02177777 
396 185 14 15 0.02172305 
498 103 8 12 0.021694161 
551 126 8 11 0.021605527 
329 193 24 27 0.021594398 
204 252 15 20 0.021406978 
571 104 19 24 0.021336589 
374 233 13 17 0.021316217 
424 182 8 10 0.021238994 
589 157 12 14 0.021228768 
607 200 11 14 0.021190567 
825 169 28 33 0.02103006 
527 120 11 15 0.020991318 
854 231 34 35 0.020922873 
661 274 13 21 0.020837529 
438 158 10 12 0.02073239 
816 101 9 13 0.020583892 
929 609 34 57 0.020515578 
701 138 13 16 0.02038861 
188 231 14 22 0.020332487 
598 140 18 23 0.020237977 
723 173 21 28 0.020071907 
851 257 25 36 0.020017954 
