11_Meeting_Meeting_11_Meeting_Meeting_11_375
29
467 170 110 151 0.99950576 
226 168 97 125 0.99936944 
769 129 104 172 0.99878865 
78 205 70 88 0.9917812 
407 130 61 118 0.7922051 
349 466 42 54 0.65596604 
437 148 77 130 0.3294591 
70 394 141 109 0.15366815 
88 407 35 36 0.11929284 
842 189 121 172 0.10957083 
796 166 118 160 0.07108097 
21 354 214 184 0.060351703 
707 135 107 148 0.040306766 
78 200 39 62 0.036790226 
473 649 34 42 0.03439883 
393 108 57 106 0.032521125 
223 334 49 66 0.031103713 
402 676 18 22 0.03055672 
112 226 59 68 0.027343497 
366 131 83 129 0.025194166 
775 214 132 191 0.02479055 
123 180 85 115 0.023379276 
176 175 94 125 0.023060134 
110 403 385 498 0.021900736 
1002 603 21 39 0.021834778 
144 414 114 115 0.021156138 
900 283 63 89 0.020326274 
241 443 58 66 0.020221427 
666 123 372 418 0.020130226 
