11_Meeting_Meeting_11_Meeting_Meeting_11_774
918
14 601 51 57 0.9954269 
233 411 17 22 0.9911185 
449 436 19 24 0.9721539 
348 419 16 19 0.9691079 
708 415 15 20 0.9683436 
741 396 17 22 0.9620028 
566 472 21 27 0.9542906 
597 406 14 17 0.9498829 
402 439 21 27 0.9429426 
601 442 20 26 0.93109393 
499 421 17 23 0.9308794 
652 362 11 15 0.92906505 
475 394 14 19 0.89769936 
801 372 12 16 0.884307 
391 410 16 21 0.8720593 
298 424 16 21 0.87179244 
831 310 8 11 0.86126727 
790 353 12 14 0.834754 
454 379 11 15 0.81611377 
196 374 12 16 0.8158246 
508 365 10 14 0.8071697 
397 389 12 15 0.7504182 
174 357 12 16 0.7451156 
820 373 11 15 0.7435846 
271 348 12 15 0.74160135 
441 336 8 10 0.7400569 
424 388 12 15 0.7320523 
582 388 12 16 0.71062404 
884 324 11 16 0.70501274 
826 393 14 17 0.7025444 
545 345 9 11 0.6999968 
109 378 10 13 0.68785644 
274 404 15 20 0.68035924 
366 404 13 16 0.678912 
481 369 10 13 0.6763497 
411 358 11 14 0.6589503 
231 372 12 15 0.6281215 
764 391 14 19 0.62264615 
522 349 8 11 0.62123394 
126 388 12 17 0.61816657 
208 425 12 17 0.6126467 
102 355 13 16 0.56433123 
109 308 7 10 0.5578439 
670 308 8 11 0.5430142 
526 420 14 17 0.5394412 
61 354 11 14 0.52778214 
508 388 13 17 0.5002221 
543 465 19 27 0.4954599 
285 371 9 14 0.49335042 
132 352 10 13 0.47306338 
100 396 11 15 0.46985734 
299 389 13 18 0.4538554 
428 410 13 18 0.44916725 
944 328 11 14 0.44786954 
374 342 9 12 0.44616413 
647 450 16 20 0.4457479 
783 298 9 12 0.44198436 
238 338 9 13 0.43748462 
576 358 9 12 0.4362681 
533 364 9 12 0.43320364 
329 351 10 12 0.42820865 
462 508 22 28 0.42603102 
250 381 13 17 0.41245398 
430 350 8 11 0.40891683 
357 343 9 12 0.4035469 
47 371 13 18 0.40082425 
582 382 10 13 0.39861423 
659 391 12 15 0.39608023 
420 334 8 12 0.39112592 
68 370 12 16 0.3906814 
719 371 12 16 0.3657938 
109 337 8 11 0.36152706 
628 397 11 17 0.35926872 
743 359 9 12 0.34265164 
479 357 11 13 0.3409565 
846 365 11 14 0.34082198 
66 379 12 17 0.33653343 
333 461 13 17 0.33364 
301 340 9 12 0.3267191 
530 334 9 11 0.32361084 
312 459 16 20 0.316155 
324 375 11 14 0.31455177 
502 348 8 10 0.3115526 
232 367 12 14 0.30925676 
617 349 9 12 0.30688727 
471 428 13 17 0.29370794 
327 328 8 10 0.29255056 
735 346 9 13 0.28708544 
157 343 9 12 0.28302404 
356 347 11 14 0.2821508 
559 416 15 19 0.27975762 
417 303 7 10 0.27936807 
253 339 10 13 0.27892464 
426 392 13 18 0.27742818 
461 332 9 12 0.2770213 
565 382 10 13 0.2744566 
632 349 8 11 0.2712484 
497 348 9 11 0.2673711 
376 366 12 15 0.26244885 
350 372 11 14 0.25954756 
13 96 7 10 0.25901702 
369 334 9 11 0.25799862 
68 350 10 12 0.2562522 
149 402 12 17 0.25409707 
376 346 10 13 0.24659051 
326 332 8 11 0.24219428 
184 342 8 10 0.24218914 
1 374 15 20 0.2419059 
304 357 11 15 0.2413339 
380 370 11 14 0.23207569 
93 101 8 11 0.22600926 
481 352 8 11 0.22246213 
430 443 13 19 0.219143 
144 366 11 15 0.21779379 
457 355 10 13 0.21478812 
278 340 10 12 0.21459258 
437 410 13 18 0.21407208 
158 348 9 12 0.21204922 
583 430 13 18 0.21166849 
532 464 23 28 0.2079593 
297 334 8 11 0.20579125 
214 304 7 9 0.20516066 
295 328 8 10 0.2025814 
542 389 12 15 0.20207684 
404 339 9 13 0.19314806 
447 103 13 16 0.19069728 
417 325 9 11 0.19056326 
646 297 7 10 0.18911722 
230 356 11 13 0.1873685 
143 119 8 10 0.18468171 
245 361 10 14 0.1817187 
525 309 8 10 0.18140978 
116 414 13 15 0.17554371 
887 347 13 17 0.17344849 
771 348 12 15 0.1715705 
157 394 12 16 0.17139539 
704 357 9 12 0.16547428 
579 409 11 17 0.16410643 
152 342 9 11 0.16241482 
860 413 9 12 0.16167922 
642 296 7 10 0.16118483 
321 335 8 10 0.15924537 
661 436 15 21 0.1583739 
343 398 12 16 0.15786181 
334 301 8 11 0.15742405 
201 342 10 13 0.1570935 
509 360 9 12 0.15698598 
567 341 8 11 0.15509656 
570 442 13 18 0.1535962 
94 389 14 16 0.15340629 
416 320 8 10 0.15283477 
630 344 9 12 0.15133613 
357 439 14 18 0.14853851 
348 364 12 15 0.14751554 
628 434 13 17 0.14476168 
392 326 9 11 0.14305875 
781 370 13 15 0.14233711 
127 433 16 19 0.14130571 
522 304 8 10 0.14023718 
264 327 8 11 0.1383405 
130 334 7 10 0.13773541 
461 352 9 12 0.13750234 
559 358 8 10 0.13731256 
345 326 8 11 0.13713913 
248 335 10 13 0.13614601 
796 350 9 13 0.13512042 
144 341 10 11 0.13376883 
280 367 11 14 0.13336349 
604 373 12 15 0.13317181 
85 411 11 14 0.13126175 
705 352 9 11 0.13116398 
540 418 12 16 0.13051574 
633 357 10 13 0.13039678 
78 395 11 14 0.12893596 
781 402 15 20 0.128856 
631 412 12 16 0.12762496 
903 380 13 18 0.12739466 
308 361 11 15 0.12593707 
565 373 10 12 0.12464798 
118 325 7 9 0.121186525 
513 332 10 12 0.11899813 
629 391 10 14 0.11695303 
302 349 9 12 0.11665002 
517 328 9 12 0.11624515 
670 402 12 18 0.116194576 
683 473 15 19 0.11470192 
251 396 13 15 0.11445379 
401 336 10 12 0.11341519 
473 335 8 11 0.1132566 
248 327 7 9 0.113171965 
333 309 10 12 0.112666234 
828 341 13 17 0.112080045 
210 328 8 9 0.110884 
302 327 8 10 0.11079963 
127 118 8 11 0.10816453 
904 359 9 11 0.10736617 
431 356 10 14 0.10712482 
559 367 11 14 0.10649814 
730 348 9 12 0.106321946 
221 317 9 11 0.10572848 
332 355 10 14 0.10552184 
532 413 15 20 0.104435176 
621 348 9 12 0.10420675 
679 437 13 17 0.10225902 
478 334 8 11 0.101675466 
740 349 9 12 0.10068896 
40 387 10 14 0.100540504 
446 404 13 18 0.10002568 
233 335 9 12 0.09919445 
221 428 10 12 0.098119624 
222 392 10 13 0.097983934 
712 370 11 15 0.0976382 
529 328 9 11 0.096574776 
599 401 11 14 0.09571113 
709 366 11 15 0.09453891 
247 141 10 13 0.09388145 
214 328 7 10 0.09385721 
214 309 9 12 0.0923895 
92 382 13 16 0.09210859 
131 383 11 14 0.0899121 
422 340 9 11 0.08941055 
160 369 11 14 0.08911348 
639 372 9 12 0.08876181 
182 394 13 16 0.088730186 
474 339 9 12 0.08706491 
239 141 10 13 0.08653745 
838 7 13 14 0.08619695 
367 328 9 11 0.085900605 
536 388 10 13 0.085562095 
252 421 14 17 0.08493815 
435 374 12 14 0.08475121 
672 51 9 12 0.084224835 
333 296 8 10 0.083634585 
207 405 11 14 0.0834582 
416 309 8 11 0.082201414 
807 388 10 12 0.0812469 
615 344 9 11 0.0808343 
262 333 9 12 0.07969201 
877 348 14 18 0.078861706 
815 375 13 17 0.07860791 
824 333 10 12 0.07856784 
181 349 11 13 0.078093186 
176 403 12 14 0.0778538 
424 403 13 18 0.07770151 
301 382 11 15 0.07765841 
741 475 17 18 0.077064864 
600 347 9 12 0.07698819 
249 136 9 12 0.07677582 
350 334 8 10 0.07672213 
352 111 9 12 0.076605596 
113 324 8 10 0.07653676 
163 396 10 14 0.07621068 
800 344 9 11 0.07605309 
397 324 10 12 0.07586972 
112 318 9 12 0.0758671 
229 126 9 10 0.075764954 
472 382 11 15 0.07570211 
148 383 10 13 0.07515731 
528 358 8 11 0.074907355 
600 380 12 14 0.0741688 
307 421 13 20 0.07358863 
361 403 11 16 0.072955 
133 335 9 10 0.07285102 
652 444 15 21 0.07269426 
121 344 8 11 0.07242449 
158 336 8 10 0.071693376 
561 342 8 10 0.07145389 
143 428 10 13 0.07101558 
42 381 10 14 0.069950156 
223 326 8 11 0.069605336 
351 102 8 10 0.06926551 
773 401 13 17 0.06868241 
205 346 9 12 0.06864666 
150 388 11 14 0.06844484 
693 403 12 20 0.06832337 
232 140 11 13 0.06817089 
765 383 13 16 0.068051815 
456 328 9 12 0.0677176 
108 361 11 14 0.06733898 
213 403 12 14 0.067246586 
343 364 11 14 0.06682597 
302 459 11 16 0.06670368 
605 367 11 13 0.066310674 
345 333 8 10 0.06604283 
272 388 10 13 0.06588874 
446 387 10 12 0.06560304 
526 317 8 11 0.065591775 
431 363 9 12 0.06551196 
717 436 12 16 0.06540117 
687 346 11 13 0.064677976 
613 374 10 13 0.064433545 
334 317 8 11 0.06421236 
149 370 9 12 0.063874185 
786 300 10 12 0.06355171 
39 102 8 9 0.0633463 
615 411 10 13 0.06304611 
694 349 9 11 0.062756695 
360 381 10 13 0.062122814 
701 380 10 14 0.0620869 
69 345 10 12 0.06155435 
392 383 12 15 0.06133883 
364 385 13 15 0.061179888 
0 391 11 20 0.060910482 
772 434 15 18 0.060470562 
851 370 10 13 0.060371622 
784 349 12 15 0.060324427 
55 395 11 13 0.060118448 
399 321 10 11 0.06005947 
164 411 12 16 0.05997415 
1 355 10 15 0.05961609 
598 387 12 15 0.0595448 
213 132 9 10 0.059284452 
127 342 8 11 0.059009127 
773 343 11 13 0.059006963 
334 397 12 17 0.05887326 
117 321 7 10 0.058665752 
63 384 12 16 0.058617435 
102 319 9 12 0.058539275 
150 419 11 15 0.05832812 
480 328 8 11 0.058116272 
441 319 9 11 0.058080602 
12 340 10 15 0.057642303 
133 419 10 13 0.05764088 
128 329 8 11 0.056991775 
297 347 10 12 0.05691612 
322 327 7 10 0.056098655 
207 333 9 11 0.05578437 
165 404 10 14 0.055634066 
27 310 10 12 0.05550381 
98 324 9 11 0.055328894 
717 302 8 10 0.0551761 
258 127 7 9 0.05504478 
824 346 11 14 0.054612707 
210 309 8 12 0.054382518 
345 320 8 11 0.054205574 
165 118 8 10 0.05418827 
280 327 7 9 0.05415209 
695 372 11 14 0.05396455 
176 389 11 14 0.053604335 
755 371 11 13 0.053545773 
695 358 10 13 0.053504672 
827 333 13 15 0.0534078 
504 370 10 13 0.053017505 
484 356 10 13 0.053005323 
662 403 12 17 0.05295692 
679 467 15 19 0.052749436 
183 111 6 9 0.05261817 
692 435 13 17 0.05261058 
216 398 11 14 0.05240922 
375 442 14 20 0.052393142 
1 442 11 19 0.052317046 
685 436 12 17 0.05211873 
770 389 13 17 0.052076716 
68 357 12 14 0.052010827 
66 110 8 10 0.05198222 
75 365 11 15 0.051835224 
306 393 12 17 0.051670432 
369 339 11 14 0.051663406 
566 367 11 14 0.051524956 
28 331 12 14 0.051474195 
375 356 10 14 0.05144805 
525 404 12 14 0.05140026 
624 344 8 12 0.05138215 
432 325 9 11 0.051304206 
125 414 12 15 0.0512884 
83 419 15 21 0.05126272 
385 320 8 10 0.05104757 
447 327 8 11 0.05100701 
112 411 12 16 0.050795365 
159 435 14 19 0.05075214 
881 321 10 14 0.050604377 
487 333 9 11 0.0504412 
401 393 12 17 0.050043825 
817 342 9 12 0.05002689 
237 389 11 14 0.049694367 
199 336 10 12 0.049644187 
327 459 13 17 0.049641497 
460 429 14 19 0.04929067 
485 351 9 12 0.049237266 
420 302 9 10 0.049219392 
533 382 11 14 0.049198985 
737 356 10 13 0.049102463 
334 119 7 10 0.04869865 
350 356 12 15 0.04840925 
434 423 16 19 0.048399456 
704 362 11 15 0.048248805 
98 356 10 13 0.048131343 
275 353 12 15 0.048110306 
782 342 9 12 0.048052445 
476 380 12 16 0.047924925 
369 467 15 19 0.04787491 
366 473 16 20 0.04780707 
191 356 9 12 0.047666606 
723 366 12 16 0.04764275 
391 321 8 11 0.047581475 
176 335 7 9 0.04755676 
295 460 12 15 0.047454894 
277 381 11 14 0.04738293 
109 383 12 17 0.04707165 
1 128 10 14 0.0469391 
184 336 7 9 0.046889264 
561 388 10 12 0.046884976 
175 380 11 14 0.046771154 
243 417 13 18 0.046723694 
312 111 7 9 0.04671453 
429 382 11 14 0.04664682 
370 288 8 10 0.046583716 
129 393 13 17 0.046479013 
336 362 10 14 0.046393596 
717 325 10 12 0.04633276 
648 412 10 14 0.046246912 
562 423 15 20 0.045833442 
537 395 11 14 0.045569777 
473 364 11 14 0.045494024 
109 352 8 11 0.045403942 
781 377 14 15 0.04535743 
846 421 12 13 0.04527813 
516 394 12 16 0.04511285 
547 392 13 17 0.045009386 
179 362 11 14 0.045006756 
535 371 9 13 0.044853248 
465 395 11 16 0.044784196 
273 152 8 9 0.04451867 
880 328 12 15 0.044501837 
192 368 9 11 0.04449522 
155 400 13 18 0.04446803 
296 135 7 10 0.044433344 
253 377 10 12 0.044385415 
206 413 12 16 0.044373687 
560 336 9 12 0.04405155 
629 334 8 10 0.04367099 
344 423 14 19 0.043657918 
781 336 9 11 0.0436488 
344 371 11 15 0.043460872 
425 95 7 9 0.043380436 
661 429 14 18 0.04334595 
430 111 10 13 0.04326031 
368 317 8 11 0.04300912 
96 402 12 16 0.043000404 
297 359 10 13 0.042756993 
241 328 8 9 0.04273109 
954 362 14 17 0.042725507 
739 342 11 14 0.04269286 
156 410 14 17 0.042634506 
230 135 11 14 0.04258316 
386 326 8 10 0.042353302 
408 351 10 12 0.04225034 
345 102 7 10 0.042173225 
374 317 8 11 0.042084847 
795 420 12 17 0.042020097 
85 395 12 16 0.042017836 
230 390 12 14 0.0417397 
282 407 13 18 0.041728325 
301 402 13 16 0.041727647 
751 364 12 16 0.041723616 
12 111 11 13 0.041678473 
47 351 9 12 0.041506782 
5 152 10 13 0.0414753 
145 386 10 14 0.04142914 
760 46 9 11 0.04139884 
113 118 7 10 0.041229054 
117 372 10 14 0.041164387 
13 333 11 15 0.0411061 
551 366 10 15 0.041079927 
205 390 9 12 0.04097035 
575 374 10 12 0.040924065 
525 470 17 22 0.040257353 
788 389 12 14 0.0400009 
334 335 9 10 0.039711516 
646 404 12 15 0.03961475 
431 344 8 10 0.03928224 
267 349 9 12 0.039280467 
318 339 9 12 0.039237805 
676 395 13 19 0.039041683 
0 366 11 18 0.03898604 
326 397 12 16 0.038775574 
10 377 13 19 0.038717557 
535 405 12 15 0.03869137 
580 358 9 11 0.038628634 
760 63 9 11 0.038514808 
705 333 8 11 0.03849338 
446 398 12 14 0.038493063 
753 336 9 11 0.0384578 
408 319 7 10 0.038423426 
543 339 17 22 0.038392223 
217 315 9 12 0.038384575 
269 327 9 10 0.038349386 
686 410 15 19 0.038341705 
166 365 10 14 0.038257472 
373 287 8 11 0.038246952 
521 317 9 11 0.038162977 
289 152 9 10 0.03814626 
550 412 12 18 0.03788504 
786 396 13 17 0.03778316 
505 360 17 23 0.03773827 
603 384 13 16 0.03771961 
452 399 12 15 0.03763741 
431 320 8 11 0.03758938 
394 423 16 20 0.037565876 
370 408 13 17 0.03755648 
121 391 12 17 0.03742286 
108 405 12 17 0.037297066 
518 99 11 13 0.037276644 
555 471 17 25 0.037252672 
790 378 11 15 0.03716474 
4 346 13 18 0.03713552 
117 365 11 13 0.037131123 
872 348 12 17 0.036961954 
238 358 10 13 0.036911696 
711 326 9 12 0.03687562 
165 380 11 13 0.036848526 
421 320 8 10 0.036823723 
342 435 12 18 0.036815196 
273 334 8 10 0.036798038 
645 397 11 15 0.03679016 
248 129 8 9 0.036750108 
289 134 7 9 0.036720097 
312 335 8 11 0.036598094 
312 327 7 10 0.036597494 
606 344 9 11 0.03655649 
245 436 11 12 0.036444094 
704 328 8 11 0.036381546 
157 419 14 18 0.03630709 
552 358 9 11 0.03629902 
178 342 8 10 0.036231484 
188 389 12 17 0.036033873 
832 7 11 13 0.036013372 
746 358 12 14 0.03597795 
494 365 10 13 0.035901856 
438 395 11 15 0.035820488 
613 334 9 11 0.03567814 
723 377 12 16 0.03562414 
282 474 16 20 0.03561742 
693 397 12 16 0.03557485 
752 318 9 12 0.03552469 
328 320 10 11 0.03543384 
816 396 11 14 0.035422347 
548 384 10 12 0.0352988 
527 341 9 12 0.035273097 
625 487 23 26 0.03502087 
776 408 13 18 0.034929994 
348 326 9 12 0.034929864 
622 429 14 19 0.034762487 
486 328 9 11 0.034627628 
558 517 14 20 0.034569528 
199 395 10 12 0.03446302 
350 439 14 20 0.03443115 
704 288 8 10 0.034347773 
475 423 13 19 0.03430728 
493 357 11 13 0.034239836 
33 101 9 11 0.034192417 
640 365 10 13 0.034010068 
634 418 12 15 0.03390325 
812 426 11 16 0.033857036 
638 285 8 10 0.033752255 
672 335 8 10 0.03367869 
29 387 13 16 0.033645872 
313 321 7 8 0.03360542 
789 318 8 11 0.033463396 
533 327 9 12 0.033419505 
668 389 10 15 0.03340707 
826 373 10 14 0.033399526 
138 117 9 12 0.033352587 
289 327 8 10 0.033301268 
752 341 10 13 0.033266395 
785 319 8 11 0.033239502 
798 397 10 13 0.03323893 
661 383 11 14 0.033236764 
206 398 10 11 0.03322169 
548 426 13 19 0.033198893 
327 120 8 9 0.03309136 
8 116 11 13 0.03285077 
768 354 11 15 0.032787975 
320 320 7 10 0.032727208 
255 159 9 11 0.032673314 
442 102 11 14 0.03254902 
717 333 11 13 0.032407258 
436 439 18 24 0.032368477 
739 463 22 26 0.032252677 
412 412 10 14 0.032227874 
827 380 12 16 0.032196287 
511 341 8 11 0.032139625 
83 455 18 20 0.03203162 
909 359 10 11 0.03203072 
280 135 7 10 0.032020077 
163 149 12 16 0.03188936 
191 333 8 11 0.031838372 
556 407 14 16 0.031829115 
647 419 11 14 0.0316708 
550 404 13 17 0.031509127 
162 389 12 16 0.031392228 
543 433 14 17 0.031113056 
652 508 15 18 0.0310901 
361 326 9 12 0.031041969 
356 374 10 14 0.031022223 
180 380 11 15 0.030867515 
460 375 11 14 0.030854331 
225 332 8 11 0.0307644 
271 398 13 17 0.030698879 
446 374 11 14 0.030628791 
560 351 8 11 0.030561022 
302 372 11 13 0.030529562 
414 368 12 16 0.030483685 
293 410 13 17 0.030436551 
685 394 13 18 0.03036888 
436 357 10 13 0.030330144 
63 363 14 17 0.030298606 
100 406 14 21 0.030240906 
891 324 10 14 0.030227989 
32 117 9 12 0.03019171 
576 478 15 21 0.030094603 
460 388 11 16 0.030006777 
338 463 15 19 0.02998747 
653 402 12 16 0.029938823 
884 373 12 13 0.029906137 
314 445 13 17 0.029880736 
350 137 9 11 0.029870046 
885 362 13 15 0.029795995 
64 127 10 12 0.029708548 
684 380 11 15 0.029701058 
704 293 8 10 0.029690754 
520 420 13 18 0.029649278 
261 127 8 10 0.029620407 
852 357 12 14 0.029536735 
383 137 9 11 0.029526882 
607 333 10 11 0.029523835 
632 294 7 10 0.029506676 
705 342 10 12 0.029420143 
27 314 12 15 0.029408824 
668 427 12 17 0.029376855 
676 461 15 18 0.029375194 
566 394 12 15 0.029361257 
575 534 12 14 0.029355807 
830 326 10 13 0.029334525 
679 386 12 17 0.029320225 
918 357 8 12 0.029310808 
480 126 10 13 0.02930675 
246 452 15 19 0.029259294 
88 387 12 17 0.029188503 
372 151 10 14 0.029180966 
678 429 12 16 0.02910063 
389 374 11 13 0.029096527 
878 365 10 13 0.029095944 
662 498 16 18 0.029066017 
430 101 8 11 0.029055288 
404 410 12 17 0.028970903 
358 287 8 10 0.028955124 
284 375 12 17 0.028825568 
842 369 11 14 0.028673837 
144 410 12 17 0.028664397 
711 317 10 13 0.028540408 
620 411 13 16 0.028508868 
1 382 16 23 0.028428381 
148 425 12 16 0.02840896 
46 112 8 10 0.028397353 
614 366 9 12 0.02839029 
46 117 9 11 0.02835087 
274 143 7 10 0.028310388 
334 341 10 12 0.02830871 
168 352 10 11 0.028273433 
696 302 9 11 0.028212538 
863 354 10 14 0.028151056 
79 425 15 20 0.028083961 
114 113 7 9 0.02807648 
407 110 8 10 0.027965778 
828 304 19 24 0.027913425 
833 394 12 15 0.027870484 
456 339 9 11 0.027858878 
255 328 8 10 0.0276358 
278 143 8 10 0.027593201 
361 318 8 10 0.027584424 
710 333 9 11 0.027559703 
226 373 10 14 0.0275275 
176 329 7 10 0.02749923 
325 383 11 17 0.027485028 
135 373 10 13 0.0274511 
381 388 11 16 0.0274271 
731 449 14 20 0.027424365 
413 351 10 12 0.027320482 
568 350 8 10 0.027311247 
789 425 14 17 0.027234582 
699 436 11 15 0.027136162 
702 484 13 17 0.027065536 
254 346 9 12 0.026985072 
773 381 12 14 0.026891563 
392 392 13 17 0.02685477 
143 348 10 12 0.026831876 
360 310 9 12 0.026813336 
631 286 8 11 0.026790794 
654 434 16 21 0.026724957 
752 323 10 12 0.026724102 
342 380 11 12 0.02671615 
756 422 13 14 0.026708031 
402 365 9 12 0.026706025 
602 398 13 15 0.026683412 
253 141 8 11 0.026679276 
405 133 10 12 0.026678618 
907 374 12 16 0.026650244 
528 371 10 13 0.026636818 
632 361 9 13 0.026602676 
837 318 9 12 0.026563834 
646 341 8 11 0.026522951 
76 392 20 26 0.026482452 
158 424 19 25 0.026377866 
66 105 9 10 0.02632939 
575 353 8 11 0.026241018 
726 355 11 13 0.026223987 
577 389 11 14 0.026205925 
439 389 11 14 0.026151696 
384 103 8 10 0.026126243 
129 347 17 23 0.026120612 
135 342 8 11 0.026095511 
438 365 10 13 0.02603268 
231 111 7 9 0.026022974 
565 541 11 14 0.02595617 
757 428 13 16 0.025884949 
419 440 14 21 0.025884308 
776 336 10 11 0.025878396 
723 435 13 17 0.025854524 
168 335 8 10 0.02585276 
368 278 9 11 0.025846912 
536 342 8 11 0.025742605 
262 342 9 11 0.02571123 
263 396 9 13 0.025684934 
505 430 15 19 0.025635557 
152 337 8 10 0.025612796 
285 341 9 12 0.025597492 
385 332 9 11 0.025502546 
702 372 11 16 0.025477706 
94 453 13 17 0.025391847 
932 378 11 14 0.025254054 
315 471 17 19 0.025203818 
712 296 8 9 0.0251981 
542 365 10 14 0.025189517 
524 398 11 15 0.025155034 
128 400 12 16 0.02502517 
45 134 9 11 0.02502309 
350 96 8 10 0.025006793 
373 386 13 17 0.024978746 
747 390 14 18 0.024969641 
369 111 8 10 0.024959188 
211 431 14 17 0.024946585 
252 413 13 17 0.024939857 
549 522 13 19 0.024938008 
199 388 11 15 0.024895605 
798 80 9 12 0.024890305 
332 372 11 15 0.024872761 
438 327 10 12 0.02484947 
263 321 8 10 0.02484754 
686 374 11 14 0.024829054 
206 444 11 13 0.024817782 
380 343 10 12 0.024800055 
805 343 9 11 0.024782103 
391 331 9 12 0.024721382 
368 311 9 12 0.024719523 
582 459 12 18 0.024710553 
241 321 8 10 0.02469248 
445 319 8 10 0.024659058 
829 421 11 13 0.024635755 
712 436 12 16 0.02461227 
363 481 20 24 0.024596563 
328 341 10 14 0.024527121 
429 96 8 10 0.024397882 
422 357 10 13 0.024283113 
528 386 10 14 0.024282388 
58 401 22 29 0.024241256 
812 390 12 15 0.024223555 
841 358 10 13 0.02410053 
438 329 17 23 0.024079727 
761 52 10 12 0.024079546 
935 343 10 13 0.024055893 
784 452 16 18 0.024041321 
375 111 8 11 0.02404019 
137 125 9 11 0.023980238 
373 379 13 16 0.023977878 
208 160 9 11 0.02386273 
190 329 8 9 0.02382221 
856 350 10 12 0.023792185 
615 420 11 14 0.023761792 
200 410 12 16 0.023694547 
785 88 8 11 0.023663567 
185 329 7 9 0.023593396 
373 293 8 9 0.023531472 
182 373 10 13 0.023526551 
629 328 8 10 0.023521528 
148 386 17 24 0.023508701 
236 380 11 14 0.023491235 
403 573 16 21 0.023479367 
224 352 10 13 0.023459341 
346 136 8 11 0.02338974 
152 347 9 12 0.023333428 
620 418 13 18 0.023315974 
451 408 13 16 0.023293171 
280 129 7 9 0.023280555 
295 127 8 10 0.023180358 
160 382 12 15 0.023168763 
173 408 14 18 0.023136001 
1 343 20 31 0.023062866 
423 363 10 14 0.023058232 
492 334 10 11 0.022968872 
634 374 8 11 0.022962827 
22 386 13 18 0.022896795 
34 380 19 25 0.022885242 
653 429 14 17 0.022835618 
343 412 14 19 0.02281255 
150 359 10 13 0.022760624 
254 134 9 11 0.02273577 
356 110 9 11 0.02272181 
216 391 10 13 0.022705829 
505 326 8 10 0.02268456 
344 110 9 11 0.022663433 
302 135 8 10 0.022637311 
92 408 13 19 0.022612015 
87 351 10 12 0.0226069 
220 401 12 15 0.022601597 
312 116 7 10 0.022528503 
635 350 9 12 0.022505319 
852 418 12 14 0.02248086 
626 286 9 11 0.0224708 
722 449 19 26 0.022465147 
247 427 12 15 0.022447163 
602 375 18 22 0.022226717 
32 111 10 12 0.022202296 
719 341 10 12 0.022188399 
882 381 14 17 0.022180915 
407 324 8 11 0.02216504 
61 345 19 23 0.022154406 
46 356 12 15 0.022149561 
104 302 17 23 0.022076296 
891 343 11 15 0.021975344 
517 366 10 13 0.021948611 
750 347 12 13 0.0219468 
519 401 11 15 0.02191351 
61 414 15 19 0.021910928 
367 302 8 11 0.02184287 
426 433 19 25 0.021823864 
351 141 10 12 0.021798288 
662 76 11 14 0.021743165 
678 335 9 10 0.021726666 
571 461 15 18 0.02166477 
374 277 8 11 0.021642746 
363 436 13 19 0.021563224 
113 459 17 20 0.021532819 
616 396 11 15 0.02151428 
247 321 7 10 0.021414796 
404 382 12 16 0.021406932 
648 311 8 11 0.02138905 
39 128 10 11 0.021362372 
736 363 11 13 0.021351056 
101 488 13 15 0.021329878 
425 99 8 11 0.021294272 
381 378 11 16 0.021286134 
943 322 18 23 0.021275636 
553 519 21 30 0.02122198 
649 317 8 11 0.021217156 
919 352 8 11 0.021213088 
381 358 9 12 0.02120481 
296 329 17 23 0.021202488 
333 445 21 27 0.021197818 
653 501 14 17 0.021186385 
40 340 10 13 0.021130072 
879 371 10 13 0.021128347 
359 279 8 10 0.021110184 
634 434 13 18 0.021085393 
346 142 9 11 0.021068422 
573 352 18 24 0.021058396 
248 374 10 13 0.021055494 
143 358 10 13 0.021030772 
372 397 13 18 0.021026729 
272 460 12 14 0.021020895 
640 56 10 12 0.021001661 
835 331 12 15 0.020886306 
948 354 22 29 0.020881232 
348 465 15 20 0.020879691 
135 135 10 13 0.020878648 
355 412 14 18 0.020873846 
538 117 13 14 0.020870043 
838 323 10 14 0.020860817 
625 388 18 24 0.020834606 
37 334 10 14 0.020832416 
158 407 21 25 0.020811008 
106 330 17 23 0.020783342 
321 349 10 13 0.020782359 
261 132 9 11 0.020765388 
201 427 12 16 0.020761691 
613 489 17 19 0.02074634 
287 389 12 15 0.020741435 
718 385 12 16 0.020730242 
799 387 10 14 0.02067751 
452 424 14 17 0.020665383 
303 320 7 9 0.020617895 
717 405 14 18 0.020609206 
780 294 9 13 0.02055963 
326 363 11 15 0.020556351 
489 341 9 11 0.020549648 
300 411 15 20 0.020500572 
540 124 12 13 0.020441955 
488 86 10 11 0.02042673 
657 363 11 15 0.020406436 
346 366 18 23 0.020393277 
484 390 11 15 0.020353612 
815 368 12 16 0.020336602 
230 119 9 11 0.020334652 
368 357 9 12 0.020323541 
651 420 13 15 0.020319173 
755 347 12 15 0.020299528 
121 118 8 11 0.020287197 
232 160 9 11 0.020277971 
341 390 13 15 0.020277299 
646 390 11 15 0.020250602 
416 387 12 15 0.02022447 
744 289 214 215 0.020137044 
119 111 7 10 0.020132678 
717 319 9 12 0.020115485 
588 374 11 13 0.020092586 
658 447 15 20 0.020090658 
271 453 12 16 0.020057922 
288 427 14 19 0.020042285 
