11_Meeting_Meeting_11_Meeting_Meeting_11_349
139
475 50 16 20 0.99556255 
524 50 17 21 0.99200386 
666 46 18 22 0.9904336 
699 63 16 19 0.9731204 
629 57 20 27 0.97288847 
427 37 16 22 0.9640617 
587 51 17 24 0.9615667 
203 171 65 120 0.95099616 
145 35 19 26 0.93740284 
981 51 13 15 0.8938842 
825 52 17 24 0.8909122 
727 56 19 22 0.8715057 
858 55 15 19 0.81486505 
894 51 11 14 0.7559928 
788 59 12 17 0.66579974 
606 50 17 22 0.6148242 
748 91 16 19 0.46177483 
821 68 18 23 0.29457888 
574 110 14 16 0.21304792 
901 53 10 14 0.19256711 
643 102 18 22 0.16151108 
835 34 12 15 0.15133281 
913 76 12 14 0.13001654 
399 78 11 13 0.11760198 
909 55 10 13 0.11613434 
953 53 8 10 0.10613653 
803 117 15 21 0.10418896 
600 97 14 18 0.10112375 
986 56 14 17 0.08550569 
572 24 15 19 0.08474333 
462 83 14 17 0.07890365 
414 339 45 55 0.07711672 
603 59 19 22 0.075746305 
556 57 14 18 0.0746359 
555 93 12 16 0.073422395 
967 53 9 12 0.072017305 
782 62 16 20 0.07076755 
853 45 11 13 0.062528305 
575 51 16 18 0.06016083 
819 100 13 16 0.059629798 
513 11 14 18 0.059119996 
852 63 16 21 0.05834352 
594 52 22 28 0.055318624 
774 62 14 20 0.054845095 
370 58 11 14 0.05469838 
758 69 11 14 0.053382047 
846 36 12 16 0.053048935 
706 143 24 28 0.052323855 
926 53 10 11 0.05177114 
498 91 14 17 0.050654057 
823 126 13 16 0.05014071 
959 53 8 10 0.04810593 
735 48 13 17 0.0475059 
794 128 15 19 0.046544522 
855 85 13 17 0.046397593 
867 53 12 17 0.04376825 
498 82 13 18 0.043123774 
149 181 87 121 0.042306986 
424 377 32 34 0.041747507 
927 49 8 10 0.041382562 
403 85 12 15 0.040171023 
307 361 51 49 0.039905455 
878 69 12 15 0.039484773 
773 74 11 16 0.039289333 
845 57 15 18 0.0389787 
965 61 9 12 0.038851887 
960 63 9 12 0.038681574 
570 109 11 14 0.03839743 
447 140 13 16 0.038030766 
986 49 13 16 0.036439423 
879 84 14 17 0.035528727 
868 82 13 17 0.03445257 
848 67 12 17 0.034398634 
964 69 9 13 0.033430714 
848 119 9 10 0.03261462 
575 31 22 27 0.032246996 
637 109 23 26 0.031126915 
776 93 11 14 0.03075277 
610 100 15 20 0.030456522 
921 48 8 9 0.030431878 
829 48 12 16 0.030361753 
640 2 18 21 0.029802902 
795 1 14 17 0.028726429 
560 182 9 12 0.028576167 
919 54 10 11 0.02854741 
566 22 14 19 0.028407848 
999 133 11 14 0.028403122 
463 61 10 14 0.028173693 
889 48 11 15 0.027609507 
459 14 14 21 0.027598128 
834 41 14 19 0.027547892 
573 180 45 53 0.027373124 
916 60 12 15 0.027350364 
834 55 13 19 0.026778849 
455 62 10 14 0.026579263 
658 46 19 26 0.0265031 
652 49 15 21 0.026461132 
989 65 15 16 0.026345467 
53 0 71 70 0.026042504 
771 134 15 19 0.026024733 
804 126 16 19 0.02579065 
885 77 12 14 0.025552329 
456 78 11 15 0.025435325 
767 66 11 17 0.025210753 
571 110 25 27 0.024804445 
870 119 11 13 0.024545299 
514 84 16 20 0.02445345 
810 116 13 18 0.024351139 
563 50 15 19 0.024204694 
797 83 12 16 0.023998754 
458 5 15 18 0.023889842 
485 85 14 17 0.023856018 
498 2 14 17 0.023471989 
749 69 13 17 0.023091564 
440 136 23 28 0.022782424 
870 76 12 15 0.022674246 
977 47 11 16 0.022590926 
909 68 19 23 0.022555927 
738 65 15 18 0.02235811 
953 60 10 13 0.022351135 
769 75 10 14 0.021905622 
821 27 11 16 0.021680363 
229 279 120 133 0.021675527 
794 60 10 15 0.021665862 
936 63 10 13 0.021619327 
1006 65 14 17 0.021584043 
398 126 42 58 0.021572547 
431 58 12 16 0.02157106 
790 85 12 14 0.021543946 
838 23 9 13 0.021243239 
427 132 15 19 0.02121135 
579 20 14 18 0.021030543 
467 88 13 16 0.02084788 
861 88 15 17 0.020715112 
755 2 16 19 0.020709723 
804 73 12 17 0.0206761 
892 78 11 12 0.020225557 
476 107 16 19 0.020048609 
566 29 21 28 0.020007258 
