11_Meeting_Meeting_11_Meeting_Meeting_11_206
79
801 215 36 50 0.99876946 
90 320 43 65 0.995769 
475 256 34 45 0.99396557 
188 365 45 85 0.9934477 
301 279 34 44 0.98906493 
616 235 33 44 0.9854966 
51 191 14 20 0.9758505 
141 186 16 22 0.96893185 
315 185 15 18 0.9552601 
958 305 41 74 0.8949334 
870 306 40 71 0.8529048 
220 187 16 23 0.567215 
275 191 15 20 0.42462057 
332 210 16 21 0.28587914 
893 245 48 49 0.25829068 
838 237 31 38 0.2354908 
283 190 15 19 0.2154699 
92 210 14 22 0.2070116 
95 205 13 18 0.17664059 
85 215 17 21 0.11971532 
566 265 31 36 0.08238849 
534 456 52 61 0.073651366 
846 310 46 67 0.07015287 
188 274 40 47 0.06473299 
191 355 32 56 0.06342006 
348 179 13 16 0.062424745 
191 187 12 17 0.06062635 
574 208 30 36 0.06057845 
245 191 10 14 0.058581784 
590 439 31 55 0.0541762 
284 180 14 19 0.05151078 
878 269 51 72 0.05079437 
31 221 11 13 0.050060693 
291 187 11 18 0.049541984 
949 280 47 73 0.048223343 
265 190 20 27 0.044364125 
361 248 13 18 0.04373272 
405 236 11 14 0.04176453 
148 300 40 50 0.041093346 
561 458 50 57 0.040813006 
59 346 27 46 0.04031908 
832 250 37 43 0.04025327 
611 208 24 26 0.040041994 
901 310 52 74 0.039833177 
77 218 18 20 0.038694385 
906 257 54 70 0.03570476 
261 224 13 17 0.035663933 
271 227 24 34 0.03447856 
761 497 33 36 0.034384105 
592 417 29 47 0.034261744 
164 286 37 46 0.033802137 
205 184 21 27 0.03012333 
613 224 29 37 0.02886416 
320 181 15 19 0.027670199 
325 172 12 17 0.027392948 
425 190 10 14 0.02690726 
199 339 47 68 0.026670376 
824 330 61 75 0.025394822 
246 269 32 46 0.025115736 
806 333 99 116 0.025026193 
318 176 12 16 0.024555637 
449 193 12 15 0.024225779 
214 197 16 19 0.023802733 
975 308 47 76 0.02370572 
68 209 16 20 0.023383591 
934 319 60 82 0.022869043 
320 481 64 77 0.022779666 
220 210 14 17 0.022557596 
277 182 15 18 0.022372546 
135 188 16 21 0.021693828 
325 168 10 12 0.021597918 
274 450 104 128 0.021539474 
428 192 13 17 0.021381347 
613 206 14 18 0.021160413 
195 182 12 16 0.020547114 
158 204 13 16 0.020378556 
97 214 15 21 0.02036386 
320 387 47 61 0.020211004 
132 221 12 15 0.02001021 
