11_Meeting_Meeting_11_Meeting_Meeting_11_71
29
82 268 72 87 0.9972784 
451 138 38 46 0.9960257 
349 136 42 58 0.9959632 
301 169 50 61 0.9954235 
773 196 73 99 0.9944845 
21 49 37 49 0.9924585 
738 155 47 62 0.9912452 
604 142 42 53 0.9754925 
231 211 45 66 0.9449393 
831 311 82 167 0.90584016 
777 164 38 48 0.38308355 
525 465 47 62 0.15836377 
207 228 57 61 0.098308384 
437 371 14 18 0.05786458 
436 378 14 19 0.053566866 
559 444 27 33 0.04329724 
312 444 12 15 0.0414254 
53 115 47 62 0.037694953 
24 145 59 73 0.03408327 
843 352 122 157 0.03391314 
548 392 48 59 0.032215666 
395 469 11 14 0.031440504 
752 172 58 77 0.028031526 
67 139 48 69 0.027198544 
677 361 42 50 0.026021125 
192 248 48 40 0.024529874 
690 358 38 37 0.023157936 
244 196 24 49 0.02091935 
147 304 30 49 0.020414803 
