11_Meeting_Meeting_11_Meeting_Meeting_11_189
225
65 367 18 23 0.9862292 
807 145 35 54 0.9621389 
194 389 25 33 0.9511631 
254 361 10 14 0.84537524 
100 384 15 22 0.8225247 
395 391 17 22 0.6552313 
418 358 9 10 0.5999926 
159 369 12 15 0.59324974 
424 369 13 15 0.54324377 
495 359 11 13 0.54293066 
18 361 10 15 0.5175468 
327 380 9 13 0.4864377 
109 365 9 11 0.4014797 
31 353 13 17 0.3359877 
150 367 11 14 0.2944748 
410 440 14 20 0.29267618 
285 343 9 12 0.27715445 
336 363 10 12 0.2748761 
2 356 11 15 0.26482534 
350 436 12 15 0.25150248 
272 375 11 13 0.21734756 
364 419 13 17 0.20602138 
258 450 15 23 0.18413474 
137 366 8 10 0.18397456 
409 373 10 13 0.18139529 
224 359 8 10 0.17325968 
334 374 9 12 0.17243056 
22 349 11 14 0.14305235 
144 366 10 12 0.14074303 
300 398 11 13 0.13530964 
166 359 9 11 0.13379544 
230 365 8 11 0.12682329 
374 356 9 12 0.12669267 
44 357 11 14 0.12289234 
259 363 10 13 0.122266985 
0 361 12 17 0.121816374 
44 379 15 19 0.119833685 
238 367 9 11 0.11957596 
3 372 12 15 0.11305746 
251 360 9 11 0.11192008 
277 367 12 14 0.111128114 
158 347 9 11 0.11032087 
128 395 10 13 0.11021431 
153 454 28 32 0.107487716 
106 360 9 12 0.10616857 
217 359 7 9 0.102092706 
379 378 13 16 0.0934684 
222 388 14 17 0.091326505 
393 365 10 13 0.087389156 
393 360 9 11 0.086662345 
408 368 9 11 0.084749945 
309 374 9 11 0.07566749 
240 371 9 12 0.07338341 
297 356 9 11 0.072935134 
120 419 11 15 0.071720265 
18 349 10 12 0.068628915 
183 367 8 11 0.0682539 
231 361 7 9 0.06484852 
348 408 14 17 0.06453781 
343 442 13 16 0.064270675 
407 377 12 16 0.06389786 
301 381 12 13 0.06346514 
472 380 11 13 0.0616924 
173 348 8 11 0.06042784 
259 455 22 28 0.057431944 
261 466 25 34 0.057077777 
303 367 10 11 0.05705332 
300 389 11 13 0.054995798 
133 391 10 13 0.05343214 
154 344 8 11 0.052396122 
30 343 10 13 0.052129477 
18 346 20 22 0.050750896 
282 347 10 13 0.04979155 
332 378 10 13 0.049408417 
138 361 7 9 0.049064647 
169 348 7 10 0.04896173 
296 351 9 12 0.04839135 
382 395 14 17 0.048009098 
296 402 11 14 0.047987 
73 364 14 20 0.04759335 
300 351 9 12 0.04648736 
391 370 12 14 0.04622366 
375 373 13 17 0.04541317 
368 381 11 14 0.04505474 
271 368 11 13 0.044339385 
36 350 12 16 0.043857004 
160 359 10 11 0.043591913 
366 387 11 13 0.043101076 
519 361 9 11 0.042750813 
151 407 10 13 0.04246655 
110 371 11 14 0.042073563 
205 381 13 17 0.04001214 
133 414 10 11 0.03911635 
175 415 11 15 0.038891774 
499 362 11 14 0.03880105 
253 389 10 14 0.037604943 
107 381 13 18 0.037375957 
340 364 10 14 0.036331713 
209 392 15 22 0.036250897 
102 414 9 13 0.03610908 
145 369 11 14 0.0352682 
234 463 19 20 0.03515581 
412 431 11 14 0.03472579 
224 370 12 13 0.034620423 
313 402 10 14 0.034499448 
117 404 11 13 0.03418686 
359 428 12 15 0.034078363 
407 420 12 13 0.034051094 
176 365 9 13 0.03398691 
491 358 10 13 0.033947013 
374 403 11 14 0.033904146 
14 356 17 23 0.033752926 
429 379 12 15 0.033156663 
333 395 11 14 0.033040002 
51 378 12 17 0.032967016 
172 372 10 13 0.032599036 
31 377 13 18 0.032270674 
249 394 13 17 0.032074925 
340 374 11 13 0.032022204 
11 378 15 18 0.032000974 
397 372 9 13 0.031587742 
135 370 10 12 0.03154413 
349 381 12 15 0.031165736 
362 435 14 17 0.031131875 
309 379 10 13 0.030966828 
184 371 10 13 0.030765977 
71 421 12 16 0.030737424 
279 357 10 11 0.030646738 
428 360 11 13 0.030614566 
150 363 18 23 0.030392952 
16 399 12 14 0.030259108 
357 388 12 13 0.03025118 
87 384 14 19 0.030182062 
200 372 11 14 0.030017555 
70 360 12 16 0.029885767 
398 382 10 16 0.029715566 
415 353 18 22 0.029572058 
251 359 18 22 0.029322043 
207 367 9 11 0.029268922 
33 371 22 25 0.029042237 
157 400 10 11 0.029019656 
93 400 15 18 0.028948696 
255 383 10 13 0.028864525 
248 467 27 32 0.028781159 
475 375 10 13 0.02875192 
334 390 10 12 0.028743261 
376 364 10 13 0.028678799 
78 360 10 13 0.028618814 
462 391 11 14 0.02860562 
1 377 11 16 0.028511485 
388 380 14 17 0.028456409 
511 364 10 13 0.028437393 
415 362 13 16 0.02842279 
375 397 13 15 0.028378954 
19 368 14 18 0.028342318 
143 406 11 14 0.028156249 
398 432 25 31 0.027992688 
134 406 11 13 0.02799125 
84 365 10 14 0.027861817 
117 382 10 14 0.027688187 
272 452 29 34 0.0276749 
118 388 11 14 0.027653001 
34 359 15 18 0.027408695 
350 367 10 12 0.026942778 
234 590 16 16 0.02692755 
468 436 14 16 0.026794124 
407 424 21 27 0.026689755 
343 379 10 14 0.026647609 
209 360 8 10 0.026480006 
54 371 13 19 0.026457096 
144 466 28 39 0.026340604 
464 382 10 12 0.02606554 
106 390 13 19 0.026031846 
118 395 12 14 0.02580978 
421 423 10 13 0.025776057 
205 397 23 30 0.025773382 
438 382 10 13 0.025762176 
492 357 19 23 0.025578104 
381 356 10 13 0.02557246 
128 403 11 14 0.025492312 
89 381 22 27 0.025344243 
287 354 10 12 0.02528198 
155 416 24 27 0.02508383 
502 378 10 13 0.024910249 
142 361 8 10 0.024708891 
286 336 7 10 0.024661535 
221 409 14 18 0.024554761 
205 373 12 14 0.024257604 
239 360 7 10 0.024179254 
402 398 15 19 0.023802748 
128 367 7 10 0.023534598 
463 437 12 16 0.023391932 
262 381 10 13 0.023052422 
323 376 19 24 0.022931866 
344 406 11 15 0.022845995 
397 360 8 10 0.02266048 
357 409 19 24 0.02258419 
412 420 12 14 0.022502998 
281 337 18 24 0.022488259 
357 405 12 15 0.022331545 
352 387 11 13 0.022306014 
45 361 13 17 0.022159819 
309 368 9 11 0.022035453 
407 413 12 15 0.021937283 
241 460 18 19 0.021918355 
217 396 20 25 0.021751361 
214 364 10 13 0.021746194 
550 383 10 12 0.021577707 
1 412 15 16 0.02148566 
128 372 9 12 0.02131259 
70 351 9 13 0.021264179 
223 353 7 9 0.021222772 
332 437 13 16 0.02119659 
255 446 15 18 0.021182027 
189 372 11 13 0.020948285 
366 407 12 16 0.020814555 
381 386 15 18 0.020775925 
270 349 10 13 0.0205055 
467 417 15 16 0.02049765 
566 366 10 12 0.020303452 
93 373 11 14 0.020296395 
220 359 20 24 0.020255808 
321 386 11 14 0.020162297 
174 358 9 12 0.020149376 
84 371 12 17 0.020104509 
