11_Meeting_Meeting_11_Meeting_Meeting_11_441
126
648 290 30 37 0.99860257 
554 279 26 32 0.99802643 
403 279 24 36 0.99725527 
254 303 27 49 0.994241 
461 274 24 31 0.990493 
732 292 26 38 0.98023957 
759 332 27 38 0.9332701 
377 306 25 45 0.8997437 
740 336 25 33 0.895306 
138 359 35 66 0.86107135 
144 497 68 74 0.7449093 
623 319 26 32 0.72454 
817 341 28 47 0.66686684 
424 351 36 59 0.5942776 
671 11 12 16 0.591398 
907 582 98 113 0.5645953 
208 470 59 96 0.54656833 
625 434 28 33 0.4775511 
406 354 41 54 0.46248904 
387 368 47 49 0.4329439 
601 225 10 14 0.4209634 
327 302 25 37 0.3752985 
569 246 12 14 0.31657535 
849 362 37 41 0.2981099 
780 343 34 43 0.27394912 
223 197 15 20 0.23910983 
776 11 11 14 0.23263258 
226 452 56 89 0.18011937 
584 470 33 35 0.14612985 
831 352 36 43 0.12912548 
208 632 71 55 0.12308898 
262 321 31 44 0.11724735 
341 321 39 44 0.09385421 
170 487 82 83 0.093202524 
848 256 12 16 0.08616292 
116 470 57 74 0.08259008 
555 228 9 13 0.0779913 
361 315 32 43 0.07694751 
255 629 56 55 0.076663494 
221 183 13 16 0.07025387 
735 312 35 46 0.06576002 
767 334 33 45 0.06129422 
185 626 67 52 0.060142312 
622 324 17 20 0.059192687 
220 208 17 23 0.057836756 
299 131 32 35 0.05698803 
558 195 13 17 0.054165013 
216 183 11 14 0.052331064 
871 255 13 15 0.051761337 
995 259 12 15 0.0495452 
870 342 30 43 0.048544873 
752 337 22 30 0.047728393 
238 651 35 36 0.047681738 
620 245 10 13 0.04636385 
212 198 20 27 0.044349853 
48 93 118 172 0.044145778 
917 198 14 18 0.042892035 
225 188 13 16 0.042315144 
367 357 47 56 0.040289834 
962 419 19 25 0.04026798 
195 199 23 27 0.03990504 
662 426 33 42 0.03951709 
272 335 19 27 0.038998034 
218 186 21 26 0.03890796 
677 292 13 20 0.038446657 
615 244 10 13 0.03770961 
583 391 15 19 0.03762464 
1013 410 10 18 0.037462655 
597 244 12 15 0.037393734 
248 172 12 17 0.037103668 
282 640 38 41 0.03687702 
976 261 8 12 0.035924572 
748 298 28 31 0.035848476 
278 389 52 60 0.03557676 
126 438 60 86 0.035336226 
385 295 26 43 0.035198893 
606 243 12 14 0.034819555 
586 240 9 11 0.034738015 
423 336 29 45 0.034548678 
802 212 12 15 0.034350973 
556 234 10 15 0.03334377 
246 377 51 68 0.032979663 
501 593 13 14 0.03149317 
938 584 50 53 0.02996179 
583 361 28 37 0.02992907 
676 37 9 12 0.02953307 
634 426 42 43 0.029434696 
598 222 18 22 0.029104376 
248 165 11 16 0.029057993 
132 511 109 95 0.028858406 
867 360 32 44 0.028472975 
578 481 30 32 0.028419703 
122 386 52 84 0.028278746 
603 461 13 17 0.028264161 
794 334 33 50 0.027800057 
624 364 12 17 0.027505055 
81 348 47 66 0.02722122 
335 307 34 45 0.027111595 
246 419 52 74 0.026751636 
224 389 57 77 0.026430365 
718 648 48 47 0.026385592 
223 505 57 88 0.026179824 
415 403 51 73 0.025588287 
670 44 11 13 0.025492331 
738 330 20 27 0.025160553 
270 393 37 47 0.025109647 
581 496 16 18 0.024818625 
974 267 10 13 0.024810627 
857 231 11 14 0.024539566 
735 285 13 21 0.02429852 
269 481 30 50 0.024237417 
460 236 13 16 0.024103751 
589 331 14 16 0.022873987 
677 31 10 14 0.02279352 
1005 259 11 14 0.022432249 
254 222 13 16 0.022319248 
235 163 13 16 0.022011159 
810 385 36 44 0.021802263 
582 380 22 28 0.021539949 
583 243 10 13 0.021306224 
634 428 19 23 0.021152744 
908 362 17 18 0.02104714 
555 268 15 18 0.020450588 
868 478 27 30 0.020385107 
220 173 11 15 0.020274922 
241 539 31 44 0.020008313 
