11_Meeting_Meeting_11_Meeting_Meeting_11_574
341
711 320 32 38 0.9953751 
957 331 35 44 0.99533397 
850 295 28 33 0.99432784 
639 285 24 31 0.9932086 
347 301 22 28 0.9931601 
261 297 21 29 0.99238294 
197 290 23 29 0.9885401 
532 243 16 21 0.9832318 
355 256 18 24 0.9813973 
453 218 16 22 0.97732747 
802 267 20 26 0.9691808 
509 237 14 19 0.96839887 
494 224 14 18 0.96521264 
354 236 16 20 0.96499723 
972 290 30 34 0.9619316 
435 216 13 19 0.9596742 
303 256 18 24 0.9528016 
483 260 17 23 0.93050575 
514 208 15 19 0.92505807 
687 261 19 27 0.90961987 
122 294 22 28 0.90856266 
42 333 43 77 0.90675026 
804 237 13 16 0.89173055 
728 241 16 18 0.86173236 
864 241 19 22 0.84437823 
873 214 15 18 0.81422466 
399 274 19 25 0.8059411 
752 218 13 16 0.76312965 
741 290 24 27 0.7342196 
591 231 12 15 0.7268513 
589 192 10 13 0.707501 
567 199 10 12 0.6821683 
399 249 15 20 0.63476616 
130 320 27 32 0.63026637 
468 243 15 19 0.6221379 
919 192 11 15 0.55547005 
785 208 8 12 0.5517568 
706 250 16 22 0.54958946 
704 187 10 14 0.536364 
770 207 11 14 0.47870347 
927 218 14 18 0.44550976 
624 220 11 15 0.44027832 
413 237 15 18 0.4360457 
950 258 20 27 0.43300444 
820 190 9 12 0.41718385 
833 198 10 12 0.39579657 
613 202 10 13 0.38689163 
526 206 12 15 0.38419205 
941 234 14 17 0.36155117 
569 213 11 14 0.35185224 
608 197 10 13 0.3483459 
556 199 12 14 0.32836068 
551 232 15 19 0.2894562 
824 208 11 14 0.28035483 
787 251 13 16 0.27949643 
658 206 9 12 0.27789187 
782 260 18 23 0.27068055 
880 195 11 14 0.25995317 
226 321 20 27 0.2573233 
698 255 18 26 0.24323244 
957 240 14 16 0.24091187 
830 205 11 14 0.2313978 
646 220 10 12 0.2269933 
462 270 16 21 0.20002879 
766 261 15 18 0.19386575 
730 284 25 28 0.18773331 
672 224 11 13 0.18578649 
690 306 21 27 0.16988221 
607 193 9 12 0.16827804 
791 199 8 10 0.16559187 
543 223 10 13 0.16259748 
759 245 12 15 0.15596569 
637 190 8 10 0.15456302 
648 197 9 11 0.14630024 
584 215 9 12 0.1435219 
621 247 11 14 0.13696794 
616 226 11 15 0.13104121 
680 191 9 11 0.12804419 
694 194 10 13 0.12709396 
562 273 14 17 0.1225683 
930 203 14 17 0.120836265 
822 250 13 16 0.12049198 
128 284 27 31 0.11990937 
928 212 15 17 0.11865636 
599 215 10 13 0.11475443 
663 198 9 12 0.113882676 
948 236 13 16 0.113456815 
625 269 16 22 0.11051381 
665 191 9 10 0.10887447 
884 193 8 11 0.1003632 
676 243 14 19 0.09986584 
584 220 10 14 0.0997968 
875 204 14 17 0.093834616 
907 211 11 15 0.09290296 
729 163 9 12 0.08990121 
125 58 19 28 0.08834293 
632 173 9 11 0.08683679 
694 173 8 11 0.085338734 
921 367 27 34 0.08402409 
440 297 18 22 0.08308417 
908 205 10 14 0.08249304 
676 238 13 15 0.07962264 
815 195 11 14 0.07947155 
638 244 14 18 0.079348505 
886 292 15 21 0.07928517 
902 365 13 19 0.078395985 
621 237 11 12 0.07683235 
549 221 12 15 0.07679571 
838 192 8 10 0.07554647 
787 210 10 13 0.07068464 
615 234 12 13 0.067992374 
695 230 12 15 0.06776939 
954 251 16 20 0.0661765 
746 259 14 18 0.0659225 
848 206 9 12 0.06467105 
733 229 14 17 0.064123824 
789 322 28 34 0.063322134 
670 207 10 11 0.06313959 
627 216 12 15 0.06283553 
724 284 19 24 0.061861124 
526 298 16 18 0.060719583 
817 185 9 10 0.060401276 
603 219 12 15 0.059942573 
533 275 16 21 0.059830762 
679 182 10 12 0.05900411 
588 283 15 19 0.058688592 
660 210 10 13 0.058016438 
881 619 53 55 0.05694231 
477 250 15 19 0.05656219 
827 244 14 18 0.056535445 
806 221 11 13 0.05649118 
923 195 13 16 0.055943333 
446 216 16 23 0.055825956 
798 218 11 15 0.05561468 
799 206 9 12 0.05545971 
949 319 25 35 0.055214424 
291 154 32 50 0.054814428 
616 251 13 17 0.054593615 
717 306 27 38 0.05459278 
835 229 13 15 0.053962532 
724 274 17 21 0.05354836 
904 250 13 17 0.053229347 
882 219 13 15 0.05270602 
804 212 10 12 0.052666895 
557 219 11 14 0.05208941 
588 213 11 13 0.05201464 
654 200 9 11 0.05167189 
896 213 9 12 0.049714573 
526 225 12 16 0.049389504 
807 207 9 12 0.049197815 
687 189 10 13 0.04907099 
571 204 11 14 0.046405293 
712 229 12 16 0.04618466 
809 241 14 17 0.045675255 
583 278 14 17 0.04566241 
735 225 10 12 0.04552391 
815 204 9 13 0.045467377 
820 266 15 19 0.044884432 
663 222 10 13 0.044713203 
629 226 11 14 0.044335872 
613 184 9 11 0.04415914 
930 222 19 24 0.04367839 
782 232 14 16 0.043296065 
426 368 20 26 0.042584382 
50 328 26 49 0.04255823 
709 195 9 12 0.042470638 
814 224 11 14 0.042417284 
908 218 12 15 0.04195352 
638 174 9 11 0.040851284 
154 315 21 30 0.040576912 
406 247 19 24 0.040481836 
771 260 19 24 0.040476114 
699 233 12 15 0.03923852 
717 233 12 16 0.03858724 
726 298 27 35 0.037992243 
673 213 10 12 0.037933998 
689 195 10 12 0.037748717 
631 196 9 13 0.037719123 
856 228 12 16 0.037665263 
821 225 11 15 0.037629627 
436 259 15 21 0.03759172 
640 220 10 12 0.037439108 
904 240 20 24 0.037431724 
772 219 12 14 0.037175987 
376 50 43 57 0.037038207 
581 258 13 17 0.037010405 
533 226 14 16 0.03680676 
805 374 20 30 0.03672633 
686 183 9 12 0.036275573 
874 223 15 18 0.03618584 
552 215 10 12 0.035874955 
639 194 10 13 0.03574989 
629 205 10 12 0.03570931 
627 277 22 28 0.035547227 
545 282 15 19 0.035319153 
795 259 20 25 0.03518775 
600 194 10 13 0.03516922 
984 294 29 35 0.03483157 
586 188 16 21 0.034697186 
870 227 14 17 0.034643885 
853 211 11 14 0.034577247 
975 226 13 16 0.034177855 
668 197 9 11 0.03414376 
549 252 13 17 0.034141775 
845 200 9 12 0.034095146 
646 225 12 16 0.03376783 
947 318 16 23 0.033587597 
743 253 12 17 0.033477236 
722 290 25 31 0.03346364 
622 203 10 13 0.033268433 
649 203 10 12 0.033019196 
758 259 14 19 0.03293998 
466 257 16 22 0.032610442 
785 200 8 11 0.03248105 
885 226 13 17 0.032472998 
637 228 11 14 0.032460164 
531 210 11 14 0.03241669 
835 203 10 14 0.03240254 
925 362 17 20 0.032198235 
562 282 16 20 0.031756386 
718 220 10 14 0.031699397 
637 237 13 15 0.031455085 
583 246 11 13 0.03130664 
983 284 20 22 0.031264674 
656 184 9 10 0.031209687 
833 193 9 11 0.031128254 
863 214 10 14 0.030943373 
702 321 23 34 0.030793093 
15 337 52 75 0.030755587 
473 238 14 17 0.03074265 
583 206 10 13 0.030695895 
687 228 11 14 0.03053257 
550 269 10 13 0.030506298 
743 205 9 13 0.030499259 
689 173 9 13 0.030312642 
890 628 31 36 0.03018856 
677 207 10 12 0.030175824 
516 249 14 18 0.030157598 
562 235 12 16 0.030082898 
503 196 12 17 0.029919047 
561 200 18 22 0.029888654 
424 213 12 16 0.029312657 
571 217 12 15 0.02915465 
905 298 15 21 0.029074399 
831 234 14 17 0.028801167 
903 197 12 14 0.028548291 
913 196 10 15 0.028395433 
858 602 96 111 0.028325792 
857 233 20 27 0.02807631 
663 186 9 10 0.02804005 
644 250 13 17 0.027831042 
451 291 16 20 0.027779404 
585 227 12 16 0.027729532 
531 267 15 18 0.027668582 
762 250 15 18 0.027588531 
118 339 25 28 0.027526237 
549 240 13 17 0.027455114 
977 333 27 38 0.02744751 
838 185 8 9 0.0272961 
664 227 11 15 0.027228562 
446 243 13 18 0.027203053 
695 315 22 30 0.027032908 
700 184 18 21 0.026876258 
571 259 15 17 0.026827825 
718 211 10 14 0.026811952 
863 221 10 14 0.026778253 
67 329 48 66 0.026623927 
685 238 11 14 0.026477436 
113 349 26 29 0.02646827 
820 194 12 14 0.026415527 
124 285 18 22 0.02605167 
873 293 23 30 0.026040353 
612 190 10 13 0.025917253 
442 307 17 22 0.02583311 
616 269 21 28 0.025684869 
563 262 22 26 0.025675876 
638 184 9 11 0.025534587 
175 257 430 400 0.02550693 
894 626 17 20 0.02524016 
555 236 16 20 0.025228243 
110 353 16 20 0.02508868 
629 244 13 17 0.02503583 
854 235 14 21 0.024943827 
595 308 15 19 0.02490796 
198 149 10 13 0.024779426 
465 276 17 22 0.024750235 
633 184 8 11 0.024743464 
597 261 13 15 0.024584297 
711 211 10 14 0.024535673 
539 279 15 20 0.024217512 
614 210 11 16 0.024146905 
917 226 14 18 0.024112009 
685 212 11 13 0.02390048 
872 237 15 19 0.023895659 
450 305 16 21 0.023855371 
723 308 16 20 0.023784611 
606 192 18 23 0.023745561 
619 258 14 17 0.02371176 
713 255 17 22 0.023687227 
727 222 9 13 0.023595138 
884 202 13 16 0.023584653 
557 192 12 13 0.02339815 
893 196 11 14 0.023329828 
685 221 11 15 0.023267068 
538 237 14 18 0.023257766 
231 264 20 27 0.02324951 
418 249 14 20 0.02302056 
457 288 16 21 0.023002878 
815 184 19 23 0.022894904 
662 134 9 11 0.02282245 
831 221 10 13 0.022789534 
772 226 13 17 0.022745341 
701 176 12 15 0.022287348 
646 258 14 18 0.022257239 
850 206 12 15 0.021807602 
793 193 7 10 0.02179174 
797 199 8 11 0.021739967 
570 274 14 17 0.021724036 
541 223 18 23 0.021675749 
470 329 15 18 0.021461878 
943 211 11 15 0.021404283 
834 182 8 10 0.021330047 
857 222 10 13 0.021323629 
411 255 17 23 0.021193644 
477 227 12 15 0.021067806 
132 340 17 21 0.021055572 
557 260 14 16 0.020992381 
292 284 23 25 0.020970315 
706 181 10 15 0.020929506 
662 236 10 13 0.020892125 
703 247 15 17 0.020847905 
799 191 8 10 0.020793622 
462 235 14 18 0.02078395 
670 218 20 23 0.020737162 
366 300 21 27 0.020687923 
468 202 12 16 0.020659288 
629 236 10 14 0.020616766 
655 191 8 10 0.020460967 
749 291 26 33 0.020281224 
760 175 8 10 0.020163229 
966 282 22 34 0.020048361 
