11_Meeting_Meeting_11_Meeting_Meeting_11_295
80
608 369 51 65 0.9994211 
121 455 65 94 0.9943954 
233 340 24 33 0.9937133 
690 291 21 29 0.9895913 
140 373 32 55 0.98760843 
592 312 21 35 0.9795853 
810 549 60 119 0.97929275 
57 336 34 53 0.974566 
801 299 20 28 0.9735205 
899 312 22 29 0.9673632 
491 334 26 37 0.94378144 
441 219 17 22 0.93070364 
431 536 72 107 0.44555935 
794 324 18 25 0.35439745 
406 535 58 99 0.33835876 
546 319 20 32 0.32991418 
947 340 13 16 0.23455915 
505 234 17 21 0.21401237 
508 343 30 34 0.14513628 
129 337 14 19 0.14116418 
453 332 23 30 0.12401649 
531 319 24 39 0.09850761 
521 325 26 38 0.09527041 
830 561 92 133 0.0909137 
449 241 16 22 0.089662105 
81 365 26 40 0.08917724 
795 307 24 33 0.07880269 
220 145 31 39 0.064505644 
254 403 17 18 0.06258968 
463 333 25 31 0.061713167 
173 332 28 32 0.061184052 
122 308 23 32 0.059629265 
413 353 40 53 0.059460457 
226 332 18 20 0.048281338 
700 521 26 30 0.047687776 
772 535 11 13 0.047097173 
70 350 28 43 0.046217185 
782 326 25 30 0.045836806 
448 338 15 21 0.04546548 
149 365 15 22 0.040302124 
542 317 14 20 0.0396019 
352 481 63 66 0.038983822 
838 361 14 18 0.038152177 
475 333 26 34 0.03747014 
249 400 28 29 0.034163646 
152 368 30 50 0.032369133 
436 330 46 53 0.031322896 
327 157 9 13 0.03098342 
677 671 12 15 0.029328482 
153 336 26 30 0.028844455 
419 557 35 61 0.028269295 
553 315 23 35 0.02738045 
24 348 25 33 0.026555795 
243 333 15 20 0.026006714 
84 378 27 48 0.025992863 
791 315 14 20 0.025782695 
401 165 10 14 0.025189469 
894 524 57 84 0.025177613 
911 314 19 25 0.025130467 
833 298 16 23 0.024326058 
13 347 13 21 0.0241005 
429 332 10 15 0.023151988 
414 348 26 37 0.02311901 
234 333 18 22 0.023087338 
460 548 65 81 0.022928063 
221 335 17 22 0.022719324 
132 334 21 27 0.022591328 
33 350 26 36 0.022208724 
15 347 22 34 0.02206166 
444 354 15 17 0.021898953 
446 340 26 32 0.021713661 
584 315 35 49 0.021503702 
199 199 9 12 0.021497604 
488 335 16 27 0.021331657 
147 349 25 32 0.020962832 
442 378 15 17 0.020940261 
131 309 13 19 0.020787867 
879 588 69 102 0.020550044 
503 249 12 16 0.020104425 
643 739 31 26 0.020026889 
