11_Meeting_Meeting_11_Meeting_Meeting_11_663
106
242 217 51 65 0.9981883 
38 506 13 17 0.9635668 
101 479 12 15 0.8764961 
131 481 12 17 0.8742045 
59 510 13 16 0.48633355 
81 508 11 14 0.43007877 
15 511 11 13 0.39956617 
31 526 12 15 0.33171627 
52 484 12 16 0.31907758 
82 479 13 15 0.2980145 
48 490 12 15 0.2483666 
102 516 13 14 0.24452192 
55 480 9 11 0.22828315 
1 510 10 16 0.17345971 
106 532 9 12 0.15893744 
959 335 11 13 0.15800254 
116 499 11 13 0.15616247 
918 334 9 10 0.1334089 
6 513 11 15 0.12897618 
102 524 12 14 0.12454937 
6 486 9 11 0.1132455 
912 332 10 12 0.11187796 
64 483 11 14 0.11064326 
35 529 13 15 0.09889335 
925 289 12 15 0.09722361 
15 487 10 13 0.09310429 
5 533 12 18 0.08644285 
973 271 8 10 0.080989085 
940 344 10 12 0.07955391 
49 479 9 11 0.078994825 
83 513 13 16 0.07184231 
906 327 8 10 0.06293916 
62 503 11 15 0.061720863 
69 479 9 12 0.061110307 
19 486 11 14 0.060887985 
12 532 11 15 0.0606759 
54 500 11 14 0.057653595 
947 291 12 14 0.057532925 
43 502 11 16 0.057308875 
37 486 11 14 0.057220463 
117 509 11 15 0.05697548 
25 525 9 14 0.056615915 
108 511 12 14 0.055880092 
66 515 11 13 0.05587926 
113 496 10 13 0.055356365 
68 508 11 15 0.054446235 
121 478 9 12 0.054025333 
67 524 11 14 0.052151322 
964 339 12 14 0.050653223 
120 531 11 13 0.04940152 
911 349 12 14 0.049178038 
14 503 12 15 0.04906051 
7 490 11 15 0.048227765 
84 503 11 16 0.04771299 
992 268 11 11 0.047241654 
81 532 9 12 0.04108549 
31 485 10 13 0.040180646 
997 267 11 13 0.03892115 
119 515 12 15 0.038696483 
40 479 8 11 0.037275605 
926 347 11 14 0.034269903 
987 339 15 17 0.03410293 
86 531 10 12 0.03384076 
924 335 9 10 0.033796467 
98 482 10 15 0.033240627 
21 516 10 13 0.03282304 
102 504 11 13 0.03206889 
44 513 11 14 0.031754937 
67 501 12 15 0.030386787 
120 472 9 12 0.030345382 
22 541 10 12 0.029759921 
125 524 11 14 0.029608192 
10 506 19 23 0.029183263 
247 22 448 536 0.028800441 
959 294 9 12 0.028775802 
0 504 8 12 0.028557448 
93 507 13 17 0.02816027 
95 522 11 16 0.028098153 
84 523 13 17 0.027583474 
67 532 10 13 0.026981128 
954 334 11 13 0.02682971 
31 517 11 15 0.026804319 
12 523 13 17 0.026751945 
736 288 10 12 0.02659676 
932 291 12 15 0.026379835 
102 506 19 23 0.026350893 
32 502 13 17 0.025551416 
967 296 9 11 0.025515607 
13 486 21 25 0.025253832 
125 517 12 15 0.025197903 
67 489 13 16 0.024793196 
2 481 8 11 0.024188299 
927 277 10 12 0.024106074 
958 331 21 24 0.023912935 
8 501 11 14 0.023406655 
734 293 13 18 0.023299444 
43 530 12 16 0.022980595 
108 446 12 13 0.021434087 
43 194 14 18 0.020986313 
933 343 19 22 0.020862035 
40 490 10 15 0.020602196 
869 311 8 11 0.020439625 
0 508 17 26 0.020425063 
0 556 10 18 0.020389667 
91 449 12 14 0.020346215 
887 325 7 9 0.020049768 
