11_Meeting_Meeting_11_Meeting_Meeting_11_507
373
133 361 29 39 0.9984646 
821 358 28 33 0.99804014 
56 253 27 35 0.9975655 
76 402 35 49 0.994829 
904 407 41 50 0.99106264 
240 234 14 19 0.977066 
749 235 14 19 0.966413 
283 289 14 18 0.95387405 
192 240 17 23 0.9450902 
846 301 16 21 0.93926924 
661 282 14 17 0.9221756 
1011 248 12 20 0.91361874 
253 303 17 22 0.8879993 
876 287 14 18 0.87715673 
861 355 22 32 0.87698483 
774 230 14 18 0.87107 
731 274 13 17 0.83099395 
684 283 14 17 0.80653137 
895 319 22 26 0.759046 
810 248 16 22 0.65125483 
696 298 18 22 0.6484165 
707 314 17 23 0.64190745 
309 283 12 16 0.6414895 
735 323 14 20 0.6059185 
197 359 20 27 0.60415953 
146 292 18 23 0.5929423 
748 309 16 18 0.52415425 
913 359 22 29 0.5071678 
889 305 18 22 0.46590945 
647 275 12 14 0.39093813 
298 230 9 12 0.37922433 
660 256 9 10 0.3494905 
378 255 9 10 0.34236053 
801 346 16 21 0.33785906 
216 270 13 18 0.31750333 
275 270 9 13 0.29408532 
961 247 11 14 0.28362507 
241 316 22 28 0.28219318 
326 246 10 11 0.26502037 
521 239 7 10 0.24070382 
332 273 12 14 0.2390616 
632 262 8 12 0.23521526 
975 350 27 29 0.21975313 
1004 227 9 13 0.2130123 
581 283 11 14 0.21199507 
919 354 18 22 0.20654108 
309 262 10 12 0.20068668 
192 429 26 30 0.19845717 
575 285 11 14 0.18217605 
159 352 16 20 0.18182229 
706 357 19 20 0.18065374 
680 260 10 12 0.18059845 
589 302 10 12 0.17638713 
573 291 11 13 0.1740233 
273 274 10 14 0.16811877 
789 314 15 19 0.16123465 
357 256 8 11 0.15934667 
875 363 25 31 0.15690178 
577 279 10 13 0.15178539 
958 271 11 14 0.15025675 
735 246 9 12 0.14850616 
276 364 12 17 0.14845215 
735 238 8 11 0.13665444 
962 223 8 11 0.13634151 
657 258 10 14 0.13631873 
350 260 10 12 0.13615042 
600 253 8 12 0.13321267 
257 261 10 13 0.13175201 
739 318 16 21 0.12795408 
764 221 11 14 0.12773192 
434 254 7 10 0.12019882 
936 373 15 18 0.11960957 
984 243 12 15 0.117126666 
615 255 7 9 0.11477071 
618 308 11 13 0.11044022 
901 232 8 10 0.11026573 
882 254 9 12 0.10952283 
631 315 11 15 0.1082447 
630 305 9 11 0.107257955 
457 245 9 10 0.1055335 
346 262 9 11 0.10330999 
599 318 11 12 0.10296104 
604 310 9 12 0.10138221 
681 339 10 13 0.10103923 
545 263 9 11 0.100360885 
391 247 9 11 0.097639434 
406 252 7 10 0.095220804 
931 373 25 28 0.09394275 
313 392 13 16 0.09299814 
277 429 18 19 0.09083684 
988 239 10 12 0.085795395 
558 245 8 10 0.08574583 
918 368 24 30 0.08509763 
688 288 20 24 0.08392226 
861 346 15 22 0.08251897 
406 270 10 11 0.08239227 
166 274 14 19 0.0797192 
630 247 7 9 0.07730757 
634 342 11 14 0.07540234 
173 293 9 13 0.07480145 
625 262 9 11 0.074115515 
243 260 12 16 0.072125606 
963 358 34 35 0.071642525 
376 248 7 10 0.07137023 
322 241 7 10 0.069351725 
352 222 8 10 0.06850636 
817 244 13 16 0.06708693 
381 318 12 14 0.066919796 
991 219 8 12 0.06661409 
647 248 8 9 0.066090144 
600 302 9 11 0.06537207 
1003 277 19 27 0.06466341 
376 302 9 10 0.06442564 
575 315 11 13 0.063347824 
732 251 12 15 0.06333135 
123 331 13 17 0.063201554 
604 293 11 13 0.06225071 
922 232 8 10 0.061311346 
652 276 13 16 0.060042553 
629 310 11 14 0.059945885 
461 244 8 10 0.058432594 
195 417 24 29 0.057473615 
794 310 12 15 0.05741628 
288 239 9 10 0.0564631 
139 276 15 19 0.0552491 
559 263 12 14 0.053091794 
589 278 9 12 0.05288334 
328 250 10 13 0.05284185 
606 254 8 10 0.052738838 
636 263 10 12 0.05225486 
581 310 11 13 0.05214009 
648 253 9 11 0.052091543 
290 285 13 18 0.051216133 
651 271 12 14 0.05107538 
126 259 14 18 0.050833225 
864 302 10 14 0.05082048 
332 325 14 16 0.050445903 
895 365 27 32 0.04992495 
667 291 13 15 0.049558707 
781 319 16 21 0.04899146 
632 255 7 10 0.048454877 
1001 420 24 36 0.047805414 
691 280 11 14 0.046922285 
171 269 12 16 0.04678131 
300 234 10 13 0.046469018 
326 241 9 11 0.046252213 
808 348 23 30 0.045889214 
206 415 13 15 0.04533731 
398 304 9 10 0.045253463 
334 254 8 11 0.045143493 
941 368 25 30 0.04368933 
304 289 13 16 0.04309489 
591 248 9 11 0.042799376 
639 268 9 12 0.042795036 
236 324 18 22 0.04278643 
617 302 11 14 0.042585876 
286 409 9 11 0.042475797 
143 354 26 36 0.042400636 
311 257 9 12 0.04199292 
388 321 11 12 0.04151926 
828 346 24 32 0.04108097 
952 366 34 36 0.04103429 
884 269 11 14 0.040875934 
437 248 8 10 0.04062844 
742 309 15 17 0.040587895 
734 358 26 26 0.0404576 
867 332 14 17 0.039409004 
434 250 7 9 0.039074574 
266 325 15 18 0.03899225 
732 261 12 14 0.038826358 
753 301 17 21 0.038665723 
712 308 18 22 0.038603783 
709 356 27 29 0.038594864 
343 256 10 12 0.038470693 
556 285 9 12 0.038276922 
558 280 9 11 0.03822595 
975 332 12 17 0.03801816 
705 301 16 19 0.037958805 
368 297 9 11 0.037894256 
639 254 9 11 0.037878472 
277 255 8 11 0.037664816 
648 294 9 12 0.03765602 
936 278 9 11 0.03756977 
614 327 10 12 0.037442133 
583 293 10 12 0.03743371 
102 360 23 30 0.037284724 
108 350 24 33 0.03726892 
588 296 10 12 0.037237555 
327 374 10 11 0.037092905 
975 230 10 12 0.03702098 
771 493 31 34 0.03689533 
377 318 10 13 0.036786105 
943 198 7 11 0.036679607 
647 349 13 15 0.03656655 
910 372 18 23 0.03643414 
198 348 22 28 0.036093835 
276 261 10 14 0.03607809 
959 361 14 20 0.035866234 
408 277 8 11 0.035215788 
333 -1 140 145 0.03518423 
897 233 10 13 0.034870215 
686 247 9 11 0.034835637 
569 287 9 12 0.034730114 
529 261 9 11 0.034615826 
585 252 8 11 0.03443417 
544 256 9 11 0.034327578 
553 238 8 11 0.03412631 
408 294 8 10 0.03392384 
399 263 9 11 0.03359784 
586 283 11 13 0.033402704 
296 226 8 11 0.033366263 
390 252 9 11 0.033278298 
5 306 15 21 0.03313548 
351 237 9 11 0.03290892 
796 408 12 15 0.03280899 
568 277 9 12 0.03278333 
878 279 14 17 0.032515034 
327 261 10 12 0.03243943 
682 279 11 14 0.032214135 
190 361 18 23 0.032056086 
400 269 10 12 0.031899944 
309 343 11 13 0.03185215 
770 412 12 14 0.03180461 
685 254 10 13 0.031729173 
726 297 12 16 0.03170403 
614 293 11 13 0.031694192 
252 209 13 17 0.031608433 
670 261 10 12 0.03145385 
316 262 9 12 0.03099941 
664 335 13 16 0.030631397 
592 252 9 12 0.030543791 
972 336 24 31 0.030500714 
399 247 9 11 0.030271811 
342 270 9 11 0.030221026 
390 285 10 11 0.030135283 
262 269 10 13 0.029785495 
721 358 27 27 0.029692523 
953 269 11 14 0.029679079 
551 232 7 9 0.029507443 
384 237 8 10 0.029346861 
140 281 21 28 0.028777538 
374 224 7 10 0.028741302 
0 433 24 35 0.028609373 
349 360 11 13 0.028605647 
780 170 12 16 0.02854997 
510 249 9 10 0.028449116 
166 291 14 18 0.028410489 
745 355 26 26 0.028404115 
416 263 8 10 0.02837885 
104 354 13 17 0.02828393 
380 258 10 12 0.028232928 
380 302 11 12 0.028194355 
375 358 9 11 0.02812241 
998 278 14 18 0.028043495 
624 256 8 9 0.027880806 
924 234 11 13 0.027772104 
171 296 14 20 0.027756173 
964 227 11 13 0.027364379 
986 341 24 31 0.027280262 
897 399 27 38 0.027170151 
883 275 13 17 0.027145585 
251 234 13 18 0.026986647 
599 259 9 11 0.026978549 
881 259 11 14 0.026855845 
617 286 9 11 0.026773967 
718 262 9 13 0.026625171 
615 260 9 11 0.026600786 
292 254 11 13 0.0265348 
398 278 9 12 0.026523542 
570 316 10 13 0.026487997 
556 292 10 12 0.02642341 
550 269 9 11 0.026392441 
760 214 12 15 0.026341347 
202 440 16 19 0.026318442 
964 342 24 32 0.026313469 
1011 277 12 19 0.026253458 
293 357 12 14 0.026246501 
114 363 24 31 0.026227104 
398 239 9 11 0.026206093 
623 314 10 13 0.02618721 
391 303 9 11 0.026170356 
790 228 13 18 0.026162403 
424 272 9 10 0.02612344 
948 286 11 13 0.025823075 
606 358 9 11 0.025763137 
309 266 12 15 0.025568586 
954 245 10 12 0.025337694 
366 310 9 11 0.025309417 
331 247 10 11 0.025239056 
374 352 9 11 0.025101515 
294 389 10 13 0.02509518 
625 267 9 13 0.025077013 
685 270 11 14 0.02501631 
772 223 14 17 0.024951436 
755 229 13 16 0.024706041 
575 300 9 11 0.024699762 
979 333 14 18 0.024623474 
602 358 9 12 0.024596142 
625 240 8 11 0.024586221 
422 278 9 11 0.024573568 
695 315 22 29 0.024567124 
544 237 8 11 0.024564633 
888 236 9 13 0.024411924 
768 232 14 19 0.02433003 
763 333 14 18 0.02431117 
502 247 9 12 0.024185823 
565 267 11 13 0.024155559 
793 224 22 29 0.024124663 
343 245 9 11 0.024115825 
567 301 11 12 0.02394227 
694 390 11 15 0.023796573 
607 259 8 11 0.023582634 
617 316 10 11 0.02353024 
999 245 10 13 0.023109596 
654 302 11 13 0.023109209 
318 268 9 12 0.022977775 
1013 305 11 17 0.022938047 
289 231 9 11 0.022930808 
856 276 11 15 0.022911854 
367 240 9 10 0.022747684 
592 231 7 10 0.022647124 
421 287 9 10 0.022578845 
156 179 10 12 0.022499764 
743 259 11 14 0.022456419 
625 278 9 13 0.022453642 
606 249 8 10 0.022437 
963 339 15 19 0.022429029 
398 286 9 10 0.022357365 
171 282 14 20 0.02223483 
535 256 9 11 0.022151774 
632 335 12 14 0.022119993 
153 282 20 27 0.022047192 
280 407 10 12 0.0219649 
316 348 13 15 0.021936936 
681 247 8 11 0.021930443 
294 226 18 23 0.021890607 
332 319 14 14 0.021851255 
267 333 16 20 0.021840787 
545 247 8 10 0.02170167 
624 217 7 9 0.021397673 
384 286 10 12 0.021321358 
755 421 14 15 0.021217743 
670 298 12 15 0.021166833 
991 229 9 11 0.021105293 
737 308 11 15 0.02108808 
559 255 9 10 0.021062253 
738 331 16 21 0.021036219 
240 412 13 14 0.020968322 
154 234 16 21 0.020946857 
275 389 14 15 0.020919016 
882 248 8 11 0.020874957 
675 390 18 20 0.020868875 
205 342 22 28 0.020661324 
345 364 12 15 0.020653259 
732 299 12 15 0.020651879 
496 240 7 9 0.020609176 
239 407 11 12 0.020600379 
260 291 12 16 0.020524357 
592 272 9 12 0.020514736 
983 232 8 10 0.020485148 
731 236 9 12 0.020482397 
126 213 23 31 0.020446425 
424 294 8 10 0.020424591 
256 254 18 24 0.02042314 
965 347 14 19 0.020343374 
637 301 10 12 0.020336254 
438 260 10 11 0.020321738 
352 230 9 12 0.02022003 
302 396 10 12 0.020198353 
265 357 22 26 0.020084199 
575 279 19 22 0.020079052 
691 350 14 15 0.02005312 
562 214 9 11 0.020008238 
