11_Meeting_Meeting_11_Meeting_Meeting_11_26
258
250 260 15 18 0.96059203 
218 273 18 23 0.92505205 
310 253 12 16 0.91512364 
179 282 15 26 0.88356113 
782 269 15 19 0.84031284 
341 239 13 16 0.79714984 
829 293 20 27 0.787923 
153 306 23 33 0.7529497 
807 278 18 22 0.7446712 
273 254 10 15 0.73308796 
198 237 16 21 0.6499729 
764 315 11 13 0.59446216 
403 237 8 10 0.5463413 
203 287 14 18 0.45411095 
378 236 10 12 0.4429816 
729 251 9 13 0.41440073 
165 234 10 13 0.37687087 
677 239 7 11 0.3318246 
732 248 9 12 0.3053893 
287 240 10 12 0.28813672 
293 252 10 12 0.26710564 
291 245 11 14 0.25795805 
271 352 87 137 0.251107 
706 246 8 10 0.2450647 
750 253 10 12 0.24374947 
693 246 8 10 0.22853008 
161 277 28 32 0.2096994 
265 201 7 8 0.17808968 
298 269 9 12 0.15536165 
423 232 7 10 0.15498756 
655 237 9 10 0.15131426 
442 231 9 10 0.14574993 
232 239 10 12 0.13112435 
158 293 24 35 0.12802258 
920 336 24 31 0.123263456 
611 228 9 12 0.12226317 
710 239 8 10 0.120982885 
1010 354 14 23 0.11037401 
758 263 8 11 0.108202964 
724 312 10 10 0.104577616 
867 322 17 21 0.1019437 
626 507 95 145 0.10162059 
745 334 11 12 0.10100144 
366 265 9 11 0.09834644 
182 235 9 13 0.09388862 
295 263 9 11 0.09386874 
75 328 31 38 0.09222849 
704 277 8 11 0.091506295 
711 301 9 11 0.08881169 
267 307 14 16 0.08854694 
766 270 9 11 0.08483469 
727 300 10 12 0.08270937 
348 10 16 23 0.08160389 
249 223 10 12 0.07950495 
821 287 20 27 0.079399705 
749 278 10 12 0.075943835 
272 250 10 12 0.07292793 
958 527 52 69 0.07271399 
736 319 9 12 0.07135534 
176 235 9 12 0.07090616 
204 271 20 26 0.06993263 
325 285 9 11 0.06977759 
760 267 9 12 0.068651944 
279 247 9 12 0.06727809 
862 315 14 22 0.066683486 
689 241 7 9 0.06569413 
369 246 9 12 0.06416658 
460 229 7 11 0.06280091 
950 518 76 127 0.062797904 
405 233 8 11 0.05999119 
745 248 9 11 0.058930006 
931 298 18 21 0.05832245 
977 353 13 16 0.057693236 
457 410 17 19 0.056021817 
160 268 18 18 0.054082647 
308 303 13 14 0.053973995 
771 292 11 15 0.052154355 
732 295 11 14 0.052120402 
916 324 25 31 0.050138958 
293 308 13 14 0.049365498 
673 241 9 12 0.048679076 
995 378 12 16 0.048383515 
57 344 43 53 0.048363432 
817 280 15 19 0.047204986 
798 339 14 18 0.047124114 
747 307 13 14 0.04700094 
204 233 12 15 0.04616394 
924 303 26 30 0.044493422 
603 45 31 32 0.04425652 
811 324 15 18 0.04422722 
721 287 8 10 0.043837942 
753 257 10 14 0.043560628 
759 325 10 12 0.043092567 
285 284 10 13 0.04247764 
231 303 14 19 0.042289026 
922 315 25 31 0.042227037 
742 327 11 12 0.041945715 
418 231 8 10 0.041551206 
37 340 48 66 0.04133715 
328 294 10 12 0.04080128 
45 201 41 53 0.040341895 
693 252 9 11 0.040248886 
632 232 9 11 0.039744694 
341 271 8 10 0.03944311 
694 242 7 9 0.039400972 
210 241 11 17 0.039385907 
751 271 8 11 0.039241515 
413 398 13 14 0.03885455 
700 285 9 11 0.038456917 
270 205 8 10 0.037261985 
281 382 106 164 0.03718597 
182 274 23 28 0.0370799 
709 278 7 10 0.036971916 
361 270 8 9 0.036964916 
728 271 10 12 0.03690378 
868 305 16 22 0.036481746 
767 301 11 14 0.036476642 
694 263 8 10 0.036329858 
719 294 10 12 0.03615109 
190 264 22 27 0.03605648 
342 234 11 13 0.03600745 
630 236 10 12 0.035937138 
987 231 15 18 0.035065074 
719 302 9 12 0.034851514 
673 233 7 10 0.034469415 
283 239 9 11 0.03445308 
929 330 16 21 0.034339122 
220 262 16 18 0.03423626 
377 47 9 10 0.034088686 
236 237 10 13 0.03377494 
771 316 13 15 0.03356536 
262 214 10 12 0.03278688 
384 223 9 10 0.032771584 
705 250 9 11 0.03257475 
192 235 13 17 0.03233772 
200 267 16 19 0.032130394 
458 224 9 11 0.032037742 
790 341 13 16 0.03190691 
238 245 10 14 0.031754643 
67 424 37 41 0.03142497 
750 283 10 13 0.031283725 
696 286 10 11 0.03121129 
728 243 18 23 0.031204663 
638 232 8 10 0.031095844 
149 307 17 26 0.030934822 
300 293 11 13 0.030854117 
239 252 10 13 0.030720782 
756 253 10 14 0.030663809 
256 206 10 11 0.030458426 
337 272 9 12 0.030041687 
458 235 9 11 0.02998276 
367 252 10 12 0.02992039 
41 491 46 57 0.029909741 
269 200 8 10 0.029678294 
726 316 11 14 0.029638018 
336 289 8 10 0.029410614 
704 295 8 11 0.029278312 
182 266 13 17 0.029255044 
311 287 9 11 0.029208537 
835 286 16 21 0.029102841 
90 404 31 46 0.028677018 
389 221 9 11 0.028477335 
262 254 11 15 0.028215898 
48 372 52 73 0.028211743 
749 315 12 14 0.028125329 
207 318 23 29 0.028071301 
760 309 19 22 0.027762998 
415 246 8 9 0.0276416 
749 328 11 13 0.027632272 
182 260 12 14 0.027534774 
872 325 26 29 0.027522268 
287 341 61 87 0.027425008 
288 301 12 15 0.027343428 
650 236 9 11 0.027055588 
900 307 12 17 0.027026149 
314 258 11 13 0.026634527 
1004 203 11 14 0.026430834 
603 55 17 23 0.026374914 
952 279 11 13 0.026366508 
961 569 36 54 0.025640761 
408 256 9 11 0.025456268 
295 293 12 15 0.02543028 
809 280 38 47 0.025368925 
840 297 15 20 0.025228795 
574 0 48 43 0.02521063 
245 246 12 14 0.02518871 
162 339 42 58 0.025093881 
158 292 15 18 0.024977209 
304 247 10 13 0.024884712 
-39 44 357 457 0.02487604 
774 324 13 14 0.024755782 
171 293 14 24 0.024526065 
694 270 8 9 0.024512138 
592 6 50 47 0.024419477 
66 568 16 20 0.02436952 
295 273 12 15 0.02404407 
786 263 14 18 0.023934929 
623 118 10 11 0.023877757 
285 234 17 23 0.023831632 
728 241 9 10 0.023754865 
745 272 9 11 0.023702558 
744 241 9 10 0.023610756 
766 251 11 14 0.02358932 
255 212 10 13 0.023550767 
670 233 19 24 0.02330902 
161 316 30 48 0.023202002 
161 231 18 22 0.023153324 
649 232 7 10 0.023074355 
780 342 15 17 0.022962036 
9 189 49 66 0.022906013 
732 351 12 15 0.022874521 
155 403 54 78 0.02285579 
759 344 10 11 0.022701824 
757 302 12 14 0.022598183 
686 279 9 10 0.0225866 
757 358 10 13 0.022557393 
642 48 23 32 0.022526108 
408 242 9 12 0.022423537 
986 659 33 37 0.022386776 
354 272 8 10 0.022313654 
303 301 13 15 0.02230788 
302 288 10 12 0.022254802 
709 251 9 11 0.022251755 
169 305 14 23 0.022026358 
778 317 14 17 0.021982746 
293 312 17 18 0.021895323 
722 252 10 12 0.02189489 
868 305 38 46 0.021884553 
982 216 26 35 0.021829046 
277 290 13 16 0.021752113 
288 261 10 13 0.021688767 
678 233 8 9 0.021683834 
374 243 11 13 0.021640649 
441 225 8 11 0.02142559 
341 287 9 11 0.021296589 
384 255 9 11 0.021270243 
717 239 9 10 0.021266628 
805 332 13 15 0.021211939 
938 293 15 18 0.021121237 
416 238 8 10 0.021068746 
375 231 18 22 0.021025937 
902 372 30 33 0.020937124 
1 156 21 39 0.020899428 
805 379 21 31 0.020868897 
399 232 17 22 0.020820875 
141 301 15 19 0.020754637 
259 259 11 16 0.020710608 
608 134 9 10 0.020619955 
656 243 9 11 0.02059532 
277 301 12 14 0.020587929 
981 227 16 21 0.020552592 
721 246 8 11 0.020505857 
153 345 30 43 0.020413607 
594 57 32 34 0.020321824 
187 346 17 22 0.020274874 
340 3 18 19 0.020263094 
671 222 8 11 0.020203825 
149 440 14 19 0.020004615 
