11_Meeting_Meeting_11_Meeting_Meeting_11_560
103
669 412 25 33 0.9985032 
559 400 26 32 0.9984823 
324 428 34 42 0.9984553 
194 574 46 67 0.997974 
607 414 22 30 0.99055743 
743 395 22 30 0.9890364 
399 409 22 28 0.98903465 
78 453 32 39 0.9889522 
444 417 22 28 0.98716134 
759 431 35 51 0.9833208 
525 417 23 31 0.98123634 
2 462 32 49 0.9791173 
198 419 28 34 0.9778466 
461 395 20 29 0.9680282 
90 503 39 51 0.96521854 
642 397 21 27 0.96087986 
240 409 22 28 0.94672453 
829 437 40 54 0.9461235 
488 401 20 29 0.9329853 
701 413 19 24 0.93235326 
357 419 21 32 0.9085193 
79 688 44 65 0.9037444 
180 512 38 40 0.82723576 
354 390 24 31 0.7893235 
500 385 18 23 0.7699521 
236 459 24 31 0.71886045 
304 661 55 48 0.5465247 
542 387 18 22 0.44842094 
411 387 21 26 0.31581014 
492 393 22 29 0.30533805 
818 385 17 22 0.28030488 
162 517 36 39 0.2599809 
154 522 24 36 0.13009907 
405 397 22 29 0.12022528 
40 691 55 65 0.11442152 
688 487 34 47 0.09609372 
265 703 35 41 0.095546626 
239 469 27 33 0.09412692 
630 397 13 18 0.08839747 
298 653 33 39 0.08410213 
461 390 16 20 0.07184586 
472 400 21 29 0.071680054 
813 382 16 19 0.0670304 
210 415 29 34 0.062321335 
629 400 25 31 0.06009338 
779 425 29 39 0.05918725 
310 593 37 40 0.05569387 
253 334 42 58 0.0524533 
150 530 14 20 0.052282084 
395 695 67 70 0.052270908 
228 437 35 42 0.05140498 
5 189 8 10 0.051209975 
782 198 12 15 0.04969388 
751 439 29 37 0.048630774 
226 414 31 36 0.047404636 
39 207 14 16 0.047358494 
337 391 26 31 0.04699597 
674 463 26 35 0.046536397 
588 439 23 28 0.045716904 
92 445 16 21 0.044660967 
617 412 24 31 0.04457121 
212 388 12 15 0.043635886 
289 659 85 82 0.042374037 
546 393 27 33 0.042057384 
227 678 58 48 0.041357074 
675 476 28 39 0.038636375 
165 523 16 21 0.038181707 
0 727 27 44 0.03518759 
631 392 11 13 0.034647692 
131 76 13 17 0.033937804 
222 525 38 48 0.03331237 
356 403 19 26 0.03289835 
515 533 43 49 0.031959955 
21 202 11 14 0.030891467 
808 386 15 20 0.029324066 
176 453 23 27 0.028825797 
16 702 59 64 0.028509092 
700 480 35 48 0.028284827 
768 262 8 10 0.02821479 
825 381 15 21 0.02813336 
13 203 11 13 0.027759088 
718 433 16 20 0.026948804 
498 382 13 16 0.026921328 
648 550 24 42 0.025523476 
333 393 17 22 0.025360283 
251 510 18 26 0.025223408 
239 678 36 31 0.025163831 
354 669 92 92 0.024615895 
98 687 45 67 0.024598774 
2 -38 451 472 0.0242581 
239 521 28 39 0.023998123 
215 444 28 36 0.023943242 
347 400 35 48 0.023837127 
317 576 50 46 0.023544122 
741 201 11 12 0.023033466 
190 522 45 53 0.02272411 
95 456 18 25 0.022673251 
766 419 30 35 0.022541242 
206 549 45 65 0.022503063 
303 692 34 42 0.021231394 
281 625 44 57 0.021184891 
270 676 65 59 0.020710621 
486 397 17 21 0.020361323 
