52_Photographers_photographertakingphoto_52_506
306
437 299 43 62 0.99297297 
966 321 8 10 0.20876351 
142 443 10 13 0.19199477 
124 422 11 13 0.17485707 
21 375 10 12 0.15163827 
166 448 7 9 0.12138826 
153 462 10 12 0.12099835 
960 304 7 9 0.11028438 
557 307 10 14 0.10361726 
70 368 8 10 0.0953918 
198 356 9 12 0.093887284 
1001 312 7 9 0.09206151 
208 411 9 12 0.08681532 
1000 318 7 9 0.08584233 
991 349 8 10 0.08320453 
982 311 7 9 0.07914108 
121 356 10 12 0.078956395 
30 357 8 11 0.07751186 
1013 342 8 12 0.07520668 
1013 616 9 13 0.0737614 
752 351 7 8 0.0722044 
282 543 8 10 0.0709193 
18 379 10 12 0.07023681 
720 316 8 9 0.06755651 
2 383 9 12 0.06597992 
404 308 35 49 0.065965086 
5 360 9 11 0.062573254 
104 365 9 11 0.062192947 
982 269 8 10 0.058545318 
942 305 8 9 0.05832413 
236 405 11 13 0.05685326 
1006 303 7 10 0.05675179 
1000 342 7 9 0.05611944 
712 296 7 8 0.056077886 
1005 311 7 9 0.05544073 
14 313 9 10 0.054363225 
526 312 9 12 0.053329736 
95 345 7 9 0.052329615 
119 375 8 10 0.052292295 
41 368 9 11 0.051438384 
983 359 8 10 0.051401723 
688 303 8 9 0.051056117 
1001 288 8 10 0.05076597 
671 301 7 10 0.050401755 
105 359 8 10 0.050393824 
823 313 7 8 0.05027291 
954 294 9 10 0.050149187 
137 376 9 10 0.050120886 
124 353 10 11 0.049516045 
164 431 9 10 0.049452137 
999 335 7 9 0.047698427 
655 368 11 14 0.047657575 
605 333 9 11 0.04736229 
655 343 7 9 0.04714368 
54 382 8 10 0.04634308 
96 350 8 9 0.046296466 
200 485 12 14 0.0461695 
639 580 12 13 0.04569092 
55 344 7 7 0.045684267 
142 375 9 10 0.045028664 
93 454 9 12 0.044675294 
168 403 10 12 0.044590548 
982 319 7 9 0.04455426 
81 319 8 9 0.044471856 
994 320 7 9 0.04435024 
101 429 8 11 0.044141836 
1006 287 8 10 0.043970127 
65 372 7 9 0.04328453 
993 327 7 8 0.04310759 
110 366 9 11 0.042918578 
4 388 9 12 0.04283085 
975 344 8 11 0.042615186 
1014 336 7 10 0.042600594 
897 328 8 10 0.042561196 
141 367 10 11 0.04230445 
681 534 9 11 0.0419433 
985 294 7 10 0.041568585 
172 400 10 12 0.04079947 
1008 343 9 10 0.04061022 
189 406 10 12 0.04009366 
978 310 8 10 0.040086646 
993 334 8 9 0.040065806 
830 327 7 9 0.03999925 
983 326 7 9 0.03963315 
181 455 11 14 0.03945451 
999 326 7 10 0.039390903 
93 310 9 10 0.039000157 
167 415 8 11 0.03883728 
960 344 8 10 0.03853603 
69 309 9 11 0.0381663 
937 348 9 10 0.038095992 
559 286 8 10 0.037898313 
942 309 9 11 0.037191257 
998 270 8 10 0.037127454 
200 423 9 11 0.03708444 
682 312 7 9 0.03684887 
704 312 7 8 0.036663976 
998 368 8 10 0.03625543 
1009 615 9 13 0.03623031 
89 452 9 12 0.03619954 
1000 373 8 10 0.035502233 
688 358 9 11 0.035457015 
0 406 8 12 0.035453152 
1006 317 7 10 0.03523743 
0 376 9 11 0.034957875 
993 368 7 10 0.034844868 
813 549 10 11 0.034541853 
672 296 8 10 0.03421363 
104 328 7 9 0.03419455 
55 359 8 8 0.034146756 
89 335 7 8 0.034146346 
103 373 8 11 0.034112036 
110 342 8 10 0.03402576 
952 319 8 10 0.03362762 
992 384 6 8 0.03354146 
73 396 9 11 0.03351283 
943 350 7 9 0.033291385 
817 649 8 11 0.033158533 
194 535 11 14 0.032807983 
109 360 8 10 0.032690566 
142 351 8 10 0.032599255 
38 420 8 11 0.032485377 
194 372 9 11 0.031925295 
161 447 9 11 0.031894732 
626 320 7 10 0.031412542 
977 319 8 10 0.031321753 
96 422 9 12 0.031281963 
57 454 9 10 0.031210596 
221 463 9 11 0.031197932 
961 309 8 9 0.030946359 
111 336 8 9 0.030899052 
832 573 8 10 0.030742569 
628 535 9 10 0.03071655 
169 359 8 10 0.030705512 
640 313 8 9 0.030507144 
138 352 9 11 0.030193316 
614 511 8 10 0.030107945 
105 334 8 10 0.030073788 
71 351 7 8 0.029943863 
112 384 8 9 0.029924253 
94 416 9 11 0.029839683 
601 343 9 12 0.029837694 
809 327 7 8 0.029721856 
201 344 9 10 0.029703736 
942 345 7 9 0.029641967 
1006 293 8 10 0.029550228 
65 351 8 9 0.029489342 
712 350 9 9 0.029445212 
862 556 10 12 0.029240653 
1009 336 8 9 0.02922417 
963 324 8 10 0.029218623 
527 374 9 11 0.029165015 
655 334 8 10 0.029091256 
1000 293 9 10 0.028959664 
127 376 8 10 0.028942887 
728 361 7 8 0.028933367 
598 543 9 12 0.028778981 
152 457 9 11 0.028749736 
178 655 8 10 0.02866483 
80 350 7 9 0.028587645 
152 366 8 11 0.028585367 
41 351 8 9 0.028574964 
823 285 7 9 0.028543517 
1016 319 7 9 0.028519185 
977 270 9 10 0.028342884 
664 526 9 11 0.02830572 
32 308 10 12 0.028229725 
751 321 7 8 0.028184023 
67 304 7 8 0.028103065 
233 591 8 10 0.02780543 
568 295 9 10 0.027541583 
688 288 8 9 0.027529517 
961 351 8 9 0.027514242 
119 366 8 10 0.027433313 
977 360 8 10 0.027405752 
761 335 7 9 0.027396709 
182 414 9 11 0.027240487 
177 419 8 11 0.026886344 
103 351 7 9 0.02683384 
174 359 8 10 0.02682181 
605 348 11 13 0.026733303 
144 310 8 10 0.026712393 
22 369 8 9 0.026283393 
983 390 8 10 0.026145712 
103 438 8 10 0.02603218 
573 390 8 11 0.02600342 
335 550 8 11 0.025921328 
497 544 9 10 0.02577971 
494 303 10 14 0.02570393 
144 344 8 10 0.025644302 
1001 304 8 10 0.025614057 
78 392 9 11 0.025600001 
46 352 7 8 0.025445247 
126 439 9 12 0.0254025 
47 357 8 10 0.025378348 
527 358 10 10 0.025359416 
449 313 47 63 0.02521938 
887 312 9 11 0.024970753 
1014 293 7 10 0.024952944 
953 288 8 10 0.0249493 
670 521 9 10 0.024940414 
992 302 7 9 0.024916511 
113 373 8 10 0.024915647 
991 296 7 9 0.024887817 
581 343 10 11 0.024835998 
200 446 9 11 0.024806313 
1015 326 8 11 0.024777342 
89 328 8 9 0.024745068 
48 390 8 11 0.02466116 
573 518 8 10 0.024656247 
106 303 8 9 0.024634514 
582 310 9 10 0.024518548 
472 531 9 11 0.02443974 
337 59 11 12 0.024422042 
593 541 10 13 0.024383878 
978 304 7 10 0.024341624 
1015 270 7 10 0.024314076 
417 306 44 58 0.024266927 
188 460 9 12 0.024191217 
9 295 7 10 0.02409041 
654 312 8 9 0.024078986 
612 366 9 11 0.024033384 
961 337 7 8 0.023993852 
881 329 8 9 0.023981158 
56 389 9 11 0.023941156 
814 327 7 8 0.023907222 
62 391 9 11 0.023906866 
361 559 7 10 0.023825413 
993 374 6 9 0.023779973 
119 327 8 9 0.02377301 
839 341 7 10 0.023613285 
985 351 7 9 0.023366585 
993 424 7 9 0.023361512 
650 335 8 10 0.023359759 
662 334 7 9 0.023182025 
72 392 9 11 0.023133619 
712 329 7 8 0.023075534 
106 343 8 10 0.023072103 
686 319 8 9 0.022991398 
192 301 9 11 0.02298026 
505 156 11 13 0.02295307 
682 326 8 10 0.022846635 
521 390 9 11 0.022816766 
968 344 8 11 0.022814784 
182 359 7 8 0.02276257 
89 344 9 10 0.022626892 
776 343 9 10 0.02253309 
729 335 7 9 0.022531686 
1001 391 7 10 0.02250513 
942 279 8 10 0.022463419 
808 311 7 8 0.022350611 
46 373 8 10 0.022253554 
172 541 9 12 0.022151211 
95 459 9 11 0.022132756 
120 447 8 10 0.022123137 
554 304 10 12 0.022035347 
686 327 8 10 0.021971583 
894 312 8 9 0.021964565 
743 335 6 8 0.021963296 
921 352 7 8 0.021902198 
14 414 9 10 0.021818468 
73 335 8 9 0.021815935 
841 318 8 9 0.021806888 
704 320 7 8 0.021802153 
761 360 7 9 0.021762546 
993 344 8 10 0.021759203 
653 528 10 12 0.021714643 
831 320 7 9 0.021710364 
87 358 7 9 0.021699168 
984 375 7 9 0.021696892 
695 303 7 9 0.021657834 
45 399 8 9 0.021648172 
842 313 7 9 0.021526227 
109 318 9 10 0.021499097 
975 383 9 10 0.021472782 
679 295 7 9 0.021469591 
136 381 9 10 0.021392988 
631 320 8 10 0.021381466 
985 367 8 10 0.021323206 
657 350 8 10 0.0212938 
73 344 8 9 0.021285733 
978 325 8 10 0.02125264 
49 344 7 9 0.021239579 
984 289 7 9 0.02121714 
984 344 7 10 0.021088256 
921 359 6 8 0.02103222 
81 357 8 10 0.020998279 
685 528 11 11 0.020959418 
617 344 9 12 0.020902243 
137 440 10 13 0.020838223 
32 303 8 10 0.020813555 
180 420 9 11 0.020792216 
525 392 9 11 0.020786338 
684 540 11 12 0.020736702 
944 368 8 10 0.020719422 
78 336 8 9 0.020519229 
824 318 7 8 0.020507962 
15 351 8 9 0.020449022 
604 572 11 12 0.02044374 
983 303 8 9 0.020422505 
751 345 7 8 0.020406544 
505 575 9 11 0.020279014 
816 278 8 10 0.020263294 
522 316 10 12 0.020241834 
148 440 9 11 0.020231577 
554 287 8 10 0.020067468 
