52_Photographers_photographertakingphoto_52_130
28
647 370 14 19 0.12900065 
668 368 16 21 0.072322674 
636 329 13 18 0.072054006 
643 358 23 29 0.05968753 
568 348 37 39 0.047751065 
806 383 13 17 0.047230065 
318 402 54 67 0.04694423 
727 368 12 14 0.04649724 
657 359 25 31 0.045497138 
541 316 43 54 0.042913403 
725 388 13 15 0.036954883 
394 44 422 534 0.03661895 
691 402 16 19 0.034556646 
725 396 13 16 0.03413825 
653 347 10 12 0.034113873 
383 379 11 12 0.032560397 
647 342 40 50 0.03224687 
390 346 56 68 0.031342056 
341 373 15 17 0.02900439 
344 368 11 12 0.027549619 
763 422 11 14 0.027371151 
589 325 14 17 0.02687847 
596 397 12 15 0.023902321 
576 326 27 33 0.023785384 
825 302 28 33 0.023740627 
807 593 33 34 0.023466526 
690 387 15 18 0.02157124 
684 426 13 16 0.02077696 
