52_Photographers_taketouristphotos_52_123
101
740 270 114 129 0.9997259 
221 129 117 150 0.99956185 
644 211 55 100 0.98692733 
957 428 31 34 0.7707664 
984 289 9 11 0.14870556 
140 134 83 129 0.08070948 
943 309 9 12 0.08031968 
904 579 9 13 0.0767021 
951 295 8 10 0.07494364 
899 1096 13 18 0.0736606 
856 282 46 74 0.068756565 
978 866 12 16 0.06703744 
900 557 11 13 0.065458685 
947 890 13 15 0.062489014 
991 311 9 11 0.06153129 
981 60 9 12 0.061198354 
997 155 13 17 0.056568768 
982 359 12 15 0.054516613 
947 123 11 14 0.05395718 
982 316 8 11 0.053811196 
937 304 8 10 0.053688724 
544 655 461 588 0.052221972 
911 579 12 15 0.050835133 
592 199 44 63 0.05058994 
918 580 10 13 0.04835631 
951 288 7 10 0.047788497 
944 438 8 11 0.045864437 
943 360 9 11 0.04375961 
939 995 14 17 0.04300337 
976 312 8 11 0.04253947 
983 311 9 12 0.04227001 
968 437 18 21 0.042204853 
938 308 9 12 0.042042457 
903 358 10 13 0.04193972 
921 309 9 12 0.041417837 
937 980 9 11 0.039726492 
977 316 10 11 0.039632324 
967 295 7 9 0.037032977 
987 362 12 15 0.036099125 
985 224 9 12 0.03461694 
909 334 7 10 0.03394137 
977 287 8 10 0.033758268 
968 309 8 11 0.033354964 
979 920 15 20 0.03310162 
925 912 11 15 0.032810826 
963 554 13 16 0.03250713 
968 288 7 9 0.032222662 
588 294 16 19 0.032181192 
966 360 9 11 0.032099128 
925 904 9 12 0.03161612 
594 290 17 19 0.030796286 
984 597 12 14 0.03039997 
924 518 13 17 0.029756289 
588 286 34 37 0.02973363 
892 599 9 11 0.02896452 
937 295 8 10 0.028522456 
926 287 9 11 0.028123477 
804 284 68 85 0.027634405 
911 318 8 11 0.02737343 
921 288 9 10 0.027102992 
120 882 394 545 0.0268998 
944 295 7 9 0.0268541 
355 259 374 507 0.026102824 
916 990 10 12 0.025168994 
909 228 10 15 0.024940262 
935 288 8 10 0.024501994 
908 524 10 14 0.023778588 
937 359 9 11 0.023717577 
945 338 11 14 0.023410939 
983 298 10 14 0.023386335 
902 416 51 61 0.02313985 
658 217 84 113 0.023135995 
322 1369 35 33 0.023059087 
382 641 354 495 0.023056023 
951 317 9 10 0.022982532 
947 382 28 31 0.022795668 
934 437 10 12 0.022747133 
974 463 14 18 0.02262454 
990 592 9 12 0.022605736 
921 357 10 12 0.022229023 
967 327 8 10 0.022202183 
603 200 19 26 0.022106051 
925 303 8 10 0.021980198 
975 358 13 16 0.021661593 
919 174 11 12 0.021558013 
876 495 10 11 0.021482136 
904 310 8 11 0.021341173 
0 1402 23 40 0.021163555 
945 289 7 9 0.021141747 
961 358 9 11 0.021112436 
171 139 102 132 0.02099293 
976 293 9 10 0.020969864 
921 343 10 13 0.020917764 
922 349 9 13 0.020747319 
959 296 7 9 0.020572321 
823 263 80 119 0.020489827 
920 305 9 10 0.020334167 
975 327 8 10 0.020256972 
958 319 9 10 0.02018838 
903 295 8 10 0.020047922 
977 1115 13 18 0.020020973 
