52_Photographers_photographertakingphoto_52_666
18
282 255 268 413 0.9989749 
397 261 400 481 0.9954991 
527 189 429 491 0.5928379 
35 415 470 558 0.42741898 
331 780 609 412 0.108379625 
964 403 36 58 0.059830096 
-9 916 504 518 0.053202905 
-4 584 361 524 0.05315131 
806 274 200 275 0.039411966 
876 1137 114 106 0.038431957 
926 396 63 83 0.036557246 
884 358 110 144 0.033486508 
621 373 276 325 0.0331359 
183 104 415 462 0.031982575 
588 166 263 326 0.0317135 
144 322 329 432 0.025979793 
412 516 539 522 0.02576294 
858 444 104 160 0.02018795 
