52_Photographers_photographertakingphoto_52_578
49
751 177 58 70 0.99931514 
947 166 64 76 0.9988493 
806 149 53 67 0.99786913 
277 179 68 82 0.9946774 
353 142 52 65 0.9945813 
65 144 84 106 0.9933437 
105 118 67 86 0.96421814 
570 155 45 61 0.95918894 
505 261 50 55 0.90359807 
588 295 27 40 0.26308343 
617 207 27 35 0.2607231 
461 209 11 15 0.24698883 
211 217 22 26 0.17858185 
549 237 27 30 0.17459567 
891 228 17 22 0.13252814 
586 148 35 47 0.11240954 
623 175 26 31 0.09924716 
913 393 26 35 0.07947105 
684 629 32 37 0.07833235 
620 185 30 38 0.06528854 
625 222 17 23 0.05658152 
580 280 28 39 0.052286226 
604 158 43 60 0.045146063 
454 206 14 18 0.044156548 
671 200 9 11 0.044005048 
923 387 16 22 0.040400203 
871 229 23 29 0.03721195 
465 210 13 17 0.03510895 
808 212 28 36 0.032271232 
155 506 15 17 0.031050803 
526 277 36 44 0.029438004 
587 284 16 24 0.026641661 
634 172 16 19 0.025621165 
293 208 60 72 0.025613038 
448 212 11 15 0.025275895 
-4 342 36 71 0.025254078 
602 149 18 23 0.024805725 
0 0 9 11 0.02405052 
531 206 16 21 0.02370337 
644 163 14 21 0.023602227 
860 233 25 29 0.023306904 
229 203 11 14 0.023276383 
863 56 25 28 0.02296135 
522 246 46 55 0.022891553 
516 199 11 14 0.021332901 
409 247 27 40 0.021148674 
581 307 45 58 0.020995822 
577 190 28 40 0.02078248 
538 237 41 51 0.020488087 
