52_Photographers_taketouristphotos_52_80
27
331 510 57 64 0.9960949 
870 264 9 12 0.13944304 
998 321 9 13 0.08026572 
993 289 10 13 0.07618514 
670 332 12 16 0.075650804 
984 269 10 13 0.069154106 
849 296 10 12 0.052445725 
836 295 9 12 0.040462594 
854 310 11 14 0.038593415 
989 267 11 15 0.037452832 
981 302 9 11 0.0354014 
735 350 11 14 0.034457825 
741 356 11 13 0.032813486 
650 332 15 16 0.031649414 
316 607 34 35 0.031553425 
980 310 11 15 0.029826097 
990 273 11 16 0.028388133 
997 333 11 15 0.026461095 
604 291 40 47 0.02494822 
872 298 11 15 0.02486043 
789 312 11 13 0.024693303 
976 296 9 11 0.02464851 
841 334 27 29 0.024584573 
545 298 11 14 0.02167381 
661 331 15 18 0.021512153 
54 319 8 9 0.021013835 
685 347 24 27 0.02068627 
