52_Photographers_photographertakingphoto_52_96
51
180 337 18 23 0.8836896 
112 364 14 16 0.23988599 
218 334 9 12 0.12053894 
174 325 11 13 0.06987838 
233 344 9 11 0.06190204 
216 350 9 11 0.06048494 
440 593 7 9 0.055617996 
318 585 10 11 0.0546967 
355 749 10 13 0.046546634 
447 632 6 9 0.044360135 
110 358 24 28 0.040372938 
470 599 7 9 0.037966207 
391 438 52 72 0.035599574 
249 574 9 12 0.035470065 
433 592 7 9 0.03343839 
482 606 7 9 0.03101732 
181 350 15 19 0.030054897 
221 403 11 13 0.02992549 
431 583 7 9 0.02905122 
447 592 7 9 0.028086191 
196 389 11 13 0.02747389 
191 405 11 13 0.027133988 
171 389 14 18 0.026950628 
173 333 16 20 0.0264931 
449 616 8 9 0.025942964 
347 604 12 13 0.02580896 
401 584 7 8 0.025564475 
425 592 7 9 0.025454963 
463 616 8 10 0.025339365 
218 339 10 13 0.02490711 
353 639 8 10 0.024673386 
448 584 7 9 0.02404144 
189 388 12 13 0.023868281 
415 607 7 9 0.023745574 
455 592 7 8 0.023714729 
311 638 11 13 0.022355197 
456 598 7 8 0.0220773 
231 337 8 10 0.02172041 
172 382 14 17 0.021556148 
24 333 10 13 0.021484422 
241 631 8 9 0.02092698 
487 606 7 9 0.020755911 
168 339 14 18 0.020745028 
578 352 24 28 0.020465804 
160 348 11 15 0.020447437 
488 600 7 8 0.02038686 
400 623 8 8 0.02030429 
469 591 7 9 0.02019386 
198 405 9 13 0.020151734 
471 618 8 10 0.020118708 
256 616 7 9 0.020055968 
