52_Photographers_photographertakingphoto_52_428
41
499 305 131 113 0.9864421 
632 266 78 114 0.6176102 
555 284 115 125 0.27862564 
987 283 12 15 0.22830509 
999 223 9 11 0.149797 
961 283 9 12 0.14191407 
926 239 10 12 0.119509205 
972 247 10 12 0.10322594 
985 264 9 11 0.07631733 
1001 260 11 13 0.075954996 
985 280 10 13 0.06710282 
932 244 9 11 0.054126132 
1002 239 8 11 0.05283917 
949 223 9 12 0.05214141 
994 222 8 9 0.052043527 
1004 278 9 11 0.044010255 
926 254 9 10 0.04342186 
1001 245 9 10 0.041750126 
988 266 11 13 0.036412653 
912 251 8 11 0.035840865 
1004 255 10 13 0.034732554 
1005 228 10 11 0.034484074 
938 262 8 10 0.033530243 
970 264 8 10 0.033494562 
643 9 25 40 0.033475123 
967 294 8 10 0.032375418 
999 279 10 12 0.032180116 
998 284 10 13 0.031002486 
964 279 9 12 0.029985495 
960 272 8 10 0.02967294 
1015 243 9 13 0.027558882 
935 255 8 10 0.027027164 
943 280 9 11 0.026739322 
976 182 10 11 0.024964662 
1005 244 9 11 0.024181312 
974 269 9 11 0.023600964 
966 240 8 10 0.023232736 
999 266 11 13 0.022599697 
953 263 7 9 0.022347825 
983 232 8 10 0.022226201 
1014 221 9 12 0.02150905 
