52_Photographers_photographertakingphoto_52_219
46
708 433 38 43 0.997566 
420 397 38 46 0.9968335 
661 282 45 57 0.99511766 
564 355 39 50 0.9948214 
766 225 43 56 0.9940333 
186 280 42 56 0.99227726 
302 349 39 52 0.9902028 
863 523 12 16 0.09808738 
878 522 13 14 0.089671016 
318 270 28 43 0.058980934 
49 501 7 9 0.058489967 
866 516 14 17 0.054882105 
887 168 8 10 0.05392128 
990 510 11 13 0.04967332 
733 293 27 33 0.045843825 
732 304 17 21 0.044440765 
870 517 25 25 0.04244329 
101 259 11 13 0.033959936 
551 166 7 9 0.033703227 
774 443 11 12 0.030565403 
318 87 8 10 0.02951755 
547 388 11 15 0.028360186 
934 524 10 12 0.02792585 
76 196 10 13 0.02589706 
294 63 9 11 0.025749002 
456 234 39 59 0.025670324 
1009 345 7 10 0.025163481 
47 519 7 9 0.024451151 
540 505 27 32 0.024303082 
72 522 24 30 0.024156086 
890 525 13 13 0.023717873 
984 512 12 12 0.023601944 
0 519 7 11 0.023534108 
672 142 9 9 0.023487013 
809 660 11 11 0.023267096 
973 536 8 10 0.022868508 
40 502 8 10 0.022787405 
149 151 9 10 0.022659866 
495 141 9 11 0.02243572 
41 520 6 9 0.0223229 
882 152 7 9 0.022063602 
881 160 8 9 0.022022732 
57 495 7 10 0.020897066 
310 69 8 10 0.020846074 
783 441 10 11 0.020623064 
69 510 8 10 0.020355862 
