52_Photographers_photographertakingphoto_52_721
16
290 320 380 515 0.9998876 
140 832 463 532 0.8927086 
944 594 49 64 0.6232528 
-78 -20 439 533 0.12208389 
415 999 466 518 0.07772693 
313 685 427 474 0.06406713 
91 1073 473 401 0.053865496 
202 1424 163 145 0.040711533 
19 1307 161 276 0.036900744 
258 210 131 171 0.034400214 
475 430 361 492 0.029599423 
571 -21 438 529 0.029581532 
231 1332 132 111 0.029234998 
23 769 439 456 0.021943023 
120 1237 330 378 0.021770079 
283 157 142 153 0.0214003 
