52_Photographers_photographertakingphoto_52_695
53
595 150 166 208 0.9960251 
177 167 65 86 0.99205494 
926 167 31 42 0.35962263 
965 193 26 35 0.30615878 
921 170 48 70 0.22875753 
978 187 23 36 0.11562463 
854 183 43 67 0.10780297 
204 179 37 51 0.080764905 
154 811 58 86 0.07560579 
716 20 10 13 0.072106495 
983 177 13 20 0.069660164 
293 284 112 135 0.069032475 
906 154 78 110 0.06399529 
114 176 52 63 0.056628525 
589 370 434 426 0.053296395 
943 183 45 60 0.052449703 
549 725 442 523 0.04987197 
873 101 9 13 0.04517973 
762 35 14 15 0.045125715 
346 140 29 47 0.04491505 
762 28 13 15 0.04374571 
275 151 25 33 0.042315353 
932 155 24 32 0.039716538 
998 169 15 20 0.03914616 
934 180 28 42 0.03837415 
157 150 67 69 0.034806993 
758 58 11 15 0.033038843 
724 20 12 16 0.032213323 
460 525 395 476 0.028165875 
495 4 27 33 0.027747104 
285 141 41 50 0.027485853 
594 0 26 21 0.027038014 
212 171 71 67 0.02699309 
380 626 74 65 0.02663237 
1006 206 16 25 0.025778826 
412 650 48 39 0.025684018 
376 459 25 32 0.025595209 
187 170 40 55 0.025528213 
988 192 22 34 0.025319165 
763 41 14 17 0.025135795 
704 90 32 44 0.024585783 
356 651 73 56 0.024209075 
303 149 50 58 0.023515627 
724 16 9 11 0.023353457 
765 70 10 13 0.023170877 
954 187 26 39 0.022653395 
752 46 11 14 0.022613477 
931 209 32 47 0.022220632 
328 145 44 56 0.02152434 
750 53 12 15 0.020684222 
973 189 15 21 0.020447211 
201 192 87 94 0.020222677 
142 138 61 55 0.020056028 
