52_Photographers_taketouristphotos_52_51
108
448 936 35 42 0.9988142 
859 829 16 20 0.30096188 
709 734 11 14 0.26647744 
884 756 15 18 0.15931545 
724 723 10 13 0.12527068 
793 716 13 16 0.12230464 
877 705 8 9 0.119674236 
906 733 10 12 0.11826232 
895 704 8 10 0.1080807 
839 871 10 13 0.08607802 
909 742 11 13 0.08546295 
903 704 8 10 0.075021744 
709 718 9 11 0.07154694 
886 720 9 10 0.06783413 
754 712 15 18 0.0656993 
887 725 9 10 0.06354811 
812 739 12 15 0.062508464 
806 726 14 19 0.06067722 
921 702 9 12 0.05884544 
432 1050 14 16 0.058588967 
421 1271 8 9 0.056950398 
909 748 11 14 0.054340966 
920 733 10 13 0.05046412 
890 710 9 10 0.04952638 
873 703 8 11 0.049248636 
905 728 10 12 0.047510516 
893 727 9 11 0.047500547 
863 703 8 11 0.047292985 
765 1288 16 23 0.0467143 
757 872 10 11 0.046609532 
419 1085 10 13 0.046478253 
908 717 9 11 0.045279376 
418 1278 8 12 0.04352389 
911 757 10 12 0.04349204 
732 887 10 13 0.04285731 
710 713 9 12 0.041736923 
750 871 10 12 0.041676693 
885 734 11 12 0.03991572 
861 726 10 13 0.039831754 
761 859 11 13 0.039830815 
417 1284 8 11 0.039531954 
697 726 9 13 0.038321376 
293 1020 12 13 0.03763562 
701 725 11 13 0.036480118 
414 1235 9 12 0.036320277 
820 838 13 16 0.03626756 
527 867 25 32 0.035861425 
905 709 9 10 0.035535555 
880 735 12 14 0.03429434 
783 879 8 10 0.033554174 
919 741 9 12 0.032937735 
449 1262 8 11 0.032768935 
720 880 9 11 0.03147597 
701 751 9 12 0.029681303 
920 727 10 12 0.029533794 
830 751 12 14 0.029485181 
734 726 9 11 0.029232616 
479 1286 8 10 0.029127708 
875 784 13 16 0.02879928 
908 711 9 11 0.02878664 
416 1252 10 13 0.028607689 
873 709 9 11 0.0284133 
735 718 10 12 0.027819317 
430 975 15 20 0.02771885 
893 733 9 11 0.027580824 
317 42 10 12 0.027340105 
416 1246 8 11 0.027311757 
806 730 23 26 0.027220123 
846 852 12 16 0.02718035 
714 901 13 16 0.026790155 
742 710 10 12 0.02643854 
837 704 10 11 0.026382005 
438 0 16 12 0.026222514 
708 726 12 14 0.026167508 
294 900 12 17 0.02609486 
744 886 9 12 0.026079452 
893 742 10 11 0.025796078 
422 1284 8 11 0.025637941 
855 724 11 15 0.025507607 
744 870 12 14 0.025453927 
822 791 13 14 0.0254038 
454 1052 10 13 0.024686057 
812 747 11 14 0.024240566 
877 722 11 13 0.024104133 
705 740 10 12 0.023849612 
742 727 10 11 0.02355544 
443 667 123 139 0.023488706 
705 713 8 11 0.02248154 
486 728 10 12 0.022479355 
770 1297 15 20 0.022431752 
462 1272 8 10 0.022156922 
855 878 9 11 0.022094108 
278 69 10 12 0.022089811 
502 1063 8 10 0.021521075 
738 710 9 11 0.021198709 
861 871 10 11 0.020986674 
741 732 12 14 0.020941725 
154 -6 60 63 0.020930978 
801 850 15 18 0.02077971 
750 724 12 14 0.020704573 
863 708 9 11 0.020663664 
441 1049 15 18 0.02064651 
863 720 8 11 0.020617757 
416 1120 10 11 0.020432303 
449 1253 9 12 0.020337569 
530 1053 14 16 0.020104352 
901 917 10 12 0.020072946 
918 750 10 14 0.02003473 
