52_Photographers_taketouristphotos_52_487
26
628 145 57 62 0.9851199 
942 386 61 59 0.9806709 
-1 340 30 54 0.9046151 
973 227 18 23 0.35194328 
965 212 16 19 0.07157554 
929 381 41 51 0.06408852 
969 315 15 18 0.0597868 
547 47 59 62 0.059436474 
1012 238 11 18 0.04410768 
959 231 26 29 0.04305877 
969 210 24 27 0.037881874 
957 235 15 19 0.035562217 
969 382 45 45 0.033219423 
963 309 16 19 0.030686283 
959 310 28 29 0.029930513 
501 25 108 102 0.028124914 
487 20 73 59 0.028039621 
280 66 26 32 0.027854402 
942 374 42 46 0.026115265 
396 149 55 71 0.02440571 
555 76 51 67 0.024310296 
591 122 52 65 0.023936205 
978 214 14 16 0.022839375 
588 129 35 42 0.022141045 
391 411 12 14 0.021120494 
948 239 27 27 0.020078951 
