52_Photographers_photographertakingphoto_52_315
29
691 89 99 137 0.9997558 
164 165 97 130 0.99963737 
474 162 61 81 0.9988356 
237 120 56 79 0.97617596 
631 199 9 12 0.39315817 
1 231 25 45 0.3164533 
218 141 73 107 0.28407094 
288 186 18 24 0.17448306 
569 217 33 41 0.1740655 
609 197 14 18 0.12868634 
572 192 11 11 0.109622724 
582 191 10 12 0.100718975 
273 177 26 35 0.090790235 
567 194 13 16 0.08312057 
414 142 46 72 0.08275482 
17 424 23 37 0.06723788 
259 154 33 49 0.047609307 
7 236 43 56 0.036962498 
564 194 22 27 0.03453714 
647 182 10 12 0.029064922 
623 197 13 16 0.029036248 
584 223 25 37 0.0270041 
562 204 31 37 0.02668397 
635 244 14 18 0.02542836 
561 196 12 16 0.024401352 
551 216 47 63 0.024373587 
633 201 12 15 0.021269135 
646 185 15 17 0.020414475 
646 189 22 26 0.020177733 
