52_Photographers_photographertakingphoto_52_701
26
251 157 106 129 0.9995943 
287 279 101 117 0.9995927 
578 492 11 14 0.20993738 
1 281 41 75 0.10939312 
715 401 36 38 0.09062899 
591 283 12 12 0.0380408 
601 304 16 17 0.032346763 
268 207 100 131 0.03233883 
33 403 61 80 0.030568002 
478 283 10 12 0.030413015 
16 312 46 70 0.026881177 
943 398 13 14 0.026735382 
203 120 95 126 0.025882065 
541 250 11 12 0.025674064 
541 477 15 22 0.025162088 
884 301 16 16 0.024108559 
560 493 32 27 0.023270793 
555 310 14 16 0.022981836 
42 354 14 19 0.022273118 
576 496 16 18 0.021986714 
539 203 15 16 0.021961125 
1012 320 10 18 0.021904802 
530 379 27 28 0.021904707 
660 482 55 59 0.021669956 
674 382 27 37 0.021642132 
29 347 30 38 0.021465344 
