52_Photographers_photographertakingphoto_52_479
26
199 285 124 151 0.9999161 
291 96 118 138 0.99974877 
371 290 111 146 0.99903286 
349 566 108 140 0.99873894 
521 209 137 167 0.9976164 
937 255 25 30 0.3615772 
901 248 29 36 0.34736735 
975 257 25 32 0.32712394 
859 298 64 73 0.19839963 
868 269 31 35 0.14538905 
862 273 51 63 0.083765045 
933 243 25 30 0.078076966 
877 276 33 36 0.07176927 
404 242 143 188 0.0626378 
883 258 29 32 0.046796296 
916 252 27 33 0.042223006 
974 250 18 20 0.04202744 
849 278 103 115 0.040129922 
894 262 28 35 0.038474403 
894 311 14 15 0.036871016 
873 266 21 22 0.033363093 
835 309 68 77 0.03217706 
205 484 88 67 0.029596345 
888 280 19 23 0.02947215 
948 250 39 47 0.020678166 
459 213 152 201 0.020443084 
