52_Photographers_taketouristphotos_52_536
65
531 218 118 222 0.99611354 
179 140 25 29 0.526817 
208 533 56 73 0.21365099 
68 452 16 20 0.14763491 
440 11 15 18 0.13416493 
977 421 47 89 0.12274697 
-18 918 362 452 0.121679716 
546 165 108 167 0.10219675 
20 998 236 268 0.09593959 
861 143 38 52 0.083567984 
573 222 157 236 0.07955368 
965 248 60 78 0.07337187 
85 426 13 17 0.0658248 
66 442 18 22 0.06321302 
542 3 29 37 0.057524525 
872 190 43 58 0.05655162 
254 314 61 78 0.05431586 
21 359 47 65 0.05124682 
641 166 25 31 0.049474448 
821 590 185 325 0.04438005 
146 551 36 48 0.041885436 
295 -2 64 67 0.03990789 
146 445 19 22 0.036584496 
635 21 12 14 0.03634233 
219 140 52 60 0.036273476 
128 483 14 17 0.03557363 
825 284 145 136 0.034935668 
166 377 47 55 0.03490891 
365 548 227 262 0.034626916 
51 397 26 37 0.033391837 
867 158 18 24 0.032626748 
282 307 53 69 0.031718623 
909 182 43 55 0.0316848 
329 182 41 62 0.029030604 
782 125 11 13 0.028845096 
596 894 370 462 0.028619366 
74 445 16 19 0.028097223 
67 349 16 21 0.027886461 
27 343 87 127 0.027670553 
348 3 16 17 0.027459979 
45 507 32 36 0.027358986 
30 367 31 40 0.027258642 
284 -2 96 119 0.026910119 
840 157 42 58 0.026226193 
740 125 11 14 0.02585453 
343 5 13 13 0.025590803 
531 0 50 55 0.02557527 
1012 239 10 15 0.02553955 
164 396 28 34 0.024844663 
740 187 46 71 0.024476135 
237 282 101 125 0.023395086 
155 151 15 19 0.022847975 
264 -4 54 52 0.02270889 
745 225 46 64 0.022175314 
29 15 88 112 0.021336792 
647 14 14 15 0.020665186 
315 23 93 114 0.020624144 
133 91 16 20 0.02061656 
107 427 17 21 0.02055245 
131 434 28 33 0.020461835 
30 505 31 36 0.020363474 
710 246 10 13 0.020263577 
64 422 24 32 0.020246763 
203 581 54 69 0.02023114 
79 417 21 28 0.02018919 
