52_Photographers_photographertakingphoto_52_780
18
746 274 75 111 0.97454745 
366 268 53 77 0.83348703 
696 334 27 38 0.087938756 
679 347 46 59 0.06258509 
280 344 422 471 0.0545932 
780 270 84 106 0.05410021 
365 411 193 296 0.038059708 
683 343 30 42 0.037879027 
619 342 23 27 0.03781773 
365 238 91 127 0.030220246 
818 285 59 83 0.027909668 
382 296 32 48 0.02621347 
422 197 15 20 0.023743307 
664 357 31 34 0.022792663 
669 358 16 17 0.022522248 
419 444 113 195 0.022359354 
633 370 31 39 0.021969259 
645 360 55 56 0.021656312 
