52_Photographers_taketouristphotos_52_208
18
242 93 137 181 0.99969625 
816 68 45 54 0.9971022 
959 73 29 49 0.9844082 
672 77 37 55 0.9841367 
900 97 28 39 0.5983808 
881 53 29 37 0.34776247 
961 58 29 37 0.119724914 
866 60 31 38 0.091430776 
694 427 14 16 0.07096177 
856 66 27 40 0.04853752 
706 458 25 25 0.03508749 
810 57 35 43 0.026845591 
669 478 12 16 0.025472036 
702 457 14 20 0.023837937 
876 59 18 22 0.023074437 
309 78 101 142 0.022393908 
687 497 16 18 0.021695774 
965 79 42 58 0.020611856 
