52_Photographers_photographertakingphoto_52_359
21
563 75 53 77 0.9926756 
625 125 145 190 0.4817995 
756 266 56 71 0.21685843 
728 234 94 115 0.09528933 
468 315 27 28 0.09268689 
588 90 57 63 0.07609341 
860 378 19 22 0.0628341 
683 182 124 156 0.045382876 
397 477 44 47 0.042130966 
474 328 19 20 0.040677693 
859 385 26 31 0.037598886 
648 199 73 83 0.037339583 
471 338 18 21 0.036242645 
614 101 40 57 0.034240667 
604 107 115 120 0.034111094 
655 414 71 89 0.031819858 
410 443 16 18 0.03154282 
572 144 237 274 0.027076988 
412 449 16 18 0.02420756 
640 390 122 149 0.023028636 
478 114 37 49 0.022989608 
