52_Photographers_taketouristphotos_52_288
36
880 30 27 36 0.99835724 
702 301 33 45 0.99802065 
842 201 35 44 0.9973937 
985 74 31 40 0.997262 
767 11 29 37 0.99505085 
831 387 32 45 0.9904198 
1002 313 21 29 0.98772687 
721 28 22 29 0.8370779 
245 201 50 57 0.2133464 
168 200 11 12 0.1546068 
673 1 28 30 0.14489521 
68 145 184 254 0.12854284 
881 75 26 30 0.08295975 
755 465 13 16 0.07135975 
69 207 13 15 0.06522767 
791 -1 41 44 0.059149403 
984 212 35 43 0.050927334 
568 134 47 56 0.04978317 
379 65 14 18 0.03822155 
954 344 26 33 0.037032932 
167 210 15 18 0.03576614 
814 1 28 33 0.034617852 
964 340 26 31 0.033691537 
670 196 13 15 0.03130219 
67 200 23 29 0.029125998 
699 60 15 18 0.029001027 
353 0 34 39 0.024489302 
853 76 13 18 0.024112184 
49 197 47 58 0.02342097 
163 198 22 26 0.02289614 
974 460 25 30 0.02274788 
397 58 28 34 0.021079596 
991 481 34 38 0.02100174 
782 22 17 23 0.020596707 
847 88 14 20 0.020244068 
821 15 14 19 0.020183027 
