52_Photographers_taketouristphotos_52_281
141
414 659 33 41 0.9953117 
290 601 15 18 0.4085174 
630 584 28 50 0.40779516 
291 610 18 22 0.25197434 
586 582 32 54 0.24799652 
669 766 15 18 0.18625852 
342 587 12 14 0.15678068 
773 597 11 12 0.15251796 
732 773 75 107 0.09813192 
641 584 26 37 0.092337936 
700 581 15 20 0.07355198 
516 72 15 18 0.066245325 
843 631 11 13 0.06503015 
566 113 13 17 0.06358727 
616 597 36 49 0.0633122 
775 566 9 11 0.06291301 
652 579 35 47 0.06189293 
154 638 32 36 0.059639018 
444 98 461 532 0.058473945 
728 558 8 11 0.05772528 
431 455 40 50 0.054816354 
753 556 8 11 0.053284712 
849 573 9 10 0.053118337 
769 568 8 10 0.052961346 
359 574 11 14 0.052875858 
222 632 15 18 0.052732155 
370 550 42 59 0.05268945 
237 712 14 18 0.05086355 
753 551 8 11 0.0506435 
751 571 9 12 0.0489446 
804 607 9 12 0.048708644 
770 550 8 10 0.048252024 
643 77 20 30 0.04694024 
359 732 14 16 0.04626355 
793 582 9 11 0.046198793 
757 567 9 11 0.045148678 
821 626 12 14 0.044303052 
757 544 7 9 0.04427808 
715 580 11 14 0.044001095 
306 558 10 13 0.043936796 
330 467 17 21 0.04313499 
398 97 12 15 0.043013163 
767 581 8 10 0.04287962 
352 553 9 11 0.04226317 
659 589 14 18 0.042245574 
709 616 16 18 0.042090632 
443 470 17 20 0.04140745 
789 613 15 18 0.038556736 
368 560 10 12 0.03821202 
849 607 8 11 0.037612278 
261 141 13 18 0.03659916 
576 582 26 40 0.036317945 
164 435 16 20 0.036308147 
299 605 13 15 0.035373762 
788 572 10 12 0.034125187 
768 604 10 13 0.033926316 
629 775 11 15 0.03355329 
757 572 9 12 0.03290669 
836 590 10 12 0.03282728 
743 571 11 14 0.032716308 
798 600 9 11 0.03268106 
737 835 14 18 0.032616243 
774 602 10 13 0.032390732 
858 647 8 10 0.032366205 
768 575 7 10 0.032016855 
156 497 17 22 0.031996652 
171 651 15 19 0.03093625 
854 598 8 11 0.030894706 
784 636 16 18 0.030815527 
805 494 10 12 0.030688351 
638 593 40 55 0.030549068 
781 591 8 11 0.029981568 
275 718 14 19 0.029811135 
666 594 25 33 0.029679876 
793 599 9 10 0.02954892 
793 588 9 12 0.029337654 
746 607 16 19 0.029321255 
775 549 10 11 0.029097453 
787 478 14 16 0.028513426 
872 640 9 11 0.028491158 
781 547 10 13 0.028290654 
678 800 13 16 0.028183011 
716 603 11 15 0.027872277 
196 693 10 13 0.027711231 
782 582 9 11 0.027657162 
651 586 15 23 0.027649693 
756 589 9 12 0.027374052 
712 559 9 13 0.027137328 
776 583 9 10 0.026972946 
795 611 15 17 0.02690133 
209 461 37 49 0.026694067 
614 620 38 46 0.026634837 
600 594 36 46 0.026543828 
776 560 8 11 0.02650972 
768 591 9 13 0.02643472 
710 303 52 63 0.02641862 
387 575 17 21 0.026382824 
207 654 11 14 0.026157202 
708 583 14 19 0.025803171 
774 614 10 13 0.025758501 
780 598 9 11 0.025751669 
345 567 8 10 0.025578225 
244 711 18 19 0.025233792 
104 615 26 33 0.024977803 
173 288 26 27 0.024975896 
309 605 12 14 0.02496038 
688 652 12 15 0.02416999 
850 611 9 12 0.02361808 
387 657 15 18 0.023502056 
633 118 22 31 0.023406534 
403 100 10 14 0.023397716 
554 107 23 29 0.023015894 
768 545 9 10 0.022761436 
391 560 10 12 0.022671117 
838 585 9 11 0.022659224 
307 611 14 18 0.022609558 
808 791 9 13 0.022588056 
361 567 11 14 0.022535393 
784 568 10 13 0.02244561 
821 588 9 12 0.022424666 
716 563 10 14 0.022349695 
312 701 11 13 0.02220732 
339 725 10 13 0.022160338 
348 565 11 13 0.021647116 
768 612 10 13 0.021573422 
325 586 10 14 0.021498218 
783 612 14 17 0.021307768 
790 666 10 14 0.021269035 
710 583 42 52 0.021068383 
576 652 54 55 0.021047162 
864 756 12 14 0.020917706 
871 656 10 12 0.020764356 
417 643 29 34 0.020714536 
388 86 25 32 0.020551108 
161 429 26 33 0.020449739 
775 620 10 12 0.02033444 
865 606 8 10 0.020311525 
219 472 15 19 0.020298881 
544 567 10 13 0.020218933 
641 782 27 30 0.02016125 
624 826 18 22 0.020109585 
