52_Photographers_taketouristphotos_52_328
677
240 140 149 198 0.99829584 
899 651 12 15 0.2836408 
902 605 16 18 0.26568794 
819 575 14 18 0.22354072 
989 621 12 15 0.21156238 
607 475 10 13 0.19783695 
920 524 12 14 0.17168748 
910 697 15 17 0.1659098 
703 470 9 10 0.16375594 
970 526 10 11 0.15002246 
781 470 8 10 0.14687489 
885 619 12 14 0.14298597 
659 518 12 15 0.14175428 
923 605 13 16 0.14074351 
30 680 16 21 0.13833043 
687 494 9 12 0.13694695 
962 638 12 15 0.13258307 
744 495 9 12 0.12991208 
703 495 10 11 0.1256157 
980 643 13 15 0.12271793 
689 464 7 9 0.12187306 
749 495 9 11 0.11844169 
725 657 12 14 0.11834569 
679 478 9 11 0.109081075 
903 562 14 15 0.108176276 
941 584 13 17 0.10631112 
927 729 13 18 0.10544932 
909 464 9 11 0.10502972 
885 572 11 14 0.10485067 
967 619 13 15 0.098401085 
916 549 13 14 0.09815857 
941 596 14 15 0.09598766 
1 667 17 20 0.0952674 
655 480 9 10 0.095037736 
781 656 15 18 0.093629345 
719 511 11 14 0.09158441 
812 608 13 15 0.0899367 
907 588 12 13 0.089565456 
765 520 11 12 0.08944909 
692 507 10 12 0.089307785 
965 666 11 14 0.08750957 
701 520 10 12 0.086913995 
785 650 15 18 0.08623784 
740 522 13 14 0.08611753 
894 645 13 16 0.085517675 
672 507 10 13 0.082007356 
779 547 13 15 0.08147688 
799 663 14 18 0.08060862 
679 503 9 11 0.07958071 
924 519 11 13 0.07812377 
903 597 15 16 0.07742836 
769 502 9 11 0.07709859 
671 494 9 11 0.07665186 
678 472 9 11 0.076216355 
721 456 9 10 0.07611088 
939 532 12 13 0.07575781 
648 496 8 11 0.0755693 
509 564 13 15 0.07537981 
791 508 10 11 0.074514754 
760 432 8 10 0.073800996 
734 564 10 12 0.07350886 
939 561 14 15 0.07294196 
1000 547 11 13 0.07232639 
661 447 8 10 0.07132452 
687 501 11 14 0.070469745 
711 446 8 10 0.070215635 
734 492 11 13 0.069743276 
772 596 11 13 0.06973164 
624 456 8 11 0.06967623 
985 627 13 16 0.06941788 
884 636 15 19 0.06870459 
623 479 12 14 0.068486795 
698 432 8 9 0.06775328 
751 595 13 16 0.0668219 
818 470 7 10 0.06659108 
990 716 8 11 0.06651703 
991 655 12 15 0.06641593 
627 483 12 14 0.0664119 
631 456 9 11 0.06357436 
778 464 8 10 0.0633746 
759 487 9 11 0.06334216 
806 611 13 14 0.06323182 
977 573 16 17 0.06318943 
920 610 13 17 0.06303693 
783 635 15 17 0.0626507 
881 432 7 9 0.062302515 
658 454 8 10 0.06227 
816 463 8 10 0.062165704 
753 486 8 11 0.062137704 
761 470 9 10 0.06156519 
768 494 9 11 0.06113389 
491 612 13 15 0.060725514 
592 461 10 12 0.060528427 
590 469 9 11 0.060506914 
742 471 9 10 0.060442094 
760 519 11 13 0.0601544 
678 453 9 10 0.05990334 
764 541 10 13 0.059879195 
990 614 11 15 0.05967134 
960 536 9 12 0.059112962 
943 500 11 12 0.058528997 
852 618 14 17 0.05839438 
861 621 10 14 0.057847764 
733 487 11 13 0.05729762 
756 571 12 14 0.056572795 
572 501 13 15 0.05609069 
935 511 9 11 0.056033168 
768 454 9 11 0.05562485 
750 572 13 15 0.055330213 
673 470 9 11 0.05520657 
568 500 10 12 0.055182103 
793 465 8 10 0.055084758 
896 415 8 10 0.05506136 
858 588 14 16 0.054845244 
786 644 15 17 0.05484153 
694 495 9 11 0.05474746 
793 487 8 9 0.054721512 
794 494 8 11 0.054429814 
648 518 11 15 0.05436705 
761 465 8 9 0.054159243 
696 470 8 10 0.05387618 
704 499 10 12 0.053609725 
602 471 9 11 0.053467657 
941 528 11 12 0.053381447 
708 470 9 11 0.05334203 
15 642 11 14 0.05309685 
909 582 13 15 0.05201814 
662 463 9 11 0.05178699 
680 494 9 11 0.051706135 
516 564 13 15 0.05158449 
734 509 11 12 0.05143413 
951 518 11 12 0.05135526 
571 495 11 13 0.050875634 
966 533 11 12 0.050760005 
728 470 9 11 0.05035543 
636 519 13 16 0.050306797 
943 684 13 14 0.050246257 
537 654 16 21 0.050128404 
690 628 14 16 0.04996169 
632 511 9 11 0.049659345 
696 524 10 11 0.049551617 
687 469 8 10 0.049329516 
785 455 8 9 0.049124725 
872 594 13 16 0.049107425 
606 504 10 11 0.04907902 
779 666 15 18 0.04904743 
776 544 12 13 0.049028907 
935 582 13 16 0.049012545 
719 658 11 14 0.048935384 
65 667 15 17 0.048808284 
736 518 12 15 0.04880826 
601 476 10 12 0.04866434 
829 591 14 18 0.04856871 
909 448 9 10 0.04848412 
783 502 9 12 0.04799194 
648 508 11 14 0.047643814 
971 476 11 13 0.046938237 
681 485 9 11 0.046918828 
839 479 10 13 0.046693727 
792 502 10 13 0.046692304 
896 438 8 10 0.046664488 
816 478 10 11 0.046599608 
782 464 8 10 0.04658913 
685 488 9 10 0.046186484 
597 520 11 13 0.046181228 
964 540 12 13 0.046166398 
582 486 9 11 0.046132132 
22 706 13 17 0.045877334 
711 478 8 10 0.045853797 
896 612 12 16 0.045720045 
953 541 9 13 0.045609992 
734 431 8 9 0.045442455 
662 495 10 11 0.045361377 
661 480 8 10 0.045269765 
507 570 15 17 0.045267504 
639 485 10 11 0.04526639 
991 531 11 13 0.045260575 
645 460 9 11 0.045045264 
964 570 13 15 0.04498027 
750 525 9 12 0.044861082 
594 438 8 10 0.044828475 
760 533 11 13 0.04482228 
735 470 8 10 0.044819165 
712 440 8 11 0.044740114 
1012 714 10 16 0.044738986 
928 438 9 10 0.044633504 
760 620 11 13 0.044629954 
907 556 14 16 0.044609565 
752 479 8 10 0.044455472 
875 635 16 21 0.044387456 
676 527 13 15 0.044328995 
623 439 8 10 0.044188973 
766 565 12 15 0.044180695 
654 502 9 11 0.044123262 
487 625 14 18 0.04393285 
989 527 11 13 0.043813244 
728 439 9 10 0.04379432 
891 677 14 17 0.043449115 
639 460 10 12 0.042941507 
710 501 8 11 0.04285029 
611 477 10 13 0.04273469 
671 488 9 11 0.04262408 
720 494 9 11 0.042565547 
615 454 8 11 0.04255552 
934 630 12 15 0.042453647 
968 431 7 9 0.0423694 
739 532 13 16 0.042347364 
905 467 9 11 0.042125404 
937 539 11 14 0.04203889 
766 488 9 11 0.041926138 
791 556 12 15 0.041901752 
807 455 7 9 0.041898258 
674 453 8 10 0.041897167 
887 567 12 14 0.041827817 
36 721 16 20 0.041491944 
697 454 8 10 0.041402195 
828 621 12 14 0.041335646 
672 464 8 9 0.041197166 
860 580 13 15 0.04103168 
785 507 9 13 0.041019056 
821 478 10 11 0.04097927 
545 616 14 17 0.040678155 
875 589 13 15 0.040505666 
863 557 12 15 0.0404966 
694 463 8 11 0.04036096 
928 432 9 10 0.040329304 
914 415 8 9 0.04029719 
870 439 8 9 0.039934408 
696 477 8 11 0.03991552 
999 707 11 16 0.0397452 
674 447 8 10 0.03957115 
918 415 9 11 0.039525174 
727 445 9 11 0.03924726 
608 507 11 14 0.03906995 
627 681 15 18 0.038824838 
796 509 10 11 0.038776457 
948 582 11 14 0.03876709 
646 455 9 11 0.038684256 
765 621 13 15 0.038682476 
724 514 11 14 0.038636163 
605 495 9 11 0.0386119 
883 626 15 19 0.038573958 
758 479 9 11 0.038217254 
1006 526 10 12 0.037835803 
671 533 10 13 0.03782455 
782 494 8 10 0.037823755 
661 532 12 15 0.03782043 
935 423 8 10 0.037676 
27 652 13 15 0.037467998 
884 738 14 15 0.03743847 
685 479 9 10 0.037374824 
750 500 9 12 0.037303634 
973 565 14 16 0.037284546 
684 667 13 15 0.037273437 
624 686 12 15 0.037133466 
639 469 9 12 0.037070908 
959 661 13 15 0.037059784 
900 525 11 13 0.036942244 
727 462 9 11 0.036802225 
847 519 10 12 0.03668963 
628 501 10 11 0.036687214 
981 635 15 18 0.03654786 
877 603 14 16 0.03649301 
848 439 8 9 0.036349934 
703 454 8 10 0.036305327 
990 595 12 15 0.036183435 
735 464 9 10 0.03614867 
567 439 9 11 0.03608255 
803 570 14 19 0.035907354 
679 463 8 10 0.035869922 
751 446 8 10 0.03571346 
935 516 9 11 0.0357133 
637 510 11 13 0.035693385 
783 525 11 13 0.035679266 
753 589 15 18 0.03556296 
846 612 13 14 0.03555849 
819 514 13 17 0.03553551 
772 621 12 14 0.035459347 
852 603 14 16 0.035419267 
731 589 12 15 0.035337437 
727 493 9 12 0.035232864 
773 501 10 12 0.035008248 
893 564 12 14 0.034918725 
833 470 9 12 0.03491524 
972 519 10 12 0.034880023 
869 664 15 20 0.034807872 
882 438 7 9 0.034745403 
924 619 13 15 0.034680713 
831 463 8 9 0.034614295 
673 432 7 8 0.034611825 
949 495 9 10 0.034529585 
639 478 10 13 0.034352653 
704 476 9 11 0.034171913 
800 455 7 10 0.034131963 
648 485 8 11 0.03406722 
855 594 15 17 0.03392805 
678 432 8 8 0.033898965 
951 667 12 15 0.03375952 
663 469 8 10 0.0337503 
929 446 9 11 0.033542667 
870 633 14 20 0.033529058 
628 493 11 13 0.03334984 
941 509 10 12 0.033333752 
798 534 11 14 0.033309743 
758 504 9 11 0.033206258 
844 580 11 15 0.033144668 
769 448 9 11 0.033125486 
528 642 13 15 0.033078246 
848 523 11 13 0.032952826 
714 614 12 14 0.03283179 
735 446 9 11 0.032773968 
697 437 9 11 0.032701556 
744 596 12 14 0.03267 
830 440 8 9 0.032657586 
675 637 13 15 0.032622512 
590 478 9 12 0.032558784 
591 455 10 12 0.03253403 
903 584 11 14 0.03252162 
765 589 12 15 0.032472085 
609 455 8 11 0.032471098 
951 626 10 13 0.032372776 
959 595 13 15 0.032281384 
696 448 8 9 0.032219555 
656 462 9 11 0.032087136 
951 414 8 9 0.03208527 
943 462 11 13 0.03196752 
565 472 8 10 0.031947713 
788 550 12 15 0.031907808 
934 493 10 12 0.031850748 
843 657 16 19 0.03181397 
799 469 8 10 0.031762384 
902 432 8 9 0.0317435 
582 491 10 13 0.031667512 
997 611 13 15 0.031602595 
595 541 15 18 0.031502437 
822 463 10 10 0.031444646 
798 517 10 12 0.031318795 
597 461 9 11 0.031311296 
963 678 12 14 0.031263 
591 518 11 14 0.03125393 
929 487 9 11 0.031231834 
790 619 11 14 0.03111087 
939 547 14 15 0.031103682 
710 516 11 14 0.031085324 
654 495 9 11 0.031004054 
841 430 8 9 0.030998616 
896 433 8 10 0.03092579 
999 595 13 17 0.030912586 
797 463 8 11 0.030884445 
982 610 13 15 0.030862097 
735 454 9 10 0.030814487 
670 515 11 14 0.030741401 
980 565 12 15 0.030691983 
614 485 9 12 0.030636124 
920 406 9 9 0.030582646 
526 609 12 15 0.03056283 
748 541 11 15 0.030537898 
576 462 8 9 0.030481797 
711 510 11 13 0.030439178 
744 476 9 10 0.030402733 
915 564 13 15 0.030366963 
796 715 12 15 0.030341515 
743 447 8 9 0.03032379 
878 610 14 17 0.030292174 
757 614 13 14 0.030166559 
774 447 8 10 0.030164706 
744 423 8 10 0.030130407 
1002 540 13 16 0.030090107 
727 487 10 12 0.030050563 
905 571 10 12 0.030021131 
845 606 12 14 0.030016659 
808 463 8 10 0.02998419 
751 439 8 10 0.029853787 
887 447 8 10 0.029790761 
525 564 16 19 0.029782632 
838 581 12 15 0.029770229 
964 626 14 17 0.029678913 
748 548 11 14 0.029669588 
925 554 12 15 0.029630156 
950 524 10 12 0.029629968 
831 613 12 14 0.029568488 
981 660 13 15 0.02956564 
919 618 12 15 0.029554663 
885 432 8 9 0.02951576 
912 492 10 12 0.02944374 
718 478 8 10 0.029429354 
655 522 12 13 0.029397754 
766 463 8 10 0.029351968 
940 572 14 16 0.029344615 
935 439 8 10 0.0293185 
821 471 9 11 0.029309027 
823 456 8 10 0.02917765 
846 563 12 16 0.029162802 
991 557 10 13 0.029103015 
916 579 13 15 0.029089559 
901 415 8 10 0.029070381 
645 470 10 11 0.028924653 
951 486 9 11 0.028858643 
895 556 12 15 0.028843755 
824 572 15 18 0.028825553 
646 479 10 12 0.028810453 
825 446 8 10 0.028776662 
608 483 9 12 0.028721705 
655 470 9 11 0.028670898 
709 659 11 15 0.02856351 
860 614 12 15 0.028525714 
800 439 8 9 0.02841757 
913 423 8 8 0.028354982 
896 420 9 10 0.028274816 
641 500 9 12 0.028238073 
687 424 8 9 0.028187213 
826 439 8 10 0.028180765 
972 531 10 12 0.028179968 
492 675 11 14 0.028104808 
911 502 10 13 0.028076233 
793 480 9 10 0.02796154 
855 475 10 11 0.027947104 
782 486 9 12 0.027939113 
841 424 8 10 0.02790914 
935 447 9 9 0.027848888 
783 606 12 14 0.027755663 
926 582 11 14 0.027728772 
742 653 10 13 0.027501015 
723 669 13 16 0.027406102 
686 447 8 10 0.027401436 
979 651 14 16 0.027281046 
901 530 11 14 0.027278392 
899 615 14 18 0.027219942 
972 612 13 15 0.027152266 
848 432 7 9 0.027135715 
714 431 8 9 0.027100112 
765 432 9 10 0.02705154 
918 658 16 18 0.02696759 
676 664 16 20 0.026953364 
617 733 24 29 0.026905276 
490 619 15 19 0.0268501 
608 430 8 10 0.026844794 
807 448 8 9 0.026843708 
855 432 8 9 0.026835026 
674 439 7 9 0.026819367 
788 577 14 18 0.026785119 
942 456 10 11 0.026741745 
936 527 10 12 0.026711315 
836 612 13 15 0.026679019 
667 628 16 19 0.026653644 
886 439 9 10 0.026637739 
599 486 10 11 0.026630683 
909 572 13 14 0.02660469 
772 518 10 12 0.026583198 
915 573 13 15 0.02654362 
839 455 8 10 0.02650091 
674 477 8 11 0.02646371 
846 571 12 14 0.02646215 
918 422 7 8 0.02640802 
921 401 8 9 0.02639876 
980 587 14 16 0.02636929 
780 477 10 11 0.026361423 
920 456 8 10 0.026295682 
676 517 12 14 0.02625029 
897 409 8 10 0.026232528 
894 655 15 19 0.026179027 
974 439 9 11 0.026154889 
720 487 9 11 0.026126271 
896 586 11 15 0.026122384 
760 492 9 11 0.026065309 
798 626 14 17 0.026034992 
927 454 8 10 0.026030246 
774 494 9 11 0.02595257 
798 619 13 14 0.025887042 
703 488 10 11 0.025829101 
900 517 11 13 0.02575484 
648 447 8 10 0.025747795 
984 531 10 14 0.025745615 
923 530 12 14 0.025725925 
562 502 9 10 0.025718927 
929 492 10 12 0.025660248 
702 439 9 10 0.025651058 
559 476 9 11 0.025648188 
952 534 9 12 0.025635976 
934 431 8 9 0.025556948 
793 430 9 10 0.02550296 
662 486 9 11 0.025491407 
899 548 13 15 0.025451247 
1013 662 10 14 0.025417903 
939 628 13 16 0.025372254 
973 542 10 13 0.025265073 
795 636 13 15 0.025264585 
952 440 9 9 0.025214469 
790 533 12 14 0.02521209 
614 492 10 12 0.025205873 
864 432 7 9 0.025181739 
1014 612 10 13 0.02516498 
960 682 12 14 0.025163537 
935 639 15 20 0.025129428 
552 478 10 12 0.025104897 
806 479 9 11 0.025066577 
756 581 13 15 0.025034504 
830 657 15 17 0.024957305 
709 463 9 11 0.02494329 
718 532 12 16 0.024879957 
920 462 8 11 0.02480622 
998 603 15 18 0.024783006 
608 446 9 11 0.024753302 
927 509 11 13 0.02471412 
740 565 10 13 0.024707956 
836 588 14 17 0.024637586 
809 501 9 12 0.024599463 
863 455 9 11 0.024527058 
631 470 10 11 0.024514934 
686 525 10 12 0.024505321 
780 618 13 15 0.024484487 
767 437 8 10 0.024475828 
486 605 14 17 0.02445886 
996 659 10 14 0.024409367 
672 525 10 14 0.024292633 
733 596 11 12 0.02428966 
909 543 13 15 0.024282483 
892 487 10 12 0.024234848 
885 556 11 14 0.024194019 
744 602 12 15 0.02419136 
867 620 13 16 0.0241542 
648 439 8 9 0.024131719 
942 517 10 12 0.023971707 
638 446 9 10 0.023934385 
990 563 10 13 0.023908652 
831 445 8 10 0.02390238 
632 446 9 10 0.023856318 
701 578 14 15 0.02385026 
764 580 13 16 0.023839721 
765 547 11 14 0.023803242 
837 471 10 12 0.02379932 
781 552 13 17 0.023796273 
23 681 14 19 0.023757556 
51 599 17 17 0.023749884 
577 531 13 15 0.023732642 
742 463 8 11 0.023689263 
710 485 9 11 0.023679705 
397 279 77 58 0.023635581 
751 453 9 10 0.0236171 
959 572 12 14 0.023612704 
592 446 9 11 0.023608532 
909 509 10 12 0.02353963 
27 708 22 26 0.023514902 
702 509 11 13 0.023512522 
648 423 8 10 0.023473348 
858 601 14 18 0.023429593 
662 502 9 11 0.023413243 
816 456 7 9 0.023392761 
881 557 10 12 0.023386007 
933 622 11 14 0.023305336 
623 445 9 11 0.0232748 
2 620 13 17 0.023274217 
525 636 14 16 0.023270236 
683 641 13 16 0.023255384 
575 548 13 16 0.023231935 
863 635 12 19 0.0231955 
733 439 9 10 0.023132294 
675 617 14 17 0.023080204 
580 508 12 14 0.02307995 
743 573 12 16 0.023073109 
621 510 10 11 0.023069622 
799 479 10 11 0.023044359 
1016 502 8 13 0.023039186 
752 620 10 12 0.022969093 
709 495 9 11 0.022959553 
866 672 16 19 0.022927422 
818 605 13 16 0.022911778 
927 416 8 9 0.022909658 
968 511 9 11 0.022908468 
804 565 12 15 0.022902416 
832 392 8 9 0.022844793 
891 691 14 17 0.022844357 
927 627 13 15 0.02278303 
725 646 14 17 0.022771535 
782 531 13 14 0.022738999 
855 439 8 8 0.022704199 
575 613 10 13 0.022667881 
527 463 10 11 0.02265464 
649 431 8 9 0.022591423 
606 516 10 13 0.022558069 
823 626 12 15 0.022546738 
704 447 8 9 0.022503674 
334 227 131 128 0.022480782 
596 534 14 17 0.022441953 
598 502 10 11 0.02242703 
733 675 12 14 0.022410069 
687 518 9 12 0.02240916 
687 539 12 14 0.02239851 
783 449 8 9 0.022384457 
953 445 9 10 0.02233919 
752 432 8 10 0.022337757 
720 471 8 11 0.022333497 
734 478 10 11 0.02228181 
922 549 12 15 0.022274021 
726 581 12 16 0.022265052 
783 518 11 13 0.022221772 
607 406 8 10 0.022219868 
699 634 14 18 0.0222187 
832 456 8 9 0.022034016 
598 456 8 11 0.022007631 
930 423 8 8 0.02200535 
731 549 13 15 0.022003176 
615 430 8 10 0.021996861 
873 400 8 8 0.021890588 
965 605 11 14 0.021832466 
584 461 8 10 0.02181624 
687 617 13 18 0.021813277 
894 617 12 16 0.021796746 
815 431 8 9 0.021777758 
984 519 9 11 0.021762455 
678 439 8 9 0.021736544 
663 423 8 10 0.021722497 
870 423 8 10 0.021713175 
871 432 7 9 0.02164899 
975 660 13 17 0.021632714 
887 398 8 10 0.02159862 
961 422 9 10 0.021585548 
959 446 8 10 0.021546422 
647 547 12 14 0.02154474 
806 440 8 9 0.02153632 
840 438 8 10 0.021518601 
975 606 11 15 0.021512965 
857 447 8 9 0.021472892 
987 643 14 16 0.021458188 
949 463 8 11 0.021447906 
790 539 13 15 0.021392543 
567 488 10 12 0.02138985 
946 727 15 18 0.021197792 
983 429 8 10 0.021171594 
591 486 9 10 0.021159189 
770 570 12 15 0.021137137 
711 454 9 10 0.021133764 
662 440 8 10 0.021120006 
833 478 9 11 0.02111832 
815 439 8 10 0.021105422 
992 551 11 13 0.021087037 
740 508 12 14 0.021066083 
809 422 8 10 0.021021249 
835 536 15 17 0.021001572 
735 500 11 13 0.02098323 
561 494 9 12 0.020964151 
592 432 10 11 0.020960256 
823 643 11 16 0.020942857 
880 616 22 24 0.02092967 
815 720 13 16 0.020929469 
568 506 12 14 0.020909289 
745 441 8 9 0.02088282 
759 627 13 16 0.020862076 
1003 557 13 15 0.02083477 
616 439 8 9 0.020813506 
579 615 12 14 0.02078203 
983 717 13 14 0.020772379 
992 512 8 10 0.020718357 
719 503 10 11 0.020602347 
789 662 20 24 0.02060117 
615 448 8 10 0.020566106 
831 416 7 9 0.020534847 
718 431 9 10 0.02049223 
751 398 8 10 0.020491138 
772 533 11 13 0.020429192 
986 619 21 24 0.020383783 
958 620 12 16 0.020342167 
577 455 7 10 0.020295482 
574 487 10 12 0.020288307 
900 542 12 14 0.020244297 
825 416 8 8 0.020207206 
928 503 10 12 0.020184206 
962 588 13 16 0.02017814 
983 454 9 10 0.020155868 
668 603 14 16 0.020133171 
750 472 8 10 0.020121153 
957 509 11 14 0.020105356 
922 652 14 18 0.020097388 
869 571 12 15 0.020073486 
584 454 8 11 0.020027708 
765 508 13 14 0.020014405 
608 439 8 10 0.020004224 
