15_Stock_Market_Stock_Market_15_554
28
497 198 87 117 0.9986438 
230 69 163 204 0.9935189 
332 112 99 128 0.98809403 
-3 157 74 136 0.7589265 
701 220 21 36 0.5701455 
685 212 28 41 0.24313566 
640 256 46 56 0.11016209 
112 168 29 36 0.09743027 
750 252 11 17 0.07283507 
690 210 18 25 0.061319795 
17 343 253 344 0.052953977 
631 363 49 62 0.047310088 
791 213 12 15 0.043379728 
663 360 52 63 0.04316585 
799 39 150 156 0.037868135 
675 226 31 37 0.033456966 
113 153 47 60 0.032653354 
751 220 43 59 0.032546807 
709 228 21 33 0.030780941 
635 510 124 120 0.025565024 
570 190 30 45 0.025560403 
679 222 45 53 0.024620628 
594 138 50 64 0.024208544 
743 247 21 26 0.023760002 
582 158 50 66 0.023662396 
660 334 87 113 0.023491912 
815 117 41 43 0.020595258 
990 364 32 42 0.020501731 
