15_Stock_Market_Stock_Market_15_706
59
327 169 174 242 0.99945575 
160 300 23 35 0.71434516 
126 316 28 35 0.52517885 
710 151 47 54 0.17995115 
780 35 16 19 0.15277751 
696 314 24 28 0.12761062 
682 323 43 54 0.08952183 
75 369 17 21 0.08548874 
2 374 24 36 0.06663779 
155 298 18 29 0.052525945 
98 313 27 34 0.051282674 
762 38 12 16 0.050723083 
70 50 15 19 0.04851875 
824 2 14 14 0.0477878 
802 289 16 21 0.04527057 
111 313 30 37 0.04203061 
709 109 30 38 0.03996626 
147 306 24 34 0.039539702 
854 283 23 33 0.03892504 
860 284 14 20 0.03856749 
634 111 16 21 0.036707282 
102 356 26 32 0.036698736 
1007 438 12 18 0.03667633 
757 283 48 60 0.035706732 
351 53 12 17 0.03550883 
611 177 33 39 0.034927752 
949 155 75 132 0.03424318 
837 1 14 15 0.033004522 
826 272 13 16 0.032043673 
145 252 22 30 0.03148375 
652 314 25 33 0.031163737 
27 384 22 29 0.030479174 
721 485 118 153 0.029878732 
134 309 15 18 0.029408086 
15 380 25 34 0.029350255 
175 306 18 24 0.028009104 
889 293 16 19 0.026924327 
107 306 17 19 0.026140036 
107 285 11 14 0.026033081 
831 259 13 16 0.025781317 
848 276 38 53 0.024558473 
804 2 12 13 0.024405394 
977 473 15 19 0.024303162 
221 310 26 34 0.023837548 
629 -88 367 497 0.02367711 
45 58 24 35 0.023276048 
0 312 19 35 0.02271924 
136 331 19 24 0.022246966 
106 304 27 35 0.022050275 
823 267 21 27 0.020867413 
964 369 12 17 0.020867083 
152 265 27 33 0.020790767 
608 195 28 32 0.02078794 
721 363 45 60 0.020452963 
1005 438 19 34 0.020442538 
100 339 28 36 0.02039343 
59 69 31 45 0.02039045 
159 277 25 34 0.020167356 
7 41 46 69 0.020030973 
