5_Car_Accident_Car_Crash_5_365
64
275 161 37 36 0.9900682 
930 143 17 20 0.38815928 
827 194 15 17 0.3574951 
222 122 13 15 0.2650107 
923 181 28 30 0.18597902 
914 146 26 33 0.17727019 
513 352 58 79 0.1380717 
935 155 27 28 0.11750019 
688 33 9 11 0.080638774 
703 18 11 14 0.07986142 
228 119 11 13 0.07398806 
661 26 9 11 0.066221796 
603 10 19 22 0.06377116 
221 165 11 15 0.06110119 
575 0 20 18 0.054312844 
667 298 23 25 0.051348735 
207 383 35 33 0.050738126 
821 195 26 27 0.050457507 
924 164 32 35 0.04943087 
693 36 10 13 0.049381383 
489 352 107 126 0.043462794 
756 476 12 13 0.042602025 
586 34 16 21 0.041574802 
700 290 43 51 0.041224353 
231 114 8 10 0.04074768 
843 531 20 19 0.039360397 
541 0 11 11 0.036693428 
770 259 55 71 0.035770707 
619 2 14 15 0.03426645 
288 117 12 16 0.033938464 
534 -1 12 11 0.03373963 
937 168 21 22 0.03315845 
749 447 12 13 0.031492367 
722 22 8 11 0.02977082 
677 66 385 466 0.029630814 
830 580 22 30 0.029628983 
613 18 15 20 0.028760003 
203 385 57 48 0.02810951 
213 148 13 17 0.027967593 
687 302 43 48 0.027650923 
617 44 27 33 0.027101018 
897 221 26 30 0.026153997 
700 38 12 14 0.026132224 
220 145 13 17 0.02565768 
912 154 13 19 0.025575265 
217 119 12 15 0.025340423 
837 613 14 21 0.024419172 
566 0 17 17 0.02422343 
611 3 17 17 0.023686757 
448 313 50 55 0.023360418 
527 -1 13 11 0.02282079 
695 309 14 18 0.02221899 
935 177 22 24 0.021849245 
727 438 13 14 0.021689637 
584 2 19 19 0.021230318 
204 150 13 17 0.021158876 
559 652 11 12 0.02099177 
225 128 16 17 0.02031199 
697 20 11 13 0.020281132 
277 199 15 17 0.020149188 
587 20 26 31 0.020134676 
691 34 22 27 0.0200763 
207 149 23 31 0.020025725 
917 184 19 22 0.020021666 
