5_Car_Accident_Accident_5_388
29
135 159 21 26 0.9707407 
211 266 20 22 0.9263892 
55 124 24 28 0.68330526 
250 248 19 21 0.47018862 
64 130 23 26 0.34668532 
215 270 24 28 0.179612 
137 150 18 20 0.12099313 
31 160 27 33 0.10426832 
892 286 22 27 0.050755817 
218 282 27 36 0.038327843 
256 254 19 20 0.036525235 
877 273 14 17 0.035751957 
552 130 18 20 0.035146095 
109 158 10 14 0.034652665 
880 165 9 11 0.031886153 
453 200 8 12 0.0314896 
701 255 44 54 0.028568424 
73 141 17 21 0.025853874 
220 285 16 22 0.025179503 
507 168 61 67 0.024812998 
226 295 27 36 0.023676055 
490 177 55 70 0.022809219 
229 304 15 21 0.022405118 
481 206 57 78 0.02177235 
477 226 11 16 0.021395747 
77 154 14 17 0.021264708 
301 275 16 21 0.021023886 
533 158 16 19 0.0207412 
11 268 40 62 0.020643312 
