5_Car_Accident_Car_Crash_5_492
25
898 50 29 43 0.91745347 
966 353 21 28 0.13401926 
241 385 17 22 0.11328416 
790 4 34 36 0.10386199 
310 286 27 35 0.085539006 
220 335 27 32 0.078958586 
881 60 29 38 0.06605516 
625 296 118 135 0.06409715 
236 540 42 50 0.057294615 
303 775 24 32 0.038589522 
277 736 27 31 0.037202742 
250 283 12 16 0.033519577 
769 11 57 62 0.029873189 
969 12 52 76 0.02978946 
225 333 18 21 0.02961688 
28 276 14 20 0.027594915 
253 277 204 252 0.027587293 
276 407 412 497 0.025112124 
229 364 29 36 0.0243579 
626 195 148 159 0.02278388 
293 405 14 20 0.022420973 
176 37 414 485 0.020971766 
224 348 29 36 0.020740312 
204 357 25 35 0.020353012 
309 439 15 20 0.020231923 
