5_Car_Accident_Car_Crash_5_94
83
247 348 28 41 0.5330082 
517 291 12 15 0.47095615 
625 302 8 9 0.19636776 
265 355 29 34 0.16609201 
550 300 8 10 0.15471424 
629 302 7 10 0.13282962 
583 304 7 8 0.11918599 
454 308 10 13 0.09439457 
625 297 8 10 0.070016354 
589 317 8 10 0.06593011 
651 335 11 14 0.064443745 
607 311 8 9 0.063775554 
585 310 9 12 0.055105384 
524 286 12 15 0.051865418 
609 296 8 9 0.05165035 
535 278 9 11 0.050024763 
589 279 8 10 0.04895799 
576 287 8 10 0.048871342 
534 284 9 12 0.0484022 
545 295 10 12 0.04796852 
586 278 7 10 0.04738158 
748 513 91 99 0.042091317 
574 327 8 11 0.042063687 
569 295 8 10 0.03908712 
617 252 10 11 0.037483227 
549 286 9 10 0.036447052 
449 310 8 11 0.035158675 
441 271 94 117 0.03496283 
645 222 12 15 0.033300385 
93 325 22 28 0.032942895 
437 308 34 45 0.032602597 
544 285 9 12 0.03254364 
577 302 7 10 0.03252154 
234 355 32 40 0.032414917 
609 304 8 10 0.03186912 
574 295 8 10 0.031648345 
533 181 11 12 0.03154231 
764 342 17 19 0.030355731 
570 327 7 10 0.030349694 
582 108 9 10 0.029546838 
543 279 9 10 0.029327456 
608 327 8 9 0.029085197 
460 309 9 12 0.029018583 
653 367 9 12 0.028413896 
478 182 12 14 0.027519552 
514 287 10 14 0.027267173 
620 248 9 11 0.027216878 
560 263 8 9 0.027173853 
616 360 8 11 0.02713351 
606 246 9 11 0.027060632 
254 329 12 15 0.026978629 
601 264 8 9 0.02668865 
568 310 9 10 0.026376499 
606 318 8 10 0.026314076 
482 310 9 10 0.026302008 
615 303 6 9 0.02621958 
527 280 10 12 0.025729736 
449 383 27 31 0.02555015 
591 285 8 10 0.025431149 
567 302 9 10 0.024710873 
647 269 10 12 0.023373345 
584 272 9 10 0.022610964 
808 364 24 36 0.022529237 
560 279 8 10 0.022442022 
544 271 8 9 0.02227506 
629 296 7 10 0.022212183 
577 280 7 9 0.021997668 
367 318 9 11 0.021941878 
56 268 10 13 0.021926615 
245 358 17 24 0.021865524 
930 249 13 17 0.02136892 
590 272 8 10 0.021177003 
57 165 8 11 0.021174343 
526 387 14 17 0.021161163 
631 276 8 12 0.020923235 
197 350 15 19 0.020823894 
602 247 9 10 0.020814965 
311 303 8 10 0.02057003 
847 552 48 55 0.020460792 
613 309 8 10 0.020291315 
591 303 8 9 0.02021159 
801 245 13 18 0.020159595 
569 287 7 9 0.020037191 
