5_Car_Accident_Accident_5_177
251
906 160 16 19 0.973317 
749 184 17 21 0.9670751 
696 197 18 24 0.95926625 
989 188 16 22 0.9449954 
597 129 15 19 0.93986696 
394 208 17 21 0.9368038 
834 217 22 25 0.9312454 
301 209 20 23 0.9057814 
892 215 18 22 0.891936 
808 271 24 32 0.87780356 
870 254 23 28 0.8499271 
639 232 14 23 0.72934043 
973 210 21 28 0.65842426 
912 242 17 23 0.62426144 
852 337 34 48 0.54005265 
879 257 22 28 0.49782327 
797 131 11 14 0.48727897 
832 325 23 35 0.4432713 
881 181 14 18 0.42251894 
675 207 19 22 0.41475567 
671 125 14 18 0.36916932 
682 179 13 17 0.2808507 
685 199 21 26 0.27811807 
799 183 25 28 0.2579357 
886 259 25 34 0.24902524 
797 215 16 24 0.22223766 
672 216 22 30 0.21398349 
644 233 19 24 0.19001865 
795 289 26 35 0.18010934 
377 284 11 14 0.16263713 
623 97 11 15 0.14877735 
788 216 20 28 0.14423098 
834 328 38 48 0.14253236 
899 192 18 20 0.13679764 
765 223 22 28 0.12888452 
771 252 14 18 0.11800918 
437 392 17 18 0.107406795 
893 265 29 39 0.104198545 
691 420 10 13 0.10357818 
743 225 13 18 0.09860709 
775 222 23 28 0.098117605 
760 186 14 18 0.096867055 
348 267 10 12 0.09546247 
794 241 16 21 0.094058655 
618 276 15 19 0.08459247 
368 194 13 16 0.08385618 
261 148 13 15 0.08188055 
977 203 16 22 0.08056026 
231 142 10 11 0.074367985 
545 352 21 32 0.07254133 
781 180 11 16 0.070690386 
678 79 7 10 0.069405735 
888 184 20 25 0.068222 
696 118 8 11 0.06654427 
896 203 21 26 0.06548014 
354 242 15 18 0.064858586 
688 431 9 10 0.063187666 
691 177 12 17 0.06112963 
233 148 10 12 0.05965764 
787 230 21 26 0.05868327 
675 117 15 18 0.058321323 
248 131 11 13 0.05785486 
773 238 22 26 0.057681467 
757 221 20 27 0.05733169 
923 277 23 29 0.05733032 
805 268 16 25 0.056381404 
999 188 15 19 0.055721015 
663 125 11 15 0.05415414 
650 186 15 18 0.053396482 
733 436 19 21 0.052113194 
725 187 15 20 0.05083283 
904 251 24 30 0.050439503 
340 220 11 15 0.04973359 
457 200 24 27 0.049327705 
493 332 14 19 0.048800174 
979 213 23 32 0.048770506 
254 130 13 14 0.047812775 
352 295 11 16 0.0475788 
591 105 12 15 0.04725802 
255 136 24 29 0.047208752 
621 78 9 11 0.046330273 
568 277 11 13 0.04524407 
905 265 17 23 0.04432353 
772 407 25 35 0.044117965 
672 71 9 11 0.043577995 
521 318 18 22 0.04318732 
883 189 16 21 0.042919498 
996 270 18 23 0.042573128 
680 165 12 15 0.04101686 
236 122 38 50 0.040843718 
906 266 27 34 0.040646255 
632 218 24 32 0.040645596 
341 215 12 14 0.0403145 
614 106 13 17 0.03985918 
865 350 19 29 0.03978466 
647 558 12 12 0.039574776 
993 193 17 23 0.039412692 
466 219 12 16 0.03847014 
464 210 14 16 0.03836227 
587 251 13 16 0.03831116 
542 351 14 19 0.038307276 
675 493 20 21 0.037477843 
890 180 14 17 0.037263043 
674 82 11 15 0.037032932 
590 200 13 15 0.03697735 
906 200 16 23 0.036538146 
667 180 14 20 0.036487192 
658 234 14 20 0.036373943 
259 133 13 16 0.036095273 
615 324 15 20 0.03563938 
635 181 15 17 0.035571847 
667 194 16 20 0.035400216 
703 282 12 15 0.03523965 
450 387 15 18 0.03458603 
428 394 16 20 0.033891723 
670 224 15 23 0.033711854 
93 96 10 12 0.03353664 
905 211 16 22 0.03307428 
628 116 10 14 0.032439608 
831 258 23 32 0.032008313 
831 344 51 60 0.0319937 
61 6 10 11 0.031899016 
342 423 11 15 0.031894263 
-24 165 456 517 0.031727996 
679 73 7 9 0.031715564 
825 275 23 31 0.0315399 
792 250 22 31 0.03144505 
687 582 32 30 0.031327844 
678 110 12 14 0.03117759 
532 364 28 38 0.03091307 
581 252 14 19 0.030683523 
304 193 22 28 0.030589176 
601 194 15 16 0.030578256 
269 140 11 14 0.030534727 
677 195 17 22 0.030513555 
208 136 7 9 0.030379592 
614 240 20 28 0.030340254 
430 233 14 18 0.030262204 
277 140 8 12 0.029897919 
514 237 14 17 0.029870646 
758 209 13 18 0.029641282 
510 257 14 18 0.029463116 
236 142 9 13 0.02923769 
792 128 12 15 0.028976055 
379 287 15 18 0.028768942 
371 313 57 65 0.028683672 
661 184 15 20 0.02866646 
133 66 10 11 0.028255654 
311 358 10 12 0.028009064 
919 246 18 23 0.02772399 
595 102 11 14 0.027535466 
996 226 27 34 0.027391672 
672 205 14 17 0.027361142 
288 152 9 12 0.027075179 
88 96 10 12 0.02680859 
629 109 9 14 0.026682744 
733 551 18 21 0.026556509 
898 224 21 28 0.026552835 
646 181 13 16 0.026512697 
779 248 14 19 0.026493752 
912 322 42 50 0.026443988 
724 200 14 18 0.026182037 
671 164 10 14 0.026097137 
510 317 15 19 0.025962139 
849 314 41 51 0.025921037 
829 322 17 27 0.025898024 
897 348 44 54 0.025811398 
701 116 9 13 0.025795933 
423 305 38 43 0.02577823 
645 77 8 11 0.02560605 
643 219 18 22 0.02552204 
640 193 27 32 0.025480868 
237 127 9 11 0.025461959 
616 212 21 29 0.025451161 
680 230 17 24 0.025375498 
798 276 16 25 0.025301848 
263 254 11 15 0.025079241 
734 644 14 17 0.024991162 
584 248 10 13 0.02492565 
919 288 24 33 0.024876578 
888 283 31 36 0.024875687 
549 363 25 32 0.024766523 
642 78 7 10 0.02474016 
228 126 21 27 0.024696656 
630 234 19 28 0.024587952 
729 191 16 22 0.024525233 
661 203 12 17 0.024433771 
365 221 13 17 0.024378352 
481 212 13 16 0.024315897 
615 94 20 25 0.024299253 
320 234 13 17 0.02427044 
798 136 13 16 0.024146715 
245 139 13 16 0.023964936 
646 174 12 14 0.02376135 
762 211 15 19 0.02347161 
622 105 12 17 0.023470955 
353 237 11 16 0.023452904 
323 196 13 18 0.023406588 
588 194 25 27 0.023370637 
632 186 13 16 0.023350513 
702 422 11 12 0.023333335 
1001 276 20 24 0.023269383 
626 153 15 16 0.023255125 
226 140 8 10 0.023174064 
587 332 11 15 0.023086846 
629 589 15 17 0.02307259 
650 229 16 20 0.02306619 
695 122 10 15 0.022912897 
687 249 13 16 0.022861373 
244 125 24 28 0.022833278 
809 181 18 21 0.022725139 
486 335 16 19 0.02249216 
631 185 26 30 0.022476373 
575 197 10 14 0.022394989 
401 203 18 22 0.022258637 
797 194 23 29 0.022198766 
687 414 11 15 0.022139566 
334 224 14 18 0.022094142 
575 188 11 13 0.021941004 
323 524 13 18 0.021939002 
278 156 11 13 0.021805324 
314 192 21 27 0.021745048 
764 413 25 38 0.021711351 
561 253 10 13 0.021672634 
128 93 9 11 0.02155803 
498 436 58 105 0.021511009 
582 231 10 13 0.021493677 
983 224 26 34 0.021376096 
485 321 24 31 0.021353496 
287 347 12 17 0.021242637 
279 276 12 15 0.021200262 
679 167 22 28 0.021083301 
388 501 11 13 0.021069473 
733 427 33 37 0.020974575 
914 202 14 21 0.020919884 
499 262 31 35 0.020911936 
821 329 28 41 0.020899583 
551 307 13 17 0.020739226 
440 389 23 26 0.020705057 
118 127 10 13 0.02064071 
128 68 12 12 0.02063976 
156 119 422 481 0.0205031 
269 330 16 19 0.02045874 
508 302 28 34 0.020376272 
231 127 10 14 0.020336734 
682 122 12 19 0.020305617 
686 117 10 14 0.020298503 
615 71 12 15 0.020287544 
576 330 12 15 0.020240938 
654 187 24 28 0.020127209 
420 279 15 16 0.020021802 
