5_Car_Accident_Accident_5_287
50
850 35 16 20 0.9730493 
895 65 14 18 0.21333367 
84 188 13 18 0.21050303 
381 96 8 10 0.090693824 
31 190 24 33 0.0834411 
158 138 10 14 0.07963028 
684 117 10 12 0.06514393 
659 129 45 57 0.06240176 
303 201 14 21 0.057115193 
222 210 22 33 0.056861956 
150 159 10 14 0.05245084 
460 -8 123 146 0.044710882 
405 152 14 16 0.04404421 
439 6 10 12 0.042987965 
911 45 13 16 0.042779516 
366 175 12 15 0.04145822 
394 165 14 15 0.040578853 
825 110 9 12 0.038550954 
925 25 14 17 0.035566162 
389 127 10 12 0.034257956 
685 112 10 12 0.033127233 
856 167 41 59 0.031950448 
156 50 74 116 0.030830326 
159 39 443 454 0.030141145 
887 61 11 16 0.029669711 
401 550 10 11 0.029479463 
415 131 11 13 0.028771037 
680 101 9 9 0.028593684 
154 134 8 11 0.027969418 
736 100 8 10 0.02783948 
476 32 10 13 0.027633725 
782 92 12 15 0.02737498 
782 137 12 14 0.025893344 
759 118 9 10 0.025876023 
397 156 13 15 0.025488973 
191 197 10 12 0.025137927 
750 117 9 11 0.025009261 
34 -10 208 227 0.024625843 
817 54 8 10 0.02440626 
152 120 9 12 0.024206191 
750 111 8 11 0.023421226 
361 176 11 12 0.021665134 
150 125 9 12 0.021662418 
888 28 11 14 0.021569628 
359 165 26 31 0.021191884 
99 226 16 21 0.020640127 
27 178 39 52 0.020500578 
197 196 10 12 0.02044404 
831 155 14 17 0.020266298 
879 39 10 12 0.020154601 
