5_Car_Accident_Accident_5_340
167
40 219 27 35 0.9986964 
196 234 22 30 0.9983163 
103 211 25 32 0.991757 
268 215 17 21 0.9705868 
344 220 13 17 0.9476094 
168 205 17 23 0.9410651 
690 68 23 27 0.9144124 
986 33 24 33 0.82865614 
952 96 31 35 0.6331498 
295 218 12 16 0.6186801 
886 52 16 22 0.51868004 
507 228 32 39 0.50972056 
188 205 11 13 0.38668513 
310 242 10 13 0.33603132 
0 205 10 15 0.29006898 
850 112 18 23 0.22987528 
201 298 16 19 0.20164594 
221 219 17 20 0.19216692 
300 215 11 14 0.1900686 
1 275 32 38 0.16252261 
197 168 14 17 0.14260992 
375 165 9 11 0.1329486 
220 173 13 14 0.130981 
708 255 47 65 0.11526829 
254 220 11 15 0.114797175 
333 165 9 11 0.11460153 
121 219 16 21 0.11191221 
890 84 14 18 0.106529936 
251 210 13 17 0.10238161 
710 84 11 15 0.09090847 
514 218 47 57 0.08873628 
220 213 15 17 0.080079176 
323 220 11 13 0.07660207 
247 221 11 14 0.07010753 
268 402 51 55 0.06987617 
335 276 11 14 0.06873924 
255 174 9 11 0.067996666 
304 283 12 15 0.06783868 
183 204 12 15 0.063910656 
246 228 9 13 0.062721536 
556 101 13 16 0.062507436 
349 238 11 14 0.059211537 
230 166 14 16 0.058635186 
297 200 9 11 0.056442656 
888 61 17 21 0.05410587 
325 283 13 15 0.05311162 
953 104 38 50 0.05251716 
869 88 12 15 0.051639065 
309 213 10 13 0.0512937 
168 169 9 11 0.051189903 
353 256 8 10 0.050130103 
327 291 12 13 0.04969124 
230 288 16 19 0.04966278 
377 171 10 13 0.049185514 
345 71 9 11 0.04729599 
307 220 12 15 0.045180403 
285 293 13 16 0.044546343 
48 234 24 31 0.044425387 
277 263 11 14 0.043671142 
353 260 9 12 0.04349998 
333 302 11 14 0.042435788 
148 212 14 18 0.04228047 
305 239 11 14 0.04225351 
300 205 11 13 0.041853607 
319 213 13 15 0.041338902 
239 212 13 16 0.039395943 
14 209 12 19 0.039293874 
268 208 14 17 0.037830066 
336 255 8 10 0.037189595 
335 308 12 16 0.03662551 
285 225 13 17 0.03647928 
4 202 13 15 0.036359385 
276 286 14 16 0.036243167 
495 94 9 10 0.03608769 
238 228 13 16 0.035816815 
350 208 9 10 0.035799086 
19 208 16 23 0.035654876 
373 139 11 13 0.035194665 
244 234 11 14 0.035109915 
263 166 12 13 0.03492489 
356 292 10 13 0.034887005 
308 226 12 15 0.034795605 
357 167 8 11 0.03402164 
184 199 19 24 0.033793837 
10 204 13 19 0.03308049 
353 301 10 13 0.032347266 
172 171 10 13 0.032076675 
575 398 35 32 0.032008123 
335 259 10 13 0.03197236 
339 269 12 15 0.03165111 
542 224 32 39 0.031453066 
255 168 10 12 0.03081167 
381 166 9 10 0.030269958 
248 266 13 17 0.030144421 
167 179 13 15 0.029797927 
292 237 12 14 0.029717654 
0 259 13 20 0.029056486 
802 111 9 11 0.028883597 
304 262 10 12 0.028772714 
118 447 9 12 0.028630536 
829 149 14 18 0.028448205 
392 160 9 10 0.027841028 
123 258 25 32 0.027504496 
398 163 10 11 0.027371094 
849 142 11 13 0.026692044 
880 120 10 12 0.026638173 
320 282 12 15 0.02659855 
236 235 13 16 0.02651036 
197 304 16 17 0.026122341 
444 162 13 15 0.025952118 
344 164 10 11 0.025852613 
308 278 12 16 0.02582989 
449 601 28 31 0.025776144 
221 228 16 23 0.0257616 
248 178 12 15 0.025760958 
0 235 13 20 0.025700008 
321 83 10 12 0.025668286 
345 245 9 11 0.0256616 
273 223 14 19 0.025591053 
834 141 12 16 0.025431775 
470 663 10 13 0.025427224 
711 89 12 17 0.025266394 
326 228 10 12 0.025265593 
423 163 11 14 0.025159081 
148 202 14 18 0.024868513 
284 234 14 18 0.024465641 
254 212 21 27 0.024329642 
250 172 10 13 0.024328612 
303 289 13 15 0.024012182 
21 176 13 16 0.023845464 
62 219 25 33 0.0236969 
310 261 9 11 0.02361963 
789 122 11 14 0.023498956 
366 79 9 11 0.023484917 
304 208 20 24 0.023442388 
288 217 21 26 0.023425104 
350 166 9 10 0.02340792 
383 160 9 11 0.023192042 
324 79 12 13 0.023128198 
288 220 12 16 0.022938387 
330 307 22 28 0.022790525 
211 224 20 27 0.022719976 
804 133 11 12 0.022532292 
981 18 39 55 0.022528293 
238 220 13 16 0.022130774 
131 218 14 20 0.021956732 
422 178 12 13 0.021917902 
639 82 11 14 0.02186032 
341 254 9 10 0.021609697 
329 299 11 14 0.021593994 
-1 202 18 28 0.021532068 
672 92 11 15 0.021502644 
352 269 10 13 0.021359002 
490 618 16 18 0.02131865 
329 260 10 12 0.02096985 
339 314 11 14 0.020792993 
352 117 11 13 0.0205614 
165 269 15 18 0.020558665 
405 136 9 12 0.020361334 
487 132 10 13 0.020348344 
301 332 9 14 0.020330872 
270 230 13 18 0.020291202 
148 301 11 13 0.020248124 
846 101 11 14 0.020195493 
270 260 23 27 0.020154463 
294 268 11 14 0.020104181 
57 248 16 20 0.020020027 
