5_Car_Accident_Car_Crash_5_451
47
684 157 22 27 0.40580288 
784 133 9 12 0.30193725 
452 257 29 34 0.25321838 
322 144 8 11 0.21624257 
865 125 11 13 0.12405605 
105 358 143 132 0.1126408 
684 150 16 22 0.105205506 
633 137 9 11 0.096569724 
700 148 16 20 0.08606448 
908 189 10 12 0.06474383 
870 129 12 14 0.06095512 
124 386 88 73 0.05853872 
635 139 11 12 0.056079477 
954 154 18 19 0.053674895 
752 190 8 10 0.044909824 
571 205 13 14 0.04375963 
1006 161 16 20 0.039682347 
695 160 18 20 0.038853195 
802 183 8 11 0.03759791 
74 362 40 47 0.037122857 
800 188 10 12 0.03709886 
964 161 15 18 0.036907878 
51 322 223 220 0.03432732 
951 157 29 33 0.033760976 
842 143 8 10 0.032489352 
648 217 45 57 0.03245834 
865 121 9 12 0.031571407 
814 149 7 9 0.030408792 
710 182 12 15 0.030262295 
992 157 9 12 0.029540723 
936 157 11 14 0.028598057 
459 245 43 46 0.028215455 
908 192 13 17 0.027365888 
806 187 9 12 0.026680393 
952 151 44 53 0.025141228 
514 341 65 58 0.02504661 
787 157 13 17 0.024874901 
876 126 11 14 0.024112312 
458 253 17 19 0.023867315 
830 183 8 11 0.023757417 
690 167 26 28 0.023713956 
911 223 39 57 0.023508511 
463 238 11 13 0.02319728 
997 154 27 32 0.021398274 
90 350 31 43 0.02102059 
440 261 32 36 0.020985886 
872 205 9 10 0.0202809 
