5_Car_Accident_Accident_5_948
32
664 141 23 27 0.5002976 
695 286 13 19 0.11334795 
341 286 23 28 0.10686448 
278 238 490 529 0.087976635 
687 184 11 12 0.08377684 
10 170 25 32 0.06461309 
20 177 16 19 0.06155183 
656 182 10 11 0.059493758 
636 134 9 11 0.040425777 
692 188 9 11 0.03998852 
682 189 8 11 0.03458152 
715 164 11 13 0.029749714 
682 183 9 12 0.029699756 
647 165 10 14 0.029560687 
655 141 11 15 0.028919268 
652 156 12 17 0.028050806 
151 243 80 117 0.027808793 
533 362 26 30 0.027324455 
702 277 12 15 0.026855096 
524 414 46 54 0.026652988 
654 149 12 17 0.025747973 
631 127 10 11 0.02565739 
266 309 17 22 0.025589231 
708 286 12 15 0.025151871 
260 310 15 20 0.024546437 
656 136 37 48 0.024058733 
703 161 10 13 0.023860676 
700 368 34 44 0.023250125 
507 432 26 30 0.022959832 
256 310 10 13 0.022542765 
635 191 13 15 0.021871023 
710 126 12 14 0.021712817 
