5_Car_Accident_Accident_5_243
39
391 112 10 12 0.6283594 
456 100 9 12 0.19551921 
476 104 10 14 0.13843364 
379 123 12 14 0.086228184 
366 127 8 12 0.0753415 
376 119 12 14 0.066948175 
373 180 11 13 0.06498543 
443 210 191 242 0.05484451 
416 124 10 12 0.051981892 
432 104 8 10 0.05176627 
395 115 10 13 0.051415022 
421 124 11 13 0.044655453 
345 75 10 13 0.039895613 
408 126 9 12 0.035894845 
345 164 10 13 0.035708226 
398 126 9 13 0.03389381 
485 65 28 42 0.033545036 
481 47 45 68 0.032648835 
430 108 9 11 0.029507395 
404 179 13 16 0.027500622 
361 130 10 14 0.027346326 
437 101 9 12 0.027332071 
381 130 12 14 0.026058616 
390 122 10 14 0.025649106 
399 175 13 15 0.024414469 
412 177 27 32 0.023776924 
376 111 10 14 0.0232481 
397 171 23 28 0.022574171 
448 109 9 11 0.022568712 
419 182 15 18 0.021749252 
450 101 10 12 0.021575697 
460 96 9 12 0.02138655 
438 95 10 13 0.021135543 
378 168 176 234 0.020889468 
367 173 23 26 0.020438842 
428 126 10 12 0.020354562 
166 508 35 35 0.020330759 
374 117 19 24 0.02030335 
447 72 8 10 0.020099916 
