5_Car_Accident_Car_Crash_5_51
91
771 268 20 23 0.9289224 
517 235 13 15 0.60842234 
708 255 17 21 0.32692483 
758 229 12 15 0.25210863 
271 237 14 17 0.16164084 
746 273 13 18 0.12311525 
626 682 17 20 0.12164029 
748 299 15 20 0.10718008 
833 246 10 14 0.087426096 
632 309 11 15 0.08694868 
46 138 366 473 0.08326666 
946 256 37 46 0.075929515 
759 291 10 13 0.074340135 
724 272 15 16 0.07352802 
374 472 189 220 0.07238862 
846 289 24 26 0.06589385 
695 278 11 14 0.06439453 
673 303 26 33 0.061308615 
713 260 20 25 0.057784725 
485 230 10 12 0.0487183 
644 693 11 13 0.046095505 
274 248 14 18 0.044440858 
701 275 12 15 0.04407667 
875 684 11 13 0.040723305 
837 251 11 15 0.038908366 
733 266 21 26 0.038697343 
807 312 9 12 0.038611777 
62 231 204 265 0.03859295 
176 246 8 10 0.038504224 
774 254 12 14 0.038410164 
767 303 10 13 0.038117908 
528 265 31 38 0.037997182 
638 691 11 14 0.037704054 
785 363 14 17 0.037354127 
588 658 16 21 0.03733796 
508 513 59 70 0.036367238 
402 335 28 30 0.035529166 
264 235 12 14 0.035467952 
791 335 10 14 0.035445884 
812 326 10 13 0.03453616 
751 303 20 27 0.034126844 
536 234 11 14 0.032877345 
847 276 13 15 0.03232056 
153 236 10 12 0.032313243 
970 269 27 35 0.031322666 
702 251 16 21 0.03128801 
703 264 14 20 0.030772889 
244 247 11 12 0.03014418 
776 260 18 21 0.029875502 
263 231 23 27 0.029161353 
192 248 8 8 0.02882933 
256 229 42 54 0.028780656 
986 243 36 52 0.027857322 
263 245 11 12 0.027635057 
296 343 342 435 0.027019206 
950 413 57 61 0.027006432 
627 86 23 29 0.026736295 
503 97 51 52 0.026498271 
256 247 9 12 0.025807451 
583 656 28 33 0.024869917 
679 378 53 66 0.024502741 
275 256 13 17 0.02437781 
247 259 8 11 0.024330117 
234 357 23 27 0.024208048 
270 244 23 31 0.02367904 
555 271 36 41 0.02366627 
510 235 23 25 0.023657698 
243 164 27 39 0.023641244 
129 231 9 11 0.023603434 
256 238 9 11 0.023216449 
751 330 15 18 0.023083963 
246 253 9 12 0.02289023 
627 668 15 20 0.022746742 
675 316 17 22 0.02271401 
249 163 39 52 0.022713015 
708 245 16 21 0.02262456 
832 240 10 13 0.02227208 
947 275 43 53 0.022271747 
764 308 12 16 0.021872256 
246 214 9 11 0.021800114 
962 246 38 50 0.021728676 
512 229 15 17 0.02170732 
720 676 9 12 0.02168374 
797 315 13 17 0.021151705 
983 264 29 37 0.020896818 
540 228 12 16 0.020768415 
846 283 16 19 0.020675372 
548 227 13 16 0.020636948 
460 330 35 37 0.020371227 
736 428 16 18 0.020358527 
595 219 13 16 0.020314287 
