5_Car_Accident_Accident_5_202
53
990 73 19 23 0.8620297 
822 76 15 20 0.7812389 
743 90 17 19 0.5979757 
898 84 14 18 0.51898664 
760 83 13 17 0.46205717 
923 71 27 34 0.44955748 
399 349 23 27 0.17645738 
793 80 8 10 0.14602935 
966 150 10 13 0.14402255 
969 68 15 19 0.1397454 
727 206 106 128 0.087436914 
712 86 9 11 0.0765425 
417 -4 367 465 0.07055808 
570 105 8 9 0.06393558 
862 261 10 14 0.06375218 
-1 405 24 36 0.061149407 
750 84 20 22 0.056221373 
789 99 14 16 0.05219541 
696 93 8 10 0.048843022 
573 108 8 10 0.04791083 
971 77 15 19 0.04597913 
964 144 11 14 0.043661404 
936 79 15 20 0.043490604 
975 65 21 27 0.04227545 
918 79 15 18 0.042146385 
474 168 30 35 0.040363573 
567 126 10 13 0.03869165 
8 106 27 38 0.037574388 
705 88 8 10 0.037281137 
566 120 9 11 0.03439 
989 87 17 20 0.03331435 
960 141 12 14 0.03142268 
498 171 196 259 0.031233797 
729 89 8 11 0.031046987 
925 94 23 30 0.02945191 
828 71 11 15 0.029184096 
314 111 16 21 0.026173081 
917 60 10 12 0.02616592 
883 101 11 13 0.025884166 
809 94 10 14 0.025531927 
296 144 431 422 0.024113309 
941 48 15 18 0.02395322 
794 84 12 14 0.02390143 
724 278 13 16 0.023163822 
973 62 39 49 0.022404376 
958 145 22 28 0.021823542 
549 134 10 14 0.021810655 
860 95 16 17 0.021476379 
562 119 9 11 0.020756315 
856 197 52 73 0.020603003 
555 215 62 57 0.020503767 
928 142 11 12 0.020389374 
481 235 20 16 0.020078223 
