5_Car_Accident_Car_Crash_5_38
96
0 228 22 33 0.90013546 
832 234 11 13 0.56206506 
777 238 11 14 0.51542675 
324 92 46 40 0.49807528 
941 245 11 13 0.4650845 
69 269 14 19 0.46432185 
440 125 25 27 0.19842029 
915 237 9 13 0.1815027 
358 97 46 51 0.1285256 
888 243 9 11 0.10760616 
367 118 33 40 0.09363644 
705 434 115 120 0.091205776 
525 430 17 22 0.06868845 
339 99 47 52 0.06765327 
428 122 42 50 0.0668022 
797 279 13 18 0.066049606 
893 238 11 14 0.06466625 
777 262 18 20 0.06401476 
427 419 28 37 0.057344627 
306 72 49 48 0.051425092 
855 301 12 17 0.049377326 
427 125 27 31 0.047921646 
402 113 24 31 0.04687115 
963 289 20 20 0.045349225 
37 451 30 35 0.04390673 
428 137 15 18 0.043165617 
862 247 10 12 0.042349096 
878 238 11 14 0.0423446 
304 56 42 38 0.042092804 
902 271 8 10 0.040095046 
102 262 40 51 0.039349783 
110 194 12 16 0.038858566 
669 207 127 143 0.038393203 
373 108 49 57 0.038128644 
879 220 12 14 0.03809282 
128 203 11 14 0.037221584 
308 434 246 196 0.036310196 
898 219 12 13 0.03564639 
924 235 11 13 0.035290524 
913 232 10 13 0.033492573 
392 97 28 39 0.0315068 
66 259 22 26 0.031251777 
798 311 17 23 0.031003335 
536 437 28 33 0.030824428 
305 95 42 50 0.030533543 
318 116 54 68 0.030073717 
813 412 73 88 0.029856736 
377 126 19 24 0.02972654 
894 251 11 13 0.029589854 
421 153 44 63 0.028523758 
917 232 11 13 0.02821807 
775 249 21 27 0.028003762 
877 134 31 41 0.027904421 
886 333 9 13 0.02790306 
424 136 27 32 0.02789919 
884 219 14 16 0.027882306 
808 238 9 11 0.027631009 
495 120 14 17 0.027370827 
895 215 12 13 0.02736578 
428 373 13 14 0.027083121 
916 242 10 12 0.026877236 
866 324 15 21 0.02660751 
871 234 13 16 0.025966464 
439 401 42 56 0.02567194 
837 242 12 14 0.025351321 
572 377 37 54 0.024905303 
788 245 11 13 0.024831623 
774 234 18 23 0.024762454 
830 224 12 15 0.024739511 
133 203 12 15 0.024596328 
451 116 26 32 0.024436187 
886 226 12 14 0.024324441 
68 255 14 17 0.024044245 
506 431 18 23 0.023899538 
417 409 48 57 0.023461543 
414 115 24 30 0.023321025 
499 147 15 18 0.023268819 
862 221 11 16 0.023200413 
937 239 12 14 0.023174606 
401 393 87 104 0.02316284 
494 424 26 32 0.02312304 
500 429 15 19 0.02293561 
347 121 37 46 0.022881966 
844 229 10 14 0.02285498 
876 226 13 16 0.022401005 
911 328 10 12 0.02203845 
513 427 27 32 0.022017803 
428 153 27 38 0.021495776 
773 250 14 19 0.021469465 
937 250 12 13 0.021406144 
574 114 46 51 0.02127903 
401 173 45 70 0.02108919 
491 431 17 22 0.021071183 
463 113 24 31 0.020929897 
36 250 14 17 0.020609604 
407 426 28 35 0.020539246 
