5_Car_Accident_Car_Crash_5_133
33
235 228 16 20 0.6641826 
344 165 31 40 0.22707203 
712 102 11 14 0.10726375 
339 153 26 29 0.08814058 
230 185 34 41 0.06763675 
-3 97 350 440 0.05091929 
227 432 130 160 0.042619996 
368 138 93 103 0.039760634 
773 91 13 18 0.038740546 
224 167 30 37 0.035838507 
244 340 12 16 0.032117136 
722 62 10 13 0.031332996 
361 175 16 22 0.03127414 
758 102 11 15 0.030316072 
358 169 31 35 0.028386015 
921 108 11 14 0.027592387 
764 81 17 20 0.026599105 
246 330 12 15 0.026595121 
869 102 16 21 0.026590586 
848 59 13 18 0.02632697 
482 421 47 60 0.026288724 
3 257 25 28 0.025124421 
473 389 54 68 0.024994535 
617 502 106 88 0.02472289 
332 81 162 194 0.024312641 
271 387 10 13 0.024241515 
519 148 35 47 0.023423726 
577 42 124 151 0.022792319 
49 230 217 278 0.021967439 
147 280 45 51 0.021642078 
334 162 27 35 0.020897865 
759 92 22 27 0.020147277 
461 343 15 18 0.020027988 
