5_Car_Accident_Accident_5_633
82
242 278 16 25 0.93705446 
490 276 33 44 0.93171704 
103 78 57 108 0.8025471 
451 458 82 72 0.6823186 
617 298 43 54 0.57269126 
323 826 16 21 0.4475953 
161 284 18 24 0.3927441 
667 368 38 39 0.35087058 
815 319 9 12 0.28735268 
297 831 18 21 0.25247446 
510 436 54 61 0.17138684 
535 507 95 116 0.1666691 
641 217 33 48 0.13480048 
919 345 23 28 0.12851655 
504 271 39 49 0.12736665 
82 122 69 81 0.12378872 
552 263 22 31 0.12183455 
302 805 10 13 0.10897391 
801 327 8 11 0.10333867 
255 468 41 52 0.0975501 
161 409 14 15 0.08594295 
291 841 469 584 0.082673386 
432 809 54 70 0.082630716 
821 338 11 15 0.078996494 
894 351 14 19 0.05988972 
805 328 8 11 0.057973634 
0 145 12 23 0.05309962 
345 819 11 15 0.051787905 
308 971 66 56 0.050506625 
386 298 12 14 0.050317876 
523 268 29 43 0.04547955 
534 264 29 39 0.042632308 
562 269 16 23 0.039047845 
477 432 80 86 0.03897782 
323 938 58 59 0.038401105 
572 483 107 131 0.03649952 
220 249 12 17 0.035405304 
471 399 94 85 0.03485173 
305 828 15 20 0.034727335 
854 327 11 11 0.034482084 
56 76 82 118 0.03435885 
486 256 30 47 0.032163877 
943 566 63 81 0.031222455 
255 883 15 22 0.03095681 
592 282 45 62 0.030848477 
294 806 23 27 0.03081988 
299 820 15 18 0.029405188 
492 274 17 25 0.028141582 
654 526 23 28 0.028083567 
613 289 33 42 0.027973155 
635 289 29 47 0.027260616 
285 830 14 17 0.027105695 
783 331 9 11 0.027037835 
444 372 70 55 0.026941119 
534 439 84 106 0.02684605 
942 369 35 39 0.026612852 
906 347 24 29 0.026586108 
820 345 14 18 0.026267214 
218 259 14 20 0.026103843 
793 318 8 10 0.025748547 
546 552 67 85 0.02515866 
198 846 56 63 0.025014527 
386 604 18 23 0.024865083 
469 456 103 118 0.02416678 
271 329 15 18 0.023856174 
319 822 14 19 0.023752127 
541 262 39 52 0.023512052 
571 273 13 19 0.0227462 
307 1092 58 74 0.022728303 
150 289 15 19 0.022643652 
663 279 38 58 0.022593707 
849 327 10 11 0.02241178 
855 320 9 11 0.022241388 
318 909 67 67 0.02185349 
148 284 25 34 0.021447647 
323 39 108 140 0.021245083 
92 155 39 44 0.021135503 
440 861 52 66 0.020867804 
799 321 8 10 0.020703183 
330 823 14 19 0.02060344 
516 390 65 77 0.020345675 
235 638 56 67 0.020140667 
