5_Car_Accident_Accident_5_982
37
321 240 45 62 0.9985184 
733 202 45 57 0.9975969 
474 226 42 56 0.98225963 
612 212 13 17 0.337461 
903 88 29 35 0.075613685 
422 392 24 35 0.052571952 
726 516 87 140 0.05160843 
565 499 18 24 0.04091128 
812 133 14 17 0.040666632 
835 133 16 22 0.03762841 
727 570 50 79 0.037098467 
835 334 18 21 0.034990612 
832 202 14 19 0.034504358 
808 345 46 48 0.034333497 
401 226 24 30 0.032819636 
988 90 14 19 0.032688886 
826 336 30 34 0.031849787 
861 43 11 13 0.030109609 
653 184 12 15 0.029345721 
814 116 13 16 0.028124379 
382 368 23 34 0.027938157 
41 152 458 465 0.02745597 
982 68 12 15 0.026730066 
415 260 13 17 0.024504775 
861 12 10 13 0.024109881 
644 304 96 114 0.023795012 
905 79 45 55 0.023127524 
686 230 31 39 0.023073051 
101 269 96 109 0.023032166 
836 235 17 25 0.022584904 
659 323 58 73 0.022504054 
983 84 23 31 0.0223849 
812 123 14 16 0.020718362 
356 193 46 58 0.020265428 
311 117 13 17 0.020209545 
818 112 16 19 0.020078173 
826 354 18 23 0.020055458 
