5_Car_Accident_Accident_5_460
133
113 312 20 24 0.9575935 
235 306 12 15 0.891237 
61 312 14 18 0.6489287 
867 364 14 16 0.61890477 
271 314 10 13 0.5688365 
41 73 16 22 0.30895162 
182 311 11 14 0.2958093 
158 308 12 17 0.28834492 
209 312 10 12 0.2600656 
255 315 11 14 0.21155275 
128 290 12 15 0.20404178 
3 296 12 18 0.19573072 
277 316 10 12 0.18075396 
918 352 11 14 0.17863375 
216 97 9 11 0.1717726 
204 114 16 18 0.15145545 
286 317 9 11 0.1494557 
263 316 9 13 0.14690527 
319 333 9 12 0.12869917 
213 314 10 13 0.123652756 
250 105 8 10 0.11642031 
428 140 10 12 0.11241953 
319 327 8 12 0.098799996 
177 315 11 14 0.09654713 
417 144 9 13 0.090079844 
341 117 8 11 0.08972884 
200 327 10 12 0.07937481 
209 107 14 17 0.07910836 
464 141 10 13 0.07372277 
223 315 9 12 0.070712715 
9 332 15 19 0.06808854 
165 302 11 15 0.06574865 
319 339 9 12 0.063957766 
973 350 10 11 0.06099256 
35 332 16 18 0.06098725 
426 137 8 9 0.060654514 
132 342 16 20 0.059319835 
10 325 14 16 0.058983486 
252 109 9 11 0.058715597 
923 357 11 12 0.058431447 
387 129 7 9 0.058249507 
887 364 11 15 0.057225116 
201 109 14 16 0.05614963 
873 363 14 17 0.053770617 
384 148 12 15 0.053387493 
181 323 12 15 0.053373545 
390 379 98 107 0.04985883 
150 313 12 16 0.049701523 
420 149 10 13 0.04879161 
390 132 8 12 0.04751659 
3 304 13 20 0.045192316 
888 359 10 12 0.0451731 
233 119 9 11 0.04382694 
891 364 14 17 0.04244036 
312 333 10 12 0.041813277 
927 374 10 12 0.041403063 
423 140 10 13 0.04132632 
703 210 26 26 0.040035177 
385 133 8 10 0.0400119 
465 137 9 11 0.03904255 
77 331 16 20 0.038588256 
320 113 8 8 0.038280662 
318 321 8 11 0.03751284 
106 351 14 17 0.03747595 
0 313 11 17 0.037004303 
155 291 11 14 0.0369438 
237 118 10 12 0.036603816 
204 332 11 15 0.03567573 
232 313 12 15 0.034992754 
446 149 9 11 0.03409132 
204 324 11 14 0.03389658 
388 142 10 13 0.033575658 
215 332 11 16 0.03331276 
188 314 10 15 0.03316745 
283 322 13 15 0.033021968 
140 317 16 17 0.032286014 
302 341 10 13 0.03180932 
248 119 10 12 0.030898968 
313 327 10 13 0.030856442 
866 375 16 19 0.02947357 
247 323 13 16 0.02847401 
164 311 14 18 0.02844843 
300 360 12 16 0.028422697 
338 113 9 11 0.028243389 
174 321 14 17 0.028120337 
457 143 9 12 0.027740082 
180 330 14 20 0.02748202 
132 295 15 19 0.027381519 
217 99 12 17 0.026953947 
125 342 16 19 0.026846897 
583 216 39 45 0.026472852 
311 341 10 13 0.026444051 
429 147 10 13 0.026351113 
279 332 11 13 0.0262819 
899 371 13 16 0.026001023 
221 115 10 14 0.025939578 
149 298 14 18 0.025926886 
140 292 14 16 0.02571167 
323 334 10 12 0.025691163 
440 148 10 13 0.025657317 
188 331 11 17 0.025567459 
221 332 11 15 0.025521925 
44 64 14 17 0.025508244 
924 363 12 14 0.02547655 
183 429 10 14 0.024982732 
230 323 12 15 0.024810893 
913 354 13 15 0.024481611 
314 320 8 11 0.0239958 
325 116 10 12 0.023772022 
924 407 15 17 0.02368409 
422 166 11 14 0.023418833 
213 340 13 18 0.023404522 
31 338 14 17 0.023403285 
67 319 14 18 0.023247361 
269 310 17 23 0.023114305 
150 286 13 16 0.02272985 
172 310 20 24 0.022667093 
303 335 10 13 0.022643596 
456 149 9 12 0.022511993 
199 334 19 29 0.022372033 
0 279 17 39 0.022287847 
173 294 8 11 0.022224195 
205 103 14 16 0.021902952 
459 157 14 19 0.0214605 
206 312 18 22 0.021384038 
134 333 14 18 0.021271756 
229 330 11 15 0.02112424 
232 45 422 435 0.02084488 
251 124 11 14 0.020826664 
253 142 10 13 0.020406866 
217 107 13 16 0.020394297 
41 324 15 18 0.020265397 
199 317 11 14 0.020150786 
