5_Car_Accident_Accident_5_777
102
759 148 14 19 0.9683631 
826 152 14 18 0.9301471 
500 142 25 29 0.91972 
634 148 18 22 0.84545034 
795 149 11 15 0.7048509 
726 166 14 17 0.57384557 
853 197 14 19 0.47510067 
597 167 13 15 0.41879442 
181 284 25 26 0.27557483 
549 158 13 16 0.18367937 
118 316 22 28 0.16709203 
949 170 14 15 0.14514722 
889 161 15 17 0.13995767 
886 202 14 18 0.12593576 
383 240 11 13 0.12465605 
379 223 11 13 0.11726364 
603 170 12 16 0.116517946 
403 257 16 19 0.09335454 
891 178 16 19 0.08376811 
167 293 12 16 0.07915474 
944 170 12 14 0.07410364 
367 244 9 11 0.07397076 
628 170 16 19 0.07344186 
173 285 21 27 0.06993812 
141 280 27 29 0.06137646 
984 212 14 16 0.06000215 
540 171 16 20 0.055965234 
978 254 16 21 0.05589967 
524 147 15 19 0.05190201 
512 148 16 22 0.050033264 
982 230 12 14 0.04656696 
628 157 23 24 0.046507288 
527 151 20 24 0.043292005 
374 246 9 11 0.042423617 
140 84 252 308 0.040780522 
903 212 12 14 0.040751703 
658 171 22 29 0.040506847 
909 211 12 14 0.040407997 
538 157 21 25 0.03689611 
976 230 12 15 0.034596488 
723 168 23 27 0.03453311 
889 195 16 20 0.034179468 
877 239 18 21 0.03351635 
887 169 14 18 0.033301316 
866 211 15 19 0.03324159 
242 267 12 15 0.03166614 
400 230 9 12 0.031476855 
400 252 12 15 0.03100838 
26 206 8 11 0.030356659 
910 162 11 16 0.029815506 
364 172 9 11 0.029747952 
899 161 13 16 0.029501298 
862 165 11 14 0.028759584 
918 155 11 16 0.028447853 
388 243 9 12 0.028225819 
870 179 11 14 0.028065125 
887 186 14 16 0.027694028 
186 288 42 48 0.027595261 
925 156 11 14 0.026870128 
771 147 14 16 0.026251186 
360 168 9 11 0.026071675 
405 232 9 10 0.025511565 
897 201 22 28 0.025365274 
928 235 13 15 0.025039421 
99 294 15 19 0.024994452 
887 221 13 14 0.024952952 
918 150 10 14 0.024927929 
897 171 15 18 0.024767647 
861 209 13 18 0.024725484 
836 173 13 16 0.024515048 
678 159 15 17 0.02437147 
781 148 12 16 0.024305917 
974 239 26 33 0.023962334 
190 279 29 35 0.023617782 
521 148 372 456 0.02344252 
257 273 16 20 0.023153313 
962 221 43 58 0.023115039 
751 153 14 19 0.023088941 
345 175 9 12 0.022983095 
955 167 12 15 0.022948794 
401 266 12 17 0.022948192 
740 163 13 17 0.022732224 
956 178 13 15 0.022699904 
154 282 16 19 0.022580748 
902 207 25 32 0.022520121 
833 153 12 17 0.02227339 
405 247 14 16 0.022154955 
353 191 9 10 0.022093112 
350 252 10 12 0.02167984 
980 212 22 27 0.021362739 
930 254 27 31 0.021342967 
388 269 11 14 0.021238273 
1014 252 11 18 0.021040734 
391 228 9 13 0.020853033 
400 235 10 13 0.020697456 
880 163 11 15 0.020677786 
835 185 14 18 0.020674713 
360 246 9 11 0.020652257 
635 175 223 303 0.020439459 
879 202 15 19 0.020335358 
137 288 39 43 0.020292489 
169 302 46 52 0.020039821 
