5_Car_Accident_Accident_5_869
24
369 178 254 348 0.99982387 
815 1243 216 249 0.75399655 
486 1043 228 322 0.6644895 
333 897 402 477 0.33732903 
735 806 177 288 0.32830518 
710 1160 375 384 0.24109924 
854 351 112 149 0.16583623 
565 1017 350 443 0.15004863 
227 430 415 479 0.08159566 
509 1134 153 185 0.07811755 
763 876 111 184 0.05596831 
185 647 215 381 0.048451513 
704 681 293 443 0.03889347 
161 1061 434 495 0.037495717 
773 755 109 176 0.03562055 
113 107 111 140 0.034076463 
410 33 354 486 0.033553556 
593 1136 151 197 0.027304867 
149 618 405 535 0.02675446 
528 812 361 440 0.023537839 
573 4 18 19 0.022397665 
3 -9 385 513 0.02170332 
114 40 199 276 0.021189133 
845 61 203 263 0.020212993 
