5_Car_Accident_Accident_5_234
459
657 487 21 27 0.9685158 
450 338 17 21 0.8429834 
581 537 17 21 0.7429007 
472 329 17 19 0.7397165 
885 289 12 14 0.7155866 
808 235 10 13 0.70853263 
867 352 15 18 0.671325 
421 508 17 22 0.6379617 
417 402 18 20 0.6076001 
812 235 12 13 0.4977557 
806 315 18 20 0.48962188 
775 232 10 13 0.4024988 
800 257 13 16 0.3805885 
347 427 16 19 0.35646364 
852 191 13 18 0.35426155 
270 390 17 20 0.35316235 
226 410 15 17 0.34290117 
430 588 23 32 0.34050822 
380 318 10 14 0.3391191 
355 377 18 21 0.32094058 
598 564 20 28 0.31094912 
18 574 25 27 0.30852693 
414 316 11 14 0.3071963 
728 42 12 14 0.27325296 
410 347 13 16 0.27177456 
467 180 12 16 0.2714659 
242 384 16 21 0.2635899 
163 421 20 29 0.2577799 
199 394 14 17 0.24187392 
783 293 13 18 0.22892465 
820 235 10 12 0.2033136 
496 167 8 10 0.17807919 
343 335 11 13 0.17501134 
913 107 11 13 0.16942112 
868 268 13 17 0.1678012 
560 150 8 9 0.16591977 
791 103 10 11 0.16347319 
782 208 9 11 0.16166714 
822 545 43 48 0.14799397 
595 551 24 29 0.14696491 
774 192 8 11 0.1373453 
178 424 21 28 0.13432784 
792 187 11 13 0.1342224 
552 169 10 12 0.13122185 
341 286 11 13 0.13064235 
757 220 10 14 0.12663141 
321 433 18 21 0.12619717 
205 401 12 16 0.12158544 
770 173 8 11 0.12008114 
73 563 24 30 0.119088925 
352 414 25 33 0.11670604 
324 327 10 12 0.11663391 
425 271 10 14 0.11373769 
649 161 8 10 0.11255977 
585 127 9 11 0.111802004 
873 347 14 20 0.11107848 
774 276 16 19 0.10859568 
275 398 16 19 0.107062705 
855 236 10 14 0.106829144 
588 540 24 27 0.10495722 
339 372 12 15 0.10484606 
405 352 17 18 0.10364066 
501 166 8 11 0.10188795 
407 340 14 18 0.10094568 
894 348 15 17 0.100321546 
340 345 13 18 0.09353935 
802 645 24 30 0.09258906 
239 378 16 19 0.09257269 
121 478 21 34 0.0922318 
246 418 13 17 0.08891941 
870 260 14 17 0.08753653 
439 168 10 13 0.08582863 
761 204 9 12 0.08368175 
797 205 10 12 0.08215482 
367 327 12 14 0.081952445 
83 450 18 21 0.08179638 
496 162 8 9 0.081257574 
382 438 15 23 0.08115946 
666 127 7 9 0.08023742 
663 428 43 45 0.080042616 
560 145 7 9 0.07956363 
356 363 15 19 0.079440236 
350 278 9 12 0.07922838 
356 309 11 14 0.0776544 
641 127 7 9 0.07259344 
375 360 11 13 0.07233997 
377 313 10 12 0.07230375 
810 77 9 11 0.071813025 
69 563 17 22 0.07023005 
420 430 17 21 0.06967866 
730 491 39 51 0.069229044 
814 277 10 14 0.06695309 
330 406 13 16 0.06644091 
672 114 6 9 0.066329546 
822 530 31 44 0.06617054 
397 349 12 15 0.06543402 
769 190 9 12 0.06520892 
490 168 8 9 0.06394971 
502 161 7 9 0.06365077 
360 293 9 12 0.06331422 
359 273 10 12 0.06327364 
768 155 9 12 0.06297857 
422 372 12 14 0.06251745 
806 278 11 13 0.06212576 
581 158 8 10 0.06189514 
783 84 9 12 0.06075603 
338 353 14 18 0.06061858 
765 113 8 10 0.060261335 
771 648 28 32 0.060023848 
264 560 24 32 0.059155576 
305 480 19 24 0.05903863 
190 395 13 16 0.058407426 
413 322 12 15 0.058241267 
798 210 11 15 0.058238912 
773 181 9 12 0.058151808 
552 144 7 9 0.05805893 
213 403 11 16 0.05795981 
126 476 13 20 0.05780177 
797 562 16 22 0.057123963 
804 537 13 19 0.05706892 
795 524 23 40 0.056957956 
415 377 12 16 0.056929912 
426 500 18 23 0.056838743 
334 348 14 17 0.05624133 
413 286 9 12 0.05574669 
749 332 16 18 0.055072073 
239 391 15 20 0.054107863 
768 150 8 12 0.054075446 
417 406 24 32 0.053957205 
625 127 6 8 0.053506978 
135 539 27 30 0.053211756 
88 456 20 20 0.05306018 
576 143 7 9 0.0526798 
771 265 16 18 0.05226238 
626 175 9 12 0.052209284 
792 196 12 14 0.0520227 
646 126 8 9 0.051773015 
368 348 9 12 0.05136178 
546 150 8 10 0.051360954 
846 216 9 12 0.050856832 
859 368 13 17 0.050716132 
145 416 16 20 0.05036927 
777 213 10 13 0.05033861 
855 185 10 13 0.04985863 
544 145 7 9 0.04940838 
375 322 10 15 0.049399387 
400 354 12 15 0.0490011 
812 259 12 17 0.048919555 
867 291 12 14 0.04802069 
777 101 8 11 0.047348704 
518 184 8 11 0.047264624 
204 381 11 13 0.046734206 
753 215 9 13 0.04671453 
751 120 8 10 0.04668916 
860 236 11 15 0.04600734 
804 515 37 49 0.045942355 
122 441 18 24 0.045684155 
338 363 14 18 0.045678392 
798 173 10 11 0.04564495 
334 312 10 11 0.045250766 
784 103 9 12 0.04495432 
608 164 10 12 0.044765998 
618 625 27 47 0.04462866 
789 85 10 12 0.044162188 
421 378 12 15 0.04413363 
370 422 23 33 0.043470573 
341 378 12 16 0.04343172 
354 465 17 20 0.0434036 
22 562 28 33 0.043259695 
186 421 17 20 0.043203503 
405 290 11 14 0.04311941 
850 236 10 15 0.043089677 
768 230 11 15 0.04308651 
720 354 15 17 0.0428704 
429 342 12 14 0.042795096 
753 79 6 9 0.04279355 
593 533 16 20 0.042635016 
550 150 8 11 0.042431056 
767 198 9 11 0.042327743 
679 118 7 9 0.042210475 
778 87 8 10 0.041732367 
876 333 12 15 0.041709565 
400 287 11 12 0.04140348 
862 111 11 11 0.041398373 
788 342 25 29 0.041374546 
682 126 8 11 0.041270144 
846 176 8 10 0.041252896 
768 136 7 9 0.04100148 
769 259 13 17 0.040669676 
263 388 15 18 0.040660255 
320 328 11 16 0.040161245 
791 203 11 14 0.039955568 
899 353 14 18 0.039909843 
395 315 13 16 0.039708477 
445 168 8 11 0.039673503 
783 190 9 12 0.03956097 
778 207 9 12 0.039342903 
455 168 7 9 0.039288696 
102 482 27 37 0.03887945 
275 380 16 19 0.0387494 
803 263 15 18 0.038730815 
711 528 27 37 0.03850258 
486 362 16 22 0.03830356 
121 424 20 26 0.038145687 
411 332 14 17 0.037712023 
796 320 19 21 0.037666567 
904 285 10 13 0.03761416 
393 347 11 15 0.0376027 
260 449 22 25 0.037553515 
409 325 9 13 0.037360243 
464 176 11 14 0.037263155 
513 184 9 11 0.037165333 
350 327 9 12 0.03690569 
840 176 10 12 0.036878463 
794 181 13 15 0.036855254 
809 72 9 11 0.036573593 
790 210 11 15 0.036490142 
262 567 43 53 0.03620784 
795 548 24 38 0.035911754 
686 80 7 9 0.03585148 
779 272 23 28 0.03571646 
53 433 21 27 0.03570269 
799 168 8 10 0.035628516 
618 127 7 9 0.035570975 
336 291 10 14 0.035303198 
337 366 21 25 0.03522084 
697 112 7 9 0.035219908 
747 491 39 55 0.03491744 
426 367 16 19 0.034646075 
856 112 10 12 0.034579355 
92 490 38 50 0.034373533 
745 56 9 12 0.03433498 
147 421 24 29 0.034214303 
820 177 187 228 0.034021027 
821 182 8 10 0.033763975 
792 174 9 11 0.03343275 
845 159 8 11 0.033396047 
372 332 11 15 0.03337263 
744 135 8 10 0.033368677 
241 474 24 30 0.033342507 
833 197 9 11 0.033303313 
687 62 8 11 0.03318719 
759 103 7 9 0.033015892 
731 250 12 18 0.032923296 
408 402 14 19 0.032765176 
810 83 13 15 0.0325963 
837 197 9 12 0.03258307 
613 159 11 13 0.032396395 
863 105 10 10 0.032324906 
346 340 11 16 0.032315586 
870 243 15 17 0.032074153 
398 244 11 13 0.03196855 
427 279 15 18 0.03181892 
795 101 11 13 0.03178728 
583 142 8 10 0.031760566 
806 241 12 16 0.0317383 
545 157 8 9 0.03167638 
577 151 8 10 0.031620745 
547 576 42 45 0.031409994 
251 385 13 19 0.031317614 
528 174 8 11 0.03129166 
602 160 9 11 0.031221423 
866 283 14 17 0.031178756 
847 181 9 11 0.031088097 
351 372 15 20 0.031058006 
753 104 7 9 0.030923264 
790 354 15 22 0.030831667 
12 576 18 24 0.03078077 
250 411 15 20 0.030704254 
331 322 13 15 0.030664241 
788 290 24 29 0.030407324 
229 396 14 18 0.030321406 
396 324 13 16 0.030245801 
544 193 8 9 0.030070003 
434 168 9 11 0.030022116 
520 159 7 9 0.03001169 
542 489 15 20 0.029858738 
544 173 10 14 0.02979867 
833 192 8 10 0.02958984 
179 491 38 47 0.02939478 
728 95 7 9 0.02923844 
601 541 16 19 0.029224603 
670 127 7 10 0.029144421 
629 614 25 37 0.028987499 
774 137 8 9 0.028935663 
608 568 17 24 0.028796805 
712 39 9 10 0.028771164 
77 447 17 21 0.028712291 
275 408 15 21 0.028630022 
356 356 13 18 0.028587012 
430 264 9 12 0.028505906 
797 389 11 16 0.028460521 
360 407 26 36 0.028359829 
490 161 7 9 0.028260207 
642 552 13 17 0.028057124 
204 408 14 19 0.027930904 
270 410 13 18 0.027866451 
567 144 6 9 0.02764413 
768 180 9 12 0.027642809 
872 252 17 20 0.027619813 
377 272 9 12 0.027549082 
772 155 11 13 0.027534956 
760 191 8 11 0.027526014 
421 175 8 10 0.027516564 
772 167 9 12 0.027429711 
388 302 11 13 0.027359074 
839 265 12 16 0.027328258 
759 224 12 18 0.027076632 
425 398 17 23 0.026906399 
873 96 8 10 0.02684691 
422 340 12 16 0.02678239 
347 346 13 18 0.02661463 
798 158 8 11 0.026601234 
726 246 13 17 0.026575081 
65 482 17 26 0.026563993 
697 47 8 10 0.02655678 
704 55 8 10 0.02655195 
571 523 15 19 0.026491687 
366 339 13 18 0.026475174 
234 411 14 19 0.026404317 
793 151 8 10 0.0262984 
863 298 12 16 0.026239166 
719 507 37 46 0.026210709 
773 656 15 22 0.026151538 
878 96 9 11 0.02613334 
863 134 9 11 0.025996786 
117 446 17 21 0.025974616 
245 213 27 33 0.025951605 
635 535 21 27 0.02590636 
420 331 13 16 0.025870789 
136 420 24 30 0.02583707 
308 227 12 13 0.02582913 
791 191 19 25 0.025785701 
375 302 10 11 0.025673164 
776 143 8 10 0.025670268 
502 171 8 11 0.025626902 
334 301 10 11 0.025540365 
265 444 18 19 0.025477827 
299 413 13 17 0.025409942 
112 414 21 26 0.025361279 
194 426 15 19 0.025330711 
425 265 9 12 0.025298202 
390 325 11 14 0.025044922 
838 191 9 12 0.025020687 
400 271 8 11 0.024984438 
626 111 7 10 0.024980336 
457 330 19 25 0.024944082 
760 167 8 10 0.024927268 
798 86 12 14 0.024912292 
36 591 27 38 0.024840828 
744 120 8 9 0.02481088 
527 159 7 9 0.024746254 
428 356 13 16 0.02473927 
752 183 8 10 0.024697045 
364 272 10 12 0.024417875 
596 525 15 17 0.02440803 
416 278 10 13 0.024392739 
360 286 10 13 0.024390407 
590 131 8 10 0.024193207 
774 220 13 17 0.024137178 
587 237 23 27 0.02412816 
865 254 11 14 0.024105776 
746 79 7 9 0.024063658 
581 152 8 10 0.024018353 
560 564 42 45 0.023979573 
635 547 22 28 0.023916421 
772 255 12 15 0.02389051 
707 506 31 42 0.023842718 
131 476 24 38 0.02382221 
761 118 9 11 0.023778513 
350 473 13 18 0.023774007 
774 71 8 10 0.023593009 
821 520 15 23 0.0235843 
427 378 13 16 0.023555769 
874 205 14 15 0.023542237 
58 426 17 20 0.023374707 
631 119 8 11 0.023362136 
752 124 7 10 0.0233309 
912 95 10 12 0.023265623 
360 331 11 14 0.023253359 
665 164 9 11 0.023235269 
799 79 9 11 0.023232978 
886 261 12 15 0.023221966 
763 662 28 34 0.023195444 
865 260 12 17 0.023191748 
196 419 16 20 0.023171712 
336 333 11 15 0.023135882 
577 135 8 10 0.023066904 
803 323 18 23 0.023047822 
695 136 7 9 0.023019182 
812 521 15 23 0.022997992 
895 268 11 13 0.022985613 
782 198 10 12 0.022960925 
211 419 14 19 0.02291544 
728 102 8 10 0.022863578 
780 150 8 10 0.022830617 
781 91 11 14 0.02279025 
230 375 12 15 0.022763705 
409 316 10 15 0.022757964 
884 346 14 20 0.022700392 
760 127 7 9 0.02268807 
713 70 8 10 0.022652742 
805 88 14 18 0.02257534 
998 688 14 16 0.022565147 
663 628 26 34 0.022471515 
779 520 24 39 0.02246703 
649 470 38 46 0.022447072 
752 206 9 13 0.022441722 
837 206 9 12 0.022425232 
582 552 40 45 0.02241633 
353 304 18 23 0.022397442 
36 559 23 32 0.02229115 
37 521 26 33 0.022242004 
812 252 13 16 0.02218398 
793 329 25 31 0.022154046 
220 397 15 18 0.022115428 
429 495 14 17 0.022082737 
460 404 15 20 0.02201438 
205 418 13 19 0.021981154 
725 36 19 24 0.021947645 
774 150 10 11 0.021806587 
747 518 25 33 0.021762958 
791 94 11 14 0.021719504 
655 127 7 9 0.021701934 
251 451 25 31 0.021688174 
758 80 7 9 0.021686433 
374 590 11 17 0.021681465 
457 182 8 11 0.021679273 
672 95 7 10 0.02156325 
862 125 11 12 0.02152251 
656 451 33 38 0.021373456 
813 241 14 16 0.021351969 
62 560 16 22 0.021198371 
197 409 16 20 0.021193594 
703 582 38 55 0.021175401 
632 126 7 10 0.021095598 
485 190 11 13 0.021068197 
687 134 8 10 0.021050913 
566 150 7 9 0.021035947 
796 276 13 17 0.021024471 
749 59 10 12 0.021005671 
720 45 9 12 0.020996347 
185 397 12 14 0.020977153 
811 534 13 21 0.02096081 
868 299 13 17 0.020960778 
776 79 8 9 0.020945154 
346 283 12 14 0.020799212 
928 112 10 12 0.020734403 
158 429 16 23 0.02066132 
31 541 28 34 0.02065067 
744 191 9 12 0.020649625 
231 389 12 15 0.020529093 
840 214 9 12 0.020525891 
830 246 10 13 0.02040314 
437 268 14 17 0.020319307 
354 323 100 116 0.02015297 
728 88 6 8 0.020070963 
879 102 10 11 0.020052176 
760 159 8 10 0.020051526 
