5_Car_Accident_Car_Crash_5_574
314
778 150 28 39 0.99277884 
746 143 25 35 0.9605445 
734 490 16 19 0.56350046 
207 135 32 42 0.5556422 
134 171 13 15 0.51052797 
353 164 16 21 0.5031234 
92 166 12 15 0.40086064 
413 140 23 30 0.34801754 
733 149 31 33 0.3065441 
11 153 14 18 0.25003713 
54 137 14 17 0.21992342 
25 140 9 12 0.1746284 
692 478 16 19 0.17433336 
629 484 12 15 0.16803625 
934 375 11 13 0.15128213 
674 635 43 55 0.12773024 
732 494 23 27 0.115334824 
36 196 34 51 0.11364479 
112 142 11 14 0.109708525 
255 674 10 14 0.108547226 
744 443 14 17 0.10783158 
777 306 15 20 0.10742514 
566 457 48 55 0.10728969 
311 719 8 11 0.1037115 
921 335 8 11 0.092588015 
702 523 13 15 0.088586554 
664 487 11 14 0.08732992 
787 385 12 15 0.08594142 
342 714 11 13 0.082781985 
189 142 41 39 0.08166905 
306 748 11 13 0.08118693 
726 457 12 14 0.08042059 
708 405 11 16 0.07837978 
871 358 10 11 0.074709505 
816 365 10 13 0.07297839 
791 412 11 14 0.072250895 
173 128 27 41 0.07220217 
6 154 22 29 0.07074677 
813 432 11 13 0.06833534 
320 695 8 10 0.06786488 
879 415 9 10 0.06658919 
570 535 26 33 0.06563085 
813 480 9 10 0.06427999 
724 474 16 19 0.06391907 
981 593 12 15 0.06378578 
294 149 10 13 0.063401535 
725 479 22 25 0.0628067 
889 372 11 15 0.06224564 
862 372 11 13 0.062192563 
719 499 13 16 0.0604137 
98 165 11 13 0.05915207 
902 380 11 14 0.058601655 
990 702 9 12 0.058100533 
424 137 18 22 0.057875663 
938 302 9 11 0.05665466 
910 592 10 13 0.056646243 
877 357 9 11 0.055633545 
929 405 10 13 0.05486981 
128 167 20 25 0.05431777 
741 417 14 17 0.05407141 
64 85 8 10 0.053097088 
292 703 12 14 0.05225409 
49 141 11 14 0.051656183 
759 148 24 36 0.05085253 
785 372 12 14 0.05082315 
51 172 13 18 0.048444144 
739 540 12 15 0.04781677 
786 508 12 13 0.04779294 
919 366 9 11 0.047703277 
531 567 15 19 0.04667422 
892 612 14 18 0.04663595 
806 432 15 18 0.045586817 
544 654 10 12 0.044702012 
321 717 11 15 0.044176705 
377 157 24 29 0.043817334 
335 715 12 14 0.04276674 
888 397 9 11 0.042718995 
59 157 12 13 0.0424623 
738 533 12 16 0.042423546 
489 196 11 15 0.042007837 
873 412 9 11 0.04174217 
874 683 14 22 0.041263573 
877 352 10 12 0.04097123 
237 682 12 17 0.040839083 
6 134 9 12 0.040816057 
822 499 9 12 0.040792253 
559 629 10 11 0.040764496 
817 407 8 10 0.040718462 
138 95 7 10 0.04071607 
799 487 12 15 0.04039742 
678 474 13 15 0.04033158 
406 181 30 38 0.04019761 
159 111 11 14 0.03995897 
590 631 10 12 0.039596096 
342 167 15 20 0.038997754 
731 471 12 15 0.03895036 
687 475 14 17 0.03854159 
525 632 13 14 0.03818746 
770 539 29 33 0.03770744 
694 471 13 18 0.03749442 
893 376 12 15 0.03731887 
625 478 21 25 0.037309878 
667 490 11 15 0.03730836 
526 559 26 31 0.037242394 
871 407 8 11 0.037047118 
256 639 10 12 0.036822733 
358 292 30 34 0.036597304 
864 430 9 10 0.03635397 
704 577 13 16 0.03635322 
847 348 11 12 0.036303364 
840 476 11 13 0.035988934 
63 80 8 10 0.03544781 
916 413 9 11 0.035387073 
695 457 14 16 0.035365522 
479 643 10 12 0.03534533 
739 504 16 21 0.03527393 
888 521 8 9 0.035199914 
893 716 15 19 0.034949657 
76 181 9 12 0.034834493 
54 166 10 14 0.03477007 
13 141 11 13 0.03465795 
61 135 12 15 0.03418244 
781 375 20 24 0.03410166 
736 404 10 15 0.03360362 
889 367 9 12 0.033600677 
42 176 22 31 0.033319864 
805 484 11 14 0.033201315 
918 406 8 12 0.032780405 
687 502 11 14 0.032743834 
60 143 13 17 0.03269712 
914 334 9 11 0.03260901 
304 735 11 12 0.03218645 
878 341 9 12 0.032110974 
740 425 14 17 0.032005597 
997 422 9 10 0.031858128 
913 405 9 12 0.03172844 
832 310 10 13 0.031659294 
869 365 10 13 0.031356398 
1008 416 8 10 0.03132647 
406 483 14 16 0.031079974 
455 533 26 35 0.031052237 
957 302 8 11 0.030758707 
422 671 9 11 0.0306727 
342 249 97 130 0.030671759 
549 368 35 51 0.03058229 
837 372 10 12 0.030463638 
704 331 12 15 0.03039544 
624 556 24 26 0.030355519 
305 724 10 11 0.030347684 
839 365 11 14 0.030275369 
555 342 28 40 0.02989768 
663 479 20 25 0.029839378 
887 359 9 11 0.029823648 
854 420 10 11 0.029805265 
822 307 11 14 0.029768301 
93 111 9 11 0.029539194 
60 163 12 14 0.029438578 
742 404 13 15 0.029418582 
66 141 11 13 0.029349856 
747 508 12 17 0.029265175 
708 516 13 16 0.029245904 
163 120 28 43 0.0290985 
51 194 13 19 0.028961677 
34 273 49 65 0.028844742 
723 492 22 26 0.02881722 
964 697 14 18 0.028775124 
1002 316 9 13 0.02848078 
760 502 13 15 0.028439274 
592 466 34 39 0.028308557 
334 679 9 11 0.02825222 
609 469 28 32 0.027758665 
56 95 8 9 0.027706709 
894 397 9 12 0.027503334 
864 405 10 13 0.02744842 
732 544 18 21 0.027245207 
407 146 15 19 0.027071128 
880 420 9 11 0.026963938 
323 723 11 13 0.026826823 
737 485 22 28 0.02673314 
705 458 15 19 0.026721682 
90 160 21 25 0.026709722 
950 344 9 11 0.026656061 
47 147 11 13 0.026640499 
681 467 24 28 0.026572466 
562 451 37 39 0.026520502 
10 168 15 22 0.026429296 
731 460 10 13 0.026425997 
961 367 10 12 0.026219297 
105 193 24 30 0.02616885 
736 412 12 16 0.02609027 
680 503 11 14 0.02608724 
317 491 12 15 0.025788013 
692 463 23 28 0.025726784 
6 139 12 14 0.025638692 
228 667 13 16 0.0256317 
687 493 13 15 0.025601132 
243 658 15 17 0.025534911 
932 399 13 15 0.025332125 
344 178 171 213 0.025237193 
601 642 13 15 0.025170317 
246 675 13 16 0.024922414 
823 493 11 14 0.024859985 
737 417 24 27 0.024831414 
671 476 13 15 0.024729837 
903 350 10 12 0.024693968 
646 498 13 18 0.024692353 
56 197 25 38 0.024685562 
499 642 16 17 0.024673764 
312 660 9 12 0.024622658 
747 539 14 17 0.02429499 
403 474 25 30 0.02416551 
703 407 13 18 0.02405687 
861 336 9 11 0.024008656 
845 364 11 15 0.023989584 
821 371 10 12 0.023982385 
848 290 11 14 0.023959683 
413 122 11 15 0.02390053 
118 136 9 12 0.023848312 
903 550 9 10 0.023844738 
1008 419 10 12 0.023839816 
692 490 14 16 0.023799574 
832 375 8 10 0.023792773 
942 333 9 11 0.023764566 
549 639 11 13 0.02365695 
704 428 13 16 0.023563119 
854 342 11 12 0.023468044 
740 432 22 26 0.023465412 
65 127 9 11 0.023426993 
653 593 16 18 0.023376096 
672 470 13 14 0.023331074 
593 547 25 27 0.023323588 
451 130 14 20 0.023301657 
580 543 28 30 0.023298424 
519 637 12 15 0.023296015 
319 689 8 11 0.023178583 
804 491 12 16 0.023054484 
747 353 12 15 0.023020443 
93 118 10 12 0.022971386 
815 360 10 12 0.022945974 
599 637 23 27 0.022942126 
887 723 15 17 0.022939924 
767 524 26 31 0.022926662 
798 388 9 13 0.022839077 
935 390 11 13 0.022809723 
653 492 22 28 0.022748834 
245 626 10 12 0.022732478 
918 294 8 9 0.022730617 
552 135 9 10 0.022716353 
916 398 10 13 0.022708654 
833 366 9 13 0.022669682 
894 392 9 12 0.022633014 
895 334 9 12 0.022607451 
599 638 11 14 0.022598898 
1014 350 9 12 0.022590496 
21 147 12 15 0.022570604 
805 297 15 17 0.022560287 
620 474 16 21 0.022522954 
511 196 10 13 0.02250962 
5 129 9 11 0.022494571 
869 532 13 16 0.02249403 
116 115 9 12 0.022386516 
47 166 11 15 0.022338951 
685 460 15 16 0.022152273 
288 708 12 14 0.022108236 
326 712 10 13 0.022055354 
533 471 16 19 0.021997288 
668 498 11 14 0.021983296 
224 140 17 26 0.021968417 
689 568 25 32 0.021886544 
719 546 13 16 0.021876052 
677 483 13 15 0.021822011 
937 333 9 11 0.021808293 
900 375 11 14 0.021738775 
690 568 14 18 0.021643307 
945 327 9 12 0.021624355 
510 640 10 13 0.021576734 
709 399 9 14 0.021535005 
545 640 10 12 0.021501536 
265 467 22 26 0.021452662 
673 472 24 29 0.021447696 
283 141 14 16 0.02142479 
344 733 11 13 0.021423995 
369 482 18 22 0.021398146 
864 412 9 12 0.021362618 
806 423 10 12 0.021359887 
911 303 9 11 0.021341173 
411 189 35 44 0.021327505 
645 456 17 20 0.0212694 
304 236 12 16 0.021223908 
751 383 10 12 0.021216407 
887 439 8 10 0.021066194 
373 161 17 22 0.021003995 
39 135 8 11 0.020949882 
333 309 46 71 0.02093752 
646 423 11 12 0.020901442 
829 396 11 14 0.020822901 
691 126 23 32 0.020820564 
1000 311 10 12 0.020755406 
866 358 9 10 0.020743148 
936 309 9 10 0.020720974 
862 423 10 12 0.020703714 
119 62 9 11 0.020687373 
756 513 16 19 0.02051188 
886 422 9 11 0.020446252 
407 139 39 46 0.020415405 
786 411 11 15 0.020396821 
295 171 10 13 0.020292776 
280 136 10 13 0.020247452 
293 654 10 11 0.02012907 
17 155 13 17 0.02011393 
458 120 21 28 0.020059807 
687 417 13 16 0.020037677 
37 164 14 17 0.02002361 
820 663 10 13 0.020023549 
