5_Car_Accident_Accident_5_77
188
885 57 28 35 0.99978584 
757 33 26 34 0.999345 
627 60 23 31 0.9990922 
654 59 22 30 0.99883014 
574 65 24 33 0.9987116 
930 48 37 46 0.99786574 
812 53 25 32 0.997414 
717 65 24 32 0.99670035 
377 61 22 28 0.9914888 
693 69 23 30 0.9861704 
290 77 21 27 0.9851967 
231 68 20 26 0.9825507 
437 54 23 29 0.96721226 
539 77 20 26 0.96700704 
489 67 20 26 0.9663549 
185 78 21 24 0.9562413 
113 89 19 24 0.95350313 
588 43 20 26 0.93553436 
517 37 19 22 0.92182535 
982 47 18 25 0.9210035 
710 8 14 17 0.91931444 
445 83 23 27 0.90446204 
391 0 12 12 0.7276838 
739 25 12 15 0.6615695 
903 57 25 34 0.49547693 
80 57 22 41 0.44336516 
658 461 129 132 0.4294684 
733 367 183 196 0.4074992 
793 22 13 15 0.400938 
794 54 19 23 0.3737543 
873 60 11 15 0.37161994 
77 220 438 488 0.33422822 
679 27 11 14 0.27853322 
475 0 11 12 0.2493884 
995 267 18 21 0.23556878 
919 53 28 39 0.23135804 
706 64 23 32 0.20450217 
716 32 14 18 0.16776597 
559 347 25 32 0.16613378 
440 69 24 30 0.16029255 
638 29 12 16 0.15694328 
737 50 14 19 0.14257199 
655 438 33 40 0.12964927 
206 3 13 13 0.11153425 
326 76 12 16 0.107743785 
290 101 16 20 0.10317747 
161 369 258 320 0.099634305 
965 44 23 29 0.09793699 
563 0 16 18 0.09499468 
32 9 12 15 0.093419544 
481 38 16 20 0.09148295 
771 90 24 28 0.08931282 
615 0 11 11 0.08138617 
525 2 17 19 0.0806271 
790 27 19 26 0.07530329 
700 44 23 29 0.07528598 
376 27 10 13 0.075229004 
315 180 15 19 0.073144466 
189 95 16 18 0.07124256 
686 0 9 10 0.067875125 
172 13 15 20 0.06731364 
7 127 45 70 0.064687744 
3 0 12 14 0.062858194 
380 24 10 13 0.058338296 
71 8 28 39 0.057293557 
709 34 20 25 0.05708076 
71 290 127 159 0.056897823 
389 6 14 17 0.05612017 
319 0 10 9 0.055914313 
672 26 13 15 0.053902946 
26 51 24 39 0.053319916 
686 417 155 156 0.052127786 
563 8 18 23 0.051069308 
450 93 23 31 0.050166607 
872 53 23 30 0.048096452 
639 11 12 15 0.047628023 
637 62 24 31 0.047439575 
168 100 11 13 0.04714458 
16 43 25 39 0.0446547 
511 4 25 26 0.04447422 
1 34 37 61 0.04404956 
318 77 13 17 0.043965906 
860 495 121 126 0.04345737 
309 178 15 19 0.043320347 
2 37 23 37 0.042790763 
413 45 13 18 0.042640444 
325 26 17 22 0.04220822 
426 214 24 34 0.04177305 
882 45 14 16 0.041374788 
676 434 28 37 0.04091653 
915 53 13 18 0.03979534 
639 19 13 19 0.03935477 
766 22 13 17 0.039175835 
747 68 15 20 0.038943116 
393 64 16 20 0.03875941 
573 239 349 445 0.038251 
532 6 16 20 0.038156856 
609 57 16 22 0.037972193 
655 364 30 37 0.037892062 
389 -3 20 20 0.03718971 
185 137 40 53 0.036646545 
765 64 15 18 0.03540247 
324 0 10 11 0.035382703 
66 64 31 38 0.034405217 
0 108 10 18 0.033981264 
580 315 11 14 0.033894185 
652 1 12 11 0.033553563 
439 84 17 21 0.033201076 
323 4 13 14 0.033196393 
722 28 14 20 0.03298467 
747 39 26 33 0.032741923 
724 264 41 44 0.032382473 
677 3 14 16 0.032330014 
700 37 16 20 0.03218458 
569 17 14 20 0.031899385 
262 158 15 17 0.031884324 
685 77 25 32 0.031864695 
991 269 25 35 0.031085145 
611 407 22 32 0.030893065 
729 342 31 35 0.030125115 
538 10 16 20 0.030118339 
737 67 22 28 0.029636394 
246 97 14 16 0.029624268 
467 227 14 19 0.029299833 
-1 151 24 58 0.029229678 
55 8 46 61 0.02901857 
547 227 12 15 0.028951176 
502 9 16 20 0.028838826 
548 0 23 24 0.02859803 
792 38 20 28 0.028372893 
993 12 14 17 0.02822924 
442 45 16 19 0.028083066 
591 26 13 17 0.027651358 
947 46 30 38 0.027542796 
699 326 27 31 0.02731442 
310 43 15 18 0.027241543 
150 116 13 17 0.026730537 
592 57 23 30 0.026414666 
869 71 15 21 0.026230931 
431 62 15 22 0.025852004 
612 334 15 18 0.025846075 
458 223 27 33 0.025461929 
262 59 14 17 0.02526023 
987 9 22 27 0.025221618 
812 0 12 11 0.02502658 
775 30 21 31 0.024688555 
663 2 13 16 0.024590679 
660 216 17 23 0.024415024 
806 372 177 246 0.02403754 
802 55 22 25 0.023968684 
228 98 14 18 0.023639873 
620 15 12 14 0.023532672 
550 0 15 14 0.023295611 
636 419 31 34 0.023273166 
585 65 25 32 0.023207158 
36 187 195 281 0.023075718 
243 3 11 13 0.023000505 
674 23 19 24 0.022960678 
429 210 40 50 0.02282193 
403 39 23 28 0.022665987 
644 5 13 15 0.022546476 
159 0 13 11 0.022523155 
137 78 9 11 0.022463178 
237 0 14 13 0.022462178 
916 99 17 22 0.022332238 
412 257 362 473 0.02221386 
223 93 12 16 0.02212591 
807 18 11 16 0.022085609 
944 330 28 38 0.022084508 
156 110 13 15 0.022064138 
682 457 12 17 0.021859316 
205 104 14 18 0.021828566 
76 133 53 68 0.021794708 
684 400 27 38 0.021658696 
729 55 21 27 0.021585546 
985 336 16 22 0.021548877 
688 423 29 45 0.02151853 
817 426 119 141 0.02117202 
186 99 24 25 0.021082256 
395 8 14 16 0.020866696 
20 22 15 18 0.020826912 
450 53 15 20 0.020768467 
710 348 36 37 0.020486806 
14 48 40 63 0.020436808 
420 193 41 51 0.020417783 
699 27 15 17 0.020314869 
183 37 11 14 0.020156203 
645 351 34 38 0.020148972 
