5_Car_Accident_Accident_5_628
208
266 278 28 35 0.9965802 
376 150 23 29 0.9851881 
176 218 22 30 0.98132896 
230 235 22 28 0.9794835 
856 203 23 30 0.9739435 
156 309 32 44 0.9058746 
915 239 22 26 0.87634087 
328 216 24 29 0.8582294 
76 216 24 28 0.853764 
440 189 21 27 0.7515985 
937 288 27 30 0.6318798 
580 27 25 36 0.57800907 
283 175 18 24 0.4864073 
45 150 21 27 0.42749715 
-1 240 16 33 0.4235833 
372 84 30 36 0.41183114 
379 202 31 41 0.36231726 
946 337 26 36 0.32048184 
578 262 46 58 0.3007216 
905 196 26 31 0.29003185 
849 322 29 35 0.2599227 
961 340 26 35 0.21598533 
225 282 32 39 0.1967421 
856 272 25 31 0.19652466 
927 297 26 32 0.18789195 
846 307 27 34 0.18771054 
803 265 35 40 0.1817269 
493 359 46 53 0.16814403 
202 269 23 30 0.16482894 
417 97 16 23 0.16425407 
1 169 19 25 0.15275823 
75 258 29 38 0.1519528 
386 187 39 51 0.11196147 
828 388 45 61 0.11096548 
90 345 41 43 0.10320241 
43 238 22 29 0.101008035 
648 279 41 54 0.09989447 
924 411 17 22 0.09528345 
517 351 43 50 0.09414637 
335 184 26 32 0.092920825 
700 319 23 31 0.09153802 
918 303 23 29 0.09131786 
799 192 26 30 0.09022536 
127 211 27 34 0.08872948 
947 279 24 34 0.086261086 
463 353 52 63 0.08466492 
211 267 25 32 0.08423168 
941 552 16 19 0.08119267 
330 200 38 48 0.080826044 
935 334 25 36 0.068948336 
956 276 15 21 0.06832772 
938 300 29 35 0.06189708 
897 210 24 31 0.06148873 
1008 97 16 30 0.06126397 
111 393 55 70 0.06103004 
636 251 25 32 0.060899682 
22 194 17 21 0.06031494 
885 361 18 23 0.060095053 
189 273 30 38 0.059699453 
900 491 27 30 0.059621584 
527 335 44 52 0.058736395 
859 311 26 32 0.056421097 
276 231 17 20 0.05515926 
77 235 38 53 0.05433711 
908 223 26 34 0.05403088 
171 170 15 18 0.053923063 
997 355 24 33 0.053806078 
399 179 27 33 0.052825022 
799 280 34 38 0.052351914 
964 509 15 20 0.051278867 
219 410 29 41 0.051194564 
38 249 23 29 0.049645584 
661 272 36 43 0.04893264 
349 180 24 28 0.048868038 
875 234 25 32 0.047408987 
36 264 16 20 0.047288407 
850 291 28 35 0.046494123 
977 496 36 52 0.042715024 
851 186 39 45 0.04254592 
405 95 26 32 0.039561465 
938 314 30 39 0.039459895 
412 200 15 20 0.039187558 
723 162 50 63 0.0385322 
250 508 52 63 0.038106497 
199 275 34 46 0.03801866 
988 247 36 61 0.03759229 
969 350 34 40 0.037339672 
388 59 15 19 0.037326 
507 367 20 24 0.03731075 
222 262 29 36 0.03680219 
966 507 23 29 0.035714384 
339 384 25 28 0.03545625 
923 285 25 34 0.03530876 
384 94 29 33 0.035253458 
583 27 43 54 0.03524381 
291 172 22 29 0.035105143 
864 259 28 38 0.034737553 
11 162 15 19 0.034256287 
900 334 18 21 0.034245845 
180 202 16 17 0.034043536 
225 229 36 45 0.033863336 
433 186 39 49 0.033668615 
239 278 30 38 0.033341143 
910 324 27 31 0.03275478 
482 371 34 37 0.03269002 
781 219 16 19 0.032621793 
866 267 17 23 0.031849347 
801 227 15 18 0.031165423 
737 142 25 32 0.030913603 
403 177 18 20 0.030382853 
6 175 25 32 0.030071575 
952 288 27 34 0.02999512 
733 374 46 58 0.029753018 
160 497 107 116 0.029685328 
24 150 23 30 0.029032819 
642 266 30 39 0.028976817 
579 232 50 61 0.028819147 
133 302 41 52 0.028624514 
883 372 25 28 0.028621484 
592 39 18 23 0.028617322 
720 333 25 35 0.02858084 
911 397 27 31 0.028536167 
815 227 26 30 0.028512394 
365 94 28 34 0.028471572 
835 305 24 33 0.028376248 
214 491 58 72 0.02817934 
325 180 22 28 0.028156746 
956 238 24 27 0.028005488 
924 310 27 35 0.027947811 
816 259 18 19 0.027868506 
886 339 24 30 0.027717348 
608 164 23 30 0.027552813 
892 217 17 22 0.027519932 
490 377 16 18 0.027451053 
688 218 17 20 0.027434599 
377 201 55 64 0.027306061 
406 195 24 31 0.02727029 
894 393 16 20 0.027263826 
439 83 26 32 0.026856042 
959 303 27 36 0.026811453 
727 344 28 36 0.026679462 
178 297 30 42 0.026559766 
378 72 30 37 0.026384575 
828 336 49 60 0.026223842 
77 345 33 39 0.02608042 
49 163 19 24 0.026037171 
315 424 14 18 0.02591018 
839 367 47 62 0.025860962 
898 390 29 33 0.025818473 
931 405 26 30 0.025683478 
997 244 24 35 0.025477577 
779 226 17 21 0.025310624 
373 280 104 117 0.025247062 
18 154 16 22 0.02507731 
20 199 24 29 0.024940422 
660 202 22 29 0.02491275 
343 188 29 35 0.024787707 
532 358 17 22 0.024700457 
736 350 31 32 0.024695208 
927 241 17 20 0.024643581 
991 478 12 16 0.0245906 
302 235 20 29 0.02418147 
236 402 40 52 0.024169767 
730 122 27 32 0.023898765 
863 206 26 33 0.023857983 
954 320 46 54 0.023840964 
379 56 25 31 0.02383372 
566 23 28 33 0.023777694 
884 277 23 32 0.023740891 
314 161 26 30 0.023648195 
75 226 29 38 0.023551436 
926 327 26 34 0.023350513 
176 200 25 32 0.023278508 
28 270 30 35 0.023275658 
323 104 15 19 0.023126783 
211 261 16 24 0.022938343 
449 87 28 37 0.02286624 
931 310 16 21 0.022802616 
39 152 17 22 0.022727117 
595 168 28 36 0.022707537 
815 287 31 38 0.022556229 
100 315 34 36 0.022490764 
597 6 46 57 0.022403881 
793 197 41 48 0.022393482 
937 211 41 50 0.022168683 
415 314 100 119 0.02207433 
599 275 48 60 0.021992106 
384 144 25 32 0.0216424 
366 92 17 20 0.021595357 
800 221 13 16 0.0215856 
464 394 53 68 0.021390367 
632 295 44 53 0.021355724 
96 243 26 37 0.021341719 
383 56 14 18 0.021301733 
98 330 37 40 0.021255566 
847 367 26 37 0.021246856 
30 257 17 22 0.021186888 
34 178 22 29 0.0211858 
201 406 41 55 0.020908577 
732 364 35 39 0.02088434 
950 510 25 31 0.02079638 
901 233 26 34 0.020736637 
740 178 53 65 0.02072584 
408 107 27 32 0.020665387 
917 416 24 29 0.02063714 
899 317 27 33 0.020578923 
476 196 28 37 0.020231145 
894 331 15 21 0.020000596 
