5_Car_Accident_Accident_5_448
1069
292 390 15 19 0.9852873 
51 437 18 23 0.9836115 
925 558 25 30 0.9811312 
230 373 13 17 0.97177494 
88 393 14 19 0.96919125 
804 432 15 26 0.95258045 
982 238 9 12 0.8787509 
866 231 9 13 0.8490245 
702 406 16 22 0.83200186 
192 450 15 20 0.83028764 
299 541 25 33 0.8116031 
926 262 10 11 0.80744255 
136 348 12 14 0.768628 
312 259 9 12 0.76559377 
251 617 32 30 0.7471429 
302 277 9 12 0.72147185 
890 407 17 27 0.6867423 
981 318 12 14 0.68650335 
181 324 11 14 0.65051454 
14 340 13 16 0.64094913 
198 286 9 12 0.59319365 
157 428 16 18 0.5682398 
741 473 13 21 0.56484455 
174 283 8 11 0.4723391 
336 264 10 12 0.44839135 
225 264 9 12 0.42772064 
295 214 8 10 0.4240435 
336 237 9 12 0.41915038 
391 440 14 17 0.41291165 
967 242 10 13 0.39905703 
174 365 13 15 0.39813304 
374 229 8 11 0.39711696 
357 174 9 12 0.39445028 
127 433 13 18 0.39169174 
412 144 10 12 0.3868481 
644 438 22 26 0.36995003 
358 247 9 10 0.3595377 
231 293 8 12 0.3510922 
389 204 8 11 0.3369366 
150 313 10 14 0.3350213 
261 347 13 17 0.32967314 
928 333 13 17 0.32586077 
308 458 13 18 0.3257671 
309 371 13 17 0.32059485 
271 293 10 13 0.31943765 
67 391 11 14 0.31663758 
113 262 10 12 0.30697274 
214 343 14 18 0.2834604 
317 261 10 13 0.283377 
874 198 8 11 0.2821683 
54 311 9 13 0.2768002 
194 264 9 12 0.27457026 
407 198 8 10 0.26428786 
55 341 11 14 0.26170015 
429 238 8 11 0.2569563 
176 260 9 13 0.24132046 
183 238 8 10 0.2356746 
930 196 8 11 0.2344894 
336 199 8 10 0.2343067 
917 279 10 12 0.23317635 
295 262 8 10 0.232285 
910 202 7 9 0.23162343 
386 198 8 11 0.23113804 
200 306 10 13 0.22542219 
262 264 8 11 0.2230627 
897 414 18 23 0.2206824 
279 239 8 9 0.21984847 
816 189 10 11 0.21272075 
174 344 11 13 0.21097872 
757 452 22 32 0.20669915 
840 199 8 10 0.20244394 
143 331 9 12 0.20239234 
324 269 9 12 0.2005602 
221 341 13 17 0.20023596 
888 201 7 9 0.19807333 
385 176 8 10 0.1953148 
63 298 9 12 0.19333626 
224 224 8 10 0.19208099 
149 272 8 10 0.19108902 
936 213 10 13 0.1907214 
349 223 8 11 0.18944256 
270 286 9 12 0.18637566 
157 310 11 14 0.1854093 
270 260 9 11 0.18452397 
165 239 9 12 0.18346474 
812 531 34 38 0.18109961 
199 334 12 16 0.17916088 
225 294 10 12 0.17851095 
112 223 9 11 0.17722131 
201 356 10 13 0.1762581 
469 189 10 12 0.17515232 
354 246 8 11 0.17408696 
169 378 13 17 0.17334013 
183 396 11 15 0.17249559 
10 362 13 17 0.17161287 
838 428 11 16 0.17113666 
162 231 8 9 0.16895626 
46 381 11 14 0.16736177 
402 236 8 11 0.16726623 
874 205 9 12 0.16583095 
310 307 10 12 0.16486791 
411 284 9 12 0.1637711 
185 216 7 9 0.16352157 
228 333 12 16 0.15753283 
369 230 9 11 0.15479967 
453 222 10 12 0.15454283 
68 401 13 16 0.15363094 
405 231 10 13 0.151255 
193 287 8 10 0.1510136 
598 477 24 28 0.15079167 
1002 206 8 10 0.15034777 
830 200 9 12 0.14999992 
303 238 9 10 0.14818433 
965 284 11 14 0.14625871 
941 209 8 10 0.14581089 
109 239 10 12 0.14496721 
265 288 8 11 0.14493395 
852 269 13 15 0.14475794 
933 287 9 12 0.14404905 
141 353 13 16 0.14327139 
137 229 8 11 0.1417701 
303 330 12 17 0.1416334 
887 205 7 10 0.14162084 
377 193 8 10 0.14075828 
984 222 9 11 0.14068998 
809 192 9 11 0.13840835 
607 472 24 28 0.13744003 
129 302 9 12 0.13703208 
382 260 10 12 0.1367685 
944 271 9 12 0.13630371 
71 327 11 14 0.1346101 
360 297 8 10 0.13398428 
111 397 8 12 0.13385704 
807 197 11 13 0.13380705 
446 239 9 11 0.13346939 
240 619 53 45 0.13100208 
158 437 16 24 0.13039514 
257 269 8 11 0.13007009 
171 370 14 17 0.12797385 
367 239 8 11 0.12771837 
335 206 8 10 0.12630306 
182 254 9 11 0.12573385 
384 241 8 10 0.12484615 
402 192 7 10 0.124285564 
184 247 8 10 0.12342249 
51 380 12 14 0.122492455 
408 193 8 10 0.12128716 
344 396 9 13 0.12016593 
344 336 10 13 0.119534954 
61 402 12 17 0.119446434 
93 294 9 12 0.11920047 
294 285 10 12 0.11866874 
927 238 10 10 0.11864842 
212 412 13 17 0.11852834 
52 375 11 12 0.11764041 
145 294 9 11 0.1172704 
205 432 14 19 0.11665555 
385 256 9 12 0.11504115 
159 329 12 15 0.11466636 
854 199 9 11 0.11444059 
409 204 8 10 0.11384606 
254 302 11 13 0.11325376 
995 293 9 13 0.1130988 
297 210 9 10 0.11305958 
195 421 15 17 0.11293935 
77 342 11 15 0.1125885 
889 231 9 13 0.1121004 
238 239 7 10 0.1120638 
592 484 20 22 0.11160116 
342 200 8 9 0.11086281 
375 214 7 9 0.11046499 
110 303 9 11 0.1103565 
982 233 10 12 0.11031194 
161 239 9 12 0.109959766 
28 362 11 14 0.10950607 
353 206 9 10 0.10932037 
926 230 9 11 0.10845215 
103 280 8 11 0.10800088 
878 198 8 11 0.10744379 
201 232 7 10 0.10682555 
223 318 12 15 0.10633012 
271 207 9 10 0.10564253 
339 239 10 13 0.10481853 
699 398 16 23 0.104594015 
199 280 9 11 0.10400163 
938 207 8 11 0.1036365 
879 212 8 11 0.103504494 
311 206 8 10 0.1033397 
2 440 13 20 0.10320077 
54 300 9 12 0.10266471 
824 199 11 14 0.10182472 
73 345 10 14 0.10134549 
352 215 8 10 0.100851186 
160 362 13 17 0.10058162 
205 303 10 13 0.10044518 
106 303 8 10 0.10041463 
792 184 8 12 0.09993656 
289 222 8 11 0.0999045 
968 267 9 12 0.09986642 
451 365 14 17 0.099497385 
340 267 9 12 0.09816471 
255 223 8 11 0.097800694 
196 269 10 12 0.09732254 
962 284 9 12 0.09584587 
223 246 8 9 0.09566675 
54 322 12 14 0.09555029 
360 239 9 12 0.095159516 
227 324 13 17 0.09483702 
414 189 8 10 0.09453968 
263 225 7 10 0.09445548 
329 214 8 9 0.09432903 
54 404 13 16 0.09381854 
161 244 8 10 0.09294409 
815 236 11 15 0.0922063 
118 268 10 14 0.091718 
286 437 15 19 0.09154775 
886 214 8 11 0.09119655 
276 337 11 16 0.09096802 
291 434 14 19 0.0909004 
344 279 8 11 0.09080233 
29 383 10 12 0.09077401 
292 293 10 14 0.08972039 
408 173 7 10 0.089122646 
200 237 7 9 0.08904073 
232 239 7 10 0.08902121 
192 216 7 10 0.08870085 
87 341 11 15 0.08850356 
302 208 9 10 0.08844062 
383 192 8 10 0.08840679 
292 301 10 12 0.08822502 
216 323 10 13 0.08813074 
121 341 8 11 0.088021345 
25 358 9 12 0.08772963 
921 230 8 10 0.08726232 
944 287 10 12 0.08695237 
128 240 8 10 0.086619616 
311 201 9 10 0.08649674 
199 215 8 9 0.08592768 
182 451 16 18 0.08569934 
204 337 13 17 0.08546654 
350 228 8 11 0.0851867 
190 246 8 11 0.08515375 
904 204 9 11 0.08458711 
191 425 13 15 0.08443868 
375 371 13 14 0.08400652 
145 287 9 11 0.083861075 
129 246 8 10 0.08362658 
924 307 12 15 0.083454564 
631 448 21 29 0.08279318 
223 285 11 13 0.08218323 
934 219 9 12 0.08217003 
43 358 11 14 0.08191879 
73 374 11 13 0.08175696 
744 463 20 28 0.08136451 
272 332 10 16 0.08017101 
413 206 8 10 0.08010333 
301 431 13 17 0.07979364 
244 330 12 16 0.07947309 
137 224 8 10 0.0789557 
333 420 12 15 0.07883179 
846 458 14 19 0.07870317 
981 331 12 17 0.07824305 
967 303 8 11 0.078180596 
927 287 11 14 0.07787806 
449 220 10 12 0.07783835 
196 427 21 27 0.07735697 
230 352 12 18 0.077214606 
299 465 14 21 0.077057764 
382 390 14 19 0.076901846 
940 252 9 11 0.07689474 
205 416 15 18 0.07680044 
267 348 13 19 0.076431796 
327 192 8 11 0.07552541 
296 237 8 11 0.07538662 
184 233 8 10 0.07536765 
223 279 10 12 0.075279504 
365 182 7 9 0.07493039 
325 277 9 11 0.07453804 
206 348 12 17 0.074349515 
660 365 11 14 0.07410379 
151 300 9 11 0.073964536 
182 280 8 10 0.073727354 
975 333 12 16 0.073636465 
316 256 10 12 0.07343562 
432 167 7 9 0.07342884 
336 368 10 13 0.072574414 
272 281 9 11 0.07235099 
446 200 8 10 0.07167412 
711 410 16 20 0.07159649 
116 229 9 11 0.0709138 
150 262 7 10 0.07070849 
797 185 8 10 0.070481144 
173 357 14 17 0.070455566 
873 211 10 12 0.07034035 
462 198 10 11 0.070226535 
310 238 8 10 0.0700348 
181 302 11 14 0.06963102 
98 325 9 12 0.06957096 
272 213 8 10 0.069559164 
228 268 9 11 0.06924863 
856 264 11 14 0.06885208 
213 293 9 12 0.06877136 
966 232 8 10 0.06824721 
328 198 8 10 0.06811856 
977 323 12 14 0.06809924 
334 426 13 15 0.06800721 
287 186 7 9 0.0678582 
301 213 9 10 0.06781953 
389 255 9 11 0.06766671 
368 199 7 10 0.067513905 
848 205 9 11 0.06721777 
141 230 8 11 0.06708618 
147 355 12 15 0.06646575 
60 310 11 13 0.066390626 
57 297 8 11 0.0662144 
442 237 8 12 0.06608373 
129 295 8 10 0.06594021 
376 207 7 10 0.06587337 
273 199 9 11 0.06578862 
92 341 12 16 0.06566651 
392 149 7 9 0.065608576 
341 365 10 14 0.065390274 
330 208 8 9 0.0651081 
208 292 9 11 0.06499468 
249 255 8 10 0.064268485 
145 264 7 9 0.06423978 
134 247 9 10 0.064028785 
20 347 11 14 0.06372189 
378 363 14 17 0.063670404 
201 208 7 9 0.06367005 
87 364 9 13 0.06353534 
170 280 10 12 0.06344034 
916 322 12 16 0.06343954 
587 400 13 17 0.062938936 
210 432 16 21 0.062713616 
240 262 9 10 0.062696815 
840 202 9 12 0.06204443 
312 183 8 10 0.0619286 
169 343 9 13 0.061803393 
238 331 10 16 0.06175436 
298 357 12 15 0.06149063 
948 292 9 12 0.061467182 
308 434 12 15 0.061377957 
239 230 8 9 0.06103847 
303 308 12 13 0.060497317 
357 169 8 10 0.060459368 
295 340 12 15 0.060321774 
517 402 11 13 0.060276475 
439 168 7 9 0.059627015 
814 440 17 20 0.05953064 
407 379 13 15 0.05952163 
833 516 15 16 0.05943312 
49 309 10 13 0.059375785 
600 418 13 16 0.059049517 
918 237 11 13 0.059028033 
207 460 12 15 0.058896527 
404 197 7 10 0.0585047 
145 315 11 14 0.058472194 
148 332 11 14 0.058448162 
41 383 10 13 0.058401708 
293 471 17 22 0.0583387 
368 191 8 10 0.058319334 
228 344 13 19 0.058023237 
144 237 7 10 0.057952326 
277 300 9 12 0.057858482 
152 239 7 10 0.057562225 
334 214 7 10 0.057470128 
61 324 11 14 0.057352815 
991 270 9 11 0.05719097 
262 330 13 17 0.057006527 
358 206 8 11 0.05698788 
296 269 9 12 0.056644347 
320 246 10 11 0.056160472 
368 223 9 11 0.055987608 
415 185 8 10 0.0557776 
249 222 9 12 0.055665784 
176 330 12 16 0.055661354 
933 193 7 9 0.05558704 
999 223 10 12 0.05548025 
249 215 9 10 0.055343486 
303 231 8 11 0.055142887 
370 215 7 10 0.055137057 
135 286 8 11 0.055050313 
129 252 9 11 0.055043865 
296 232 8 10 0.054875333 
182 294 10 12 0.054683264 
992 200 6 8 0.05467011 
517 299 11 12 0.054493733 
424 215 8 10 0.054386124 
961 318 8 10 0.05431393 
410 147 8 11 0.054170795 
413 281 9 12 0.053941835 
294 308 11 12 0.053751484 
110 427 15 20 0.053704415 
188 326 10 14 0.053356007 
206 387 13 16 0.05332522 
223 215 7 9 0.053231977 
231 288 8 11 0.053226463 
847 199 8 11 0.053020716 
426 284 9 11 0.052810803 
277 279 9 11 0.052583262 
231 254 8 10 0.05247395 
254 277 8 10 0.05246226 
458 198 8 11 0.05220211 
919 269 12 13 0.052178938 
337 255 10 12 0.052001942 
191 330 11 15 0.05190276 
967 318 8 10 0.05179561 
814 229 11 15 0.051695388 
847 255 9 11 0.051672213 
862 213 10 12 0.051452316 
352 200 8 10 0.051312096 
59 318 11 13 0.051132407 
351 309 9 11 0.05102046 
119 274 10 12 0.05100461 
358 214 7 9 0.050843235 
928 222 9 12 0.05078302 
73 284 10 13 0.05073776 
238 286 10 11 0.050607033 
334 390 11 13 0.050531372 
933 309 9 13 0.050458338 
73 277 11 13 0.05036788 
54 335 12 14 0.050153516 
301 453 16 20 0.049893748 
445 426 13 18 0.049754787 
380 266 12 15 0.049643006 
308 337 13 17 0.04942699 
876 246 9 13 0.04937351 
873 326 10 12 0.049182408 
182 285 9 11 0.04914703 
179 341 11 14 0.04913008 
366 244 9 11 0.049009167 
213 287 9 12 0.04887551 
254 254 8 10 0.048742995 
849 273 11 15 0.04801816 
336 300 10 12 0.04778662 
133 264 9 11 0.04764759 
408 223 8 10 0.047621444 
116 433 17 20 0.04726849 
273 191 7 8 0.047152996 
152 206 7 10 0.047088467 
394 468 15 17 0.04695584 
936 247 9 12 0.046888433 
429 232 9 12 0.046822533 
374 224 9 11 0.046747092 
296 347 11 14 0.046713848 
408 169 7 9 0.04663459 
170 347 11 14 0.046583056 
915 283 9 12 0.046559993 
287 269 8 11 0.04655212 
449 270 10 13 0.046521313 
326 246 9 12 0.04645634 
225 240 8 10 0.0463299 
144 278 9 11 0.046169616 
812 194 12 15 0.046096303 
288 288 11 13 0.046072494 
916 314 14 17 0.046061177 
121 349 11 14 0.046048064 
327 418 12 15 0.04597995 
920 207 8 10 0.04597562 
233 207 8 9 0.045971856 
118 257 8 10 0.04563079 
935 270 9 11 0.04555622 
916 241 13 15 0.045523435 
176 222 7 9 0.045265663 
887 221 9 11 0.045119833 
112 392 8 11 0.045045737 
430 197 8 11 0.0450115 
136 333 10 12 0.044894524 
967 291 10 12 0.044648904 
305 199 9 10 0.044642325 
191 291 10 12 0.044621255 
280 190 8 9 0.044599377 
383 329 9 11 0.04459402 
87 336 9 12 0.0442632 
128 264 9 11 0.04418011 
14 317 8 11 0.043975826 
224 192 8 8 0.043919515 
175 267 9 11 0.043811493 
932 327 11 15 0.043811098 
249 277 9 11 0.043805744 
391 239 9 10 0.04372088 
434 362 13 17 0.04371147 
272 230 8 10 0.043667536 
381 356 12 14 0.043652862 
216 277 8 11 0.043560054 
764 445 14 18 0.04352566 
958 254 9 12 0.043382905 
993 288 10 12 0.04332721 
343 319 9 12 0.043312736 
855 193 7 9 0.04329144 
992 216 7 9 0.043167766 
111 319 9 12 0.043156967 
685 485 13 15 0.04309345 
385 168 7 9 0.043089874 
895 205 8 10 0.04301379 
368 206 7 10 0.042975493 
976 243 9 12 0.042909186 
373 432 14 16 0.042743575 
985 200 7 8 0.04260017 
896 348 13 18 0.04256553 
384 150 7 9 0.042556103 
349 280 8 11 0.042514175 
216 255 7 10 0.042507693 
453 376 15 19 0.042487994 
359 199 8 11 0.042403653 
164 325 10 15 0.04239084 
143 245 7 10 0.042367965 
217 224 7 10 0.042252187 
76 333 10 12 0.04220018 
855 300 11 15 0.042111263 
414 360 16 17 0.04210234 
603 356 13 15 0.041965026 
423 190 7 10 0.04176694 
206 231 8 10 0.041597243 
60 333 12 14 0.04151045 
374 159 7 9 0.04145964 
917 290 13 15 0.04139045 
281 408 15 17 0.04130164 
218 435 14 19 0.041133493 
22 362 12 16 0.041038044 
407 357 11 13 0.041034717 
164 359 12 15 0.041025743 
130 289 8 10 0.040998843 
185 220 7 10 0.040983655 
290 216 8 10 0.04089856 
314 376 14 17 0.04084209 
127 348 10 14 0.040827014 
271 223 8 10 0.04081774 
963 244 8 12 0.040816285 
177 293 10 12 0.040739253 
646 258 14 17 0.040719695 
264 246 7 9 0.0406307 
106 242 11 14 0.04057915 
116 395 10 13 0.04057295 
0 645 9 15 0.040567808 
77 310 10 13 0.04052025 
112 216 8 11 0.04038262 
873 194 8 10 0.0403122 
274 238 8 10 0.04031165 
304 224 7 9 0.040252898 
839 194 8 10 0.040019542 
973 262 9 12 0.039976157 
597 570 15 20 0.039900765 
94 267 9 13 0.039861854 
264 279 9 11 0.039861508 
62 383 12 14 0.039839275 
257 190 8 9 0.039622143 
426 167 8 10 0.03955422 
360 231 9 11 0.039531354 
280 245 8 9 0.039451644 
390 356 12 14 0.03944978 
87 301 9 11 0.039372053 
89 268 9 12 0.03909448 
48 348 10 13 0.038972322 
79 396 12 16 0.03896123 
274 632 40 45 0.03893289 
87 427 13 17 0.03873524 
377 152 6 7 0.03872111 
208 269 10 12 0.038540855 
336 333 9 11 0.038272392 
1000 200 7 9 0.038128663 
927 277 9 11 0.03796104 
374 378 12 14 0.03784613 
960 222 9 11 0.037533976 
961 228 9 13 0.037503876 
966 310 9 11 0.037379164 
443 142 8 11 0.037374943 
312 189 8 10 0.037334163 
375 197 8 10 0.037328668 
353 168 8 10 0.03722232 
318 184 7 9 0.03716563 
422 184 8 10 0.03713746 
177 240 8 10 0.037125133 
125 268 10 12 0.03710707 
934 276 11 13 0.037019365 
283 425 16 20 0.037014842 
904 237 8 12 0.036986556 
216 199 7 8 0.03693467 
326 381 11 13 0.036925733 
70 301 9 11 0.0368603 
102 295 9 11 0.03676277 
294 330 14 18 0.036754373 
457 173 9 13 0.036754195 
391 167 7 9 0.036680635 
929 215 9 11 0.036644123 
68 380 14 17 0.036644004 
920 255 11 13 0.036611453 
1012 369 13 20 0.03659845 
891 398 16 21 0.036531046 
7 383 10 14 0.0365203 
375 246 8 11 0.036498208 
389 180 8 11 0.03643903 
300 336 14 18 0.03634198 
336 394 11 14 0.036245547 
229 311 10 13 0.03621177 
263 190 7 9 0.036156 
276 285 9 12 0.036116272 
375 237 9 11 0.03611325 
168 215 6 8 0.036079373 
622 266 13 17 0.03606141 
957 356 12 15 0.035951313 
324 264 10 12 0.035889883 
736 438 11 14 0.035887428 
86 359 10 12 0.035861615 
587 457 22 26 0.035828505 
78 302 10 13 0.035804924 
95 331 11 15 0.03575167 
247 262 8 10 0.035725664 
918 302 14 17 0.03569209 
104 308 10 11 0.035587385 
249 271 8 11 0.035473537 
857 228 11 14 0.035441153 
854 254 9 13 0.035420746 
231 191 7 9 0.035376884 
987 333 11 15 0.035371564 
0 388 10 17 0.035359208 
102 267 10 14 0.035113405 
304 256 9 11 0.035096407 
715 482 14 18 0.035016604 
240 270 9 11 0.03496508 
579 582 10 14 0.034863494 
113 257 9 11 0.034843024 
217 229 7 10 0.0347601 
255 247 8 11 0.03460744 
78 316 10 12 0.034586135 
342 401 10 14 0.034584213 
290 445 23 25 0.034530662 
207 466 14 17 0.03450133 
301 314 13 15 0.03449441 
272 248 7 8 0.034385473 
237 292 9 12 0.034342144 
869 224 11 14 0.034338545 
49 342 10 14 0.034146424 
38 435 12 17 0.034114044 
185 210 7 8 0.03411323 
162 225 6 9 0.03407799 
327 167 7 10 0.03402529 
398 357 9 13 0.034017827 
400 150 7 9 0.03400398 
132 306 11 15 0.034002144 
399 286 7 10 0.033992704 
892 235 10 14 0.0339854 
287 245 8 11 0.033948984 
390 246 9 10 0.033914957 
198 247 8 10 0.03389266 
911 244 11 13 0.0338779 
171 384 13 18 0.033839233 
229 224 8 10 0.033753015 
406 418 13 17 0.03371561 
239 214 8 10 0.033705845 
492 405 12 14 0.03364873 
334 193 8 10 0.033624705 
369 159 8 9 0.033446454 
49 303 9 12 0.03343389 
285 522 38 47 0.03343295 
489 272 15 18 0.033332076 
306 277 10 13 0.03320181 
151 256 7 10 0.033195972 
820 229 9 14 0.033040214 
393 231 9 11 0.032965235 
945 229 9 12 0.03295538 
290 263 8 12 0.032894243 
328 230 8 10 0.03273296 
587 471 23 27 0.032673698 
224 255 8 11 0.032636303 
987 398 16 23 0.032572918 
769 463 14 21 0.03253524 
959 332 9 12 0.03252711 
970 284 12 15 0.032487687 
49 315 12 14 0.03247829 
341 357 11 15 0.032462396 
933 316 10 11 0.0323349 
893 262 11 13 0.032280993 
162 446 14 20 0.03219899 
366 177 7 10 0.032184787 
177 246 7 10 0.032155372 
904 246 9 12 0.032128807 
999 263 8 11 0.03203445 
932 238 8 11 0.032020185 
218 214 7 10 0.032010708 
342 205 8 10 0.031981654 
999 211 9 12 0.031967632 
102 319 10 12 0.031958666 
176 305 11 15 0.031951763 
213 300 10 13 0.031946395 
109 401 10 14 0.031853884 
855 213 10 13 0.03184405 
668 526 24 34 0.031834193 
839 222 9 13 0.031831868 
277 254 9 12 0.03181018 
213 451 13 17 0.031730633 
215 263 8 11 0.031718597 
102 397 11 14 0.03167605 
429 334 9 12 0.031570897 
237 206 9 10 0.03154764 
217 207 7 9 0.031527266 
198 414 14 18 0.031524602 
1005 352 14 19 0.0315214 
949 277 9 11 0.031487294 
354 303 9 11 0.03148498 
864 226 17 21 0.031377494 
343 230 9 12 0.031374488 
328 222 8 10 0.031329386 
754 446 18 20 0.03131542 
318 206 7 9 0.03128543 
240 278 10 12 0.031243538 
369 143 8 9 0.031224731 
399 327 10 12 0.0311883 
42 310 10 13 0.031157838 
282 186 7 8 0.030956987 
1000 377 21 33 0.03093824 
143 360 12 15 0.030921271 
909 252 11 15 0.030857697 
119 244 9 11 0.030845648 
118 302 9 11 0.030811284 
319 239 8 10 0.030753857 
279 443 13 16 0.030669263 
251 323 13 16 0.03065858 
827 510 25 28 0.030652778 
888 262 10 12 0.030641947 
148 324 13 16 0.030630069 
215 407 12 16 0.030598395 
961 303 10 12 0.030589 
431 159 7 10 0.030580586 
334 222 9 10 0.030564535 
425 158 8 10 0.03050552 
425 243 9 11 0.030505395 
460 221 10 14 0.030491715 
282 270 8 11 0.03048727 
156 324 19 24 0.030447917 
327 285 9 11 0.030432811 
663 359 11 15 0.030418547 
311 214 8 8 0.03026413 
931 261 11 13 0.030249266 
317 334 10 13 0.030238766 
763 468 16 24 0.03022727 
333 404 14 16 0.030207697 
853 221 11 14 0.030165903 
557 425 13 17 0.030123955 
102 365 13 15 0.030117359 
492 262 11 12 0.030105814 
352 168 17 24 0.030083288 
97 256 8 11 0.030066757 
926 205 8 11 0.030038921 
453 255 9 11 0.030003611 
336 174 7 10 0.029947056 
925 363 10 14 0.029892521 
309 442 14 19 0.029885665 
110 277 9 12 0.029757904 
68 295 10 12 0.029724633 
902 259 12 15 0.029683864 
174 456 15 19 0.02966421 
85 453 11 13 0.029602896 
214 270 8 10 0.02953857 
614 265 14 17 0.029530747 
347 394 12 16 0.029446097 
191 306 12 15 0.029414892 
345 311 9 12 0.029396875 
383 213 8 10 0.029315421 
177 320 19 22 0.029281728 
202 439 16 22 0.029245093 
252 331 13 17 0.029215427 
210 262 9 11 0.029129354 
153 232 6 9 0.029123476 
102 261 9 13 0.029101087 
199 222 8 10 0.028991811 
951 355 11 15 0.02887242 
841 238 8 12 0.028808191 
152 245 7 9 0.028754704 
503 223 49 61 0.028754074 
406 319 8 11 0.028745787 
922 257 19 22 0.028742872 
376 328 9 11 0.028706534 
304 244 9 11 0.028610999 
785 188 11 14 0.02856648 
294 221 8 11 0.028524907 
134 294 8 10 0.028470276 
961 270 8 10 0.028444221 
820 185 9 11 0.028443398 
443 361 20 29 0.028434517 
402 174 8 10 0.028312972 
334 383 9 11 0.028303923 
963 238 9 13 0.02827469 
8 347 13 16 0.0281704 
470 219 13 15 0.028089363 
336 326 8 11 0.027817879 
1005 224 9 11 0.027742673 
404 327 10 11 0.02773673 
314 366 13 17 0.027734775 
430 243 9 11 0.02767479 
984 269 10 13 0.027637258 
119 309 9 12 0.027617527 
889 277 10 13 0.027525827 
439 172 7 9 0.027469117 
351 191 9 10 0.027462652 
358 150 7 9 0.027235592 
441 184 9 11 0.02720179 
112 209 7 9 0.0271902 
29 555 17 19 0.02711992 
651 265 17 22 0.02699168 
991 222 8 11 0.026860256 
75 377 13 18 0.026842415 
620 452 24 32 0.026809268 
320 231 8 9 0.026808754 
137 281 8 10 0.026794447 
96 311 9 11 0.026784379 
115 421 15 20 0.026739042 
240 223 9 11 0.026726902 
854 284 11 13 0.026720205 
97 278 8 11 0.02671198 
232 246 7 10 0.026699046 
326 294 9 11 0.02666674 
424 152 9 10 0.026585573 
401 205 8 11 0.026553417 
96 319 10 12 0.02653672 
137 327 10 13 0.026536403 
195 327 14 16 0.026526738 
467 445 12 14 0.026466584 
981 261 9 11 0.02646502 
279 365 11 15 0.02646069 
841 244 8 11 0.02642344 
231 230 7 9 0.026377842 
28 325 9 12 0.02635898 
942 222 10 11 0.026300116 
167 224 7 9 0.026264902 
736 468 14 23 0.026241845 
390 191 7 10 0.026209308 
354 151 7 9 0.026172675 
195 280 19 23 0.026154635 
871 331 11 13 0.026152134 
63 418 12 15 0.026135683 
359 264 8 11 0.026125235 
301 363 13 18 0.02610285 
13 389 9 13 0.026098534 
959 216 8 11 0.026057864 
976 256 8 10 0.026051776 
408 138 18 23 0.025970018 
353 295 8 11 0.025969494 
41 382 20 24 0.025964495 
932 229 9 12 0.02592213 
426 197 8 10 0.025914228 
335 285 10 11 0.025891736 
820 252 9 12 0.025889752 
191 232 8 9 0.025872894 
755 470 17 21 0.025808532 
650 252 17 20 0.025722183 
876 230 9 12 0.02569111 
206 326 12 15 0.02568316 
397 351 9 12 0.025665035 
255 199 8 10 0.025653271 
187 389 14 18 0.025629032 
959 261 9 12 0.025585944 
86 309 8 12 0.025571583 
538 467 17 20 0.025565999 
308 255 18 22 0.025516087 
112 296 9 11 0.02550588 
345 160 7 9 0.025493234 
238 255 8 11 0.025489964 
28 370 12 16 0.025450768 
943 326 11 14 0.025433134 
254 207 8 10 0.025395581 
320 190 8 10 0.025363509 
949 229 10 13 0.025334869 
410 182 8 11 0.025324112 
467 193 13 14 0.025313387 
442 199 9 11 0.025252834 
253 453 12 17 0.025243709 
460 350 11 14 0.025221342 
999 192 8 10 0.0251403 
272 186 6 7 0.025107803 
480 184 64 78 0.025046883 
352 252 9 11 0.025036128 
402 145 7 9 0.025003018 
350 159 7 9 0.024972359 
244 617 19 25 0.024963086 
848 221 10 14 0.024948047 
381 453 12 15 0.02493251 
53 386 12 16 0.024917167 
819 244 10 13 0.024868773 
399 159 8 10 0.024805747 
968 253 9 11 0.024705581 
206 207 7 9 0.024657875 
128 335 8 11 0.02464899 
80 453 11 14 0.024607137 
450 426 14 20 0.024599561 
135 237 9 11 0.024568813 
408 361 13 16 0.02456568 
28 347 12 16 0.024502061 
376 255 8 10 0.02448279 
304 191 8 9 0.024473429 
794 469 19 21 0.02446704 
250 247 8 11 0.024420716 
344 164 7 9 0.024416877 
255 351 13 17 0.024348862 
352 240 8 11 0.024311882 
596 653 13 18 0.024228763 
328 174 7 9 0.02421129 
384 145 8 9 0.024192791 
53 367 12 13 0.024153085 
407 369 21 25 0.024138793 
307 396 14 19 0.024133427 
326 371 11 14 0.024101345 
255 240 9 9 0.024009377 
298 272 18 23 0.024006533 
410 537 22 31 0.023986062 
144 255 9 10 0.023984741 
972 290 11 14 0.02398434 
238 245 8 10 0.0239084 
248 228 8 9 0.023872856 
1015 244 9 13 0.023745274 
222 257 18 24 0.023730973 
254 341 14 18 0.023719022 
595 661 16 18 0.02371133 
431 192 8 10 0.023577726 
451 276 11 13 0.023559704 
811 223 13 15 0.023535484 
96 286 9 13 0.023505697 
124 421 13 19 0.023455558 
72 310 10 12 0.023441536 
278 232 8 10 0.023432843 
344 216 9 10 0.023371821 
926 356 12 15 0.02336269 
902 295 12 14 0.023354607 
1000 237 8 11 0.023331117 
60 277 10 13 0.023305997 
67 410 13 16 0.023300465 
80 368 10 12 0.023293959 
278 261 9 12 0.023258748 
440 232 10 12 0.02324825 
49 313 19 24 0.02320944 
725 402 12 19 0.02316834 
265 255 7 10 0.02313892 
382 437 12 14 0.023113744 
257 286 8 12 0.02301194 
455 356 13 16 0.023002576 
914 416 14 20 0.023002295 
408 159 8 9 0.022981213 
880 407 20 27 0.0229743 
320 200 8 10 0.022961758 
192 339 11 15 0.022959609 
93 365 10 13 0.022952676 
993 298 10 14 0.022944428 
763 437 13 15 0.022900006 
329 238 8 11 0.022879092 
279 308 10 13 0.022877365 
192 278 9 11 0.022872942 
603 424 17 18 0.022858761 
264 186 7 9 0.022837726 
869 345 13 16 0.02280982 
10 334 11 16 0.022801282 
910 222 9 11 0.022799633 
950 263 9 12 0.0227645 
295 544 18 23 0.022763578 
159 339 11 14 0.022751054 
811 184 19 23 0.022729637 
433 172 7 9 0.022636382 
163 317 11 15 0.022585528 
0 382 9 15 0.02257773 
117 414 12 14 0.022496678 
368 326 9 12 0.022478376 
429 151 8 11 0.022468071 
403 444 11 13 0.022447016 
893 492 25 29 0.022394411 
871 279 9 11 0.022336077 
278 417 16 21 0.022331327 
878 193 7 9 0.022289803 
943 263 10 13 0.022225766 
978 232 19 23 0.02222115 
991 389 20 30 0.022208555 
29 338 12 17 0.022199294 
338 421 12 16 0.022189928 
333 233 19 23 0.022012264 
716 395 15 21 0.022008564 
375 144 6 8 0.021990128 
293 316 13 15 0.021988703 
517 309 12 15 0.02196602 
305 183 7 9 0.02195 
160 215 7 9 0.021920573 
306 408 15 21 0.02190267 
24 351 18 25 0.02188281 
247 294 9 12 0.021875788 
392 284 9 10 0.021831283 
415 159 8 9 0.021825166 
118 239 9 12 0.02180448 
844 237 11 14 0.021804247 
903 231 9 12 0.021755524 
643 666 15 14 0.021749647 
339 433 11 14 0.021728782 
86 371 11 14 0.021703832 
238 201 9 10 0.021631142 
248 207 9 10 0.021607025 
311 344 11 16 0.021577457 
119 316 10 13 0.02155127 
400 167 7 10 0.02150861 
177 216 7 9 0.021476557 
323 342 13 15 0.021463895 
317 144 9 11 0.021458909 
382 223 8 10 0.02143742 
377 175 7 9 0.02143619 
976 231 11 12 0.021407612 
256 185 8 10 0.021401955 
911 331 11 14 0.021400262 
703 517 13 14 0.021398293 
500 405 10 12 0.02132871 
376 167 7 9 0.021300169 
920 211 9 12 0.021299623 
422 355 25 27 0.021298917 
253 317 12 15 0.02127305 
636 441 18 23 0.021268653 
881 311 9 12 0.021263482 
289 229 8 10 0.021257479 
318 339 12 17 0.02123902 
606 268 14 16 0.021233384 
351 262 10 12 0.021228313 
143 214 8 9 0.021199545 
452 237 10 13 0.021136878 
990 275 10 12 0.02113542 
67 428 12 15 0.02112353 
179 370 12 17 0.02102424 
961 328 8 11 0.02100717 
23 387 12 14 0.0209992 
343 192 8 9 0.02095452 
71 317 10 13 0.020895785 
462 204 11 13 0.02089034 
328 387 11 15 0.020888593 
996 316 11 14 0.0208649 
966 326 9 12 0.02085571 
145 208 7 10 0.020854238 
141 224 8 9 0.020854108 
48 323 11 14 0.020822527 
313 452 15 21 0.020806355 
998 268 9 11 0.020796424 
842 253 9 13 0.02078466 
914 308 11 14 0.020727199 
786 183 9 12 0.020690339 
474 411 16 18 0.020680178 
409 213 8 11 0.020672983 
69 341 20 24 0.020660363 
972 301 10 13 0.020540353 
861 412 14 17 0.020535862 
401 320 9 12 0.0205223 
223 208 7 9 0.0205096 
452 262 10 13 0.020492928 
103 389 11 14 0.020466847 
942 309 10 13 0.020433955 
446 227 12 15 0.020408936 
414 137 9 10 0.020357523 
36 339 11 14 0.020347428 
365 294 8 11 0.020339033 
270 359 13 19 0.020338612 
100 451 15 18 0.020321056 
464 182 10 13 0.020305844 
697 509 25 29 0.020292612 
473 263 9 11 0.020286078 
702 482 26 26 0.020277314 
175 320 13 15 0.020269826 
650 538 30 29 0.02025329 
388 268 12 16 0.020246837 
342 294 9 12 0.020215662 
217 192 7 9 0.020209748 
360 189 8 10 0.020185428 
78 272 9 12 0.020163981 
308 327 12 16 0.0201504 
54 335 18 23 0.020116862 
388 447 16 18 0.020110838 
393 160 7 10 0.020098582 
1015 221 8 11 0.020096865 
377 393 13 17 0.020088894 
