5_Car_Accident_Car_Crash_5_279
61
339 6 33 36 0.98998547 
663 349 28 39 0.55503285 
967 444 13 15 0.1289749 
267 505 89 117 0.11078375 
249 18 24 30 0.08619757 
170 262 85 109 0.074549265 
210 251 94 106 0.07274207 
104 185 34 51 0.071505256 
2 340 13 18 0.055240136 
718 251 14 19 0.05101277 
701 254 37 51 0.049787614 
659 322 15 21 0.049418733 
717 248 25 30 0.047117125 
468 407 54 74 0.03926082 
463 138 110 136 0.03913922 
408 161 67 79 0.039018948 
319 32 10 12 0.038696975 
234 284 96 108 0.038160507 
994 470 27 45 0.03790983 
667 368 20 28 0.03659405 
790 357 15 15 0.036026713 
963 438 22 27 0.034693863 
19 278 64 69 0.032652885 
748 316 11 14 0.03241039 
346 32 19 23 0.03233663 
655 331 30 37 0.032286596 
534 76 13 15 0.031157758 
105 176 58 75 0.030988296 
708 266 16 21 0.030428587 
767 304 55 60 0.02914511 
171 646 25 35 0.029143922 
11 242 26 34 0.028951285 
775 360 33 38 0.028521325 
54 191 31 38 0.027773252 
438 154 176 207 0.026817076 
763 342 52 63 0.026715409 
260 268 67 77 0.026647177 
235 434 37 39 0.025992077 
420 135 107 124 0.025863985 
716 301 48 66 0.024865245 
620 209 31 34 0.024526212 
645 313 25 34 0.02430569 
0 335 22 31 0.024211248 
728 382 11 14 0.024197811 
285 107 18 20 0.024151275 
92 146 96 124 0.023943484 
729 250 15 18 0.023896426 
710 268 49 66 0.023029603 
915 477 29 38 0.022724587 
740 414 15 16 0.022449244 
882 389 51 65 0.022424929 
696 268 27 34 0.022318771 
793 362 15 17 0.022308141 
734 291 49 62 0.022052215 
659 336 16 21 0.021812832 
176 649 10 16 0.021605795 
152 152 103 125 0.021337451 
469 367 93 98 0.021269487 
683 271 26 32 0.021066405 
672 346 19 26 0.020388888 
176 248 59 78 0.020254938 
