5_Car_Accident_Accident_5_641
71
92 266 30 34 0.95452195 
183 236 14 18 0.13323087 
837 95 20 28 0.094696626 
625 157 18 22 0.091867514 
304 246 9 12 0.09032861 
838 240 121 152 0.07960785 
143 235 11 13 0.07558474 
502 144 26 31 0.06914509 
29 316 43 46 0.068400875 
938 152 17 21 0.065745376 
950 182 12 14 0.060141698 
845 95 16 20 0.05705077 
560 147 33 39 0.055780284 
699 416 16 18 0.050520547 
579 198 14 17 0.04948588 
290 277 15 18 0.047184646 
45 312 33 35 0.0461947 
822 82 13 17 0.045287736 
800 108 11 15 0.04491994 
-2 435 131 137 0.04329968 
492 406 14 17 0.040953998 
100 243 11 13 0.040807325 
556 206 10 12 0.04064875 
105 264 23 28 0.03700994 
354 348 37 49 0.035977002 
605 346 14 18 0.034481723 
764 177 184 208 0.034171507 
629 279 11 14 0.033686213 
632 154 15 19 0.032330845 
1013 153 10 17 0.030619545 
863 97 12 17 0.03038902 
804 105 15 19 0.03006425 
116 260 15 19 0.029804584 
735 404 13 15 0.028900223 
206 253 11 14 0.027476653 
616 292 11 14 0.027141334 
956 176 11 13 0.02657614 
835 83 15 19 0.026040554 
941 404 12 14 0.024990689 
146 245 28 34 0.024769047 
171 241 14 18 0.024447212 
199 251 11 14 0.024443537 
529 315 13 16 0.024439275 
195 243 13 16 0.024219587 
158 241 24 30 0.024161078 
722 421 14 17 0.024010492 
621 181 14 18 0.023571094 
308 250 11 14 0.023274641 
185 232 21 26 0.022886343 
92 262 18 22 0.022698164 
907 389 22 27 0.02261172 
176 246 24 35 0.02225203 
693 130 24 29 0.022122912 
625 278 10 13 0.021979833 
394 266 12 16 0.021965453 
173 234 21 26 0.02188137 
618 166 27 33 0.0217848 
325 277 14 16 0.021642132 
853 112 13 16 0.021478783 
780 107 13 15 0.02127725 
832 208 54 66 0.021163747 
95 239 11 14 0.02112188 
799 219 13 18 0.021050805 
446 396 9 11 0.02096333 
825 87 22 31 0.020927591 
1005 198 13 16 0.02082713 
496 272 27 31 0.020704266 
494 391 45 49 0.020443311 
816 91 11 16 0.020303413 
606 321 12 14 0.020131348 
615 142 42 48 0.020068645 
