5_Car_Accident_Accident_5_937
63
882 0 34 33 0.23462743 
749 0 32 28 0.2160217 
492 106 20 24 0.20720312 
153 0 9 11 0.15205136 
499 348 12 14 0.11563834 
651 44 17 22 0.10535338 
408 0 26 31 0.09525943 
594 106 14 19 0.0922886 
490 353 25 30 0.087125555 
663 208 11 15 0.0831456 
538 48 16 20 0.07802834 
644 594 32 29 0.07537973 
514 48 17 21 0.069032356 
171 16 29 34 0.062875494 
111 63 8 10 0.061730497 
175 5 10 12 0.05574332 
507 347 12 15 0.045635328 
573 105 13 16 0.045314662 
156 7 27 33 0.04325666 
352 0 11 11 0.04251668 
155 3 14 17 0.041260574 
175 1 9 9 0.041125428 
589 85 11 13 0.039973274 
589 207 9 13 0.037274808 
648 3 24 28 0.037024826 
356 4 10 12 0.036658235 
199 0 12 11 0.034540743 
357 14 9 12 0.034386687 
751 -4 50 47 0.033429902 
689 -1 18 16 0.03323995 
494 343 14 17 0.032648746 
126 71 11 14 0.03136627 
732 131 40 48 0.029515479 
688 51 16 21 0.029079452 
488 356 14 18 0.028871695 
122 71 21 28 0.028631445 
541 -1 17 15 0.028593816 
435 389 25 34 0.028198974 
453 102 15 19 0.027708098 
624 462 11 14 0.02739573 
133 80 16 20 0.027172837 
503 401 23 30 0.02668919 
503 13 26 31 0.026239153 
126 51 11 13 0.024923913 
642 410 10 13 0.02475142 
884 6 20 23 0.02447798 
682 99 27 36 0.024367202 
404 403 33 34 0.023509732 
937 97 26 32 0.023392789 
105 64 10 11 0.023287758 
149 1 24 31 0.022970606 
105 69 9 12 0.022843862 
781 10 31 32 0.022545688 
389 119 10 13 0.022320747 
0 108 10 16 0.022261132 
500 50 13 15 0.021967221 
839 -13 167 229 0.021692924 
502 454 60 67 0.021663353 
17 15 207 256 0.021056157 
507 397 14 17 0.020383855 
671 63 11 15 0.020129643 
426 5 13 17 0.020051796 
190 3 12 12 0.020006971 
