5_Car_Accident_Accident_5_244
97
839 202 26 37 0.981605 
648 204 21 29 0.9803728 
997 183 27 67 0.93676096 
799 194 20 27 0.93298304 
468 301 28 30 0.90435296 
707 186 20 27 0.88890076 
918 186 16 28 0.84954315 
490 210 22 26 0.68507886 
636 313 41 43 0.6109408 
569 186 16 21 0.5187284 
507 206 17 22 0.43492693 
487 586 58 53 0.3212176 
762 208 15 20 0.27758116 
597 192 23 27 0.26718795 
856 205 32 34 0.19919941 
722 187 16 23 0.18171655 
914 219 15 22 0.1811449 
622 315 34 43 0.1786417 
572 190 21 28 0.16252583 
247 277 37 46 0.13832508 
612 185 16 25 0.12761188 
765 200 21 27 0.11935474 
765 219 27 34 0.11906194 
546 289 17 25 0.11768879 
477 557 65 54 0.1054666 
491 222 17 19 0.10390085 
894 201 16 24 0.096360765 
962 201 34 50 0.07509476 
461 304 21 23 0.07243384 
148 0 16 14 0.061001748 
878 206 23 30 0.060660165 
663 206 18 23 0.06026207 
221 301 25 38 0.056379214 
628 183 15 21 0.05316299 
21 199 11 12 0.044418436 
413 338 47 53 0.04381739 
834 185 21 33 0.042455535 
978 103 13 18 0.041504193 
265 276 15 21 0.039637808 
710 214 15 20 0.03956165 
479 290 25 36 0.038434014 
472 266 12 14 0.037704863 
41 124 11 13 0.037015967 
750 203 12 17 0.036549404 
151 325 97 134 0.034096345 
897 194 16 24 0.033938058 
586 187 26 31 0.03371219 
614 300 27 43 0.033575192 
764 215 15 22 0.031736005 
179 205 11 14 0.03165966 
489 579 91 82 0.03145911 
594 547 65 62 0.031366136 
233 298 45 49 0.030530151 
28 205 11 14 0.030225795 
556 214 21 28 0.029280527 
756 196 13 17 0.029215556 
69 195 43 61 0.029011728 
494 221 26 31 0.028592903 
59 119 15 20 0.028225774 
509 225 15 16 0.028073147 
956 195 27 44 0.027743138 
141 180 52 70 0.027719405 
567 199 22 31 0.027240423 
499 206 18 23 0.027204208 
702 10 35 42 0.026984662 
751 198 10 14 0.026973039 
755 186 14 18 0.02655566 
970 107 9 13 0.026539866 
264 272 11 15 0.026539564 
758 222 43 59 0.026184876 
884 193 22 34 0.025450563 
740 200 15 19 0.025427533 
940 100 12 15 0.025368152 
893 141 10 13 0.02535779 
537 294 30 40 0.025191413 
340 365 441 463 0.025144175 
229 232 13 18 0.025041372 
775 200 17 21 0.02455072 
937 187 15 20 0.02431766 
552 219 12 17 0.024020778 
486 551 40 34 0.023932192 
621 182 12 19 0.023887875 
643 185 15 19 0.02373901 
655 303 32 47 0.023054894 
176 175 10 12 0.022801884 
493 231 14 17 0.0227755 
499 540 67 49 0.022687912 
667 187 15 18 0.022107238 
767 225 15 22 0.021975027 
635 186 15 19 0.021807022 
927 189 18 23 0.021720134 
714 209 17 22 0.02139476 
841 195 18 28 0.021332074 
746 199 203 231 0.020767203 
232 284 29 39 0.020648612 
515 232 15 18 0.020505212 
512 173 10 13 0.020474788 
