1_Handshaking_Handshaking_1_579
1015
623 234 27 35 0.9996063 
586 250 27 36 0.9995265 
649 278 31 41 0.9994154 
78 363 30 33 0.9984738 
146 313 30 41 0.99829286 
942 426 34 46 0.9982822 
169 283 26 29 0.9980235 
497 405 34 46 0.99745756 
530 313 27 33 0.9973023 
635 195 24 31 0.9970349 
750 305 28 34 0.9967397 
383 279 24 31 0.9965838 
676 364 33 42 0.9964812 
583 319 34 41 0.9962082 
777 354 28 38 0.9957015 
469 349 28 37 0.9951556 
882 272 30 39 0.9949202 
892 173 24 31 0.99281 
860 257 24 33 0.99225277 
272 215 25 32 0.991577 
307 258 22 28 0.9908103 
531 195 21 28 0.98860383 
530 239 19 25 0.98706776 
789 410 33 42 0.986072 
237 195 24 31 0.9859584 
595 419 34 42 0.984064 
396 381 32 39 0.98309636 
499 202 18 23 0.9829642 
440 309 24 33 0.9821552 
859 343 33 43 0.98127455 
908 147 18 23 0.97887796 
443 132 14 18 0.9776219 
243 147 18 23 0.9772167 
644 170 18 22 0.9746115 
736 144 17 21 0.9739943 
1004 230 20 32 0.96808696 
647 126 14 17 0.96792936 
378 177 17 22 0.965638 
33 162 19 23 0.9646519 
88 211 21 27 0.9643091 
886 143 17 21 0.96377623 
798 137 14 19 0.96219563 
587 205 20 25 0.96030843 
265 145 16 20 0.95858103 
494 285 23 29 0.95789504 
35 116 15 20 0.95394945 
485 160 19 21 0.9535537 
131 152 20 24 0.9529543 
174 244 21 25 0.9497683 
150 205 22 27 0.94936293 
126 129 16 21 0.94312495 
799 219 26 31 0.93927115 
303 77 10 13 0.93109137 
780 203 15 22 0.93047976 
522 129 15 19 0.92941797 
27 204 22 29 0.9278226 
5 259 18 24 0.92655087 
839 138 16 21 0.9261548 
564 142 14 17 0.9229067 
387 75 13 16 0.9211081 
949 160 16 22 0.91518474 
874 235 24 32 0.9122511 
180 313 29 35 0.9115886 
765 152 14 21 0.91022646 
615 98 11 15 0.90958416 
1006 135 17 23 0.8990146 
741 188 22 28 0.89891124 
220 181 18 23 0.8987656 
729 111 14 18 0.8921646 
418 333 29 37 0.89055455 
73 188 19 24 0.88915974 
568 187 19 24 0.8823524 
927 107 13 16 0.87752414 
277 308 23 27 0.8746965 
678 94 12 16 0.87287784 
830 242 22 27 0.86856717 
465 226 17 21 0.86727965 
310 153 14 18 0.86676574 
475 134 12 16 0.8629493 
977 191 21 25 0.86046076 
721 160 17 21 0.8587158 
827 111 14 18 0.8582757 
510 117 12 15 0.85488164 
121 254 21 25 0.8289374 
622 119 12 16 0.82418835 
256 395 23 29 0.81879985 
574 77 12 15 0.8177515 
990 105 11 16 0.79651594 
425 99 11 14 0.7954429 
838 513 23 39 0.793858 
961 109 14 17 0.78751135 
303 102 10 13 0.76602304 
145 86 11 14 0.7620003 
200 231 19 25 0.7577835 
170 119 14 17 0.7552901 
8 114 12 16 0.7532062 
73 326 24 31 0.7492583 
322 344 31 36 0.744872 
244 123 11 16 0.7369969 
663 187 19 26 0.73338145 
780 123 13 18 0.7311655 
869 154 13 16 0.71660185 
402 152 15 18 0.7107911 
649 145 14 17 0.7101054 
271 113 13 16 0.70999193 
423 152 12 16 0.70567745 
847 120 14 17 0.6903395 
191 150 16 21 0.68547344 
870 183 17 21 0.6843228 
591 98 10 13 0.6814032 
707 92 12 15 0.6811923 
904 96 11 14 0.6671781 
190 195 24 26 0.66632545 
678 127 14 16 0.663874 
418 66 10 13 0.6592271 
455 165 15 19 0.65809035 
708 129 13 16 0.6486204 
697 78 11 13 0.64418954 
326 206 19 27 0.64305246 
101 117 13 17 0.6414894 
397 98 10 13 0.6413454 
28 256 16 22 0.6369339 
21 193 17 19 0.6305395 
886 479 43 54 0.6298456 
364 199 18 25 0.62688786 
102 184 15 20 0.60576105 
371 258 20 27 0.6008414 
1 295 22 31 0.58929354 
59 280 14 18 0.5848479 
554 164 15 18 0.5769709 
603 166 12 15 0.5379172 
457 117 10 14 0.53703207 
356 102 11 15 0.53168267 
335 95 11 13 0.52694863 
833 177 15 21 0.5255016 
745 69 12 14 0.52428293 
771 160 15 20 0.51553446 
71 160 23 25 0.5120282 
473 80 10 13 0.5098561 
947 142 14 17 0.4978637 
0 186 11 17 0.47987416 
374 94 11 14 0.4754354 
543 115 14 17 0.46815014 
638 101 11 14 0.46385428 
613 71 10 13 0.45973232 
318 293 23 26 0.45815587 
340 71 12 14 0.44453335 
640 82 11 13 0.44388494 
953 211 14 18 0.42684057 
112 310 18 21 0.42383528 
294 60 9 11 0.41896448 
444 223 13 17 0.41545394 
358 173 13 17 0.41437182 
453 81 9 11 0.41422787 
229 142 13 18 0.40157416 
836 207 14 19 0.39868405 
279 133 11 14 0.39386365 
660 66 11 14 0.3934517 
919 180 14 21 0.38771775 
967 164 15 19 0.386618 
328 303 25 28 0.38654315 
21 130 13 16 0.38231575 
757 253 25 32 0.38097143 
133 108 12 16 0.36124712 
264 182 20 25 0.35812768 
341 117 11 13 0.34508714 
349 72 11 13 0.34476173 
363 140 12 16 0.33625636 
230 246 22 27 0.33583185 
419 200 15 18 0.32486838 
790 78 13 16 0.32473573 
819 167 16 22 0.3220783 
666 132 11 15 0.32015845 
679 138 12 16 0.31851763 
250 106 10 13 0.31833467 
954 185 15 18 0.31642127 
402 212 15 20 0.31431913 
183 119 11 15 0.31119588 
617 178 14 19 0.30505902 
478 111 12 14 0.30146047 
367 301 14 18 0.2995425 
374 253 14 19 0.29922554 
175 91 10 13 0.2915401 
866 82 12 16 0.28628355 
70 154 17 20 0.27875212 
996 363 26 38 0.27629244 
389 125 11 14 0.27553648 
782 74 13 17 0.2747683 
559 232 23 30 0.2747592 
826 283 24 28 0.27240482 
822 154 14 18 0.2691377 
296 130 13 17 0.26900885 
165 191 16 20 0.26231322 
9 394 28 32 0.2536554 
547 90 13 16 0.25207376 
173 298 28 36 0.24874505 
335 116 10 13 0.2428634 
926 295 17 21 0.24026424 
354 243 15 20 0.24016349 
446 380 20 27 0.23861615 
477 95 9 11 0.23334986 
163 178 17 23 0.23288023 
263 334 25 30 0.23198326 
450 276 14 17 0.2311575 
78 267 14 18 0.22917761 
361 127 9 12 0.22879069 
325 155 15 18 0.22576626 
85 265 15 20 0.22451934 
515 357 23 28 0.22290763 
397 235 13 17 0.22227122 
215 385 21 33 0.21560802 
1000 336 20 29 0.21261561 
375 410 26 40 0.20938386 
532 156 13 15 0.20878892 
783 104 13 17 0.20591483 
863 154 13 16 0.20472744 
585 92 12 15 0.20203461 
323 133 13 16 0.20107225 
695 117 11 14 0.20073819 
609 142 10 13 0.19947083 
840 514 38 55 0.1976214 
11 291 24 32 0.1972799 
654 456 25 42 0.19634826 
702 85 11 13 0.19604093 
532 148 14 17 0.19583586 
292 340 21 29 0.19519274 
91 263 16 20 0.19062814 
419 329 20 23 0.18911682 
473 63 9 11 0.18854019 
357 96 9 12 0.18828021 
668 221 13 17 0.18491404 
709 189 16 19 0.18161969 
381 48 8 10 0.17845255 
40 257 15 19 0.17387629 
693 156 12 15 0.17335856 
819 139 14 17 0.17222564 
471 249 14 18 0.1714738 
548 111 11 13 0.17030491 
820 148 14 18 0.16910757 
451 136 13 17 0.16895904 
404 257 14 19 0.16895203 
62 217 14 21 0.16638327 
504 156 12 16 0.16589232 
794 310 23 30 0.16300264 
365 230 16 22 0.1613717 
201 80 10 12 0.15543638 
431 286 14 16 0.15450951 
739 201 21 27 0.15403506 
322 329 27 34 0.15298812 
972 86 11 13 0.15011713 
165 110 10 12 0.149595 
125 223 16 21 0.14926454 
469 101 10 12 0.14867498 
264 91 10 13 0.14792612 
249 281 20 27 0.14785893 
529 133 14 17 0.14737883 
90 386 23 27 0.14707714 
161 103 9 12 0.14691405 
933 186 14 17 0.14677963 
78 339 26 31 0.14674605 
702 150 12 15 0.14542183 
361 131 11 15 0.14373405 
651 190 19 28 0.14334427 
404 144 10 13 0.14242081 
189 320 28 36 0.1416215 
380 53 9 11 0.14131087 
537 60 9 12 0.13926494 
67 211 14 20 0.13782331 
461 110 11 14 0.13755178 
583 131 12 15 0.13732165 
522 101 10 12 0.13722742 
805 204 14 18 0.13665058 
828 172 15 19 0.13603449 
589 88 9 12 0.13579577 
74 174 23 27 0.13421905 
162 316 31 36 0.13398832 
317 305 18 21 0.13106076 
354 232 21 27 0.12841186 
80 121 14 18 0.12723999 
393 96 11 13 0.12681256 
453 385 22 28 0.12662068 
298 192 21 25 0.12601794 
520 79 10 12 0.12599686 
511 368 26 30 0.12510414 
21 42 23 30 0.12319785 
916 132 13 16 0.12291713 
352 156 11 13 0.12223026 
551 157 15 18 0.12167484 
895 92 9 13 0.12010621 
75 205 20 27 0.11992911 
491 251 16 20 0.119890794 
490 326 21 25 0.11987779 
375 133 11 14 0.118346326 
260 133 11 14 0.11714102 
564 119 10 12 0.11712901 
313 56 8 11 0.116444185 
386 31 8 11 0.116119005 
803 210 18 22 0.11579272 
7 367 24 31 0.1153925 
15 189 14 17 0.11534117 
582 85 11 14 0.1139033 
369 77 10 12 0.11274498 
742 215 15 18 0.11272499 
1001 83 11 13 0.11204522 
-2 321 20 34 0.11128405 
498 299 18 22 0.110512204 
560 118 9 12 0.1099201 
424 320 26 34 0.10892422 
6 385 23 31 0.10807202 
330 94 9 12 0.10758055 
846 166 13 16 0.1069398 
744 81 11 14 0.105637304 
445 100 10 13 0.10477386 
519 71 8 9 0.10328486 
923 255 22 29 0.10203129 
757 47 8 10 0.10090592 
35 290 23 29 0.099468224 
389 220 13 17 0.09925304 
358 146 12 16 0.09656447 
187 110 11 13 0.09558223 
861 310 23 26 0.095048115 
413 84 11 13 0.093815096 
26 402 17 22 0.0934503 
301 127 11 14 0.0934188 
116 84 12 14 0.09120963 
540 97 14 16 0.09117078 
759 109 11 14 0.0908641 
408 84 10 13 0.09062665 
225 103 9 11 0.09014081 
869 264 26 34 0.090109006 
624 164 12 15 0.089740194 
262 70 8 11 0.08904739 
414 47 8 11 0.088034436 
382 60 10 12 0.08787112 
854 149 13 16 0.08775667 
915 224 15 18 0.08716593 
600 114 10 13 0.08706796 
280 336 24 32 0.08675471 
415 103 9 12 0.08659478 
320 138 13 15 0.086256705 
880 468 35 46 0.08604207 
424 54 9 11 0.085976474 
17 260 21 25 0.08429537 
833 114 15 17 0.08429419 
373 72 10 13 0.084212616 
308 167 17 19 0.083987445 
229 101 10 13 0.08388855 
385 389 29 42 0.08369546 
312 30 7 9 0.0833519 
458 121 13 16 0.08295689 
257 71 9 11 0.08285475 
537 77 10 11 0.08261989 
871 248 31 38 0.08261163 
205 83 9 11 0.08232739 
94 82 12 14 0.08184689 
622 193 15 20 0.08154718 
375 140 10 14 0.08140586 
424 144 11 14 0.08106237 
677 108 11 13 0.08078958 
390 37 8 10 0.08065591 
836 69 11 14 0.07982869 
505 162 15 18 0.07929028 
620 94 10 14 0.07903813 
663 116 9 12 0.07898837 
287 78 10 13 0.0785565 
322 125 10 13 0.07847439 
431 343 19 26 0.078265294 
536 94 11 13 0.07818124 
99 259 16 20 0.078165 
30 109 15 19 0.0781416 
712 47 9 11 0.077852145 
79 356 23 24 0.07741206 
250 93 9 12 0.0772458 
229 95 9 11 0.076481596 
542 78 10 11 0.07624225 
26 34 15 19 0.07606057 
801 232 20 26 0.075916566 
685 147 12 14 0.07588814 
954 477 28 36 0.07481888 
443 279 21 23 0.074803665 
643 107 13 15 0.07479717 
245 53 8 10 0.07445432 
354 265 17 22 0.07441919 
526 96 9 12 0.073928565 
612 146 11 13 0.07392474 
886 70 10 12 0.0732469 
672 112 9 13 0.07310104 
988 125 12 14 0.072808415 
764 132 12 16 0.0727402 
139 306 27 37 0.071598455 
85 78 12 15 0.070982516 
381 131 11 15 0.07076852 
441 93 9 13 0.07069628 
340 97 12 14 0.070578046 
108 258 15 20 0.07022283 
462 45 9 12 0.06878857 
434 282 20 23 0.06871073 
231 152 13 17 0.068656705 
752 53 10 12 0.067912176 
913 140 15 19 0.06710161 
557 225 16 20 0.06708272 
413 154 13 16 0.06684506 
851 169 13 18 0.06651573 
923 174 13 16 0.066446126 
65 275 18 23 0.06594411 
611 76 10 12 0.06535747 
5 292 13 19 0.06504508 
853 356 24 35 0.06495168 
703 139 13 17 0.064276814 
496 85 12 15 0.06376192 
677 118 11 13 0.06367018 
569 208 16 20 0.06314155 
133 52 9 11 0.06310813 
271 104 10 12 0.06307486 
775 70 11 13 0.062890105 
349 124 10 13 0.06249599 
325 314 28 32 0.061949078 
373 126 12 15 0.06151405 
790 292 21 27 0.061259806 
299 382 15 24 0.061221313 
734 102 11 14 0.061032236 
778 135 16 20 0.0603662 
435 252 15 19 0.060217824 
664 127 10 14 0.059776712 
-1 303 15 24 0.059487153 
62 401 21 29 0.059227068 
222 121 10 14 0.058901004 
228 184 22 27 0.0587972 
852 68 9 12 0.05828077 
889 91 10 13 0.05795313 
241 120 11 14 0.057783645 
867 170 15 18 0.057617404 
269 323 28 33 0.05736768 
108 111 12 16 0.05736569 
1008 164 12 14 0.05695132 
325 118 11 13 0.056880243 
671 192 20 29 0.056847535 
261 76 9 11 0.0564295 
703 64 8 10 0.056156058 
343 120 12 15 0.05582955 
569 197 16 21 0.05560579 
450 83 10 13 0.05550514 
409 47 10 12 0.05529444 
341 112 9 12 0.055237897 
190 133 13 16 0.05438843 
953 145 15 19 0.054190442 
555 93 10 12 0.053982545 
596 95 10 13 0.053916283 
249 89 8 10 0.05360825 
384 225 14 18 0.053495247 
500 277 15 18 0.05333949 
490 184 15 18 0.052975945 
407 102 9 12 0.05290593 
459 138 12 15 0.05252407 
465 103 11 12 0.05234944 
478 100 9 12 0.052101795 
336 358 19 24 0.05200896 
994 104 11 13 0.05198121 
568 102 10 13 0.051631924 
653 117 11 14 0.051231124 
351 94 11 14 0.05034866 
557 110 9 12 0.050239906 
769 149 17 21 0.04996536 
701 72 9 11 0.049932506 
19 283 24 30 0.04977692 
352 171 13 17 0.0497059 
963 210 14 19 0.049635332 
149 149 12 15 0.049592733 
983 142 11 15 0.049551114 
622 200 21 27 0.0495196 
451 315 23 29 0.049486745 
435 274 16 19 0.049467515 
748 63 12 15 0.049334094 
390 337 20 26 0.049067803 
322 45 8 10 0.048929248 
140 300 17 19 0.048759725 
403 239 14 18 0.048642192 
503 79 10 12 0.04831139 
305 117 10 13 0.048205726 
855 466 29 37 0.047893614 
126 102 12 15 0.047825664 
561 164 14 17 0.047797404 
669 137 13 16 0.04758383 
24 251 15 22 0.04741857 
655 407 24 26 0.04740864 
67 220 16 22 0.047387715 
711 351 16 20 0.04736392 
50 284 20 25 0.047339994 
608 85 9 12 0.047293127 
622 111 11 14 0.047229603 
881 70 11 13 0.046964694 
871 426 30 39 0.046950206 
270 305 18 22 0.04678776 
302 421 14 18 0.04671026 
463 70 9 12 0.046580065 
192 209 24 29 0.04604514 
70 269 15 18 0.046021756 
781 53 9 11 0.04600298 
450 220 14 18 0.04576284 
589 117 10 12 0.04569589 
472 115 11 15 0.045590628 
781 95 11 14 0.04510622 
661 456 15 26 0.044992786 
276 136 13 18 0.044511802 
34 399 15 23 0.04444509 
484 132 11 16 0.044407852 
225 95 9 11 0.04427647 
430 55 10 12 0.044045985 
33 48 16 21 0.044032466 
776 107 11 14 0.043902494 
542 71 9 11 0.043894026 
180 88 9 12 0.043881305 
342 238 16 22 0.043791145 
684 200 17 23 0.043513905 
321 40 8 10 0.04344963 
356 324 21 27 0.043420017 
373 119 10 11 0.043194793 
863 501 44 58 0.04317635 
467 235 20 26 0.043035485 
568 109 10 12 0.04295864 
474 125 14 18 0.04271455 
958 279 13 19 0.042472266 
234 259 18 23 0.04224408 
365 190 14 18 0.042226188 
301 73 17 22 0.042077523 
454 211 14 17 0.041711487 
241 48 8 11 0.041480053 
190 140 14 17 0.04135399 
840 202 16 20 0.041319188 
831 204 14 19 0.041290633 
458 172 16 21 0.041120086 
654 111 10 13 0.041074723 
106 164 21 27 0.0408803 
503 141 11 14 0.040624175 
471 69 9 11 0.040578984 
776 166 16 20 0.04054482 
971 409 29 40 0.040456694 
398 47 9 10 0.040385596 
834 277 17 20 0.040247936 
696 73 10 13 0.040098555 
319 77 10 12 0.04003343 
145 191 24 28 0.03999202 
188 233 21 25 0.039665993 
960 84 10 13 0.0394494 
494 160 19 22 0.03937894 
289 55 9 11 0.039375063 
711 106 11 15 0.03926812 
680 68 8 11 0.039205655 
497 55 9 11 0.039119158 
169 93 11 13 0.03907949 
84 115 18 23 0.039053515 
488 280 21 28 0.039048713 
634 456 37 52 0.038885634 
855 477 44 53 0.038852144 
332 132 11 14 0.03881639 
433 266 17 20 0.038774963 
988 130 13 17 0.038578242 
537 69 10 12 0.03840983 
78 413 26 33 0.038406767 
268 88 9 11 0.03830139 
180 138 14 18 0.038132265 
587 93 19 24 0.03789251 
561 122 12 15 0.037803784 
280 54 8 11 0.037725672 
265 400 26 34 0.03770248 
824 163 16 20 0.037630443 
441 100 9 13 0.0375875 
487 72 9 10 0.03742922 
672 146 13 16 0.037304398 
637 47 8 10 0.037223782 
276 126 12 16 0.03720016 
246 48 8 10 0.036972236 
438 71 11 13 0.03693214 
432 229 11 15 0.036869384 
662 449 29 42 0.03683013 
411 256 13 19 0.03682904 
969 89 11 14 0.03679607 
3 284 14 19 0.036719307 
763 139 14 18 0.036626052 
200 334 17 23 0.03661153 
334 123 11 13 0.036605958 
913 79 9 11 0.036467552 
326 78 8 11 0.036236487 
439 383 17 22 0.036209736 
301 379 25 33 0.036153223 
547 96 15 18 0.03605993 
456 44 10 12 0.036057085 
918 263 16 22 0.03596499 
326 40 9 11 0.035930112 
266 195 23 29 0.035488907 
216 46 9 12 0.03540192 
300 137 13 17 0.035368323 
263 65 8 10 0.035322364 
441 109 10 12 0.03531216 
17 365 23 30 0.035136875 
870 91 10 13 0.034982204 
247 63 8 9 0.034850873 
279 47 8 10 0.03462494 
416 177 12 15 0.034542557 
414 78 10 13 0.034484096 
102 280 15 19 0.03446934 
1001 341 25 43 0.03445168 
470 109 11 13 0.034424677 
166 60 9 11 0.03441016 
529 159 19 22 0.034398597 
390 148 11 14 0.034142572 
336 88 10 12 0.034078803 
859 458 18 24 0.034030084 
372 244 14 20 0.03402015 
252 125 11 15 0.033936806 
126 117 13 16 0.033872847 
662 182 15 20 0.03385503 
440 129 13 15 0.033759702 
775 119 14 17 0.03368607 
422 159 13 16 0.03357454 
735 96 9 12 0.033567254 
297 417 24 31 0.03355349 
455 39 10 12 0.0334467 
467 172 13 18 0.033442263 
951 193 17 21 0.033439703 
125 270 16 20 0.033410814 
987 139 12 16 0.033378415 
495 107 10 14 0.033187237 
11 156 15 19 0.033137884 
94 373 19 23 0.0329755 
315 59 10 13 0.0328888 
794 105 14 17 0.032871015 
471 56 9 9 0.032868244 
863 159 18 24 0.032839 
438 61 8 10 0.032769322 
94 111 14 19 0.032748807 
705 98 11 14 0.0325031 
12 181 14 19 0.03238277 
424 39 7 9 0.032286193 
1 364 17 22 0.03227578 
647 120 13 15 0.03212341 
437 55 9 10 0.032040004 
422 47 9 10 0.031993248 
588 125 12 15 0.031816266 
555 177 16 21 0.031771094 
0 344 11 18 0.03162393 
506 149 13 17 0.031310994 
692 141 13 16 0.03129831 
859 326 30 38 0.031219328 
303 55 9 11 0.031131903 
929 112 14 17 0.0311201 
983 122 12 14 0.03100222 
223 40 8 9 0.0309858 
494 277 14 18 0.03091515 
477 276 14 19 0.030892702 
4 172 15 20 0.030884659 
68 200 15 21 0.030847706 
625 179 16 18 0.030798199 
271 65 8 9 0.03076804 
501 60 9 11 0.03067814 
369 95 10 13 0.030651495 
812 77 11 13 0.03062429 
314 272 24 30 0.030547583 
366 99 10 14 0.030546192 
309 141 13 16 0.03043326 
556 100 10 14 0.030302195 
768 261 18 22 0.03025372 
301 97 17 22 0.030063469 
113 79 10 12 0.030050594 
184 104 10 12 0.03004375 
55 267 22 25 0.030002404 
215 120 13 16 0.0299525 
764 103 11 14 0.029912002 
396 104 12 15 0.029821575 
916 91 12 14 0.029803576 
255 32 7 8 0.02964653 
278 61 9 11 0.029616812 
483 109 11 14 0.029516272 
917 191 15 19 0.029422836 
253 87 9 11 0.02937986 
513 64 8 11 0.029378 
414 51 10 12 0.029350013 
443 214 15 18 0.02932409 
611 164 13 17 0.029295601 
265 55 8 9 0.02926321 
318 408 31 39 0.02926147 
455 62 9 11 0.029093802 
230 30 10 11 0.029026745 
256 65 8 10 0.029023223 
773 197 17 20 0.02901789 
508 231 15 20 0.029007748 
366 118 10 12 0.028978381 
778 101 12 16 0.02890307 
376 58 11 13 0.028875453 
342 87 10 12 0.028862298 
237 280 22 32 0.028844984 
477 38 9 11 0.028788146 
273 178 18 21 0.028783532 
392 46 9 11 0.028744435 
757 52 9 12 0.028742922 
854 78 11 13 0.028685654 
762 268 18 22 0.02855337 
363 261 21 29 0.02848215 
476 210 15 18 0.028449947 
101 128 14 17 0.02843041 
362 312 16 21 0.028388081 
1013 179 11 16 0.028367806 
524 107 11 13 0.028304197 
653 46 9 11 0.028270384 
154 298 32 45 0.028237326 
924 121 13 16 0.028195001 
139 131 13 16 0.028108181 
459 332 24 31 0.02809116 
950 102 11 14 0.028072799 
100 83 11 14 0.02803538 
948 135 13 16 0.027998202 
341 64 11 13 0.02791625 
524 70 9 11 0.027842268 
25 194 22 27 0.027805038 
392 94 19 23 0.027795918 
560 181 21 26 0.027728362 
860 440 28 37 0.027682217 
702 191 16 19 0.027656438 
350 163 13 17 0.027652819 
445 194 15 18 0.02764945 
0 272 11 18 0.02759137 
576 46 11 13 0.027541054 
495 72 8 10 0.027525524 
644 95 11 12 0.027511006 
160 124 11 14 0.027505847 
487 382 25 30 0.027505618 
385 120 18 24 0.027491579 
251 115 12 15 0.027458338 
217 103 8 10 0.027409852 
6 405 26 34 0.02739162 
318 30 8 10 0.02730633 
879 94 9 12 0.027304888 
171 412 25 35 0.027279768 
303 148 13 18 0.02721127 
778 144 16 20 0.027182577 
375 88 10 13 0.027141681 
359 87 8 11 0.027137814 
560 134 14 16 0.027122999 
29 100 26 30 0.027093148 
392 53 9 11 0.02706069 
717 46 9 12 0.027025972 
955 242 16 23 0.027009115 
974 145 11 16 0.027005654 
254 194 24 30 0.026994955 
617 121 12 16 0.026981339 
848 64 11 12 0.026966667 
28 278 25 30 0.02688123 
804 167 16 21 0.026878642 
863 192 15 17 0.026817575 
901 498 36 44 0.026814576 
968 197 23 30 0.026809439 
304 48 8 9 0.026766118 
563 219 15 18 0.026728105 
245 403 31 33 0.026719084 
233 266 23 33 0.0266935 
965 203 14 19 0.026648877 
513 70 8 9 0.026626924 
299 333 23 33 0.026611887 
340 302 16 20 0.026570182 
309 71 10 12 0.026564337 
493 233 14 17 0.026490174 
344 188 13 17 0.026429703 
223 88 8 10 0.026418515 
80 251 23 27 0.026333 
806 77 12 14 0.026261738 
997 156 12 15 0.026250985 
877 489 36 54 0.026230065 
828 103 16 19 0.026226621 
140 107 11 16 0.026122482 
605 111 10 13 0.026090376 
316 215 16 21 0.026078694 
287 71 10 11 0.026067812 
59 394 17 21 0.026058106 
221 46 9 10 0.026031842 
812 208 23 27 0.026014347 
132 299 18 21 0.026008101 
439 164 10 13 0.025969354 
487 46 8 11 0.025952041 
605 160 13 16 0.025933178 
122 210 21 27 0.025902763 
399 252 14 20 0.025892232 
287 315 18 25 0.025881896 
317 201 23 27 0.025839338 
444 301 16 19 0.025796408 
964 146 13 17 0.02573763 
254 183 20 26 0.02565727 
720 79 9 11 0.025592817 
510 78 10 13 0.025588473 
65 290 23 28 0.025516996 
492 132 11 14 0.025478536 
384 82 11 13 0.025460042 
895 115 11 14 0.025455186 
462 79 10 11 0.025323212 
669 126 13 16 0.025308153 
243 370 31 36 0.025231237 
700 108 12 15 0.025217049 
160 95 9 13 0.025193576 
827 256 24 30 0.02513712 
713 130 13 17 0.02501099 
265 97 11 14 0.025003042 
407 39 10 11 0.024993738 
973 472 24 35 0.024904946 
654 54 9 10 0.024882704 
689 78 10 12 0.024836104 
473 254 17 20 0.024803584 
348 192 21 27 0.024752375 
477 68 10 11 0.024740912 
443 202 15 18 0.024704875 
399 39 8 9 0.024641223 
445 243 14 17 0.024622167 
358 306 14 18 0.024595074 
614 65 9 11 0.024594883 
62 58 13 17 0.024512697 
415 117 10 12 0.02433654 
439 88 10 12 0.024324996 
990 343 15 20 0.024303813 
118 100 14 16 0.024277363 
380 247 13 16 0.024266634 
11 121 14 18 0.024265766 
477 220 14 17 0.024256667 
235 142 15 19 0.024197306 
934 91 11 13 0.024193943 
237 31 8 10 0.02418062 
646 151 15 19 0.02416125 
277 104 9 11 0.024153728 
674 140 19 23 0.024150304 
48 294 16 21 0.02408292 
624 88 9 11 0.024076175 
536 85 11 13 0.02406527 
636 98 19 23 0.024054471 
885 177 18 23 0.024051502 
24 30 13 17 0.024037821 
776 82 13 16 0.023994349 
1 114 12 18 0.02399149 
75 251 18 21 0.023975099 
42 109 17 20 0.023967143 
962 186 14 18 0.023957819 
125 86 9 12 0.023956593 
448 430 25 37 0.023924945 
874 174 16 20 0.023922833 
619 161 20 25 0.02390028 
364 185 24 30 0.023885734 
406 93 9 13 0.023830116 
97 267 21 26 0.023822818 
381 212 13 16 0.023788964 
344 307 16 19 0.023786029 
359 115 11 14 0.023736548 
679 89 10 13 0.0237172 
500 231 15 20 0.023711085 
914 298 25 29 0.02366559 
915 84 12 15 0.023628594 
916 200 16 19 0.023599692 
507 141 13 15 0.023570545 
460 206 13 16 0.02352284 
964 190 22 27 0.023504592 
687 71 8 10 0.023447517 
323 284 17 20 0.023421777 
488 39 8 9 0.023371603 
479 337 25 32 0.02331035 
312 159 16 20 0.02325912 
757 232 15 18 0.023257907 
988 345 28 38 0.02324934 
970 158 14 17 0.023243647 
716 101 10 13 0.023243332 
518 65 9 11 0.023239234 
318 71 9 11 0.023230242 
432 47 9 11 0.023148337 
161 62 10 12 0.02313236 
516 349 18 22 0.023116762 
151 390 29 32 0.023112927 
294 389 15 21 0.023099871 
206 138 12 16 0.023085112 
464 94 9 12 0.023077339 
6 162 15 18 0.023072407 
665 200 21 29 0.023058759 
43 300 17 22 0.023019193 
672 54 9 10 0.023014426 
401 223 15 21 0.022957655 
0 263 15 22 0.022954136 
182 195 14 19 0.022935303 
470 75 17 22 0.022918418 
493 127 9 12 0.02290257 
614 202 15 21 0.022877738 
706 153 14 18 0.02279308 
471 148 13 16 0.022772092 
239 310 21 30 0.022765424 
500 373 25 29 0.022737505 
63 33 9 11 0.022706918 
298 78 10 14 0.02270676 
421 251 13 18 0.022693358 
415 39 8 10 0.02262283 
330 413 16 21 0.022598322 
539 162 14 18 0.02258304 
661 85 9 12 0.02257393 
479 156 14 18 0.022565054 
334 62 12 14 0.022556666 
688 54 8 10 0.022475861 
169 198 15 20 0.022468368 
848 529 20 30 0.022463825 
649 45 9 11 0.022452973 
757 60 10 13 0.022445932 
305 30 8 11 0.022421228 
464 51 9 12 0.022394285 
173 96 11 15 0.022379793 
458 379 17 21 0.022374514 
495 78 10 13 0.022331005 
867 300 25 30 0.022315983 
523 83 12 14 0.022275632 
610 67 17 22 0.022224937 
579 72 11 13 0.022198837 
631 108 10 13 0.022191543 
630 69 10 12 0.022166021 
421 290 13 19 0.02215945 
470 45 9 11 0.022073656 
568 61 10 12 0.022052955 
83 391 25 32 0.022040507 
273 47 8 10 0.021969484 
380 267 21 28 0.021944642 
659 172 13 18 0.02194019 
126 279 15 18 0.0219213 
908 319 35 44 0.021889647 
1012 128 11 16 0.021887207 
189 412 32 45 0.02186887 
452 101 11 14 0.021850254 
1004 170 15 20 0.021846332 
572 132 12 17 0.02182483 
448 37 9 11 0.021821883 
830 142 18 24 0.021788172 
503 134 11 14 0.021786278 
830 61 11 15 0.021771088 
725 78 10 12 0.021756914 
566 239 25 32 0.021681586 
884 116 12 14 0.021608135 
55 222 15 20 0.021603586 
360 60 9 11 0.021589562 
383 148 10 14 0.021585172 
827 90 14 17 0.021544194 
337 15 8 10 0.021534322 
395 123 12 15 0.021533623 
872 99 9 12 0.021517891 
118 356 23 29 0.021517523 
447 55 9 11 0.021464087 
888 65 10 12 0.021421436 
879 114 11 15 0.021420483 
885 110 10 12 0.021416435 
447 61 9 11 0.02141355 
363 109 11 13 0.02135648 
888 100 10 13 0.021338744 
342 53 10 12 0.02132262 
422 87 9 12 0.02132217 
788 72 13 15 0.021300642 
281 77 9 13 0.021279456 
555 86 10 13 0.021258334 
695 102 10 13 0.02124599 
125 388 16 24 0.021242714 
336 112 20 23 0.02121521 
405 205 19 24 0.021181636 
399 134 10 13 0.02118055 
943 165 16 21 0.021144375 
319 93 9 12 0.021120254 
773 66 21 26 0.021119326 
285 323 25 34 0.02109499 
444 231 15 20 0.021085598 
622 126 12 16 0.02107015 
879 76 10 13 0.021045066 
936 182 19 24 0.021030486 
536 140 14 16 0.021010019 
710 63 9 12 0.021005964 
798 203 15 20 0.02093366 
294 432 14 20 0.020914908 
911 126 12 14 0.020866333 
180 408 26 43 0.020846562 
447 31 9 11 0.020771593 
343 67 18 23 0.020735983 
958 133 13 15 0.020722508 
225 174 16 20 0.020722026 
332 239 16 20 0.0207061 
206 125 10 14 0.020700142 
239 38 8 9 0.020680595 
923 269 16 21 0.020677289 
528 63 10 11 0.020665383 
904 292 26 30 0.020657504 
129 47 9 11 0.020639297 
334 54 11 13 0.020621262 
879 147 14 19 0.020620435 
648 53 9 11 0.020604253 
309 308 23 28 0.020588348 
247 102 18 23 0.020567037 
334 31 9 11 0.020544345 
390 241 13 17 0.020519217 
509 177 14 18 0.020502051 
373 282 24 31 0.020453535 
208 31 8 10 0.020453058 
579 52 12 14 0.020395035 
679 78 9 11 0.020380259 
402 187 14 18 0.020362997 
926 476 30 40 0.020357952 
588 244 19 23 0.0203189 
901 430 44 52 0.020290144 
366 248 15 20 0.020273875 
535 81 22 26 0.020265406 
289 54 19 24 0.020259157 
819 204 16 19 0.020246476 
487 125 11 15 0.020240469 
94 185 16 21 0.020237245 
21 355 26 30 0.020237183 
444 269 16 20 0.020219529 
409 352 27 35 0.020207427 
119 212 12 16 0.02019568 
769 67 10 14 0.02019137 
974 81 9 12 0.020102987 
415 92 10 13 0.020102406 
786 113 15 19 0.020096174 
695 91 10 12 0.020055743 
924 434 46 51 0.020032916 
