1_Handshaking_Handshaking_1_602
133
249 344 28 30 0.9016055 
639 245 11 14 0.81460506 
915 270 12 15 0.8075996 
609 227 11 14 0.79347676 
842 236 12 15 0.7779674 
372 240 14 17 0.6823544 
645 222 9 13 0.6449972 
754 246 7 10 0.6235498 
506 227 13 17 0.60289836 
687 227 10 13 0.5273033 
509 226 8 11 0.45244992 
719 237 10 13 0.41769487 
944 243 17 25 0.3885383 
546 225 8 10 0.33411837 
365 237 15 18 0.32932633 
477 218 10 13 0.30350965 
577 221 9 12 0.2804087 
438 233 8 10 0.26178035 
136 197 8 11 0.2335819 
398 323 12 18 0.22852923 
613 291 12 21 0.22394723 
677 306 13 18 0.20852652 
930 247 20 23 0.19822498 
468 247 13 19 0.18917 
722 258 13 16 0.17632341 
693 237 11 14 0.14691561 
924 249 17 19 0.14234835 
773 256 9 11 0.14081393 
679 231 9 11 0.12055708 
676 244 12 15 0.101892464 
831 264 9 11 0.095482364 
576 227 11 15 0.09316346 
546 227 11 14 0.08923435 
291 285 14 17 0.081782274 
618 294 15 21 0.07780525 
664 251 8 12 0.077585526 
768 254 9 12 0.07691687 
189 189 9 10 0.07676153 
495 335 33 35 0.07347519 
541 241 15 18 0.072137035 
654 300 15 20 0.06900428 
757 251 9 12 0.06797876 
486 232 13 17 0.064693116 
576 246 12 14 0.06381474 
725 266 12 15 0.062092043 
674 231 9 12 0.061785232 
641 225 12 16 0.05880415 
677 235 11 14 0.053943574 
547 236 14 18 0.05292819 
469 257 13 17 0.052229937 
732 259 13 15 0.05112394 
886 260 10 12 0.04999667 
383 253 424 456 0.046465226 
671 249 11 14 0.045461934 
645 238 11 15 0.044025455 
492 234 12 16 0.04400822 
687 232 12 16 0.0431976 
635 244 11 14 0.042587053 
714 237 11 14 0.04192347 
512 338 46 43 0.04114051 
442 236 12 16 0.040133126 
671 298 13 19 0.040060457 
753 249 10 14 0.040032472 
605 295 16 23 0.038574893 
515 235 13 17 0.03765393 
486 254 10 13 0.03677367 
506 229 21 26 0.03599133 
436 238 14 18 0.035215694 
676 296 12 16 0.035187382 
474 295 16 18 0.035164576 
932 308 12 14 0.033756845 
910 295 11 14 0.03262511 
769 259 9 12 0.03222032 
608 284 13 19 0.03159238 
434 235 11 15 0.03135954 
580 253 10 13 0.030722832 
598 299 21 29 0.030690651 
921 244 12 18 0.030599698 
557 245 10 12 0.029898487 
915 261 16 19 0.029526293 
111 301 10 15 0.02950182 
423 289 14 18 0.029319689 
139 197 10 13 0.029308595 
740 254 12 14 0.029129354 
766 248 9 12 0.02905361 
850 290 12 16 0.028799428 
478 234 12 17 0.028629348 
631 237 12 15 0.028455246 
475 258 12 17 0.027239569 
579 235 11 14 0.027107589 
120 306 10 13 0.027086455 
599 266 12 14 0.026563093 
595 311 17 21 0.026376884 
538 248 15 18 0.026196647 
490 228 20 26 0.026060056 
752 261 10 12 0.025856752 
540 302 27 28 0.025279967 
472 228 11 14 0.025054798 
98 301 23 28 0.024892513 
674 233 19 26 0.024889352 
237 352 16 19 0.024664287 
129 190 10 14 0.024531834 
263 343 17 24 0.0245227 
672 313 12 15 0.02418712 
495 323 23 33 0.024115631 
286 278 13 15 0.024043828 
535 243 13 18 0.024039757 
685 245 11 15 0.023476692 
470 290 15 20 0.02343368 
471 237 11 16 0.023282627 
457 251 12 15 0.023152333 
477 226 14 18 0.02307653 
615 246 10 13 0.022871515 
554 304 13 17 0.02280592 
130 196 10 12 0.022797026 
846 270 10 12 0.022432063 
514 230 12 14 0.022299178 
605 245 11 14 0.02181071 
580 216 10 13 0.021790054 
721 262 21 27 0.021495808 
682 300 15 18 0.021399852 
483 222 12 14 0.021370932 
725 275 11 13 0.0210649 
515 300 12 14 0.021062428 
723 232 11 13 0.020972505 
637 267 14 18 0.020966519 
834 254 9 12 0.020946935 
668 244 20 24 0.020845478 
526 278 11 14 0.02067793 
511 610 127 126 0.02064646 
1010 230 14 22 0.020515908 
530 352 26 32 0.020355409 
838 251 10 12 0.020342538 
