1_Handshaking_Handshaking_1_356
129
118 589 135 168 0.99862623 
667 201 124 196 0.99741423 
314 387 28 33 0.98038155 
600 411 25 36 0.97901094 
571 299 16 20 0.93280387 
430 286 15 20 0.880797 
604 291 15 21 0.8345194 
660 357 14 21 0.82708496 
279 386 20 31 0.6250628 
449 308 11 14 0.37855005 
493 299 11 13 0.3296341 
488 299 11 14 0.25930566 
142 250 10 15 0.25496182 
411 290 13 15 0.24921767 
269 391 22 31 0.13462609 
358 308 11 13 0.12231852 
506 317 14 16 0.11320397 
285 363 16 20 0.1095922 
510 301 10 13 0.10844516 
589 416 27 36 0.10178898 
618 324 12 16 0.096968405 
301 389 23 31 0.0955852 
539 418 14 18 0.09313067 
246 303 10 14 0.09207981 
648 302 11 15 0.09126379 
609 461 35 43 0.08587395 
578 303 14 20 0.08140023 
217 287 9 12 0.07858871 
668 335 11 15 0.072916545 
150 266 12 15 0.070692345 
503 302 9 12 0.06898261 
109 306 10 13 0.06851471 
502 459 14 20 0.06831627 
452 313 11 14 0.066635765 
477 371 15 18 0.065687165 
289 386 15 26 0.06530821 
136 250 12 16 0.063500166 
252 411 25 27 0.06189247 
281 288 9 12 0.05799218 
628 358 14 19 0.057003696 
329 395 17 24 0.056310736 
639 371 21 28 0.054998156 
585 424 41 46 0.05423345 
653 308 11 15 0.05277687 
291 350 21 25 0.04765341 
548 308 11 13 0.04654492 
104 293 10 11 0.046117634 
423 289 14 18 0.04548061 
508 308 12 15 0.0439571 
269 445 34 37 0.04263671 
507 462 17 21 0.04139921 
299 346 18 23 0.0399713 
771 370 149 235 0.039457515 
657 317 10 12 0.03931355 
541 301 14 16 0.038881287 
520 347 10 14 0.03859939 
104 302 12 16 0.03848256 
276 379 14 23 0.038395073 
221 291 10 11 0.037749436 
253 307 11 13 0.03653673 
794 192 110 186 0.03612322 
327 300 9 12 0.035924647 
155 269 14 15 0.035765525 
646 364 23 29 0.034997165 
401 291 11 15 0.034935553 
353 308 10 14 0.034401808 
279 370 21 30 0.034067802 
259 398 24 29 0.03349617 
-14 619 397 435 0.03343109 
718 187 114 188 0.033214726 
159 275 12 13 0.033023782 
284 290 11 14 0.03236708 
502 295 10 13 0.03196584 
531 331 14 16 0.031734608 
658 506 24 29 0.03088147 
343 291 11 14 0.030403739 
469 301 9 11 0.03039795 
117 254 10 12 0.029544251 
587 884 408 507 0.029007062 
71 325 9 12 0.028620612 
518 356 11 15 0.028418439 
704 413 13 15 0.027914993 
512 397 10 14 0.027879095 
661 350 14 19 0.027687455 
575 421 25 30 0.027313937 
253 429 47 46 0.026785724 
242 308 10 14 0.026300298 
508 452 16 22 0.025932461 
358 313 12 15 0.025734315 
508 328 12 16 0.025658425 
93 270 10 13 0.02545192 
51 289 13 16 0.025391659 
301 349 27 32 0.025185034 
8 291 9 12 0.025083842 
662 326 10 13 0.024805576 
517 283 11 13 0.024694461 
222 312 9 11 0.024552291 
428 280 15 17 0.024356917 
126 250 13 16 0.023836782 
85 324 9 11 0.023561053 
660 310 9 13 0.023328325 
347 856 238 200 0.023279259 
373 466 22 27 0.022968465 
476 405 13 17 0.022870464 
229 260 11 14 0.022806333 
78 253 8 10 0.022771584 
242 299 20 24 0.022727532 
224 316 10 12 0.022675682 
406 296 13 15 0.022514855 
143 256 13 18 0.022288503 
206 266 11 14 0.02218997 
525 332 13 17 0.022167234 
515 370 13 18 0.022071568 
619 463 18 26 0.021964565 
662 335 19 23 0.021898847 
446 304 19 22 0.021783955 
570 379 15 17 0.021686355 
733 360 36 41 0.021571502 
3 1202 89 165 0.021475155 
363 303 11 13 0.021081604 
38 287 9 11 0.021056715 
326 261 10 12 0.021048486 
240 327 10 12 0.020920245 
360 269 9 11 0.020865995 
615 449 23 31 0.020760892 
48 258 12 15 0.020728214 
567 271 12 14 0.020615121 
566 372 14 17 0.020559808 
616 318 11 15 0.020299684 
