3_Riot_Riot_3_306
59
743 85 63 85 0.9987495 
267 140 58 68 0.9986406 
651 173 70 71 0.9949058 
478 190 50 58 0.9927086 
916 65 75 76 0.91555864 
144 150 21 26 0.87548745 
323 127 21 29 0.8752463 
238 185 29 39 0.6752172 
-1 20 86 115 0.64103633 
233 268 57 68 0.59909075 
295 246 29 59 0.4129555 
473 135 34 37 0.30354753 
181 151 17 23 0.26946864 
221 88 15 18 0.16559944 
414 141 24 27 0.1424582 
223 193 33 38 0.13028868 
467 140 51 54 0.10628096 
272 253 44 58 0.10309989 
445 224 22 31 0.099254854 
71 207 11 13 0.097258694 
30 137 58 72 0.08839152 
472 126 23 30 0.056098476 
469 161 55 65 0.052160345 
174 153 16 22 0.051361643 
206 137 14 22 0.04187797 
428 218 40 51 0.04020477 
522 81 15 18 0.03913545 
319 125 38 50 0.039028134 
502 92 45 55 0.034347463 
539 314 59 74 0.032759752 
195 134 21 30 0.030892882 
183 141 13 18 0.030798083 
422 336 51 57 0.030633982 
839 128 15 20 0.030189505 
187 139 22 30 0.029980667 
639 157 57 72 0.029470528 
12 106 93 120 0.028466664 
478 112 46 53 0.028205168 
950 64 55 62 0.027558422 
552 125 24 34 0.026806226 
180 165 16 21 0.024946356 
962 -7 51 52 0.024871374 
0 361 15 24 0.024852809 
530 114 43 55 0.024704423 
520 79 25 30 0.024016786 
439 153 29 32 0.024014506 
108 176 14 18 0.023989595 
77 221 12 14 0.02332901 
509 90 25 31 0.02290393 
217 185 26 36 0.022773298 
457 290 35 35 0.022277378 
509 93 15 20 0.02222289 
477 116 27 33 0.02220676 
913 42 57 73 0.021850774 
388 107 15 22 0.02114132 
805 315 16 19 0.020873757 
515 91 15 20 0.020872703 
419 150 30 34 0.02080148 
165 153 14 21 0.020685494 
