3_Riot_Riot_3_666
21
527 129 149 190 0.99891436 
298 114 162 207 0.99343187 
130 31 95 124 0.330796 
160 21 54 63 0.27312338 
171 38 98 128 0.15391013 
200 68 54 89 0.09829228 
269 537 61 60 0.07526177 
209 54 88 140 0.05866428 
222 -7 50 45 0.04781496 
358 482 64 57 0.043191757 
416 109 145 225 0.038450424 
309 539 69 58 0.03374026 
149 8 87 98 0.030474717 
15 73 352 446 0.027358174 
167 71 30 45 0.027154842 
219 36 167 269 0.025644112 
111 4 166 198 0.023445161 
866 130 35 35 0.023301005 
169 90 68 82 0.022596372 
856 122 36 35 0.02148199 
282 483 36 35 0.021019384 
