3_Riot_Riot_3_101
77
728 334 51 58 0.95090145 
776 61 59 57 0.93326896 
1 251 59 75 0.8255209 
612 2 57 62 0.42032698 
166 64 48 43 0.41716218 
500 232 61 67 0.37662354 
567 3 42 56 0.22983216 
651 129 56 62 0.20519403 
841 226 51 63 0.18713325 
968 112 55 103 0.14569676 
501 242 91 113 0.119727224 
104 179 27 33 0.102994286 
702 21 36 44 0.087788366 
173 68 57 66 0.08419509 
556 227 49 62 0.08367227 
279 121 30 34 0.068907365 
466 210 31 37 0.06662044 
746 56 59 71 0.06464795 
810 66 40 51 0.060454063 
191 207 31 38 0.057613313 
231 153 15 18 0.050555617 
386 137 448 500 0.048871163 
268 128 34 39 0.046491355 
764 80 66 71 0.046381664 
554 6 35 52 0.046322297 
158 146 16 19 0.045060385 
896 186 56 50 0.04391893 
934 118 55 74 0.043757603 
145 34 90 79 0.04035484 
672 321 35 43 0.038630176 
20 283 34 49 0.03678428 
359 333 45 62 0.03483464 
882 -1 27 31 0.0342397 
641 10 53 58 0.034154955 
221 62 14 16 0.033629086 
545 175 63 56 0.03345938 
132 43 57 61 0.033036433 
724 21 43 57 0.03207409 
191 62 37 38 0.03166531 
707 6 40 43 0.03129568 
229 -1 55 53 0.030946916 
2 287 38 54 0.03084409 
743 32 46 60 0.029184325 
867 224 52 56 0.028736118 
25 475 11 15 0.028517105 
876 0 18 21 0.02844258 
517 206 67 73 0.028066866 
675 19 48 55 0.027970366 
939 2 28 37 0.027412226 
118 446 11 13 0.027213695 
492 235 44 44 0.026591849 
199 84 49 58 0.026440041 
630 139 53 59 0.026234677 
170 92 39 44 0.026049612 
624 77 89 98 0.026020546 
919 113 48 66 0.025586117 
78 221 10 12 0.025516639 
881 205 54 56 0.025179802 
466 213 48 56 0.024670646 
111 413 11 14 0.024316214 
787 0 61 50 0.024266884 
22 20 94 134 0.023468252 
436 287 45 53 0.023445854 
212 54 27 31 0.022980973 
674 132 56 73 0.022928478 
696 331 50 56 0.022602523 
720 264 58 59 0.0225683 
622 324 13 16 0.022491287 
550 148 99 101 0.022438584 
272 420 128 131 0.022155378 
696 355 30 36 0.021424191 
93 70 10 13 0.021375092 
223 94 45 53 0.021373697 
576 169 54 55 0.020667464 
770 17 64 65 0.020437382 
103 226 32 30 0.020177701 
659 58 88 111 0.020008627 
