3_Riot_Riot_3_1037
87
678 138 32 42 0.999226 
603 182 26 33 0.9990388 
971 208 34 43 0.99824214 
59 499 48 61 0.9981376 
299 155 33 43 0.9973984 
771 175 29 34 0.99559313 
677 413 42 54 0.993749 
716 152 28 33 0.97645843 
1 688 87 100 0.9738893 
287 453 30 40 0.54633236 
77 165 70 61 0.5155345 
516 187 64 90 0.3467343 
87 170 41 39 0.21645997 
272 440 31 44 0.21384938 
97 182 68 67 0.16666368 
299 443 25 37 0.15704332 
326 440 13 18 0.09893069 
54 147 112 97 0.090297624 
316 442 14 19 0.08437356 
275 441 15 23 0.07952816 
450 439 38 49 0.06474502 
727 404 43 59 0.05982318 
412 489 13 17 0.05619104 
967 154 36 39 0.056024976 
192 503 38 43 0.05529416 
684 184 21 28 0.054831058 
446 452 13 16 0.052102946 
509 998 27 26 0.051525112 
803 572 50 59 0.049496256 
34 118 165 170 0.047239587 
475 129 13 17 0.046389837 
643 583 17 21 0.046084117 
372 464 14 16 0.04531938 
291 437 15 20 0.043610103 
702 766 163 239 0.042981192 
286 434 29 36 0.041866764 
210 560 65 79 0.04141747 
441 451 27 36 0.040192097 
983 907 13 17 0.040161505 
307 437 17 23 0.039881807 
409 485 12 14 0.03849419 
466 426 11 14 0.03702457 
35 419 12 15 0.036778383 
706 269 18 22 0.03671373 
217 499 63 52 0.035765942 
917 890 32 36 0.035395436 
696 410 40 55 0.034856286 
343 901 130 121 0.034385893 
978 946 27 38 0.03305611 
421 460 8 10 0.032849863 
310 440 22 31 0.032611057 
954 207 16 20 0.03253729 
460 166 10 12 0.032397192 
434 444 10 13 0.02999544 
381 467 13 17 0.029785115 
461 173 10 13 0.029465461 
913 845 44 44 0.02908471 
894 1006 15 15 0.028030364 
2 709 32 42 0.026834585 
46 716 37 47 0.02661605 
385 352 376 456 0.0258945 
444 460 15 20 0.025393544 
968 471 12 13 0.02478413 
367 456 23 27 0.024742138 
407 456 8 11 0.024420135 
301 813 54 74 0.024400366 
305 462 16 21 0.024346596 
67 863 31 30 0.023581402 
197 518 63 68 0.023557413 
524 599 15 18 0.023440326 
407 138 12 16 0.023287183 
452 140 15 18 0.022447497 
388 472 10 14 0.022377864 
325 447 12 18 0.02196805 
422 139 12 14 0.021784442 
762 594 31 55 0.021735862 
989 924 13 18 0.021669216 
721 170 30 34 0.02105511 
928 901 27 36 0.020995965 
967 954 31 39 0.02078878 
346 243 14 21 0.020782385 
413 140 10 14 0.020467695 
302 426 28 38 0.020430883 
408 480 9 11 0.020270403 
453 179 12 15 0.020228626 
436 155 21 29 0.020173699 
978 928 26 38 0.02012617 
