3_Riot_Riot_3_790
108
206 275 26 32 0.9969959 
812 269 19 23 0.9853896 
785 250 17 23 0.97914267 
928 272 15 19 0.94014674 
244 253 18 23 0.93785053 
484 261 10 15 0.87235725 
986 275 16 19 0.8602532 
259 239 16 20 0.72971374 
429 272 15 17 0.6888028 
217 250 17 20 0.67196167 
325 260 15 19 0.63319933 
348 418 41 40 0.57380545 
284 286 18 21 0.48530388 
515 264 14 17 0.37811422 
431 289 12 14 0.2774782 
509 281 16 21 0.20826192 
853 263 15 19 0.19188844 
984 252 22 28 0.15412611 
448 286 11 15 0.14941537 
835 264 15 20 0.144562 
243 351 15 21 0.12703684 
400 286 10 13 0.122498766 
843 262 17 21 0.11877497 
510 300 16 20 0.10909109 
424 496 36 58 0.10770238 
406 286 9 12 0.088920005 
962 309 14 18 0.086374514 
531 282 12 16 0.08502486 
824 265 19 25 0.08223725 
310 291 12 19 0.07667969 
204 257 17 20 0.07654608 
513 253 11 13 0.06749894 
428 278 19 24 0.06745891 
1012 252 11 18 0.06512517 
984 255 13 16 0.060318813 
984 319 25 27 0.06004413 
425 275 12 15 0.05880958 
775 245 12 15 0.058058955 
434 340 12 16 0.055327922 
709 269 8 10 0.053341378 
585 264 10 12 0.051832013 
413 291 10 14 0.04895543 
616 264 10 12 0.047000885 
380 260 14 18 0.04591352 
521 278 21 26 0.045476478 
993 250 17 21 0.04544194 
764 261 15 18 0.043760363 
861 298 12 15 0.043573152 
391 285 8 12 0.04304664 
479 255 12 15 0.04297872 
451 290 11 15 0.0409824 
982 270 14 20 0.04095498 
544 270 10 12 0.04069183 
385 285 9 12 0.039892342 
518 248 10 12 0.037519135 
372 259 16 20 0.037466723 
776 253 20 26 0.036575995 
914 282 16 19 0.03654835 
1001 248 20 26 0.035558052 
246 346 24 30 0.035375465 
538 333 12 17 0.034913156 
384 279 10 12 0.034395542 
226 256 15 18 0.03401074 
536 327 12 14 0.03198731 
878 308 12 16 0.030272333 
550 269 10 13 0.029958557 
956 333 13 16 0.02892103 
569 512 24 31 0.028483458 
434 333 14 16 0.027979221 
236 272 22 30 0.027620222 
727 278 9 11 0.027388314 
368 422 37 49 0.0273763 
940 297 16 19 0.027061732 
433 347 11 13 0.027047819 
139 330 31 36 0.026789254 
512 273 17 21 0.02664358 
181 326 24 30 0.025782228 
513 287 17 21 0.025714723 
751 261 11 15 0.025709497 
502 270 11 15 0.024917096 
601 239 10 13 0.024835255 
999 281 21 28 0.024834353 
218 275 23 31 0.024504388 
793 221 10 14 0.02448596 
918 289 14 18 0.02434192 
523 267 12 14 0.024261193 
258 271 14 21 0.024234612 
126 363 11 15 0.024206068 
815 307 15 18 0.024180794 
477 277 14 18 0.024104176 
491 260 11 14 0.023107653 
947 294 13 17 0.022826344 
619 266 11 12 0.022788264 
894 270 12 15 0.022670623 
534 270 11 14 0.022567028 
402 255 15 19 0.022487022 
430 263 13 15 0.022402542 
410 616 18 19 0.022233061 
270 290 14 18 0.02221844 
502 275 14 20 0.021997334 
492 283 14 21 0.021542927 
1005 323 13 17 0.020897122 
992 281 16 17 0.020890838 
470 299 11 13 0.020749511 
407 290 11 14 0.020701732 
251 279 15 22 0.02054467 
501 261 11 14 0.020401338 
333 310 13 17 0.020301608 
