3_Riot_Riot_3_354
137
403 160 25 30 0.9702084 
498 177 21 30 0.93160725 
619 97 14 17 0.85817575 
916 109 18 22 0.5852954 
385 250 30 47 0.4619184 
238 153 23 27 0.34749952 
429 124 12 17 0.31313145 
421 116 12 15 0.28634614 
692 61 11 15 0.24932799 
346 256 40 54 0.22300284 
548 131 16 20 0.21739362 
648 98 11 13 0.18085669 
555 136 16 21 0.1670996 
734 68 13 15 0.1159465 
345 229 35 48 0.10859603 
705 77 8 11 0.100135 
753 72 9 12 0.09905649 
766 60 12 14 0.09637279 
693 85 8 11 0.096056536 
694 103 10 12 0.09446936 
702 94 10 12 0.094213285 
785 94 9 11 0.092359975 
695 58 8 11 0.08655151 
976 147 22 33 0.081241 
286 304 58 59 0.080589786 
702 105 12 15 0.080116756 
626 70 8 11 0.07976849 
770 123 26 38 0.078490414 
689 101 9 11 0.07781254 
689 66 11 14 0.077526115 
740 76 11 14 0.072653994 
719 75 9 12 0.07196954 
629 70 11 13 0.06951922 
592 288 46 68 0.0686085 
798 78 11 12 0.064061545 
710 75 9 12 0.06287493 
757 71 10 12 0.062033225 
672 134 12 17 0.061114546 
487 116 10 12 0.05883075 
657 78 10 12 0.057267297 
703 71 9 12 0.057067808 
544 136 13 18 0.056237888 
748 91 11 14 0.05353862 
239 150 15 19 0.0532825 
655 63 9 12 0.052493457 
707 107 12 14 0.051111497 
688 94 10 13 0.050880685 
564 133 12 16 0.049652904 
748 84 12 15 0.049429335 
669 353 107 125 0.049414877 
366 256 38 51 0.049027666 
677 52 9 12 0.045864396 
471 127 9 12 0.045767568 
694 93 9 12 0.045397714 
170 246 31 48 0.044469774 
787 132 26 29 0.043141678 
514 181 14 17 0.04263161 
621 89 13 15 0.042447742 
961 139 25 36 0.040491965 
523 95 14 16 0.040050056 
573 122 14 17 0.039660737 
815 87 10 12 0.03870169 
132 191 49 69 0.037345942 
495 131 11 15 0.036505334 
563 142 12 19 0.03592364 
656 69 9 12 0.034409717 
348 199 46 56 0.034353282 
568 117 13 15 0.032817215 
756 75 13 14 0.032573182 
688 77 11 14 0.031921815 
762 62 9 12 0.031818993 
117 189 16 20 0.031698376 
1011 249 12 19 0.03130124 
694 78 9 12 0.031257354 
729 70 11 13 0.03065906 
803 129 16 26 0.030368358 
8 238 44 54 0.03031807 
449 23 17 21 0.029379657 
681 62 8 10 0.0293181 
778 114 28 36 0.029148672 
544 127 12 16 0.02914413 
631 74 11 14 0.028987607 
632 42 9 12 0.028921783 
709 93 10 12 0.028854001 
687 106 11 14 0.028827934 
392 206 33 36 0.028639229 
202 263 29 37 0.028592225 
689 56 9 12 0.028579636 
248 158 19 22 0.02823854 
465 126 10 14 0.028063199 
638 90 11 15 0.027952716 
493 117 11 11 0.027945895 
415 110 19 24 0.02776265 
485 179 23 30 0.027728008 
804 115 23 33 0.027463531 
694 318 9 11 0.027444141 
971 145 18 23 0.027374994 
249 146 16 19 0.02736401 
230 143 37 45 0.027265903 
813 101 13 15 0.027003394 
985 147 15 22 0.02621285 
112 187 26 36 0.026037771 
381 333 55 59 0.02582706 
617 70 8 12 0.025552506 
564 116 22 27 0.025429115 
648 69 10 12 0.025414428 
679 93 10 14 0.024801943 
808 102 24 31 0.02478178 
727 75 10 13 0.024444947 
731 57 21 26 0.024400383 
660 84 11 13 0.024164036 
230 273 14 23 0.023910236 
539 107 11 14 0.023263574 
998 135 24 29 0.02323678 
412 150 13 16 0.022707041 
229 251 23 37 0.02269078 
311 245 45 59 0.022599148 
158 238 28 47 0.022465723 
649 62 10 12 0.022333514 
101 244 28 32 0.022067163 
680 69 10 12 0.021927187 
476 126 10 14 0.021637682 
436 118 10 14 0.021376977 
215 257 35 51 0.021243019 
699 61 9 13 0.0211934 
372 155 14 17 0.021167664 
617 103 13 16 0.020917814 
359 225 42 60 0.02080834 
762 52 21 27 0.02076092 
494 138 12 17 0.020727715 
703 85 9 12 0.020602962 
493 176 39 46 0.020397212 
534 132 25 30 0.020121101 
989 140 25 34 0.02006137 
96 263 27 28 0.020049129 
405 151 14 16 0.020024559 
694 296 9 12 0.02002203 
