3_Riot_Riot_3_542
425
172 259 19 26 0.98038566 
198 334 28 34 0.97795725 
228 255 18 23 0.96331006 
453 397 24 38 0.96237355 
102 255 18 21 0.9513046 
895 266 15 18 0.85742927 
139 256 20 23 0.8491108 
309 271 17 21 0.840684 
767 260 13 17 0.7649659 
74 267 21 25 0.71859604 
398 248 8 11 0.6819197 
298 252 14 17 0.66796184 
805 273 12 16 0.6445926 
940 264 21 26 0.64126843 
788 260 13 16 0.58844984 
420 270 10 14 0.5680051 
297 215 8 10 0.5507182 
343 259 11 14 0.52144766 
438 248 10 13 0.4942831 
418 249 10 11 0.48544455 
695 273 14 18 0.4783755 
458 261 13 15 0.4752447 
628 267 14 17 0.4666765 
124 256 13 17 0.42791936 
365 260 11 15 0.42654923 
478 248 10 12 0.39988664 
359 266 13 17 0.3899761 
215 215 10 13 0.36283705 
232 290 26 28 0.34525257 
327 241 11 14 0.3391667 
827 261 13 16 0.32040757 
179 191 11 13 0.25265136 
119 281 12 16 0.25100237 
576 253 12 16 0.24665381 
562 243 13 16 0.24219798 
669 255 11 15 0.2397995 
211 247 14 19 0.23586535 
441 284 12 15 0.22987048 
372 260 10 13 0.22410634 
417 386 30 34 0.2155308 
613 258 11 14 0.20044874 
722 256 13 17 0.19989033 
399 275 11 13 0.19790334 
280 261 12 15 0.19661959 
394 246 9 12 0.19488193 
456 247 12 14 0.1885175 
743 271 10 13 0.18189113 
593 260 10 12 0.1811612 
847 244 13 16 0.17469677 
896 247 10 13 0.17086262 
346 231 8 11 0.16683516 
992 249 14 18 0.1639962 
351 238 10 12 0.16100559 
795 259 11 13 0.16100024 
760 258 13 16 0.15578994 
458 253 13 15 0.15541585 
509 252 11 13 0.15466705 
661 235 12 14 0.15401796 
267 280 12 17 0.15103087 
625 228 9 11 0.15049745 
560 250 11 13 0.14907414 
960 246 12 15 0.14156105 
416 310 13 17 0.1408029 
637 231 10 12 0.14064518 
312 245 10 14 0.1404112 
931 323 15 19 0.1401422 
684 256 13 16 0.13977942 
350 230 10 12 0.13756193 
324 231 9 11 0.13695222 
316 253 11 13 0.1342215 
252 265 15 17 0.13275817 
645 256 10 13 0.12476992 
358 224 10 12 0.1233117 
841 268 16 20 0.12259541 
863 227 10 12 0.12178253 
382 239 8 11 0.121533856 
894 251 14 17 0.120964065 
474 250 11 14 0.11566394 
860 250 14 18 0.114941865 
329 215 9 11 0.11383487 
766 293 15 20 0.11247856 
4 201 32 35 0.111903004 
615 240 11 13 0.111117646 
408 263 9 11 0.110327125 
353 243 10 13 0.1092521 
313 220 10 12 0.10683816 
932 319 24 30 0.10668659 
872 245 12 17 0.10632363 
281 225 10 12 0.10606877 
326 220 11 13 0.10305832 
66 271 23 29 0.10257943 
311 240 10 12 0.10112041 
655 273 13 15 0.100563034 
264 246 10 15 0.10007224 
255 211 10 11 0.09988884 
206 243 15 19 0.098148875 
219 270 16 21 0.09797658 
722 236 15 18 0.09556504 
593 223 9 12 0.09348901 
655 244 12 14 0.09303065 
392 239 8 10 0.09202836 
393 231 8 9 0.0896081 
827 273 15 18 0.08806854 
317 245 10 13 0.08790429 
59 285 14 20 0.08649152 
316 259 12 15 0.08587963 
631 230 10 13 0.085873045 
814 295 11 15 0.08291071 
0 266 13 22 0.082836166 
853 248 14 18 0.08257173 
134 214 10 12 0.08223101 
961 142 10 13 0.08204459 
478 275 15 17 0.08203289 
593 251 13 17 0.08183162 
622 237 10 13 0.081440605 
809 236 9 11 0.08085662 
815 254 10 13 0.07922212 
279 205 9 13 0.07876812 
406 268 12 15 0.07734299 
421 293 13 16 0.07675359 
574 245 11 15 0.076550096 
318 222 10 12 0.076262645 
661 271 11 14 0.07576222 
270 234 12 16 0.07476437 
609 253 11 15 0.07403509 
284 228 9 12 0.07398323 
619 242 11 14 0.072922364 
638 260 13 16 0.07227412 
1004 264 17 20 0.07169709 
740 287 16 19 0.07168088 
574 238 9 13 0.07004172 
543 273 13 15 0.069471985 
405 379 30 33 0.06934863 
360 256 12 15 0.069034405 
248 207 11 14 0.06897194 
693 252 12 15 0.06876968 
844 298 14 18 0.06865643 
276 238 432 460 0.06785471 
701 251 13 16 0.067201 
1 259 23 35 0.06714725 
572 362 19 20 0.06710096 
377 239 9 11 0.065838486 
708 257 13 17 0.065458775 
241 188 9 12 0.06509859 
394 251 10 13 0.06435117 
935 254 12 15 0.06387305 
563 231 13 15 0.06330028 
952 315 26 32 0.0619013 
833 239 8 11 0.06128879 
478 269 13 15 0.061124623 
421 263 11 14 0.05999038 
85 304 16 20 0.05949713 
349 404 92 98 0.059156697 
308 249 14 17 0.059143297 
838 244 11 13 0.05872893 
264 228 12 15 0.05836261 
503 247 11 13 0.058161885 
337 259 12 15 0.05782431 
542 255 12 15 0.057810105 
356 487 32 29 0.057451952 
320 272 15 21 0.05702115 
112 253 19 23 0.056389056 
397 241 9 10 0.05632081 
484 267 14 15 0.05522661 
397 285 11 14 0.054855272 
621 257 19 23 0.054195408 
800 270 11 14 0.05415959 
951 142 24 28 0.053435314 
549 227 9 12 0.05294795 
15 185 12 14 0.05270721 
115 306 13 18 0.051950015 
837 240 9 12 0.05178039 
443 391 28 37 0.051763993 
287 253 12 16 0.051275592 
422 288 11 13 0.050751165 
376 245 9 11 0.050419368 
478 258 13 16 0.05031623 
290 300 17 21 0.049792804 
460 313 13 19 0.049479958 
852 241 11 14 0.049281437 
264 235 12 15 0.048970956 
670 275 12 17 0.048751246 
142 185 11 14 0.04847794 
378 281 13 18 0.04831451 
244 260 15 19 0.048191097 
320 206 8 10 0.047031146 
606 244 10 14 0.04678868 
242 233 15 19 0.046553984 
393 269 11 14 0.04630727 
548 260 12 14 0.046117652 
747 253 14 17 0.045528416 
444 247 9 12 0.045420967 
296 210 8 11 0.04540226 
393 287 10 14 0.0452256 
159 232 14 18 0.045187972 
267 243 13 17 0.04482538 
629 221 11 13 0.044735022 
596 243 13 18 0.04457178 
495 238 8 11 0.044266008 
654 251 10 14 0.04423079 
656 237 13 15 0.04419527 
679 254 12 16 0.04375123 
352 225 11 12 0.043407977 
61 286 22 28 0.043399815 
940 323 31 35 0.043382455 
688 255 21 25 0.043055087 
742 300 14 17 0.043043554 
416 299 14 18 0.042988032 
596 269 10 13 0.04257775 
308 257 15 19 0.04203044 
947 255 23 29 0.04195273 
772 256 11 15 0.041700296 
746 276 12 14 0.04166704 
301 269 17 21 0.041393306 
25 306 53 56 0.041303255 
719 332 8 11 0.041295975 
399 222 8 11 0.041024253 
579 245 12 15 0.040488187 
199 187 10 12 0.0401287 
646 266 12 16 0.040126003 
665 254 10 13 0.039951976 
618 285 12 16 0.039786283 
502 260 10 12 0.039563216 
139 206 10 13 0.039537694 
744 244 11 13 0.03948352 
997 288 20 28 0.039411675 
445 251 10 15 0.038892247 
227 347 28 34 0.03883687 
496 286 12 15 0.038600933 
67 305 14 17 0.038597077 
633 264 15 18 0.038574044 
596 237 11 15 0.03852336 
835 260 15 17 0.038476583 
433 250 12 14 0.038303684 
359 289 13 17 0.038298108 
981 279 21 30 0.03800732 
405 247 9 10 0.037875585 
982 261 10 14 0.03764878 
482 245 12 13 0.037075672 
375 275 13 17 0.037050195 
841 255 20 25 0.036368333 
819 254 13 16 0.036187146 
366 222 8 10 0.036038045 
596 228 10 13 0.03601151 
453 419 32 37 0.035464883 
789 295 11 14 0.034831833 
558 234 20 24 0.03474657 
276 262 19 26 0.034736548 
486 239 11 12 0.03467014 
414 262 11 14 0.034409918 
697 256 20 25 0.034179613 
447 239 8 11 0.03410058 
430 453 44 57 0.034013428 
214 209 10 13 0.03398317 
375 222 8 10 0.03388677 
494 324 297 271 0.03387336 
72 300 22 26 0.033754807 
348 254 11 16 0.03345509 
286 206 8 11 0.03344605 
772 271 13 16 0.03338368 
252 243 14 17 0.03337903 
212 238 12 17 0.03302115 
798 283 13 16 0.03298478 
201 242 12 16 0.03270445 
707 245 12 16 0.03253634 
581 237 11 14 0.032357983 
646 235 10 13 0.031672254 
846 228 10 12 0.031401236 
405 391 33 41 0.031314954 
608 269 10 13 0.0312938 
317 215 9 11 0.03128683 
497 246 9 12 0.0311925 
44 225 12 16 0.031162476 
281 200 8 11 0.031085704 
1003 269 21 30 0.031000845 
320 199 9 11 0.030816453 
469 247 20 24 0.030742045 
533 261 11 14 0.030670017 
590 235 13 17 0.03065318 
645 228 11 13 0.030652612 
660 284 14 17 0.030567521 
660 242 11 14 0.030475097 
259 272 17 24 0.030370932 
575 284 10 12 0.030256748 
336 253 11 14 0.03025323 
867 255 15 22 0.030231884 
440 441 27 35 0.02979179 
258 212 12 14 0.029373702 
391 261 10 12 0.029297663 
327 208 8 10 0.02907228 
415 244 17 22 0.029024096 
795 293 13 16 0.029013228 
407 221 9 10 0.028821314 
112 283 12 16 0.028810155 
491 267 11 13 0.028593885 
700 282 13 16 0.02856181 
376 231 8 10 0.028537635 
960 304 22 30 0.028479144 
382 244 9 11 0.028457448 
895 241 10 12 0.028429283 
399 259 10 13 0.02834706 
392 420 85 104 0.028290464 
580 267 11 13 0.028203992 
240 230 12 17 0.028201416 
351 265 13 17 0.028095927 
849 253 20 26 0.0280906 
73 181 14 16 0.028082117 
995 283 16 21 0.027917769 
995 254 21 24 0.027886605 
285 199 8 11 0.027810013 
658 291 15 18 0.027792374 
333 220 10 12 0.027661746 
276 243 13 17 0.027622195 
636 222 11 13 0.027567543 
833 243 11 14 0.027557604 
244 268 24 27 0.027438961 
614 264 12 16 0.027398331 
245 222 11 14 0.027282145 
934 273 14 18 0.02728055 
352 216 8 9 0.02721553 
839 251 12 16 0.027047448 
998 382 25 47 0.027028445 
789 274 12 15 0.026886242 
957 239 14 16 0.026809368 
218 279 16 21 0.026742958 
258 260 12 16 0.026634207 
669 248 10 12 0.026530536 
276 665 29 36 0.026406659 
623 273 13 16 0.026246404 
397 231 8 10 0.026065309 
807 254 9 12 0.026002703 
630 215 10 13 0.02595535 
927 275 13 17 0.025835149 
415 266 18 22 0.025358768 
668 251 19 24 0.025326569 
610 253 21 26 0.025251975 
364 286 12 16 0.025174337 
372 267 12 16 0.025152043 
639 247 11 13 0.024935931 
395 242 17 23 0.024866218 
407 240 9 10 0.024638686 
499 238 12 14 0.02460898 
264 267 18 25 0.024553025 
81 261 15 20 0.024527412 
343 224 9 12 0.02448389 
295 265 13 19 0.024354951 
383 221 9 11 0.024267294 
394 433 16 19 0.024211308 
259 207 11 12 0.024156604 
737 269 11 14 0.024091508 
343 246 10 12 0.024067773 
443 444 17 20 0.023964914 
706 291 13 14 0.02390606 
742 259 13 16 0.02385096 
539 302 15 17 0.023816846 
568 241 20 24 0.023713747 
471 269 12 15 0.02366722 
249 277 22 28 0.023658698 
809 268 14 16 0.023621617 
261 221 12 16 0.023525223 
614 279 10 13 0.023523742 
447 646 31 33 0.023458615 
131 217 13 16 0.023446785 
837 239 20 26 0.023439743 
348 290 14 18 0.023401247 
554 363 47 48 0.023389066 
273 206 10 13 0.023353573 
997 273 16 21 0.023345824 
784 257 12 14 0.023326324 
569 366 27 31 0.023323556 
784 264 12 16 0.023240637 
542 248 10 13 0.023152882 
956 249 22 29 0.023017256 
647 274 13 15 0.022882676 
251 249 16 21 0.022869362 
250 291 16 21 0.022801721 
859 263 16 21 0.022710098 
5 205 43 55 0.022658141 
494 517 37 37 0.022514699 
929 253 11 15 0.022302564 
652 259 12 15 0.022285616 
888 259 13 19 0.022235362 
659 333 14 15 0.022199614 
876 207 13 16 0.022185285 
568 284 11 13 0.02213225 
581 286 10 12 0.022124419 
286 247 11 14 0.022108523 
471 258 13 16 0.022054346 
1001 407 22 38 0.022045458 
270 223 10 13 0.022034263 
454 242 20 23 0.022008853 
742 262 21 25 0.02198254 
354 289 21 28 0.02189303 
347 284 13 16 0.02184406 
576 212 10 13 0.021745184 
540 257 22 26 0.021701762 
414 240 10 11 0.021699574 
260 286 16 22 0.02162068 
684 265 15 18 0.021612016 
284 254 18 24 0.021534536 
528 261 11 14 0.02147785 
851 264 16 21 0.021453014 
1001 297 21 34 0.02137339 
812 237 9 12 0.021283776 
387 423 34 38 0.021218522 
789 252 20 24 0.02112154 
966 296 22 30 0.021067202 
933 251 23 29 0.021056298 
639 250 20 25 0.0209614 
63 276 13 18 0.020848185 
812 254 19 24 0.02084126 
731 242 13 16 0.020746091 
450 290 14 16 0.020681817 
406 255 9 11 0.020617647 
348 303 24 32 0.020565817 
300 352 22 30 0.020561142 
814 247 10 14 0.020544428 
374 290 12 15 0.02033005 
862 235 11 15 0.020322492 
951 243 11 14 0.020249812 
832 271 24 28 0.020186879 
707 265 13 16 0.02016484 
936 265 16 20 0.020131929 
625 216 10 12 0.020049002 
351 275 12 14 0.02000828 
