3_Riot_Riot_3_322
27
258 6 117 144 0.9988152 
365 881 31 39 0.44130528 
519 693 387 419 0.2840441 
499 678 231 289 0.25565693 
639 407 47 57 0.24397568 
349 478 346 463 0.12361654 
992 37 33 74 0.12223392 
387 -4 94 118 0.10260646 
50 1037 263 311 0.08891599 
521 511 328 449 0.07937673 
622 450 41 43 0.070344344 
14 929 421 490 0.050280306 
336 -1 111 138 0.046821892 
22 701 12 16 0.04598319 
639 790 222 275 0.04184647 
1005 737 14 21 0.029681947 
489 966 29 42 0.029041883 
746 933 67 76 0.027896263 
421 -2 105 133 0.027000055 
465 51 100 132 0.02434471 
685 992 37 46 0.023963794 
665 1175 193 252 0.02390055 
-20 633 370 474 0.020882271 
654 389 323 466 0.020691762 
-3 463 56 113 0.020625804 
628 430 39 48 0.020592075 
782 330 57 63 0.020415705 
