3_Riot_Riot_3_26
365
294 50 26 32 0.9991831 
250 229 31 38 0.9990783 
205 209 32 37 0.9990478 
789 61 27 35 0.99900645 
231 355 37 52 0.9989334 
359 71 27 32 0.99821377 
328 356 28 44 0.9977849 
658 63 26 33 0.99762064 
277 354 27 39 0.9975305 
674 228 29 32 0.9975178 
718 392 30 44 0.9965989 
193 44 21 29 0.9965928 
846 35 25 30 0.9965403 
248 93 25 29 0.9957158 
816 9 26 33 0.9956098 
935 161 29 38 0.99556977 
854 386 27 41 0.99525464 
464 75 26 30 0.9948718 
421 369 34 44 0.99369824 
940 -3 25 29 0.99233186 
986 185 33 41 0.9908407 
357 222 32 35 0.9883295 
1001 43 22 28 0.9852009 
467 209 27 32 0.9811529 
783 213 28 36 0.98063654 
899 155 27 33 0.9788441 
255 332 32 37 0.9738946 
16 99 25 29 0.97323745 
337 423 26 38 0.97256875 
645 -1 25 24 0.96661156 
760 34 25 32 0.96390843 
973 16 23 27 0.9612609 
725 356 30 39 0.95520073 
894 45 24 28 0.94984204 
415 348 30 43 0.94973207 
674 355 33 36 0.9300923 
557 234 29 35 0.9199075 
646 211 22 26 0.8933871 
281 206 26 31 0.881801 
208 434 22 37 0.8791848 
537 99 20 23 0.8777955 
796 344 16 20 0.8609555 
52 243 26 35 0.7891543 
98 362 23 29 0.7531087 
780 397 22 27 0.6748333 
151 331 26 31 0.65769154 
940 412 23 30 0.6324113 
58 324 26 33 0.6293144 
53 192 26 33 0.62458694 
642 345 24 35 0.5405636 
61 570 20 34 0.525455 
891 243 23 30 0.4347922 
786 367 21 30 0.42370257 
863 356 14 18 0.42282662 
620 197 15 21 0.3990782 
532 212 25 31 0.37767336 
759 439 14 23 0.36145368 
602 215 27 37 0.33806568 
973 414 14 18 0.31991437 
735 492 24 33 0.3188133 
163 526 18 24 0.31008995 
961 381 17 23 0.30590189 
329 204 31 38 0.2964002 
511 81 16 20 0.29551944 
209 494 21 36 0.28404355 
428 215 26 33 0.28060538 
523 519 23 32 0.2605373 
923 370 13 18 0.23963553 
244 571 24 30 0.23850656 
913 343 9 12 0.23782493 
917 363 14 22 0.2324285 
758 69 17 22 0.23033096 
599 50 21 29 0.21260947 
786 446 25 38 0.20452511 
830 373 15 22 0.19200882 
948 417 25 34 0.16706909 
722 371 34 52 0.13733244 
979 363 15 17 0.13377528 
966 372 13 18 0.12830044 
122 513 23 32 0.12460887 
259 499 22 34 0.12294203 
951 407 12 15 0.120750844 
43 320 36 46 0.11975521 
787 381 17 25 0.117288634 
731 340 30 36 0.115123816 
787 397 25 33 0.113196 
964 418 22 29 0.10945997 
795 369 22 30 0.10877846 
126 424 16 21 0.10794018 
92 509 18 21 0.10544612 
888 333 17 20 0.10354247 
912 357 12 16 0.10035866 
582 550 42 53 0.098340556 
150 350 16 21 0.09792058 
307 576 33 35 0.0977543 
337 212 35 40 0.09608617 
771 372 16 23 0.09213242 
578 516 32 46 0.09056309 
425 228 29 39 0.08990976 
941 403 11 15 0.08618895 
971 370 13 17 0.08555069 
853 306 11 15 0.084871374 
132 518 25 30 0.08433233 
690 48 20 29 0.08397294 
2 557 28 55 0.08375495 
996 440 26 31 0.08318279 
995 379 13 15 0.081201926 
461 215 39 45 0.0802461 
517 231 12 16 0.07767433 
769 312 25 29 0.07699658 
19 505 17 22 0.07662667 
891 237 16 19 0.075815074 
887 244 17 21 0.07569348 
868 351 12 17 0.07401683 
131 434 12 15 0.07343346 
999 415 10 14 0.07147197 
206 504 14 21 0.07086186 
653 387 21 31 0.07059137 
779 526 41 54 0.070510924 
821 362 19 26 0.06964567 
585 499 32 36 0.06926651 
506 65 26 34 0.06857808 
132 362 16 20 0.067101106 
203 450 18 26 0.06689231 
99 357 15 22 0.065879606 
756 45 24 34 0.065595895 
454 546 23 39 0.06481341 
363 571 21 26 0.06464126 
882 477 40 53 0.06316234 
859 381 15 23 0.062453825 
376 382 25 33 0.062334813 
774 404 25 31 0.062235888 
730 490 17 28 0.06203891 
757 378 15 19 0.061584886 
877 347 11 17 0.060617607 
989 386 14 19 0.05976658 
988 360 16 18 0.05930632 
219 491 16 25 0.058559805 
56 444 12 15 0.058521733 
904 242 24 34 0.058104634 
1006 313 13 20 0.05799343 
789 355 16 19 0.057906512 
790 362 17 22 0.057554934 
492 436 41 53 0.05664378 
590 497 14 18 0.05603647 
539 220 28 38 0.054430258 
656 550 29 35 0.05419939 
341 409 25 35 0.053680126 
969 380 15 19 0.053605232 
117 520 14 20 0.053450257 
570 540 39 51 0.05319557 
581 524 45 58 0.053114157 
322 426 25 39 0.05292639 
886 433 14 19 0.05291163 
158 329 13 15 0.050735425 
920 513 58 60 0.0505562 
149 440 16 20 0.049928997 
50 539 15 17 0.04987944 
235 562 17 25 0.04962884 
62 473 21 30 0.049220126 
763 374 16 22 0.0489581 
883 359 15 21 0.048196714 
865 352 21 26 0.04788559 
40 534 26 28 0.047456916 
740 332 15 20 0.0473378 
937 399 12 15 0.047098268 
387 379 12 17 0.04694353 
772 415 17 23 0.046825096 
190 442 29 33 0.046727482 
464 544 24 35 0.045523457 
937 417 14 20 0.045242053 
408 438 22 33 0.04520565 
14 541 42 52 0.045143217 
212 489 16 25 0.04497224 
950 504 33 35 0.04496585 
375 439 15 22 0.044294786 
885 344 14 21 0.044272356 
901 488 51 54 0.043928724 
9 503 25 31 0.043868884 
794 457 27 36 0.04346549 
545 517 43 52 0.042790193 
894 306 16 21 0.04101157 
810 370 18 24 0.04094877 
472 443 12 18 0.04094636 
988 426 12 17 0.040754527 
952 387 13 16 0.04047521 
604 46 13 17 0.039601933 
299 368 23 33 0.03952453 
377 571 16 22 0.039193965 
471 433 25 34 0.039055765 
657 453 27 36 0.03894232 
974 567 26 44 0.038815632 
997 472 13 20 0.038300592 
557 511 23 36 0.038287945 
774 399 18 22 0.03804598 
981 386 14 20 0.037776284 
957 430 15 23 0.03773691 
609 207 19 24 0.03749466 
340 387 29 33 0.037447374 
936 402 22 28 0.037437156 
994 356 14 18 0.03693774 
686 361 38 52 0.036804516 
72 477 23 33 0.03666458 
645 205 36 44 0.03645965 
874 485 32 37 0.03612627 
739 482 37 47 0.036117747 
521 219 23 30 0.035934906 
0 264 9 17 0.035729434 
468 552 14 22 0.035392642 
856 474 12 16 0.03525485 
71 329 13 19 0.034917485 
139 367 16 21 0.03488998 
580 457 27 34 0.03454324 
725 366 18 26 0.0341528 
742 369 28 32 0.03400967 
740 325 11 14 0.03361668 
874 359 17 21 0.033398576 
562 563 26 39 0.03339201 
872 419 23 30 0.0333807 
313 436 25 33 0.03320029 
820 356 16 19 0.03317403 
379 524 26 36 0.03312612 
51 263 30 37 0.033068907 
85 423 15 21 0.033008646 
107 510 22 30 0.03296054 
915 348 11 13 0.032959033 
245 498 27 34 0.032876518 
877 4 27 28 0.032681357 
651 348 27 38 0.032512244 
1002 417 15 20 0.032219984 
243 343 39 51 0.0319769 
27 509 15 21 0.03155241 
774 457 37 49 0.03154775 
417 563 22 30 0.031485476 
898 482 17 28 0.03144736 
92 420 13 18 0.03135354 
219 435 24 32 0.03102072 
847 301 13 18 0.0306384 
995 420 25 33 0.030537639 
593 167 18 21 0.030308425 
141 522 27 30 0.030189175 
768 377 23 30 0.029986588 
473 543 28 34 0.029979847 
345 403 18 21 0.029864496 
931 372 11 15 0.029733462 
731 402 29 31 0.029329576 
13 501 15 20 0.029317813 
684 581 22 34 0.029255064 
33 505 16 23 0.02891531 
534 484 15 17 0.028872455 
771 444 26 36 0.028866187 
990 404 10 15 0.028459044 
796 405 25 30 0.028405491 
822 14 33 45 0.028366271 
992 412 11 16 0.028268693 
35 482 23 34 0.028231943 
529 522 32 37 0.028218174 
800 393 18 25 0.028178167 
214 566 31 30 0.028155388 
991 373 12 15 0.028137812 
901 353 13 18 0.028047236 
897 235 18 22 0.027986096 
470 484 13 20 0.02783175 
85 482 27 34 0.027661234 
45 248 17 22 0.027273072 
931 499 40 36 0.02725025 
27 535 29 35 0.026924271 
997 405 22 28 0.026718915 
377 125 19 21 0.026607197 
1003 410 24 30 0.02651334 
509 228 21 28 0.026489852 
746 334 16 20 0.026296986 
940 534 49 63 0.026247378 
354 363 25 33 0.026247159 
1012 417 13 17 0.026070356 
486 584 41 44 0.026012732 
988 438 23 29 0.025988564 
757 465 37 49 0.025970355 
52 475 21 31 0.02595136 
639 464 25 37 0.02564864 
138 431 24 31 0.02558405 
163 513 18 26 0.025573993 
196 552 28 36 0.025522357 
473 478 25 31 0.025440052 
324 206 19 26 0.02502946 
933 367 22 27 0.024823297 
1004 436 16 18 0.024778899 
630 194 23 30 0.024580546 
670 564 26 36 0.024454113 
375 445 25 31 0.024343358 
264 411 24 33 0.024308885 
761 318 26 30 0.024190417 
636 478 17 22 0.024052545 
316 363 28 38 0.023897998 
196 492 26 36 0.023882087 
0 540 21 37 0.023495171 
988 351 15 19 0.023476634 
81 379 11 17 0.023197843 
49 565 37 48 0.023144731 
753 339 17 20 0.023114113 
89 364 23 31 0.023078151 
51 131 18 23 0.023004511 
659 568 26 31 0.022982782 
997 393 13 18 0.022961644 
46 303 28 40 0.022959435 
987 442 38 53 0.022901671 
114 186 38 40 0.022854555 
132 439 14 19 0.02274157 
553 538 40 49 0.022716682 
595 387 23 29 0.022597654 
907 306 101 118 0.022577107 
68 468 14 19 0.02253309 
51 330 20 24 0.022464402 
735 326 11 14 0.022405513 
211 482 28 38 0.022258867 
379 562 24 31 0.02210699 
927 556 39 51 0.022005096 
759 385 22 30 0.021952666 
954 412 13 16 0.021895211 
813 360 17 21 0.021886302 
988 434 13 18 0.021872196 
411 423 22 35 0.021867866 
484 499 26 31 0.021858174 
883 368 13 19 0.021754166 
892 352 13 18 0.02172088 
586 492 23 29 0.021711187 
91 417 23 31 0.02160746 
715 487 27 36 0.021606043 
265 490 25 36 0.02152232 
44 550 32 42 0.021482525 
559 610 46 49 0.021446057 
891 429 14 19 0.021429665 
334 373 34 35 0.02133428 
650 341 16 19 0.021308692 
731 345 19 22 0.021276763 
3 485 31 40 0.02125358 
924 358 12 17 0.021243496 
506 509 39 47 0.02122734 
955 517 32 42 0.021199005 
109 348 12 15 0.021179108 
113 370 14 18 0.02095787 
762 438 24 33 0.020948244 
64 183 26 36 0.020943023 
59 339 18 24 0.020941842 
742 550 31 36 0.020924972 
369 371 23 35 0.02087828 
735 331 13 17 0.020867161 
196 329 26 33 0.020853402 
355 426 25 36 0.020834066 
885 251 18 24 0.020833574 
950 377 22 27 0.020823838 
368 519 27 38 0.020778434 
420 421 16 20 0.020748079 
890 322 18 23 0.020675704 
949 513 18 18 0.020553516 
495 506 16 20 0.02046366 
53 440 22 29 0.02026985 
846 467 26 34 0.020259641 
455 518 25 30 0.020230994 
73 404 38 52 0.020132305 
989 467 24 32 0.020115146 
725 504 46 57 0.020076666 
47 444 12 16 0.020070117 
758 534 43 54 0.020007795 
300 388 18 22 0.020007374 
