3_Riot_Riot_3_725
109
728 262 25 30 0.99756086 
816 247 28 32 0.9905668 
389 230 23 28 0.9859439 
462 243 25 28 0.98579097 
384 276 26 35 0.98424363 
262 237 22 27 0.9748711 
634 214 39 48 0.974683 
296 246 21 28 0.9705511 
514 281 29 34 0.96619415 
324 239 18 25 0.8271562 
899 155 13 17 0.76991993 
941 151 12 16 0.6835728 
680 248 28 35 0.6785376 
734 233 18 20 0.64523834 
280 217 15 18 0.54824084 
227 284 12 15 0.38151574 
837 132 10 15 0.29907998 
307 223 18 21 0.29806903 
419 272 21 28 0.26950452 
452 240 25 32 0.26661503 
544 120 16 19 0.21422082 
863 146 15 20 0.19720788 
299 228 25 33 0.19358478 
959 184 14 22 0.19024722 
442 241 16 23 0.16834001 
247 253 12 16 0.1332362 
888 189 10 14 0.11401936 
692 287 21 27 0.10132407 
409 232 16 21 0.10127323 
534 115 26 30 0.09976482 
833 350 17 23 0.096752025 
768 247 12 14 0.09529716 
482 301 12 16 0.09155813 
893 188 14 18 0.08123604 
867 143 12 15 0.07904148 
946 155 12 15 0.07525252 
315 230 19 27 0.0745495 
475 244 24 28 0.069486625 
950 454 11 14 0.06882022 
985 549 25 30 0.061992142 
524 127 24 30 0.060376085 
525 139 16 22 0.059390176 
314 241 22 28 0.05831813 
895 160 13 17 0.057727583 
476 105 58 59 0.05588296 
53 75 212 198 0.054623425 
780 288 14 20 0.054138195 
675 273 29 38 0.05057387 
435 351 17 23 0.048761897 
851 181 12 15 0.04742569 
691 243 16 23 0.0469556 
316 323 13 14 0.04605723 
459 223 16 18 0.04538841 
668 241 16 22 0.045197923 
783 284 21 28 0.045090597 
765 248 18 24 0.044700682 
854 155 13 17 0.04410732 
962 177 24 33 0.042779095 
831 134 21 30 0.042551696 
38 12 129 106 0.042242583 
490 239 22 27 0.04157921 
417 100 42 45 0.041036934 
533 128 14 18 0.040714998 
540 257 25 32 0.039793875 
342 273 15 20 0.039645955 
670 241 27 32 0.038848493 
426 285 17 21 0.03848196 
447 224 362 477 0.036611583 
459 92 95 97 0.036008615 
427 212 20 25 0.03551642 
-27 288 390 445 0.03494618 
439 220 14 19 0.034462035 
748 236 12 17 0.03029547 
503 105 56 55 0.030216137 
768 260 20 28 0.02952307 
513 132 25 29 0.028517995 
487 122 35 35 0.028444977 
710 314 16 20 0.028307496 
950 163 11 13 0.027729247 
353 45 103 104 0.027106095 
309 216 14 17 0.027014766 
771 269 22 28 0.026408037 
864 143 23 28 0.02640331 
395 68 83 93 0.025972879 
414 267 16 23 0.025159325 
905 154 14 18 0.025079329 
766 298 19 25 0.024934236 
863 135 12 14 0.024202408 
827 339 29 37 0.024104672 
256 232 35 46 0.023830036 
836 126 19 25 0.023665952 
620 261 28 35 0.023614362 
270 213 12 16 0.023559825 
432 245 24 29 0.023396542 
425 85 91 88 0.022727076 
919 135 20 27 0.022665778 
650 233 33 35 0.02256578 
373 242 12 16 0.022562727 
944 451 12 17 0.022547008 
438 223 19 27 0.022402117 
280 207 11 15 0.02230212 
151 129 102 158 0.021908877 
846 174 21 27 0.021522572 
251 241 25 31 0.021230927 
701 293 24 32 0.021101067 
889 165 11 14 0.021070506 
832 249 17 22 0.020874288 
341 257 16 21 0.020603377 
900 580 17 17 0.020396223 
