3_Riot_Riot_3_263
105
436 164 17 23 0.97175556 
478 164 22 29 0.9104158 
386 162 17 24 0.8999963 
419 164 15 20 0.81924415 
865 220 24 30 0.7931333 
6 130 22 29 0.7121755 
547 173 14 18 0.55239457 
207 143 15 21 0.49146685 
885 147 34 38 0.47632226 
349 143 12 17 0.30528238 
856 204 42 51 0.13319534 
540 330 55 52 0.08435808 
164 4 17 20 0.082143284 
630 130 125 143 0.08106258 
503 297 50 60 0.07904622 
777 147 62 71 0.077227235 
491 277 29 39 0.07231 
664 489 36 41 0.06293234 
375 169 14 19 0.062402826 
195 91 14 18 0.059785526 
475 174 17 22 0.05849708 
275 146 13 16 0.055349436 
358 183 11 14 0.053537775 
117 113 23 30 0.051033065 
202 15 17 23 0.04919746 
827 198 33 44 0.048798047 
873 152 43 56 0.048739 
527 178 13 16 0.048588898 
245 9 28 33 0.046855267 
392 110 7 9 0.046310198 
756 141 52 60 0.046276756 
111 115 39 50 0.042227305 
493 278 46 61 0.042204794 
661 165 14 15 0.041599814 
355 146 12 17 0.04110097 
268 139 14 19 0.03985751 
235 0 16 13 0.039004587 
517 305 57 63 0.036819927 
867 182 12 16 0.036653705 
364 123 15 19 0.03613424 
554 173 11 16 0.03546139 
0 104 11 20 0.03281837 
22 195 11 14 0.032809146 
106 118 25 29 0.031834986 
401 106 7 9 0.03062923 
874 199 50 60 0.03023967 
482 157 16 20 0.029553084 
400 110 8 10 0.029044524 
193 86 23 29 0.028576737 
1 95 18 30 0.02852987 
451 6 11 13 0.028513465 
471 281 35 42 0.02819139 
406 172 12 16 0.02814755 
499 265 29 40 0.028119706 
221 0 15 13 0.02787402 
230 1 29 30 0.027759014 
515 130 14 18 0.02771217 
525 185 14 18 0.026875928 
190 96 15 20 0.026875554 
1 92 12 21 0.026341273 
815 172 52 63 0.025090102 
414 176 13 18 0.025033876 
385 109 8 10 0.024966149 
171 19 15 16 0.024959568 
517 196 13 19 0.024885684 
236 19 29 33 0.024789732 
370 124 17 20 0.024634263 
802 188 50 62 0.024533572 
23 102 27 32 0.024417305 
161 8 26 27 0.024284637 
420 174 13 17 0.02403075 
574 66 202 224 0.023992633 
203 90 12 17 0.023554422 
623 102 31 45 0.023535881 
102 0 34 35 0.023519745 
384 105 8 10 0.023366913 
187 135 41 56 0.023207862 
22 125 24 33 0.0231816 
844 194 28 40 0.023166563 
160 8 14 18 0.023060113 
876 172 51 63 0.023042971 
349 121 12 16 0.022920586 
779 125 52 59 0.022658153 
4 497 18 20 0.022568753 
852 215 29 33 0.0224935 
52 89 17 19 0.022317158 
319 193 10 14 0.022308722 
351 165 11 15 0.022112815 
859 172 14 19 0.022076966 
349 136 11 14 0.022064554 
360 121 12 17 0.022004634 
395 158 12 18 0.021899119 
925 212 13 17 0.021470565 
51 10 11 13 0.021161608 
218 -2 27 26 0.021126533 
366 169 15 19 0.02104227 
375 110 8 10 0.021019747 
1014 165 9 15 0.020889051 
885 157 19 24 0.020853773 
457 288 27 46 0.02082553 
555 352 35 34 0.020522755 
658 153 75 85 0.020475402 
400 116 10 12 0.020454645 
740 123 95 109 0.02037929 
530 168 21 26 0.020318244 
