3_Riot_Riot_3_415
92
842 415 26 37 0.9853336 
389 266 25 30 0.9156489 
654 244 14 24 0.88493735 
516 266 21 29 0.8783513 
798 238 16 25 0.8719327 
711 235 20 28 0.86954206 
136 207 23 27 0.8457245 
308 278 24 31 0.7526476 
291 238 23 32 0.74925345 
979 362 16 22 0.6378929 
442 226 20 29 0.5644697 
901 218 25 33 0.49627137 
747 269 15 19 0.3538087 
657 303 16 23 0.25644198 
367 291 22 27 0.23640154 
228 274 23 28 0.20802383 
276 189 16 23 0.20521858 
555 261 14 19 0.19017422 
245 327 28 37 0.17718318 
702 316 26 40 0.16773924 
894 231 24 35 0.11212234 
915 421 35 28 0.11201938 
909 214 15 21 0.11073123 
508 250 27 36 0.09724816 
708 329 15 22 0.09487673 
982 373 28 28 0.089654006 
355 272 17 21 0.08526254 
840 262 12 14 0.07673349 
1004 286 17 23 0.05707889 
263 294 24 32 0.055516865 
965 377 53 47 0.05487365 
165 319 64 55 0.053910173 
702 279 18 22 0.052971173 
361 280 20 27 0.05161343 
982 360 25 28 0.047325376 
277 233 22 31 0.047136143 
612 313 20 28 0.046657477 
609 349 8 11 0.04638835 
279 183 13 17 0.046158522 
297 251 28 33 0.046119936 
947 390 73 57 0.044734247 
901 403 119 88 0.04372028 
305 337 14 21 0.043606326 
870 393 15 19 0.04169316 
806 239 18 21 0.039624475 
374 279 24 30 0.039605916 
666 313 15 20 0.038353316 
561 282 18 20 0.03694785 
625 404 11 13 0.036783956 
553 266 26 29 0.0367269 
864 298 11 14 0.03666805 
290 264 27 32 0.035033345 
335 320 23 28 0.03470466 
758 432 17 22 0.034095105 
236 277 27 35 0.03271586 
398 254 25 33 0.032530148 
561 259 16 22 0.032123175 
748 316 40 50 0.031756576 
740 258 23 28 0.030775605 
510 264 17 27 0.030345501 
1005 278 13 17 0.029884882 
999 281 15 20 0.029774679 
351 298 26 29 0.02926459 
508 255 16 24 0.029246485 
433 278 26 39 0.028342083 
139 200 16 20 0.028055064 
888 242 23 32 0.027332213 
210 268 13 18 0.027264569 
692 324 28 38 0.026902149 
869 508 27 30 0.026083024 
306 258 28 35 0.025983796 
893 248 29 36 0.02583999 
712 321 28 40 0.025514437 
850 308 14 15 0.024979252 
753 304 27 28 0.024568802 
223 280 16 20 0.024197727 
1011 389 12 19 0.024096115 
256 340 19 25 0.023544548 
340 307 25 27 0.023260541 
149 284 14 17 0.022995599 
758 421 30 33 0.022672363 
997 385 23 30 0.02259468 
724 339 23 33 0.022486517 
703 297 24 31 0.022485757 
873 391 25 28 0.022204071 
155 253 18 19 0.022051843 
992 384 19 21 0.021809567 
389 260 16 23 0.021139396 
195 327 52 53 0.020983951 
325 359 17 20 0.020944128 
838 374 201 229 0.020807056 
884 322 13 17 0.020739362 
