3_Riot_Riot_3_186
29
209 27 66 76 0.9893357 
386 50 43 51 0.9884566 
790 142 17 21 0.7158847 
544 41 39 53 0.58732545 
611 -1 38 26 0.34071288 
167 158 14 20 0.2662816 
217 321 53 62 0.14325164 
332 25 42 50 0.11313484 
355 19 31 41 0.08645613 
757 116 13 16 0.07045763 
404 0 28 24 0.065625325 
627 50 94 110 0.060526337 
315 99 43 54 0.057264566 
664 54 91 122 0.047236595 
315 40 51 60 0.04070783 
349 1 36 36 0.039768357 
393 313 90 106 0.039601665 
784 144 15 21 0.038195826 
349 46 41 51 0.037328124 
553 22 49 60 0.03712751 
758 108 23 31 0.03153344 
335 235 51 56 0.02696266 
609 -1 59 60 0.026091024 
500 190 27 35 0.024107846 
746 95 48 64 0.02311114 
657 88 31 35 0.022852523 
568 12 53 59 0.022747545 
699 101 91 114 0.022234056 
577 20 31 35 0.020935789 
