3_Riot_Riot_3_958
120
135 3 29 34 0.99969006 
234 9 29 37 0.9992749 
52 22 29 35 0.9985598 
372 33 24 31 0.9967159 
568 112 53 64 0.9954508 
520 45 27 34 0.9936062 
108 30 28 35 0.9902991 
14 9 35 44 0.9867329 
923 75 24 31 0.9844311 
865 20 35 42 0.9835015 
69 3 27 32 0.9792433 
401 23 37 51 0.97449434 
665 56 22 26 0.9585993 
775 39 29 36 0.95621115 
709 30 23 31 0.94832146 
336 36 21 28 0.9296068 
314 38 17 24 0.8936646 
951 58 26 35 0.8611313 
207 27 23 27 0.8332916 
497 33 20 25 0.8184189 
176 28 21 29 0.60634947 
307 0 15 18 0.41353086 
971 18 16 21 0.36478838 
823 44 26 31 0.29557976 
288 37 17 21 0.27815464 
962 57 26 31 0.27589473 
459 34 20 33 0.23993771 
870 61 24 30 0.2153047 
606 45 16 20 0.19938649 
771 46 17 24 0.18493955 
186 21 16 19 0.17400724 
395 20 27 36 0.1713651 
486 48 14 19 0.16839549 
771 119 27 35 0.1678534 
-3 24 14 24 0.14856513 
588 118 57 69 0.13375552 
187 46 16 21 0.12259398 
489 38 22 29 0.09811061 
191 26 22 29 0.09744566 
960 14 22 27 0.094698794 
297 115 24 26 0.08190582 
502 37 26 34 0.08133889 
2 15 25 35 0.07318299 
300 31 19 26 0.071461946 
579 51 18 21 0.065174654 
965 17 28 35 0.06321061 
756 63 24 33 0.06262988 
716 14 27 32 0.055672225 
306 24 20 29 0.054912973 
977 21 16 21 0.054682232 
637 56 11 13 0.054030105 
757 66 16 18 0.051018495 
1013 51 10 16 0.04967188 
646 62 11 14 0.04823351 
357 121 48 50 0.04800093 
307 5 20 26 0.047129214 
937 62 27 35 0.046540678 
383 27 36 49 0.046243254 
559 81 43 59 0.046228968 
259 2 16 19 0.045845307 
904 56 41 55 0.04522024 
108 0 22 24 0.044698294 
464 277 25 34 0.043431006 
861 31 42 57 0.043186 
629 56 23 26 0.04020086 
739 0 14 12 0.040098917 
475 42 19 27 0.039301597 
955 35 37 47 0.0381757 
227 0 15 13 0.035821967 
812 1 24 25 0.03368929 
702 247 102 128 0.033531412 
564 -1 17 17 0.03283472 
765 47 28 39 0.03220877 
573 54 17 23 0.031627733 
675 210 56 72 0.030459918 
422 33 30 34 0.030112036 
196 -1 16 15 0.030033618 
654 64 13 18 0.030019553 
280 68 11 15 0.029769387 
748 7 22 26 0.028910391 
1000 59 23 33 0.028787585 
764 54 16 23 0.028575571 
612 46 23 27 0.028514098 
954 51 17 24 0.027802566 
729 0 22 18 0.027212117 
740 8 14 18 0.026498511 
675 49 23 29 0.026275873 
975 59 16 20 0.026107762 
482 262 31 36 0.0257482 
841 28 39 52 0.025646979 
312 0 14 13 0.025549088 
1004 49 20 30 0.024751639 
750 54 10 14 0.024671331 
610 39 14 17 0.024651056 
322 0 22 24 0.024555355 
283 66 24 27 0.024325538 
263 382 198 258 0.02397204 
782 46 33 39 0.023816109 
641 0 25 29 0.023290101 
330 516 73 72 0.02325677 
438 40 26 34 0.022969633 
638 58 23 28 0.022515014 
718 3 29 28 0.022371534 
495 43 23 33 0.022195473 
474 283 14 21 0.022060208 
476 271 28 35 0.021949127 
744 81 29 38 0.021833109 
955 3 23 28 0.021428179 
962 6 14 16 0.021372309 
701 37 24 33 0.02136157 
-104 6 436 465 0.021221887 
749 57 23 30 0.02120511 
644 55 10 13 0.02114587 
874 42 43 58 0.021010604 
262 64 17 20 0.020822119 
502 323 42 40 0.02068876 
557 69 29 49 0.020437393 
700 24 24 32 0.020435594 
485 247 37 35 0.020418517 
825 59 22 24 0.020302609 
