3_Riot_Riot_3_106
66
665 155 209 236 0.9972626 
453 408 15 18 0.31595784 
295 299 12 15 0.24847388 
36 192 215 309 0.20068038 
288 239 8 11 0.19797271 
780 692 25 27 0.18338056 
236 312 14 18 0.10029095 
404 333 12 16 0.08763996 
291 246 14 17 0.07759283 
354 284 12 16 0.07422601 
123 528 456 503 0.061600324 
241 66 374 502 0.05875332 
249 237 11 13 0.058443993 
131 260 184 261 0.056726243 
892 672 107 118 0.055086322 
807 116 108 108 0.05341751 
90 520 16 22 0.050002478 
978 936 25 30 0.04958476 
395 382 10 12 0.041604523 
191 510 13 16 0.040714964 
239 251 10 12 0.03860872 
768 730 39 35 0.03828342 
372 408 9 11 0.03780805 
603 533 15 17 0.037277367 
425 366 8 10 0.037173204 
585 88 400 317 0.03655104 
220 281 16 19 0.035512257 
100 528 13 21 0.034933288 
757 690 61 53 0.033279177 
50 247 396 467 0.033075653 
859 687 74 78 0.03175266 
314 248 17 18 0.030238984 
330 582 193 239 0.029820953 
84 525 18 23 0.028995473 
290 240 12 12 0.026775308 
393 396 10 12 0.02668506 
346 347 12 14 0.026610574 
256 626 36 42 0.026485326 
449 410 12 16 0.025973294 
310 260 11 14 0.025903087 
270 249 9 10 0.025692888 
446 372 8 10 0.025357509 
563 936 25 29 0.025325121 
257 505 16 19 0.025109598 
182 324 221 229 0.025006104 
602 209 15 18 0.024654835 
477 395 14 15 0.024355829 
746 715 72 58 0.023960283 
245 84 31 46 0.02384387 
298 245 13 16 0.023472851 
237 470 17 19 0.022452425 
289 422 12 15 0.022265416 
230 499 12 17 0.02216542 
336 230 9 11 0.022087527 
346 240 13 16 0.02198095 
210 275 28 30 0.021956127 
270 123 13 15 0.02113325 
234 307 22 29 0.020969326 
102 3 367 493 0.020904468 
393 386 11 15 0.020886507 
260 555 17 20 0.020879522 
403 226 14 16 0.020757454 
257 96 29 38 0.020657811 
451 461 18 21 0.020391736 
35 99 16 18 0.020382073 
822 102 74 70 0.020360067 
