3_Riot_Riot_3_184
89
966 173 32 37 0.99594146 
915 154 35 46 0.99310654 
752 164 22 28 0.96716857 
692 170 21 28 0.88481826 
729 174 17 23 0.85731846 
65 48 52 72 0.7806049 
205 80 39 53 0.5579576 
481 291 51 41 0.3747093 
430 115 74 119 0.17903726 
663 243 13 17 0.1686377 
2 152 53 63 0.14761393 
587 228 17 21 0.1428659 
912 492 16 18 0.120546944 
679 209 17 21 0.11309531 
243 211 13 20 0.11299708 
26 221 36 57 0.111585654 
699 166 14 17 0.10523759 
183 149 27 32 0.09567292 
13 177 49 67 0.08488611 
140 123 14 20 0.0843407 
692 395 13 16 0.080758475 
573 540 31 33 0.074483395 
607 235 13 15 0.069341816 
362 514 25 29 0.064336754 
778 176 16 22 0.058541678 
188 242 26 28 0.05657727 
312 66 373 443 0.05316556 
172 136 44 52 0.05173057 
141 376 17 24 0.04761422 
537 176 50 59 0.044926472 
593 390 26 28 0.044240285 
600 320 15 18 0.043845054 
116 156 43 46 0.043614462 
651 223 15 20 0.04349637 
405 127 72 90 0.042023577 
964 153 16 18 0.040571865 
735 171 18 23 0.039753754 
769 163 15 22 0.039584383 
610 244 14 15 0.03776973 
712 226 13 18 0.03687794 
20 304 41 45 0.036196437 
193 192 24 35 0.035467368 
607 254 26 30 0.033735093 
923 162 44 49 0.032828 
304 89 11 13 0.032661278 
237 186 13 16 0.031617496 
188 258 23 26 0.031100072 
26 288 30 37 0.030340485 
344 155 186 276 0.029501682 
315 571 16 18 0.029490897 
461 134 54 86 0.029317789 
130 238 28 33 0.028854266 
799 137 31 39 0.028817715 
596 401 16 20 0.028717741 
562 166 49 59 0.028337909 
767 166 24 31 0.028113434 
656 244 11 14 0.027758999 
611 193 13 16 0.027279818 
602 396 14 17 0.0272156 
765 419 18 20 0.027204562 
474 265 48 48 0.026591865 
6 238 51 73 0.026527254 
593 161 40 52 0.026271556 
998 185 14 21 0.02624131 
893 133 46 64 0.025626801 
204 195 15 22 0.025201697 
228 281 17 20 0.024873395 
218 139 23 33 0.024825342 
782 566 40 42 0.024337417 
34 207 26 46 0.023853745 
33 304 21 25 0.023519268 
607 186 13 17 0.023167506 
605 241 24 28 0.023006488 
130 182 19 22 0.022778079 
602 230 21 24 0.022544252 
43 175 42 57 0.022511404 
138 250 15 17 0.022230696 
188 146 17 21 0.022176988 
233 201 22 31 0.021733968 
594 472 25 40 0.021529552 
595 221 15 18 0.021471033 
930 258 51 49 0.021419533 
571 272 416 513 0.021246925 
686 175 17 22 0.020831797 
251 211 13 19 0.020831112 
180 152 19 21 0.020718414 
216 233 27 28 0.02058743 
21 128 50 60 0.02053404 
124 196 26 28 0.02041104 
