18_Concerts_Concerts_18_66
235
479 199 25 33 0.99910045 
626 246 37 50 0.9987582 
638 417 65 80 0.9969015 
441 363 65 92 0.9966054 
492 323 66 91 0.9944518 
808 264 39 51 0.9914726 
436 257 39 48 0.99034494 
197 246 34 43 0.99028146 
891 352 47 55 0.98630434 
925 294 39 45 0.98154503 
388 220 27 34 0.973651 
283 462 88 72 0.96933705 
220 313 52 70 0.9637157 
757 333 43 63 0.9442396 
506 179 20 28 0.9408834 
189 320 38 51 0.92637694 
71 318 53 58 0.9224062 
211 169 21 24 0.903451 
26 266 29 45 0.8931617 
173 199 22 30 0.8070246 
578 314 45 58 0.7949042 
287 158 18 22 0.7588727 
229 202 21 26 0.7174459 
457 166 15 20 0.6021746 
471 344 65 90 0.5267017 
333 152 13 18 0.49079683 
375 153 16 23 0.40626636 
760 171 13 19 0.40042937 
408 200 17 21 0.39840356 
301 201 15 20 0.38061163 
528 168 18 25 0.38044527 
414 195 23 28 0.35366604 
736 297 30 34 0.33104217 
17 209 29 32 0.2869118 
782 177 22 26 0.26071662 
890 172 19 23 0.24053985 
728 272 42 53 0.2396519 
509 162 14 18 0.21831425 
963 475 58 71 0.21531086 
361 188 18 22 0.20572205 
660 117 12 16 0.190208 
579 191 16 22 0.18289 
690 222 27 37 0.17122935 
950 201 48 63 0.16631843 
379 152 11 14 0.15391636 
517 137 13 16 0.14441392 
106 255 24 29 0.13819374 
579 177 17 21 0.1342499 
395 185 15 19 0.12300139 
639 183 16 21 0.12036803 
179 176 15 19 0.1168465 
405 182 12 15 0.110744305 
608 172 10 15 0.110672824 
622 161 14 18 0.105084084 
825 219 22 29 0.10271748 
457 253 28 39 0.100704476 
422 189 24 31 0.10029451 
173 163 17 21 0.098189205 
346 172 13 16 0.09258137 
430 127 8 10 0.092481904 
511 171 21 28 0.089018285 
576 173 14 18 0.0793846 
294 198 16 21 0.07844501 
585 185 16 21 0.07180088 
55 193 30 37 0.07173127 
696 160 29 39 0.0708727 
11 273 32 40 0.06942126 
769 211 17 23 0.06924178 
346 215 16 20 0.06818482 
326 149 14 18 0.06682087 
788 163 17 20 0.06647112 
246 188 14 16 0.06544389 
987 309 38 64 0.06518029 
349 165 12 15 0.06361659 
762 169 41 53 0.063034505 
327 126 9 12 0.0614972 
771 172 23 30 0.060018152 
174 178 25 35 0.05956669 
270 215 15 21 0.05773653 
615 142 11 13 0.05723526 
395 190 20 26 0.05716842 
900 242 47 53 0.056370717 
191 147 10 13 0.054057598 
908 296 41 49 0.054050867 
67 199 30 34 0.05398756 
762 166 24 31 0.051217377 
82 199 26 31 0.050190374 
877 327 32 42 0.049982905 
566 187 23 30 0.04976504 
173 158 13 17 0.049632482 
302 293 32 39 0.04947047 
457 139 11 15 0.048049714 
692 165 15 20 0.046937484 
585 170 20 26 0.04602781 
343 178 14 18 0.045857467 
240 299 52 69 0.045703564 
750 303 19 23 0.045130607 
406 174 11 14 0.044716973 
242 195 20 25 0.04451068 
7 185 49 59 0.04439082 
621 407 58 73 0.044350117 
320 153 13 17 0.04433945 
537 323 56 68 0.043998588 
877 306 39 49 0.043831974 
984 355 43 80 0.043631837 
348 134 9 11 0.042214233 
594 168 15 19 0.04156726 
889 256 39 49 0.04133887 
253 142 10 14 0.04106216 
880 270 38 49 0.040467843 
65 330 36 41 0.040289998 
592 165 12 16 0.039999448 
525 158 17 21 0.03972888 
877 335 47 60 0.039412804 
455 118 9 11 0.039125714 
873 287 37 49 0.03896111 
460 159 15 19 0.038816318 
352 231 24 31 0.038559012 
668 330 42 54 0.038219463 
523 226 23 30 0.037987668 
98 254 40 48 0.03792138 
253 250 23 31 0.037782677 
551 114 9 11 0.037539866 
684 236 38 54 0.03729004 
732 249 49 61 0.03725205 
402 208 26 35 0.037156858 
425 133 11 13 0.03714927 
548 249 24 31 0.03678256 
928 177 82 99 0.036464054 
180 158 13 15 0.036225714 
840 173 25 34 0.036138613 
420 155 11 15 0.035610415 
294 277 91 105 0.03498932 
925 44 76 69 0.034698624 
286 110 8 10 0.034126412 
631 115 9 11 0.033531167 
900 18 119 112 0.03347182 
767 214 44 57 0.03337441 
274 292 53 64 0.03301743 
513 132 13 16 0.03236783 
553 144 24 29 0.032132488 
326 202 13 17 0.031949475 
352 186 21 29 0.031581514 
275 240 16 22 0.031578843 
251 194 15 20 0.031501703 
40 174 49 59 0.03119737 
269 186 12 15 0.031167794 
1005 189 15 21 0.030807968 
399 179 21 24 0.030578103 
443 108 11 14 0.030546265 
902 271 41 51 0.029702673 
824 165 43 53 0.029526811 
595 385 58 73 0.028532011 
422 187 16 20 0.028410027 
212 256 29 35 0.028165143 
637 191 16 23 0.027965298 
828 183 15 22 0.027791603 
235 164 12 16 0.02778726 
405 186 22 26 0.027644234 
785 254 29 39 0.027384298 
935 62 44 44 0.027197788 
554 180 23 27 0.026614651 
347 198 22 30 0.026524317 
334 215 24 29 0.026454289 
974 203 30 44 0.02634191 
206 165 17 22 0.025970176 
781 200 43 56 0.025871037 
511 155 21 26 0.02578802 
299 211 16 23 0.025696827 
251 181 14 19 0.025547838 
219 163 23 28 0.025544815 
187 68 27 37 0.025440888 
178 160 23 29 0.025138075 
314 77 138 134 0.024981232 
792 168 17 24 0.024783958 
948 173 14 16 0.024642363 
719 289 29 37 0.024584811 
460 135 13 16 0.024523009 
46 85 16 20 0.024220075 
502 132 11 14 0.024170395 
100 187 27 34 0.024132106 
350 159 12 15 0.024088234 
-1 501 90 118 0.02381552 
199 73 25 33 0.023786385 
165 129 14 17 0.023739804 
328 230 26 32 0.02351034 
125 117 10 12 0.023483573 
889 212 50 58 0.023395943 
665 165 10 13 0.023292098 
853 156 12 15 0.02320102 
465 163 14 20 0.023123708 
790 172 25 34 0.023070525 
389 188 17 23 0.023065608 
301 170 13 17 0.022969466 
502 125 10 13 0.022948323 
378 163 16 22 0.022945879 
399 224 20 25 0.02289591 
410 180 13 16 0.02285799 
195 143 11 12 0.02284195 
572 220 22 31 0.02269988 
295 285 54 65 0.022679232 
812 218 29 36 0.022642482 
332 204 11 14 0.022327755 
305 134 9 11 0.02213609 
779 151 28 33 0.022107681 
844 236 31 42 0.022000898 
593 100 9 12 0.021907276 
260 186 15 19 0.021902738 
510 127 12 14 0.021848978 
261 203 21 31 0.021808026 
893 298 35 48 0.021795558 
205 156 13 17 0.021739038 
218 179 17 22 0.021694899 
590 68 116 122 0.021657191 
524 204 21 30 0.021598332 
282 202 24 31 0.021486646 
337 309 54 67 0.021364734 
554 204 25 33 0.021243077 
304 148 11 14 0.021207763 
556 172 15 17 0.021011049 
433 186 15 19 0.020984694 
307 171 20 28 0.020956239 
155 311 44 57 0.020920701 
286 151 15 18 0.020751426 
261 240 25 32 0.020736786 
683 183 16 20 0.020619955 
478 118 9 11 0.020593835 
315 201 13 18 0.020585887 
277 230 24 32 0.020519467 
409 223 16 22 0.02050545 
698 213 44 59 0.02046342 
601 166 19 26 0.020456703 
836 178 16 22 0.020400366 
738 340 45 61 0.020360833 
883 98 26 27 0.020037636 
