18_Concerts_Concerts_18_554
26
561 488 29 39 0.9978442 
298 248 489 396 0.44363767 
595 99 399 496 0.09276122 
830 531 175 286 0.08710847 
267 211 14 17 0.08063176 
263 212 23 31 0.06827692 
395 82 414 426 0.05686976 
835 665 105 152 0.04755512 
956 444 37 37 0.041930396 
25 400 16 23 0.0404374 
629 368 268 263 0.040004365 
502 293 408 472 0.03782122 
95 360 10 14 0.032858446 
583 204 78 55 0.031352803 
374 376 151 147 0.030674553 
377 400 59 62 0.02848124 
373 306 255 233 0.02835213 
265 205 37 48 0.024996638 
732 -1 346 465 0.024293086 
110 189 103 135 0.023561306 
372 401 30 35 0.023380093 
517 643 14 17 0.02220243 
173 235 14 16 0.021339532 
620 188 15 19 0.020894252 
97 146 395 507 0.020672722 
272 431 11 13 0.020112675 
