18_Concerts_Concerts_18_38
471
68 415 31 45 0.99883074 
759 393 30 43 0.99428314 
529 266 26 34 0.97923297 
294 535 39 75 0.97797763 
95 393 27 38 0.9762649 
805 275 22 30 0.9692096 
641 185 23 30 0.9554162 
279 215 30 43 0.9539234 
420 501 64 100 0.91507983 
594 301 21 30 0.85997015 
537 487 67 84 0.85373527 
561 343 23 37 0.8423376 
508 213 12 15 0.8138388 
145 324 23 32 0.77006984 
726 317 15 18 0.7517062 
876 237 11 13 0.71201247 
278 188 16 20 0.6967163 
514 414 24 35 0.674541 
568 353 25 37 0.6464563 
364 184 14 16 0.63814706 
131 328 27 31 0.60455537 
405 441 54 66 0.59519017 
540 409 23 42 0.5148142 
455 236 12 15 0.508964 
898 343 37 55 0.48535267 
218 288 18 23 0.43515602 
364 299 15 20 0.4319236 
532 215 10 12 0.4171177 
569 198 8 11 0.39518103 
525 415 29 39 0.36900106 
397 504 54 65 0.36501586 
733 287 12 15 0.3569722 
689 260 9 12 0.34288555 
679 270 12 15 0.33787698 
637 279 18 21 0.32129678 
410 476 62 89 0.31397045 
1012 226 12 21 0.2631246 
894 278 13 15 0.2500242 
528 218 12 15 0.23523997 
860 278 12 16 0.23413 
431 228 11 14 0.23219569 
712 261 10 13 0.21131465 
771 211 12 14 0.19216885 
845 247 8 10 0.17344409 
768 278 11 13 0.17294769 
431 199 11 14 0.17170961 
730 216 8 10 0.16916704 
186 333 13 17 0.16588448 
745 242 9 13 0.15588777 
486 301 12 17 0.14966263 
798 235 9 12 0.1460912 
769 207 10 13 0.14330778 
968 229 9 12 0.14124775 
21 403 16 24 0.14098464 
9 396 19 30 0.1394979 
531 228 13 16 0.13777816 
824 252 9 11 0.13503909 
877 243 10 12 0.1310507 
734 215 8 10 0.13080175 
189 377 24 41 0.13009553 
927 256 8 9 0.12631886 
511 195 11 14 0.12389901 
903 254 8 10 0.12168012 
808 271 12 18 0.12073185 
556 346 18 27 0.120328285 
309 451 42 47 0.11900379 
4 603 51 88 0.11866967 
737 291 13 16 0.11834629 
126 371 15 20 0.11243933 
353 494 32 47 0.10805716 
372 507 48 56 0.105470404 
665 236 10 13 0.10499364 
487 174 7 9 0.10479065 
341 269 14 18 0.10469176 
550 226 13 17 0.103775255 
308 206 13 15 0.10162816 
349 269 13 18 0.099202216 
572 198 10 13 0.09285978 
446 237 12 15 0.08946889 
814 231 8 11 0.089292526 
262 197 14 17 0.089134656 
983 268 38 54 0.08817337 
895 272 10 13 0.088086605 
961 224 8 12 0.088056885 
82 406 29 45 0.08745437 
296 209 24 33 0.08537792 
920 256 8 10 0.08514123 
867 303 13 20 0.08487074 
903 247 8 10 0.08484882 
453 220 11 14 0.078984275 
569 255 10 13 0.07767652 
650 181 13 21 0.07495095 
424 230 11 14 0.07381349 
529 208 9 12 0.07268609 
714 230 8 11 0.07219891 
855 199 7 9 0.070653744 
847 200 7 9 0.07049408 
727 245 10 12 0.06984379 
735 271 10 12 0.069542766 
743 223 7 10 0.069011316 
870 193 8 9 0.06895449 
75 381 12 16 0.0686908 
745 229 9 11 0.06772263 
747 238 10 12 0.06768398 
460 242 11 13 0.06736885 
190 325 13 15 0.06659085 
913 261 10 12 0.066284366 
728 240 10 11 0.06601699 
908 339 52 72 0.064282924 
420 529 39 65 0.06359401 
862 270 10 14 0.063565366 
984 264 27 31 0.06314729 
502 421 39 50 0.06300178 
454 193 9 11 0.06266471 
692 256 10 12 0.062431995 
823 213 7 9 0.062061805 
918 260 10 12 0.06192137 
898 280 13 17 0.06189293 
879 278 9 11 0.061410822 
541 226 12 17 0.060969763 
735 278 11 15 0.060919587 
238 563 56 73 0.060311124 
688 190 8 10 0.060081802 
418 430 36 50 0.0599045 
444 242 11 15 0.05959372 
555 221 10 13 0.0590748 
784 275 10 13 0.05802728 
629 349 23 37 0.05768699 
911 293 12 16 0.057685483 
584 238 10 16 0.057306003 
704 263 10 12 0.057118718 
573 365 29 32 0.05683685 
869 268 11 15 0.056069218 
736 209 7 9 0.055893417 
635 373 14 22 0.055753514 
949 181 8 10 0.05573118 
452 213 11 14 0.05556692 
814 223 7 10 0.055409774 
121 373 23 32 0.055141527 
504 206 12 15 0.05497142 
694 239 9 11 0.054636948 
714 175 8 10 0.05457469 
353 274 16 19 0.054470085 
905 224 7 9 0.053370867 
682 368 14 20 0.052419852 
971 233 12 14 0.052116398 
942 224 8 9 0.052041892 
889 190 7 8 0.051750112 
768 283 12 15 0.051632624 
990 175 8 11 0.0515762 
729 290 13 16 0.051501 
716 284 10 13 0.05135539 
887 293 9 12 0.050857313 
808 235 9 12 0.050767697 
728 219 8 11 0.050681308 
712 191 8 10 0.050567772 
694 359 23 29 0.05014804 
601 296 24 32 0.049827725 
3 352 13 19 0.04939615 
536 519 62 89 0.04906338 
813 264 11 14 0.048855603 
317 271 17 23 0.04883041 
783 322 11 15 0.048751503 
553 217 10 12 0.048268646 
840 217 7 9 0.048061013 
900 271 10 13 0.04792478 
112 385 24 36 0.047007207 
788 273 11 16 0.04678935 
942 271 23 26 0.04636116 
790 330 14 18 0.045879506 
440 277 12 16 0.0456817 
729 175 6 9 0.045480464 
831 240 7 9 0.045207977 
197 338 12 16 0.044998277 
684 273 11 17 0.0449526 
670 275 12 15 0.044405404 
685 323 12 17 0.04433769 
438 236 13 16 0.043662112 
720 223 8 10 0.043155983 
556 406 24 42 0.043089654 
912 256 9 11 0.041811842 
534 210 9 12 0.04167668 
591 229 11 17 0.04145062 
476 379 14 15 0.04133779 
693 286 9 13 0.041107345 
359 515 32 46 0.040788617 
485 380 11 13 0.04074599 
761 260 12 14 0.040481888 
302 208 15 19 0.039678305 
965 224 10 13 0.039369393 
269 191 20 24 0.03905586 
389 223 9 13 0.03894758 
478 283 10 13 0.038893126 
843 200 7 10 0.038655292 
815 207 8 10 0.03862669 
524 271 21 24 0.03839057 
356 291 22 25 0.038372226 
943 192 8 10 0.038289566 
501 282 12 17 0.038091037 
736 221 8 10 0.03789618 
769 206 18 23 0.037820965 
879 286 10 13 0.03780834 
693 266 11 14 0.037727885 
475 275 12 17 0.03772651 
711 255 11 14 0.0377044 
766 251 14 17 0.037562694 
878 250 10 12 0.037541952 
897 253 10 12 0.037502363 
41 398 23 27 0.037369866 
493 222 11 14 0.036526036 
753 331 9 13 0.036477625 
567 193 9 12 0.036197558 
504 400 28 38 0.036034465 
864 216 7 9 0.03560346 
716 330 12 16 0.035508838 
802 184 7 9 0.0354747 
543 335 35 46 0.035198037 
801 188 7 10 0.034892928 
911 266 11 13 0.034815416 
731 312 12 15 0.034754116 
732 245 9 12 0.034405358 
848 205 8 10 0.033987135 
881 323 70 102 0.03393906 
484 298 21 27 0.033918645 
721 246 9 11 0.03391793 
864 198 7 9 0.03359369 
983 167 8 10 0.033446483 
528 233 15 20 0.03290546 
406 184 10 13 0.032890383 
515 192 10 11 0.032838423 
2 393 17 29 0.03281743 
581 196 12 16 0.032737248 
350 279 15 20 0.032723382 
367 439 59 68 0.03253634 
986 182 8 11 0.03247587 
334 268 13 18 0.03237263 
723 320 21 28 0.03219236 
855 222 7 9 0.032069255 
137 225 8 10 0.0319808 
761 244 10 12 0.03189613 
988 261 17 22 0.03179328 
58 393 16 21 0.031620637 
829 245 8 11 0.031594336 
436 197 11 15 0.031555157 
705 191 8 10 0.03153358 
350 262 12 16 0.03152262 
889 186 7 8 0.031509664 
664 277 10 13 0.03107197 
114 640 28 33 0.031037778 
841 250 10 12 0.030976154 
319 150 9 11 0.030825457 
701 293 10 12 0.030656807 
771 217 13 14 0.030592682 
417 483 35 60 0.030353308 
327 450 50 64 0.030334614 
236 250 14 21 0.03032924 
391 245 12 16 0.030267691 
766 246 11 14 0.03010434 
711 332 11 15 0.030056586 
728 250 10 13 0.030034242 
428 222 21 23 0.029918341 
687 339 25 31 0.029918272 
458 229 12 17 0.029915545 
879 292 10 14 0.029884612 
726 340 13 19 0.029850915 
865 193 8 9 0.029793886 
727 268 10 13 0.02974339 
138 338 29 35 0.029520089 
695 292 11 13 0.029507553 
878 271 10 13 0.029505586 
641 359 15 24 0.029488979 
32 404 21 28 0.029393869 
889 276 10 14 0.029288309 
913 191 7 9 0.029253988 
533 461 55 76 0.029209098 
941 197 8 10 0.029147472 
588 243 22 29 0.029033465 
903 259 10 13 0.029012904 
43 410 22 29 0.029005142 
260 209 15 18 0.028822163 
946 176 9 10 0.028800078 
588 234 14 21 0.028770873 
149 298 12 15 0.02873603 
977 151 8 9 0.028535426 
399 198 9 13 0.028345643 
697 331 16 18 0.028278982 
687 244 10 12 0.02827341 
440 370 11 15 0.028149594 
627 266 29 33 0.028082727 
719 321 14 19 0.028028637 
43 388 13 16 0.027943851 
422 213 10 12 0.027933018 
335 523 47 72 0.027731068 
793 175 7 8 0.027585179 
338 490 30 43 0.027528806 
348 231 13 18 0.027508616 
857 269 9 13 0.027488 
888 271 9 12 0.027445689 
232 256 13 18 0.02738392 
467 375 26 27 0.027290903 
761 191 8 10 0.027245143 
197 318 11 15 0.02718059 
933 254 8 10 0.027038394 
370 292 14 20 0.02698601 
688 185 8 11 0.026955256 
823 190 7 9 0.026920648 
448 195 10 13 0.026868735 
967 266 34 43 0.026784627 
356 399 18 24 0.026773132 
941 228 9 11 0.026768574 
864 207 8 9 0.026739907 
968 193 8 9 0.026721166 
767 200 8 10 0.026716992 
864 264 9 11 0.026707906 
868 262 11 13 0.026648587 
308 200 12 13 0.026548 
688 283 11 15 0.026536252 
887 285 12 15 0.026451735 
833 320 14 20 0.02624605 
907 284 13 17 0.02622886 
18 395 16 24 0.026122432 
824 278 22 28 0.026122287 
772 247 14 17 0.026089052 
974 207 10 13 0.025999539 
567 381 25 35 0.025998602 
499 382 23 33 0.025889087 
680 192 7 9 0.025867619 
615 303 17 23 0.025840487 
928 248 8 11 0.02583157 
476 288 22 30 0.025683986 
848 216 7 9 0.025641741 
509 337 38 45 0.025620209 
85 398 17 25 0.02556164 
692 335 16 19 0.025558496 
686 365 24 31 0.025553469 
488 204 10 13 0.02551735 
505 200 9 12 0.025488257 
999 205 12 15 0.025361761 
597 295 15 19 0.025337553 
892 290 11 15 0.02533077 
493 393 27 39 0.025244495 
693 298 13 15 0.02520914 
275 193 24 29 0.025047077 
429 396 13 15 0.025018936 
760 222 8 11 0.024972236 
680 246 10 12 0.024941992 
480 300 12 17 0.024755994 
610 458 14 19 0.024746507 
901 279 20 28 0.024740716 
926 239 9 11 0.024716007 
514 212 12 16 0.024702394 
903 241 8 10 0.024587242 
659 188 11 16 0.024519244 
1007 211 15 20 0.024456503 
855 192 7 9 0.024420278 
727 262 10 13 0.024380283 
469 269 14 19 0.024373911 
806 183 6 9 0.024364531 
722 216 8 10 0.024357894 
873 232 18 22 0.024336172 
765 270 13 16 0.024251621 
446 229 14 17 0.024221346 
599 413 24 37 0.024126263 
766 289 13 15 0.024112338 
863 220 8 10 0.024110248 
690 315 15 20 0.024077464 
575 173 7 9 0.02400417 
454 206 11 13 0.024001032 
849 191 8 9 0.023994567 
733 252 9 12 0.023933776 
392 421 48 66 0.023910688 
109 359 11 14 0.023892578 
316 206 10 13 0.02388415 
25 411 17 23 0.023876237 
76 392 16 22 0.02378305 
711 248 10 12 0.023750054 
352 452 52 67 0.023723949 
679 352 22 31 0.023584718 
563 197 8 11 0.0235769 
351 290 14 19 0.02355975 
685 347 12 16 0.023550037 
814 199 7 8 0.023548333 
835 276 21 29 0.023526633 
187 342 17 19 0.023510164 
855 185 7 8 0.0234974 
404 409 30 45 0.023439802 
1001 156 9 11 0.023424132 
678 375 14 20 0.023336371 
69 383 20 25 0.02329264 
481 398 27 39 0.023246823 
292 429 83 100 0.023241913 
336 275 21 26 0.023163378 
459 364 13 17 0.023158956 
849 221 7 9 0.023125365 
435 221 13 16 0.023115661 
713 225 9 11 0.023109559 
582 205 9 12 0.023096094 
779 343 15 19 0.023058964 
926 223 9 10 0.023047108 
952 216 8 10 0.02302484 
760 382 26 34 0.022948498 
894 189 7 9 0.022925312 
708 339 15 19 0.022908468 
864 245 8 10 0.022868872 
374 253 13 16 0.022810197 
739 324 11 14 0.022809723 
768 176 7 9 0.022803143 
713 181 8 10 0.022740193 
854 206 8 10 0.0227302 
566 192 17 24 0.022635192 
669 284 11 14 0.022631906 
720 238 9 12 0.022590958 
585 231 10 15 0.022570336 
868 274 12 16 0.022495136 
816 192 8 9 0.022436127 
557 232 12 15 0.02230106 
121 457 30 44 0.022276508 
711 334 21 28 0.022242751 
132 479 14 20 0.022226706 
719 197 9 11 0.022226667 
775 176 7 8 0.02221615 
117 650 14 20 0.022043295 
489 384 23 35 0.021936845 
775 314 12 14 0.021927537 
357 217 15 19 0.02190702 
330 586 28 49 0.021811463 
874 233 10 12 0.021810269 
717 279 10 13 0.021788519 
119 149 10 11 0.021752317 
902 182 8 9 0.021737248 
471 390 29 35 0.021720642 
424 196 13 17 0.021674115 
576 168 7 10 0.021628397 
245 234 14 18 0.021622404 
796 335 17 18 0.021576783 
592 376 26 29 0.021567538 
171 379 35 47 0.02155564 
127 329 15 22 0.021544063 
504 375 30 34 0.021448247 
784 168 7 8 0.02138991 
327 197 13 14 0.021360813 
427 443 58 73 0.02133708 
868 295 14 17 0.021243507 
603 451 22 33 0.02122354 
324 268 15 21 0.021189755 
500 393 14 20 0.021189513 
612 354 23 33 0.021069199 
431 507 96 131 0.02106319 
497 329 28 36 0.02104768 
953 222 7 10 0.02100795 
334 166 9 11 0.020996753 
492 434 33 42 0.020918656 
742 182 7 10 0.020878024 
502 225 13 16 0.020868247 
98 481 44 66 0.020730559 
81 380 15 19 0.020711666 
468 372 17 18 0.020672869 
36 394 17 21 0.020606754 
261 202 23 29 0.020593384 
552 413 17 31 0.020572513 
731 337 17 22 0.020508343 
765 248 24 29 0.020408753 
310 272 15 20 0.020298062 
739 340 12 17 0.020295486 
741 215 8 11 0.020278994 
671 190 8 11 0.020262387 
380 251 13 16 0.020260995 
509 192 18 23 0.020127283 
589 228 22 33 0.020124294 
406 195 12 15 0.020078007 
801 279 16 22 0.020074228 
