18_Concerts_Concerts_18_133
78
151 1013 32 43 0.9973671 
321 415 67 69 0.9969482 
659 352 64 79 0.9959991 
640 916 38 47 0.9942374 
457 961 39 44 0.94713897 
375 1020 42 54 0.17713702 
551 610 16 19 0.11099235 
622 982 13 17 0.09148856 
281 1254 8 10 0.081029624 
576 1204 10 13 0.06271503 
978 1067 11 15 0.061709844 
816 1006 34 38 0.06140252 
999 1038 8 10 0.06032553 
111 540 46 55 0.056470122 
169 875 406 413 0.054453854 
312 1208 8 10 0.05251083 
256 377 9 10 0.051531617 
462 635 13 18 0.050393436 
534 1074 10 13 0.047206156 
345 1021 45 52 0.04314861 
196 1126 16 20 0.04248164 
270 1276 10 13 0.038709387 
574 1071 12 13 0.038045283 
207 1146 11 16 0.03688458 
252 1229 12 15 0.036491897 
945 1077 9 13 0.033668544 
61 650 139 162 0.033196792 
319 1020 49 54 0.032951504 
130 576 34 42 0.032675184 
298 987 51 60 0.03093225 
545 665 14 17 0.030317912 
553 1079 11 12 0.030086055 
951 1071 10 13 0.029696688 
957 1073 13 15 0.029593611 
910 1087 11 12 0.029093763 
261 380 9 12 0.028641285 
179 356 116 143 0.02851723 
524 1069 13 16 0.028066821 
14 446 358 424 0.027888369 
189 1129 18 21 0.02736181 
305 1038 49 56 0.026697515 
559 1018 10 12 0.026468478 
964 1071 16 18 0.026085356 
571 644 96 140 0.025744898 
286 1223 8 12 0.025664207 
280 946 27 30 0.025238652 
131 424 15 17 0.02521559 
392 950 9 10 0.025179368 
391 952 45 54 0.025048729 
603 620 23 29 0.024420919 
269 1037 40 47 0.024343878 
557 596 11 13 0.024335511 
295 1019 46 57 0.024105486 
536 615 9 12 0.02359869 
56 333 9 11 0.023204988 
40 350 12 14 0.023191754 
357 995 53 68 0.023013182 
969 1063 21 26 0.022924958 
573 989 8 12 0.022813557 
569 1072 8 11 0.02273302 
99 598 162 169 0.022558752 
593 1110 9 12 0.021915441 
249 1232 17 22 0.021841468 
413 953 41 54 0.02146139 
113 25 457 523 0.021454012 
397 410 48 63 0.021156779 
1005 1053 10 14 0.021064378 
498 940 27 39 0.020950869 
541 613 11 14 0.020918185 
816 1013 47 63 0.020816676 
436 1031 14 18 0.020737328 
616 978 21 27 0.02065186 
945 1071 10 14 0.020649064 
99 461 31 44 0.020636464 
203 1130 12 17 0.020589296 
629 975 12 17 0.020556599 
627 983 14 19 0.020225728 
371 408 56 61 0.020140868 
