18_Concerts_Concerts_18_670
19
293 178 32 35 0.9877082 
277 248 389 515 0.58414024 
783 115 15 19 0.5177135 
811 314 28 28 0.2210664 
151 176 23 31 0.21488214 
61 201 16 21 0.10240809 
692 133 12 14 0.076620795 
51 208 18 20 0.061484903 
903 316 13 15 0.055235334 
914 495 26 30 0.03562763 
824 316 19 20 0.034640055 
892 298 16 18 0.029403802 
394 415 253 296 0.027921159 
831 108 13 16 0.025170088 
834 313 14 18 0.02448299 
689 141 11 12 0.024380645 
899 309 15 18 0.024371356 
140 183 28 29 0.021762291 
297 173 21 24 0.02105158 
