18_Concerts_Concerts_18_402
26
255 251 437 566 0.9998778 
837 772 66 69 0.52763104 
286 141 322 408 0.43391675 
531 546 454 638 0.33516943 
414 362 456 552 0.29517457 
37 1191 55 70 0.11051303 
857 515 28 34 0.09133408 
820 730 99 120 0.08942152 
321 521 161 196 0.069160126 
817 1157 47 64 0.05543631 
691 656 238 339 0.05234662 
313 386 13 17 0.04988265 
836 594 16 19 0.046007764 
844 788 38 40 0.038456596 
786 709 34 46 0.03484796 
465 744 364 472 0.033802804 
201 471 362 396 0.031278975 
856 779 40 41 0.031026967 
755 552 229 341 0.028626684 
299 441 16 21 0.026768811 
300 425 29 34 0.025358425 
172 766 26 34 0.025346939 
845 503 47 59 0.023078961 
738 334 198 261 0.022357317 
834 791 30 36 0.021398887 
286 510 481 571 0.021123102 
