18_Concerts_Concerts_18_258
60
89 53 28 36 0.9974185 
894 79 40 40 0.9929125 
783 344 63 83 0.5675865 
999 129 20 28 0.22694613 
121 282 85 158 0.22420298 
780 87 10 13 0.15936466 
795 38 19 22 0.13738582 
965 158 26 32 0.10505265 
151 311 85 138 0.0773554 
10 344 43 60 0.07420807 
701 278 57 71 0.05959954 
1010 131 12 20 0.057624742 
458 150 9 12 0.05761686 
600 409 92 115 0.056402363 
569 209 33 34 0.053966835 
39 48 10 12 0.045851797 
734 89 16 21 0.0437416 
824 229 58 82 0.03882057 
728 100 10 14 0.03841858 
382 143 25 35 0.037256088 
694 133 12 15 0.03669252 
799 63 33 40 0.036487933 
993 137 14 19 0.03611705 
787 355 40 50 0.035654243 
764 343 111 140 0.035499945 
30 124 14 18 0.033773225 
1009 85 12 15 0.033227634 
837 207 51 70 0.030666607 
829 195 86 109 0.030482473 
396 135 10 11 0.029032458 
170 76 15 18 0.02857564 
391 134 11 14 0.028161071 
726 91 44 57 0.027211115 
793 40 41 52 0.02640559 
890 67 30 38 0.026260797 
653 101 9 13 0.025478961 
898 136 26 32 0.025437932 
958 157 13 17 0.025355347 
231 229 356 458 0.024707355 
924 207 50 61 0.024686642 
458 222 32 54 0.02422209 
471 215 10 13 0.024094736 
749 319 82 102 0.024058409 
156 143 12 14 0.023193607 
752 413 86 127 0.022768151 
130 141 15 18 0.022659382 
391 167 87 130 0.022649743 
679 121 10 12 0.022451058 
838 391 116 169 0.022436116 
811 44 14 16 0.022322465 
58 258 103 143 0.022311531 
781 111 10 13 0.022288054 
462 154 10 12 0.022014905 
710 316 44 44 0.02170208 
793 99 11 14 0.021619558 
960 106 11 14 0.021576624 
170 83 16 21 0.021070104 
887 76 13 18 0.021009294 
264 370 109 147 0.020822594 
919 197 37 41 0.020295685 
