18_Concerts_Concerts_18_665
18
522 150 240 290 0.999954 
481 1043 454 421 0.23258173 
548 1290 160 120 0.14713185 
95 1029 82 116 0.1347422 
536 588 136 161 0.12836164 
538 10 359 474 0.10156405 
457 493 426 459 0.06953126 
540 1188 271 208 0.0549702 
266 961 29 40 0.039296716 
131 966 14 18 0.031911463 
449 1152 253 270 0.02895037 
674 189 15 20 0.023830922 
585 599 26 31 0.022841908 
533 621 282 223 0.022627821 
414 242 116 163 0.021303728 
951 972 26 31 0.021017635 
664 621 249 325 0.020604514 
118 965 26 30 0.020262394 
