18_Concerts_Concerts_18_104
18
194 55 429 512 0.8514997 
327 -35 470 535 0.14323732 
559 395 16 18 0.124517396 
545 87 238 317 0.069754735 
666 226 388 481 0.06659426 
935 451 14 19 0.047754623 
152 219 127 148 0.044409055 
215 177 226 266 0.041822553 
571 57 388 431 0.033341005 
984 149 43 76 0.028357754 
600 144 145 185 0.028236318 
290 259 406 462 0.026062379 
43 17 18 21 0.023387892 
823 218 118 135 0.022032844 
278 427 104 122 0.021495044 
573 126 42 49 0.02146733 
53 466 27 35 0.021158831 
10 12 113 131 0.02106921 
