18_Concerts_Concerts_18_706
20
458 183 214 274 0.9999386 
324 663 23 27 0.1236905 
72 810 339 523 0.09873512 
135 651 29 32 0.090301834 
132 543 187 224 0.08044192 
213 638 71 77 0.06682355 
853 949 175 222 0.05676116 
772 427 90 149 0.0545181 
67 574 192 248 0.04819831 
139 653 58 64 0.047250528 
165 613 106 115 0.044205315 
136 661 34 39 0.040378094 
886 997 113 124 0.032712746 
787 682 198 249 0.032495227 
100 278 469 469 0.03163939 
238 662 42 38 0.030546607 
160 644 65 66 0.030281112 
69 431 321 432 0.026824974 
265 664 17 20 0.024571909 
189 43 241 249 0.023049202 
