18_Concerts_Concerts_18_1015
27
397 630 51 65 0.9985475 
151 625 55 65 0.99731976 
824 595 47 56 0.99609876 
622 624 44 53 0.9570615 
302 635 25 29 0.71739364 
783 638 24 30 0.24773367 
798 586 24 35 0.11813422 
45 623 17 22 0.08337832 
51 5 438 489 0.07539677 
957 629 13 16 0.052292284 
556 657 434 501 0.049606036 
385 873 29 33 0.044214223 
470 1132 13 17 0.043170758 
786 647 27 34 0.04142844 
472 1149 12 15 0.03578919 
504 1111 57 81 0.031755637 
469 1125 12 14 0.029295975 
89 1027 354 436 0.028681556 
622 1129 16 21 0.028494095 
315 700 360 533 0.028387817 
40 610 21 28 0.027230274 
793 635 19 26 0.024468154 
75 143 156 150 0.02347801 
925 1100 11 13 0.022812307 
966 749 24 31 0.021216897 
770 649 41 49 0.02079122 
261 632 26 30 0.020626104 
