18_Concerts_Concerts_18_486
23
284 189 201 219 0.9974451 
236 529 373 457 0.16729434 
350 663 228 246 0.13893679 
616 109 187 284 0.09851308 
440 252 418 493 0.080162026 
380 1018 86 59 0.072839 
787 151 26 27 0.07240921 
266 170 141 165 0.067622155 
819 327 26 33 0.062231783 
336 90 218 324 0.037264217 
829 325 15 17 0.036266267 
150 79 337 399 0.03572798 
135 515 59 64 0.033920884 
790 161 26 28 0.03364242 
800 153 17 21 0.027464103 
773 195 23 29 0.024206033 
805 141 12 14 0.023551382 
352 21 366 465 0.022639321 
508 766 82 70 0.02190459 
317 919 397 503 0.02122471 
823 282 16 20 0.021181177 
392 235 114 164 0.020543719 
478 658 238 267 0.02029545 
