18_Concerts_Concerts_18_612
19
215 369 365 496 0.9924321 
56 450 398 497 0.704342 
-9 671 327 492 0.593459 
368 400 427 486 0.34302995 
573 669 251 224 0.11743606 
93 422 123 128 0.10597266 
-122 543 354 508 0.06693805 
524 606 426 349 0.050968204 
551 339 347 478 0.049492437 
1006 838 19 33 0.04546001 
741 236 89 103 0.03934128 
931 1084 33 38 0.028149476 
362 89 39 45 0.025793752 
136 169 56 52 0.025208294 
801 120 32 40 0.023016335 
875 99 35 40 0.022397986 
802 135 35 45 0.022099106 
399 94 42 66 0.02157004 
489 557 236 298 0.02077664 
