18_Concerts_Concerts_18_127
49
358 231 55 77 0.99609023 
667 171 47 73 0.9956085 
150 266 65 99 0.99436533 
274 233 48 76 0.99151456 
740 192 49 65 0.9910274 
175 163 43 62 0.98648643 
243 132 38 51 0.9862708 
846 202 31 41 0.985658 
803 192 40 54 0.9802183 
51 179 32 45 0.9760188 
20 197 32 46 0.96852297 
531 226 52 60 0.95485824 
303 180 42 49 0.9461508 
575 188 30 38 0.9407557 
450 182 39 49 0.9395973 
950 195 39 54 0.90495205 
914 208 37 51 0.7170086 
446 232 47 74 0.67976063 
36 193 31 42 0.2446243 
443 193 51 68 0.23651741 
36 310 59 71 0.22588572 
288 199 53 68 0.100413844 
871 324 109 112 0.08480414 
892 213 34 43 0.08195895 
403 185 26 35 0.07224703 
557 203 43 57 0.06335778 
760 169 33 44 0.06239835 
461 220 31 47 0.05796647 
560 184 34 48 0.05327223 
617 192 25 39 0.05104392 
10 209 35 45 0.04778178 
930 204 49 55 0.036906675 
554 158 24 28 0.034884617 
823 201 39 48 0.03324173 
73 178 28 41 0.03139716 
616 335 50 63 0.031274393 
707 181 46 69 0.028715363 
962 214 29 47 0.027631918 
550 182 31 40 0.027268784 
224 250 51 72 0.025964566 
14 255 92 117 0.025730968 
473 244 33 52 0.025456753 
26 210 45 59 0.02400726 
541 165 27 29 0.023389928 
310 187 48 67 0.023293162 
526 147 22 30 0.023256596 
194 270 55 80 0.021203348 
380 279 32 45 0.020912236 
458 179 22 27 0.020008935 
