18_Concerts_Concerts_18_27
28
400 173 405 539 0.9999579 
262 977 423 439 0.97131497 
92 901 375 437 0.73572755 
509 699 85 129 0.39771286 
445 883 322 494 0.295303 
275 59 438 461 0.252217 
85 696 460 422 0.16916369 
430 1117 301 339 0.121385306 
476 13 456 566 0.10787091 
356 272 265 374 0.08228214 
785 28 189 268 0.08068488 
788 1042 243 334 0.074134775 
643 807 451 519 0.05288939 
131 950 210 309 0.052390464 
488 380 392 481 0.050476518 
487 883 32 48 0.045022562 
-121 242 494 464 0.042477116 
5 559 441 445 0.030980697 
487 945 47 70 0.02731742 
522 920 36 37 0.025785286 
139 742 238 251 0.025252054 
526 998 445 455 0.024286281 
523 777 358 460 0.024242267 
673 2 340 454 0.023826899 
408 694 187 259 0.023160575 
879 509 100 129 0.022577345 
202 196 331 465 0.022004614 
520 878 44 57 0.02058943 
