6_Funeral_Funeral_6_733
27
820 117 135 170 0.9994954 
654 146 84 104 0.9944675 
135 200 80 92 0.99075466 
26 279 27 40 0.9859051 
331 299 17 21 0.9246566 
210 288 36 43 0.8612939 
299 306 15 17 0.7939432 
310 308 14 17 0.58432126 
392 303 11 14 0.46668705 
274 298 14 18 0.39672542 
304 393 12 17 0.14353092 
261 304 13 18 0.11508832 
601 275 16 20 0.07897155 
256 309 12 16 0.063470975 
268 300 16 21 0.05570708 
576 390 25 29 0.0401902 
774 572 10 15 0.03793161 
282 299 11 16 0.03563464 
587 305 14 17 0.034266826 
13 285 30 35 0.025740515 
915 391 79 118 0.024557384 
316 303 12 17 0.023191633 
608 274 16 20 0.021089852 
997 314 15 18 0.020857342 
278 356 13 19 0.020829549 
328 297 13 16 0.020561524 
390 298 18 22 0.020399818 
