6_Funeral_Funeral_6_485
245
458 178 99 144 0.9998528 
905 140 79 101 0.98796767 
749 98 11 15 0.16046596 
309 56 8 10 0.15780486 
678 6 9 12 0.1504016 
819 329 14 16 0.14855352 
806 133 10 13 0.13283122 
168 89 12 16 0.12394007 
778 200 25 29 0.09642979 
621 20 10 12 0.092181794 
179 205 10 12 0.08746669 
661 16 11 13 0.08591782 
351 274 15 18 0.08269282 
654 77 8 11 0.08135596 
766 110 10 13 0.07990306 
801 87 9 11 0.07836595 
663 6 8 8 0.0725863 
645 7 9 10 0.07167589 
657 21 11 14 0.069884464 
133 85 13 18 0.06900508 
198 96 8 11 0.067459784 
708 88 12 14 0.06601425 
765 22 10 13 0.063765444 
801 118 9 10 0.063072056 
349 85 9 12 0.062374882 
800 93 9 12 0.060516875 
211 79 11 14 0.059701744 
293 83 11 15 0.059585515 
711 75 10 11 0.058290064 
198 87 8 10 0.05797657 
925 60 10 13 0.056968175 
806 312 13 16 0.05653262 
642 14 8 11 0.05491348 
766 77 11 11 0.054898296 
787 130 11 15 0.054367784 
286 24 8 10 0.053272784 
333 292 15 19 0.05313884 
702 71 9 12 0.05286838 
732 86 10 12 0.05211807 
821 135 8 10 0.050880384 
833 201 23 26 0.049078993 
179 221 12 14 0.048648436 
680 11 9 11 0.048442256 
878 134 9 11 0.047937956 
673 1 9 9 0.04753127 
333 282 25 32 0.04751629 
785 118 8 10 0.047340296 
843 296 15 19 0.046848297 
336 7 8 8 0.046358008 
805 119 9 11 0.046063285 
825 78 7 9 0.044459928 
177 227 13 16 0.044244792 
169 80 9 11 0.04358708 
789 77 10 12 0.043506846 
350 72 9 10 0.04272704 
185 76 10 12 0.042338647 
353 15 7 9 0.04150671 
838 262 11 12 0.040870197 
895 79 8 9 0.040199455 
725 64 9 11 0.0397166 
184 143 10 13 0.03942118 
932 101 13 17 0.039274357 
122 45 10 14 0.03881629 
800 100 9 11 0.03880411 
383 115 11 14 0.038714785 
785 86 9 10 0.038505968 
148 68 10 12 0.03846691 
697 124 11 13 0.03827815 
762 27 10 13 0.037847064 
413 15 12 14 0.037703108 
755 200 19 21 0.037528582 
800 112 9 10 0.03744165 
786 72 9 10 0.0371111 
143 121 12 15 0.036981627 
909 78 10 12 0.036441695 
216 111 9 11 0.03604108 
854 194 12 14 0.035708226 
800 80 8 10 0.035641767 
866 206 10 12 0.03518443 
664 75 10 13 0.03503206 
272 92 10 14 0.034521367 
719 75 10 12 0.03442079 
191 95 9 11 0.034399573 
343 277 23 29 0.034365416 
628 47 9 11 0.034316126 
784 43 10 12 0.03413794 
181 55 8 11 0.033808146 
364 95 8 10 0.03365721 
463 14 9 11 0.033577997 
397 8 9 10 0.03325966 
184 69 10 13 0.033091027 
767 55 9 10 0.032824874 
962 101 12 15 0.0324557 
772 78 9 11 0.03241381 
591 151 51 63 0.03231833 
350 77 10 13 0.03228594 
588 45 9 11 0.032257892 
632 86 10 12 0.032062486 
390 0 8 9 0.032004766 
822 142 7 10 0.03188366 
849 28 11 13 0.03180936 
984 94 9 12 0.031755902 
646 48 11 13 0.031703528 
166 5 8 9 0.031577673 
815 169 15 17 0.031192664 
127 7 9 10 0.031095667 
831 71 11 12 0.03096235 
768 84 9 11 0.030953925 
1003 102 16 22 0.030950692 
719 127 12 14 0.030949233 
765 71 11 13 0.030923897 
178 210 13 15 0.030841244 
135 70 9 10 0.030791955 
365 87 7 10 0.030775825 
271 70 8 10 0.030756854 
671 51 12 15 0.030608745 
182 62 10 12 0.03040797 
710 11 11 13 0.030326178 
465 9 8 9 0.030324461 
684 132 13 15 0.0302661 
882 78 8 11 0.029941017 
181 8 9 9 0.029862756 
813 323 21 26 0.02959759 
806 127 11 13 0.029556073 
732 38 9 11 0.029483378 
709 0 9 9 0.029385759 
837 78 9 12 0.02915573 
805 512 30 40 0.028970944 
814 119 9 10 0.028582416 
821 93 12 14 0.028486876 
699 118 11 14 0.028448893 
272 78 10 12 0.028342806 
448 40 9 10 0.028070716 
664 1 8 9 0.027997164 
659 26 12 14 0.027987499 
784 112 8 11 0.027933508 
247 91 13 17 0.027761333 
646 1 10 10 0.02751544 
264 121 13 16 0.027455587 
999 80 9 11 0.02740155 
929 78 9 10 0.026959732 
693 7 9 10 0.026576148 
706 9 9 10 0.026532989 
368 53 9 10 0.026502253 
726 78 9 12 0.026299419 
592 21 10 12 0.026185697 
912 6 9 10 0.026162557 
430 31 7 10 0.026025489 
788 119 9 10 0.026008958 
727 101 10 12 0.0259792 
805 156 8 11 0.02589408 
367 80 8 10 0.025800774 
973 79 9 11 0.025652202 
652 86 11 13 0.025553493 
645 22 8 11 0.025546713 
743 78 9 11 0.025472533 
177 45 9 11 0.025467632 
722 248 15 19 0.025442343 
833 125 11 13 0.025398003 
910 84 9 11 0.025330406 
345 89 10 12 0.025329463 
928 86 9 10 0.025281252 
160 6 8 9 0.025272632 
1007 79 9 12 0.025227176 
299 329 25 31 0.025180364 
346 72 8 10 0.025086842 
501 5 9 11 0.025065914 
192 102 9 10 0.024975436 
365 273 12 16 0.024900893 
758 201 26 29 0.024860732 
880 126 10 13 0.024848383 
805 21 9 11 0.02483624 
786 126 10 13 0.024835728 
349 103 9 11 0.024739143 
822 109 9 11 0.0245783 
312 7 8 9 0.024546172 
905 80 8 11 0.024545373 
725 197 25 30 0.024542956 
915 94 10 14 0.024473308 
748 107 11 13 0.02444311 
297 268 11 14 0.02425525 
823 88 9 12 0.024117496 
189 219 11 14 0.024069028 
377 85 9 11 0.024025071 
846 128 9 10 0.023901075 
333 275 12 16 0.0238867 
321 69 10 12 0.023858173 
344 238 11 14 0.023714071 
497 1 9 10 0.023691876 
821 34 10 13 0.023642723 
816 109 9 11 0.023443962 
709 255 26 30 0.023401624 
823 128 7 10 0.023368366 
294 112 10 13 0.023324968 
353 8 8 9 0.02320771 
304 59 10 13 0.023167532 
764 134 11 12 0.02312216 
288 71 8 10 0.023105877 
729 223 41 50 0.023050135 
805 310 22 26 0.022933427 
734 79 9 11 0.022923892 
910 72 10 12 0.022887472 
661 38 10 12 0.022850519 
180 20 9 11 0.022761814 
640 40 7 9 0.022739975 
275 84 11 15 0.02253033 
732 158 10 13 0.022411492 
548 160 49 73 0.022334613 
183 94 10 12 0.02231203 
415 275 56 86 0.022108648 
288 104 9 10 0.021967957 
839 1 12 12 0.02180746 
728 0 10 10 0.02177973 
340 6 9 9 0.021722037 
839 84 9 11 0.021693097 
845 2 10 10 0.021642406 
159 1 8 9 0.021592606 
784 54 9 11 0.02157153 
232 78 9 12 0.021548094 
191 122 13 16 0.021514298 
744 126 10 12 0.021468421 
927 32 8 9 0.02145673 
745 234 30 35 0.021455841 
750 116 9 12 0.021454541 
766 103 9 11 0.021420093 
990 79 10 12 0.021235114 
641 1 9 10 0.02121706 
245 301 11 13 0.021211421 
881 73 7 10 0.021205666 
806 102 9 10 0.02118497 
313 20 7 10 0.021011408 
630 41 8 9 0.020958241 
802 125 9 12 0.020905435 
214 102 9 11 0.02077265 
622 8 9 10 0.020744726 
654 72 9 12 0.020739159 
838 38 7 10 0.020655863 
862 197 10 13 0.020621011 
801 158 8 10 0.020541998 
721 342 14 18 0.020182747 
650 91 14 16 0.020171588 
728 4 10 12 0.020132042 
784 29 9 12 0.02011537 
320 83 10 13 0.020078128 
165 27 11 14 0.020004844 
