6_Funeral_Funeral_6_109
113
122 216 31 40 0.9995116 
355 225 24 31 0.9986267 
388 311 27 35 0.9968766 
195 213 32 38 0.99670464 
716 293 22 29 0.9930936 
303 229 24 30 0.9919629 
778 229 17 20 0.9871997 
247 220 26 33 0.98704046 
423 238 22 29 0.9870235 
802 254 19 22 0.9824133 
459 224 22 29 0.9800417 
593 301 24 31 0.9783085 
303 197 21 27 0.9752891 
645 218 22 25 0.969327 
618 220 18 23 0.96615213 
547 221 17 21 0.9661184 
915 220 20 24 0.9615289 
882 237 16 19 0.95868754 
411 205 19 23 0.95521617 
269 221 24 33 0.95032275 
520 232 20 25 0.9491086 
698 247 16 20 0.9437129 
369 204 20 26 0.9421203 
588 228 19 23 0.93878895 
568 210 16 20 0.924207 
455 303 20 25 0.914438 
740 254 16 19 0.86997086 
716 254 15 19 0.85623205 
836 241 16 19 0.80657285 
486 215 20 23 0.7735109 
572 323 21 28 0.751429 
660 300 20 23 0.7207385 
491 235 22 27 0.6985011 
564 238 12 16 0.6015862 
982 217 16 18 0.4659077 
489 247 18 22 0.39189684 
501 230 20 27 0.37777397 
678 251 13 17 0.31304044 
899 265 13 16 0.23035862 
334 219 15 20 0.21671188 
860 262 12 17 0.21588558 
548 325 12 18 0.2057161 
710 236 11 13 0.18734978 
704 248 18 23 0.18288559 
835 275 13 16 0.1794431 
84 140 14 16 0.17153126 
361 210 23 32 0.12964664 
635 389 15 20 0.11533965 
828 266 15 19 0.10573714 
86 134 14 16 0.09739195 
630 255 14 18 0.09111296 
798 225 17 19 0.090900384 
158 221 21 28 0.06821829 
332 231 16 21 0.06491078 
860 255 10 14 0.064038664 
672 230 12 15 0.061534256 
543 278 11 14 0.06139616 
558 234 14 17 0.057028227 
839 259 23 29 0.0521307 
444 193 17 18 0.050271876 
426 373 16 22 0.04586282 
751 383 13 16 0.044795785 
522 172 11 15 0.041379612 
441 201 22 25 0.040856868 
223 197 14 18 0.040498756 
625 250 15 19 0.04021001 
709 375 16 17 0.040094294 
303 213 27 36 0.03914505 
487 232 18 22 0.03791004 
712 259 20 28 0.036687456 
509 189 13 15 0.035595655 
481 271 16 20 0.033778682 
854 217 13 18 0.033171557 
822 259 14 20 0.032712974 
712 276 11 15 0.03266855 
81 145 14 19 0.031266026 
556 210 18 25 0.03126493 
318 230 21 27 0.0311469 
827 3 52 64 0.029528636 
855 244 10 15 0.029278839 
754 210 15 17 0.029125646 
836 229 16 19 0.029063793 
548 239 13 17 0.028906913 
569 234 14 18 0.02829885 
856 195 12 14 0.027946794 
503 202 13 16 0.02771893 
591 195 13 15 0.026365137 
507 196 15 18 0.025703022 
852 260 18 26 0.025061991 
674 235 13 15 0.02470743 
525 177 12 15 0.024634825 
564 227 15 19 0.024509838 
582 316 23 29 0.024453685 
900 422 11 15 0.024398653 
395 208 16 21 0.023740077 
55 159 11 15 0.023739712 
162 155 25 31 0.022694256 
36 147 12 13 0.022556739 
854 236 11 15 0.022535298 
792 439 11 15 0.0225109 
137 218 26 34 0.022182174 
841 247 14 19 0.022140114 
685 242 19 25 0.021925021 
705 363 26 32 0.021864329 
831 247 14 19 0.02177301 
399 319 17 23 0.021608865 
586 328 16 21 0.02150473 
570 224 16 20 0.021118239 
354 103 37 41 0.021058215 
562 242 17 23 0.021020101 
251 -3 61 54 0.020623239 
318 117 11 13 0.020565858 
836 256 15 21 0.020484233 
