6_Funeral_Funeral_6_177
415
446 259 26 38 0.99759895 
782 155 38 45 0.9969511 
877 155 31 40 0.9941772 
550 215 33 56 0.9934564 
624 185 38 46 0.9865515 
687 171 33 44 0.96541417 
422 261 27 39 0.9361917 
913 152 30 37 0.92112124 
226 234 27 41 0.9201702 
494 261 25 38 0.9130292 
900 193 31 35 0.8881429 
539 261 23 34 0.87860763 
262 179 32 53 0.8424636 
964 163 23 28 0.81972784 
360 189 9 13 0.55618715 
518 191 10 13 0.4725672 
449 187 10 14 0.37599272 
410 176 13 18 0.33262867 
155 184 32 33 0.30934525 
438 240 17 20 0.28710726 
414 400 32 37 0.28492692 
55 550 8 10 0.28041184 
30 504 8 11 0.26973078 
930 151 32 38 0.23973967 
158 581 9 10 0.19625589 
458 264 25 34 0.19406722 
127 469 7 9 0.19375011 
144 656 9 12 0.18364948 
127 588 9 11 0.17964119 
116 605 10 12 0.17882243 
60 574 10 12 0.17873268 
157 536 9 11 0.1734651 
98 598 10 12 0.1721829 
85 542 9 11 0.170154 
290 542 8 10 0.17010915 
67 606 11 13 0.16924846 
378 189 13 18 0.16855755 
305 558 9 11 0.15994032 
316 213 17 23 0.15828559 
277 553 9 10 0.1559489 
102 550 9 11 0.15278156 
169 518 8 11 0.15208812 
73 559 10 12 0.14176899 
39 488 9 11 0.14167115 
44 566 9 11 0.14003669 
31 551 9 12 0.13860151 
213 235 27 33 0.12530276 
65 484 8 10 0.12091214 
153 462 7 9 0.117155775 
128 542 9 11 0.11647196 
165 201 15 18 0.114284225 
401 197 22 37 0.11336779 
510 170 11 14 0.11258886 
182 577 9 11 0.111518785 
97 476 8 10 0.110673174 
154 581 9 10 0.105490305 
145 595 10 12 0.102832206 
69 481 9 11 0.09975102 
302 215 28 33 0.098566614 
55 500 8 11 0.09426766 
262 538 10 13 0.09391685 
40 567 9 11 0.09209584 
85 491 10 11 0.091334134 
475 266 28 33 0.091073 
323 209 15 23 0.09037224 
173 591 9 11 0.08946222 
73 432 9 11 0.0884931 
113 534 7 9 0.08830285 
827 138 14 20 0.087563284 
275 176 44 59 0.08737784 
144 479 8 10 0.08708367 
86 614 11 14 0.08707617 
370 192 22 33 0.08527803 
496 166 12 14 0.082170084 
297 496 10 12 0.08198872 
308 311 45 43 0.08128414 
478 274 16 21 0.07877215 
155 192 19 21 0.0782739 
356 152 15 19 0.07778625 
318 542 8 9 0.07715873 
576 175 11 14 0.07586218 
61 567 8 10 0.075784594 
185 528 8 11 0.075436525 
142 526 8 10 0.07501511 
47 609 9 12 0.07457401 
505 265 23 36 0.07433163 
103 424 9 12 0.07416415 
17 519 8 11 0.0718533 
259 226 25 40 0.07182976 
501 185 14 19 0.07075204 
999 197 26 45 0.06905191 
129 535 8 11 0.06851214 
85 416 9 11 0.06845629 
405 181 19 29 0.06802876 
552 175 10 14 0.06733676 
250 197 15 23 0.06716199 
284 600 9 11 0.06713095 
169 472 8 9 0.06598928 
509 149 11 13 0.06598413 
488 401 17 21 0.06493877 
522 189 11 15 0.0645452 
976 160 24 32 0.064514235 
133 495 9 10 0.06339473 
174 473 8 9 0.06291481 
118 558 9 11 0.06171285 
0 204 46 81 0.061268713 
372 165 12 15 0.061182998 
178 455 7 10 0.060439162 
362 467 17 20 0.059819445 
401 262 24 31 0.05929086 
44 439 9 10 0.058822095 
24 509 8 10 0.058520306 
405 194 14 22 0.05768265 
209 572 7 10 0.056521755 
253 442 9 12 0.056386508 
22 526 9 11 0.05624434 
251 190 25 39 0.0561743 
150 591 9 12 0.056053452 
311 484 10 11 0.055998854 
23 557 8 10 0.05598619 
37 551 9 11 0.05573439 
909 168 41 50 0.055668026 
158 479 8 9 0.05538056 
365 192 14 20 0.054715175 
117 480 8 11 0.053807653 
102 473 9 11 0.053625505 
525 224 12 20 0.052748844 
25 492 7 10 0.05263972 
726 158 23 40 0.051672902 
116 599 10 12 0.05131567 
316 424 10 11 0.05104861 
246 229 26 42 0.05049451 
116 660 11 11 0.050448366 
285 480 10 13 0.049958233 
166 576 9 11 0.049498536 
160 198 26 31 0.0492927 
56 623 11 14 0.049072456 
361 453 16 18 0.048757385 
133 486 8 11 0.048283495 
243 171 42 60 0.04737154 
193 513 7 9 0.04735133 
144 543 9 11 0.047052704 
492 230 17 22 0.04683988 
435 228 23 27 0.046783317 
672 171 35 50 0.04669808 
312 542 9 10 0.046404235 
501 169 13 16 0.046068214 
471 179 10 13 0.046021592 
394 159 23 28 0.04587947 
45 560 9 11 0.04538557 
89 559 9 11 0.0450588 
291 201 30 39 0.04466152 
103 181 10 15 0.043839674 
113 486 8 9 0.04375611 
0 196 12 19 0.043608926 
173 653 9 10 0.04348086 
526 259 26 37 0.043313775 
483 202 14 16 0.04299016 
90 564 9 12 0.042957373 
397 193 15 21 0.042708393 
905 192 45 52 0.042538274 
379 198 17 23 0.042324208 
239 103 32 32 0.0421676 
169 195 16 18 0.042124964 
153 520 8 10 0.041733075 
129 421 8 9 0.041365962 
47 488 8 11 0.041311733 
145 549 9 11 0.041176 
420 178 13 20 0.040888745 
541 196 12 16 0.04068828 
364 203 24 38 0.040608272 
434 246 23 32 0.040439684 
103 502 9 11 0.039888583 
366 161 13 16 0.03942425 
7 520 8 10 0.039241113 
17 553 8 10 0.039114263 
190 529 8 10 0.038935103 
390 207 14 20 0.03890453 
133 542 8 11 0.038411573 
102 543 8 10 0.038298555 
515 184 19 25 0.038058896 
21 519 8 11 0.038035728 
174 518 8 10 0.037901673 
21 567 9 10 0.037852667 
167 581 9 10 0.037601545 
237 221 25 43 0.03745866 
178 264 51 60 0.03735051 
54 545 8 10 0.037284125 
227 270 17 23 0.036815044 
358 160 14 16 0.03663401 
140 166 36 37 0.03658702 
45 509 9 11 0.036458254 
350 150 14 17 0.036448106 
396 207 16 23 0.036314327 
20 574 10 12 0.03627049 
143 472 8 10 0.03600008 
113 408 8 10 0.03597955 
63 495 8 11 0.035790082 
372 158 11 13 0.035712376 
512 192 13 16 0.035674777 
17 492 7 10 0.035593618 
58 445 9 12 0.035248023 
17 568 8 10 0.035104778 
118 551 9 11 0.0350841 
740 180 9 14 0.035042144 
136 584 9 11 0.03500536 
105 555 9 12 0.03483296 
23 213 45 62 0.034707747 
0 583 8 11 0.034637574 
95 580 9 12 0.03462633 
41 609 9 11 0.034397278 
75 564 10 13 0.03431714 
56 423 8 10 0.034264855 
157 526 8 10 0.034155436 
270 616 8 9 0.034108862 
403 257 37 46 0.03397674 
81 495 8 9 0.03391215 
182 454 7 10 0.03338334 
255 538 11 15 0.03337217 
296 333 35 35 0.033286598 
62 519 9 10 0.033213194 
36 623 10 13 0.032964643 
119 503 9 10 0.032839578 
129 548 9 10 0.032829642 
383 189 22 29 0.032535695 
62 439 8 10 0.032386295 
393 256 22 32 0.03228186 
479 195 13 17 0.032256097 
837 176 15 17 0.032046836 
183 471 7 9 0.031984676 
61 579 10 12 0.03197198 
491 220 15 20 0.03193336 
174 542 8 10 0.031844337 
119 407 8 9 0.031377755 
1012 445 13 21 0.031199155 
126 529 9 10 0.03115394 
73 502 8 10 0.031100765 
113 529 7 10 0.030979317 
178 195 14 18 0.03097032 
70 496 9 10 0.030827336 
268 535 11 13 0.030580156 
306 177 38 53 0.030357499 
6 487 7 11 0.030133223 
316 166 23 33 0.030096559 
47 503 9 11 0.030036159 
549 291 12 18 0.029970894 
77 573 11 12 0.029953113 
364 155 13 16 0.029921236 
509 154 12 16 0.02980988 
393 270 25 34 0.029800434 
500 225 16 25 0.029474735 
127 595 10 13 0.029219503 
951 154 39 50 0.029141933 
152 457 8 10 0.028922865 
119 430 8 10 0.028900813 
596 181 11 14 0.028751252 
502 158 11 14 0.028699396 
463 180 12 14 0.028283825 
76 430 9 11 0.028278733 
84 663 14 14 0.028189084 
39 580 9 11 0.028172748 
282 208 40 59 0.028138705 
463 190 11 14 0.028126165 
489 167 10 13 0.02785721 
110 425 8 9 0.027846217 
342 147 24 28 0.027798962 
516 170 11 14 0.02769273 
175 476 8 10 0.027691804 
504 161 20 26 0.027647335 
70 544 8 10 0.027578741 
606 166 8 10 0.027576039 
24 533 9 10 0.027521955 
87 548 10 12 0.027515452 
78 581 11 14 0.027510505 
717 172 29 40 0.02747324 
80 479 8 10 0.027450774 
131 177 27 32 0.027417377 
83 210 44 62 0.02728822 
7 492 8 11 0.02717673 
360 154 22 26 0.027051313 
169 654 9 11 0.027034387 
39 572 10 12 0.02698169 
150 495 8 10 0.02691981 
31 494 8 10 0.026908109 
251 525 12 14 0.02656932 
379 163 13 16 0.026512502 
486 388 13 17 0.02651142 
111 592 10 11 0.02649764 
244 201 25 37 0.026467316 
151 541 9 10 0.026454696 
72 551 8 10 0.026372097 
519 184 11 15 0.026366366 
83 605 11 13 0.02613061 
468 188 11 15 0.026126886 
143 521 8 10 0.026100134 
175 582 8 10 0.025953453 
168 513 9 10 0.025873434 
309 154 24 34 0.025802488 
37 527 9 10 0.025785621 
271 556 9 11 0.025704073 
135 566 10 11 0.02563107 
421 175 21 28 0.02557547 
391 160 16 19 0.025532853 
353 189 11 16 0.025516152 
329 207 14 22 0.025322272 
597 185 14 16 0.02517161 
174 536 8 9 0.025150195 
149 550 9 11 0.025146687 
536 188 11 16 0.025141912 
120 528 8 10 0.025084428 
164 213 18 22 0.025082897 
225 251 25 39 0.024895867 
214 568 7 10 0.024886645 
23 613 9 11 0.024804229 
362 183 13 16 0.024798322 
46 517 8 11 0.024753928 
282 343 35 34 0.024687756 
229 152 69 103 0.024568059 
57 580 9 11 0.024562918 
159 461 8 9 0.02451179 
411 208 13 20 0.024296606 
540 178 15 19 0.024249502 
134 559 9 11 0.024230102 
56 439 9 11 0.024181841 
452 404 24 37 0.024169086 
593 177 9 10 0.024022253 
141 186 14 18 0.023947755 
507 178 12 17 0.023897937 
1 526 8 10 0.023862014 
158 485 9 10 0.023816489 
167 220 41 55 0.023811053 
133 550 9 10 0.02378765 
80 600 10 11 0.023730483 
1 587 9 13 0.02371901 
134 597 11 13 0.023702048 
73 509 8 10 0.023700414 
32 526 9 11 0.023644187 
476 396 28 35 0.023563404 
50 213 44 59 0.023477012 
151 502 9 10 0.023440879 
96 592 10 13 0.023405002 
62 512 8 9 0.0233571 
81 536 8 10 0.02331643 
991 158 26 38 0.02331559 
149 558 9 11 0.023294516 
33 568 9 10 0.023287563 
146 485 8 10 0.023264462 
0 478 7 11 0.023238286 
133 534 9 11 0.023172498 
7 536 8 10 0.023102455 
120 471 8 10 0.02296532 
134 481 8 10 0.022960978 
70 600 9 12 0.022944145 
149 188 18 21 0.02292397 
138 519 8 10 0.022918569 
136 464 7 10 0.022824397 
432 233 15 19 0.022816058 
137 183 44 51 0.022667121 
197 583 9 10 0.02258599 
112 599 18 23 0.022543954 
43 573 11 12 0.022491654 
136 501 8 10 0.022483611 
372 381 31 36 0.022429252 
104 566 9 11 0.02240167 
273 657 10 13 0.022384904 
47 590 10 11 0.022373099 
120 437 8 11 0.022328418 
247 443 10 13 0.022327648 
40 505 8 10 0.022309013 
304 542 9 11 0.022274304 
536 180 11 15 0.022252424 
112 558 9 11 0.02222335 
30 608 9 11 0.02218467 
572 173 19 23 0.022068283 
236 189 26 35 0.022061191 
153 414 8 9 0.022024497 
145 495 9 10 0.022020321 
439 187 11 15 0.021947766 
40 518 9 10 0.021819381 
304 562 11 14 0.021622997 
426 279 21 28 0.021571344 
231 423 10 13 0.021561429 
182 460 7 10 0.021478774 
324 184 16 22 0.021365287 
32 626 11 13 0.021324579 
477 175 9 11 0.021226527 
197 589 9 10 0.02116382 
327 180 23 34 0.021154596 
300 229 17 23 0.021080106 
515 304 18 23 0.02105385 
199 527 8 10 0.020969948 
3 148 61 91 0.02095273 
168 595 10 12 0.020935144 
295 559 9 10 0.020888194 
504 144 22 28 0.02087631 
97 536 8 10 0.020871632 
54 488 8 10 0.020793382 
484 190 14 17 0.020741502 
381 157 12 14 0.020714205 
255 533 21 24 0.020699035 
343 149 12 15 0.020575436 
64 525 9 11 0.020558415 
255 318 34 37 0.02055286 
120 564 10 12 0.02049939 
315 202 18 24 0.020411797 
412 269 17 24 0.020410186 
95 550 9 12 0.020386934 
220 348 43 45 0.020356102 
16 504 7 10 0.0202256 
523 231 15 24 0.020210452 
119 425 7 9 0.020196965 
439 160 9 13 0.020149363 
184 478 8 10 0.020123512 
184 447 7 11 0.02006888 
977 173 39 53 0.020062936 
