6_Funeral_Funeral_6_696
64
459 170 60 81 0.99942565 
968 168 53 68 0.99886286 
679 113 63 87 0.9986303 
559 204 51 88 0.99850804 
264 150 28 34 0.9982926 
330 176 27 35 0.99804735 
5 173 26 34 0.99785197 
893 131 46 57 0.9975458 
21 200 25 32 0.9967781 
562 62 59 90 0.99659497 
160 191 32 43 0.99638236 
812 141 55 75 0.9958884 
59 194 25 33 0.9953047 
219 172 20 28 0.988564 
94 183 24 32 0.98314536 
362 174 22 30 0.97793657 
412 88 53 63 0.9756452 
90 156 20 23 0.9621178 
119 186 28 35 0.9382401 
23 162 20 24 0.856136 
171 161 20 22 0.782634 
295 163 17 23 0.68839854 
389 151 22 35 0.65351015 
59 174 20 23 0.6490859 
219 163 17 25 0.3956143 
348 159 12 14 0.38442296 
139 171 16 20 0.24991487 
957 153 26 38 0.21836597 
559 319 38 50 0.15904021 
804 162 16 22 0.14730997 
344 157 20 26 0.11976188 
805 155 28 42 0.10346343 
549 147 14 23 0.09691359 
165 170 27 31 0.09081847 
128 175 24 31 0.08323527 
378 164 21 29 0.06960613 
135 193 18 23 0.06819567 
117 171 16 20 0.0677699 
148 193 27 36 0.05952305 
279 155 25 32 0.053720128 
424 116 57 70 0.05100932 
367 169 13 18 0.05081452 
785 157 10 14 0.049530264 
389 135 42 56 0.044713754 
121 171 22 28 0.036777254 
310 47 8 11 0.036079913 
398 116 52 64 0.033862345 
162 178 18 22 0.033137422 
659 117 52 75 0.032461464 
960 157 14 19 0.031690422 
77 189 27 35 0.031613495 
392 150 12 20 0.031528737 
339 168 24 32 0.029580874 
962 378 10 13 0.027540833 
364 172 35 45 0.02508068 
95 167 19 22 0.02329257 
542 146 24 34 0.023124507 
669 139 13 18 0.022781724 
515 158 23 32 0.022488385 
384 172 28 35 0.021804836 
224 158 17 20 0.021566417 
51 301 110 118 0.020812413 
185 163 14 19 0.020169137 
127 201 26 32 0.020074802 
