6_Funeral_Funeral_6_432
19
710 144 98 136 0.9998047 
823 212 120 151 0.9997967 
342 153 102 144 0.9997429 
451 293 39 53 0.9210901 
86 319 25 32 0.7123626 
176 292 33 41 0.6078126 
977 220 40 45 0.30780387 
592 165 88 125 0.041830167 
72 47 186 210 0.03650379 
20 -5 186 211 0.029523943 
589 20 28 34 0.026625061 
181 532 378 472 0.026460897 
34 399 17 25 0.025714198 
822 670 106 94 0.023451004 
189 81 85 113 0.023133479 
898 619 30 39 0.022718424 
255 553 210 263 0.022409348 
216 74 50 75 0.022165533 
108 344 23 28 0.02199563 
