6_Funeral_Funeral_6_759
158
691 50 29 38 0.9996253 
363 55 31 39 0.99962187 
497 30 29 38 0.9995695 
325 92 30 37 0.99938095 
777 214 32 40 0.9991923 
950 146 31 40 0.99919206 
604 81 30 35 0.99885917 
797 98 30 38 0.9987766 
316 0 30 32 0.99876297 
71 166 36 48 0.99862945 
850 274 27 37 0.9984956 
193 3 30 33 0.9983027 
127 92 33 40 0.9980369 
16 93 31 39 0.9977952 
385 15 25 33 0.9977738 
267 162 35 46 0.9976465 
452 3 26 31 0.99763477 
443 159 34 46 0.99756867 
683 11 28 36 0.99756444 
568 13 27 34 0.9975292 
197 158 34 40 0.99752384 
715 139 34 38 0.99752015 
898 284 38 52 0.9967409 
499 260 39 44 0.99641955 
911 43 33 40 0.995832 
652 184 37 48 0.99557894 
377 115 35 43 0.9954293 
726 63 35 40 0.9944621 
338 181 29 38 0.994335 
963 97 25 34 0.9931277 
96 75 31 37 0.99287146 
745 350 34 44 0.99270576 
958 216 32 41 0.99253935 
653 132 33 42 0.991823 
123 9 32 44 0.98932624 
801 30 24 32 0.98899174 
863 120 35 41 0.9844095 
313 274 42 49 0.981223 
168 65 33 43 0.9803545 
633 25 26 34 0.9801364 
259 113 37 42 0.9780668 
109 271 39 52 0.9736545 
44 146 31 42 0.9686475 
434 72 24 35 0.9574243 
460 93 32 39 0.9472638 
776 13 27 36 0.93771595 
361 11 24 31 0.9135053 
180 156 31 38 0.90257627 
251 80 30 38 0.8988361 
955 58 27 36 0.8486143 
277 62 26 32 0.8055807 
660 100 30 35 0.7705201 
876 93 30 38 0.7487556 
62 312 22 28 0.7022955 
869 104 35 44 0.67977154 
233 62 31 39 0.667786 
789 18 28 35 0.6642929 
974 330 38 41 0.65678316 
896 2 21 20 0.56544954 
46 133 26 29 0.55398494 
546 47 26 35 0.53604364 
551 175 33 34 0.4935339 
226 13 22 27 0.41510788 
28 307 15 20 0.3326988 
56 152 35 42 0.2147015 
500 3 26 28 0.1920171 
205 94 24 30 0.19097771 
512 3 26 29 0.17083018 
651 -1 19 19 0.16783558 
783 3 28 32 0.16060634 
495 3 16 18 0.15378626 
271 44 34 39 0.13509089 
25 161 15 21 0.13340014 
879 82 25 32 0.13307822 
547 34 18 24 0.13264263 
411 31 22 31 0.122313865 
773 22 18 24 0.113298744 
636 7 25 27 0.10964399 
230 54 26 29 0.1066499 
475 176 24 33 0.10305367 
459 66 27 34 0.09422611 
444 77 27 34 0.09382085 
915 0 20 18 0.084768005 
665 88 27 33 0.08366819 
494 13 27 29 0.075901344 
73 303 18 22 0.071069136 
804 10 26 31 0.067853704 
145 75 39 51 0.061238933 
524 6 25 26 0.059499428 
539 150 50 62 0.05837693 
884 1 28 29 0.05524143 
453 77 33 40 0.054882307 
227 2 23 26 0.05408423 
268 285 44 52 0.052630033 
61 306 18 22 0.052334268 
554 22 24 31 0.051431548 
733 163 33 47 0.047939032 
267 80 28 34 0.04627536 
265 64 28 35 0.044013496 
671 73 25 34 0.043170106 
966 294 49 65 0.04304725 
921 2 28 28 0.042960834 
560 54 16 23 0.04238761 
991 219 26 34 0.04236976 
782 3 17 19 0.04153691 
435 88 18 25 0.040605463 
427 144 30 37 0.038806353 
214 340 426 483 0.03719844 
710 330 38 52 0.036881387 
925 26 16 19 0.036020588 
262 51 27 31 0.03376993 
179 56 30 40 0.033054825 
696 377 27 45 0.032910887 
808 222 21 30 0.03267351 
298 282 45 51 0.03249211 
957 42 26 34 0.030434871 
67 143 31 37 0.02984037 
104 159 29 40 0.029218795 
883 74 18 21 0.028622942 
534 51 27 35 0.028533364 
461 168 31 41 0.028376503 
736 185 28 37 0.027950313 
80 297 16 21 0.02753497 
280 77 26 34 0.02716159 
428 159 14 18 0.02662042 
955 -2 39 35 0.026608355 
490 142 29 37 0.026591381 
442 421 25 28 0.026283817 
221 73 31 39 0.026197262 
364 6 17 19 0.02605337 
55 302 36 47 0.026027303 
966 64 19 23 0.025981251 
10 148 27 37 0.025618287 
390 6 27 30 0.025117798 
729 147 32 43 0.024993941 
876 11 24 31 0.024675244 
198 108 31 34 0.024227267 
328 72 24 28 0.024021458 
43 323 13 17 0.023856478 
25 307 24 33 0.023849744 
643 2 20 20 0.02379198 
379 98 32 38 0.023595802 
896 -1 44 44 0.023503684 
189 80 27 35 0.02336341 
733 329 42 58 0.023361973 
913 91 26 32 0.022731248 
651 113 30 38 0.022205349 
934 291 27 34 0.02163905 
288 66 25 31 0.021246877 
367 8 38 44 0.021125074 
512 -1 18 16 0.02111763 
1001 23 23 40 0.021036467 
801 2 18 20 0.020934802 
794 83 25 31 0.020882431 
947 220 27 38 0.020705195 
191 121 29 34 0.020459957 
10 460 15 18 0.020277897 
1014 415 9 14 0.020097747 
