6_Funeral_Funeral_6_690
19
391 165 207 291 0.99965715 
809 202 23 36 0.90006196 
797 207 35 54 0.17193 
858 224 26 49 0.06044272 
412 272 436 435 0.052071918 
854 209 51 76 0.050743423 
547 776 372 496 0.05020452 
751 200 46 60 0.047223885 
55 1003 27 32 0.039442413 
964 199 54 82 0.03759642 
707 671 365 501 0.03513677 
535 570 243 322 0.031949237 
518 780 247 278 0.027631732 
774 216 15 25 0.027205387 
178 186 27 41 0.026192207 
-19 662 401 554 0.025355576 
985 206 35 48 0.024360714 
806 191 39 62 0.022299716 
738 307 98 127 0.02016681 
