6_Funeral_Funeral_6_241
27
465 192 109 149 0.9999136 
848 408 60 75 0.99736893 
788 463 22 30 0.93160385 
889 996 36 34 0.15414694 
112 471 14 17 0.08832323 
76 -11 353 466 0.07347862 
910 664 31 34 0.05499271 
107 342 14 17 0.04943971 
341 273 12 16 0.039041385 
531 1525 46 47 0.0364626 
521 0 17 14 0.0364251 
969 1557 16 19 0.033676963 
975 670 10 14 0.029600672 
163 1550 48 53 0.028914215 
854 90 53 63 0.028277569 
962 420 22 31 0.02726106 
246 114 12 17 0.026337352 
116 442 12 16 0.02575205 
267 120 15 16 0.025349295 
924 665 29 32 0.024932174 
497 7 19 19 0.02395657 
748 1544 49 55 0.023124412 
808 739 32 37 0.021835562 
106 278 17 20 0.021718847 
108 190 23 29 0.020672692 
828 1553 26 32 0.02046757 
268 27 11 16 0.020151174 
