6_Funeral_Funeral_6_861
31
369 252 296 422 0.9960645 
84 504 408 424 0.51375806 
476 742 433 593 0.46951193 
-48 885 454 457 0.46028364 
2 21 499 598 0.30044517 
430 488 474 529 0.23162462 
279 1514 37 34 0.1792814 
234 1497 34 36 0.12055565 
201 234 348 516 0.09960634 
264 1512 35 38 0.09503257 
61 1321 144 142 0.08822821 
362 952 487 517 0.08687229 
-22 344 374 538 0.07730597 
227 1509 33 36 0.06970227 
245 1067 477 540 0.062252745 
184 74 508 425 0.05393366 
629 302 412 502 0.053646296 
45 680 344 495 0.047677696 
246 709 227 268 0.0393775 
209 1514 33 34 0.035267666 
292 727 383 377 0.033762556 
67 304 226 279 0.028841028 
236 1509 53 46 0.027482813 
357 136 152 133 0.026999377 
75 306 121 166 0.026810283 
45 1249 190 272 0.026654102 
746 1514 23 39 0.025676897 
411 811 16 18 0.02431678 
57 979 234 294 0.024064234 
488 1521 26 32 0.0238405 
601 1523 33 29 0.022106463 
