6_Funeral_Funeral_6_280
22
470 51 225 135 0.8335916 
244 201 34 45 0.1949679 
144 151 24 27 0.16482244 
924 0 103 128 0.057595793 
690 7 39 35 0.054170392 
541 454 60 80 0.048263434 
873 280 93 132 0.04171414 
804 59 188 184 0.039471176 
696 136 116 161 0.03203894 
531 61 109 82 0.031274874 
227 143 24 30 0.029177723 
527 400 28 36 0.029054604 
204 176 44 60 0.028960202 
257 514 51 52 0.028222635 
886 307 56 81 0.027437003 
904 245 95 131 0.023079297 
799 199 121 152 0.022820005 
801 273 197 235 0.022120355 
747 331 154 182 0.0218704 
151 130 91 112 0.021215288 
127 29 360 427 0.020390945 
200 443 90 105 0.020354316 
