6_Funeral_Funeral_6_160
87
831 122 53 72 0.99922144 
871 246 66 95 0.9976803 
897 97 61 85 0.9973869 
781 209 49 72 0.9971187 
157 220 62 86 0.9959383 
202 177 67 92 0.9954295 
610 375 39 53 0.9925166 
363 304 45 59 0.99115974 
745 170 47 68 0.9903813 
719 157 36 49 0.98696935 
360 221 32 47 0.98608357 
24 223 65 110 0.9835841 
45 67 50 107 0.9480201 
275 196 44 68 0.8697895 
-1 143 53 116 0.6709787 
297 183 36 58 0.67073363 
176 200 68 94 0.6497456 
862 206 57 80 0.44454247 
120 475 87 62 0.3293315 
722 206 27 45 0.24093248 
90 189 47 58 0.15584701 
60 110 33 61 0.14466259 
142 182 29 33 0.13824579 
270 443 42 49 0.11269646 
501 465 18 20 0.09583482 
728 179 47 72 0.085105844 
895 225 61 84 0.07871799 
266 788 168 227 0.07390345 
997 88 24 60 0.07202405 
111 183 45 55 0.06714664 
66 212 60 87 0.06597455 
116 925 106 138 0.064523585 
549 278 33 40 0.06161027 
253 176 57 81 0.061308518 
130 179 50 57 0.061236136 
522 407 14 18 0.059026487 
14 90 59 120 0.057126194 
311 197 32 46 0.056864284 
6 173 66 130 0.05546373 
131 943 441 531 0.0510551 
381 1298 412 463 0.04740113 
264 208 37 55 0.047302354 
979 816 44 75 0.04282648 
326 351 29 41 0.041767184 
174 475 68 57 0.040367804 
322 232 27 42 0.040252324 
396 262 13 18 0.039808456 
290 1232 51 66 0.037851673 
981 106 41 81 0.033626035 
913 203 52 71 0.033092555 
264 459 36 42 0.03207671 
276 1218 97 119 0.030715102 
204 809 32 47 0.03050284 
288 245 29 35 0.030117968 
294 446 33 38 0.029514454 
43 182 55 77 0.029202897 
323 203 39 56 0.028592208 
536 235 14 17 0.028333854 
665 638 384 512 0.028287336 
388 254 22 31 0.026491294 
686 336 24 37 0.026071418 
1002 74 20 43 0.025911026 
84 437 92 102 0.02473286 
347 674 351 417 0.024635477 
997 183 28 44 0.023670824 
511 400 29 37 0.023630222 
134 175 27 30 0.02351093 
322 207 16 25 0.022591254 
335 214 39 57 0.02247806 
764 170 56 74 0.02243029 
162 191 16 20 0.022377688 
160 192 57 74 0.022193145 
184 243 43 57 0.022131177 
679 306 24 34 0.021957193 
298 1234 19 20 0.02185 
146 196 20 25 0.021793203 
863 167 57 81 0.021589244 
139 191 19 22 0.021523364 
470 1162 110 128 0.021342047 
154 727 383 457 0.02120353 
560 261 36 42 0.021161083 
680 693 43 44 0.020856699 
261 174 30 42 0.020707319 
731 164 38 53 0.020695303 
437 400 122 143 0.02018707 
314 240 26 41 0.020092035 
728 216 34 53 0.020002026 
