6_Funeral_Funeral_6_610
30
369 295 84 76 0.9908296 
384 409 110 74 0.9760132 
637 162 254 346 0.5300627 
374 355 118 98 0.42460236 
570 452 61 87 0.37888533 
593 421 56 83 0.22174767 
605 123 139 159 0.19880831 
592 156 222 226 0.13529931 
878 20 51 66 0.12189471 
620 432 33 46 0.120747626 
796 32 50 71 0.096531875 
385 330 87 71 0.06841533 
434 299 56 64 0.060852315 
811 44 31 43 0.0581581 
774 22 86 109 0.057693485 
753 64 59 87 0.049382355 
352 311 176 191 0.039626714 
561 410 64 93 0.033024862 
612 409 52 73 0.028203122 
649 85 206 229 0.02752803 
584 618 31 52 0.027005712 
557 433 37 56 0.026774334 
819 29 51 74 0.02599175 
318 348 56 64 0.025508344 
419 445 58 41 0.024338761 
841 14 85 108 0.023281252 
712 26 94 138 0.022845697 
481 139 330 423 0.021921312 
890 7 40 51 0.020345127 
520 505 49 65 0.020202393 
