6_Funeral_Funeral_6_618
91
736 461 123 166 0.9998894 
919 4301 112 136 0.9997739 
539 2032 227 218 0.9997092 
638 3336 126 156 0.99896955 
350 488 46 59 0.99834764 
532 1186 94 108 0.9968233 
166 522 39 61 0.99530846 
93 2463 62 95 0.991172 
275 495 46 52 0.97988963 
261 2466 82 108 0.9744304 
384 533 28 50 0.9586873 
82 495 32 55 0.9371191 
434 3538 110 104 0.8116895 
204 488 43 50 0.6902288 
314 1292 77 78 0.5164175 
480 2616 142 102 0.18283474 
-30 4213 351 426 0.17928535 
163 4238 366 393 0.1299982 
341 3501 204 187 0.10987915 
646 1180 84 116 0.109554835 
85 482 27 41 0.101661794 
22 4321 190 280 0.101198345 
549 1882 356 399 0.08707971 
183 2469 51 85 0.0774654 
138 4289 209 262 0.07420746 
501 1218 12 17 0.06999463 
345 4306 231 260 0.06908999 
179 502 44 61 0.06512746 
480 510 23 30 0.064668946 
710 3280 179 223 0.06289134 
75 516 31 49 0.06183967 
297 4228 388 457 0.060199045 
436 3374 13 13 0.058748413 
925 456 69 76 0.05275949 
669 3414 111 144 0.049423978 
422 1168 10 11 0.04783479 
330 3569 147 137 0.047518697 
221 3258 393 397 0.045065533 
598 1170 99 122 0.045061614 
344 1158 44 35 0.04446562 
501 2644 92 62 0.04207201 
465 2602 408 474 0.0420457 
488 1236 12 13 0.04155658 
492 1229 11 14 0.036514405 
499 1196 9 12 0.035990942 
116 470 16 21 0.0354204 
134 537 35 51 0.03468503 
489 1221 9 11 0.034433614 
779 3281 135 126 0.033663172 
452 2559 247 206 0.03359935 
496 1220 11 14 0.032591227 
557 3162 385 433 0.032417707 
702 3422 125 179 0.032306276 
897 2601 30 35 0.03187819 
487 1215 9 11 0.03175843 
97 489 15 24 0.031478237 
396 1164 42 40 0.031345766 
540 1252 451 464 0.031232309 
569 440 114 122 0.02838253 
163 463 25 31 0.028277537 
682 3481 92 117 0.027782187 
421 1172 12 13 0.027755732 
457 434 33 34 0.027689809 
740 2717 25 36 0.025902404 
476 1229 11 13 0.02517238 
88 106 15 19 0.024498347 
509 2607 227 242 0.024488013 
578 2596 18 21 0.024456553 
192 4393 144 177 0.024418471 
85 4383 385 463 0.024386631 
478 1222 9 12 0.024310708 
440 1174 9 11 0.02406331 
84 2773 16 21 0.023425495 
99 477 24 37 0.022935534 
304 1193 59 66 0.022649549 
453 483 45 57 0.022457 
322 1164 59 58 0.022430325 
313 1154 95 93 0.022013173 
532 3446 13 15 0.021814674 
270 1253 65 75 0.021807129 
495 2616 78 67 0.02167794 
433 3380 18 18 0.02164812 
125 2468 49 87 0.021241974 
650 2241 331 459 0.021198735 
502 1205 9 11 0.021055397 
721 1892 171 128 0.021034362 
-16 4578 436 425 0.021017676 
79 2494 64 97 0.02085787 
575 4389 403 431 0.020809678 
230 1190 27 31 0.020595958 
284 1218 56 67 0.02030241 
