2_Demonstration_Demonstrators_2_689
55
350 319 74 84 0.99683785 
185 261 33 52 0.99396646 
122 312 41 53 0.9763499 
256 227 20 25 0.91855973 
2 248 17 23 0.83470273 
297 250 31 42 0.81421727 
51 260 15 20 0.7329618 
148 235 15 21 0.71328545 
173 232 17 20 0.6659985 
314 208 20 23 0.54880255 
218 213 16 21 0.53335184 
350 194 17 20 0.49922302 
86 235 16 19 0.4588668 
929 225 36 66 0.42972225 
38 237 14 16 0.4131617 
509 568 54 52 0.30612174 
316 220 26 31 0.26777464 
4 361 78 101 0.19173218 
163 230 20 26 0.13403499 
333 251 27 39 0.0995605 
42 210 13 16 0.094811864 
938 206 31 63 0.08822329 
875 206 42 75 0.084588826 
307 234 34 45 0.083593756 
212 206 17 20 0.07798143 
301 228 27 36 0.07540002 
293 234 24 34 0.07180446 
304 247 46 52 0.06689401 
94 274 30 37 0.06329803 
343 193 16 20 0.055164386 
442 345 41 64 0.049766842 
348 200 22 27 0.043574616 
47 219 10 13 0.043288637 
91 244 15 20 0.041260574 
402 327 52 77 0.038518764 
68 216 10 12 0.03823733 
45 229 13 16 0.03623071 
804 335 194 284 0.03553557 
320 205 24 30 0.03450649 
46 250 38 47 0.03429392 
45 296 17 22 0.033973638 
153 228 17 23 0.032627698 
475 548 108 96 0.030988228 
78 269 24 29 0.030290507 
78 229 14 18 0.030235846 
344 256 18 27 0.029489422 
34 237 11 14 0.028240819 
514 564 32 34 0.027784731 
366 21 145 182 0.024467975 
36 258 25 31 0.023628661 
224 210 16 21 0.023308707 
96 240 15 19 0.022155795 
410 488 220 216 0.020908674 
214 221 18 22 0.02075762 
78 272 37 46 0.02017332 
