2_Demonstration_Political_Rally_2_985
83
552 474 60 74 0.9995478 
786 542 157 202 0.99431664 
115 445 31 40 0.994091 
15 443 28 43 0.9866152 
361 403 23 30 0.9514667 
394 396 15 24 0.9307687 
92 423 21 27 0.81347597 
983 373 33 43 0.79633135 
75 541 16 19 0.52914184 
312 417 50 84 0.5243543 
200 421 47 69 0.4930297 
789 295 14 18 0.3873997 
69 427 13 17 0.2783949 
474 472 42 46 0.25719893 
7 413 12 14 0.24649008 
189 439 17 21 0.21342155 
114 555 15 20 0.18915756 
349 360 15 21 0.18145694 
413 418 12 16 0.17099595 
331 429 51 83 0.16125128 
384 400 16 21 0.100399874 
198 431 31 44 0.0996273 
11 401 14 18 0.08332348 
344 391 41 57 0.08147184 
90 463 19 23 0.07928023 
186 386 15 18 0.074324146 
152 421 11 16 0.072125986 
129 426 11 14 0.06940955 
375 400 22 30 0.068734 
747 347 15 18 0.058075853 
110 421 11 16 0.057934742 
172 426 47 61 0.051237524 
365 464 23 33 0.050633065 
407 441 14 17 0.050022814 
29 406 13 16 0.043646872 
74 420 14 19 0.040750924 
858 489 164 255 0.03887703 
131 420 12 15 0.037596136 
35 571 26 33 0.037559688 
101 419 21 28 0.03668459 
21 403 12 16 0.03659449 
501 269 41 50 0.0358622 
407 370 14 19 0.03413459 
133 407 12 15 0.034110878 
35 412 12 14 0.034104753 
346 398 14 19 0.033713166 
636 283 39 45 0.033582322 
4 407 20 24 0.033050057 
332 426 32 52 0.032634683 
8 395 14 18 0.032586973 
75 415 42 48 0.031156953 
47 566 23 32 0.030409666 
183 381 14 17 0.029951448 
344 396 26 33 0.029865326 
9 417 16 18 0.028629938 
341 354 17 22 0.027631404 
624 287 33 37 0.026221639 
100 413 13 16 0.02561081 
279 441 59 83 0.024706915 
1 412 12 16 0.024083648 
330 405 26 41 0.024010474 
182 390 13 18 0.023903256 
754 352 14 16 0.02357507 
210 -5 56 61 0.023510434 
280 349 9 11 0.023498552 
93 545 22 26 0.023178741 
63 423 14 18 0.022611795 
341 364 17 23 0.022607347 
85 387 16 19 0.022201972 
32 368 99 112 0.021966953 
139 412 12 15 0.021814248 
260 478 63 69 0.021780921 
177 388 10 15 0.021717522 
741 350 16 19 0.021513114 
205 375 10 11 0.021474315 
175 384 46 59 0.02121404 
313 390 90 121 0.021008817 
240 324 13 17 0.020970007 
624 288 11 14 0.020854732 
195 386 15 17 0.020722266 
170 434 31 39 0.020701827 
186 437 27 34 0.020457892 
389 372 10 14 0.02022167 
