2_Demonstration_Demonstrators_2_231
63
494 412 116 172 0.99969435 
40 460 56 71 0.99954224 
924 425 46 57 0.99821705 
227 459 48 63 0.99660563 
980 418 16 21 0.9758168 
267 478 39 49 0.8566752 
138 466 18 22 0.7468378 
95 467 15 20 0.5347304 
874 290 15 20 0.17342763 
748 258 10 14 0.16181783 
903 437 12 17 0.16133775 
748 318 14 17 0.1527133 
1012 431 12 23 0.1311445 
745 226 11 14 0.10327828 
24 760 9 11 0.09655052 
873 324 11 13 0.084072605 
339 438 132 237 0.073727235 
969 259 10 12 0.05799356 
873 395 11 13 0.055735067 
683 77 21 27 0.055585627 
747 291 13 16 0.052740008 
382 346 25 34 0.050817236 
984 217 28 35 0.04920206 
8 757 8 10 0.04757924 
886 184 10 14 0.046116102 
821 186 12 14 0.044985503 
126 462 20 27 0.04237112 
97 483 28 36 0.042241376 
779 237 19 26 0.04190715 
857 204 10 15 0.03960001 
117 468 11 16 0.0389715 
358 459 13 19 0.038086087 
393 271 68 77 0.03727775 
157 470 11 14 0.036613062 
357 451 24 39 0.036294352 
777 16 17 24 0.033949673 
879 173 10 12 0.032560457 
90 472 25 33 0.032389466 
24 839 11 13 0.032218892 
995 232 15 19 0.032089833 
184 619 45 63 0.03195186 
111 468 10 14 0.031695653 
640 445 10 13 0.030429926 
344 418 15 21 0.029175604 
782 471 9 11 0.029153079 
23 753 8 10 0.02744684 
974 198 46 58 0.026901243 
879 180 12 15 0.026195362 
872 422 12 15 0.025947811 
871 357 14 16 0.025476776 
830 366 9 11 0.024904715 
828 2 15 17 0.024726925 
896 442 11 15 0.024188198 
358 445 43 71 0.02333701 
343 256 94 115 0.022433002 
350 419 91 162 0.02235658 
127 458 38 47 0.02226237 
665 437 8 10 0.021981249 
276 5 16 20 0.021242216 
893 451 11 16 0.02105166 
7 835 8 12 0.020746723 
133 479 16 21 0.020190228 
107 491 15 21 0.020001242 
