2_Demonstration_Protesters_2_684
1565
693 364 12 15 0.98217094 
848 568 53 72 0.963876 
738 435 15 18 0.95342946 
614 421 13 16 0.9375374 
364 372 12 15 0.93556064 
910 417 19 22 0.9323263 
774 414 13 17 0.92774343 
107 498 18 25 0.91649306 
648 350 10 13 0.91392446 
523 424 15 19 0.91267705 
990 271 10 13 0.9009993 
307 393 14 17 0.89680517 
869 432 21 26 0.88721997 
163 348 12 15 0.88079584 
205 373 12 15 0.8767923 
397 327 10 13 0.8763445 
946 477 30 32 0.8730615 
662 443 17 21 0.864912 
77 403 13 15 0.854752 
1004 310 12 15 0.8121537 
229 418 18 22 0.80668867 
336 350 13 16 0.7934883 
93 329 13 15 0.78390616 
465 340 12 15 0.7578547 
620 345 12 16 0.7524702 
449 375 10 12 0.7510105 
647 328 11 13 0.7453874 
200 346 12 15 0.7378566 
855 364 12 15 0.7287997 
572 323 11 13 0.7222412 
397 359 10 12 0.68999565 
295 319 9 10 0.6826112 
756 326 9 13 0.6788798 
810 307 9 12 0.64967996 
372 351 11 14 0.6205915 
463 373 12 15 0.58546436 
140 316 11 13 0.5763081 
885 336 10 13 0.56449324 
829 325 10 13 0.5614304 
418 339 10 14 0.5586309 
378 334 9 12 0.5496475 
937 483 32 38 0.546153 
536 375 11 14 0.5341789 
816 339 10 14 0.5299622 
38 359 11 13 0.50126296 
544 350 11 14 0.49218443 
113 357 10 12 0.47591242 
740 373 13 15 0.4646814 
309 326 8 11 0.46365038 
479 316 8 10 0.4555125 
441 324 10 13 0.45010042 
500 378 16 19 0.44376996 
601 329 10 14 0.4404439 
145 336 8 11 0.43356025 
688 328 11 14 0.4287222 
683 547 22 27 0.4235405 
633 318 9 11 0.42172724 
422 380 11 13 0.41308588 
207 303 8 11 0.40949866 
574 362 11 14 0.4089141 
748 478 18 22 0.4058862 
571 339 11 15 0.3987304 
392 300 9 11 0.39080843 
993 329 9 13 0.38035136 
563 468 15 20 0.3733179 
308 307 9 13 0.37148276 
850 387 22 27 0.3708556 
505 321 8 11 0.36827007 
429 302 8 10 0.36055204 
71 323 10 12 0.35843068 
382 315 10 12 0.35377416 
828 452 16 20 0.344586 
335 332 10 13 0.33958304 
775 324 9 12 0.33755192 
612 477 15 18 0.335194 
10 511 28 34 0.33118665 
216 260 8 11 0.32994285 
160 335 10 12 0.32940927 
502 300 10 12 0.32865244 
326 372 10 13 0.32622993 
958 272 7 10 0.3260879 
399 279 9 11 0.31962672 
463 296 9 11 0.31399134 
367 404 11 13 0.31393644 
800 295 8 10 0.3130429 
304 499 13 17 0.31076062 
445 293 8 10 0.30564988 
77 320 10 12 0.3018675 
377 286 9 11 0.2983761 
736 262 9 12 0.29641488 
184 310 9 11 0.2959263 
238 325 10 12 0.2951853 
214 319 8 10 0.29388002 
759 215 8 10 0.28609297 
609 285 8 10 0.28608072 
456 303 9 11 0.28474316 
477 446 12 15 0.28433487 
934 364 10 13 0.2778465 
677 232 9 11 0.27710736 
269 317 9 10 0.27351102 
351 319 9 11 0.26687342 
550 317 10 12 0.2652826 
622 296 8 10 0.2635829 
154 293 9 13 0.26094928 
120 344 10 12 0.2601392 
397 388 11 13 0.25771183 
14 332 9 11 0.25665 
429 285 8 11 0.25583047 
3 483 16 21 0.25555685 
295 323 10 12 0.24512228 
276 383 9 13 0.24415198 
117 425 15 18 0.2440038 
189 318 10 12 0.2439195 
718 406 13 17 0.24389434 
357 326 10 12 0.237586 
831 343 10 13 0.23650959 
707 412 14 17 0.23484288 
694 182 7 10 0.23206677 
542 316 10 12 0.23059148 
415 294 7 10 0.23017257 
597 352 9 12 0.22788823 
94 367 12 14 0.22699198 
455 276 8 11 0.22031401 
976 271 8 11 0.21724261 
823 217 7 9 0.21715297 
939 286 9 11 0.21640301 
60 347 11 15 0.21431284 
159 341 14 18 0.21354248 
897 305 8 9 0.21049963 
926 278 7 9 0.21006112 
669 408 13 17 0.20988269 
48 328 8 10 0.20981409 
998 332 10 13 0.20944342 
581 365 10 13 0.20409584 
556 436 10 14 0.20200293 
973 347 11 14 0.20037903 
573 238 7 10 0.1997425 
210 319 8 11 0.19885904 
614 208 8 10 0.19873971 
305 345 9 11 0.19456619 
430 461 11 13 0.19110842 
929 362 10 13 0.18865432 
217 288 8 10 0.18809836 
376 293 9 11 0.18808722 
289 302 8 11 0.18657368 
479 339 10 12 0.18599132 
87 294 8 10 0.18557072 
888 292 8 11 0.18255089 
425 296 8 11 0.1822813 
887 363 10 13 0.1817495 
446 332 10 12 0.18141529 
570 293 9 13 0.18042459 
617 297 8 10 0.17676677 
366 301 9 11 0.17641036 
279 327 9 11 0.17547256 
398 296 8 12 0.17469195 
292 358 10 13 0.1743027 
377 280 8 11 0.17370889 
333 272 8 10 0.17335582 
350 293 8 10 0.1731146 
253 287 9 12 0.17310244 
687 341 10 12 0.17225358 
593 354 9 12 0.17141236 
441 239 8 10 0.17039119 
398 351 12 14 0.16836272 
798 278 6 9 0.16762623 
376 340 10 13 0.1668069 
981 392 17 21 0.16403419 
599 371 12 13 0.16333796 
490 403 16 23 0.16230726 
422 346 9 12 0.16116327 
839 309 8 10 0.16108358 
345 293 8 9 0.1595455 
185 342 10 13 0.15941192 
793 278 9 11 0.15844308 
6 335 9 11 0.15582547 
358 430 13 16 0.15531974 
56 341 11 14 0.15413937 
905 285 8 9 0.15411288 
980 302 10 12 0.15339617 
598 301 8 11 0.15242557 
753 198 7 9 0.15206848 
341 487 10 12 0.15194495 
653 475 16 18 0.1518842 
183 302 9 10 0.15167516 
305 304 9 12 0.15112235 
345 404 11 16 0.14940083 
396 530 10 15 0.14912678 
688 294 8 10 0.14824425 
416 279 8 10 0.14698483 
468 367 10 12 0.1461745 
422 364 9 11 0.14523304 
343 374 8 11 0.1443729 
266 311 9 13 0.1439882 
384 271 7 10 0.1438102 
349 341 9 12 0.14339754 
941 280 8 10 0.14219175 
641 293 8 10 0.14001799 
336 311 8 11 0.13997066 
335 318 9 11 0.13830672 
758 301 10 11 0.13828391 
446 289 9 11 0.13706526 
998 291 9 11 0.13676761 
353 323 10 13 0.13637237 
13 423 12 15 0.13579221 
53 333 10 12 0.13541487 
874 295 7 9 0.13528892 
231 302 9 11 0.13437283 
535 343 10 12 0.1340897 
191 276 10 12 0.13379364 
831 286 8 10 0.13359827 
400 284 9 11 0.1326437 
441 262 8 11 0.13183706 
201 296 8 10 0.13113604 
305 327 8 11 0.13090579 
777 286 9 12 0.12974527 
976 306 10 12 0.12936981 
593 277 8 10 0.12875363 
646 292 8 11 0.12776046 
610 262 7 10 0.12739594 
1014 248 7 10 0.12734708 
502 343 9 12 0.12727286 
343 289 8 9 0.12676159 
279 308 9 11 0.12614225 
249 334 11 12 0.1257115 
359 331 9 13 0.124679424 
170 311 8 10 0.124625914 
1005 258 10 12 0.12305451 
192 324 10 11 0.12298435 
221 342 11 15 0.122738376 
371 418 12 16 0.12193182 
856 294 7 10 0.121720605 
409 294 9 10 0.12146281 
919 295 8 10 0.1208904 
202 301 9 12 0.12042215 
502 277 8 11 0.1198451 
375 390 11 14 0.1196666 
944 300 9 11 0.11851976 
530 420 14 19 0.11811597 
237 448 13 16 0.1178426 
593 301 9 11 0.116885655 
327 296 7 9 0.11671062 
311 288 8 10 0.11661476 
583 279 8 10 0.11611334 
249 292 9 12 0.11583568 
912 265 7 9 0.11527627 
65 600 24 39 0.11492537 
502 356 9 11 0.1144292 
726 215 8 11 0.11441963 
606 468 15 17 0.11405149 
509 320 9 11 0.11313345 
613 284 8 10 0.11292981 
463 262 8 10 0.112869695 
592 272 9 10 0.11266842 
755 418 12 15 0.11264241 
500 271 9 11 0.11131212 
845 398 24 33 0.110566944 
445 350 9 11 0.110319145 
801 223 7 10 0.10995808 
638 206 7 9 0.10957507 
407 311 8 10 0.109505914 
669 343 8 11 0.1093273 
446 261 8 11 0.10919146 
222 294 9 11 0.10857794 
32 356 11 13 0.107966065 
738 386 14 17 0.10778857 
365 270 7 9 0.107787706 
174 311 8 10 0.10693887 
674 235 9 12 0.106796764 
502 350 9 12 0.10670273 
881 481 27 33 0.10571332 
416 379 11 13 0.105627276 
825 294 8 10 0.10552644 
754 402 13 17 0.10533167 
536 318 9 12 0.10491731 
976 293 8 10 0.104902364 
333 398 11 13 0.10451186 
677 160 7 9 0.10358947 
571 289 8 11 0.103584535 
-1 358 8 12 0.10314053 
680 382 10 13 0.10300909 
968 288 8 11 0.10256657 
848 295 7 9 0.10246501 
718 279 7 9 0.102198884 
334 278 8 10 0.10164957 
338 286 7 10 0.10060975 
343 400 10 12 0.10005688 
293 302 8 11 0.099741556 
942 294 9 11 0.09964999 
616 317 10 13 0.09922041 
933 489 18 24 0.098926485 
837 265 8 10 0.09890455 
945 231 6 9 0.09863591 
902 319 8 10 0.09831714 
525 357 9 12 0.098193906 
372 395 13 15 0.09804803 
58 302 7 10 0.09802045 
673 289 8 10 0.09781845 
863 311 10 12 0.09736234 
661 552 10 12 0.097141266 
800 357 11 13 0.09709311 
878 326 9 10 0.0968166 
789 303 9 11 0.09653411 
805 356 10 13 0.0960111 
262 280 8 11 0.09550738 
769 326 8 11 0.09542348 
608 280 8 11 0.09509777 
214 416 13 19 0.09505638 
526 351 9 11 0.09492316 
735 267 8 12 0.09455867 
598 273 8 9 0.09453669 
304 279 7 9 0.094302975 
925 272 8 11 0.093964726 
529 327 9 12 0.0939281 
200 253 8 10 0.09382519 
241 279 8 11 0.09363266 
821 453 16 21 0.09347351 
903 229 10 13 0.09345684 
898 319 7 10 0.09343255 
714 444 13 16 0.09284401 
631 368 9 12 0.09240726 
233 318 9 11 0.09222063 
40 309 9 10 0.09183291 
495 262 9 11 0.09178428 
309 319 9 11 0.09132269 
618 480 13 16 0.091002144 
139 384 15 18 0.090871304 
858 317 8 11 0.09075611 
999 223 6 9 0.08958578 
477 437 14 17 0.08934788 
344 304 8 10 0.08909491 
734 176 8 9 0.0890451 
264 301 8 11 0.08900622 
537 346 10 14 0.088932775 
509 302 8 10 0.08893042 
423 278 9 12 0.08861549 
294 313 9 11 0.088542484 
711 183 10 12 0.088397585 
656 264 8 10 0.08816948 
534 292 8 11 0.08794753 
727 344 11 14 0.0877365 
209 307 9 11 0.087682836 
713 272 7 9 0.0875928 
367 310 8 11 0.08716191 
738 378 13 16 0.08701937 
672 364 9 12 0.08695282 
452 376 11 15 0.08621466 
598 277 8 10 0.085814595 
922 278 7 9 0.08537399 
415 286 8 12 0.08506022 
1004 339 12 14 0.08503665 
904 281 7 9 0.08457629 
124 342 11 13 0.08427342 
224 300 9 11 0.08399471 
729 303 9 10 0.08386478 
328 412 10 13 0.08382474 
261 564 10 13 0.08377725 
993 224 7 9 0.08368606 
664 356 10 13 0.083457 
170 303 7 10 0.08333557 
7 372 10 12 0.08317663 
535 324 10 13 0.08285691 
781 342 9 11 0.08274793 
693 301 10 12 0.08259429 
367 296 8 11 0.08255821 
488 254 9 11 0.08226665 
378 311 8 11 0.08218475 
695 238 9 11 0.08170655 
950 296 8 10 0.0813357 
1012 253 9 13 0.081245385 
735 197 7 10 0.081195794 
415 255 9 11 0.080530554 
877 320 8 11 0.080243155 
453 326 10 12 0.08021026 
760 220 7 10 0.08011266 
530 285 9 12 0.07987157 
663 312 8 11 0.079770714 
329 254 7 10 0.07951566 
777 260 10 13 0.07931907 
74 295 8 10 0.07915623 
175 302 8 11 0.07827402 
79 312 8 10 0.07804814 
430 309 8 11 0.077629365 
901 303 8 10 0.07733243 
1002 255 10 12 0.077279165 
901 359 8 12 0.07723123 
301 413 13 18 0.0769084 
838 343 10 13 0.07652929 
761 262 8 11 0.07648421 
288 328 8 11 0.07644603 
974 289 8 10 0.07612915 
188 345 12 16 0.075988986 
896 360 9 12 0.07597694 
375 329 10 11 0.07589072 
959 277 7 9 0.07555295 
231 448 13 17 0.075523764 
690 197 8 10 0.07499439 
465 238 7 9 0.07491343 
87 319 8 10 0.07424869 
20 412 11 14 0.07402645 
40 341 9 10 0.073805 
192 273 8 9 0.07338075 
497 342 10 12 0.07279791 
718 263 8 11 0.07225366 
910 286 7 9 0.071903594 
981 344 9 11 0.0718558 
31 320 9 12 0.0718237 
425 238 8 10 0.07178688 
759 253 8 11 0.071785375 
119 389 12 15 0.07172881 
677 164 8 11 0.07134214 
605 356 10 12 0.07127596 
135 335 10 13 0.071128875 
589 263 9 10 0.070988625 
533 334 10 12 0.07056904 
938 293 9 12 0.070545964 
276 286 9 11 0.070252985 
586 263 8 10 0.07013991 
415 260 10 11 0.06985454 
775 231 9 11 0.0697091 
639 365 10 12 0.06968441 
191 283 9 12 0.069570415 
922 271 7 9 0.06930983 
503 285 9 11 0.06924749 
994 269 10 13 0.06924284 
367 411 14 18 0.06918591 
440 341 9 11 0.06916016 
510 224 8 10 0.0690745 
1009 191 9 11 0.06901102 
89 333 11 13 0.06879074 
544 394 13 15 0.068167165 
160 270 7 9 0.067750014 
638 312 9 13 0.06765206 
327 318 8 11 0.0675788 
114 303 8 10 0.066873506 
231 272 7 9 0.06667003 
6 340 8 11 0.06656563 
263 296 8 11 0.0663615 
497 349 10 13 0.06634737 
418 417 14 18 0.06596834 
757 248 8 10 0.065655045 
478 429 13 15 0.065653145 
468 335 11 13 0.06530346 
774 311 9 11 0.065194264 
605 319 9 12 0.06512592 
655 246 8 11 0.065095566 
102 295 7 9 0.06507142 
667 347 12 14 0.064966045 
431 255 8 10 0.06470012 
600 319 9 12 0.06467632 
428 380 9 12 0.064386316 
833 281 8 10 0.064296015 
528 363 8 13 0.06402736 
591 311 9 12 0.06395099 
893 255 8 9 0.06394563 
429 280 9 11 0.063806616 
707 381 13 16 0.063628316 
1014 271 9 13 0.06358151 
591 296 9 10 0.063536175 
707 395 12 16 0.063464135 
443 397 11 14 0.06324036 
398 271 10 13 0.063220724 
730 296 8 10 0.063171245 
333 373 11 13 0.06316971 
478 214 7 10 0.06309881 
822 262 7 10 0.06295277 
319 358 9 11 0.062903166 
214 310 9 12 0.06287788 
904 270 7 9 0.06287524 
753 247 8 11 0.062612325 
943 270 7 10 0.06222433 
222 417 17 20 0.061989788 
475 317 8 10 0.06198477 
148 340 11 14 0.061879057 
496 309 8 11 0.061822034 
727 208 8 8 0.0615458 
608 296 8 10 0.061536517 
247 255 7 9 0.061462753 
259 537 13 16 0.061420467 
173 317 9 11 0.06123773 
670 359 9 12 0.06119402 
153 288 9 11 0.061174653 
641 325 8 11 0.061141115 
329 405 11 14 0.061122593 
862 317 8 11 0.060822207 
833 309 10 10 0.060580954 
79 295 9 11 0.06056468 
381 278 9 11 0.060490113 
818 217 7 8 0.060460605 
308 417 12 16 0.060234148 
232 308 9 12 0.060229212 
780 325 10 13 0.060137432 
726 220 9 11 0.060106087 
583 285 9 10 0.060101893 
731 271 8 9 0.060062394 
313 294 7 10 0.0599744 
362 436 11 14 0.05993274 
361 368 11 14 0.059904356 
96 296 7 9 0.059712835 
52 328 9 11 0.059525557 
486 312 7 10 0.059450015 
622 317 9 12 0.059173826 
294 296 8 10 0.05888499 
470 261 10 11 0.05885372 
456 261 8 10 0.058774263 
343 343 12 14 0.05854051 
214 408 12 15 0.058426164 
809 279 7 9 0.05828115 
942 348 9 11 0.05821703 
920 231 7 9 0.058201384 
509 343 9 12 0.05809062 
623 337 10 13 0.05801081 
818 221 7 9 0.057715766 
384 304 8 9 0.057623025 
845 392 17 21 0.057471156 
409 254 9 11 0.057468716 
793 342 9 11 0.057380855 
862 339 9 11 0.057312015 
833 304 8 10 0.05728827 
47 415 11 13 0.05711391 
241 254 7 9 0.05698813 
366 264 7 10 0.056544956 
425 309 9 12 0.056403123 
699 370 11 14 0.056330193 
132 523 15 20 0.056231942 
735 182 8 9 0.056166485 
362 404 9 12 0.056147154 
343 309 8 11 0.056034435 
552 430 11 16 0.05602076 
718 347 12 15 0.055973753 
360 295 8 10 0.055829097 
767 301 9 11 0.05570925 
926 248 7 8 0.05563041 
801 228 8 10 0.05561155 
173 573 10 12 0.055589043 
382 292 8 11 0.055570383 
825 288 8 10 0.05552275 
43 364 10 11 0.055520512 
584 302 9 11 0.05551945 
648 301 9 12 0.055470854 
601 239 7 9 0.05542449 
423 257 8 9 0.055399746 
230 296 9 12 0.055351656 
759 271 9 11 0.055226147 
799 288 7 10 0.055120055 
497 319 7 11 0.05507537 
272 323 10 13 0.05497518 
24 325 9 11 0.05491244 
745 200 6 8 0.054909855 
856 216 6 9 0.054886412 
31 351 10 13 0.054790318 
746 372 11 14 0.05464435 
469 294 8 11 0.05454114 
237 357 14 16 0.05453195 
568 344 11 15 0.054485604 
363 427 14 17 0.054470908 
550 371 9 12 0.054418877 
735 216 7 10 0.054191712 
440 256 8 10 0.054165106 
696 231 8 11 0.054026514 
823 256 7 10 0.053670134 
87 289 7 9 0.05364827 
446 257 9 10 0.05352294 
751 397 12 17 0.05344032 
439 244 9 11 0.053397063 
888 301 8 11 0.053321313 
563 482 13 17 0.053269032 
794 560 21 22 0.05316164 
94 377 13 15 0.05313657 
421 385 12 14 0.05306974 
12 382 12 14 0.053065572 
733 394 13 17 0.053012066 
318 430 11 15 0.052996725 
646 309 9 11 0.052419975 
73 357 9 12 0.052387837 
445 239 7 9 0.052369893 
622 311 9 11 0.052278455 
567 259 9 11 0.052276812 
321 279 7 9 0.052219663 
937 246 7 9 0.052136507 
605 398 15 20 0.05212363 
118 308 8 10 0.05193298 
184 337 9 11 0.05192879 
848 223 7 9 0.051925067 
351 335 10 12 0.05180404 
223 311 8 11 0.05171602 
295 332 9 11 0.05171356 
718 272 7 9 0.051658265 
240 284 9 10 0.051508255 
1005 373 16 20 0.05134106 
735 193 8 9 0.051300097 
534 369 11 13 0.05127761 
985 270 10 13 0.051187936 
214 303 9 11 0.05118686 
11 373 10 13 0.05111377 
225 272 7 10 0.05111366 
686 288 9 11 0.0509577 
583 271 8 10 0.050835572 
943 238 7 9 0.050695017 
289 297 8 10 0.050668705 
974 209 8 9 0.050627906 
776 280 9 12 0.050488587 
821 270 8 11 0.050484702 
591 256 7 9 0.05031238 
944 247 6 9 0.05016966 
414 326 9 11 0.050161198 
495 335 8 10 0.050110817 
535 312 9 11 0.049866267 
705 293 9 12 0.049720105 
814 316 9 11 0.049662203 
754 216 7 9 0.049656734 
415 272 9 11 0.049627963 
872 420 24 30 0.04953581 
79 300 9 12 0.049480543 
817 270 8 10 0.049479067 
518 240 8 10 0.049311046 
489 249 8 10 0.049292173 
583 248 7 9 0.049012367 
221 288 8 10 0.04893937 
407 287 8 10 0.04890205 
692 295 9 11 0.048890546 
806 230 7 9 0.048829466 
358 253 7 9 0.04869592 
631 293 8 10 0.04839777 
703 387 12 16 0.04830577 
615 323 10 12 0.048159167 
874 323 9 12 0.048149657 
168 297 8 10 0.04813393 
790 142 9 12 0.04808014 
350 312 8 10 0.048023157 
24 320 9 11 0.047993384 
608 257 8 9 0.04793033 
671 334 9 11 0.047928177 
805 223 7 9 0.047855813 
111 412 13 15 0.047610365 
939 358 10 13 0.047607616 
1000 259 10 12 0.047400944 
751 133 8 11 0.047353063 
523 414 17 20 0.047306262 
870 310 8 11 0.047256228 
307 384 13 18 0.047242973 
821 335 10 12 0.047207445 
358 340 9 12 0.047126103 
737 238 7 10 0.04712542 
760 209 8 9 0.047095995 
705 288 8 10 0.047047038 
713 278 8 10 0.046949908 
680 256 8 10 0.046728164 
592 316 9 11 0.046725456 
938 365 12 14 0.046722077 
894 342 9 12 0.046633244 
408 318 9 12 0.046548616 
758 278 10 11 0.046425395 
341 334 11 13 0.046381973 
462 222 8 9 0.046370365 
363 301 8 11 0.046345666 
402 311 7 10 0.046308253 
776 330 10 13 0.04629369 
791 323 9 12 0.046289083 
556 239 9 11 0.046279833 
849 231 6 9 0.046193395 
952 363 11 14 0.046159662 
975 238 8 9 0.046146523 
489 215 8 10 0.046130914 
413 319 9 11 0.045951653 
394 277 8 11 0.045912392 
417 388 10 12 0.045764234 
425 233 6 8 0.045690097 
358 249 8 9 0.045672014 
534 239 10 11 0.04562109 
221 255 8 10 0.045499925 
740 394 14 18 0.04546858 
243 448 11 13 0.04538854 
474 214 8 10 0.04538551 
816 458 14 17 0.04535958 
728 319 9 12 0.045241307 
456 257 7 9 0.045231488 
967 319 10 13 0.045216314 
679 262 8 10 0.04508586 
416 300 8 10 0.045075737 
871 302 9 10 0.045009427 
890 255 7 9 0.044990942 
9 328 9 11 0.04498989 
126 272 8 9 0.04492381 
465 288 8 11 0.04485658 
726 308 9 11 0.04477501 
815 278 7 10 0.044712875 
213 393 12 14 0.04464898 
736 402 10 15 0.044547945 
368 343 10 12 0.04451395 
197 325 10 11 0.04450636 
782 224 8 9 0.04443441 
1013 197 8 13 0.044414718 
737 159 7 9 0.044329274 
905 265 7 10 0.044289492 
237 302 9 12 0.044112302 
959 247 7 9 0.044040088 
864 304 7 9 0.04380638 
111 408 23 28 0.043761913 
449 308 10 12 0.043727964 
36 398 15 18 0.043568477 
341 378 11 14 0.04351744 
328 398 11 14 0.043504737 
306 494 19 25 0.043491308 
258 280 8 10 0.04343129 
695 224 8 10 0.043429174 
974 223 8 9 0.043297168 
322 318 8 11 0.043284394 
66 319 9 12 0.04324067 
24 366 10 11 0.043195542 
730 278 7 9 0.04315755 
969 342 11 14 0.04312513 
374 382 11 13 0.043077756 
415 398 10 13 0.04306951 
278 294 8 10 0.043021888 
679 360 9 11 0.042977218 
794 285 9 11 0.042969633 
623 263 7 10 0.042963978 
273 264 9 10 0.04292814 
444 320 10 12 0.0429185 
736 120 7 10 0.04290481 
88 352 9 12 0.042642824 
974 231 7 10 0.042546835 
720 317 8 12 0.04252627 
336 304 8 9 0.04250919 
369 371 12 14 0.04247943 
529 280 8 9 0.042355295 
863 232 7 8 0.042319905 
814 344 12 16 0.04228065 
304 450 13 19 0.04222752 
753 295 8 12 0.04214064 
600 297 8 11 0.04208234 
991 265 10 13 0.042024784 
205 418 13 18 0.04201895 
288 352 10 12 0.041959036 
627 347 11 14 0.041919637 
842 215 7 9 0.041872498 
583 311 9 11 0.041854557 
646 346 16 22 0.041818384 
743 184 6 9 0.041816447 
608 269 8 11 0.04176894 
640 357 11 13 0.04175899 
471 278 10 10 0.041688997 
729 184 7 8 0.041618027 
981 368 11 14 0.04157926 
616 311 10 12 0.041458637 
23 520 17 21 0.041300576 
807 351 10 13 0.04129526 
741 402 12 15 0.041290145 
776 223 8 11 0.041166175 
694 277 9 11 0.04105015 
673 166 7 10 0.041044623 
704 403 14 18 0.04102899 
347 400 10 13 0.041003246 
309 348 8 10 0.04099226 
541 419 11 15 0.040988885 
980 294 9 11 0.04098599 
902 348 9 11 0.040924598 
223 355 11 14 0.040842365 
463 359 10 11 0.040841334 
926 301 8 10 0.0408302 
736 125 8 10 0.040807102 
678 286 9 11 0.040791914 
429 376 9 12 0.040638037 
969 254 8 9 0.04061779 
889 498 26 41 0.040608037 
833 199 7 9 0.040592834 
494 255 7 10 0.040571854 
489 260 9 11 0.04055381 
890 489 15 22 0.040547885 
838 380 38 48 0.040464215 
321 262 7 10 0.04039036 
256 262 7 10 0.04038152 
722 221 8 11 0.040371608 
600 255 7 10 0.040339403 
685 541 15 18 0.040313683 
970 224 7 9 0.040287018 
857 340 10 12 0.040242244 
112 296 8 10 0.040201616 
637 229 8 10 0.04016466 
960 238 8 10 0.040120125 
530 332 9 11 0.040077344 
655 294 9 11 0.039936293 
296 408 10 13 0.039916806 
766 215 7 10 0.039899606 
637 225 8 9 0.03985629 
307 286 6 9 0.039708313 
733 320 10 11 0.039662644 
776 215 7 9 0.03964326 
351 272 7 9 0.039631262 
600 246 8 10 0.039559446 
360 287 7 9 0.039513472 
374 301 9 11 0.03947171 
800 216 8 10 0.039415125 
678 293 9 11 0.03936137 
471 257 8 9 0.03934301 
857 290 7 9 0.039074615 
719 285 8 10 0.03893772 
718 183 7 10 0.03893578 
94 359 11 13 0.03883899 
1 319 7 10 0.038769677 
798 351 10 11 0.038747575 
367 278 8 10 0.03870814 
558 461 15 21 0.038688876 
569 359 12 13 0.038641267 
527 302 8 10 0.038596272 
951 248 7 9 0.038517583 
976 394 13 18 0.038453374 
90 326 10 13 0.038441278 
263 320 11 14 0.03842748 
329 249 7 9 0.03823403 
862 216 7 8 0.03819728 
927 254 8 9 0.038163338 
834 268 9 11 0.03816264 
240 249 7 9 0.038148236 
31 401 12 16 0.0381167 
245 279 8 10 0.03811029 
6 319 8 10 0.03809128 
175 324 8 11 0.038044263 
834 505 42 49 0.03799082 
744 327 9 11 0.03793089 
328 278 8 10 0.037850123 
394 323 17 21 0.03780411 
988 266 18 22 0.037761502 
830 147 9 11 0.037756212 
361 278 7 9 0.037755694 
935 254 8 10 0.037717085 
542 229 8 10 0.03769881 
946 500 20 24 0.037655503 
424 273 8 10 0.0376257 
895 262 8 10 0.037549157 
734 279 7 10 0.03753736 
119 279 7 9 0.037528448 
769 231 8 11 0.03744144 
758 285 10 11 0.037420593 
992 229 8 10 0.037391804 
208 394 11 14 0.037384424 
1015 240 8 12 0.037355993 
736 257 8 11 0.03723295 
960 287 9 11 0.037199855 
666 168 8 9 0.037162762 
813 356 11 14 0.03713972 
440 268 8 10 0.03713893 
314 396 11 16 0.036899533 
1000 207 8 10 0.03689834 
391 393 12 15 0.036865808 
678 208 8 10 0.036860537 
311 428 11 15 0.036727555 
322 225 6 8 0.036717873 
82 399 12 15 0.036711853 
548 342 11 14 0.036705025 
895 287 7 10 0.03663257 
689 246 9 11 0.03660504 
211 261 7 10 0.036601324 
93 320 10 12 0.036544997 
959 231 7 10 0.036512244 
41 335 9 11 0.03641938 
399 263 7 10 0.036410913 
534 270 8 10 0.03637588 
407 381 9 13 0.036257416 
394 362 11 13 0.03623158 
792 272 9 12 0.03613566 
584 295 8 10 0.036128767 
857 312 9 12 0.03612 
176 271 8 9 0.036106005 
119 384 10 12 0.03602627 
928 208 7 9 0.03590502 
732 342 11 13 0.03588299 
575 301 9 11 0.03584747 
921 300 8 10 0.035827484 
781 373 10 11 0.035813157 
111 319 10 12 0.035779536 
859 467 19 21 0.03574412 
848 216 7 9 0.035742488 
790 149 8 12 0.035702545 
272 304 8 10 0.035611633 
176 277 7 10 0.035594456 
1006 238 9 11 0.035494685 
531 318 8 11 0.035397068 
414 403 12 15 0.035380084 
858 369 13 16 0.035343654 
85 298 11 12 0.03532061 
254 326 10 13 0.03527339 
1008 276 10 13 0.035206173 
736 245 7 10 0.035164367 
837 279 8 11 0.035142258 
320 296 7 10 0.035121318 
744 205 7 9 0.035085 
348 373 10 13 0.03508276 
274 232 6 9 0.03500718 
919 364 9 12 0.03492776 
944 254 7 9 0.034854267 
695 244 10 12 0.034841083 
417 365 10 12 0.034761734 
542 293 10 12 0.034741726 
941 331 10 13 0.034711674 
151 310 8 11 0.03463802 
329 334 9 12 0.034636453 
781 255 9 11 0.034606352 
404 388 9 12 0.034549247 
45 310 8 10 0.034515608 
744 333 9 11 0.0344995 
655 318 9 11 0.034428913 
503 308 8 9 0.03442537 
122 429 16 20 0.03439561 
840 247 7 9 0.03439175 
473 312 8 11 0.034370065 
781 334 9 12 0.034356456 
41 326 9 11 0.034245737 
920 225 7 9 0.034207135 
24 343 9 12 0.034198985 
441 289 8 11 0.034167334 
623 287 8 10 0.034156334 
844 342 9 11 0.03411494 
118 319 8 11 0.034110323 
937 240 8 9 0.034020085 
432 246 9 11 0.033955086 
769 319 9 13 0.033909988 
253 382 12 14 0.033876274 
743 216 8 9 0.033872444 
853 351 11 14 0.03385151 
912 365 10 11 0.033850692 
0 363 10 15 0.03383867 
317 420 11 14 0.03382718 
949 300 9 12 0.033777803 
765 294 11 14 0.033756476 
433 318 8 11 0.033655245 
18 418 13 15 0.033643235 
1008 247 9 11 0.03361043 
903 295 8 11 0.033597585 
754 301 8 11 0.033562444 
33 304 8 10 0.03354857 
406 325 10 13 0.033500984 
887 262 8 11 0.033498667 
664 269 8 10 0.03348081 
793 223 6 9 0.03347513 
856 300 8 9 0.033405118 
677 363 10 14 0.033335134 
687 263 9 9 0.033253457 
993 292 10 11 0.033210997 
671 317 10 11 0.033190597 
499 295 8 12 0.033185277 
89 371 13 15 0.03313737 
318 302 8 10 0.033109725 
534 278 8 10 0.03310629 
693 189 9 12 0.03297366 
469 287 9 11 0.032933466 
110 418 16 21 0.032905947 
231 277 7 10 0.032888986 
694 271 8 9 0.03286665 
358 421 14 18 0.032816697 
454 287 8 10 0.032788325 
776 367 9 11 0.032724082 
767 223 7 8 0.032677785 
774 159 8 10 0.032637797 
0 478 12 18 0.032611195 
398 343 11 13 0.03236526 
505 246 7 10 0.032346994 
870 146 10 14 0.032323 
319 351 10 11 0.032116957 
944 263 8 10 0.031976447 
439 311 8 11 0.031975683 
526 405 11 13 0.031865947 
576 311 10 11 0.03186365 
290 278 9 11 0.03182622 
62 309 8 10 0.03173684 
90 371 21 25 0.03173402 
666 173 8 10 0.031724196 
742 239 9 9 0.0317214 
263 382 10 14 0.031720366 
457 295 9 10 0.031699695 
478 271 9 11 0.031660054 
491 397 14 19 0.0316537 
726 435 16 18 0.031630743 
445 341 9 12 0.03161401 
239 295 9 10 0.031586956 
1009 196 9 12 0.031571936 
301 428 14 18 0.03155916 
113 280 7 9 0.031535577 
273 295 8 10 0.031516623 
144 347 11 14 0.031476464 
62 288 7 9 0.031458005 
719 255 9 10 0.031451266 
838 286 7 9 0.031421203 
654 300 10 12 0.031412173 
806 216 7 9 0.03140102 
912 333 9 12 0.031397957 
293 351 10 11 0.031376418 
662 335 10 12 0.03135161 
688 269 9 10 0.031322245 
463 257 8 10 0.03130496 
530 270 8 10 0.03127992 
378 273 7 9 0.03126756 
349 387 11 13 0.03124299 
923 247 7 9 0.031205898 
913 294 7 10 0.031189116 
289 309 8 11 0.031162437 
127 327 10 11 0.031155309 
471 328 9 10 0.031152362 
207 254 8 11 0.031092452 
725 396 14 18 0.03107144 
455 414 12 14 0.031066587 
938 232 7 8 0.030987384 
560 272 9 12 0.030977432 
832 232 8 10 0.030945206 
294 279 8 10 0.030930964 
679 326 10 13 0.030834887 
344 261 8 9 0.030830804 
1016 224 7 10 0.030821582 
398 246 7 9 0.03081049 
328 341 10 12 0.030809822 
57 295 8 10 0.030774817 
937 300 9 10 0.030748576 
343 318 9 11 0.030705208 
679 280 8 10 0.03066463 
440 402 12 14 0.030631451 
545 285 10 12 0.03059954 
679 374 10 14 0.03059546 
650 248 7 10 0.030584497 
576 279 9 11 0.030571444 
959 291 9 12 0.030570854 
656 311 9 12 0.030542362 
600 262 7 9 0.030534022 
975 370 12 15 0.030528601 
538 231 7 9 0.03049981 
328 325 8 10 0.030485557 
486 349 9 12 0.030437846 
449 302 8 11 0.03042721 
707 476 16 19 0.030390166 
209 377 14 16 0.030353883 
205 248 8 10 0.030306386 
334 343 12 15 0.030297965 
464 232 7 9 0.030266993 
584 256 8 9 0.030241586 
776 349 8 11 0.030210117 
367 317 9 11 0.030202176 
25 358 10 12 0.03019557 
905 235 8 11 0.030191123 
829 294 8 10 0.030183222 
409 510 34 33 0.030134086 
517 245 10 12 0.03012642 
108 424 23 28 0.030089766 
175 264 7 9 0.030082539 
797 115 8 11 0.030061606 
46 340 10 13 0.030005628 
768 150 7 10 0.029924078 
383 431 11 14 0.0298959 
631 288 8 11 0.029892104 
111 324 9 12 0.02988997 
528 208 7 8 0.029870436 
450 277 9 10 0.029847495 
615 257 7 9 0.029766764 
199 320 8 11 0.029765353 
96 394 12 14 0.02974878 
688 159 8 9 0.029711738 
887 270 8 10 0.029707618 
603 366 11 13 0.029690258 
716 354 12 14 0.029682152 
502 365 11 13 0.029674808 
19 511 15 20 0.029671498 
982 263 9 12 0.029663214 
81 342 8 10 0.029627105 
774 128 8 10 0.029610863 
319 547 11 13 0.02951143 
722 207 8 10 0.029481482 
702 247 8 10 0.029474307 
46 303 8 10 0.02943306 
187 565 12 15 0.02943069 
687 253 8 10 0.029413424 
225 277 8 10 0.029412033 
1001 248 8 10 0.02941006 
805 296 7 9 0.029380677 
337 491 10 12 0.029352171 
167 279 8 10 0.029347239 
254 310 10 13 0.029244894 
346 485 13 16 0.029196804 
767 167 8 9 0.029177422 
878 506 40 53 0.029171513 
632 270 7 8 0.029165976 
328 312 8 10 0.029151356 
365 401 19 23 0.029115723 
381 325 9 12 0.02909857 
504 239 7 9 0.029084494 
135 324 10 13 0.029073454 
569 233 8 10 0.029038183 
782 367 10 13 0.028960805 
478 262 8 10 0.028928006 
115 390 21 26 0.028903432 
157 300 9 11 0.028855836 
694 177 9 11 0.028738217 
911 342 8 10 0.02873762 
118 286 8 10 0.02873021 
759 373 11 14 0.028722312 
710 366 10 12 0.028689997 
44 396 12 16 0.028679289 
127 277 7 9 0.028624827 
392 383 12 16 0.028598638 
807 327 8 11 0.02856836 
295 382 11 14 0.028539333 
237 307 10 13 0.028502107 
367 327 8 11 0.028455773 
1 325 8 12 0.028419334 
96 301 9 9 0.028396172 
985 224 7 9 0.028378299 
349 380 10 14 0.028368505 
897 348 9 12 0.028182736 
959 224 7 9 0.028170234 
974 253 8 10 0.028085634 
432 261 7 10 0.02807062 
861 294 7 10 0.02806667 
116 402 15 20 0.027996957 
251 557 14 17 0.02799108 
393 350 11 14 0.027984837 
277 280 9 11 0.027956609 
115 361 12 16 0.027954277 
760 229 8 11 0.027865974 
419 424 14 17 0.027799306 
391 272 8 11 0.027763905 
547 420 11 16 0.027715972 
730 176 7 9 0.027711192 
989 350 10 13 0.027698366 
882 364 10 13 0.027695894 
529 342 10 13 0.027682526 
479 399 22 27 0.02767569 
944 224 7 9 0.027672099 
795 295 7 10 0.027633278 
512 252 8 10 0.02763149 
442 374 10 12 0.027626736 
232 264 7 9 0.02759914 
606 339 10 12 0.02759187 
320 365 10 13 0.02758178 
990 301 10 12 0.027580716 
221 394 11 14 0.027576234 
772 424 15 19 0.027517969 
598 311 9 11 0.027412094 
512 247 9 10 0.027396886 
753 321 10 12 0.027338514 
620 415 11 16 0.02728962 
753 128 8 11 0.02728584 
38 319 9 11 0.027253231 
184 272 7 9 0.027202941 
855 459 14 17 0.02716452 
296 342 8 11 0.02716215 
743 221 8 10 0.02712793 
773 152 8 10 0.027113 
711 167 7 8 0.02711067 
664 255 7 10 0.027041601 
172 341 11 15 0.026980745 
8 422 21 25 0.026937142 
748 377 12 16 0.026784616 
757 380 12 14 0.026752563 
882 331 18 22 0.026733508 
729 199 9 10 0.026712269 
645 370 11 14 0.026708936 
952 470 19 24 0.02670674 
733 301 8 10 0.026694102 
495 384 14 18 0.026688863 
814 125 8 11 0.026664453 
289 271 8 9 0.026631523 
432 324 10 12 0.02648952 
111 333 8 11 0.026467679 
558 312 8 12 0.02646592 
495 325 9 11 0.02643161 
192 264 7 9 0.026407711 
99 327 11 14 0.026406523 
402 348 12 14 0.026393544 
735 167 7 9 0.026377385 
334 255 7 9 0.026376553 
349 302 9 11 0.026371801 
327 301 7 10 0.02633809 
842 223 8 9 0.026282689 
260 543 14 19 0.026269507 
545 278 8 10 0.026259007 
319 286 7 10 0.026248913 
656 242 8 9 0.026210226 
582 317 8 11 0.026197372 
327 261 8 9 0.02618081 
919 264 7 9 0.026167598 
984 229 8 10 0.026151853 
1008 269 10 13 0.026143622 
248 261 8 10 0.026133275 
490 221 8 9 0.026096173 
936 351 10 11 0.02608569 
974 248 9 10 0.026064366 
800 208 7 8 0.026063941 
287 342 9 10 0.026046406 
463 217 7 9 0.026043262 
430 359 10 12 0.02603582 
898 280 6 8 0.025990035 
713 264 7 10 0.025975881 
542 402 14 16 0.025923364 
748 390 12 15 0.025917204 
514 215 6 9 0.025883073 
670 311 9 12 0.025871288 
475 440 20 25 0.025848353 
709 373 11 14 0.025824318 
793 347 9 12 0.025805077 
52 448 14 20 0.025804708 
760 175 8 10 0.025787188 
147 524 15 17 0.025770089 
367 333 9 11 0.025673749 
102 357 10 13 0.025662828 
370 363 13 16 0.025654446 
289 263 7 9 0.025653705 
1000 214 8 11 0.025647378 
662 263 8 9 0.02559023 
776 269 9 12 0.025566034 
133 410 15 20 0.025546571 
672 263 7 9 0.025520392 
693 386 14 18 0.02545005 
464 245 8 10 0.0253916 
142 322 11 14 0.025338216 
824 321 9 10 0.025312588 
649 269 8 10 0.025311412 
351 277 8 9 0.025298283 
474 389 14 16 0.025296416 
727 246 8 11 0.0252819 
575 255 8 10 0.025263608 
991 215 8 9 0.025250392 
463 310 9 12 0.025161391 
600 395 13 17 0.025150985 
695 118 9 11 0.025121976 
277 264 8 9 0.025104081 
184 277 8 11 0.02509842 
821 447 14 17 0.025081009 
366 387 12 15 0.025075702 
413 247 9 10 0.025061425 
92 426 15 19 0.025051527 
190 335 11 13 0.025048649 
718 332 9 11 0.02498956 
415 331 17 22 0.0249895 
513 240 8 9 0.024979329 
672 222 7 9 0.024975576 
846 301 8 11 0.024937838 
24 311 8 9 0.024928318 
845 310 8 11 0.024916146 
257 359 10 12 0.024894387 
672 327 10 12 0.024870854 
198 278 8 11 0.024851304 
913 326 8 11 0.024786146 
975 264 10 12 0.024775177 
912 256 7 9 0.024756195 
101 427 12 17 0.024660876 
825 320 19 22 0.024652991 
552 244 12 14 0.024613159 
39 271 7 9 0.024595888 
773 303 9 11 0.024587505 
847 349 9 12 0.02458309 
1 514 13 19 0.024583004 
2 372 9 14 0.024574706 
741 341 10 12 0.02453068 
671 248 8 9 0.02449806 
969 309 9 11 0.02449567 
757 199 7 8 0.024436584 
752 182 7 9 0.024419442 
13 408 20 23 0.024379898 
175 296 8 11 0.024343662 
895 295 8 9 0.024310367 
244 548 17 18 0.024301264 
139 529 14 16 0.024283135 
701 239 8 10 0.024278155 
278 232 8 9 0.024272379 
244 532 16 18 0.024271352 
63 434 11 16 0.024202833 
469 411 13 18 0.024199186 
502 334 9 11 0.02419528 
336 428 10 15 0.024179142 
185 285 8 11 0.024107544 
589 287 10 10 0.024105748 
318 414 10 14 0.024079693 
806 386 13 16 0.024071079 
671 214 7 9 0.024069835 
790 364 11 15 0.024051717 
773 433 13 18 0.024051238 
732 465 40 45 0.02403217 
409 240 8 10 0.0240152 
696 252 9 11 0.023987694 
494 248 7 9 0.023980923 
390 526 20 26 0.023980286 
771 319 19 24 0.023947068 
613 389 10 14 0.023941286 
675 410 14 17 0.023907306 
899 229 8 11 0.02387369 
662 295 8 10 0.023843417 
552 465 12 18 0.023830269 
256 315 11 14 0.023812888 
688 307 11 13 0.023804883 
1010 313 11 15 0.023804516 
713 332 9 11 0.02379602 
239 459 11 14 0.023786504 
31 362 11 13 0.023755671 
958 323 12 15 0.023738835 
203 355 13 16 0.023709131 
730 229 7 10 0.023694012 
805 451 11 14 0.023692306 
181 305 19 23 0.02368731 
968 302 10 12 0.023685932 
74 310 8 10 0.023641543 
663 247 8 10 0.023602892 
688 360 10 13 0.023570795 
684 426 17 22 0.023568379 
390 309 10 12 0.023567155 
728 391 12 14 0.02356449 
758 438 12 16 0.023556685 
622 280 7 10 0.023542237 
463 330 19 24 0.023535794 
289 254 7 10 0.023528803 
711 223 8 10 0.023514459 
7 377 14 17 0.023482671 
444 389 11 14 0.023463082 
396 393 11 14 0.023431713 
785 307 9 12 0.023416268 
719 176 8 10 0.023416258 
528 379 11 14 0.023415769 
273 237 7 9 0.02341349 
383 247 7 8 0.02340258 
655 287 7 10 0.023400115 
302 375 10 12 0.023394197 
777 208 7 8 0.02339383 
398 320 10 12 0.023365324 
693 264 8 9 0.023356767 
968 279 8 9 0.023356507 
608 223 8 9 0.023337776 
753 251 9 12 0.023337223 
737 134 8 10 0.023335371 
245 327 11 13 0.023275755 
998 346 13 16 0.0232626 
984 254 9 11 0.02326064 
756 349 10 13 0.023239825 
752 414 20 25 0.02322308 
38 418 15 17 0.023174334 
321 230 7 8 0.023158329 
690 238 9 11 0.023149485 
672 226 18 23 0.023088392 
810 342 9 12 0.023086954 
849 237 7 9 0.02306229 
272 268 9 10 0.023049448 
745 135 8 10 0.023047863 
293 313 18 23 0.023034496 
991 247 8 10 0.023022104 
735 286 8 9 0.023017874 
158 540 12 14 0.023001736 
759 191 7 9 0.022974405 
648 320 10 11 0.02297434 
0 508 23 33 0.022953767 
921 238 7 9 0.022941977 
934 261 8 10 0.022918006 
160 266 7 8 0.022908926 
540 321 11 14 0.022882553 
791 158 7 9 0.02288045 
735 335 9 11 0.022876054 
782 348 9 11 0.022806568 
387 434 12 14 0.02279693 
896 224 8 10 0.02279352 
151 346 11 16 0.02277744 
509 296 9 11 0.022776397 
343 388 11 14 0.022729501 
143 548 12 15 0.02271185 
705 483 22 28 0.022689372 
251 543 15 20 0.022681277 
657 207 8 10 0.02266952 
510 365 9 12 0.022657085 
663 223 8 10 0.022652365 
689 231 8 10 0.022645362 
673 389 10 13 0.022629336 
656 255 8 10 0.022614108 
485 317 9 11 0.02260833 
630 357 10 12 0.022592107 
721 310 9 12 0.022580221 
855 237 8 9 0.022522593 
205 296 8 9 0.022516042 
775 164 8 11 0.022512417 
922 254 7 10 0.022502953 
781 230 8 9 0.022487672 
72 314 18 23 0.022394013 
873 289 7 10 0.02238484 
304 295 7 9 0.022375122 
335 263 7 9 0.022344334 
552 322 10 13 0.022339717 
751 321 17 23 0.022313645 
669 555 12 15 0.022304937 
401 255 7 9 0.022295073 
804 446 11 13 0.022288097 
761 167 8 9 0.022261659 
926 296 8 10 0.022235848 
350 367 10 13 0.022231044 
264 255 7 10 0.022204686 
574 232 8 10 0.022193944 
622 352 11 15 0.022178039 
170 255 7 9 0.0221751 
753 151 7 9 0.022169223 
766 145 8 9 0.022121858 
88 247 7 8 0.022110472 
657 554 11 14 0.022101378 
462 279 8 10 0.022083296 
37 522 12 16 0.022071926 
319 379 12 14 0.022062555 
455 319 10 12 0.02204802 
190 295 9 10 0.022027045 
230 396 12 14 0.021988668 
968 343 18 22 0.021975989 
542 345 17 22 0.021951905 
871 505 30 38 0.021919841 
507 223 8 11 0.021911401 
881 264 8 10 0.021911357 
790 136 9 11 0.021885702 
670 174 8 9 0.021884726 
879 294 8 10 0.02187193 
793 335 8 11 0.021865843 
103 287 8 11 0.021863267 
111 395 12 16 0.021840014 
425 456 22 24 0.021831175 
245 300 11 13 0.021830685 
655 371 10 13 0.021810742 
857 232 7 9 0.02180493 
699 552 14 19 0.021791762 
340 427 11 15 0.021745825 
44 443 16 21 0.021741258 
838 393 15 22 0.021739677 
96 247 7 9 0.0217172 
405 502 28 32 0.02170257 
354 254 7 10 0.021702228 
949 350 9 11 0.021694895 
494 217 7 9 0.021660604 
703 253 8 10 0.021659361 
529 311 8 11 0.02165922 
797 320 9 10 0.021648034 
809 272 8 10 0.02162612 
676 142 9 11 0.021623738 
601 476 12 15 0.02162031 
171 451 16 19 0.021612255 
123 383 11 14 0.021604493 
221 316 9 11 0.021582201 
742 191 7 9 0.021579824 
544 271 8 11 0.021557031 
172 578 11 14 0.021554938 
6 412 13 17 0.021549553 
1012 333 10 13 0.021537554 
170 348 12 15 0.021532902 
799 335 8 10 0.021500241 
164 337 18 25 0.021492787 
670 270 8 10 0.021492114 
271 379 17 22 0.021486131 
240 272 8 10 0.021449948 
77 364 10 12 0.021447306 
708 495 16 21 0.021446867 
751 143 7 9 0.021444645 
344 279 8 9 0.021434821 
930 355 17 22 0.021412227 
887 347 10 13 0.021407403 
679 332 11 13 0.021366116 
294 286 8 9 0.02135152 
807 156 8 11 0.0213505 
741 255 10 12 0.021343835 
463 317 8 11 0.021328155 
974 317 9 12 0.021321703 
856 222 7 8 0.021320269 
281 341 10 12 0.021297175 
257 270 7 9 0.021276115 
1003 343 15 18 0.021268541 
439 278 8 10 0.02126622 
606 390 12 15 0.021258026 
717 135 8 10 0.02125743 
534 415 19 25 0.021232564 
911 360 10 11 0.021221189 
584 439 10 14 0.021212935 
72 288 8 10 0.021208588 
111 240 7 9 0.02120368 
425 244 7 10 0.021103736 
719 245 9 11 0.021100419 
601 286 8 11 0.021078585 
862 325 9 10 0.021068579 
459 417 13 16 0.02105447 
330 399 17 23 0.021041961 
177 201 8 10 0.021039652 
127 565 9 13 0.021021148 
968 237 8 10 0.021008534 
152 280 8 9 0.021002306 
921 269 19 25 0.0210004 
728 159 7 10 0.02096947 
140 330 18 23 0.020963516 
543 468 11 15 0.020925565 
407 302 9 11 0.020923223 
54 365 10 11 0.020912703 
734 233 8 9 0.020898875 
1015 228 9 11 0.020869419 
113 255 7 9 0.020825934 
303 272 8 9 0.020816812 
246 272 9 10 0.0208038 
255 256 7 9 0.020794833 
734 205 7 9 0.020791877 
810 127 9 10 0.020781334 
304 263 7 9 0.020778483 
423 315 9 12 0.020777563 
246 309 11 14 0.020772295 
670 255 8 10 0.02073728 
36 352 12 15 0.02072785 
181 518 11 16 0.020721337 
679 212 8 11 0.020702766 
712 349 12 15 0.020699985 
857 519 54 62 0.020698031 
840 208 8 10 0.020686435 
792 357 11 13 0.020683363 
153 247 7 9 0.020658989 
502 314 18 23 0.020655055 
514 208 6 9 0.020642808 
831 236 8 10 0.020640051 
592 232 7 9 0.020639366 
423 327 8 11 0.02061552 
777 176 7 9 0.020613708 
98 420 23 30 0.020598847 
405 511 15 19 0.020578144 
767 208 7 9 0.020544747 
257 300 9 12 0.02052475 
204 297 18 24 0.020483883 
55 256 7 8 0.020477898 
720 158 8 10 0.020464018 
959 264 8 9 0.020458248 
473 223 7 8 0.02043404 
68 350 12 14 0.020421665 
510 358 9 11 0.020420922 
151 270 8 10 0.020417906 
590 365 10 13 0.020417446 
87 340 8 11 0.020402258 
743 159 6 9 0.020371893 
95 288 8 10 0.020365138 
696 152 7 8 0.020359745 
831 256 7 8 0.020318462 
72 363 9 12 0.020296505 
897 323 9 11 0.020291666 
766 261 8 11 0.020288765 
646 322 18 22 0.020284055 
826 476 25 30 0.020283505 
556 317 9 12 0.020281909 
892 336 9 11 0.02027784 
1001 238 9 10 0.020258676 
506 375 13 16 0.020254746 
705 189 9 11 0.020253127 
705 270 8 10 0.02025263 
639 279 8 10 0.020245958 
57 288 9 10 0.02023569 
611 456 22 26 0.0202207 
33 272 8 9 0.020219615 
775 358 9 11 0.020208877 
577 271 8 11 0.020199357 
642 349 10 14 0.020194435 
769 158 7 10 0.020187547 
743 303 8 10 0.020184357 
181 201 7 9 0.020165868 
677 118 9 11 0.02014564 
53 396 11 14 0.020140842 
990 192 8 10 0.020131148 
645 479 16 19 0.020126425 
198 272 7 9 0.020109907 
321 247 6 9 0.02007981 
457 358 9 12 0.020077314 
93 352 10 12 0.020075897 
86 313 9 10 0.02006305 
928 240 6 8 0.020052673 
397 239 8 10 0.020047858 
951 253 7 9 0.020045374 
752 240 7 9 0.020019773 
775 248 9 11 0.02001635 
392 263 7 9 0.020015901 
325 418 11 15 0.0200018 
