2_Demonstration_Demonstration_Or_Protest_2_606
89
761 254 64 72 0.99878246 
542 292 94 130 0.99870944 
902 264 58 66 0.99869484 
218 295 44 59 0.9980294 
331 280 84 110 0.99764204 
186 248 30 37 0.9962603 
631 242 60 64 0.9938002 
712 258 33 44 0.9900821 
45 254 45 50 0.9870732 
709 220 23 27 0.9843014 
503 243 39 61 0.98148704 
219 240 38 47 0.9791008 
826 235 38 51 0.973129 
744 273 34 49 0.9271575 
6 283 36 41 0.92150265 
445 222 30 47 0.9151862 
147 256 26 30 0.85126305 
999 278 26 53 0.82818943 
283 233 31 41 0.8065405 
106 304 53 52 0.70108867 
117 240 19 26 0.5632863 
292 228 43 53 0.54424053 
125 103 21 27 0.4244402 
264 164 13 15 0.2754624 
110 241 16 22 0.09436265 
121 298 42 36 0.0800699 
262 204 11 13 0.07205702 
620 205 9 12 0.065118514 
70 64 7 9 0.05695388 
194 245 41 50 0.05587846 
148 244 15 19 0.05494784 
631 197 9 11 0.054143745 
700 224 24 30 0.054068312 
725 245 27 36 0.05280577 
128 247 14 20 0.05229491 
964 240 12 15 0.04274854 
614 200 12 15 0.042150483 
105 242 29 35 0.04008275 
688 204 10 12 0.03985127 
0 257 21 34 0.039844867 
695 232 14 19 0.03879376 
73 47 9 12 0.036847856 
-1 258 38 55 0.034513544 
126 275 49 51 0.033762988 
78 49 13 17 0.033404056 
102 245 16 22 0.0327884 
703 224 38 50 0.032681838 
260 249 16 19 0.031243593 
116 87 38 44 0.030312931 
0 258 12 21 0.030127313 
509 77 18 21 0.030038381 
66 64 8 11 0.02992154 
730 239 19 23 0.02967796 
695 211 11 14 0.028332816 
67 252 44 51 0.028143343 
726 269 34 45 0.027342893 
711 203 12 15 0.026698785 
92 246 30 37 0.026500296 
49 213 9 12 0.026023356 
612 208 13 16 0.025817174 
140 84 11 13 0.025487145 
622 200 9 12 0.025437364 
90 235 26 30 0.02528209 
1 315 26 44 0.025280748 
139 265 33 38 0.024869531 
45 231 9 11 0.024807815 
256 230 26 33 0.024736369 
474 233 46 64 0.02463116 
227 215 26 30 0.024521977 
55 220 9 12 0.02372471 
310 234 54 68 0.023489708 
58 150 9 12 0.022721035 
42 237 10 14 0.022647215 
982 156 9 11 0.022346107 
82 230 23 26 0.022315972 
637 205 11 14 0.022202274 
971 558 15 21 0.022195991 
110 230 11 15 0.022195516 
119 231 11 14 0.022116857 
124 248 25 31 0.0218519 
748 180 11 14 0.021801416 
621 212 13 14 0.021054922 
208 217 26 30 0.020896964 
104 313 32 36 0.020745125 
985 288 28 44 0.020659376 
222 225 27 31 0.020445555 
60 221 10 13 0.020426378 
628 229 15 19 0.020201797 
246 237 30 33 0.020133255 
