2_Demonstration_Protesters_2_362
81
237 359 60 97 0.9970072 
810 403 74 78 0.9958625 
418 493 13 18 0.63527477 
452 506 14 17 0.55854875 
866 532 26 32 0.55253005 
880 521 25 34 0.50408936 
383 520 14 18 0.35618305 
399 495 12 15 0.3322989 
313 331 18 21 0.2309043 
701 531 9 13 0.18898638 
361 494 10 12 0.13842846 
868 524 42 50 0.11910518 
856 538 32 39 0.112079374 
146 465 23 38 0.098412804 
678 511 15 20 0.09484031 
696 505 9 10 0.085864484 
655 517 8 11 0.07756441 
463 548 9 13 0.07426585 
344 15 9 11 0.07232639 
1012 420 12 19 0.071797125 
698 527 9 13 0.06916305 
440 505 13 17 0.062245227 
460 557 14 21 0.056689158 
887 624 66 54 0.046993557 
645 493 9 12 0.046940424 
391 547 14 17 0.04608209 
459 512 12 16 0.04542194 
726 510 9 11 0.04304352 
529 44 11 14 0.04187116 
704 559 23 32 0.041191857 
429 499 12 16 0.04027559 
727 503 10 11 0.037084688 
701 504 8 10 0.03587828 
502 552 9 12 0.03523021 
445 509 16 18 0.035105072 
398 469 12 15 0.03433955 
344 9 10 11 0.0339311 
300 527 58 85 0.0330345 
882 515 43 51 0.032809783 
373 514 14 20 0.031189788 
1014 440 9 15 0.029329635 
978 475 11 13 0.029020844 
899 482 15 19 0.029003507 
327 524 45 64 0.028516985 
386 526 17 20 0.028467448 
416 555 12 16 0.027998008 
578 126 465 496 0.027967962 
50 309 53 73 0.027946299 
937 455 25 32 0.027503325 
1008 474 11 15 0.026879163 
861 1 16 12 0.026616279 
455 559 13 19 0.026532872 
998 501 11 11 0.026344134 
448 477 10 14 0.02627951 
990 501 11 13 0.026152153 
930 510 13 16 0.025635775 
811 412 44 51 0.025221802 
975 500 10 13 0.025141468 
406 15 70 76 0.024755552 
554 485 12 14 0.024723236 
1012 469 9 15 0.024605768 
844 547 35 43 0.024400046 
700 533 13 20 0.023785166 
713 562 14 21 0.023697166 
393 498 13 16 0.023660615 
320 512 93 105 0.023658937 
816 35 13 16 0.022787265 
690 547 15 19 0.022760618 
892 504 31 36 0.02265189 
394 541 14 16 0.022406766 
87 443 33 30 0.022135902 
468 370 11 15 0.021915626 
923 505 22 27 0.02155509 
735 495 9 11 0.021296058 
733 508 11 14 0.021120278 
364 495 12 16 0.021031357 
733 501 10 12 0.020690842 
687 540 11 15 0.020615835 
106 453 15 16 0.020199876 
400 488 17 23 0.020197785 
687 510 19 26 0.02001707 
