2_Demonstration_Demonstrators_2_195
43
690 61 111 130 0.9994672 
322 188 61 85 0.99565446 
390 184 75 110 0.99342394 
282 220 31 44 0.93050575 
48 220 20 23 0.3631198 
911 164 94 170 0.29313463 
462 164 40 49 0.23449664 
75 267 10 13 0.14954974 
398 157 12 15 0.10813833 
517 13 24 28 0.09446526 
41 223 29 32 0.08796424 
314 37 23 25 0.07283826 
289 217 19 27 0.06745716 
990 40 23 32 0.04985063 
852 19 32 39 0.04840097 
539 255 60 52 0.045046046 
225 168 52 64 0.041105576 
34 228 43 52 0.038883463 
466 5 53 59 0.0369143 
13 276 48 80 0.036069483 
535 49 13 16 0.03546203 
511 54 13 14 0.03224233 
602 71 19 23 0.03216892 
506 -2 45 46 0.031891655 
433 17 13 17 0.031741727 
886 34 28 30 0.030833382 
546 257 35 32 0.02981904 
294 227 30 46 0.028115073 
203 179 64 74 0.027913589 
527 124 15 19 0.027346764 
888 34 15 19 0.025519542 
393 151 22 26 0.023956548 
44 214 18 22 0.023765333 
1003 443 21 39 0.02320827 
856 164 40 39 0.023205401 
156 229 101 106 0.022255994 
259 196 48 63 0.022052977 
619 300 32 44 0.02151924 
495 138 32 37 0.021198828 
929 20 28 29 0.021040443 
967 24 15 18 0.021032946 
204 243 56 60 0.020331644 
371 47 15 18 0.020268142 
