2_Demonstration_Political_Rally_2_171
69
850 652 57 92 0.9941049 
124 568 17 23 0.9912198 
619 665 53 91 0.9890751 
407 707 47 58 0.9801609 
150 706 31 57 0.9571452 
103 628 42 53 0.95174205 
47 711 39 55 0.9266941 
449 655 23 41 0.9141998 
553 659 23 41 0.8898788 
947 621 18 21 0.8032432 
424 665 31 37 0.80009264 
437 660 27 39 0.7963447 
304 649 34 37 0.7220052 
1003 625 20 25 0.7066768 
730 726 51 41 0.6331974 
48 645 32 45 0.2678786 
331 701 36 52 0.18179184 
300 633 35 40 0.15316783 
996 715 15 18 0.14273085 
417 680 30 41 0.11439003 
917 692 46 66 0.0820323 
302 620 34 35 0.08044064 
208 712 49 52 0.07471054 
297 661 32 45 0.07369549 
266 -46 390 487 0.06981827 
695 653 46 73 0.05844545 
677 657 76 116 0.05497846 
418 594 24 36 0.0526715 
185 675 51 61 0.049569696 
377 730 44 42 0.048696734 
965 707 13 18 0.0456513 
187 715 49 52 0.045357384 
160 713 52 55 0.04479738 
266 670 42 66 0.04314032 
246 712 50 55 0.040642798 
145 683 17 21 0.039023984 
204 657 37 34 0.038769297 
150 604 15 21 0.038522236 
631 657 81 108 0.038201544 
449 600 24 34 0.03790621 
288 192 8 10 0.036294803 
421 690 37 51 0.035304915 
346 701 45 56 0.034580626 
306 656 22 24 0.033114217 
322 650 19 23 0.032498296 
973 701 10 16 0.03132958 
768 199 12 14 0.031141443 
702 688 65 74 0.029215135 
57 631 29 45 0.029125793 
984 715 12 17 0.028900975 
316 520 14 18 0.028749576 
54 666 33 39 0.0282348 
892 684 53 73 0.027625313 
753 199 12 15 0.026550965 
989 716 16 20 0.026086539 
48 665 22 28 0.025965123 
190 661 35 38 0.02585482 
185 651 29 34 0.025546132 
824 692 53 75 0.024682956 
784 199 11 13 0.023983536 
613 688 30 52 0.02340502 
668 497 26 36 0.023331275 
346 670 43 52 0.022602659 
121 678 44 63 0.021687804 
535 550 27 34 0.021131119 
411 653 34 42 0.02095156 
203 698 36 54 0.02041679 
970 637 16 19 0.02033754 
955 707 24 32 0.020259224 
