2_Demonstration_Protesters_2_156
91
432 322 44 62 0.99795663 
250 314 41 56 0.9964156 
739 439 54 53 0.9938981 
612 340 47 53 0.9926709 
137 324 37 45 0.9922699 
57 290 35 42 0.98959494 
987 -3 39 50 0.955926 
-1 315 21 32 0.26658535 
353 121 15 18 0.22879237 
704 148 11 14 0.2124391 
779 131 16 19 0.12731549 
97 140 15 17 0.11151976 
58 134 27 29 0.10858005 
553 119 23 30 0.101077095 
685 144 9 12 0.10037127 
512 502 28 34 0.09113772 
38 406 32 41 0.09064509 
695 160 10 13 0.08725323 
659 207 15 20 0.08502955 
754 376 13 17 0.07543359 
702 154 11 15 0.07447439 
672 134 9 11 0.07252279 
711 134 9 11 0.071965106 
671 165 10 13 0.06815277 
101 165 12 14 0.064938046 
686 118 9 11 0.06305848 
680 119 8 11 0.060872115 
679 142 10 13 0.058611743 
754 156 14 16 0.052875534 
673 139 9 12 0.05286762 
678 125 8 11 0.052602243 
240 166 10 13 0.047110494 
708 141 10 13 0.044745907 
679 110 8 11 0.04261551 
759 141 9 11 0.042360988 
756 151 12 14 0.04160351 
797 148 9 12 0.040708005 
721 120 8 11 0.039220445 
776 117 9 12 0.038926315 
719 134 11 14 0.03847893 
703 128 8 10 0.037250146 
673 109 8 10 0.036249615 
836 157 9 11 0.034827907 
701 176 9 12 0.03422971 
681 265 21 31 0.033469528 
686 112 10 12 0.032983147 
688 124 8 11 0.032818306 
710 128 9 11 0.032531094 
669 159 11 14 0.032215327 
673 126 9 12 0.03119757 
703 134 10 12 0.031126464 
735 151 8 10 0.031044232 
774 337 29 39 0.030625746 
628 120 14 15 0.030474808 
774 167 9 12 0.030356264 
293 207 32 40 0.03016036 
744 152 8 11 0.029882925 
689 157 9 13 0.02961871 
695 127 8 11 0.028503334 
475 317 15 23 0.028198227 
665 157 11 15 0.027586168 
70 317 29 32 0.027159201 
725 130 14 18 0.027094027 
665 152 9 12 0.026275618 
273 174 10 12 0.025987847 
708 395 44 50 0.025817806 
133 500 37 38 0.025812056 
720 125 10 13 0.025456535 
667 92 11 14 0.024969608 
701 139 19 24 0.02456294 
792 392 43 48 0.024535833 
696 132 8 11 0.024493823 
838 96 40 53 0.0244658 
462 416 90 119 0.024227595 
808 115 13 17 0.023977073 
734 449 34 38 0.023715237 
766 149 11 13 0.023519976 
764 142 11 13 0.023127655 
759 116 11 14 0.023096912 
672 119 9 12 0.022863502 
349 126 15 19 0.022675842 
702 189 9 11 0.022457784 
307 566 13 18 0.022076467 
677 158 10 13 0.021916952 
766 156 9 13 0.021842195 
831 158 9 11 0.02158901 
502 335 13 19 0.021529129 
269 480 34 35 0.021257255 
815 149 10 11 0.020372598 
54 131 17 19 0.020268053 
662 112 9 11 0.020121358 
