2_Demonstration_Protesters_2_213
139
960 587 51 75 0.9979971 
590 550 65 79 0.9975539 
362 311 77 96 0.98737586 
851 706 62 68 0.98368305 
754 541 37 51 0.98261654 
524 470 20 27 0.85807145 
116 459 22 28 0.80652094 
69 393 8 10 0.53764457 
273 293 41 54 0.5305115 
48 399 12 15 0.49421614 
0 422 9 14 0.42446062 
773 611 40 56 0.35854173 
18 401 13 15 0.3178416 
6 471 16 23 0.31112957 
950 383 10 14 0.23605093 
100 404 11 14 0.2174218 
97 397 10 14 0.18501392 
0 398 7 12 0.18198118 
118 453 16 19 0.16381219 
887 380 13 17 0.12681872 
712 376 8 9 0.11874126 
31 439 9 12 0.10708617 
913 649 16 25 0.09609768 
69 426 13 15 0.09523354 
120 448 25 29 0.09387143 
22 419 12 14 0.09126379 
67 469 20 22 0.087355204 
817 391 7 9 0.082131535 
814 717 62 51 0.08042958 
496 476 13 21 0.08011891 
808 384 7 10 0.074606724 
165 468 16 18 0.073797286 
3 414 14 16 0.07284785 
82 442 14 18 0.07120651 
800 543 22 34 0.065680034 
664 71 17 19 0.06165029 
727 492 22 27 0.06119928 
96 490 14 17 0.060238447 
687 560 35 40 0.059636783 
809 389 7 10 0.059565503 
93 414 10 13 0.058645077 
1 401 9 14 0.056375086 
640 46 10 12 0.05598436 
30 414 11 14 0.05310069 
956 388 11 13 0.052946016 
860 701 35 54 0.051437926 
23 389 10 12 0.051096004 
822 391 7 9 0.050171603 
44 443 15 17 0.050129216 
25 384 9 10 0.049263947 
903 634 35 55 0.046948735 
52 572 24 33 0.046022754 
5 406 10 12 0.04511988 
965 398 13 16 0.044005547 
878 387 11 14 0.043802626 
37 414 12 14 0.043661654 
64 404 12 15 0.042784695 
23 437 10 13 0.040483132 
0 434 11 17 0.039633278 
841 391 9 11 0.038608737 
68 433 12 14 0.038012374 
61 27 40 42 0.036899798 
901 381 11 16 0.035459444 
40 418 12 16 0.034818184 
117 472 23 29 0.034592014 
88 397 10 13 0.034538653 
1 424 15 19 0.03416821 
789 399 8 9 0.033299156 
134 483 15 20 0.03268097 
698 557 41 52 0.032467563 
499 470 25 33 0.032172482 
3 399 11 13 0.03184727 
995 377 12 15 0.03167238 
245 285 35 45 0.030996818 
131 436 16 18 0.03091385 
888 376 11 14 0.030058423 
106 436 15 18 0.029610358 
92 263 38 46 0.029402904 
910 395 11 13 0.029278839 
491 175 12 13 0.029223278 
14 420 12 16 0.029030882 
106 440 22 28 0.028944576 
142 477 20 27 0.028926134 
969 384 9 11 0.028794402 
829 735 34 33 0.028601447 
121 433 26 31 0.028571602 
122 464 25 30 0.028456947 
949 376 11 13 0.028268682 
844 629 14 20 0.028089508 
53 451 13 17 0.027983502 
8 473 24 32 0.02750197 
708 374 9 11 0.027191509 
63 466 16 20 0.026976641 
99 392 12 15 0.026777904 
739 503 15 21 0.026457619 
68 461 17 20 0.026411891 
945 387 13 16 0.026315482 
846 388 10 13 0.025950378 
68 412 13 16 0.025803471 
73 421 13 15 0.02561763 
88 418 13 15 0.025354072 
107 405 11 14 0.025259063 
101 422 12 13 0.02486898 
15 434 11 15 0.024694119 
0 476 20 35 0.024609847 
1007 659 16 21 0.024595568 
73 468 23 29 0.024193078 
652 60 26 29 0.024139782 
0 487 12 20 0.024043163 
475 350 24 30 0.024035616 
64 398 21 25 0.023645014 
873 390 11 13 0.023506315 
119 489 14 19 0.023400975 
772 374 9 12 0.02292724 
172 475 14 18 0.022654563 
65 416 19 24 0.022328287 
46 495 14 19 0.022231204 
783 602 35 43 0.022157341 
84 467 12 16 0.022123748 
441 354 27 42 0.021861969 
599 381 9 11 0.021780076 
181 479 10 14 0.021665104 
37 438 11 14 0.021654261 
834 616 23 34 0.021629142 
636 214 30 41 0.02154358 
153 475 22 26 0.02130008 
22 513 30 37 0.021261822 
762 622 35 50 0.021259066 
795 728 43 32 0.021218928 
966 389 12 15 0.021192249 
615 380 10 14 0.021074971 
0 532 17 19 0.02093126 
949 381 19 25 0.020789932 
811 733 40 32 0.020688009 
108 428 13 14 0.020478297 
807 574 26 30 0.020455766 
981 380 11 13 0.020413302 
455 135 207 285 0.020150496 
117 405 12 16 0.020095062 
