2_Demonstration_Demonstration_Or_Protest_2_604
123
403 137 56 68 0.9975702 
278 32 88 123 0.99674857 
824 394 139 174 0.99608815 
655 121 59 106 0.9903341 
97 164 43 60 0.9860946 
13 176 25 33 0.9803153 
537 137 23 27 0.9167601 
36 209 17 23 0.71062136 
168 170 26 31 0.58274734 
40 128 17 20 0.58248365 
13 134 12 14 0.5710427 
466 149 17 24 0.46596122 
697 106 28 37 0.44360444 
2 232 24 35 0.39867005 
101 130 16 20 0.33068588 
71 135 14 18 0.32964575 
517 97 13 17 0.20364276 
684 106 26 38 0.18078317 
782 3 61 79 0.17717238 
308 184 29 36 0.16292858 
495 10 11 14 0.15789036 
256 290 49 62 0.14698137 
80 136 25 29 0.14324671 
85 122 13 15 0.141739 
93 133 23 26 0.1180752 
3 153 16 22 0.09509106 
709 99 29 39 0.09430642 
474 106 14 17 0.08452043 
11 224 17 24 0.08269002 
680 106 47 79 0.075355686 
111 89 15 19 0.071581885 
772 99 29 31 0.06875913 
797 173 30 40 0.06813025 
558 127 78 125 0.06627975 
28 113 12 15 0.060076125 
478 99 14 17 0.05994318 
347 156 29 45 0.057501342 
24 170 18 24 0.055401005 
118 178 32 48 0.05177904 
521 145 16 18 0.05094077 
45 161 38 47 0.05033713 
6 162 22 31 0.04931674 
501 443 59 96 0.04778175 
475 304 58 85 0.04678498 
563 146 12 16 0.04555153 
177 159 27 33 0.044967446 
10 138 12 14 0.044515807 
21 165 15 21 0.043250274 
365 1 31 24 0.041360416 
556 142 15 21 0.039843153 
226 48 83 114 0.039726228 
158 167 25 32 0.038595587 
482 124 14 18 0.038497977 
86 121 21 26 0.038484845 
320 14 64 87 0.036292333 
469 187 24 29 0.035904888 
799 -4 133 126 0.035079885 
76 125 21 25 0.033152215 
476 127 17 21 0.03300784 
320 147 40 58 0.033001058 
16 218 15 21 0.032815896 
477 12 11 14 0.031059103 
0 138 8 13 0.030393817 
704 103 52 67 0.030285325 
463 157 25 37 0.030210953 
564 97 11 14 0.029752783 
491 18 14 18 0.029456362 
481 460 54 73 0.029314103 
83 148 33 42 0.02908118 
344 7 59 74 0.029067244 
35 430 25 31 0.029021356 
59 168 15 22 0.028899057 
512 174 53 64 0.02852747 
196 85 56 78 0.028260238 
9 145 15 19 0.02814173 
876 123 16 20 0.02762594 
506 114 26 32 0.027417082 
513 190 25 33 0.027175747 
612 125 78 115 0.027010867 
335 78 34 59 0.026974237 
169 113 25 31 0.026854176 
487 12 13 15 0.026756426 
471 31 10 13 0.026741123 
74 173 26 31 0.026706668 
678 26 28 32 0.026340099 
41 197 26 32 0.025408851 
560 94 11 13 0.025319114 
522 245 17 22 0.025065381 
510 239 31 38 0.024610037 
789 176 47 63 0.024523815 
528 141 47 61 0.024381304 
470 177 13 18 0.024083402 
17 138 13 15 0.024023762 
2 208 15 21 0.023909196 
492 388 102 148 0.02346488 
434 472 45 65 0.023398476 
26 214 25 31 0.023022158 
1 191 22 34 0.022910573 
491 175 40 49 0.02285006 
512 102 22 26 0.02277096 
764 97 47 56 0.022631465 
340 417 66 79 0.022297012 
32 150 26 29 0.022015369 
127 107 27 32 0.021874867 
148 171 25 35 0.021711614 
87 480 24 38 0.021549087 
311 169 34 38 0.021328608 
513 92 14 17 0.021308614 
700 3 94 108 0.021274261 
-2 230 39 55 0.021259552 
-1 214 22 38 0.02106678 
482 103 15 19 0.021043485 
92 133 53 63 0.020954652 
375 132 46 67 0.020753518 
803 180 17 21 0.020591129 
763 173 17 20 0.020582344 
420 448 80 109 0.020438213 
184 174 19 23 0.020435283 
713 98 19 23 0.0203348 
44 153 14 18 0.020295497 
539 170 27 33 0.020213753 
162 76 17 20 0.020049276 
522 105 14 17 0.020012049 
