2_Demonstration_Demonstration_Or_Protest_2_304
97
192 280 49 65 0.9992704 
762 285 107 130 0.99925643 
528 348 45 65 0.9970848 
303 387 36 44 0.9969959 
372 363 35 44 0.99692935 
681 403 45 55 0.9932429 
430 376 44 56 0.9930387 
79 382 34 47 0.98334575 
548 348 43 61 0.98296976 
261 382 40 54 0.9626125 
916 379 34 49 0.9090412 
726 394 33 47 0.86775917 
38 409 22 30 0.6180276 
699 399 41 50 0.6025586 
863 652 56 63 0.4581203 
610 373 26 32 0.24165955 
26 405 14 19 0.14972076 
774 571 70 75 0.14665328 
292 333 18 25 0.13725747 
972 441 41 56 0.12166116 
640 367 13 17 0.10768941 
27 402 23 30 0.097837746 
36 359 17 20 0.074858755 
924 372 14 18 0.074832976 
1001 720 24 38 0.062744886 
218 669 47 62 0.055660356 
927 376 49 62 0.054842114 
147 266 17 22 0.051362555 
0 557 10 17 0.04872758 
29 454 17 22 0.048061036 
563 296 15 20 0.046184413 
572 360 33 47 0.045958914 
51 367 16 24 0.044519503 
19 714 15 18 0.044076044 
0 405 7 14 0.0438603 
35 393 23 35 0.043145075 
86 456 23 33 0.04107448 
526 264 12 14 0.040337715 
623 376 15 22 0.03882477 
280 391 34 44 0.037677024 
272 823 11 13 0.036891017 
578 259 17 21 0.036607563 
237 301 26 36 0.035828862 
134 734 165 235 0.035171065 
421 280 26 32 0.034160268 
97 663 44 52 0.034068443 
851 101 12 15 0.034051865 
207 347 39 51 0.03335569 
15 724 13 17 0.032835994 
170 638 46 53 0.03225761 
45 393 13 19 0.031562064 
6 454 12 16 0.03139671 
48 563 44 52 0.030811243 
863 102 10 13 0.02861458 
551 289 24 32 0.028371032 
908 100 11 14 0.028269125 
715 349 17 21 0.02803496 
589 368 30 38 0.02750119 
614 323 13 16 0.026883923 
316 259 51 66 0.02591086 
999 4 13 15 0.02579295 
452 257 33 43 0.025501153 
665 356 10 14 0.02546913 
284 304 40 54 0.02494801 
12 398 22 28 0.024352025 
927 401 28 43 0.024330596 
597 263 14 18 0.024234032 
339 -9 100 105 0.024026087 
322 381 29 38 0.023995783 
686 208 62 68 0.023859084 
579 252 14 18 0.023680927 
500 823 28 40 0.02351679 
518 260 11 15 0.023448087 
821 626 86 90 0.02335798 
429 291 29 35 0.02308721 
582 248 9 12 0.022700807 
510 252 13 15 0.022585463 
33 358 12 16 0.022574674 
211 242 12 16 0.022525636 
170 301 31 33 0.022484 
606 309 22 35 0.022406548 
21 465 13 18 0.022397108 
324 276 31 43 0.022374177 
604 357 28 36 0.02183045 
765 585 95 104 0.02159608 
986 399 39 65 0.02116533 
863 94 10 12 0.021143226 
14 719 29 33 0.021111509 
225 361 18 24 0.021096596 
291 780 13 15 0.020835577 
979 462 21 26 0.020803189 
619 381 25 33 0.020585723 
956 391 48 69 0.020124331 
503 240 12 13 0.020111276 
254 710 10 13 0.02004013 
618 362 16 21 0.020006457 
24 365 12 15 0.020003822 
