2_Demonstration_Demonstrators_2_546
156
943 168 26 37 0.9950104 
802 202 27 33 0.9500015 
986 154 13 18 0.49973452 
148 187 16 20 0.4810387 
888 152 16 19 0.45196864 
320 202 27 35 0.44877857 
200 198 13 15 0.43409398 
357 134 14 18 0.41474298 
218 157 26 30 0.40142557 
302 228 12 15 0.39243105 
479 170 14 20 0.3803153 
326 134 10 12 0.27167004 
678 127 19 26 0.24866934 
1000 181 11 14 0.24142474 
174 210 13 19 0.23454063 
243 136 24 29 0.20598689 
948 149 10 15 0.18679895 
154 180 16 20 0.17655198 
818 156 20 28 0.17074724 
676 127 12 16 0.1699688 
943 152 12 17 0.15641117 
689 128 15 19 0.13971566 
841 176 15 18 0.12596622 
164 202 11 15 0.111479215 
421 133 12 14 0.099256106 
983 158 20 28 0.095078304 
259 141 13 19 0.09368562 
610 151 25 30 0.09252751 
156 194 15 18 0.09030179 
331 133 10 13 0.087314844 
434 184 15 22 0.08243897 
663 167 11 15 0.07752723 
773 166 11 14 0.07652941 
390 127 11 15 0.06599306 
942 153 21 30 0.063032426 
282 172 15 21 0.059583843 
997 157 12 16 0.057317622 
213 152 16 21 0.057271574 
184 188 11 16 0.057248764 
276 163 12 16 0.055671398 
168 207 14 21 0.05424441 
897 217 13 18 0.05390145 
607 290 21 29 0.05331579 
223 197 11 15 0.053240832 
887 139 12 15 0.050751816 
816 157 13 18 0.05044814 
203 191 20 25 0.04939837 
381 188 14 18 0.049118005 
707 160 15 18 0.048748095 
141 175 11 14 0.047217224 
132 205 11 18 0.047057565 
376 180 26 33 0.046507277 
324 137 15 17 0.045600884 
355 128 14 16 0.044486795 
446 223 38 55 0.044123072 
431 239 10 13 0.044009097 
415 142 10 14 0.043228332 
396 131 11 16 0.043093927 
142 179 14 17 0.042677317 
669 172 13 16 0.04252895 
284 257 14 17 0.041297436 
799 201 17 25 0.04059196 
755 146 15 19 0.040481817 
912 252 12 15 0.039969195 
160 197 20 26 0.03979431 
477 297 12 15 0.03965616 
311 215 23 31 0.039600518 
106 274 16 20 0.039341852 
352 127 10 12 0.039086055 
569 110 10 13 0.03818431 
621 154 26 31 0.037850067 
449 223 11 14 0.037436582 
333 188 36 46 0.037341114 
291 244 16 18 0.0372525 
145 188 26 32 0.036476593 
416 133 11 15 0.0363942 
346 135 26 30 0.0353866 
1004 172 13 17 0.035086308 
343 140 13 16 0.034351792 
149 176 15 17 0.032663677 
529 158 10 14 0.03245208 
225 148 18 22 0.03233726 
463 222 10 14 0.03224979 
442 150 10 13 0.03151402 
1003 162 12 16 0.031468462 
294 222 22 27 0.031159176 
764 155 12 18 0.03106313 
769 168 22 32 0.030912774 
823 152 11 16 0.030753328 
808 163 11 16 0.030633222 
997 173 20 27 0.030334756 
263 122 11 15 0.030168312 
564 484 35 35 0.029760133 
974 161 15 20 0.029318688 
107 273 26 31 0.029076338 
606 154 16 23 0.028906424 
814 202 22 27 0.028358549 
329 196 17 23 0.027902607 
446 151 11 13 0.027483933 
271 298 28 42 0.027461404 
494 174 11 15 0.027431404 
884 138 20 24 0.026727995 
709 147 14 17 0.026632166 
717 150 12 14 0.02653393 
317 225 11 16 0.026468514 
837 182 17 22 0.025955778 
822 166 25 31 0.025865985 
271 157 11 16 0.02585314 
357 163 43 54 0.025484877 
407 133 12 16 0.02522984 
486 227 14 19 0.025080845 
387 133 16 20 0.024796234 
307 221 14 21 0.024745548 
669 164 12 16 0.024571817 
281 249 26 30 0.024533529 
180 184 20 27 0.024485087 
976 227 26 37 0.024418795 
233 154 15 20 0.024325477 
344 133 11 14 0.02418148 
133 198 11 15 0.024080774 
163 229 12 15 0.024047341 
697 163 11 16 0.023781987 
767 162 11 17 0.023594527 
743 148 13 17 0.023316994 
237 137 18 22 0.023285834 
949 182 28 33 0.023109268 
268 277 12 17 0.023073077 
1001 248 24 38 0.022943826 
338 202 16 23 0.022931054 
106 271 10 14 0.022758387 
139 171 23 30 0.022621429 
752 144 12 14 0.02245967 
807 159 22 28 0.022355143 
349 145 14 16 0.022279538 
707 155 27 29 0.022017596 
676 145 24 30 0.021999827 
768 169 13 19 0.021883626 
683 163 12 15 0.021873944 
260 132 13 16 0.021854348 
408 139 13 16 0.021809109 
570 309 13 17 0.021511523 
333 128 10 12 0.021406159 
130 188 37 49 0.0212464 
717 142 13 15 0.020890916 
298 239 14 19 0.02085809 
772 143 11 13 0.020719392 
335 162 46 60 0.020551188 
993 163 18 27 0.020384287 
677 141 16 20 0.02028379 
472 170 24 32 0.020243749 
138 179 11 15 0.02022558 
387 181 15 18 0.020217612 
332 145 12 16 0.020179715 
465 222 24 39 0.020095518 
258 135 22 31 0.02005825 
535 288 13 19 0.020016106 
