2_Demonstration_Demonstrators_2_378
293
102 453 64 84 0.99941707 
200 402 59 67 0.99937314 
217 498 70 78 0.998684 
483 209 30 38 0.9984353 
647 262 37 43 0.9983985 
810 489 58 68 0.99833703 
191 190 26 33 0.99832314 
398 238 33 39 0.99813026 
154 265 40 47 0.9972312 
100 208 32 35 0.99663997 
535 257 34 43 0.9964372 
571 239 28 32 0.99599636 
940 397 60 68 0.9959759 
330 220 26 35 0.9956157 
155 205 31 35 0.99560463 
415 193 32 35 0.9948561 
261 355 59 64 0.9940006 
307 276 38 42 0.9939387 
673 330 49 57 0.9937509 
596 420 47 52 0.99290353 
644 438 51 59 0.9921423 
609 329 46 59 0.9921245 
604 273 29 32 0.99178326 
208 136 23 27 0.9899913 
496 520 72 65 0.98997974 
105 138 23 27 0.9894298 
360 224 32 37 0.9891936 
947 227 26 32 0.98402435 
508 359 41 53 0.9827266 
432 306 39 48 0.9820514 
159 169 23 28 0.9798384 
869 338 29 31 0.9785831 
219 243 38 46 0.9784184 
551 374 39 51 0.9782844 
503 299 44 49 0.9758252 
735 283 31 40 0.9754047 
325 463 48 59 0.97499985 
710 406 40 46 0.9732897 
13 206 38 37 0.97244036 
765 318 38 40 0.9698733 
371 288 38 47 0.96666783 
961 152 17 26 0.9609698 
91 249 36 40 0.9552613 
346 194 22 26 0.952927 
90 300 43 47 0.9491871 
750 419 49 57 0.9264386 
137 302 28 43 0.9231679 
265 225 35 42 0.9225791 
433 462 63 71 0.92114717 
311 170 21 26 0.9159784 
-1 305 29 61 0.9109461 
892 208 19 26 0.90925366 
905 360 31 35 0.8865814 
497 421 47 59 0.8807372 
146 201 28 34 0.86513716 
927 172 21 25 0.83892953 
750 366 50 55 0.81975657 
898 407 39 52 0.7377905 
927 213 24 28 0.69612586 
652 500 54 58 0.6397426 
699 493 48 56 0.63864994 
182 376 41 52 0.6043769 
294 197 21 26 0.58603793 
1011 134 13 22 0.5844943 
847 392 41 49 0.56151724 
524 367 44 52 0.551694 
389 332 39 49 0.5501708 
137 197 22 30 0.47063944 
842 280 16 20 0.4626846 
283 286 28 36 0.44181395 
43 184 28 36 0.37973815 
618 242 25 29 0.36194617 
737 294 44 48 0.331813 
835 403 33 41 0.31724912 
284 220 28 40 0.31611145 
150 233 30 35 0.3094093 
569 474 38 48 0.3048316 
921 104 10 13 0.29326576 
1003 218 19 23 0.28800398 
258 423 32 50 0.28798744 
932 264 17 21 0.27825287 
947 340 17 21 0.25599506 
687 3 29 25 0.24535176 
275 431 35 50 0.24041392 
558 317 24 33 0.22148487 
941 115 13 16 0.21360692 
905 141 22 31 0.19699025 
910 138 16 21 0.19150735 
777 385 42 49 0.18717021 
159 190 28 37 0.17874777 
218 174 18 23 0.16003524 
606 257 29 36 0.1517709 
718 419 46 53 0.14625001 
737 270 35 37 0.14166746 
864 453 40 55 0.13744245 
233 209 21 27 0.13322195 
485 333 15 20 0.12552315 
755 334 49 55 0.11806297 
11 222 29 36 0.11764334 
294 279 34 41 0.11735354 
642 292 39 45 0.11654759 
755 305 35 40 0.1127735 
341 408 28 37 0.10851184 
920 366 18 23 0.107043065 
728 439 48 53 0.09844726 
9 270 33 51 0.0976077 
227 410 48 61 0.09667037 
931 304 17 19 0.09122892 
543 233 23 28 0.09063225 
348 406 18 24 0.08467766 
914 134 13 16 0.083786346 
140 154 22 27 0.08056308 
337 211 26 35 0.077807866 
649 363 25 31 0.07656131 
637 274 40 48 0.07503675 
1002 226 22 29 0.07503341 
516 233 16 21 0.07445258 
277 277 29 33 0.07338089 
646 476 52 62 0.07289805 
734 460 37 50 0.071951896 
377 315 43 52 0.07109492 
562 307 35 45 0.07095341 
940 346 25 31 0.07083892 
868 408 40 51 0.064713545 
583 243 18 22 0.064260654 
1005 241 16 20 0.063330725 
996 83 13 16 0.062893294 
707 465 51 59 0.06287416 
333 198 25 30 0.06279375 
917 176 16 21 0.062434085 
475 451 51 60 0.06228614 
999 200 20 26 0.060598135 
740 259 27 29 0.0605964 
824 278 21 28 0.06049618 
6 136 29 37 0.05955776 
0 395 28 39 0.058678158 
522 269 43 52 0.058293726 
634 250 13 17 0.05819327 
401 321 44 54 0.0561744 
290 424 38 55 0.052804217 
228 197 21 32 0.051958732 
307 418 40 53 0.051192664 
293 234 29 38 0.05112648 
496 445 34 43 0.050982818 
31 282 29 43 0.05094405 
990 93 13 16 0.0488588 
676 6 30 29 0.048373986 
122 166 16 21 0.046650596 
701 1 21 20 0.04660697 
1004 554 20 25 0.04643512 
901 152 15 21 0.046338577 
879 444 32 49 0.045888025 
178 185 26 35 0.045508936 
583 287 39 47 0.04543852 
379 255 45 56 0.045252867 
867 319 29 36 0.04524422 
296 223 18 26 0.04494955 
283 204 26 36 0.044886943 
221 182 20 28 0.044270076 
605 282 47 55 0.04384622 
299 189 15 19 0.043456122 
793 2 27 27 0.04290671 
102 234 31 38 0.042830683 
918 96 19 25 0.042820986 
207 181 23 30 0.04247422 
551 485 49 54 0.042385217 
664 73 35 35 0.04222989 
601 304 34 38 0.042196218 
884 321 14 16 0.041793358 
0 201 23 33 0.0410847 
235 238 39 46 0.040348392 
316 403 41 54 0.040132485 
906 355 21 26 0.039860066 
130 157 21 27 0.03936096 
868 247 11 14 0.039258473 
195 358 41 50 0.039185725 
948 110 12 16 0.038562734 
-1 207 12 21 0.038342945 
422 293 31 39 0.037561633 
991 116 14 18 0.03717306 
892 388 40 53 0.036772978 
243 146 16 20 0.036484614 
692 416 51 58 0.036309473 
922 355 17 23 0.036268156 
886 402 30 45 0.036185194 
156 221 30 37 0.03596236 
736 506 43 57 0.035781857 
512 410 46 59 0.035675853 
336 390 30 37 0.035628714 
906 377 36 48 0.035529822 
669 481 59 68 0.035383623 
670 418 50 59 0.0352769 
999 196 15 19 0.034652177 
324 211 26 34 0.034628343 
240 186 22 28 0.034242906 
868 352 28 36 0.03336989 
274 294 32 41 0.03309025 
914 151 15 19 0.032489136 
168 183 17 24 0.03227883 
2 283 33 63 0.032152463 
502 445 48 61 0.031913076 
899 159 22 29 0.031731267 
390 470 44 56 0.03147823 
410 469 52 63 0.030967612 
92 430 57 82 0.030878766 
405 257 31 39 0.030621132 
615 246 14 16 0.030268287 
925 351 25 31 0.029366937 
913 103 10 11 0.029220141 
461 206 24 31 0.028951539 
266 219 20 24 0.028950663 
526 311 34 42 0.028916942 
1013 182 11 15 0.02881046 
907 125 21 29 0.028520877 
950 102 10 12 0.028239977 
793 375 29 40 0.027963847 
956 341 25 28 0.02781533 
298 297 36 42 0.027742429 
935 109 13 16 0.027686901 
225 171 15 20 0.027620262 
357 204 25 32 0.02760672 
918 116 12 15 0.02740211 
56 189 18 26 0.027232686 
280 236 20 26 0.02718724 
983 205 21 28 0.027176064 
115 153 22 29 0.027050762 
565 404 28 40 0.027005842 
901 168 12 17 0.027000908 
921 180 26 29 0.026971633 
912 27 25 34 0.026754526 
392 351 41 59 0.026753007 
148 318 28 39 0.026584273 
19 123 15 19 0.026503561 
563 244 26 35 0.026411831 
829 470 55 71 0.02617123 
483 336 24 31 0.026066246 
44 274 14 19 0.025930366 
699 411 33 40 0.025881847 
773 371 35 41 0.025839131 
266 231 21 25 0.025597498 
463 500 63 67 0.025320519 
1004 191 22 29 0.02507333 
894 319 12 14 0.024963468 
146 180 26 32 0.024919996 
754 521 32 37 0.024679583 
930 229 18 22 0.024615435 
285 202 16 20 0.024481893 
893 479 33 44 0.024454055 
302 175 17 22 0.024330135 
987 217 15 20 0.024215957 
7 233 15 20 0.024145085 
263 270 31 37 0.024103664 
951 155 16 20 0.02408543 
500 220 25 32 0.023958635 
886 344 41 46 0.02382752 
251 155 16 19 0.02379943 
913 108 10 12 0.02362998 
487 317 24 34 0.023484552 
886 456 36 55 0.023384776 
856 428 47 58 0.023301885 
935 222 19 25 0.02319326 
894 142 25 33 0.023045633 
936 120 14 17 0.022857249 
340 224 29 38 0.022637963 
605 312 41 52 0.022572236 
39 206 26 36 0.02249717 
992 77 13 17 0.022360155 
1000 138 14 19 0.022343954 
551 334 42 55 0.022240255 
338 412 21 24 0.022190744 
753 392 42 58 0.022185862 
909 75 13 18 0.022102589 
17 137 17 22 0.02206362 
23 186 41 50 0.022035696 
904 134 12 15 0.022029 
951 350 18 21 0.021947665 
910 180 16 22 0.02165549 
865 381 30 39 0.021553712 
37 268 26 35 0.021550808 
582 405 45 58 0.021160845 
925 95 23 26 0.021049354 
232 187 20 29 0.02090637 
660 309 47 58 0.02056602 
735 361 79 92 0.020450665 
873 390 31 43 0.020441009 
14 120 24 33 0.020409867 
629 20 14 18 0.020353284 
985 98 12 15 0.020323725 
973 130 13 17 0.020254377 
269 325 52 60 0.02025406 
913 34 16 21 0.020246543 
1010 204 14 18 0.02023751 
325 202 16 20 0.020205123 
