2_Demonstration_Demonstrators_2_314
180
68 325 32 46 0.9869718 
415 254 27 34 0.98425716 
204 267 28 36 0.9168083 
3 320 22 28 0.9038564 
607 360 37 67 0.89877915 
257 269 26 30 0.8255855 
483 301 26 39 0.79731613 
507 255 28 32 0.7512698 
20 390 40 55 0.61353916 
113 263 25 28 0.38982618 
526 313 30 37 0.29834756 
334 294 16 20 0.29198638 
382 279 22 32 0.2889368 
236 395 33 45 0.2784777 
695 374 58 102 0.26388314 
896 386 50 53 0.26018187 
221 578 30 32 0.24182637 
81 496 42 53 0.23547754 
213 699 77 71 0.20917611 
573 310 29 34 0.20667244 
141 262 16 23 0.19976446 
402 249 31 37 0.19460058 
63 228 29 35 0.19208083 
547 262 14 19 0.18845744 
659 253 51 60 0.18567646 
128 262 23 27 0.17006531 
225 311 28 36 0.15715653 
281 294 32 41 0.15379852 
1 275 11 18 0.1521624 
245 263 26 34 0.15204865 
57 295 29 34 0.13759589 
362 416 50 57 0.13245922 
468 306 32 37 0.12278677 
531 253 15 21 0.11636853 
653 290 17 22 0.11533877 
522 256 17 21 0.10384928 
596 255 18 21 0.10221488 
540 255 19 24 0.10169699 
321 367 37 43 0.09795942 
565 276 22 27 0.093630165 
376 401 50 57 0.08847132 
743 353 24 41 0.085549496 
130 301 31 36 0.084586166 
91 303 28 34 0.08265481 
642 262 47 57 0.08156857 
65 309 31 42 0.070027575 
503 266 28 35 0.06716488 
45 391 41 54 0.065367594 
665 267 30 35 0.06536355 
389 268 24 33 0.06419229 
271 272 17 23 0.06418088 
178 243 17 20 0.06209328 
183 322 58 61 0.060854223 
80 310 30 41 0.059681427 
247 390 41 54 0.0582791 
604 644 89 90 0.05803484 
651 280 27 36 0.05796082 
412 92 29 29 0.056724735 
759 296 51 60 0.054853313 
216 273 19 24 0.054151915 
468 449 43 57 0.05279746 
45 298 44 52 0.052713066 
519 307 25 37 0.052596234 
494 298 26 38 0.052412774 
636 278 30 34 0.05237443 
583 272 45 53 0.051959187 
51 489 54 62 0.0518326 
611 261 15 21 0.051762115 
7 472 45 71 0.05032102 
118 306 31 34 0.047967687 
50 328 29 35 0.047061924 
671 384 47 77 0.046507567 
582 267 11 16 0.045910094 
272 278 27 33 0.04493265 
0 395 49 70 0.044357654 
500 304 34 45 0.042730354 
60 282 29 34 0.04254546 
269 301 26 37 0.042407446 
432 264 16 21 0.04197706 
628 228 86 97 0.04105205 
877 441 53 65 0.04056833 
447 311 40 48 0.03973103 
235 263 24 35 0.039700184 
172 339 54 61 0.0393966 
575 290 43 51 0.03824739 
637 44 12 14 0.037967525 
159 269 31 31 0.037257195 
502 282 25 38 0.036911696 
603 263 17 20 0.036200516 
589 266 14 17 0.03605238 
19 478 26 45 0.035871904 
151 723 62 50 0.03476479 
763 302 17 22 0.033923253 
3 257 16 21 0.033309802 
531 398 43 48 0.033112954 
863 401 46 55 0.032843165 
197 272 19 26 0.03131527 
292 445 59 62 0.031117082 
641 290 32 37 0.03090998 
449 473 52 64 0.030810544 
534 321 33 36 0.030736504 
406 394 31 43 0.030470552 
709 328 49 64 0.03013683 
249 252 27 32 0.029796759 
203 357 51 63 0.029355012 
130 245 16 17 0.028979959 
881 404 58 64 0.028824575 
732 296 16 18 0.028726561 
147 294 29 37 0.028670028 
394 281 13 20 0.02860547 
258 418 31 42 0.028604984 
657 262 10 13 0.028047841 
53 295 18 22 0.027970692 
102 257 26 33 0.027965361 
314 345 35 46 0.02777737 
84 348 32 44 0.027635172 
119 251 27 31 0.026643056 
172 260 28 35 0.02649368 
595 263 28 32 0.026222693 
154 283 25 33 0.02612458 
533 234 12 15 0.026043952 
435 332 42 51 0.025966685 
591 257 14 20 0.025512636 
280 274 16 20 0.025486303 
189 323 35 37 0.025332477 
985 690 39 83 0.025121348 
573 270 14 16 0.025104629 
554 286 26 34 0.025088977 
579 273 14 19 0.025069851 
170 249 25 31 0.024992295 
660 265 15 20 0.02467126 
553 528 40 34 0.024601437 
265 258 19 24 0.024265083 
486 350 39 51 0.024016485 
281 459 33 44 0.024010897 
270 306 16 23 0.02382103 
0 272 18 28 0.02368296 
43 211 42 45 0.02356989 
730 362 51 67 0.02356884 
609 343 30 41 0.023526546 
32 329 24 30 0.023287643 
542 298 29 37 0.023269882 
506 486 33 33 0.023166575 
234 297 41 50 0.023024477 
667 265 17 24 0.022858964 
659 274 15 21 0.022814061 
227 306 19 25 0.022678789 
1 254 11 16 0.022664746 
533 491 59 52 0.022622598 
404 358 19 20 0.022477532 
11 326 23 31 0.022376176 
388 331 28 34 0.022363786 
234 414 34 44 0.02233204 
793 72 29 30 0.022301827 
236 450 39 42 0.022291372 
223 318 18 23 0.022056943 
182 256 25 29 0.021908091 
32 191 30 40 0.021797901 
398 262 17 23 0.021792835 
169 239 20 28 0.021644728 
729 292 25 33 0.021587318 
763 297 29 36 0.021536205 
743 317 51 65 0.021341791 
160 301 55 59 0.021337958 
585 254 9 13 0.021206763 
252 438 28 39 0.021181624 
-1 334 12 24 0.021051802 
654 277 12 16 0.021022348 
185 248 17 19 0.020846821 
1 262 23 29 0.02080996 
210 284 40 49 0.020683238 
43 437 11 16 0.020639885 
196 329 18 20 0.020385306 
565 46 12 14 0.020349212 
340 404 55 60 0.020345429 
552 306 40 44 0.020299735 
266 407 35 46 0.020257132 
26 401 55 74 0.02013668 
186 264 26 33 0.020119363 
518 410 47 50 0.020094996 
