2_Demonstration_Political_Rally_2_365
144
720 103 252 367 0.999271 
462 296 72 100 0.99390596 
385 398 17 22 0.9454195 
213 340 74 90 0.9376958 
403 394 13 17 0.7303235 
374 380 10 13 0.67996854 
325 415 13 15 0.59926736 
303 369 13 17 0.5813988 
309 437 15 18 0.5426416 
350 405 11 14 0.40356353 
363 395 10 14 0.3864747 
425 367 10 13 0.3703986 
-5 374 126 258 0.35410762 
350 341 10 13 0.30297798 
360 391 11 13 0.24682707 
333 348 9 12 0.23600973 
379 359 8 11 0.21075207 
344 398 11 12 0.1892115 
300 173 28 35 0.17425643 
394 360 7 9 0.15749502 
49 294 37 56 0.14899829 
333 374 9 11 0.13698314 
373 427 11 14 0.1285766 
396 393 17 23 0.12641518 
352 367 9 11 0.12090354 
358 383 10 12 0.118935615 
291 397 10 13 0.11103649 
344 421 9 12 0.10429926 
378 363 10 12 0.10291736 
350 336 9 12 0.09923803 
304 165 45 51 0.098404005 
415 373 10 12 0.08537272 
404 130 25 39 0.08286547 
370 344 8 10 0.07151986 
355 411 11 15 0.07120895 
-12 405 266 280 0.068693794 
399 359 7 10 0.065451615 
389 391 13 15 0.06431506 
354 381 10 12 0.062457144 
343 393 11 12 0.0610691 
342 359 8 11 0.059221435 
431 357 9 12 0.05849938 
318 432 22 28 0.05669273 
408 334 8 9 0.05479783 
416 360 8 9 0.05284417 
369 349 8 10 0.052405074 
368 429 12 15 0.052061327 
336 358 9 11 0.051769905 
117 336 13 17 0.05091988 
429 376 13 18 0.05075887 
352 428 10 12 0.049244948 
353 327 8 10 0.047913928 
330 342 9 13 0.047766812 
408 328 8 9 0.046841912 
385 332 7 10 0.045648824 
240 324 49 73 0.04424099 
320 236 11 13 0.04413691 
281 592 54 60 0.043836713 
399 326 6 9 0.04368649 
309 381 11 13 0.04366069 
315 431 13 16 0.043091387 
381 374 9 12 0.04306803 
351 391 9 12 0.039931007 
344 413 11 14 0.03986801 
445 222 9 12 0.038446866 
327 391 9 11 0.038392156 
357 366 9 11 0.038224865 
391 333 8 10 0.038132984 
375 328 8 10 0.038128175 
393 328 8 10 0.03795867 
344 365 9 11 0.036643095 
432 353 10 11 0.036390644 
369 328 8 10 0.035671774 
356 402 12 16 0.0350402 
417 367 8 11 0.03486888 
391 384 10 13 0.034654282 
334 379 9 12 0.03460617 
359 328 8 11 0.0341816 
310 387 11 14 0.03414769 
405 351 8 10 0.034026265 
300 427 12 17 0.03398665 
353 321 7 9 0.03382469 
378 381 11 13 0.033733726 
374 350 8 10 0.03342751 
335 366 9 11 0.03341527 
356 155 21 30 0.033113576 
383 351 7 9 0.032672018 
344 349 9 12 0.032362945 
301 422 10 12 0.032326426 
300 188 17 22 0.031854402 
348 420 11 14 0.03152037 
408 365 8 10 0.030754011 
367 368 9 10 0.030718477 
356 436 13 17 0.029969763 
415 379 11 14 0.029493846 
445 212 9 12 0.028728226 
303 361 9 11 0.028308604 
364 401 11 14 0.02824091 
392 352 8 10 0.028118271 
350 360 11 13 0.027621312 
311 420 11 13 0.02752646 
352 441 15 20 0.027416933 
167 338 49 66 0.02720657 
609 175 27 33 0.026910957 
370 375 10 12 0.026848411 
401 343 7 10 0.026761075 
414 390 11 14 0.026648667 
369 357 8 10 0.026565047 
357 429 10 14 0.026131276 
382 389 12 15 0.025821567 
401 352 8 10 0.02549149 
55 51 67 62 0.025283523 
370 375 18 23 0.02527659 
323 218 13 15 0.025194068 
358 391 18 22 0.0251375 
450 347 10 15 0.025081856 
331 418 11 14 0.02503516 
327 396 10 12 0.024724156 
399 364 8 9 0.024428852 
415 344 8 9 0.023936147 
422 176 44 57 0.023779089 
319 407 11 14 0.02372978 
433 157 88 115 0.023579547 
311 404 10 13 0.02356821 
345 393 17 22 0.022949042 
422 362 18 23 0.022883816 
406 359 8 11 0.022672921 
335 406 10 14 0.02258385 
57 21 402 481 0.022385323 
304 159 30 35 0.022347244 
317 388 9 11 0.022314174 
356 374 10 12 0.02224156 
334 336 7 10 0.021926206 
385 125 39 54 0.021768566 
422 345 7 9 0.021291828 
418 146 12 17 0.021278443 
423 361 9 11 0.021236932 
302 416 9 11 0.020913169 
317 383 8 12 0.020724205 
412 334 8 10 0.020720242 
436 373 12 14 0.02046193 
303 395 10 14 0.020360544 
462 188 11 16 0.020048581 
537 349 13 17 0.020000398 
