2_Demonstration_Demonstration_Or_Protest_2_586
378
471 144 25 35 0.99916434 
690 145 30 38 0.9978656 
838 201 27 35 0.99776363 
638 168 23 31 0.98986024 
384 186 27 36 0.986777 
141 145 21 30 0.9503755 
761 116 22 27 0.9437484 
133 120 11 14 0.8689394 
524 119 15 19 0.8312159 
173 126 16 20 0.80572575 
29 104 12 16 0.7836913 
997 147 17 24 0.69671017 
399 166 12 15 0.65548086 
12 87 11 13 0.5836891 
409 103 16 20 0.5666517 
95 87 9 10 0.56225526 
71 139 13 17 0.5583086 
387 134 14 20 0.54689926 
431 98 11 15 0.5333969 
108 130 12 15 0.5299127 
793 223 23 34 0.4603026 
787 113 13 17 0.45571056 
598 116 12 17 0.43301982 
129 101 9 13 0.42257348 
438 124 15 18 0.381778 
70 92 9 11 0.3733072 
515 37 14 16 0.3643362 
959 107 14 18 0.34244248 
209 110 17 20 0.3326034 
1 96 8 12 0.33195215 
132 100 10 12 0.30497146 
287 159 15 23 0.30356175 
222 167 10 12 0.28282872 
69 64 9 11 0.26854715 
582 161 12 18 0.21360874 
11 3 11 14 0.17658497 
30 131 13 15 0.16977787 
64 94 9 11 0.16445677 
150 102 9 12 0.1601414 
573 172 14 17 0.15925007 
169 102 9 11 0.15881234 
54 83 9 11 0.15842383 
942 107 13 17 0.15821932 
0 72 9 12 0.15815796 
102 108 9 12 0.15762737 
48 115 11 13 0.15290943 
249 118 12 15 0.15155877 
117 148 15 19 0.1425929 
541 102 10 13 0.13681825 
86 54 10 12 0.135447 
282 121 12 15 0.1350386 
16 68 9 11 0.13278496 
419 107 14 17 0.13220513 
573 133 9 12 0.13066758 
539 95 9 11 0.1294996 
383 103 8 10 0.12773016 
84 103 10 12 0.12747614 
52 112 9 11 0.12722221 
744 370 17 19 0.12546268 
65 66 10 13 0.1223691 
804 218 19 32 0.12108412 
759 105 41 46 0.12062268 
345 94 10 13 0.11225861 
777 111 20 24 0.11072024 
579 167 14 19 0.10920074 
777 232 30 33 0.10796601 
55 95 11 13 0.10708684 
149 95 9 11 0.1059828 
144 94 9 11 0.1051306 
85 108 11 14 0.10506363 
574 120 10 13 0.10370273 
567 170 14 18 0.10185397 
136 68 10 13 0.100733824 
65 109 9 11 0.10050667 
126 106 11 13 0.09935512 
400 97 8 12 0.09654816 
76 134 10 15 0.09362333 
444 118 21 26 0.09302437 
137 53 9 11 0.09027433 
36 127 9 12 0.08706957 
96 109 10 14 0.084811784 
324 143 14 17 0.0823522 
326 152 14 18 0.0819707 
533 106 12 16 0.08134396 
47 64 10 12 0.08016687 
988 153 24 28 0.08000948 
1 109 11 16 0.079215735 
313 122 51 57 0.07880828 
293 109 14 18 0.07876893 
359 88 8 11 0.07831986 
189 125 10 14 0.07707452 
949 106 15 18 0.07614778 
223 142 13 16 0.07493924 
129 96 9 12 0.07424993 
493 36 11 14 0.07225953 
136 44 10 13 0.069943674 
434 178 15 19 0.06915644 
873 155 8 12 0.06894329 
964 102 12 17 0.06785575 
7 93 10 12 0.067620344 
256 153 20 27 0.066446595 
695 93 10 12 0.06309802 
526 109 15 19 0.06300693 
87 93 9 11 0.06277987 
946 121 16 20 0.062389184 
165 173 13 16 0.061606303 
623 136 9 12 0.06127804 
113 78 10 13 0.06034254 
267 189 13 16 0.05924431 
179 200 14 18 0.05899963 
94 81 10 11 0.058456656 
708 148 24 36 0.057343982 
40 69 9 10 0.057255343 
21 64 9 11 0.05625548 
188 77 10 12 0.05582583 
139 62 9 12 0.05529645 
23 124 10 13 0.055090543 
431 73 12 16 0.05467164 
963 118 15 20 0.054184716 
184 102 11 13 0.05407318 
49 85 8 11 0.053647716 
140 38 10 13 0.05348021 
173 140 15 20 0.05262561 
435 93 13 16 0.052363984 
618 315 14 20 0.05232292 
127 63 8 10 0.051464055 
990 115 12 15 0.05139059 
917 116 12 16 0.051345855 
7 78 9 11 0.050967403 
64 88 10 12 0.04994973 
100 87 9 11 0.049157325 
21 69 9 11 0.048807766 
338 319 86 108 0.048485752 
175 53 8 11 0.048099972 
119 86 9 11 0.04774196 
570 125 10 13 0.0470283 
787 120 14 19 0.046456836 
86 48 10 12 0.04642743 
78 88 8 10 0.046285544 
522 36 12 15 0.046279587 
452 90 14 18 0.046085883 
90 86 9 11 0.045580216 
514 126 9 13 0.045205 
239 92 11 13 0.044973306 
22 116 11 15 0.044766452 
112 84 10 11 0.04475418 
110 109 9 11 0.044715405 
318 141 23 27 0.044700883 
3 125 11 13 0.044201452 
736 379 25 30 0.04418928 
211 102 16 19 0.044114534 
88 115 10 12 0.044053096 
199 118 11 14 0.044048037 
40 88 8 10 0.043210268 
245 61 11 13 0.04294397 
103 54 8 11 0.042882588 
944 129 12 16 0.04229709 
71 75 10 12 0.042251803 
470 67 10 16 0.04205598 
297 134 10 13 0.04182564 
412 93 12 15 0.041370194 
137 124 12 14 0.04133266 
993 99 9 13 0.04115543 
101 91 9 11 0.041015927 
62 101 10 12 0.040920902 
184 72 9 12 0.040883716 
38 93 9 10 0.04080768 
586 158 12 16 0.040450122 
407 95 11 14 0.04044081 
1009 147 14 20 0.04036986 
177 78 8 11 0.040365566 
12 79 11 12 0.0399507 
502 36 11 14 0.039835583 
3 99 11 14 0.039464258 
103 72 8 11 0.039182372 
872 74 11 16 0.039154444 
125 38 8 10 0.03829339 
560 173 13 16 0.038091496 
516 140 24 33 0.038039584 
471 58 11 18 0.03800935 
79 71 8 10 0.037822224 
168 96 9 12 0.037811093 
135 76 10 12 0.037217174 
584 107 11 13 0.03717305 
423 101 11 17 0.036911625 
401 96 20 25 0.036561985 
347 99 11 14 0.036324903 
136 87 9 11 0.03579808 
255 144 12 16 0.03577069 
151 124 13 15 0.03573192 
247 47 9 11 0.035640176 
400 106 13 15 0.03552914 
394 165 12 15 0.035336856 
459 91 12 16 0.035278 
55 63 7 10 0.035158288 
214 189 9 11 0.03501948 
721 128 10 13 0.034953278 
548 102 10 13 0.034792002 
189 86 11 12 0.034689344 
120 108 10 12 0.03455262 
998 99 9 12 0.034406863 
872 91 12 17 0.034361027 
433 67 16 20 0.034123916 
270 54 13 15 0.03386339 
527 103 11 14 0.033763316 
5 72 9 11 0.033696808 
441 87 22 26 0.03362844 
121 93 9 11 0.03359226 
186 197 12 15 0.033448827 
287 101 11 14 0.033280246 
157 119 10 14 0.033162702 
159 218 11 15 0.033091623 
427 95 19 23 0.03298486 
189 92 10 13 0.03294896 
789 129 13 17 0.032900512 
15 101 10 13 0.032846242 
464 48 10 13 0.032573152 
535 97 19 24 0.03226384 
487 44 11 15 0.03216789 
93 156 14 18 0.032069743 
598 133 9 13 0.03197843 
189 72 10 11 0.031860694 
291 87 11 12 0.031584766 
205 145 12 15 0.03131302 
648 170 23 32 0.031000072 
680 374 11 14 0.03094257 
269 236 11 14 0.030730693 
159 64 8 9 0.030488605 
445 155 15 19 0.030311579 
442 177 14 19 0.030198714 
86 70 9 11 0.029963158 
828 210 28 33 0.029927775 
478 52 12 17 0.029135538 
334 137 24 31 0.02906053 
49 93 9 12 0.029042592 
394 74 11 15 0.028993769 
31 94 9 12 0.02889989 
998 115 10 14 0.02888361 
244 67 12 14 0.028742945 
63 183 12 14 0.028485894 
342 133 14 17 0.028319875 
126 54 8 11 0.028148595 
130 69 8 11 0.028090717 
207 189 11 12 0.028057631 
177 84 9 11 0.028007457 
655 157 21 29 0.027941769 
334 238 27 29 0.027930615 
593 134 8 11 0.027868463 
956 119 15 19 0.027834523 
782 124 23 29 0.027767591 
579 257 12 16 0.027759371 
346 205 14 16 0.02771995 
265 55 11 13 0.027667249 
579 119 11 13 0.02758541 
544 182 12 15 0.027567115 
78 93 8 10 0.027481368 
319 174 11 15 0.027367627 
238 74 24 29 0.027315306 
918 108 13 18 0.027200406 
80 78 9 11 0.026920643 
248 165 10 14 0.026724534 
82 52 10 13 0.026615594 
694 349 13 18 0.02653779 
180 121 19 25 0.026504407 
236 54 25 29 0.026201168 
565 77 11 14 0.026044805 
597 138 10 14 0.02596617 
83 132 12 15 0.025774853 
364 141 12 17 0.025772681 
694 109 11 15 0.025698463 
73 39 9 12 0.02565281 
515 49 14 16 0.025639191 
366 93 9 10 0.02554327 
560 127 9 12 0.025512042 
627 361 17 19 0.025503848 
434 101 20 26 0.025408952 
144 100 10 12 0.025406962 
432 76 23 28 0.025329394 
31 88 8 11 0.025318233 
62 145 14 17 0.025293292 
265 231 11 13 0.025285829 
252 58 12 14 0.02522768 
813 172 25 30 0.02518854 
385 180 19 22 0.025039334 
191 166 11 13 0.024969311 
109 104 9 11 0.024942823 
814 178 14 18 0.024583364 
150 39 8 10 0.024518674 
469 48 9 13 0.024461098 
517 127 13 19 0.024404842 
96 127 10 13 0.024360986 
412 86 12 15 0.024229923 
258 147 15 20 0.024218515 
1002 154 16 25 0.024173956 
737 346 23 27 0.024032976 
705 152 17 24 0.02399529 
233 56 41 48 0.023984557 
149 132 14 17 0.02373747 
359 138 11 16 0.02368795 
183 85 10 11 0.023629397 
119 32 10 11 0.023521213 
445 109 15 20 0.023511374 
9 85 18 23 0.023474757 
21 38 10 13 0.023403024 
70 56 8 10 0.023267653 
151 45 9 12 0.023265492 
352 88 9 12 0.023232242 
84 126 11 13 0.023183174 
327 136 11 13 0.023015738 
199 64 8 10 0.023009667 
64 58 19 24 0.022968862 
301 106 83 94 0.022879444 
79 63 8 11 0.022855226 
205 101 16 18 0.022853477 
80 47 8 10 0.022816982 
374 139 15 19 0.022772707 
626 141 12 12 0.022636237 
265 154 17 22 0.022629473 
767 229 24 34 0.022583075 
429 170 17 21 0.022538858 
931 99 23 29 0.022519872 
205 96 12 14 0.022489903 
172 108 11 13 0.022481717 
918 104 22 29 0.022476103 
396 174 15 20 0.022360412 
249 147 9 13 0.02232746 
88 268 12 15 0.022316795 
199 110 21 27 0.022155462 
478 231 12 15 0.022150569 
423 84 10 14 0.02206811 
143 88 8 12 0.022065906 
114 131 13 16 0.022053389 
143 108 10 13 0.022042774 
331 140 13 17 0.0219564 
588 108 12 15 0.021905182 
125 16 13 14 0.021870894 
483 51 13 16 0.021844864 
573 250 16 22 0.021734262 
988 121 13 17 0.02173191 
111 72 9 11 0.02171279 
289 93 10 12 0.021663891 
430 81 12 17 0.021636833 
560 108 12 14 0.021621935 
77 39 9 11 0.021613277 
382 95 9 12 0.021570016 
126 45 10 12 0.02153564 
982 115 13 15 0.021421919 
772 121 24 28 0.021369755 
382 363 10 12 0.0212916 
818 213 26 32 0.021275558 
246 51 11 13 0.021200228 
600 354 46 55 0.021134755 
617 358 28 33 0.021113975 
111 152 16 20 0.021068815 
276 155 17 22 0.021010034 
215 145 13 16 0.020993687 
46 122 11 14 0.020822322 
381 165 12 15 0.020808015 
240 166 9 12 0.020800643 
122 103 8 12 0.020761453 
31 76 8 11 0.02065574 
62 129 20 25 0.0206497 
406 110 14 17 0.020603668 
892 178 16 22 0.020570863 
158 69 10 13 0.020550193 
229 172 9 12 0.020520456 
334 133 11 13 0.020498328 
432 161 22 27 0.020488152 
437 83 14 17 0.020462941 
16 124 10 12 0.020454738 
22 87 9 12 0.02034637 
266 163 26 27 0.020331774 
390 402 17 19 0.020249354 
238 98 11 14 0.02023777 
131 108 13 16 0.02021084 
192 118 11 15 0.02014291 
364 115 12 15 0.020094033 
134 152 17 23 0.020040492 
