2_Demonstration_Protesters_2_1033
27
109 38 94 118 0.9995252 
314 200 53 76 0.99894124 
414 312 30 39 0.99734396 
358 267 33 44 0.96310514 
495 344 25 35 0.9609427 
834 423 10 14 0.23626989 
548 416 10 12 0.18379249 
484 329 41 53 0.1181911 
800 467 10 12 0.10248049 
44 342 101 99 0.06931478 
809 430 8 11 0.05201333 
428 402 17 22 0.045632433 
562 428 10 12 0.044564936 
559 423 9 12 0.042997275 
428 482 59 73 0.040220156 
481 367 17 20 0.037017208 
448 384 9 11 0.03551752 
407 388 40 51 0.032598298 
479 342 26 33 0.030932704 
544 410 18 23 0.02683384 
336 210 53 71 0.026156383 
555 412 12 14 0.02466073 
484 359 17 21 0.024306973 
20 218 183 202 0.02405934 
84 286 100 115 0.023764519 
269 409 51 54 0.022564633 
563 510 15 21 0.020985011 
