2_Demonstration_Demonstrators_2_486
32
375 384 92 122 0.9982987 
550 401 67 94 0.9967913 
1001 275 17 22 0.9802541 
146 460 56 55 0.9303066 
934 325 42 66 0.6818975 
26 261 13 16 0.66695666 
197 421 36 40 0.4716782 
280 381 38 55 0.4362561 
867 232 25 32 0.38426197 
989 342 36 64 0.104206085 
180 284 30 39 0.10382882 
208 420 19 21 0.080762975 
17 33 18 23 0.07103886 
958 333 43 66 0.050563432 
976 342 32 47 0.04209313 
203 436 48 58 0.040720344 
696 450 49 53 0.03834778 
193 386 26 30 0.034653097 
178 347 13 15 0.03392966 
88 300 10 13 0.03174806 
257 395 49 66 0.030269476 
291 468 31 46 0.029229874 
35 259 13 17 0.026201038 
922 332 35 55 0.026177576 
830 305 14 20 0.024472483 
24 85 25 28 0.0244625 
18 61 16 21 0.02349331 
46 284 12 17 0.022919012 
29 282 11 14 0.022513567 
195 402 29 37 0.021820514 
199 70 11 14 0.02173112 
327 467 41 53 0.020692907 
