2_Demonstration_Demonstration_Or_Protest_2_395
114
874 338 53 78 0.9943092 
809 493 96 107 0.97085696 
975 298 47 78 0.7175817 
564 222 23 28 0.61059093 
966 250 30 39 0.27799398 
750 342 41 57 0.2020183 
477 127 32 38 0.19605371 
891 241 25 31 0.15260468 
972 244 15 19 0.12541066 
831 320 24 30 0.10774768 
916 285 28 41 0.1057581 
895 235 16 20 0.10265144 
691 465 51 69 0.09019627 
940 248 15 18 0.089930825 
77 17 47 74 0.08836662 
181 69 17 21 0.08750941 
978 260 27 33 0.081509694 
858 221 30 37 0.07933255 
966 270 48 74 0.07909954 
1007 257 11 16 0.07792617 
703 530 34 39 0.07642241 
258 102 12 16 0.07172005 
311 166 88 126 0.07080417 
971 269 27 34 0.06944308 
338 88 13 17 0.06763684 
904 292 29 35 0.06580337 
1007 274 14 20 0.06484041 
1012 269 11 19 0.063881196 
891 256 23 29 0.06376147 
800 264 41 54 0.059941683 
848 347 43 66 0.058050245 
971 254 19 24 0.055137195 
887 235 40 54 0.053707577 
610 206 16 20 0.05084807 
956 254 24 32 0.050021682 
327 558 50 68 0.04876853 
991 267 26 33 0.04592376 
981 -7 46 60 0.045519687 
780 257 46 60 0.0430052 
136 26 53 64 0.042469673 
588 99 75 116 0.041560613 
923 275 24 32 0.04063268 
967 248 17 24 0.040407553 
298 111 17 19 0.039739117 
839 317 28 33 0.039546385 
910 197 15 20 0.036337506 
229 0 13 11 0.03611842 
936 170 18 21 0.035899837 
213 76 13 15 0.035834577 
896 256 41 54 0.03506217 
995 264 16 24 0.033672802 
896 272 17 21 0.032858666 
194 94 29 36 0.03212042 
693 174 40 36 0.03197659 
894 301 53 66 0.0318506 
980 274 32 41 0.03174916 
247 384 45 68 0.031471483 
923 256 13 17 0.030910073 
917 302 31 39 0.03060868 
0 0 39 79 0.030534713 
894 284 24 35 0.029407242 
536 259 24 31 0.02927692 
818 277 18 28 0.028906612 
752 255 50 57 0.028869791 
554 204 17 19 0.02867107 
132 17 100 112 0.028514352 
826 274 25 37 0.02832595 
865 271 40 54 0.028065277 
859 230 18 23 0.027887495 
496 135 19 24 0.027816562 
486 209 17 20 0.02714779 
784 455 174 172 0.026492435 
461 136 48 62 0.026434375 
908 281 15 20 0.026280383 
256 11 12 15 0.026139937 
159 40 52 61 0.025712075 
481 148 19 22 0.025675291 
105 9 48 70 0.025573729 
219 77 11 14 0.0254978 
828 266 16 23 0.024553014 
933 253 47 60 0.024432385 
167 62 51 61 0.024322053 
466 122 30 41 0.024245914 
234 1 12 14 0.0241364 
731 326 74 101 0.024071923 
385 36 11 14 0.023904422 
678 212 50 57 0.023705726 
842 279 15 22 0.02365467 
951 266 14 21 0.023377722 
202 105 17 23 0.02333159 
825 334 30 41 0.023329822 
666 239 26 30 0.023258109 
1006 251 18 28 0.022933723 
885 271 25 35 0.022803605 
659 379 15 24 0.02250375 
913 188 12 15 0.022440013 
915 255 16 19 0.022315932 
436 231 38 43 0.02197972 
985 277 18 24 0.021851432 
485 233 29 36 0.021613479 
998 280 26 35 0.021574283 
962 321 49 71 0.021381725 
709 484 24 31 0.021363651 
272 113 26 32 0.021336086 
223 92 24 29 0.021258302 
139 96 25 28 0.021092784 
535 212 43 54 0.021001814 
901 271 25 34 0.020909758 
554 95 49 69 0.02089235 
681 492 52 74 0.02065844 
574 232 19 23 0.020394403 
270 90 11 14 0.020350523 
433 112 98 134 0.020225832 
963 380 40 60 0.020077996 
