2_Demonstration_Political_Rally_2_137
142
13 371 81 123 0.9992119 
396 278 27 34 0.99773693 
906 276 29 36 0.9970619 
231 297 72 96 0.9967585 
758 272 32 41 0.9936208 
304 294 61 94 0.9922868 
651 271 38 52 0.97936136 
417 310 59 81 0.9753817 
931 266 25 32 0.9679446 
715 281 16 19 0.91398764 
789 279 26 35 0.8609648 
-1 308 21 38 0.82097554 
843 274 23 27 0.62179273 
564 320 35 53 0.5836038 
202 283 31 43 0.5028776 
741 333 29 36 0.29016954 
120 351 24 31 0.25641438 
607 320 36 54 0.24539044 
1008 280 13 19 0.23229393 
701 301 15 20 0.22611168 
61 308 25 32 0.22396377 
857 297 16 19 0.18828784 
181 282 38 46 0.18448557 
463 280 22 29 0.17121424 
492 167 11 13 0.15343893 
445 289 25 27 0.13458826 
637 161 13 17 0.12703915 
493 326 36 53 0.124861196 
369 330 51 68 0.11652415 
967 300 13 18 0.10610648 
470 279 26 35 0.09988719 
382 278 11 15 0.09284491 
813 346 14 19 0.09262921 
787 341 22 27 0.085245855 
474 335 28 49 0.083131 
1012 259 10 16 0.07919395 
308 474 52 67 0.07656151 
465 275 16 21 0.07300732 
573 557 16 20 0.0672105 
104 348 30 34 0.065598466 
91 343 27 33 0.059562333 
849 287 19 21 0.05912072 
877 360 16 17 0.054894723 
504 152 8 11 0.054414827 
901 268 26 33 0.054238923 
552 324 29 47 0.05391027 
679 586 19 26 0.053447053 
116 355 17 21 0.052749045 
811 599 14 16 0.049844064 
216 162 11 14 0.049424283 
703 175 10 11 0.04891844 
475 174 9 11 0.04858407 
530 311 26 42 0.04801225 
712 180 9 12 0.0476155 
99 348 14 16 0.046961863 
510 178 13 17 0.046032984 
92 345 15 18 0.044213597 
1011 266 13 22 0.043670326 
134 400 46 61 0.04338038 
93 298 11 13 0.04305656 
111 355 46 60 0.04194855 
793 300 17 23 0.04174898 
123 371 45 65 0.041500304 
449 282 47 57 0.041288093 
899 577 18 19 0.041284427 
371 280 23 28 0.04110128 
623 300 39 56 0.040332053 
395 282 43 52 0.04032244 
189 167 12 14 0.037550174 
669 183 13 17 0.037182797 
458 189 11 12 0.037077542 
889 294 16 21 0.036819756 
537 333 26 46 0.036312588 
186 166 10 13 0.036112092 
581 323 34 51 0.035743196 
754 336 26 31 0.0348504 
913 187 47 62 0.03465974 
21 277 9 13 0.034295216 
431 299 32 34 0.03409943 
805 324 15 18 0.033253547 
1001 309 21 31 0.03251504 
109 352 17 22 0.032436747 
389 321 75 92 0.031914335 
490 171 10 11 0.03144579 
897 265 16 20 0.03139078 
800 341 21 28 0.030769479 
83 338 27 30 0.030572975 
709 175 11 13 0.030116618 
-1 315 31 50 0.030038618 
480 278 31 39 0.029847415 
897 583 25 27 0.029617101 
477 110 10 12 0.02933475 
869 322 23 28 0.029230895 
214 286 33 43 0.02898294 
839 279 16 22 0.028725466 
856 282 18 21 0.027829053 
703 181 10 10 0.02712455 
162 283 37 50 0.02710449 
738 273 14 19 0.026615988 
464 302 45 65 0.02639043 
727 143 9 11 0.025880335 
72 337 47 54 0.025503054 
353 483 54 71 0.025484608 
580 308 29 41 0.02531027 
454 175 12 15 0.025238814 
440 115 10 12 0.02500904 
195 170 12 14 0.024795948 
445 287 15 17 0.024756208 
454 158 10 12 0.024366356 
1014 350 10 15 0.02425291 
507 318 42 55 0.024002379 
343 316 49 66 0.02395742 
375 278 14 17 0.023878891 
570 341 33 48 0.023776868 
599 174 8 11 0.023677684 
333 487 48 69 0.023661772 
1012 156 10 17 0.023377927 
113 482 29 45 0.022825556 
69 469 215 195 0.022766156 
845 603 17 18 0.022728091 
1010 322 12 18 0.022637576 
458 180 12 15 0.022582913 
801 328 23 28 0.022494255 
429 283 13 16 0.022391194 
371 300 44 63 0.022150792 
964 293 13 19 0.022122066 
585 170 10 13 0.021917026 
386 273 25 35 0.021912629 
870 285 12 17 0.021841826 
478 230 48 57 0.021565508 
846 595 16 17 0.021398563 
960 444 8 12 0.021165578 
615 302 30 43 0.02088525 
901 238 11 16 0.020791983 
521 224 9 11 0.020782035 
208 243 13 16 0.020684887 
152 418 50 59 0.020662753 
199 147 9 11 0.02039186 
958 292 12 16 0.020144388 
1009 406 10 13 0.020123081 
457 293 20 24 0.020111548 
190 159 9 11 0.020001406 
