2_Demonstration_Demonstrators_2_28
475
171 379 27 36 0.9989405 
657 606 55 64 0.9986926 
456 396 23 32 0.99864024 
40 389 32 43 0.99705887 
603 385 22 27 0.9967818 
516 445 27 35 0.9955273 
755 430 22 31 0.9947648 
594 503 36 47 0.993666 
385 429 27 34 0.9929 
251 395 23 30 0.9909875 
328 443 26 35 0.9883874 
891 437 26 42 0.9868721 
179 515 39 49 0.98549116 
333 514 32 40 0.9834584 
86 477 36 46 0.9804364 
546 361 15 21 0.9747244 
263 452 22 28 0.9741115 
491 388 19 27 0.9688793 
647 368 14 21 0.96505284 
368 381 17 24 0.9601096 
586 363 17 21 0.9557944 
297 425 23 31 0.95456386 
35 361 27 35 0.9404784 
673 378 15 23 0.93940324 
66 356 16 20 0.93700045 
421 353 15 19 0.92013484 
980 479 25 35 0.9167299 
843 514 41 51 0.9138909 
621 365 12 15 0.8949453 
38 548 42 55 0.85224116 
454 346 12 15 0.8519682 
870 398 22 30 0.8493502 
264 363 19 23 0.84887636 
442 370 19 27 0.8448368 
481 364 15 19 0.8027528 
715 402 14 18 0.80150765 
285 369 17 22 0.77958107 
764 350 14 21 0.7761868 
757 352 15 21 0.77122015 
684 449 22 27 0.75801116 
192 353 13 17 0.75445175 
463 370 14 18 0.71865016 
1004 444 20 30 0.6645767 
240 340 12 16 0.59870106 
219 371 13 18 0.53712666 
619 319 11 13 0.5207272 
215 335 11 14 0.49248675 
526 343 9 13 0.46079034 
569 341 11 15 0.38775513 
339 371 16 22 0.38453054 
809 331 8 10 0.38350937 
996 342 9 12 0.37942776 
64 340 12 14 0.36954257 
670 351 9 11 0.3425068 
141 422 17 25 0.3335892 
805 391 14 20 0.32963088 
498 367 14 19 0.30936873 
548 512 23 26 0.30671483 
156 369 17 23 0.30484846 
183 599 50 72 0.28014597 
662 332 9 11 0.2767435 
0 364 11 19 0.2758117 
649 342 9 12 0.27228746 
172 342 9 13 0.26537597 
639 347 10 13 0.25247493 
137 370 15 20 0.24618441 
163 363 14 18 0.23621759 
680 412 16 19 0.23471054 
998 446 16 23 0.23329833 
563 370 14 19 0.23028998 
491 556 37 57 0.22549771 
277 346 11 15 0.22085567 
1003 357 11 15 0.21870093 
794 332 9 11 0.2143248 
966 366 12 16 0.21295868 
999 348 10 14 0.21055761 
817 364 10 12 0.20026523 
804 359 10 14 0.19642001 
833 366 9 13 0.19584936 
407 378 11 16 0.19484192 
701 357 12 15 0.18176495 
564 323 10 13 0.17841521 
89 333 9 11 0.16899452 
46 330 11 14 0.16616195 
723 391 19 26 0.1638226 
711 370 11 16 0.16057752 
694 360 14 17 0.1577139 
709 355 13 16 0.1526022 
473 320 9 10 0.15148991 
346 295 17 20 0.14979373 
897 358 10 13 0.14828587 
706 581 28 49 0.14633565 
568 335 9 13 0.14353184 
510 353 11 15 0.14325067 
904 423 22 33 0.14011687 
853 333 10 11 0.137192 
830 332 8 11 0.13561279 
502 350 11 14 0.1318158 
638 356 11 14 0.1307295 
838 391 13 18 0.12441731 
861 454 28 36 0.12391844 
756 404 16 21 0.1223347 
308 229 19 22 0.12003943 
445 366 13 18 0.11950486 
520 348 10 14 0.11948729 
561 321 10 12 0.1182558 
848 334 9 11 0.11542962 
732 372 14 16 0.114065714 
478 369 21 26 0.11349086 
438 489 29 37 0.11255187 
952 365 10 12 0.11194057 
704 334 9 11 0.109719165 
913 422 16 23 0.10764127 
477 350 11 13 0.10655567 
324 312 8 11 0.10309284 
589 323 9 12 0.10225785 
389 367 11 14 0.10097377 
862 325 9 12 0.10043217 
783 370 12 17 0.099209286 
140 384 17 23 0.09625081 
173 334 10 14 0.096176244 
925 331 15 18 0.095013306 
749 296 9 12 0.0946122 
553 364 17 25 0.09460562 
585 319 9 12 0.09418899 
533 369 12 16 0.094169244 
642 324 9 11 0.09384826 
160 373 26 32 0.09215644 
886 367 8 11 0.09097209 
149 372 19 27 0.0901567 
710 397 14 19 0.08894176 
729 386 17 21 0.08647679 
101 362 14 18 0.08509232 
256 387 20 27 0.08505822 
626 369 12 16 0.0843407 
958 365 12 15 0.08297788 
986 399 18 20 0.080710314 
-1 375 13 26 0.08022001 
436 470 26 34 0.079541825 
837 371 11 15 0.07725969 
845 341 10 12 0.0768917 
225 371 17 20 0.07680433 
604 349 12 14 0.0764954 
195 386 14 21 0.07431612 
798 329 7 9 0.073926196 
281 395 14 17 0.073322356 
326 316 9 13 0.07287226 
811 328 9 11 0.072796494 
840 328 8 11 0.072612554 
143 355 13 16 0.0714401 
879 400 16 22 0.07142713 
872 444 25 37 0.068797275 
595 358 12 16 0.06804272 
1006 378 11 15 0.06762917 
518 377 19 24 0.06699571 
613 347 12 14 0.06688596 
280 408 14 19 0.06609959 
367 335 10 13 0.06475097 
718 339 9 12 0.06446034 
826 329 9 11 0.064159304 
437 299 10 12 0.06405528 
432 378 13 19 0.06358325 
638 363 11 17 0.063544944 
821 359 9 12 0.06307211 
815 370 13 16 0.06204404 
683 379 11 17 0.062030785 
710 337 9 11 0.061974578 
97 358 24 29 0.06164568 
527 371 13 18 0.060741074 
572 337 10 13 0.06065097 
677 418 21 27 0.06008642 
19 342 11 12 0.059391636 
752 415 25 34 0.058028452 
231 363 13 18 0.057876967 
63 346 15 19 0.057331275 
125 363 13 20 0.056624066 
849 442 32 41 0.056480404 
901 352 10 15 0.056016322 
284 346 14 17 0.05536606 
258 371 23 30 0.055360384 
935 407 26 35 0.054970033 
864 321 7 10 0.054704595 
425 311 8 10 0.05386279 
725 324 9 12 0.05378549 
659 327 9 12 0.05366511 
429 310 10 11 0.05335348 
219 396 19 30 0.05331894 
860 403 18 25 0.052975375 
856 329 9 11 0.052610323 
117 363 13 18 0.05242525 
704 338 11 14 0.05158167 
108 363 14 17 0.05153644 
875 389 16 21 0.051481225 
330 344 10 13 0.051404793 
47 369 18 22 0.051335767 
716 364 11 15 0.051293246 
157 21 53 72 0.050671246 
688 364 13 15 0.050613455 
229 322 10 14 0.050559472 
680 428 23 29 0.050520394 
292 350 10 12 0.04990812 
623 312 9 12 0.04974375 
239 330 20 25 0.04948404 
550 351 11 14 0.0490145 
644 319 10 13 0.048837215 
853 470 32 33 0.048630506 
182 333 11 14 0.04783496 
276 369 14 19 0.047746282 
128 363 21 29 0.047736295 
333 323 11 13 0.047419693 
950 359 10 13 0.046781253 
648 337 9 12 0.04666389 
78 285 9 12 0.04559176 
439 364 13 18 0.045585442 
841 342 9 13 0.045435153 
186 383 21 30 0.045428697 
703 369 13 17 0.04512613 
702 328 8 10 0.044992786 
64 286 9 12 0.04490679 
468 371 18 23 0.04465818 
524 393 16 22 0.044425428 
32 341 9 12 0.044008438 
980 405 23 32 0.043692704 
926 385 15 19 0.043354206 
715 357 11 15 0.043176018 
855 409 15 19 0.04302472 
470 163 12 14 0.0428706 
836 360 10 13 0.042732105 
902 364 12 15 0.042621564 
371 374 15 21 0.042526573 
15 346 12 15 0.04218352 
1012 378 11 16 0.042047728 
96 358 10 12 0.04196871 
683 405 14 18 0.04189769 
516 351 12 17 0.041198663 
477 323 9 11 0.040611543 
540 550 58 68 0.040610313 
846 328 9 11 0.03970404 
923 292 43 51 0.039568 
844 373 11 14 0.03942677 
389 269 17 21 0.03929137 
359 338 10 14 0.039247975 
363 514 23 34 0.039186265 
570 369 13 18 0.038650177 
173 326 11 16 0.037691694 
1001 380 11 13 0.03765944 
704 388 12 16 0.037570417 
227 320 9 12 0.0372355 
118 357 10 15 0.03721389 
665 384 13 18 0.036922004 
937 305 16 17 0.03690354 
762 407 15 21 0.03687328 
573 363 13 18 0.036743693 
697 327 8 10 0.03659449 
971 369 12 15 0.035974093 
920 408 26 32 0.035625122 
277 333 13 16 0.035585325 
992 337 10 13 0.03520438 
707 361 18 24 0.03519285 
236 356 13 16 0.034323543 
904 336 8 11 0.03429049 
572 396 12 19 0.034217738 
674 348 12 15 0.03408458 
433 293 11 15 0.034072027 
427 369 15 21 0.034008745 
615 369 14 17 0.033798493 
632 359 11 14 0.033780027 
968 351 10 13 0.033736337 
409 257 23 28 0.033647135 
530 342 12 15 0.03361309 
582 397 14 19 0.033487804 
560 347 10 14 0.033325125 
311 359 12 14 0.03314647 
194 343 16 17 0.033126503 
446 356 13 18 0.032868113 
146 391 21 31 0.032857407 
743 326 9 12 0.032780986 
627 450 13 18 0.032744944 
622 293 10 11 0.032632858 
814 351 10 12 0.032587297 
743 363 13 16 0.03244057 
158 359 12 16 0.032374736 
966 355 13 17 0.032335978 
972 357 9 13 0.03226421 
641 368 13 19 0.031822696 
750 358 15 19 0.03150363 
441 467 17 23 0.031446714 
697 332 10 12 0.031335134 
111 358 23 29 0.031216038 
945 441 16 21 0.031176478 
54 372 23 31 0.031173786 
489 370 17 22 0.031102313 
665 355 11 15 0.031029718 
726 380 16 19 0.030950278 
143 417 27 38 0.03092701 
616 357 12 16 0.03092178 
383 371 12 17 0.030910498 
320 348 9 13 0.030876819 
52 353 25 30 0.03080459 
497 350 11 14 0.030803794 
797 388 18 22 0.030748984 
811 365 20 26 0.030682381 
702 350 12 16 0.030568013 
599 350 11 15 0.030499244 
188 335 11 13 0.030450838 
581 342 11 15 0.030288938 
1006 357 21 29 0.030207897 
613 331 13 15 0.030187674 
169 336 16 23 0.03013676 
628 377 12 16 0.030120974 
560 330 11 14 0.029947223 
334 333 12 15 0.029926645 
806 381 11 15 0.029843327 
686 372 12 17 0.029807923 
664 340 10 13 0.029671703 
823 301 8 11 0.029581394 
615 315 17 21 0.029534508 
988 409 28 36 0.029413132 
183 338 11 16 0.029390914 
171 356 12 15 0.029338455 
432 269 10 15 0.029245915 
897 350 17 23 0.029136874 
997 349 19 26 0.02897498 
425 357 16 21 0.028887128 
903 369 13 17 0.028688816 
655 333 10 12 0.028546453 
671 344 9 12 0.028416794 
654 295 9 11 0.028391147 
691 378 13 18 0.028355462 
263 397 17 23 0.02824402 
984 350 9 11 0.0282139 
688 347 11 14 0.028188378 
722 317 10 14 0.028154425 
150 363 14 21 0.028103087 
157 393 14 20 0.02808736 
550 343 11 13 0.02802183 
931 297 25 29 0.027800323 
646 346 10 12 0.02763821 
925 391 25 30 0.027527792 
780 375 13 18 0.027477035 
846 413 22 28 0.027466243 
831 392 14 18 0.02744819 
279 380 21 26 0.027412405 
126 417 26 37 0.027312938 
667 345 19 24 0.027302591 
71 285 9 14 0.027272139 
607 343 11 14 0.027261287 
23 215 10 14 0.026979035 
590 351 13 16 0.026969831 
396 382 15 21 0.026665945 
941 426 23 33 0.026628448 
139 356 21 28 0.026456198 
815 342 9 11 0.026438214 
81 332 10 13 0.026382554 
440 25 10 13 0.026315045 
641 334 10 13 0.026226662 
227 293 16 20 0.026217645 
917 300 11 13 0.0261397 
659 370 14 20 0.026128104 
893 509 38 55 0.026085386 
531 376 15 21 0.026077114 
291 355 13 16 0.025779042 
839 468 33 32 0.025669234 
661 364 12 16 0.02564602 
295 405 11 17 0.025404522 
37 360 16 19 0.025391286 
391 359 10 14 0.02525618 
51 333 13 15 0.025248678 
36 348 11 13 0.025226379 
460 520 24 28 0.025131473 
119 350 10 12 0.025119029 
428 342 13 16 0.025059765 
919 357 11 13 0.025056168 
724 334 10 11 0.024943635 
496 356 12 17 0.024930859 
944 364 12 14 0.024750799 
973 351 8 11 0.024729073 
920 336 15 17 0.024705146 
731 455 16 19 0.024658501 
275 352 14 20 0.024605395 
125 357 12 17 0.024599954 
693 349 13 15 0.02444418 
4 359 12 17 0.02442457 
233 339 11 16 0.024396224 
950 445 23 31 0.024324883 
298 61 9 13 0.024211094 
830 371 20 27 0.024207093 
68 335 8 12 0.02416988 
1004 383 14 19 0.024131447 
588 396 12 17 0.024082668 
745 298 10 14 0.0239927 
283 332 14 18 0.023949265 
881 370 10 13 0.023868376 
941 450 22 29 0.023639448 
691 434 15 19 0.023466285 
589 343 10 13 0.023295125 
867 469 28 33 0.023242952 
316 358 11 16 0.023237899 
667 334 10 11 0.023235178 
47 338 11 15 0.023211291 
500 384 20 27 0.023116762 
894 334 10 13 0.02310719 
799 359 19 23 0.023105217 
56 339 11 15 0.02309804 
812 378 12 15 0.023096142 
333 421 12 17 0.023050522 
448 364 19 27 0.023047129 
369 245 9 11 0.022981927 
46 348 10 12 0.022879811 
567 342 19 22 0.022875339 
889 317 9 12 0.022803996 
659 416 17 21 0.022802722 
422 344 14 16 0.022749437 
616 312 11 13 0.022607833 
992 337 17 24 0.022478951 
975 420 26 36 0.022466743 
78 309 10 12 0.022412576 
94 350 38 47 0.02236293 
507 362 13 18 0.02227025 
472 186 11 16 0.022264792 
125 349 10 12 0.022264242 
850 371 14 16 0.022259127 
990 356 12 15 0.022247653 
34 375 31 44 0.022190481 
55 5 50 68 0.022127347 
845 398 22 27 0.022122515 
385 367 20 25 0.0218438 
736 394 24 30 0.021712983 
493 379 15 22 0.021639748 
730 375 22 26 0.021603134 
1006 372 19 27 0.021549355 
396 373 12 17 0.02153488 
444 145 13 17 0.021485137 
328 341 20 26 0.021480696 
42 326 12 15 0.021475205 
625 198 46 51 0.02134344 
615 212 14 16 0.021232583 
970 409 25 36 0.021221992 
483 351 11 13 0.021208102 
709 325 9 12 0.021158645 
523 339 17 22 0.021147992 
917 393 15 18 0.021140246 
617 293 10 12 0.021115614 
433 373 21 27 0.02105383 
607 318 12 14 0.021022828 
944 357 12 14 0.02100561 
984 358 9 12 0.020994317 
709 603 34 47 0.020938663 
1 378 24 34 0.020845387 
806 350 12 14 0.020793099 
805 369 14 17 0.020753747 
878 349 9 12 0.020734452 
948 412 23 32 0.020724956 
750 371 11 15 0.020678544 
853 381 13 15 0.020574415 
246 300 10 13 0.020565663 
927 560 30 34 0.020548977 
501 459 14 18 0.020543288 
667 417 16 22 0.020516336 
833 348 8 11 0.020508572 
668 361 15 19 0.020491723 
565 355 13 18 0.020483373 
348 358 13 16 0.020425636 
608 196 40 47 0.020412112 
8 524 36 48 0.02037601 
290 342 12 15 0.02034996 
927 420 27 40 0.020266825 
816 310 8 11 0.02023794 
772 404 13 19 0.02017073 
329 372 20 29 0.020145386 
502 453 25 30 0.020134602 
67 366 15 20 0.020121768 
527 449 25 34 0.02011133 
502 344 10 13 0.020013103 
233 333 10 14 0.020002281 
