2_Demonstration_Political_Rally_2_609
742
156 145 29 38 0.9992507 
636 392 14 18 0.9919218 
965 450 14 17 0.9760296 
749 371 12 16 0.97011125 
809 544 22 27 0.96778786 
127 251 80 138 0.9628655 
941 375 14 18 0.95792824 
997 350 15 18 0.95597607 
510 340 12 15 0.9290032 
757 449 14 18 0.9188531 
888 457 16 20 0.91716594 
691 412 14 17 0.90188235 
790 437 14 18 0.89573455 
909 431 15 19 0.89465964 
676 403 13 16 0.89036113 
982 489 17 20 0.8790536 
765 564 25 31 0.87588143 
712 405 11 16 0.86714303 
461 365 12 16 0.859448 
589 388 13 17 0.8454061 
852 520 15 19 0.81661093 
758 323 12 15 0.8127797 
848 557 21 26 0.8086261 
995 376 15 20 0.80643046 
731 516 17 21 0.7923334 
967 347 15 18 0.7862881 
939 575 14 19 0.7830167 
555 364 12 16 0.77131623 
772 494 16 19 0.76253486 
851 395 13 16 0.76012355 
608 327 12 14 0.7512083 
993 467 13 17 0.74753326 
783 465 14 18 0.74182725 
722 425 13 17 0.7222222 
755 506 12 16 0.7194287 
644 429 14 16 0.7095236 
448 343 11 14 0.69920176 
739 401 12 16 0.694382 
923 491 16 20 0.66400933 
664 319 13 15 0.6440213 
384 399 12 15 0.63167626 
903 475 14 18 0.62388605 
811 451 14 19 0.6215446 
648 327 10 13 0.61328095 
820 405 13 16 0.6005183 
772 409 12 16 0.5997847 
477 409 12 17 0.5966976 
391 363 11 14 0.5950029 
643 348 11 15 0.58765954 
878 362 13 16 0.55508846 
491 389 13 16 0.527916 
413 439 11 13 0.52675176 
940 464 13 18 0.52043164 
420 390 12 15 0.5035055 
851 485 16 21 0.5007745 
844 425 13 16 0.47027615 
322 372 13 16 0.46304998 
771 526 12 16 0.46098596 
536 341 9 12 0.4604387 
967 410 14 18 0.45013332 
484 408 12 14 0.44908896 
620 429 10 13 0.44585568 
865 475 16 20 0.43040198 
891 551 15 20 0.42092276 
470 342 12 15 0.4086041 
743 475 14 19 0.3924079 
749 539 15 20 0.3923986 
597 320 9 12 0.38870502 
442 406 13 16 0.3814543 
806 280 10 13 0.3719582 
226 402 41 47 0.35794404 
743 615 28 32 0.35481116 
823 355 13 17 0.346561 
533 400 13 16 0.3457031 
455 388 11 14 0.33961305 
719 458 14 17 0.33852825 
414 357 11 13 0.33582494 
707 386 13 16 0.33579606 
491 341 11 14 0.33205238 
965 620 13 17 0.33152822 
908 510 17 20 0.33039552 
812 324 15 18 0.31473854 
700 285 12 16 0.31027913 
696 355 12 15 0.3089004 
670 351 10 13 0.3043609 
597 342 12 14 0.30110413 
819 458 13 17 0.29756424 
800 299 10 12 0.29315698 
718 300 10 13 0.2909933 
884 392 13 16 0.2888897 
806 358 13 16 0.27562678 
438 431 11 13 0.27124938 
941 522 15 18 0.26374742 
357 382 11 14 0.24706459 
408 418 12 14 0.23502888 
555 346 11 14 0.2309308 
557 323 11 14 0.22642572 
389 445 11 13 0.21919101 
912 330 14 18 0.21671273 
796 405 13 15 0.20967585 
860 617 14 18 0.19754867 
605 470 18 22 0.1911742 
769 595 28 35 0.18742988 
830 476 13 16 0.18101336 
612 366 10 14 0.17439522 
581 440 13 17 0.17294674 
717 478 11 15 0.17278676 
573 442 13 16 0.16230616 
891 540 19 23 0.1603271 
591 416 11 15 0.15877855 
946 507 14 18 0.15817305 
428 291 11 13 0.157836 
496 306 10 14 0.1560261 
824 433 12 15 0.15488131 
478 324 10 12 0.15442188 
366 311 8 11 0.15402927 
734 428 11 14 0.15339456 
869 417 13 16 0.1497615 
752 278 12 14 0.14969993 
393 334 10 12 0.14901583 
989 567 14 16 0.14263439 
817 295 9 11 0.14232549 
687 496 13 15 0.14078481 
564 443 16 19 0.13932253 
857 480 18 23 0.13525918 
956 528 16 19 0.13476302 
866 523 15 19 0.13329962 
344 359 11 14 0.13324083 
850 610 14 20 0.13106056 
835 478 12 15 0.12933816 
507 515 38 45 0.12854017 
576 394 12 14 0.12647451 
756 570 25 34 0.122001305 
575 411 10 12 0.12074048 
668 299 11 13 0.117905386 
554 442 18 19 0.11663929 
826 578 18 22 0.11380526 
958 478 11 15 0.1123355 
723 550 19 22 0.11137772 
812 357 12 16 0.1100549 
901 357 11 14 0.10882713 
790 526 15 18 0.10838772 
708 315 11 13 0.10597552 
672 372 11 14 0.10380597 
417 304 9 12 0.10361285 
472 271 11 12 0.1026847 
439 333 11 13 0.10145522 
460 307 12 14 0.10061221 
742 287 10 13 0.10060499 
709 428 10 13 0.09782619 
381 461 8 10 0.097721025 
772 295 11 14 0.09740903 
70 489 208 213 0.096038565 
901 601 13 18 0.09551914 
354 325 9 11 0.094890036 
383 348 11 12 0.0934534 
352 429 11 16 0.09340937 
125 237 53 91 0.092803776 
904 513 13 17 0.0904772 
304 362 11 13 0.08987755 
550 322 12 15 0.0897577 
916 496 18 20 0.08969258 
517 316 10 13 0.089455925 
790 386 12 15 0.08909713 
710 436 12 15 0.08790308 
452 481 14 16 0.08779406 
1013 478 11 17 0.08752134 
476 526 14 18 0.08750144 
422 534 46 59 0.08730776 
727 316 12 16 0.084867045 
438 278 9 10 0.08465128 
599 322 11 14 0.08399096 
994 331 13 15 0.0832561 
620 342 13 15 0.0831201 
454 446 11 15 0.08195661 
726 311 10 12 0.08113754 
429 393 11 14 0.08072532 
704 428 10 14 0.08054464 
629 334 9 11 0.08049698 
467 372 12 16 0.08027257 
603 347 12 14 0.0798655 
622 423 12 16 0.07981102 
790 410 14 16 0.07975153 
587 436 12 17 0.07899263 
930 654 12 15 0.078963764 
621 451 15 19 0.078697816 
471 406 14 17 0.07846973 
549 436 14 18 0.078345194 
456 422 10 13 0.07697029 
909 576 14 19 0.073714375 
1010 181 10 14 0.07318355 
709 398 13 17 0.072940856 
618 469 16 19 0.072808735 
719 262 10 12 0.072744206 
648 432 16 19 0.07238003 
333 356 10 13 0.071525335 
566 364 11 14 0.071126826 
665 295 10 13 0.07100664 
500 365 10 14 0.07094272 
543 319 11 14 0.06901422 
878 118 10 10 0.067577794 
724 499 10 13 0.06718339 
652 307 11 14 0.06661954 
432 435 10 13 0.06642848 
846 390 14 17 0.0663565 
614 300 13 14 0.06469211 
615 345 12 15 0.06459431 
969 624 13 18 0.0638799 
651 330 12 15 0.06338426 
386 439 10 12 0.06302346 
844 431 15 19 0.062314067 
845 443 12 17 0.062225007 
620 298 12 15 0.06187109 
309 441 10 13 0.060928587 
616 396 11 14 0.060882475 
832 237 10 13 0.060491733 
597 412 12 16 0.06036382 
516 299 10 12 0.059998054 
549 423 12 16 0.059616797 
399 347 10 13 0.059198346 
945 514 16 20 0.058838367 
652 406 11 14 0.058554385 
703 313 10 12 0.058360014 
854 371 13 16 0.05835493 
757 302 9 12 0.05826218 
790 531 21 27 0.057723664 
804 294 10 13 0.057632506 
932 636 10 12 0.057555933 
35 235 91 135 0.057435323 
742 544 17 19 0.056857765 
582 356 11 14 0.0566107 
1008 295 11 13 0.05613245 
748 611 18 21 0.05601844 
681 404 14 17 0.055999257 
341 307 10 14 0.05544484 
391 293 9 11 0.055395428 
472 336 11 13 0.055121846 
398 278 9 11 0.054845843 
621 397 11 14 0.05467366 
717 465 14 18 0.054600462 
352 376 9 12 0.05455828 
666 507 14 19 0.054257985 
766 318 10 14 0.054228827 
1000 191 9 10 0.053847972 
128 241 30 37 0.053808697 
572 371 11 14 0.05369156 
614 389 11 13 0.05358167 
785 570 13 18 0.053578548 
517 397 11 14 0.053339563 
375 280 8 10 0.05327305 
860 365 12 15 0.053160034 
422 438 9 12 0.053094022 
672 459 12 16 0.05271039 
919 404 13 17 0.05247795 
789 316 16 19 0.052030604 
753 584 26 33 0.051991306 
958 135 8 10 0.051887114 
646 362 9 13 0.05173984 
812 278 9 12 0.051540866 
739 429 9 12 0.05146692 
603 409 12 16 0.05134062 
535 316 9 12 0.05124527 
997 144 9 12 0.05101307 
978 190 13 16 0.05062228 
397 341 9 13 0.05050436 
436 390 11 13 0.05047791 
862 347 11 14 0.049980167 
544 279 9 11 0.049960133 
475 333 12 14 0.049872864 
699 360 13 16 0.04969875 
481 389 12 14 0.04926308 
470 378 11 14 0.04909756 
773 316 10 13 0.048914183 
352 342 10 12 0.04882969 
948 526 16 20 0.0487944 
851 551 13 17 0.048589602 
360 399 9 12 0.048468724 
374 286 10 12 0.04841958 
430 483 12 16 0.04833637 
993 111 8 11 0.04820228 
391 339 11 14 0.047876664 
993 147 9 12 0.047866285 
417 382 10 11 0.0474024 
957 142 9 11 0.047215708 
718 561 14 21 0.047164414 
676 367 11 13 0.04695838 
702 281 10 13 0.04658307 
512 295 10 12 0.046547372 
883 443 13 17 0.04605394 
490 404 12 15 0.046030633 
434 278 9 11 0.04586012 
746 575 26 33 0.045575134 
359 484 10 13 0.04549233 
390 368 14 17 0.045351963 
1004 205 10 11 0.045060836 
425 230 9 11 0.04501467 
719 560 24 31 0.044842064 
838 386 12 16 0.044686295 
919 118 9 11 0.044668898 
605 358 12 14 0.04441339 
445 481 14 16 0.044219747 
494 294 8 11 0.04406732 
480 428 11 13 0.043943465 
829 215 8 10 0.04394296 
215 152 9 11 0.043764856 
572 365 10 12 0.043665826 
582 393 13 16 0.043390535 
441 339 10 13 0.04324703 
512 316 11 14 0.042982828 
598 472 15 20 0.042600956 
551 303 10 12 0.04247642 
712 330 12 14 0.04237579 
671 454 11 14 0.042344514 
528 253 9 11 0.041970108 
807 426 12 16 0.041677672 
459 491 14 17 0.04163534 
976 310 12 15 0.041471712 
782 311 9 12 0.04117234 
955 541 16 21 0.041164327 
840 213 9 10 0.041121084 
650 442 15 18 0.04108687 
382 317 9 11 0.040997554 
758 604 44 50 0.04091851 
82 242 94 133 0.040433235 
409 478 24 26 0.040413566 
906 660 13 16 0.04029837 
853 478 13 17 0.040060434 
845 297 13 16 0.040058944 
611 458 17 21 0.039845325 
787 498 14 17 0.039807033 
407 295 9 11 0.0397128 
372 366 10 12 0.039702505 
501 359 10 12 0.039530072 
455 278 10 12 0.039468963 
783 315 12 16 0.038984325 
427 373 12 13 0.038866356 
436 397 12 15 0.03871848 
1008 414 11 14 0.038484134 
248 395 40 42 0.038302466 
909 501 15 17 0.03815097 
782 526 20 25 0.03779107 
981 428 11 15 0.037721768 
788 417 14 17 0.037598558 
879 340 11 15 0.037590392 
445 335 11 13 0.037583996 
550 284 10 12 0.03729016 
775 311 10 13 0.03726218 
1013 120 8 12 0.037237607 
471 319 10 13 0.03723184 
994 481 12 19 0.037220303 
494 260 9 11 0.037208617 
375 292 10 12 0.03706677 
975 139 9 12 0.03703421 
812 428 12 15 0.036942642 
822 584 22 29 0.03694186 
648 411 12 15 0.036872793 
815 131 12 13 0.0368395 
878 438 13 16 0.036811423 
352 404 10 12 0.036732476 
853 443 13 18 0.036677323 
502 370 11 15 0.036586672 
730 321 13 16 0.03654361 
311 393 11 13 0.036178015 
359 348 10 12 0.036099464 
1007 475 13 18 0.03609237 
868 547 14 19 0.03608548 
754 365 14 17 0.036032245 
454 284 11 12 0.03592694 
648 304 11 12 0.03585802 
808 447 12 16 0.03582518 
274 398 13 14 0.035720553 
851 625 15 17 0.035666674 
532 448 13 18 0.03557223 
776 467 12 16 0.035484146 
381 312 10 11 0.03543274 
421 302 9 13 0.03529081 
949 650 12 14 0.035270844 
261 369 13 15 0.03525621 
639 492 12 16 0.035185535 
384 263 10 12 0.03468746 
405 349 10 14 0.034600977 
608 301 11 13 0.03453322 
487 293 10 12 0.034531217 
489 261 9 11 0.034362342 
794 430 14 17 0.03419713 
820 444 13 17 0.03411434 
756 376 12 14 0.034098916 
581 412 11 14 0.034083076 
461 428 9 12 0.034023017 
781 205 8 10 0.033994883 
393 288 9 12 0.033898465 
802 315 21 27 0.033896863 
319 388 9 12 0.033889364 
388 348 12 14 0.033878837 
798 347 11 13 0.033878565 
485 372 10 13 0.03381903 
873 363 12 16 0.033801045 
437 482 15 17 0.03360541 
548 424 19 27 0.033525653 
359 454 8 11 0.03349319 
485 318 11 14 0.03337363 
375 372 10 14 0.033299696 
958 396 12 15 0.033285137 
552 359 13 16 0.033203997 
820 308 11 13 0.03305283 
370 286 9 12 0.03279461 
984 570 14 17 0.03272603 
956 329 13 16 0.032617524 
976 348 14 16 0.032524683 
456 303 12 15 0.03243158 
600 356 11 14 0.03239634 
761 618 16 21 0.032357194 
751 260 10 12 0.03233036 
898 532 15 18 0.032324668 
574 358 11 13 0.032301128 
712 470 10 14 0.03225318 
982 477 21 26 0.032231487 
718 266 10 13 0.0322009 
904 572 13 17 0.032095134 
818 300 11 14 0.032027937 
935 181 12 14 0.031882763 
459 442 12 17 0.031862296 
840 208 9 10 0.031727597 
492 434 16 19 0.03168793 
826 457 14 18 0.031686034 
355 334 11 13 0.031678755 
718 325 10 15 0.031593747 
383 294 9 11 0.031470384 
391 328 10 12 0.03139078 
815 272 9 11 0.031359814 
475 275 11 12 0.03131573 
455 439 11 13 0.03128777 
650 450 15 20 0.031077083 
380 286 9 12 0.031046318 
725 330 14 18 0.0309086 
995 357 17 21 0.030771324 
933 394 13 15 0.03062776 
772 579 28 39 0.030377736 
567 341 11 14 0.030350875 
464 404 10 15 0.030337352 
372 358 11 13 0.03022727 
781 412 11 15 0.030115273 
724 261 10 12 0.03006536 
419 307 10 14 0.029836427 
702 421 11 15 0.029805468 
686 379 12 15 0.029734246 
512 276 9 11 0.029688785 
757 414 10 13 0.02965166 
1013 185 9 14 0.029617291 
825 274 10 14 0.029379701 
971 529 16 19 0.029333442 
506 215 7 10 0.02922582 
376 457 10 12 0.029148672 
819 316 12 15 0.029136235 
573 342 10 13 0.029061573 
720 307 10 13 0.029054023 
718 506 13 16 0.029012356 
510 365 13 16 0.029010018 
559 288 8 10 0.028945133 
494 221 9 11 0.02891427 
773 371 12 16 0.028892567 
395 357 11 14 0.028875146 
364 350 10 12 0.028782554 
614 286 9 11 0.028608415 
852 468 11 16 0.028591199 
412 431 12 14 0.028589975 
334 407 9 12 0.02856378 
576 277 9 11 0.02854587 
751 255 9 11 0.028482182 
532 362 13 17 0.028334783 
367 357 10 12 0.028286038 
960 128 8 9 0.028218646 
424 430 9 13 0.028154854 
478 373 12 15 0.028151056 
455 327 10 12 0.028070971 
750 215 8 11 0.028031962 
261 288 10 12 0.027995218 
750 271 12 14 0.02795388 
784 322 12 16 0.027890358 
322 532 30 39 0.027876372 
950 535 17 21 0.02784916 
1005 165 9 12 0.027827624 
450 451 12 14 0.027735787 
367 421 9 12 0.027727975 
862 355 12 16 0.027628299 
957 532 20 26 0.027594948 
692 506 13 16 0.027536986 
720 315 10 15 0.027508983 
897 216 9 11 0.027484823 
431 351 10 12 0.027419677 
829 271 10 13 0.027400754 
358 420 10 14 0.027347542 
802 403 12 16 0.027343458 
820 128 11 12 0.027321806 
570 412 10 13 0.02730521 
845 475 14 18 0.02729117 
448 284 9 12 0.027214957 
359 318 10 13 0.027170196 
694 425 12 17 0.02709529 
354 386 10 13 0.02692362 
763 371 13 16 0.02690749 
884 340 12 15 0.026862837 
795 648 16 21 0.026848268 
385 356 11 14 0.026814101 
453 271 10 11 0.026780022 
424 324 10 13 0.026772777 
327 335 10 11 0.026649538 
838 434 14 18 0.026520858 
448 270 9 11 0.02648057 
893 596 16 21 0.026140561 
741 510 12 16 0.026132237 
351 424 10 13 0.02598976 
516 365 12 15 0.025955731 
382 455 10 11 0.025814654 
446 479 23 24 0.025793087 
921 504 15 20 0.025710668 
789 270 9 11 0.025676038 
325 386 10 13 0.02566162 
391 377 12 15 0.02561445 
93 203 150 220 0.02559825 
376 301 9 11 0.025558965 
680 498 12 16 0.025503553 
449 387 12 14 0.025423635 
407 303 10 12 0.025409779 
416 376 9 12 0.025360536 
941 180 13 16 0.025358604 
488 308 10 13 0.025336545 
579 406 12 14 0.025291285 
960 346 13 18 0.025239049 
805 476 12 15 0.025140878 
485 286 10 13 0.025101688 
812 286 10 13 0.025036775 
822 464 14 18 0.024984714 
35 383 17 22 0.024944708 
360 238 8 10 0.024933713 
591 261 9 11 0.024921905 
736 287 11 13 0.02491955 
393 278 9 11 0.02491704 
470 263 9 11 0.024903059 
1007 187 11 13 0.024895186 
1007 174 10 13 0.02486571 
807 309 9 12 0.024823623 
437 284 10 12 0.024807895 
342 415 9 11 0.024755219 
559 292 10 13 0.024734404 
903 655 12 14 0.024733648 
415 278 9 11 0.024732895 
748 574 44 51 0.024727093 
461 278 9 12 0.024718326 
944 571 16 20 0.024669793 
360 413 9 12 0.024667202 
423 422 8 11 0.024611609 
429 231 9 11 0.024610685 
365 245 9 10 0.024571618 
790 393 14 17 0.024494927 
910 179 11 14 0.024484921 
950 512 21 27 0.024442922 
598 312 9 12 0.024437001 
785 270 9 11 0.024337372 
776 253 9 11 0.024335092 
510 214 8 9 0.024329556 
1000 373 15 19 0.024324814 
675 463 14 18 0.024285134 
956 506 15 19 0.024228225 
909 348 14 16 0.024190674 
370 291 8 12 0.024160616 
714 443 13 15 0.024140233 
627 420 12 16 0.024119027 
582 364 10 13 0.024074096 
847 255 9 11 0.0240727 
733 308 12 15 0.024048436 
699 351 12 15 0.024029052 
795 419 13 16 0.024018854 
980 200 13 17 0.023973027 
545 426 12 17 0.02396797 
976 485 16 20 0.023943149 
948 181 12 15 0.023814173 
502 403 11 14 0.023812583 
734 445 12 14 0.023779316 
884 259 11 15 0.023731621 
741 555 44 52 0.023720067 
941 331 13 17 0.023657383 
996 559 14 17 0.023548694 
923 331 12 17 0.023521496 
887 557 17 22 0.023492126 
676 377 13 17 0.023478787 
342 214 8 10 0.023471335 
685 300 10 13 0.023452152 
345 428 12 16 0.023412988 
568 487 10 14 0.023365797 
388 392 10 13 0.023346921 
907 353 14 17 0.023340274 
423 477 24 27 0.023315888 
753 446 13 17 0.023273382 
903 499 13 16 0.02324085 
711 293 11 14 0.023225272 
534 221 9 10 0.023208946 
959 417 14 18 0.023136562 
778 625 35 42 0.023110073 
502 260 9 12 0.023097957 
725 568 26 33 0.023045432 
765 599 18 22 0.02303996 
959 120 7 8 0.023030277 
517 276 10 12 0.02301136 
846 642 15 17 0.022995839 
798 537 24 31 0.022937719 
647 244 10 12 0.022915674 
825 409 14 17 0.022903036 
356 376 11 14 0.022856887 
334 293 8 10 0.022812637 
829 442 13 17 0.022770304 
29 191 9 10 0.022719737 
713 459 10 15 0.022659691 
863 596 24 28 0.022652842 
896 221 10 13 0.022650555 
865 611 17 22 0.022631729 
751 511 13 16 0.022610046 
720 257 9 11 0.022585494 
527 311 10 13 0.022581968 
627 235 11 15 0.02258001 
653 284 11 12 0.022574583 
790 312 12 13 0.022570197 
684 373 12 15 0.022557838 
527 355 11 13 0.022541834 
532 253 10 12 0.02254141 
462 293 9 12 0.022527987 
784 599 18 23 0.022480061 
383 334 10 11 0.022441052 
814 397 14 18 0.02243823 
358 270 10 12 0.022413652 
771 516 15 19 0.022371054 
772 436 14 17 0.022361783 
766 557 15 19 0.022342715 
674 508 13 16 0.022322312 
610 502 21 30 0.022280643 
1000 285 9 12 0.022241231 
358 254 9 10 0.022218853 
406 414 19 23 0.022217974 
593 380 13 17 0.022201871 
276 417 23 31 0.022163797 
478 286 11 13 0.022145564 
415 296 9 10 0.02211726 
381 279 9 10 0.022066893 
358 276 10 12 0.022028623 
566 333 9 12 0.022008471 
436 356 11 14 0.022001186 
880 221 10 13 0.021998389 
750 291 10 13 0.02193674 
870 356 13 16 0.021882119 
665 350 10 14 0.02187988 
585 381 13 17 0.021863373 
406 255 10 12 0.021860784 
685 529 14 21 0.021860613 
758 359 10 13 0.021858847 
814 308 12 15 0.021844098 
532 354 13 15 0.021759965 
597 277 9 12 0.021752821 
466 346 11 14 0.021750856 
593 277 9 10 0.021716822 
52 195 12 15 0.021648975 
318 279 10 11 0.021631563 
622 412 13 17 0.021620542 
924 346 13 16 0.02157367 
745 367 13 16 0.021483174 
455 254 9 11 0.02142564 
801 361 13 16 0.021420872 
433 412 9 12 0.021409271 
677 519 23 35 0.02139737 
956 487 14 19 0.021385062 
608 308 10 12 0.021381393 
951 394 11 14 0.021374986 
478 358 11 13 0.021374162 
1000 183 10 12 0.021372728 
457 483 15 18 0.021329753 
599 335 11 13 0.021319602 
445 399 13 15 0.02131185 
700 605 13 16 0.021289129 
436 444 12 14 0.02125618 
510 323 12 14 0.02123432 
417 245 8 10 0.021218857 
452 485 23 28 0.021181166 
605 451 16 19 0.021177622 
489 301 10 13 0.021174729 
845 363 12 15 0.02116634 
832 386 12 17 0.021161776 
675 348 11 15 0.021129858 
447 308 12 14 0.021108193 
451 456 15 18 0.02110655 
558 301 10 12 0.02109826 
671 408 13 16 0.021092992 
713 267 10 12 0.021062443 
511 311 10 12 0.021058982 
564 456 13 17 0.021057341 
591 475 12 17 0.02105447 
342 396 10 13 0.021046285 
589 375 12 15 0.021034045 
761 207 8 9 0.021026125 
460 285 10 12 0.02099961 
887 492 12 16 0.020992622 
583 272 9 11 0.020985845 
454 333 10 12 0.020972889 
479 310 10 12 0.020918844 
591 335 10 12 0.020853778 
659 508 24 33 0.020789372 
628 299 10 13 0.020783136 
1006 160 9 12 0.020780297 
647 404 11 15 0.020744959 
545 232 9 10 0.020721097 
768 248 9 10 0.020665517 
351 286 8 9 0.020655015 
751 413 11 15 0.02063444 
672 398 13 17 0.020633316 
863 127 7 9 0.020611297 
453 358 12 14 0.020594582 
493 336 11 14 0.020557724 
853 378 14 18 0.020539934 
407 308 10 13 0.0205258 
868 348 12 15 0.020516122 
526 364 12 16 0.020501124 
827 219 11 13 0.020470763 
446 328 10 12 0.020448094 
838 442 14 18 0.020429289 
434 425 19 23 0.020416042 
700 298 12 14 0.02038823 
685 342 11 13 0.02037878 
877 348 13 17 0.020356597 
422 269 9 12 0.020354552 
816 408 14 18 0.020328727 
407 427 13 15 0.020316398 
390 270 9 11 0.020256024 
723 302 10 13 0.020206423 
737 528 20 24 0.020173838 
729 553 30 35 0.020169966 
376 231 10 11 0.020139702 
792 231 9 9 0.02012214 
845 192 9 11 0.020083675 
326 303 8 10 0.020064352 
735 237 9 11 0.020062985 
901 214 10 12 0.020045202 
740 444 12 15 0.020030437 
886 603 15 19 0.020017838 
549 414 12 15 0.020008627 
