2_Demonstration_Political_Rally_2_286
26
807 663 86 104 0.9987834 
142 362 195 259 0.9963037 
432 727 82 103 0.9946997 
804 224 17 23 0.05788417 
758 71 9 11 0.043196447 
996 182 14 17 0.04311448 
506 114 13 16 0.036103744 
882 179 11 15 0.034273118 
808 173 9 12 0.033494685 
990 178 25 28 0.033250008 
82 317 364 402 0.03257776 
900 189 14 19 0.030089261 
741 161 12 15 0.029230023 
112 525 352 512 0.029180339 
616 118 12 16 0.027868131 
423 432 9 11 0.027706463 
389 430 8 11 0.026571393 
415 423 8 10 0.025925608 
699 781 32 36 0.02573141 
775 165 13 18 0.024585059 
422 437 10 11 0.023978477 
732 82 10 12 0.023941332 
438 445 10 12 0.022987617 
406 414 10 12 0.022157729 
833 82 14 17 0.021602865 
825 171 12 17 0.020657437 
