2_Demonstration_Political_Rally_2_741
104
123 499 28 54 0.9870193 
571 479 45 60 0.9855181 
738 477 15 21 0.9010139 
202 477 27 40 0.7859322 
671 434 12 15 0.33520597 
656 438 10 12 0.27717555 
758 445 11 14 0.2130344 
731 451 11 16 0.18191865 
64 476 26 38 0.18188703 
759 450 13 16 0.16420092 
870 494 51 65 0.16077988 
783 438 12 14 0.15656315 
832 455 8 11 0.14970386 
196 401 36 39 0.12388847 
796 496 16 19 0.10893984 
641 439 10 13 0.102653295 
792 484 23 28 0.09734655 
86 517 35 41 0.09409499 
772 476 11 15 0.08802806 
588 414 24 32 0.083229214 
667 469 13 17 0.08210922 
753 444 11 14 0.07357247 
725 453 14 20 0.07233497 
645 444 9 11 0.07177499 
718 449 15 20 0.0696461 
724 443 14 20 0.06942588 
824 455 10 12 0.06864712 
604 421 15 21 0.06852197 
241 413 25 31 0.06834083 
75 493 34 55 0.06731506 
836 454 8 12 0.05976082 
901 459 9 13 0.05541861 
763 444 11 15 0.05014866 
781 460 16 20 0.048732553 
766 440 9 12 0.047728416 
691 471 16 19 0.045483276 
837 483 12 17 0.044260927 
744 477 16 19 0.043718852 
717 438 15 17 0.04275532 
904 496 42 57 0.040969245 
658 430 10 13 0.03982913 
670 420 11 14 0.03978174 
660 444 10 12 0.039362352 
720 429 11 13 0.03896741 
756 481 14 19 0.03529313 
781 451 15 19 0.03456887 
955 505 41 53 0.033073533 
783 473 25 31 0.032858696 
675 431 12 15 0.03260937 
733 469 15 22 0.032335427 
777 468 21 28 0.031953685 
767 471 11 16 0.031835783 
183 391 34 47 0.031191684 
51 490 37 54 0.030000104 
883 461 26 33 0.029656935 
661 436 11 15 0.029631121 
963 453 12 15 0.029051064 
265 412 40 49 0.02901625 
726 479 16 22 0.02848816 
894 460 14 17 0.028464245 
670 414 10 14 0.028442277 
774 470 12 17 0.028405694 
663 429 11 15 0.02804656 
630 438 10 14 0.027167127 
832 482 12 16 0.026778985 
695 462 12 16 0.026410054 
741 451 13 16 0.026204452 
710 457 14 17 0.025825609 
659 397 12 15 0.025679033 
685 452 10 15 0.02553088 
848 459 82 108 0.02534489 
895 439 9 12 0.024988828 
763 478 15 21 0.024697011 
260 418 15 21 0.024669623 
263 410 26 35 0.024572631 
687 428 10 12 0.024563419 
439 386 30 36 0.024438648 
519 395 29 44 0.024240099 
487 732 47 74 0.023839682 
672 463 20 28 0.023838285 
645 420 12 17 0.023693364 
644 427 10 13 0.023631679 
274 395 23 32 0.02356839 
677 460 12 15 0.02348817 
306 439 26 35 0.023437945 
569 412 45 48 0.023083027 
812 442 13 15 0.022996303 
711 428 9 12 0.022734616 
684 436 11 14 0.02269617 
620 442 12 15 0.022443295 
85 174 399 432 0.022431472 
780 433 18 23 0.022312924 
283 384 24 33 0.02186937 
814 452 10 13 0.021633198 
859 433 14 15 0.021245865 
32 492 42 57 0.021206714 
693 427 11 14 0.021019137 
678 454 10 13 0.02079099 
617 260 24 31 0.020773837 
949 453 9 12 0.02071454 
703 429 9 13 0.02039365 
246 429 26 38 0.020356385 
686 459 11 16 0.020327225 
544 400 33 43 0.020026594 
