2_Demonstration_Demonstration_Or_Protest_2_30
40
597 77 20 26 0.87230825 
771 76 49 66 0.8450703 
436 62 18 21 0.38711423 
168 418 48 50 0.2871411 
148 410 27 38 0.1775763 
435 210 45 64 0.15461513 
153 405 47 55 0.08755008 
153 158 51 65 0.061449032 
514 332 29 30 0.059362993 
422 195 75 106 0.044097714 
237 568 14 20 0.043770082 
378 172 43 50 0.04104714 
645 272 37 36 0.038245287 
380 305 62 70 0.030352602 
441 73 14 18 0.030161262 
182 118 36 36 0.029203953 
123 588 13 14 0.028651645 
223 182 33 39 0.02642626 
184 558 9 13 0.025901899 
229 474 14 19 0.0253973 
452 221 48 69 0.025303368 
162 411 19 25 0.025169434 
82 220 16 17 0.025097862 
228 22 42 58 0.024716072 
655 435 42 61 0.024561163 
184 163 52 60 0.024237443 
443 53 14 20 0.024199506 
195 285 16 20 0.024145596 
198 125 52 60 0.024010036 
608 81 15 19 0.02399978 
259 447 17 20 0.023242872 
202 435 82 103 0.02319777 
118 261 25 32 0.022559585 
205 148 50 60 0.021708608 
433 26 97 121 0.021310024 
438 196 33 45 0.021208324 
194 87 45 52 0.021006854 
436 78 16 18 0.020955209 
451 200 30 52 0.02080738 
431 72 26 30 0.020385629 
