2_Demonstration_Demonstrators_2_309
48
814 286 46 60 0.99725264 
992 383 33 48 0.97473323 
137 263 22 32 0.8273725 
152 235 19 22 0.8247325 
83 231 18 22 0.7974952 
233 298 44 53 0.72195923 
452 170 107 138 0.67618126 
634 549 90 116 0.46673915 
120 266 18 23 0.27946624 
912 355 11 14 0.12946472 
256 300 35 53 0.11660937 
331 186 44 63 0.103484936 
931 362 13 17 0.07917383 
511 494 11 14 0.073015355 
0 266 11 21 0.07189016 
132 248 13 17 0.07019827 
963 378 14 18 0.053382244 
155 241 21 27 0.050056178 
32 224 13 17 0.04756079 
955 383 21 29 0.042407297 
296 266 11 13 0.036884986 
186 258 15 21 0.03659138 
513 488 8 11 0.035951577 
496 449 9 12 0.033373997 
107 266 23 29 0.032869484 
147 258 15 23 0.030590512 
9 226 12 16 0.030165292 
504 473 11 14 0.029792039 
189 256 26 39 0.028799959 
503 304 17 20 0.026756931 
83 222 16 21 0.026439754 
271 272 42 57 0.026231075 
956 368 24 31 0.025954511 
999 341 11 14 0.025356447 
181 240 14 19 0.024579974 
271 300 31 43 0.023899095 
538 498 14 17 0.023841508 
188 262 40 53 0.02367096 
1000 369 23 34 0.023280732 
929 354 23 29 0.023025146 
786 475 30 35 0.022973577 
419 155 184 234 0.022207763 
502 192 62 89 0.021594796 
242 375 49 66 0.021162203 
974 344 9 12 0.02084019 
958 394 21 28 0.020597702 
974 489 39 52 0.020389944 
150 248 21 31 0.020121528 
