2_Demonstration_Demonstrators_2_244
226
721 154 60 83 0.99796677 
425 115 48 58 0.9916181 
203 170 16 18 0.99033266 
252 175 27 31 0.97216135 
843 138 24 31 0.8312363 
613 132 17 21 0.6694717 
359 169 13 17 0.48585767 
450 153 51 54 0.42770305 
712 181 29 46 0.40892074 
337 173 9 12 0.38190702 
938 122 19 22 0.31125918 
204 141 12 15 0.2483165 
536 138 22 27 0.22117178 
112 244 12 17 0.16715904 
590 29 11 14 0.16465224 
201 195 16 19 0.16402493 
183 112 7 10 0.16322094 
167 182 11 15 0.124141954 
264 178 16 20 0.12115173 
123 210 27 32 0.11616142 
391 141 30 35 0.11549186 
300 186 17 20 0.11545677 
333 178 13 20 0.11247975 
654 153 13 16 0.094947755 
280 163 12 16 0.091841646 
60 150 10 13 0.09168228 
327 183 14 21 0.0882027 
29 191 7 9 0.08727288 
101 170 14 17 0.0842619 
615 137 22 27 0.08396173 
117 200 43 51 0.08357299 
545 135 22 29 0.08302408 
143 144 8 11 0.08120164 
783 173 63 77 0.07890648 
948 144 17 20 0.078161374 
660 170 12 15 0.07457877 
945 131 23 29 0.0734609 
944 194 35 41 0.07329236 
1013 121 11 16 0.072381474 
302 164 12 15 0.07228153 
183 186 11 13 0.07144472 
81 213 10 13 0.069759384 
127 218 15 18 0.069299385 
166 205 13 14 0.06916184 
143 121 8 10 0.066382475 
907 157 22 30 0.06570817 
135 125 10 11 0.065640815 
682 138 17 22 0.065559775 
661 153 13 17 0.06340454 
353 170 11 16 0.061353233 
184 172 11 13 0.06107948 
529 144 22 31 0.06043866 
339 167 12 15 0.059383444 
171 187 12 14 0.058338776 
969 90 13 20 0.05812375 
619 151 17 21 0.056508612 
309 174 21 28 0.05581437 
391 189 12 16 0.05535649 
612 196 17 18 0.053991165 
197 197 24 29 0.053589333 
329 181 21 29 0.05303448 
224 162 14 16 0.05252666 
110 239 22 26 0.052256614 
302 171 13 16 0.05218329 
308 172 13 16 0.049553707 
754 164 62 82 0.04875444 
156 172 12 15 0.04806867 
223 188 15 18 0.047181778 
48 184 8 11 0.047123954 
73 151 10 13 0.04644449 
188 172 11 15 0.045653228 
93 171 24 28 0.045317773 
918 169 25 31 0.04530535 
78 172 9 12 0.043870702 
694 106 12 14 0.04362326 
106 162 16 20 0.043416172 
362 189 13 15 0.042721614 
442 120 55 65 0.041768745 
138 215 14 19 0.040965255 
598 170 21 27 0.040920693 
312 142 10 12 0.039967228 
29 198 8 10 0.039883684 
137 141 9 12 0.039822392 
668 148 13 18 0.039289027 
24 214 8 9 0.039058473 
904 29 11 14 0.038466025 
680 133 13 16 0.03819533 
382 172 12 15 0.03813203 
30 206 8 11 0.037727244 
73 171 10 13 0.037090067 
374 170 10 14 0.03707644 
303 157 12 14 0.037045635 
136 164 9 14 0.036460884 
116 224 29 33 0.036326937 
640 157 12 15 0.036299452 
663 55 8 10 0.035923574 
636 166 23 27 0.035590123 
157 180 13 17 0.035588443 
284 131 11 14 0.034610312 
166 117 9 9 0.03420389 
200 127 9 11 0.033852752 
74 155 13 16 0.033777468 
955 116 12 15 0.033607714 
151 218 11 16 0.03327121 
948 117 16 19 0.033261467 
228 245 12 16 0.033065088 
167 143 8 9 0.03303923 
152 164 11 14 0.032767817 
690 140 18 22 0.03276702 
677 144 16 21 0.032218065 
528 146 12 17 0.032027166 
676 108 11 16 0.032008108 
159 205 11 14 0.03193986 
171 196 12 15 0.03193134 
299 170 22 28 0.031650554 
763 387 105 148 0.03164795 
532 155 28 32 0.03162368 
87 173 10 14 0.031353857 
210 140 11 15 0.030838406 
6 175 8 10 0.03082634 
204 186 14 18 0.030825227 
94 177 13 17 0.030259974 
79 187 10 14 0.03007497 
168 103 8 9 0.029905073 
84 167 39 46 0.02987902 
157 159 10 12 0.029736407 
363 176 13 17 0.029473087 
304 151 10 12 0.029307714 
903 167 27 34 0.029186806 
166 87 8 10 0.029155757 
823 131 43 60 0.02908665 
285 211 15 17 0.028753389 
631 171 15 19 0.028632902 
328 173 10 15 0.028500086 
151 171 12 15 0.028461423 
954 121 14 21 0.02828861 
940 146 16 18 0.028192054 
317 184 14 21 0.028032657 
651 160 20 26 0.027934324 
316 174 11 14 0.027675545 
178 113 7 9 0.027615637 
993 153 11 16 0.027604358 
638 163 13 17 0.027377885 
200 135 11 12 0.027363135 
658 45 9 11 0.027128791 
703 117 10 13 0.026888115 
869 163 11 13 0.02684331 
159 135 8 10 0.02665999 
166 175 10 14 0.026611084 
118 218 16 18 0.026555222 
941 32 15 20 0.026544683 
875 142 15 21 0.026457997 
161 112 7 10 0.026440797 
227 170 15 19 0.026352888 
246 142 11 13 0.026188571 
351 109 11 12 0.026097322 
533 135 14 18 0.025966305 
72 163 12 15 0.025948692 
402 112 48 58 0.025891166 
6 70 10 13 0.025733594 
662 40 8 10 0.0255576 
406 167 29 34 0.025478894 
642 152 22 27 0.025362046 
100 177 26 31 0.025314976 
694 170 13 14 0.02521964 
80 179 23 30 0.025059901 
1008 118 12 16 0.024936404 
951 142 25 31 0.024810093 
31 211 8 10 0.024701573 
207 175 16 19 0.024447206 
142 102 9 11 0.023826187 
594 165 16 19 0.02377372 
926 176 42 54 0.023615193 
164 236 11 15 0.023484364 
26 206 8 11 0.023447366 
7 207 9 12 0.023439392 
-8 82 95 123 0.02313731 
145 221 29 35 0.02299865 
167 111 8 11 0.02296686 
162 117 7 10 0.022856174 
161 142 9 10 0.022846455 
169 208 15 19 0.022846103 
913 158 41 50 0.022806238 
49 231 9 11 0.022669759 
247 187 26 32 0.02260045 
939 136 17 21 0.022536011 
192 191 22 26 0.0225357 
151 135 8 10 0.022469414 
293 191 17 19 0.022393033 
115 163 14 17 0.022381566 
9 198 8 11 0.022278229 
59 269 14 17 0.022243049 
222 179 14 18 0.022237027 
963 154 15 20 0.022227008 
209 199 17 22 0.022133054 
81 219 10 13 0.022055414 
531 159 16 21 0.022002416 
103 244 13 17 0.022000425 
95 132 11 13 0.021897407 
934 144 15 21 0.021896426 
102 236 11 15 0.021624833 
996 145 24 30 0.021588666 
527 154 13 18 0.021441408 
150 118 8 10 0.02135258 
112 246 30 30 0.021238104 
175 243 13 14 0.021203581 
961 120 20 30 0.020995852 
213 146 11 13 0.020847596 
153 112 7 9 0.020743022 
30 227 11 13 0.020712333 
350 187 11 15 0.020706972 
13 198 8 11 0.020701481 
246 202 14 19 0.020690436 
931 165 25 33 0.020627448 
135 133 9 12 0.020569906 
142 134 9 11 0.020460859 
175 136 9 11 0.020458791 
801 25 90 125 0.020441847 
388 183 21 26 0.020429924 
159 200 22 25 0.02039348 
282 110 8 11 0.020354489 
237 158 11 14 0.020332497 
584 24 20 25 0.0203028 
162 183 19 23 0.020288741 
150 143 8 10 0.02016698 
142 211 26 31 0.020153275 
