2_Demonstration_Political_Rally_2_135
151
147 543 76 101 0.96326625 
936 637 79 96 0.9469976 
519 452 85 84 0.6241343 
45 672 51 68 0.50296843 
508 347 85 65 0.4796199 
339 683 11 15 0.19540972 
45 712 14 23 0.18982889 
984 10 25 40 0.1616727 
377 662 10 12 0.16016701 
245 344 18 21 0.14104012 
22 1115 59 82 0.13611847 
218 621 30 37 0.120110795 
524 1290 13 15 0.11496248 
0 1034 26 44 0.11386622 
90 680 25 37 0.11314661 
813 364 14 17 0.111415334 
830 786 9 12 0.10995103 
266 326 25 30 0.10703484 
208 638 50 67 0.1055813 
12 641 15 18 0.10225825 
395 670 11 14 0.089624524 
444 698 12 15 0.08906874 
1 714 20 30 0.08623063 
73 679 33 44 0.083000734 
884 786 24 32 0.08253399 
402 695 17 18 0.082478076 
521 1294 11 13 0.07440997 
395 676 12 16 0.07278325 
152 371 37 43 0.072566904 
340 523 15 20 0.06543409 
374 687 16 23 0.06410753 
66 324 28 32 0.0641059 
789 361 15 18 0.063025214 
231 307 26 32 0.062785745 
427 685 12 14 0.060768254 
12 663 15 19 0.057946555 
848 365 11 14 0.05767627 
268 320 20 22 0.05606757 
872 777 30 37 0.055995006 
99 292 18 22 0.055780187 
255 332 26 31 0.05238772 
864 769 24 33 0.049481343 
144 281 30 38 0.047807585 
783 364 13 16 0.04712128 
125 235 11 13 0.046742063 
313 -47 463 501 0.046661843 
419 645 12 15 0.04653697 
415 649 14 17 0.046464358 
810 260 14 20 0.046452537 
426 691 14 17 0.04451593 
411 691 15 19 0.044219363 
306 333 18 23 0.043912742 
98 677 13 17 0.043453317 
292 296 16 19 0.04213514 
884 349 13 17 0.04209413 
874 775 16 22 0.041640323 
896 794 14 18 0.041596446 
856 776 24 35 0.04105223 
86 365 27 28 0.04079305 
904 901 26 33 0.03957598 
228 282 16 19 0.039563287 
412 669 13 16 0.039489284 
340 696 12 17 0.038781233 
32 636 12 17 0.03745953 
417 771 23 29 0.03505719 
80 674 52 64 0.034733783 
326 687 23 34 0.034679588 
439 672 15 17 0.034534637 
469 309 15 17 0.033144783 
444 675 15 17 0.032968998 
906 725 24 34 0.032897174 
172 579 85 110 0.032867335 
392 664 10 13 0.03271243 
45 665 90 103 0.032223888 
339 346 38 50 0.032185707 
237 329 24 29 0.031947345 
324 321 16 21 0.031907454 
211 609 48 65 0.031859096 
17 779 17 19 0.031771023 
797 393 14 18 0.03144013 
438 694 15 17 0.031422433 
147 274 18 21 0.03131303 
319 305 15 18 0.031122543 
172 579 466 474 0.030919751 
452 298 133 113 0.030837994 
391 697 13 16 0.03018935 
772 356 13 16 0.030017437 
545 425 87 101 0.029944154 
299 681 38 58 0.029859083 
452 674 14 18 0.028869368 
7 664 22 31 0.028485278 
350 532 11 14 0.028021893 
422 640 9 12 0.02800891 
607 377 55 78 0.027767096 
38 257 13 14 0.02756958 
421 667 12 16 0.02744353 
25 1048 28 30 0.02727373 
312 705 25 42 0.027192483 
390 680 14 20 0.027166108 
381 538 13 16 0.026483865 
316 688 27 44 0.026385333 
156 888 16 21 0.026376124 
915 867 12 15 0.02631363 
942 681 60 80 0.026153173 
158 357 29 32 0.026063144 
328 346 26 31 0.026013404 
935 612 60 80 0.025959454 
1008 849 13 19 0.02580093 
337 566 38 49 0.025632164 
21 637 14 18 0.025114257 
505 1293 8 12 0.02479667 
7 769 27 35 0.024569055 
182 641 84 97 0.024500124 
543 335 40 36 0.02436888 
110 239 11 13 0.024209637 
227 311 19 23 0.024202732 
45 695 25 42 0.02399997 
1010 737 14 23 0.023887279 
725 346 26 31 0.023847673 
264 522 37 56 0.023610756 
44 672 13 19 0.023496538 
578 410 88 119 0.023164855 
376 678 10 12 0.022758944 
177 341 25 32 0.022752857 
844 772 24 33 0.022732282 
385 1092 387 429 0.02271238 
915 1469 15 16 0.02270691 
52 663 26 34 0.022696275 
314 322 21 27 0.022439089 
32 1139 59 90 0.022357376 
7 640 24 32 0.022173762 
51 76 422 477 0.021692673 
262 341 30 31 0.021422032 
179 275 15 18 0.021413507 
325 379 11 15 0.021151496 
43 1152 38 45 0.02101801 
779 417 16 21 0.02091374 
318 670 9 13 0.020840362 
418 603 10 12 0.020792121 
893 886 44 57 0.02070092 
307 287 432 546 0.020472165 
531 329 76 55 0.020383764 
355 336 41 56 0.020365782 
328 572 11 16 0.020363826 
293 326 25 32 0.020278914 
139 358 31 38 0.020271301 
234 347 26 32 0.020228514 
105 288 25 30 0.020197809 
487 355 109 126 0.020178704 
379 664 12 16 0.020149618 
435 677 24 24 0.02003294 
