2_Demonstration_Political_Rally_2_410
265
633 446 93 113 0.99960274 
468 456 35 40 0.99937963 
4 526 59 74 0.9993411 
727 471 53 65 0.9986883 
250 499 73 85 0.99837315 
558 516 44 64 0.998126 
932 445 31 39 0.99781346 
353 429 39 45 0.99766636 
178 485 56 68 0.99481994 
504 490 39 50 0.99395174 
855 417 40 50 0.9893845 
117 428 17 20 0.96836877 
150 412 16 20 0.86741894 
508 427 19 24 0.8403457 
953 429 23 27 0.7905274 
943 441 27 34 0.63286966 
804 448 24 28 0.6056222 
32 409 27 34 0.57579005 
565 426 14 22 0.5672299 
832 427 17 22 0.5450771 
213 412 15 20 0.544674 
100 403 10 13 0.5107173 
9 411 32 38 0.41220242 
328 419 10 11 0.40874496 
68 413 15 18 0.40429148 
205 415 18 20 0.34188506 
123 398 10 13 0.33992434 
695 97 15 18 0.33902776 
175 409 12 16 0.25136623 
609 437 17 22 0.24162236 
679 450 82 97 0.2413104 
437 406 9 13 0.23643565 
404 422 11 14 0.19187719 
0 389 31 38 0.18606183 
286 425 14 17 0.1857771 
461 420 13 16 0.1586547 
398 420 12 16 0.15796217 
403 466 26 31 0.15552305 
608 425 23 30 0.14589337 
76 413 14 18 0.14353567 
558 385 15 19 0.14132477 
320 430 9 12 0.12848477 
265 435 17 21 0.1266763 
179 407 11 14 0.1247166 
411 445 22 27 0.12314841 
388 412 13 17 0.12094151 
292 428 13 18 0.11946842 
47 380 15 18 0.119410954 
118 458 15 18 0.11902478 
632 100 10 13 0.11409036 
997 427 14 17 0.11327302 
389 405 11 16 0.1112943 
980 418 14 17 0.10809587 
795 451 27 37 0.106456086 
52 409 15 22 0.1060368 
434 412 9 13 0.10265352 
122 453 18 20 0.10224499 
608 418 17 18 0.10185944 
405 448 15 19 0.08990425 
134 525 32 39 0.08742222 
558 415 18 27 0.08520971 
253 419 13 15 0.08458342 
540 438 16 19 0.08441512 
383 371 9 12 0.08293429 
255 399 7 9 0.07936046 
287 416 10 11 0.07886178 
555 412 13 19 0.0786922 
197 411 17 21 0.078321114 
318 441 13 18 0.0776397 
736 412 28 32 0.07363781 
171 374 8 11 0.073190294 
993 428 21 27 0.072749466 
331 414 11 14 0.07141417 
543 413 14 18 0.07117738 
301 420 9 12 0.0706272 
274 422 23 28 0.07002257 
82 412 13 17 0.06862721 
466 421 14 16 0.06734088 
406 452 25 33 0.060212754 
395 414 12 14 0.05889538 
288 441 13 17 0.058431685 
144 390 11 13 0.057469975 
260 419 15 17 0.05628683 
352 384 8 10 0.056263912 
62 413 15 20 0.05447096 
305 395 11 14 0.05425415 
252 430 24 28 0.053824555 
128 498 26 32 0.05319067 
978 465 27 32 0.05293912 
507 407 16 19 0.05292737 
834 428 24 33 0.05275662 
988 423 20 24 0.05250502 
196 406 13 16 0.052501433 
179 416 15 22 0.05239559 
591 427 41 51 0.05086979 
960 443 17 25 0.05071262 
977 414 11 15 0.049893137 
176 390 10 12 0.049565744 
208 388 8 11 0.047948245 
1003 424 14 18 0.04635118 
954 489 30 36 0.04623354 
83 427 16 20 0.045906022 
318 458 14 17 0.04586035 
416 438 11 14 0.043239035 
255 441 14 18 0.043005764 
432 420 9 11 0.042629417 
148 395 12 15 0.04234118 
921 430 17 20 0.041994873 
967 421 21 27 0.04148415 
284 433 22 27 0.041176423 
250 413 9 12 0.040732376 
541 410 22 29 0.040451467 
439 402 7 9 0.039746184 
818 429 21 27 0.039499782 
843 402 13 17 0.039107434 
400 449 12 18 0.038890045 
124 391 10 13 0.038804337 
294 415 8 11 0.038079172 
608 374 13 15 0.037723638 
266 413 14 16 0.037313268 
352 311 10 12 0.037018932 
261 428 16 19 0.03701734 
180 396 10 13 0.036861107 
321 425 9 10 0.036717065 
219 408 13 16 0.036687028 
986 551 37 60 0.036431443 
90 433 16 19 0.03606106 
280 421 13 17 0.036048044 
143 383 10 12 0.036036275 
584 462 39 48 0.035877377 
388 467 14 22 0.03521117 
384 416 13 16 0.035150893 
336 376 9 11 0.034956474 
712 106 11 15 0.034870356 
213 389 9 11 0.03485932 
158 396 14 16 0.034798086 
993 614 30 37 0.03465602 
275 440 15 18 0.03453426 
313 360 8 10 0.034436483 
498 335 22 29 0.03404251 
537 445 24 27 0.03389604 
576 425 23 30 0.03354059 
326 410 19 24 0.033368047 
456 415 21 26 0.03334421 
294 422 11 15 0.033204567 
610 401 13 15 0.03313307 
166 391 10 12 0.033046164 
1006 414 12 14 0.03297288 
160 392 10 12 0.03268625 
561 431 13 20 0.032669954 
404 105 13 16 0.032669142 
249 407 8 11 0.032498714 
227 411 11 15 0.03231848 
968 289 11 15 0.03199555 
708 101 12 15 0.031902213 
83 394 13 17 0.03186051 
424 400 8 9 0.03183856 
487 499 35 41 0.031817432 
432 393 7 8 0.031809784 
185 414 21 27 0.031670142 
384 399 9 12 0.03125292 
595 450 35 45 0.031009626 
537 426 22 29 0.030725194 
413 106 13 16 0.030622365 
416 400 7 10 0.030571235 
550 403 13 18 0.030260017 
808 434 19 21 0.029946975 
425 405 8 10 0.029915588 
345 366 8 9 0.029735899 
265 406 10 12 0.029653259 
115 500 27 36 0.029645108 
770 128 13 15 0.029566519 
409 404 7 10 0.029193202 
890 452 24 30 0.028934518 
294 432 22 29 0.02863709 
313 445 20 28 0.028567567 
315 458 24 29 0.028514225 
206 397 9 12 0.028484304 
98 443 16 20 0.028314706 
496 387 9 12 0.028134678 
154 423 16 20 0.027943838 
95 400 18 21 0.027477175 
1005 557 20 45 0.027288182 
969 433 14 21 0.027243784 
957 425 16 19 0.027185343 
110 492 26 32 0.027183227 
311 414 8 10 0.02695153 
328 409 9 11 0.026634475 
245 431 15 22 0.026633674 
542 430 14 17 0.026541587 
744 298 13 16 0.026526134 
830 436 17 22 0.026424015 
987 420 15 17 0.026329467 
350 368 7 8 0.026303314 
114 414 23 27 0.02610006 
249 399 9 10 0.02560385 
394 473 35 50 0.025443774 
396 439 21 30 0.025418445 
165 424 14 19 0.02535845 
125 511 31 42 0.02529075 
423 111 12 15 0.025123097 
229 429 13 16 0.025087764 
534 415 11 14 0.025078662 
503 334 13 17 0.024990663 
203 449 26 32 0.024933945 
391 31 8 10 0.024797965 
490 335 36 50 0.024777059 
803 469 16 24 0.024714872 
544 529 34 47 0.024586746 
896 435 12 18 0.02446141 
404 436 11 15 0.024431773 
953 621 52 52 0.02416878 
908 313 13 16 0.024131574 
586 434 28 32 0.024083259 
767 99 9 11 0.02406319 
153 462 31 42 0.024020603 
811 423 15 17 0.023930049 
313 437 12 17 0.023917956 
988 415 11 13 0.023860719 
470 404 12 12 0.02383595 
1010 368 14 24 0.023804449 
930 586 30 35 0.023777459 
191 410 13 18 0.023544803 
380 412 23 27 0.023387967 
326 463 25 33 0.02334419 
917 450 27 31 0.022864282 
172 421 16 22 0.02280459 
237 433 14 19 0.022705195 
295 398 9 12 0.022551479 
398 435 12 16 0.022490324 
93 408 14 18 0.022441749 
112 451 14 19 0.022296516 
729 72 8 11 0.022246154 
256 411 41 49 0.022090327 
568 420 17 22 0.021987686 
318 406 8 11 0.021932896 
335 392 7 9 0.021846013 
1007 304 14 22 0.02180262 
157 381 11 13 0.021699227 
763 293 13 16 0.021651 
561 428 23 32 0.021569073 
397 421 20 25 0.021537712 
60 564 27 35 0.021480586 
321 415 8 10 0.021470478 
299 434 13 18 0.021342449 
76 417 21 27 0.021266112 
85 403 14 18 0.021236466 
455 414 13 16 0.021200282 
529 529 30 39 0.021166394 
263 400 9 9 0.021156052 
229 389 10 12 0.021144804 
919 456 15 19 0.02110352 
892 448 16 21 0.021023937 
36 379 23 29 0.020995902 
457 425 13 17 0.020898776 
41 546 38 43 0.020887446 
838 405 15 20 0.020651033 
528 397 12 16 0.020579722 
342 445 11 17 0.020553738 
169 378 11 14 0.020436596 
311 404 9 11 0.020249488 
445 407 10 13 0.020210443 
783 455 32 47 0.020178063 
480 520 29 37 0.020088676 
396 456 23 34 0.020000689 
