2_Demonstration_Demonstration_Or_Protest_2_385
1354
755 472 26 34 0.9995235 
286 537 29 41 0.99907124 
359 456 25 28 0.9944418 
215 471 24 28 0.9932696 
687 463 21 29 0.99011153 
781 459 20 26 0.98991627 
397 531 29 37 0.9867237 
506 540 30 35 0.986432 
22 543 26 42 0.9786643 
583 457 20 26 0.97438836 
618 496 22 26 0.9709819 
190 516 29 40 0.97049695 
736 422 19 22 0.9695495 
678 556 33 39 0.96377647 
338 470 17 27 0.93764186 
820 392 13 17 0.93391025 
634 415 15 22 0.9338067 
131 498 23 30 0.9114959 
885 485 23 30 0.88975656 
874 392 15 18 0.8827879 
826 461 17 21 0.88240564 
936 459 21 30 0.876625 
94 395 14 17 0.87000036 
861 459 23 29 0.8644678 
83 452 21 26 0.86195165 
174 380 15 17 0.86102635 
324 428 18 23 0.86052877 
785 386 13 16 0.8601699 
807 433 15 18 0.852072 
592 387 15 18 0.84322035 
142 437 12 16 0.8413937 
916 418 14 19 0.84055597 
101 518 23 29 0.83393764 
972 427 19 23 0.8100656 
546 388 12 15 0.8094975 
591 366 11 13 0.8092429 
354 404 12 15 0.78921914 
723 478 19 25 0.75147414 
165 404 15 18 0.7502247 
669 381 12 16 0.7370702 
732 351 10 13 0.7348778 
454 412 13 18 0.7326981 
570 416 16 19 0.70218796 
22 360 10 13 0.6997897 
73 347 10 13 0.6955393 
474 375 10 13 0.67771316 
538 413 16 17 0.6744341 
804 367 11 13 0.6655878 
830 595 28 46 0.6504704 
986 368 9 12 0.6485892 
394 486 19 24 0.6411868 
296 403 11 16 0.6351669 
203 395 14 18 0.56726414 
295 368 7 10 0.5549048 
332 398 13 16 0.5438088 
109 454 14 18 0.52539647 
189 350 9 12 0.5220032 
715 374 12 16 0.5213875 
400 358 9 11 0.5054895 
861 423 18 20 0.48387548 
326 367 9 12 0.4795281 
385 366 9 11 0.47091255 
591 339 8 11 0.45945805 
207 356 8 11 0.44722828 
764 348 10 13 0.4450994 
983 342 7 10 0.4434101 
815 340 9 11 0.43535754 
966 319 6 9 0.43147525 
767 401 12 16 0.42394754 
446 341 8 11 0.42089754 
716 327 10 11 0.4093839 
976 352 10 12 0.40485817 
126 371 9 12 0.39782706 
848 344 7 10 0.394032 
464 358 10 12 0.39232212 
784 346 10 12 0.3917196 
611 394 13 16 0.38139102 
685 408 16 18 0.37965173 
656 364 11 13 0.37916067 
526 334 8 10 0.37899706 
611 458 16 19 0.37803057 
1011 373 11 16 0.37779912 
737 366 11 14 0.37770286 
413 343 8 10 0.37250224 
704 310 7 10 0.37055054 
310 403 10 14 0.36926398 
733 333 9 11 0.3591409 
152 350 9 11 0.35643873 
455 394 13 16 0.35303652 
114 427 13 16 0.34721804 
422 366 12 14 0.34547478 
895 342 8 10 0.34160817 
428 371 10 12 0.33906505 
393 390 10 13 0.32625932 
81 385 11 15 0.3258746 
761 320 7 9 0.3220813 
632 356 10 12 0.317574 
656 328 8 10 0.3173727 
706 356 10 12 0.3074704 
863 326 7 9 0.30218792 
454 374 9 11 0.29597968 
112 333 8 11 0.29324064 
278 359 9 11 0.29304135 
656 333 8 10 0.2923301 
184 351 8 11 0.2916638 
717 332 10 11 0.2872291 
759 335 9 11 0.28705046 
554 342 7 10 0.2862571 
429 334 9 11 0.28369048 
252 355 11 13 0.2821309 
109 365 12 13 0.2813221 
708 350 10 13 0.27769947 
606 414 12 15 0.27571267 
0 424 13 23 0.27321288 
389 334 8 11 0.27097645 
78 325 9 12 0.2689715 
892 476 18 26 0.25795677 
220 389 10 12 0.2555155 
1 344 7 11 0.255292 
998 336 8 10 0.2516285 
478 390 11 14 0.2503475 
982 319 7 9 0.24504147 
634 351 9 12 0.24304442 
1014 333 7 10 0.24206284 
567 319 8 9 0.24097311 
60 319 9 11 0.23868398 
754 383 16 18 0.23806243 
530 350 8 10 0.23268454 
421 360 8 11 0.23221204 
648 380 12 17 0.2302192 
223 359 9 10 0.22764872 
679 350 9 11 0.22387153 
157 367 8 10 0.22025687 
272 336 7 9 0.21961497 
253 350 10 11 0.21845582 
709 345 9 11 0.21804371 
460 390 10 14 0.217679 
345 419 12 17 0.21606547 
384 410 12 17 0.21480268 
760 341 10 13 0.21338208 
184 334 8 10 0.21332565 
23 398 14 16 0.21257985 
70 453 21 29 0.20124403 
622 341 8 11 0.2011079 
735 398 14 17 0.19987585 
174 365 10 12 0.19422384 
662 349 8 11 0.1928666 
373 350 8 10 0.1909699 
953 343 7 10 0.1909236 
749 359 9 11 0.18964942 
871 341 7 10 0.18922895 
831 357 8 11 0.18855402 
384 361 9 11 0.18730816 
503 344 6 9 0.18665598 
229 360 9 11 0.18640731 
641 326 8 10 0.18623453 
61 355 10 13 0.18542162 
439 351 8 10 0.18500316 
18 360 10 12 0.18495424 
696 333 10 12 0.18390025 
264 372 10 12 0.18280561 
686 319 8 10 0.18219994 
441 342 9 11 0.17960279 
112 328 8 11 0.17904496 
943 334 7 9 0.17882368 
901 367 11 13 0.17811847 
516 359 9 11 0.17733455 
968 272 8 10 0.17650759 
510 481 26 29 0.17545928 
24 473 23 29 0.1724222 
733 328 9 10 0.17241722 
518 328 8 10 0.17166895 
389 370 10 13 0.17139624 
429 328 8 9 0.17062847 
624 336 8 10 0.1705773 
255 344 8 10 0.17029442 
48 336 9 10 0.1686462 
27 378 11 14 0.16716646 
81 482 23 31 0.16621101 
217 359 7 10 0.16379932 
782 328 8 9 0.16331479 
161 325 8 10 0.16211468 
366 372 8 10 0.16169076 
664 310 7 9 0.16098253 
300 399 12 17 0.16024962 
642 367 8 11 0.1597678 
698 381 12 15 0.15943338 
513 363 10 12 0.15912248 
77 365 9 12 0.1575177 
512 328 8 11 0.15744409 
692 404 13 18 0.15342285 
838 332 8 10 0.15334532 
890 343 7 9 0.15203732 
681 327 8 10 0.15173714 
879 352 8 10 0.15083249 
697 373 9 11 0.15023774 
789 344 9 11 0.14874052 
36 513 26 32 0.14820963 
621 410 14 19 0.14772503 
141 412 11 14 0.14758821 
617 342 9 11 0.14751138 
315 403 11 14 0.14631027 
789 358 11 13 0.14582434 
70 373 8 11 0.14547113 
296 350 8 10 0.14535907 
31 333 8 10 0.14490335 
783 304 7 9 0.1444506 
186 329 7 8 0.14368935 
959 335 7 9 0.1431046 
309 367 7 10 0.1424622 
669 310 8 10 0.14242268 
614 320 7 9 0.14191662 
404 388 12 16 0.1409764 
425 335 8 10 0.14059071 
200 332 8 10 0.14005965 
95 326 8 10 0.1398755 
847 357 9 10 0.1395879 
517 379 10 12 0.13914393 
999 317 8 10 0.13894938 
142 319 9 11 0.1387434 
441 363 9 12 0.13866974 
159 318 9 11 0.13741226 
234 344 8 10 0.13581319 
717 320 9 11 0.13459137 
535 329 6 8 0.13353185 
239 515 23 36 0.13311039 
79 321 8 10 0.13299064 
999 288 7 10 0.13148014 
56 324 8 10 0.13082483 
687 311 8 10 0.13051611 
799 336 9 10 0.1298804 
640 311 7 9 0.12961265 
810 342 8 10 0.1293054 
152 355 11 13 0.12915939 
262 389 11 14 0.12894033 
264 381 11 14 0.12881288 
408 395 11 14 0.12658513 
260 395 11 14 0.12608801 
983 336 9 11 0.1257817 
215 318 8 9 0.12562796 
302 320 7 9 0.12512217 
591 296 7 9 0.123665266 
358 356 7 11 0.12347589 
212 395 10 14 0.1232467 
87 343 9 11 0.12317182 
585 366 11 14 0.122285575 
913 335 7 9 0.12163656 
339 398 14 17 0.11998206 
177 352 8 11 0.11943818 
105 343 8 11 0.11900144 
582 328 7 9 0.11895389 
486 391 9 12 0.11876498 
374 343 9 11 0.11865646 
493 367 10 11 0.11812459 
26 327 7 9 0.11809951 
775 311 8 9 0.118098065 
455 319 7 10 0.11789061 
334 382 11 12 0.11788892 
134 405 10 13 0.1177852 
46 488 31 33 0.11773798 
404 382 12 13 0.11765864 
608 391 11 14 0.11723831 
361 374 9 10 0.11587812 
1000 313 8 10 0.11483262 
702 326 8 11 0.114731155 
990 351 9 11 0.114608094 
762 325 8 10 0.114188164 
88 334 9 11 0.11391207 
912 359 8 11 0.113630004 
672 325 7 10 0.112918064 
176 357 9 11 0.11286294 
169 341 8 10 0.11269221 
341 367 8 10 0.11202706 
93 304 8 10 0.110954896 
821 336 8 11 0.110582836 
993 289 7 9 0.110257626 
358 352 8 10 0.10935189 
920 336 7 9 0.10919364 
614 400 16 20 0.10891119 
288 319 7 8 0.10870583 
464 326 6 9 0.108558714 
368 327 7 9 0.10705457 
39 349 9 12 0.10664275 
999 293 7 9 0.10606282 
582 351 10 12 0.105706416 
271 402 11 14 0.10501805 
903 348 8 10 0.10485413 
935 294 7 10 0.104533106 
77 404 10 15 0.10423202 
191 344 9 10 0.104045816 
734 342 9 12 0.10294989 
585 335 9 11 0.10290585 
958 326 8 10 0.10284958 
335 367 9 11 0.10266972 
61 311 7 10 0.101966776 
551 357 9 12 0.10172037 
925 335 8 10 0.10138704 
26 362 11 14 0.101367034 
94 334 8 10 0.101244085 
95 380 11 13 0.10077159 
22 343 8 10 0.100722745 
1008 378 13 17 0.10027675 
418 364 10 13 0.100246765 
778 304 7 9 0.10024585 
121 371 9 12 0.1001399 
1013 311 8 12 0.10005266 
574 404 15 19 0.09866577 
222 384 10 12 0.09808578 
614 411 14 18 0.098020285 
81 517 17 21 0.0975799 
995 327 7 10 0.09757584 
73 366 9 12 0.09671425 
556 445 15 20 0.09633154 
290 335 6 8 0.095563844 
671 336 7 9 0.095357634 
1014 293 7 10 0.09516082 
645 374 10 14 0.09509423 
30 329 8 10 0.09478997 
662 343 9 11 0.094759636 
609 327 8 9 0.09427867 
646 344 8 9 0.09359185 
687 334 7 10 0.09319224 
614 326 7 9 0.093048304 
865 302 7 9 0.09299793 
153 312 7 10 0.092756204 
408 508 18 23 0.09269588 
423 341 9 11 0.092634335 
977 303 6 10 0.092593305 
223 373 10 12 0.09253086 
624 303 6 8 0.09250413 
562 326 8 9 0.091885775 
298 327 8 9 0.09173648 
190 327 8 10 0.0916964 
671 320 8 10 0.091296025 
863 321 8 10 0.09084625 
961 319 8 11 0.090225905 
399 352 9 11 0.09018675 
932 425 22 29 0.09012857 
930 294 7 9 0.089987434 
223 364 9 11 0.08995448 
558 378 10 13 0.08938672 
557 342 8 10 0.08936946 
110 343 9 11 0.08935037 
656 319 7 9 0.08878063 
757 175 13 16 0.0885574 
631 343 8 10 0.0878599 
110 349 10 10 0.087529086 
384 313 6 8 0.08734073 
412 404 13 16 0.08728607 
618 349 8 11 0.087258935 
169 336 7 10 0.08723602 
18 349 8 11 0.08677918 
807 335 8 10 0.08665289 
206 329 7 9 0.08664148 
824 322 7 9 0.08640148 
920 357 9 12 0.08622631 
565 352 9 11 0.08618219 
271 366 10 12 0.0859921 
457 544 21 31 0.08596225 
22 351 8 10 0.08586706 
722 349 8 11 0.085782 
100 381 11 13 0.08528838 
887 349 8 11 0.08502445 
738 293 8 10 0.08497535 
492 406 9 12 0.084905915 
288 343 8 10 0.08483481 
778 334 9 11 0.08449121 
14 328 7 9 0.08437472 
409 348 9 12 0.084180646 
503 349 8 11 0.08405696 
681 320 8 9 0.083925374 
793 336 9 10 0.08352443 
328 390 11 14 0.08344741 
626 455 15 20 0.08339135 
911 343 9 10 0.08300323 
920 364 10 11 0.082882226 
871 351 9 11 0.08228685 
203 405 16 19 0.08225391 
758 304 7 9 0.08212429 
9 335 8 10 0.08199807 
103 348 10 11 0.08197448 
747 142 16 20 0.08175471 
369 345 9 10 0.08167348 
954 327 8 9 0.081652164 
217 363 9 12 0.08164691 
143 324 8 11 0.081456915 
390 358 8 10 0.08131803 
16 343 9 11 0.08115911 
127 292 9 12 0.081071906 
980 348 11 13 0.08084682 
369 319 6 8 0.08071345 
1013 288 8 11 0.08022458 
859 327 7 9 0.08016092 
648 349 9 11 0.08011976 
302 325 7 9 0.079955265 
546 413 12 15 0.079446 
663 289 7 8 0.07923843 
871 357 9 11 0.07923277 
920 341 8 10 0.07912711 
569 312 7 9 0.07878654 
590 317 7 10 0.07873444 
392 351 8 11 0.07867084 
241 325 8 10 0.07755788 
302 343 7 10 0.07754765 
496 348 7 10 0.077499405 
221 394 12 15 0.07743394 
552 349 9 12 0.07695645 
239 366 8 10 0.07640718 
651 386 12 14 0.07631601 
348 454 24 32 0.07577245 
953 349 9 10 0.07572569 
15 389 11 15 0.07564282 
1007 456 14 18 0.0753585 
159 408 16 17 0.075070284 
1009 367 12 14 0.07489291 
808 348 9 10 0.07476516 
305 366 7 10 0.07470914 
266 319 7 8 0.074621566 
989 358 10 12 0.07437214 
800 326 8 9 0.074261755 
946 312 7 9 0.07406962 
39 344 9 10 0.073862486 
247 320 7 9 0.07385505 
563 445 19 22 0.07353739 
697 312 7 9 0.07345244 
167 325 8 10 0.07336846 
270 319 7 8 0.07326501 
448 338 7 9 0.07323346 
810 305 8 10 0.07297357 
744 279 9 11 0.072548226 
453 405 12 18 0.072468214 
128 402 11 14 0.072458014 
186 294 8 9 0.07239824 
45 294 10 12 0.072331674 
503 288 6 8 0.0722008 
639 343 9 11 0.072137795 
958 341 8 11 0.07199265 
211 402 12 15 0.07192312 
895 346 10 12 0.07192282 
591 301 7 8 0.07190149 
681 332 9 11 0.07154587 
818 325 7 9 0.07147436 
512 373 11 14 0.07114598 
913 303 7 9 0.07108997 
888 317 7 9 0.07102451 
80 332 9 11 0.07083977 
486 432 11 15 0.070593365 
822 326 7 9 0.07053896 
489 348 9 10 0.070537776 
665 166 8 11 0.07053752 
543 334 7 9 0.07040705 
353 351 9 12 0.07035735 
957 351 8 10 0.07028136 
834 328 8 9 0.0702616 
341 373 8 11 0.07015732 
385 414 17 21 0.070138566 
867 440 15 18 0.06986262 
825 355 10 12 0.069772914 
525 303 8 10 0.06963009 
233 348 9 11 0.06957023 
384 328 7 8 0.06938215 
985 293 8 10 0.06937534 
77 345 10 12 0.06918128 
103 359 11 13 0.06898542 
865 358 10 11 0.068899944 
480 318 7 9 0.06888937 
610 311 6 9 0.06827311 
1008 288 8 10 0.06822765 
915 378 12 16 0.06816554 
992 294 7 9 0.06812089 
85 347 10 13 0.067926936 
157 371 10 13 0.06787906 
958 356 8 11 0.06779952 
1008 328 9 11 0.06761799 
546 544 21 28 0.067393795 
629 335 8 10 0.06707317 
182 355 9 11 0.06698296 
1015 340 8 11 0.06692729 
20 386 15 17 0.066814914 
759 402 13 15 0.06652185 
207 375 10 13 0.06647106 
224 327 8 9 0.06625988 
743 358 9 12 0.06618883 
5 555 27 34 0.06583208 
609 334 7 8 0.06574997 
718 305 7 9 0.06573632 
527 380 10 13 0.0654659 
825 305 6 8 0.0649619 
390 341 9 11 0.06494164 
506 328 6 9 0.064875364 
681 305 7 9 0.06441471 
457 325 7 10 0.06436378 
138 319 8 10 0.06434176 
385 341 8 11 0.06428411 
632 297 6 7 0.06428238 
705 342 9 11 0.06409037 
1001 472 22 37 0.06405017 
802 133 23 30 0.063973516 
927 327 8 9 0.06392285 
567 337 7 9 0.06364832 
800 288 8 10 0.063504934 
718 310 8 10 0.063418195 
647 318 7 10 0.06338621 
264 336 7 9 0.06333904 
576 399 12 15 0.06320997 
71 420 12 15 0.06320954 
445 365 9 10 0.06320945 
450 396 11 13 0.062866 
576 367 11 13 0.0627871 
352 342 7 9 0.06251517 
751 280 8 9 0.062430765 
87 327 9 11 0.062376533 
337 372 9 10 0.06234943 
551 321 7 8 0.062348362 
982 310 8 10 0.062215783 
46 300 8 11 0.06215999 
70 403 14 17 0.062121242 
792 363 10 13 0.061541844 
1004 392 14 18 0.060927365 
703 319 8 10 0.06092197 
713 321 9 11 0.060913097 
449 411 13 17 0.060887642 
14 334 7 9 0.060795505 
49 325 9 11 0.060514692 
350 408 13 17 0.06049204 
327 361 9 12 0.060339376 
400 365 10 11 0.060137972 
814 305 7 9 0.060038704 
456 352 7 9 0.059872895 
596 361 11 13 0.058644984 
302 467 14 19 0.05863335 
177 337 7 9 0.058583073 
550 325 7 10 0.058484256 
966 313 8 10 0.058449715 
378 412 10 13 0.058336552 
887 313 7 9 0.057858326 
816 595 32 36 0.057751227 
29 480 30 32 0.057701785 
151 317 8 10 0.05763351 
149 344 11 13 0.057592038 
737 288 8 10 0.057555918 
854 311 7 9 0.057328384 
623 413 19 24 0.057180453 
83 475 18 23 0.056853503 
982 325 8 10 0.05684323 
348 543 14 18 0.05644496 
463 320 7 9 0.056429733 
271 327 8 9 0.056285407 
833 332 9 11 0.056148086 
199 393 13 15 0.05606946 
590 313 8 9 0.056028895 
101 319 8 10 0.056009416 
112 318 8 9 0.05599437 
912 327 8 10 0.055967037 
241 373 8 12 0.055938385 
1008 333 9 11 0.055928394 
145 335 7 11 0.055886965 
896 297 7 9 0.055886663 
173 321 8 9 0.05576072 
223 353 8 9 0.055670857 
866 342 9 10 0.05547497 
897 370 11 13 0.05544133 
616 336 8 9 0.055375442 
657 311 7 9 0.05521613 
529 330 8 10 0.055119243 
1013 327 9 13 0.055112634 
951 311 8 10 0.055086903 
168 350 8 10 0.05500918 
296 359 9 10 0.05494918 
527 311 9 10 0.05481771 
872 338 7 9 0.054745074 
279 379 10 13 0.054695714 
657 342 9 10 0.054611806 
472 335 8 9 0.054583393 
776 318 8 9 0.054504227 
118 523 27 34 0.054469813 
660 358 10 13 0.05442476 
675 425 15 20 0.054335747 
690 253 8 11 0.054296505 
8 358 8 11 0.054141566 
671 368 11 12 0.054121543 
698 327 9 11 0.05401891 
192 320 8 9 0.05401889 
158 312 8 10 0.053812318 
187 520 20 27 0.05369323 
512 310 7 9 0.053686693 
807 287 11 13 0.05368485 
752 303 8 11 0.05362024 
732 318 10 11 0.05315238 
678 355 10 11 0.053101838 
928 289 7 9 0.053079188 
267 387 11 14 0.05299924 
912 350 8 10 0.052769814 
505 335 7 8 0.05271819 
696 340 8 11 0.05235854 
697 319 7 9 0.052302524 
452 379 12 14 0.052275248 
149 336 9 10 0.05226335 
378 440 14 18 0.052258573 
1001 255 7 9 0.052223206 
25 334 8 10 0.052214783 
658 306 6 8 0.052015524 
535 333 8 10 0.051949132 
527 342 8 10 0.051891685 
952 335 8 10 0.051860906 
859 454 17 25 0.05177765 
445 358 9 12 0.051725883 
146 349 9 12 0.051572323 
376 358 7 9 0.051485628 
664 293 6 9 0.051462833 
611 442 15 18 0.05141907 
829 352 10 12 0.051413186 
1009 311 8 11 0.051346205 
880 341 7 10 0.051298752 
662 326 8 10 0.051293556 
641 371 10 13 0.050985273 
281 343 7 9 0.050851885 
866 349 9 12 0.050829668 
894 337 8 10 0.0507784 
536 318 7 9 0.05069873 
575 312 7 9 0.050698698 
72 333 9 11 0.050467208 
61 403 15 17 0.05025285 
360 334 7 10 0.05024478 
702 364 11 14 0.050226577 
806 327 7 9 0.05021287 
95 309 8 10 0.050017945 
586 318 7 10 0.049960844 
935 289 7 9 0.049890112 
687 304 7 9 0.049798742 
920 352 9 11 0.049678184 
979 344 10 11 0.04967795 
832 305 7 8 0.049542796 
222 402 10 14 0.049484376 
617 453 19 24 0.049429517 
353 320 6 8 0.04942478 
781 192 10 12 0.049350854 
480 312 6 9 0.049319435 
611 466 21 25 0.04927161 
631 363 9 11 0.049271274 
472 389 11 14 0.04912796 
765 319 8 11 0.04907052 
432 340 8 10 0.048863627 
984 288 8 10 0.0488431 
919 305 7 9 0.048790004 
399 325 7 10 0.048685934 
717 369 11 13 0.0486671 
999 388 13 18 0.048419952 
860 439 17 21 0.048220977 
256 390 12 15 0.047951974 
152 370 10 12 0.047614332 
853 345 8 10 0.04760354 
307 463 17 23 0.047554772 
249 287 8 10 0.047549438 
419 406 13 15 0.04746888 
211 409 12 15 0.04739635 
924 356 9 12 0.047379963 
864 431 18 21 0.047364365 
656 349 9 10 0.047123313 
197 342 9 10 0.047054864 
116 334 8 10 0.04704118 
993 340 9 12 0.046969987 
776 342 8 12 0.04687869 
793 319 8 10 0.04682299 
217 328 7 8 0.046816744 
210 317 8 9 0.046807773 
568 304 7 9 0.046753157 
29 413 10 13 0.04660885 
767 276 8 10 0.046594914 
279 352 8 10 0.04655305 
202 356 9 11 0.046484716 
939 334 7 9 0.046476603 
237 347 8 11 0.046419602 
647 359 9 11 0.046410568 
565 436 16 19 0.04627825 
503 367 8 11 0.04601449 
430 320 7 9 0.04600152 
83 296 7 10 0.045881055 
190 334 9 10 0.045634348 
6 378 11 15 0.045567796 
870 363 9 12 0.045517843 
302 359 8 10 0.04543998 
288 328 7 9 0.045373403 
559 350 9 12 0.045285825 
520 320 7 9 0.04525932 
230 326 8 10 0.04520919 
676 388 11 14 0.04519251 
250 343 8 10 0.045184765 
625 364 9 11 0.045104787 
940 419 17 19 0.045080107 
640 333 9 10 0.044925194 
504 358 8 10 0.044889163 
422 349 8 10 0.04433826 
742 293 9 10 0.04429494 
899 469 13 21 0.044198774 
16 311 7 9 0.044079393 
961 311 7 10 0.04398245 
936 327 8 9 0.043977 
751 286 8 10 0.043934904 
682 311 7 9 0.04392582 
801 293 7 10 0.04389057 
687 344 7 10 0.043863602 
562 321 7 9 0.04385287 
511 397 12 14 0.043829676 
691 426 14 18 0.04382557 
136 440 14 17 0.043687407 
586 339 10 12 0.043615352 
409 338 7 8 0.043544125 
754 262 7 9 0.043483682 
295 344 8 10 0.04333512 
663 336 8 9 0.043239605 
288 350 9 10 0.04322716 
449 320 8 10 0.04274902 
103 335 8 10 0.042651225 
921 289 6 8 0.0425647 
683 424 15 20 0.042527553 
224 321 7 9 0.04239274 
728 311 9 11 0.042391356 
923 413 13 18 0.042300634 
241 320 7 9 0.04224974 
37 373 10 14 0.04216117 
676 375 12 14 0.042127926 
405 365 9 11 0.042105608 
423 310 7 9 0.042067125 
551 363 10 13 0.04196134 
582 356 12 14 0.041894678 
210 312 8 10 0.041891504 
560 337 8 9 0.04185113 
720 343 10 13 0.04176016 
983 459 21 32 0.041729465 
71 353 12 16 0.04167716 
137 323 10 13 0.041514356 
865 298 7 9 0.041392364 
678 410 14 18 0.041338682 
63 458 17 20 0.041310545 
641 319 8 10 0.04115163 
846 334 8 10 0.04100798 
310 372 8 12 0.04097693 
399 320 7 10 0.040867694 
936 320 8 9 0.040854953 
864 334 8 10 0.040828004 
315 459 17 24 0.040777866 
926 311 7 9 0.040685527 
446 349 9 11 0.04061168 
889 336 8 10 0.040580105 
856 420 15 17 0.04048884 
727 344 9 11 0.04044211 
876 467 29 30 0.040434744 
798 340 8 10 0.04037414 
743 286 9 12 0.040348265 
569 296 7 9 0.040345516 
849 304 7 9 0.040260933 
943 317 8 10 0.040259976 
960 304 7 9 0.040054385 
417 305 7 9 0.040004596 
926 341 8 9 0.03997679 
479 342 9 11 0.039942376 
1007 350 8 10 0.039909534 
169 365 9 12 0.03984976 
831 321 7 8 0.03972939 
145 341 9 11 0.039683532 
5 349 8 11 0.03958143 
578 411 15 19 0.039484113 
762 178 14 17 0.039446674 
761 356 9 12 0.039436635 
985 279 8 10 0.039388902 
481 327 7 9 0.039383434 
910 385 11 15 0.0393598 
425 320 7 9 0.039329603 
334 359 9 11 0.039289735 
952 303 6 9 0.039289244 
343 319 6 9 0.039155252 
239 311 6 9 0.03904246 
685 380 11 13 0.038977396 
920 328 7 9 0.038952842 
290 367 8 11 0.038938794 
665 386 11 14 0.03893876 
102 325 8 11 0.038902994 
545 302 7 10 0.038868513 
769 311 7 10 0.038711045 
920 271 8 10 0.038604382 
112 423 11 15 0.038495637 
984 359 9 13 0.038483955 
800 121 41 49 0.038469218 
367 333 8 9 0.0384052 
332 422 13 18 0.038392045 
327 334 7 8 0.038332123 
671 342 8 11 0.03831663 
43 349 11 14 0.038201585 
983 304 8 10 0.03810775 
594 369 12 15 0.03801724 
174 341 8 10 0.037996713 
902 381 13 14 0.037995707 
985 399 8 10 0.03793859 
76 356 11 15 0.037935946 
253 362 11 14 0.037921123 
904 302 7 8 0.037880175 
565 325 9 10 0.0378788 
118 327 8 11 0.037870746 
794 327 7 9 0.03785842 
928 320 7 10 0.037770633 
232 320 7 9 0.03775779 
648 334 8 9 0.037743 
597 335 9 10 0.037705228 
920 310 8 10 0.03765409 
422 304 7 9 0.037618432 
417 310 6 8 0.037573814 
408 409 12 16 0.037518606 
473 312 6 8 0.037505805 
810 138 25 28 0.037423734 
303 391 11 13 0.037359543 
429 379 11 14 0.03729409 
569 533 12 15 0.03726755 
943 295 7 10 0.037255775 
415 337 8 9 0.037227 
300 350 9 11 0.037209347 
275 398 12 14 0.037187524 
22 469 16 24 0.037179843 
977 310 7 9 0.037034478 
5 343 8 10 0.03701892 
900 426 13 17 0.036992297 
763 334 11 12 0.036951885 
439 386 11 14 0.036947675 
924 366 10 11 0.036899753 
641 305 6 8 0.036893815 
447 390 11 14 0.03688612 
535 313 8 10 0.03680698 
585 312 7 9 0.036713943 
185 531 31 42 0.03666261 
881 303 7 8 0.036591254 
329 384 9 11 0.03654688 
111 369 12 14 0.03651015 
480 279 7 9 0.03649383 
503 263 7 9 0.036413107 
405 375 11 12 0.036283404 
806 360 11 14 0.03620122 
137 311 6 9 0.03616636 
831 342 8 9 0.03609288 
387 491 20 26 0.036065463 
49 320 9 10 0.036032174 
709 366 12 13 0.035957538 
325 327 9 10 0.0359246 
89 302 8 11 0.035901554 
842 343 8 10 0.035848092 
879 336 8 10 0.03577056 
711 310 9 10 0.035764076 
840 595 37 45 0.035729595 
897 302 7 9 0.035710957 
607 295 6 8 0.035681535 
848 329 7 9 0.03562495 
874 426 12 17 0.03559303 
53 340 9 11 0.035449594 
30 549 28 45 0.03541486 
726 485 23 30 0.035271034 
899 387 14 17 0.03520009 
32 342 9 11 0.035155214 
472 370 17 23 0.035088085 
555 435 14 19 0.034998063 
966 341 8 10 0.03497628 
119 351 8 11 0.03488754 
118 356 10 12 0.034817055 
534 408 14 16 0.03476609 
880 312 8 11 0.034701306 
214 313 7 9 0.03467638 
38 335 8 10 0.034675166 
63 335 9 11 0.03463996 
493 388 10 13 0.03461844 
48 310 7 10 0.03461428 
662 374 12 14 0.03456073 
91 511 24 32 0.034524955 
143 371 10 12 0.03441856 
303 334 8 10 0.034274414 
903 320 8 9 0.03426093 
234 311 7 9 0.034211382 
246 325 8 9 0.034057356 
390 494 29 32 0.03400428 
456 356 10 12 0.033952035 
904 326 8 10 0.03394951 
225 333 8 10 0.033871986 
854 365 10 12 0.033871405 
585 303 6 8 0.033843484 
258 337 7 8 0.03370949 
1 426 21 31 0.03370334 
441 319 7 10 0.033636156 
698 409 14 19 0.033563495 
729 347 17 21 0.033557013 
920 255 7 8 0.033542767 
879 317 8 10 0.03349577 
566 340 9 11 0.033413794 
608 343 8 10 0.033391498 
160 303 7 9 0.033369236 
841 311 7 8 0.033324536 
995 453 22 31 0.033302605 
49 432 20 27 0.03330023 
497 264 7 9 0.03329176 
435 352 8 9 0.03322082 
601 328 6 7 0.03315978 
353 336 7 10 0.033076707 
497 335 7 9 0.033036944 
101 434 11 15 0.032964606 
144 287 8 10 0.03292961 
265 312 7 9 0.03292831 
417 372 10 13 0.03277371 
111 390 11 14 0.03273918 
968 303 8 10 0.03271388 
603 438 17 22 0.03265757 
95 452 18 24 0.032643344 
113 313 8 10 0.032594994 
312 426 13 19 0.032427892 
684 397 13 17 0.032325402 
95 376 10 12 0.032237068 
298 320 7 9 0.032146044 
918 421 20 27 0.03210684 
606 405 14 18 0.032000173 
175 310 8 10 0.031964984 
637 358 10 12 0.03194803 
321 348 9 10 0.031933334 
460 404 13 17 0.03186024 
838 358 8 11 0.031856667 
566 423 16 19 0.031844337 
248 351 19 22 0.031792827 
873 312 8 10 0.031775333 
935 271 7 9 0.03175454 
945 303 7 8 0.031754386 
33 349 9 11 0.031621624 
288 372 9 12 0.031621 
785 355 11 13 0.03158376 
455 369 9 11 0.03155166 
634 313 7 8 0.031550378 
170 357 9 12 0.031547 
768 295 8 9 0.031505156 
215 342 9 10 0.031479105 
401 384 11 14 0.031478938 
640 289 7 8 0.03147739 
825 389 13 17 0.031406384 
126 350 8 10 0.031319562 
953 318 8 11 0.031311743 
550 305 7 8 0.03129289 
783 297 7 9 0.031274755 
798 321 8 9 0.031192554 
759 311 8 9 0.031125348 
64 364 11 14 0.031074826 
372 515 25 34 0.030999176 
713 296 8 10 0.030966379 
74 321 7 9 0.030962411 
337 318 8 10 0.030954603 
158 345 10 11 0.030943379 
392 328 7 9 0.030922916 
979 424 15 20 0.030920545 
711 394 11 14 0.03092051 
489 436 12 16 0.03091152 
685 348 9 11 0.03090148 
328 312 7 8 0.030898007 
624 310 7 9 0.030896328 
960 244 8 11 0.030827878 
817 321 8 9 0.030791441 
652 371 13 15 0.030753382 
46 440 14 19 0.030745396 
39 367 9 13 0.03071165 
216 384 10 12 0.030596899 
46 420 13 16 0.030550221 
527 317 8 9 0.030452931 
359 343 7 9 0.0303936 
330 305 7 9 0.030379502 
361 314 6 7 0.03037691 
896 319 7 8 0.030370746 
912 320 7 9 0.030337814 
24 320 7 10 0.030316176 
502 294 7 10 0.030277751 
511 351 10 11 0.030217158 
327 345 7 9 0.03016812 
841 350 9 11 0.030133313 
86 320 8 10 0.030060418 
799 304 7 9 0.030052014 
495 417 12 16 0.030036438 
623 263 7 9 0.030024312 
792 311 7 9 0.029919177 
943 329 7 9 0.029886726 
375 407 10 13 0.029844299 
597 342 9 11 0.029835775 
133 430 13 16 0.029834678 
0 327 6 9 0.029775964 
486 383 10 12 0.029728964 
880 328 8 10 0.02969144 
471 366 10 13 0.029643187 
728 397 14 16 0.029613778 
750 293 8 10 0.029603815 
732 390 14 18 0.029579913 
943 461 25 32 0.029577203 
806 380 12 15 0.029550951 
171 393 15 19 0.02947681 
647 313 7 9 0.029474586 
721 355 9 12 0.029437937 
468 404 11 14 0.029418278 
935 301 8 9 0.029336195 
804 402 12 15 0.029331971 
833 309 7 9 0.029306412 
848 363 10 13 0.029298069 
1009 292 8 10 0.029295426 
849 311 7 9 0.029250547 
776 190 11 13 0.02920891 
872 318 8 10 0.029131074 
973 271 8 10 0.029130124 
498 327 7 9 0.029085478 
7 363 10 13 0.029016782 
216 353 8 10 0.028890647 
965 324 8 10 0.028880829 
375 366 8 10 0.028869277 
203 524 31 32 0.02886342 
231 335 7 9 0.028843768 
751 309 8 10 0.028799718 
340 380 10 12 0.028798986 
983 362 17 22 0.02879648 
936 365 10 11 0.028774152 
713 304 8 10 0.028758157 
945 426 15 21 0.028745888 
336 312 7 8 0.028727502 
732 312 10 12 0.028708003 
39 354 10 13 0.028663313 
118 341 8 11 0.028547484 
53 335 8 11 0.028529875 
669 393 13 19 0.028506361 
68 444 16 19 0.02844892 
200 351 9 12 0.028435174 
767 364 11 14 0.028431894 
440 409 11 16 0.028411077 
912 297 7 8 0.028389579 
551 311 7 8 0.028308421 
505 312 7 9 0.028226802 
897 326 7 10 0.028191645 
951 297 6 9 0.028120462 
184 342 9 11 0.028107869 
215 372 10 14 0.02808943 
903 420 13 17 0.028086074 
38 420 11 15 0.028056927 
215 334 8 9 0.028008021 
677 395 14 17 0.02795848 
777 272 7 10 0.027916009 
742 388 10 15 0.02791109 
409 311 6 8 0.02787827 
518 351 8 10 0.027853228 
487 328 6 9 0.027825534 
665 320 8 10 0.02778542 
605 452 16 22 0.027780257 
57 304 8 10 0.027769182 
871 491 28 30 0.027726043 
354 326 7 9 0.02770809 
110 287 8 11 0.02770231 
1010 325 19 26 0.027640656 
649 255 7 9 0.027610088 
57 404 11 14 0.027594974 
741 351 9 11 0.027546316 
102 375 10 12 0.027539195 
365 397 9 13 0.02748063 
718 141 12 14 0.027420936 
586 296 7 10 0.027410168 
718 295 8 10 0.027398959 
261 355 10 14 0.0273911 
1 335 7 11 0.027382534 
1005 463 17 24 0.02736307 
633 318 7 9 0.027360637 
254 424 16 19 0.027358694 
135 334 8 11 0.027344707 
47 426 14 19 0.027325217 
976 365 9 12 0.027313408 
129 301 8 10 0.027300462 
382 361 19 23 0.027283715 
198 319 7 9 0.027275035 
928 303 7 10 0.027226662 
9 396 10 14 0.027184214 
777 262 7 10 0.02715634 
893 427 14 17 0.02710939 
321 360 10 12 0.026964583 
626 297 6 8 0.026925318 
399 345 7 9 0.026912352 
646 287 6 9 0.02691189 
576 296 7 9 0.026756177 
776 276 7 10 0.026581224 
545 328 7 9 0.026507344 
240 379 10 12 0.026496407 
576 304 7 9 0.026460884 
535 374 10 13 0.026437575 
294 334 8 9 0.026425162 
456 304 7 8 0.026424157 
497 301 7 8 0.02642413 
990 269 8 10 0.026382199 
648 327 7 10 0.02637871 
619 424 17 21 0.026375925 
497 271 7 9 0.02635025 
794 287 8 10 0.026326302 
496 319 8 9 0.026313461 
456 312 7 9 0.026308168 
336 343 8 9 0.026286837 
796 137 16 22 0.026276654 
673 357 9 11 0.026256131 
384 398 10 12 0.026134966 
247 381 10 14 0.026111916 
135 410 12 16 0.026074179 
742 379 11 14 0.02594792 
416 355 19 24 0.02586328 
328 400 12 16 0.025850419 
531 483 16 21 0.025747605 
1006 402 14 16 0.02568439 
39 320 7 10 0.025682861 
910 363 9 12 0.025666414 
118 312 8 10 0.025647283 
415 434 14 18 0.025640987 
512 304 7 10 0.025629789 
871 303 6 8 0.025624836 
94 342 8 10 0.025611795 
14 382 11 15 0.025598686 
476 367 10 13 0.025562895 
30 419 11 16 0.025549598 
72 278 9 11 0.025542514 
783 309 8 9 0.025519177 
345 342 7 10 0.025509607 
829 442 14 18 0.02547073 
263 401 12 15 0.025457647 
738 415 17 19 0.025440855 
102 312 9 11 0.025425866 
184 344 18 24 0.025317881 
624 359 8 11 0.0252774 
379 503 29 37 0.02522761 
501 423 14 18 0.025206557 
47 253 7 11 0.025193872 
774 160 13 17 0.02518979 
379 313 6 8 0.025186451 
622 380 9 12 0.025153248 
360 368 9 11 0.025110744 
1000 358 9 11 0.025102843 
425 419 15 16 0.0250685 
737 278 8 11 0.024996031 
935 278 8 10 0.024994858 
545 357 10 12 0.024982786 
480 296 7 8 0.02492065 
190 502 12 17 0.024850152 
533 380 12 15 0.024844572 
228 279 11 11 0.02477005 
133 476 14 18 0.024721764 
38 327 7 9 0.024644082 
752 396 11 15 0.024352109 
410 389 13 16 0.024321578 
661 426 13 17 0.024278399 
495 360 9 11 0.02426853 
470 394 12 16 0.024264364 
948 475 26 30 0.024259487 
157 418 14 17 0.02422564 
340 390 12 15 0.024164913 
670 306 8 10 0.024129644 
1014 302 9 12 0.024093749 
607 303 7 8 0.024079906 
533 449 17 21 0.02407298 
639 295 7 8 0.024046155 
131 373 11 13 0.024037832 
405 393 18 24 0.024030885 
130 483 24 31 0.024014618 
383 319 7 9 0.023986489 
149 345 19 22 0.023975866 
640 414 14 19 0.023913749 
2 320 7 10 0.02389282 
440 338 9 10 0.023758894 
360 329 7 9 0.023722282 
793 144 43 54 0.023682898 
134 294 8 11 0.023583869 
789 139 14 18 0.023508335 
327 318 8 10 0.023498332 
992 311 8 10 0.02348142 
170 286 8 11 0.023464976 
871 298 7 8 0.023450874 
746 457 27 31 0.023445271 
57 350 10 13 0.023414018 
543 364 11 14 0.02340848 
393 304 6 8 0.02336626 
699 396 14 18 0.023268268 
358 389 13 15 0.023265952 
229 404 9 12 0.023265231 
459 438 12 15 0.023239393 
601 411 12 17 0.023221701 
472 328 7 8 0.023188196 
228 374 10 12 0.023178855 
465 312 7 8 0.023142796 
28 502 26 36 0.023119291 
724 515 28 33 0.023079459 
123 367 18 24 0.023036804 
417 327 8 10 0.023036202 
591 271 8 10 0.023026003 
745 302 8 10 0.023004098 
976 206 8 11 0.022997214 
180 367 11 12 0.02298872 
271 313 6 8 0.022962207 
965 336 8 10 0.022955842 
237 360 9 11 0.022942716 
804 124 15 18 0.022931715 
388 474 14 19 0.022925457 
1008 342 8 10 0.022920666 
576 333 9 10 0.022904124 
799 279 7 9 0.022901725 
547 530 22 28 0.022884745 
541 422 14 19 0.022799917 
510 344 9 10 0.022795668 
727 364 11 14 0.022791144 
536 344 7 10 0.022784475 
757 376 12 15 0.022783563 
904 359 10 13 0.022750152 
623 287 6 8 0.022689005 
401 303 6 9 0.02267474 
632 327 8 10 0.022669565 
799 441 14 18 0.022663236 
558 356 9 12 0.022633081 
555 427 14 18 0.022621028 
631 352 18 23 0.02261815 
605 414 21 24 0.022600317 
512 389 11 13 0.022592787 
492 411 12 16 0.022563322 
199 312 8 10 0.022554338 
488 311 7 10 0.022541339 
958 420 11 16 0.022540748 
1004 268 11 13 0.02253643 
376 327 7 8 0.022490826 
486 420 12 15 0.022454642 
156 399 16 18 0.022449706 
945 411 16 18 0.022388492 
911 375 10 14 0.02237414 
801 397 11 15 0.022350017 
479 334 7 9 0.022344846 
118 396 10 13 0.022331135 
336 336 8 9 0.022277014 
552 337 7 9 0.02224095 
696 350 8 11 0.022221576 
936 360 9 11 0.022212954 
303 312 6 9 0.022192718 
67 37 200 232 0.022176616 
135 303 7 9 0.022112805 
783 320 8 10 0.022067254 
886 304 7 8 0.022010235 
785 134 23 30 0.022003658 
760 278 8 10 0.022001462 
799 311 7 8 0.02199621 
88 372 9 12 0.021990037 
758 362 10 13 0.021983778 
128 333 10 11 0.021964872 
647 304 7 9 0.021946749 
989 452 15 20 0.02194234 
234 304 8 10 0.021936264 
761 273 7 10 0.021896852 
88 308 9 11 0.021883523 
549 426 13 18 0.021881256 
809 131 18 21 0.021874072 
446 381 12 15 0.02185063 
78 394 12 19 0.021837331 
814 359 9 11 0.021833148 
656 164 9 11 0.021826796 
4 571 30 36 0.021814546 
470 454 21 25 0.021811763 
561 305 8 9 0.021788478 
789 373 11 14 0.021764038 
720 158 9 10 0.021725703 
827 140 14 18 0.021699749 
79 502 24 33 0.021688545 
783 344 18 21 0.021675669 
203 347 19 24 0.021675536 
686 374 11 13 0.02166331 
812 462 16 22 0.021662882 
704 346 17 23 0.021634007 
600 349 10 11 0.021617007 
132 379 11 13 0.021609396 
96 350 8 11 0.02159171 
47 518 20 24 0.021570312 
511 496 27 29 0.021542406 
1005 254 8 10 0.021520663 
654 321 19 24 0.021498142 
732 409 17 20 0.021473415 
855 386 12 16 0.021461422 
945 340 9 11 0.02145986 
56 313 18 23 0.021361416 
126 357 9 11 0.021358171 
151 326 8 10 0.02133934 
753 178 12 14 0.021338046 
969 350 9 12 0.021331042 
247 336 8 9 0.021327812 
966 373 11 13 0.021316638 
999 365 9 11 0.021259993 
5 246 9 12 0.021202696 
781 140 13 17 0.021189056 
807 268 11 11 0.021166734 
398 372 10 13 0.021129858 
414 379 11 14 0.021095268 
168 385 13 16 0.021083394 
772 141 25 31 0.021071302 
207 362 11 13 0.021070551 
34 528 26 40 0.021052573 
794 277 8 10 0.021042326 
6 320 8 10 0.02101531 
360 380 9 11 0.020999063 
1000 303 8 9 0.020950925 
1011 482 12 21 0.020926742 
845 339 18 22 0.020911725 
913 309 8 10 0.02090933 
694 280 7 9 0.020906884 
881 297 6 8 0.020900467 
608 270 8 10 0.02088178 
741 343 9 11 0.020853518 
750 351 9 12 0.020853182 
291 403 10 15 0.020823188 
394 410 14 17 0.020815596 
762 380 14 17 0.020793205 
125 326 11 13 0.020790186 
1010 294 20 28 0.02078278 
491 397 11 14 0.020779531 
922 430 24 32 0.02075117 
480 303 6 8 0.020719828 
383 425 13 18 0.020698639 
344 336 7 9 0.020682968 
473 340 9 11 0.020675272 
614 384 9 11 0.020652054 
791 304 8 9 0.020648597 
950 378 11 14 0.020642854 
842 318 7 9 0.020635026 
556 387 11 14 0.020632282 
62 238 9 12 0.02062958 
0 379 11 16 0.020611389 
464 287 7 8 0.02060649 
712 321 18 22 0.020597644 
916 430 16 22 0.020589815 
576 357 9 12 0.020582795 
920 294 6 9 0.02053739 
673 349 10 11 0.020515922 
1005 376 20 29 0.020508865 
498 287 6 8 0.020477869 
111 292 8 12 0.02047339 
92 377 20 23 0.020456119 
108 328 20 23 0.020442797 
268 407 15 18 0.020437703 
375 337 8 9 0.020405345 
920 320 7 9 0.020402651 
498 296 7 9 0.02038467 
735 365 18 24 0.020356692 
991 280 8 9 0.020344352 
331 376 20 23 0.02033484 
980 471 17 24 0.02029891 
776 320 20 25 0.020283012 
935 343 8 9 0.020267427 
766 165 12 14 0.020243164 
278 336 7 8 0.020240124 
1008 363 18 25 0.020238984 
847 318 8 10 0.020228194 
934 374 10 12 0.020226171 
303 400 17 23 0.020222392 
243 479 22 26 0.020203993 
661 418 14 18 0.02020262 
489 289 7 8 0.020198843 
413 416 12 16 0.020176468 
799 379 10 14 0.020138957 
115 527 17 23 0.020043999 
