2_Demonstration_Demonstrators_2_41
87
390 368 102 167 0.9990671 
204 188 51 61 0.99840885 
822 494 46 60 0.9970482 
404 183 44 49 0.98093075 
954 502 44 56 0.9795929 
254 90 35 39 0.97892547 
633 442 40 54 0.9607777 
561 546 15 19 0.81652415 
888 513 13 16 0.45722413 
137 542 9 12 0.08919224 
873 540 28 37 0.07979151 
691 257 13 16 0.077719145 
542 485 14 17 0.075605 
142 548 8 10 0.074560314 
523 515 14 18 0.0707079 
84 540 10 12 0.06340756 
822 340 16 18 0.057135172 
713 503 24 30 0.055858564 
744 559 10 11 0.047048785 
730 355 25 28 0.045044996 
892 506 35 52 0.04429274 
904 520 32 43 0.043322556 
756 505 26 39 0.042751327 
840 509 36 44 0.04074398 
51 557 13 15 0.040448636 
749 564 10 12 0.039931633 
532 556 11 13 0.037443284 
708 522 13 16 0.035526585 
543 548 10 13 0.034769256 
526 550 11 15 0.033851206 
513 550 9 12 0.033438783 
623 318 11 13 0.032876305 
588 271 13 17 0.03271945 
700 512 43 56 0.03268815 
603 311 13 15 0.031112451 
875 504 21 28 0.03085115 
809 520 38 46 0.030530611 
575 165 12 18 0.03026697 
484 499 13 16 0.030249035 
904 447 11 14 0.03023772 
758 431 29 39 0.029890135 
531 566 11 13 0.029731302 
807 404 12 15 0.029703246 
95 552 9 12 0.029686067 
594 294 11 13 0.028910067 
543 495 13 17 0.027992034 
495 511 9 13 0.02798799 
624 270 11 13 0.027242016 
703 511 27 31 0.026681492 
528 572 11 12 0.026669608 
47 562 13 16 0.026096752 
554 547 11 15 0.025914261 
952 425 26 29 0.02584301 
71 527 8 10 0.025842113 
620 346 17 20 0.02580991 
992 599 11 14 0.025185747 
857 509 30 37 0.025067404 
389 95 10 13 0.025031839 
54 549 12 15 0.02429889 
135 536 10 12 0.02390942 
539 487 23 28 0.023905639 
578 271 16 20 0.02374912 
803 398 23 30 0.023731735 
745 362 14 18 0.023333682 
829 336 25 32 0.023298528 
525 582 10 12 0.023170652 
566 508 15 19 0.023170382 
1005 251 16 20 0.023076877 
520 589 11 14 0.02288145 
177 598 9 13 0.022864226 
161 551 8 10 0.022646274 
516 553 13 15 0.022490682 
915 526 34 42 0.022410864 
854 440 11 13 0.022278933 
127 590 21 25 0.022202326 
868 508 16 20 0.022073675 
652 258 14 17 0.022009322 
892 502 23 36 0.02200776 
150 543 9 12 0.021946983 
945 467 54 68 0.021376533 
880 530 30 39 0.021221878 
112 545 9 11 0.020976895 
844 331 13 17 0.020675292 
526 543 9 12 0.020665405 
64 518 8 11 0.020515222 
678 277 14 18 0.020130668 
165 552 8 11 0.020041976 
