2_Demonstration_Demonstration_Or_Protest_2_476
2431
623 560 28 32 0.99161035 
137 496 19 24 0.99098295 
991 592 24 33 0.99046296 
274 502 21 26 0.98786575 
692 599 35 39 0.98786235 
193 502 19 23 0.98504317 
428 366 17 22 0.9849519 
781 504 25 28 0.9845584 
192 553 22 27 0.9838133 
126 293 14 18 0.9825905 
81 343 17 21 0.98122555 
577 328 19 22 0.9798636 
333 222 13 16 0.97922266 
786 443 25 28 0.9772176 
604 333 17 23 0.9770996 
823 588 26 30 0.97260123 
749 469 24 29 0.9722758 
515 399 21 25 0.97205883 
121 359 18 22 0.9713099 
678 464 24 28 0.9703344 
947 445 26 30 0.96839416 
132 406 16 20 0.96711296 
754 578 30 32 0.96472967 
217 480 17 23 0.9627317 
627 455 24 29 0.96154547 
389 605 19 25 0.9607527 
474 283 16 19 0.9595543 
996 520 24 30 0.95886356 
875 532 27 35 0.9562433 
35 419 23 27 0.9525347 
28 223 15 17 0.94973916 
327 618 23 28 0.94916004 
740 373 24 28 0.9488016 
385 276 16 20 0.9472471 
524 467 17 22 0.94708306 
100 304 18 21 0.944035 
235 163 16 20 0.9434418 
50 253 17 19 0.94273007 
691 377 21 25 0.9403591 
274 294 19 22 0.94027025 
318 200 15 17 0.9360855 
589 386 22 26 0.93566865 
901 389 24 26 0.9344335 
267 227 14 19 0.9274657 
847 324 22 25 0.92725307 
767 403 24 27 0.92646617 
539 362 22 26 0.92524153 
643 324 21 26 0.92484134 
493 293 18 22 0.92449033 
12 251 16 20 0.92373025 
247 483 22 26 0.92341477 
801 413 23 28 0.92084277 
524 570 22 26 0.9204992 
460 427 22 28 0.92015606 
944 289 23 28 0.9175486 
173 304 18 22 0.91393566 
579 255 18 21 0.9138441 
989 373 26 29 0.9130197 
196 260 15 18 0.9102738 
439 344 19 24 0.9099421 
226 426 20 25 0.90783817 
7 330 18 22 0.90780514 
827 432 24 28 0.9059529 
91 481 19 22 0.90580887 
983 319 23 28 0.9048303 
928 402 26 29 0.9043241 
320 252 17 20 0.90361124 
530 249 17 21 0.9026909 
237 310 19 22 0.9009554 
303 610 22 27 0.90076536 
579 437 23 26 0.89666474 
730 508 24 28 0.8956083 
500 494 23 27 0.8953937 
812 289 19 22 0.89471126 
880 473 22 28 0.8940997 
781 182 15 18 0.893526 
752 263 20 23 0.89317083 
905 291 20 24 0.8912425 
620 174 14 18 0.8873335 
281 359 17 21 0.8872657 
804 221 17 20 0.8865762 
179 159 14 16 0.8807677 
63 439 20 25 0.8791313 
808 246 20 22 0.876465 
46 380 15 18 0.8763272 
920 257 20 23 0.8744608 
469 543 20 24 0.87444144 
108 427 22 24 0.8734253 
516 608 20 24 0.872461 
553 465 23 29 0.8691018 
622 300 21 25 0.8671399 
435 212 17 20 0.86642784 
443 462 19 23 0.8661921 
418 406 21 23 0.8656792 
283 405 19 23 0.8623276 
337 268 19 22 0.85980636 
425 491 23 27 0.8594797 
138 381 17 22 0.8583297 
639 429 21 25 0.8575564 
879 209 14 18 0.85499585 
46 233 14 16 0.8496133 
302 279 16 19 0.84853613 
401 170 14 18 0.848311 
499 352 17 20 0.84811944 
468 375 15 19 0.84503376 
421 340 17 20 0.84108335 
293 246 14 17 0.8362431 
922 627 21 28 0.8330525 
111 131 14 16 0.8250291 
638 371 21 26 0.8236703 
520 299 18 21 0.8186009 
509 215 16 19 0.81707585 
912 319 23 24 0.8168724 
169 119 16 19 0.81668144 
328 334 18 20 0.8135299 
908 190 14 16 0.80625135 
992 150 19 21 0.8018591 
878 415 25 31 0.80105203 
258 74 14 17 0.8004426 
885 175 14 18 0.8002092 
262 204 13 17 0.7988786 
80 419 19 23 0.7976015 
489 650 28 31 0.79710364 
372 295 15 19 0.7957484 
701 245 14 17 0.79144603 
456 263 15 20 0.790313 
27 356 17 21 0.7887846 
213 646 27 30 0.7886079 
887 357 22 27 0.7871394 
207 377 15 18 0.7839535 
661 215 17 21 0.7760416 
200 444 21 26 0.7731133 
213 281 13 17 0.77288204 
221 405 17 22 0.7662197 
646 74 13 16 0.7644748 
191 327 16 19 0.76445514 
733 104 13 17 0.7638512 
87 261 13 17 0.7553883 
722 147 16 19 0.7553045 
138 233 17 19 0.7534316 
562 554 22 29 0.7526163 
425 50 13 17 0.7480408 
789 101 14 16 0.7473425 
80 380 16 19 0.74682707 
575 364 19 21 0.7458585 
403 455 22 25 0.7421312 
572 501 23 25 0.73259354 
45 324 19 22 0.73143834 
825 181 15 17 0.7308545 
587 623 27 32 0.7303259 
360 247 19 22 0.7275601 
631 235 16 19 0.7272116 
733 281 19 21 0.7244933 
613 224 15 19 0.72025883 
181 404 16 20 0.71926665 
516 104 14 18 0.7164989 
366 323 17 19 0.71433616 
402 225 17 19 0.7021484 
239 386 19 22 0.70110184 
732 419 25 30 0.69843435 
314 371 18 22 0.69724435 
252 344 19 20 0.697179 
165 348 17 21 0.69549084 
503 179 13 16 0.693914 
185 428 17 22 0.6917228 
262 431 17 22 0.69103366 
360 441 21 25 0.6870985 
670 430 24 27 0.68510026 
133 155 12 16 0.68432343 
431 299 18 21 0.68352497 
927 164 14 18 0.6830438 
555 314 19 21 0.6816009 
701 145 14 17 0.6801671 
741 235 16 18 0.6767555 
112 178 13 17 0.6737946 
363 402 22 24 0.67174923 
383 188 18 20 0.67022634 
416 265 17 21 0.66409683 
143 210 14 17 0.6633644 
244 588 22 25 0.65810436 
714 96 13 17 0.65537447 
447 151 14 17 0.6444322 
94 232 15 17 0.64348245 
252 189 15 17 0.6429347 
651 531 29 33 0.6412488 
382 223 17 19 0.64109004 
314 169 14 18 0.6368124 
506 332 18 20 0.6362039 
331 111 14 15 0.6347556 
275 555 25 28 0.6328493 
868 298 18 20 0.63179463 
650 496 21 24 0.6316144 
376 376 17 20 0.6275945 
661 242 20 23 0.62466466 
215 221 14 18 0.6227583 
170 69 12 15 0.6226989 
629 123 13 15 0.620526 
338 353 17 22 0.61937594 
517 196 16 19 0.6177347 
900 76 13 15 0.6105446 
690 214 16 19 0.60578114 
692 202 14 16 0.6028065 
557 227 16 19 0.6023929 
332 495 22 25 0.5991484 
169 273 14 17 0.5975247 
150 164 15 18 0.59391963 
209 139 12 15 0.59352636 
527 162 13 17 0.5924464 
540 206 17 20 0.5908007 
243 234 13 17 0.5889885 
601 82 14 17 0.58421296 
292 208 16 19 0.58051854 
229 199 14 17 0.5769629 
90 70 14 16 0.5728853 
334 178 16 19 0.57138485 
827 74 12 15 0.5655813 
140 104 13 16 0.5634859 
324 292 19 23 0.5629776 
865 237 20 23 0.56122047 
131 187 14 16 0.56108916 
799 319 21 24 0.55790794 
303 341 20 22 0.5567777 
863 389 23 27 0.55437356 
675 181 12 15 0.5520367 
258 264 17 20 0.55175817 
734 206 16 19 0.5511994 
589 291 16 20 0.5502175 
591 109 12 14 0.5451421 
1003 218 17 20 0.540728 
756 150 14 15 0.53748995 
427 124 14 16 0.5365482 
905 238 18 21 0.5357782 
607 195 13 15 0.5333495 
623 52 12 15 0.53279996 
322 133 13 15 0.5295092 
398 255 16 19 0.5287759 
645 15 11 15 0.52872247 
625 198 12 14 0.5238618 
795 133 12 15 0.51405245 
552 297 17 19 0.51203835 
569 53 11 13 0.5106544 
458 235 17 21 0.5060222 
301 86 14 17 0.5054635 
112 153 14 16 0.50479066 
13 220 12 16 0.50253594 
285 95 13 15 0.50087607 
972 225 15 18 0.49938786 
20 271 17 19 0.49808863 
395 114 14 15 0.49788952 
846 131 13 15 0.49370503 
414 83 13 15 0.49308434 
171 185 15 18 0.48883694 
752 291 20 24 0.48510754 
440 49 12 15 0.48298082 
953 101 14 17 0.4798504 
259 195 15 18 0.47966385 
439 102 13 16 0.47905922 
137 468 21 24 0.4785364 
662 93 12 15 0.4762667 
680 156 14 16 0.47619617 
86 193 15 18 0.4708765 
188 283 17 18 0.469185 
63 66 11 13 0.46668765 
973 89 15 19 0.4657795 
445 86 11 13 0.46343052 
431 73 12 16 0.46266383 
153 187 13 16 0.45624438 
941 190 16 20 0.4552592 
551 100 12 14 0.45263836 
482 101 13 16 0.45170397 
471 332 19 21 0.4478825 
536 116 13 15 0.44758126 
409 35 13 16 0.4474361 
454 304 16 21 0.44713324 
488 35 11 13 0.43742788 
705 551 27 32 0.43723804 
180 220 13 15 0.43701038 
565 77 12 14 0.43546623 
993 242 21 27 0.434728 
68 300 13 17 0.4347069 
671 274 15 19 0.43402398 
933 227 16 18 0.431322 
402 433 19 22 0.42920506 
318 96 12 14 0.42841992 
270 111 12 14 0.42830983 
150 309 20 24 0.42575896 
146 429 20 22 0.42182526 
293 157 16 18 0.4217766 
89 130 12 16 0.4207891 
682 93 12 14 0.41723847 
190 234 15 17 0.4152988 
491 472 23 26 0.41496477 
99 402 19 22 0.41462043 
404 60 13 16 0.40801612 
772 153 14 16 0.4012022 
501 68 13 15 0.39979804 
940 357 28 32 0.3987322 
59 214 13 16 0.39605188 
770 92 14 16 0.39280134 
44 282 17 20 0.38899785 
1002 265 17 19 0.38443217 
523 45 11 14 0.3816452 
364 174 12 14 0.38073927 
478 216 16 18 0.38067865 
73 125 12 15 0.37819487 
254 245 14 16 0.37652838 
520 285 17 18 0.37382808 
848 234 15 17 0.37374172 
254 166 13 15 0.37357426 
423 148 13 17 0.37275258 
189 78 11 12 0.36781555 
90 219 14 16 0.3673306 
835 49 14 18 0.3670875 
286 127 12 14 0.36607483 
278 571 24 28 0.3654022 
856 178 17 21 0.36534065 
90 456 18 22 0.36094463 
692 259 16 19 0.35836312 
602 161 14 17 0.35710648 
206 79 12 14 0.35515383 
366 122 13 16 0.35337356 
332 435 18 22 0.35143167 
312 236 13 16 0.34679216 
333 63 15 18 0.3450063 
386 344 18 22 0.34257725 
477 181 13 16 0.34208268 
610 66 13 15 0.34147543 
812 268 17 20 0.34067154 
222 261 13 16 0.34038442 
40 203 13 15 0.33954287 
19 162 13 15 0.33936936 
402 126 12 15 0.33560428 
504 43 11 14 0.3350536 
683 164 13 15 0.32755557 
480 83 11 14 0.32433975 
716 128 13 16 0.32353956 
798 66 16 17 0.32333428 
204 101 14 17 0.3225341 
560 150 13 16 0.32244474 
503 236 16 20 0.3211283 
956 179 15 18 0.32002762 
482 227 16 20 0.31948817 
606 420 20 25 0.31838804 
376 35 13 17 0.3178256 
841 265 17 20 0.3167528 
677 119 11 14 0.31578937 
388 304 17 20 0.3156793 
748 67 11 13 0.3153685 
292 30 11 14 0.31511542 
696 122 13 16 0.31507516 
770 110 14 16 0.3141323 
351 101 13 15 0.3136364 
830 235 15 17 0.31329218 
341 400 18 22 0.3131772 
248 109 12 15 0.3125197 
651 42 11 14 0.31221485 
191 132 14 16 0.3110159 
944 243 18 22 0.30986166 
206 61 12 13 0.30657437 
583 140 12 14 0.30483848 
188 92 13 16 0.30214405 
641 166 11 14 0.29773185 
297 59 11 15 0.29756412 
1 488 16 21 0.29434714 
992 114 13 15 0.29245153 
899 197 14 17 0.29114383 
621 265 16 18 0.28552082 
645 60 11 14 0.28451845 
600 132 12 15 0.2818348 
361 367 18 21 0.2811821 
662 197 15 17 0.28088427 
863 219 15 18 0.2784597 
943 149 14 18 0.27716947 
231 116 14 16 0.2742083 
126 85 11 14 0.2717251 
210 242 14 16 0.27106622 
98 109 11 14 0.2710639 
368 69 11 13 0.27070263 
477 125 11 13 0.26955622 
803 157 12 15 0.26900658 
574 202 16 18 0.2688588 
688 171 13 16 0.2688122 
684 337 19 21 0.26770023 
780 250 17 20 0.26688218 
438 233 13 17 0.2665441 
945 383 27 29 0.2664801 
188 84 14 16 0.26555225 
415 91 13 18 0.26338693 
562 173 12 14 0.2616069 
908 296 24 28 0.25882253 
228 60 11 14 0.2586444 
181 25 15 17 0.25717708 
579 125 12 14 0.25616294 
779 45 13 15 0.25320628 
536 186 15 16 0.25224343 
654 189 12 13 0.25106338 
683 86 13 15 0.2506218 
664 303 17 22 0.2486496 
726 33 12 16 0.24797192 
927 122 14 17 0.24773301 
139 599 17 20 0.2471219 
374 9 12 15 0.2465771 
459 75 12 14 0.24634929 
519 146 12 15 0.2462639 
695 67 11 15 0.24585836 
551 260 14 18 0.2455854 
672 115 12 15 0.24316491 
676 55 10 12 0.24186012 
57 110 12 15 0.23992006 
573 12 12 13 0.23845065 
642 213 15 17 0.23819284 
260 134 14 16 0.23770928 
596 535 25 31 0.23764664 
863 414 25 31 0.23746979 
646 141 12 15 0.2364058 
516 67 12 13 0.23619486 
651 273 16 18 0.23520018 
663 362 20 25 0.23518732 
141 72 10 12 0.23482482 
608 12 10 12 0.23466727 
455 172 15 17 0.23397394 
558 69 12 13 0.23380317 
839 201 15 18 0.2335474 
774 35 13 15 0.23249243 
746 117 13 15 0.23148213 
526 233 15 17 0.23142447 
470 126 11 14 0.2297748 
774 218 15 17 0.22803599 
958 153 14 18 0.22772083 
581 149 13 16 0.22643514 
225 69 13 15 0.22424962 
735 435 24 29 0.22348316 
130 332 14 17 0.2224414 
985 415 24 27 0.22052743 
620 22 11 13 0.22001106 
635 98 12 14 0.2195477 
181 227 14 18 0.21912703 
800 162 13 17 0.21847095 
743 458 25 32 0.21493234 
365 206 13 15 0.21466993 
195 185 15 18 0.21254276 
593 53 9 11 0.2119108 
671 111 10 13 0.21086764 
687 11 10 13 0.2105944 
583 63 12 13 0.2101236 
480 69 10 14 0.20899875 
878 142 14 16 0.20898883 
95 169 14 17 0.20821892 
595 258 16 20 0.20790552 
486 60 11 13 0.20478582 
76 83 10 13 0.20418547 
737 44 11 14 0.20393316 
73 85 9 12 0.20318387 
103 61 8 10 0.20256326 
503 165 12 14 0.20187497 
694 44 12 14 0.20174843 
868 141 12 15 0.20095755 
676 77 11 13 0.19981313 
0 523 40 55 0.19976245 
687 62 11 14 0.19938532 
520 368 18 21 0.19917288 
582 99 13 15 0.1990916 
234 282 15 17 0.19896308 
487 145 14 16 0.1973339 
991 123 13 17 0.19701225 
703 54 10 12 0.19607623 
916 267 21 27 0.19565511 
299 190 13 16 0.19552006 
120 100 11 13 0.19514476 
742 165 12 14 0.19511724 
629 5 11 12 0.19505735 
465 130 11 15 0.19419882 
660 157 12 15 0.1933673 
700 46 11 12 0.19320954 
331 86 11 13 0.1931264 
607 209 13 16 0.19288494 
622 92 13 16 0.19267894 
69 305 15 19 0.19163877 
350 130 11 14 0.19143356 
6 286 15 21 0.1913796 
387 61 10 12 0.1913464 
894 123 14 17 0.19111982 
522 82 12 15 0.18953164 
65 194 14 15 0.18935098 
277 82 14 15 0.18793717 
629 30 9 13 0.18763913 
242 14 12 15 0.18761322 
56 86 10 13 0.18577132 
890 109 12 15 0.18333161 
270 153 15 16 0.18316019 
462 213 11 15 0.18301977 
203 169 16 19 0.182335 
135 64 9 11 0.17895883 
279 45 10 12 0.17843576 
629 94 13 16 0.17808597 
844 138 14 16 0.17723387 
552 12 10 12 0.17663927 
907 414 22 29 0.17660719 
953 171 16 19 0.17515363 
343 27 13 14 0.1747356 
968 208 18 21 0.1745625 
132 263 15 18 0.17446834 
578 169 14 17 0.17435402 
485 454 25 27 0.17151906 
186 69 12 15 0.17068405 
865 227 17 20 0.17049505 
526 51 11 13 0.16896556 
168 100 11 14 0.16870119 
774 66 12 15 0.16786474 
840 147 12 16 0.16769984 
565 133 12 13 0.1675571 
975 173 13 17 0.16754988 
150 93 10 12 0.16669136 
436 70 11 14 0.16662343 
600 180 11 15 0.16651535 
968 115 13 16 0.16633275 
445 5 13 14 0.16529018 
865 467 24 30 0.16499814 
762 178 13 16 0.16473252 
535 94 12 14 0.16423129 
125 79 11 13 0.16407089 
405 519 22 26 0.1628838 
863 35 11 13 0.16180092 
137 69 9 11 0.16066313 
235 91 12 14 0.16014682 
700 118 13 15 0.15949461 
236 290 16 17 0.15936702 
95 101 13 15 0.15859412 
341 157 11 13 0.15832332 
239 140 13 14 0.15824236 
172 1 11 11 0.1581661 
10 181 12 14 0.15812084 
414 196 15 18 0.15768047 
928 76 11 13 0.15759619 
737 449 24 28 0.15646693 
762 193 14 17 0.15646206 
401 288 15 18 0.15579739 
803 641 33 36 0.15525943 
385 69 11 15 0.15519762 
693 101 12 14 0.15460822 
360 47 11 14 0.15422036 
28 181 12 14 0.15370676 
77 101 9 13 0.15351689 
560 114 13 15 0.15348186 
863 265 16 18 0.15283622 
371 203 12 15 0.1522204 
533 60 10 13 0.1518493 
345 46 11 13 0.15168552 
977 278 19 21 0.1511887 
951 67 10 14 0.1510823 
239 44 11 12 0.15031718 
309 111 12 15 0.1498414 
562 281 14 18 0.14886245 
283 78 13 15 0.14864255 
508 69 11 13 0.14821413 
16 101 9 11 0.14783533 
499 90 12 15 0.14732343 
203 158 13 15 0.14704889 
813 172 14 17 0.14692819 
345 36 12 13 0.1464849 
486 391 16 19 0.14648393 
541 147 13 16 0.14643054 
275 433 19 24 0.1459978 
780 69 11 14 0.14591432 
616 148 11 14 0.14575994 
720 52 11 14 0.14550811 
744 90 12 14 0.14545484 
74 227 13 16 0.1449096 
599 138 12 15 0.14386193 
669 188 13 15 0.14377767 
132 86 9 13 0.14363003 
591 11 10 12 0.14362226 
687 54 11 13 0.14301415 
324 68 14 16 0.14258724 
398 243 15 18 0.1418463 
1005 447 17 24 0.14139965 
181 45 11 12 0.14074333 
69 328 16 18 0.14002146 
40 164 12 15 0.13971825 
82 292 16 17 0.13938445 
894 157 13 15 0.1391856 
62 91 10 12 0.13884751 
252 39 10 11 0.13866358 
908 79 11 14 0.1379678 
75 299 15 17 0.13788961 
347 244 13 17 0.1377436 
763 155 13 16 0.13763705 
326 156 11 14 0.13745126 
702 60 11 14 0.13735832 
694 11 9 12 0.13617139 
647 55 11 13 0.13604794 
947 141 14 16 0.13583311 
399 198 13 16 0.1356459 
400 92 12 15 0.13557003 
787 232 15 19 0.13520649 
401 84 10 13 0.13458598 
612 14 11 12 0.13413979 
150 268 14 17 0.134016 
327 77 12 15 0.1333776 
708 186 13 16 0.13337657 
273 466 23 26 0.13299628 
648 107 11 14 0.13233016 
718 171 11 15 0.13153201 
152 86 10 12 0.13149297 
158 24 12 14 0.13149272 
375 149 12 15 0.1310908 
563 71 13 14 0.13084863 
256 45 9 12 0.13051823 
844 155 12 15 0.13020459 
764 15 13 15 0.12950848 
568 6 10 12 0.1294056 
526 130 13 15 0.12893647 
805 212 16 20 0.12862693 
486 157 13 15 0.12848705 
510 125 12 16 0.12834506 
256 54 10 12 0.12795292 
859 117 11 14 0.12734906 
624 27 11 13 0.12663567 
854 172 15 19 0.12645821 
366 370 22 25 0.12635255 
767 131 12 15 0.12627694 
739 189 13 14 0.12609003 
564 142 12 13 0.1258741 
600 150 12 14 0.12546529 
805 29 12 15 0.12516941 
709 171 13 15 0.124861896 
303 114 12 14 0.12479321 
398 99 13 15 0.12462453 
303 432 16 20 0.12462104 
911 218 13 16 0.12396981 
204 187 15 19 0.123121314 
133 249 14 17 0.12224071 
316 158 13 16 0.12221435 
334 90 11 13 0.122031085 
559 219 18 20 0.121241085 
358 163 13 16 0.12046057 
494 487 22 27 0.1199512 
657 161 12 15 0.11959742 
365 131 13 16 0.11946792 
916 83 11 13 0.118470214 
134 240 16 18 0.118087284 
150 71 10 12 0.11789398 
259 92 11 14 0.11785268 
953 501 24 27 0.11750897 
660 190 13 15 0.11748911 
694 129 13 16 0.11666334 
310 126 11 13 0.116616756 
360 425 24 28 0.116264954 
816 136 10 12 0.11602807 
791 125 13 16 0.11590961 
768 543 32 35 0.115874104 
17 74 10 14 0.11536556 
126 63 9 11 0.11525106 
552 129 12 16 0.11524116 
492 197 14 17 0.11472261 
917 133 17 19 0.114633985 
272 102 12 14 0.11426487 
94 93 11 14 0.11404311 
254 59 11 13 0.113913134 
372 557 20 25 0.11385261 
533 131 12 15 0.11355477 
595 220 12 15 0.11304948 
542 76 12 14 0.11286416 
700 6 11 12 0.11238506 
866 77 14 16 0.11226834 
226 28 12 14 0.1122332 
559 179 13 15 0.11222319 
725 101 12 16 0.1122137 
685 100 12 13 0.11144404 
837 85 11 14 0.11127522 
577 355 19 22 0.111115746 
671 70 11 13 0.11077964 
877 164 11 15 0.10974572 
24 179 11 14 0.1096121 
787 19 14 17 0.109262705 
445 196 14 17 0.10915209 
779 38 12 16 0.10904919 
878 57 13 15 0.10894199 
232 277 13 15 0.10887651 
816 140 12 15 0.108450845 
278 93 13 16 0.10834867 
646 268 16 19 0.10817364 
628 150 11 14 0.10764456 
158 293 14 16 0.1074758 
877 197 14 16 0.10729553 
641 205 14 16 0.10713415 
433 313 16 20 0.106780246 
738 221 15 17 0.10522036 
239 51 11 14 0.1047381 
557 187 13 17 0.10471928 
302 135 11 14 0.10434678 
660 88 11 14 0.1042282 
450 117 14 16 0.104217686 
471 152 13 16 0.10413291 
293 149 14 15 0.10393597 
577 209 15 18 0.103810236 
229 54 11 13 0.10368564 
835 36 13 15 0.1031828 
231 101 11 13 0.103033856 
261 47 9 10 0.103010155 
614 157 13 16 0.10293103 
577 196 14 16 0.10273948 
619 165 14 16 0.10216083 
427 35 13 15 0.101955116 
871 289 20 24 0.1016797 
398 79 12 14 0.10148091 
112 108 11 14 0.1014327 
125 91 12 14 0.10134434 
799 33 13 16 0.10122355 
341 132 12 15 0.10097494 
210 170 15 19 0.10052677 
185 640 23 27 0.10035459 
595 376 23 26 0.10032943 
78 150 11 14 0.10008215 
712 125 12 15 0.099977665 
415 180 13 16 0.09969934 
757 143 13 15 0.099537656 
71 276 14 17 0.09952997 
12 175 12 14 0.09949892 
599 89 13 16 0.099360965 
997 254 21 25 0.09921917 
680 555 25 32 0.09905978 
67 64 11 13 0.09899707 
891 226 16 19 0.098681025 
202 111 15 17 0.09844058 
247 103 11 14 0.098397516 
585 75 11 13 0.09821225 
773 18 14 17 0.09820524 
273 172 13 16 0.097911045 
317 67 13 16 0.0978299 
446 123 13 15 0.0973777 
815 43 13 16 0.097292446 
315 60 13 16 0.09699152 
751 43 14 17 0.09680618 
190 371 14 18 0.09659865 
193 124 14 16 0.09655039 
147 100 12 15 0.096430525 
678 11 11 15 0.09627608 
141 0 13 17 0.09626419 
644 94 11 13 0.096258275 
200 44 11 14 0.0961532 
587 69 12 14 0.09581735 
853 167 12 14 0.0952773 
702 171 12 15 0.09519423 
269 139 13 14 0.095168866 
172 63 13 16 0.095049016 
69 146 12 15 0.09478541 
740 180 13 14 0.094751984 
427 28 12 15 0.09474306 
21 173 13 15 0.09469155 
541 85 11 13 0.09398708 
582 37 12 15 0.09374429 
588 135 12 15 0.09368045 
833 241 15 18 0.093101524 
364 229 12 15 0.093004435 
154 159 15 18 0.09294482 
323 100 12 14 0.092596546 
366 62 11 14 0.09252338 
412 234 14 17 0.09247763 
640 18 11 14 0.09187715 
701 12 10 12 0.09182813 
954 162 15 20 0.09125967 
264 38 10 11 0.09123892 
831 30 12 15 0.09095402 
493 422 22 26 0.090839185 
891 411 25 32 0.090729475 
919 100 13 15 0.090506785 
614 143 11 13 0.09045587 
580 178 14 17 0.0901175 
1003 98 12 16 0.089967474 
480 130 12 13 0.089766264 
898 56 14 17 0.08969949 
362 414 19 21 0.08969427 
915 59 13 15 0.089572825 
286 71 10 12 0.08939327 
504 249 16 18 0.089114346 
148 576 22 26 0.08892903 
871 91 12 14 0.088786975 
413 187 15 16 0.088694796 
190 117 11 14 0.088582516 
290 132 13 15 0.088495485 
622 139 13 15 0.08843075 
336 138 11 14 0.08839904 
645 101 12 15 0.08829962 
503 51 11 13 0.08828234 
596 117 11 14 0.087567195 
417 251 15 19 0.08745707 
238 59 11 13 0.08745085 
733 12 11 12 0.08728293 
654 194 13 15 0.08715607 
102 77 10 12 0.08700891 
709 86 12 14 0.08676036 
579 187 14 16 0.086737245 
22 117 13 15 0.0867337 
337 471 21 26 0.08665497 
853 461 24 31 0.0866298 
242 146 14 16 0.086478755 
183 62 12 14 0.08641279 
447 142 12 14 0.08634883 
597 101 11 13 0.086222515 
916 108 13 15 0.08614982 
572 391 17 21 0.086130194 
612 115 13 16 0.08601615 
864 146 12 15 0.08585639 
597 246 16 20 0.08549571 
39 142 13 14 0.08511483 
417 243 16 19 0.08507882 
872 396 18 23 0.08465741 
394 342 16 20 0.08462729 
403 467 18 23 0.08460224 
914 41 15 17 0.08441042 
589 204 12 16 0.084292166 
482 76 13 15 0.084013194 
869 157 13 16 0.08396914 
205 66 11 14 0.08369406 
284 433 20 24 0.08368443 
975 267 18 19 0.08338504 
887 90 12 14 0.08331271 
636 442 24 31 0.083222985 
317 45 12 13 0.0830461 
739 196 14 15 0.08285334 
617 280 17 19 0.08278206 
459 82 14 16 0.08273 
61 204 13 17 0.082623616 
247 37 11 13 0.082474686 
292 92 12 16 0.08243996 
296 84 13 17 0.0823625 
870 84 13 15 0.08196317 
205 54 12 15 0.08194783 
603 127 13 15 0.08187457 
338 115 13 16 0.08153084 
360 178 13 16 0.08148258 
660 37 12 15 0.08133055 
222 346 14 17 0.08130592 
117 70 11 13 0.08090622 
831 82 12 15 0.080713 
249 115 13 15 0.0806071 
232 87 11 13 0.08059385 
534 431 21 26 0.08054182 
689 46 11 12 0.08053263 
472 119 11 13 0.08040465 
692 167 12 16 0.079446234 
233 110 13 15 0.07932461 
485 441 21 28 0.07921163 
155 613 14 20 0.07918977 
561 29 10 13 0.07900776 
314 108 12 14 0.078496814 
471 68 11 14 0.07848902 
895 319 23 26 0.07844967 
891 115 14 16 0.07844898 
262 323 15 20 0.07841858 
357 186 13 16 0.07832841 
230 37 11 13 0.07832786 
563 165 13 17 0.07817755 
399 234 15 18 0.078139804 
688 108 12 13 0.07802471 
705 249 15 18 0.077989615 
484 286 19 24 0.07795938 
250 237 14 17 0.077876166 
396 150 12 15 0.0774324 
907 274 16 18 0.0773424 
699 196 13 16 0.0770966 
484 125 11 13 0.07708419 
174 319 14 19 0.07708342 
73 322 16 19 0.077018045 
314 230 14 17 0.07700378 
278 441 22 25 0.07691331 
310 132 10 13 0.076907165 
150 77 11 14 0.076671734 
894 83 13 17 0.076669455 
470 51 11 14 0.076550916 
88 92 10 13 0.076511234 
383 86 12 15 0.07609371 
758 160 15 16 0.07604777 
26 91 11 15 0.076020174 
695 251 15 19 0.07599677 
311 337 20 25 0.07583285 
586 236 14 17 0.075077206 
673 60 11 13 0.07503225 
815 28 11 13 0.07493236 
568 101 11 13 0.07486094 
144 85 9 12 0.07480545 
360 211 13 16 0.074770115 
372 107 13 15 0.07473471 
533 67 12 14 0.074705675 
267 119 14 17 0.07442382 
556 7 10 12 0.074402116 
525 556 25 29 0.07426477 
228 337 15 18 0.07420172 
411 172 13 15 0.07412912 
490 30 12 14 0.07412848 
201 68 10 13 0.073737234 
133 13 14 17 0.07364977 
868 305 22 27 0.073602185 
805 206 15 17 0.07347312 
661 149 13 15 0.07323223 
572 48 11 12 0.07307821 
884 315 24 28 0.07306619 
93 64 11 13 0.07304919 
457 70 11 15 0.07280667 
714 259 14 18 0.0727751 
85 633 26 31 0.07262143 
676 444 28 36 0.07249228 
332 29 11 13 0.072440736 
627 129 13 16 0.07239966 
678 424 26 29 0.072301835 
157 220 14 18 0.072289936 
137 129 12 16 0.072205774 
411 69 11 13 0.07216017 
228 267 14 16 0.07213273 
742 173 11 14 0.07205248 
223 47 11 12 0.07192905 
86 213 14 17 0.07179459 
177 13 10 13 0.07119563 
642 171 13 15 0.071004406 
198 84 10 13 0.0705062 
895 397 28 35 0.07038784 
219 315 14 18 0.07016578 
802 75 13 17 0.06995785 
205 304 15 18 0.06992301 
181 149 15 18 0.06981118 
640 76 12 15 0.069768585 
102 85 11 13 0.06976827 
325 414 16 19 0.06972054 
150 63 10 11 0.069699936 
168 107 12 16 0.06960014 
73 313 16 18 0.06945247 
488 43 12 14 0.06944875 
120 62 10 12 0.06937125 
867 438 22 28 0.06927319 
769 60 11 14 0.06918773 
79 205 12 15 0.06908502 
567 58 11 13 0.06902696 
46 62 10 11 0.06885939 
836 250 15 17 0.06871405 
832 227 16 19 0.068633765 
265 30 10 11 0.06853052 
363 219 13 16 0.06848433 
98 221 13 15 0.06833572 
600 368 23 26 0.06830146 
453 29 11 14 0.06829542 
224 53 11 13 0.06814869 
441 93 12 15 0.06806679 
318 128 13 16 0.06796239 
139 123 14 17 0.067946546 
719 13 10 12 0.06791829 
698 264 16 20 0.06783257 
529 14 9 11 0.06776691 
118 21 9 11 0.06774021 
584 23 9 12 0.06770628 
308 91 14 16 0.06767573 
287 249 14 18 0.06752027 
564 126 11 13 0.06737004 
224 3 11 12 0.06727659 
341 150 13 15 0.06717394 
83 199 16 18 0.067044534 
910 52 14 16 0.06693569 
445 67 11 14 0.06679075 
271 55 10 11 0.06678361 
371 116 13 16 0.0666189 
585 106 12 15 0.066596285 
773 144 12 14 0.06653848 
68 220 12 16 0.06649313 
396 436 18 22 0.06627161 
820 12 14 16 0.06617374 
181 37 13 15 0.06609415 
131 324 15 18 0.06602854 
820 155 13 14 0.06583074 
854 27 13 15 0.06578844 
116 106 12 15 0.065723106 
279 584 23 27 0.065692775 
27 164 11 13 0.065660104 
507 222 16 20 0.065646164 
146 218 14 17 0.065604374 
555 95 12 14 0.065342315 
931 71 13 16 0.06526593 
93 48 10 12 0.06522653 
668 157 11 14 0.06515696 
371 211 13 16 0.065129004 
272 84 11 14 0.06501373 
183 87 11 14 0.06495479 
327 55 10 12 0.064548776 
941 84 13 17 0.06452442 
263 124 14 16 0.06444454 
718 179 12 16 0.064313136 
559 23 9 11 0.0640542 
774 50 12 16 0.06391457 
914 212 13 15 0.06391042 
312 99 12 15 0.06390607 
349 78 11 13 0.06388137 
844 277 17 21 0.06387131 
392 110 12 15 0.06386532 
199 165 14 16 0.063656025 
198 298 13 18 0.06363525 
475 148 13 17 0.063320965 
911 403 23 29 0.06310951 
258 542 17 21 0.06300055 
275 141 12 14 0.06286373 
510 113 13 17 0.06283971 
174 95 10 14 0.06275687 
350 188 13 16 0.06256365 
706 141 13 17 0.062406786 
200 51 11 15 0.062236317 
331 35 11 14 0.062153164 
931 210 16 18 0.06207152 
558 132 12 13 0.062045626 
822 360 21 29 0.06201106 
205 390 16 21 0.0619667 
122 84 10 14 0.06160884 
437 170 13 15 0.061554678 
672 13 11 13 0.061553728 
612 7 10 12 0.061510444 
141 114 14 17 0.06146372 
94 177 14 17 0.061410107 
158 211 14 17 0.06126526 
98 242 15 17 0.061183363 
356 92 12 15 0.061172605 
143 292 13 15 0.06100047 
291 99 12 14 0.06097069 
316 616 22 29 0.060968168 
192 180 13 17 0.060938306 
453 163 15 17 0.06092679 
679 142 12 14 0.060905382 
875 400 25 33 0.060903985 
99 70 11 13 0.060795803 
326 37 11 12 0.06070173 
349 93 13 16 0.06066739 
744 64 12 14 0.06062937 
778 227 17 18 0.060470924 
837 78 12 14 0.06046286 
668 415 24 28 0.06036314 
189 334 17 22 0.060330693 
145 92 10 13 0.060244653 
295 109 11 13 0.06009694 
308 363 19 22 0.059993736 
796 421 26 32 0.059962332 
44 427 24 28 0.05969174 
485 473 17 22 0.059677605 
520 52 11 12 0.05967185 
779 259 20 26 0.059659664 
691 179 12 14 0.059562594 
485 3 10 13 0.059513677 
581 12 10 13 0.05946808 
120 77 10 12 0.05945437 
453 83 13 17 0.05942743 
746 84 13 16 0.059403148 
567 22 9 11 0.05939199 
660 29 11 13 0.059154227 
640 199 10 13 0.059048798 
651 51 12 16 0.058950413 
630 60 10 13 0.058819573 
803 84 13 15 0.058731493 
147 230 14 18 0.058692306 
773 173 13 16 0.058661558 
855 77 12 15 0.058341082 
808 92 11 14 0.058287736 
212 55 11 13 0.05821972 
37 208 14 17 0.058189083 
733 60 10 14 0.057982724 
176 28 11 14 0.05795644 
921 280 17 23 0.057901345 
204 95 13 15 0.057788838 
451 4 11 13 0.057751358 
129 354 17 22 0.057656925 
80 62 9 12 0.05760273 
956 118 12 15 0.057523623 
452 183 15 18 0.057507105 
185 162 14 16 0.057440914 
227 22 11 13 0.057344496 
239 77 12 14 0.057310276 
141 63 10 11 0.057270646 
68 203 13 16 0.05722957 
502 125 12 16 0.057131626 
815 422 23 26 0.056999207 
479 92 13 16 0.05693985 
261 420 15 19 0.056871597 
818 164 14 16 0.056816205 
285 120 13 14 0.05679257 
406 20 12 14 0.056782734 
442 302 19 24 0.05672131 
607 220 14 18 0.056645125 
827 116 14 17 0.056631956 
445 37 10 13 0.056605887 
525 318 14 19 0.056592826 
624 133 12 15 0.05652326 
342 126 12 15 0.056477077 
333 479 22 26 0.056432053 
881 216 16 19 0.056413736 
293 141 13 15 0.056401223 
600 170 13 17 0.05618532 
629 212 12 14 0.05597165 
531 158 13 16 0.055926736 
760 18 11 15 0.055872105 
421 172 11 13 0.055847626 
460 91 11 14 0.055506065 
261 220 14 17 0.05550559 
222 34 12 15 0.055360597 
948 276 16 18 0.05535239 
614 37 11 14 0.055281296 
83 150 13 15 0.05497777 
446 188 15 17 0.054966535 
76 178 11 14 0.05495497 
915 610 23 28 0.054818947 
572 492 20 22 0.054757524 
304 125 11 13 0.054706585 
550 105 13 16 0.054690592 
313 68 10 14 0.05465185 
721 228 13 17 0.05456733 
695 140 13 16 0.054471295 
589 211 13 17 0.054360747 
754 51 14 16 0.054356903 
934 82 13 17 0.054155603 
346 19 13 16 0.054112043 
726 59 12 14 0.05406669 
357 138 12 15 0.054041263 
707 60 11 13 0.054020394 
159 309 20 25 0.053999327 
423 129 14 16 0.053982813 
666 101 12 14 0.053942576 
630 35 11 13 0.053923767 
218 170 15 19 0.053820375 
390 256 16 20 0.053726878 
982 129 13 16 0.053719934 
231 234 13 17 0.053580802 
363 185 14 16 0.053521592 
764 138 12 15 0.053463235 
848 162 11 15 0.053406585 
93 155 13 16 0.053295013 
310 141 11 13 0.053279072 
576 142 10 13 0.0531455 
192 291 16 17 0.05279258 
731 38 13 14 0.05276343 
405 261 19 24 0.052760243 
519 93 11 14 0.052748464 
37 156 14 16 0.052565206 
477 639 26 31 0.052512266 
55 80 9 12 0.052448235 
469 37 11 13 0.05222562 
334 122 13 17 0.052118097 
568 91 10 14 0.052101795 
805 170 14 16 0.052075513 
511 63 11 13 0.051961757 
619 329 15 19 0.05193772 
320 37 10 12 0.051933296 
564 109 13 15 0.05183701 
882 429 27 31 0.051743373 
725 5 12 14 0.05172195 
323 93 12 15 0.05169745 
703 181 12 16 0.051676396 
278 51 10 13 0.05159047 
494 14 11 13 0.051555254 
175 52 11 14 0.051542383 
523 141 12 15 0.051433556 
6 410 22 30 0.051419076 
805 189 13 15 0.051399373 
799 82 12 14 0.051398747 
827 193 14 17 0.05132506 
824 106 13 17 0.051287312 
782 74 12 15 0.05125077 
184 140 14 16 0.051233694 
750 155 14 16 0.051113542 
937 233 16 19 0.05111247 
725 165 12 15 0.051081523 
820 29 12 14 0.05106716 
201 59 12 15 0.051040594 
560 34 10 14 0.050998423 
311 147 12 14 0.050990343 
566 1 9 9 0.050982818 
181 52 11 13 0.050936844 
273 92 11 14 0.050931253 
651 14 11 14 0.050901953 
445 131 13 15 0.0508474 
770 124 14 17 0.050832633 
748 12 11 14 0.050825853 
675 111 12 14 0.050536014 
88 64 9 11 0.050443284 
819 35 13 16 0.050363917 
257 250 15 17 0.050319348 
526 67 12 14 0.050275255 
343 13 11 16 0.05012021 
575 340 21 25 0.050108586 
392 154 12 15 0.050099373 
579 268 16 21 0.05003562 
591 47 11 13 0.049993735 
151 141 12 14 0.049940355 
812 186 13 15 0.049927175 
377 291 16 19 0.04984148 
211 313 16 20 0.049828697 
422 164 12 15 0.04980054 
135 4 14 16 0.049733073 
813 91 11 14 0.049724806 
573 59 11 14 0.049562275 
645 198 11 14 0.049521342 
531 171 14 16 0.049467992 
156 77 11 14 0.049393125 
832 90 11 14 0.049330544 
116 260 14 19 0.049294513 
957 226 14 18 0.049280267 
127 69 10 12 0.0492763 
693 52 11 13 0.04923318 
926 211 13 15 0.049123295 
819 211 14 16 0.04903867 
652 20 11 12 0.049022283 
724 235 13 18 0.049013812 
708 118 11 12 0.048953883 
672 121 12 16 0.0488687 
125 46 9 11 0.04879631 
824 233 13 18 0.048751526 
277 550 16 21 0.04870318 
141 315 15 19 0.048584048 
329 277 22 25 0.048548333 
414 166 11 14 0.048513565 
549 197 14 17 0.048430074 
619 223 12 16 0.04841551 
469 13 11 13 0.04837561 
582 28 11 14 0.048247926 
348 84 12 15 0.04824069 
301 270 15 19 0.048229493 
722 132 14 16 0.048210498 
818 173 16 18 0.04815902 
198 77 11 15 0.048152804 
634 118 13 16 0.04814147 
426 139 14 16 0.04810693 
544 8 9 11 0.04802499 
631 68 12 14 0.04799295 
548 148 12 16 0.047979187 
302 101 10 14 0.0479757 
242 134 13 16 0.047952488 
228 140 14 16 0.047929402 
229 190 14 17 0.047867335 
245 44 11 13 0.047840934 
237 299 16 19 0.047775943 
425 118 12 16 0.04774784 
374 165 11 13 0.047707733 
184 417 20 25 0.047679186 
913 283 20 27 0.04763315 
630 10 10 13 0.047628775 
727 12 10 13 0.04738185 
108 85 10 13 0.04736545 
44 464 20 27 0.047350973 
477 203 15 17 0.047336962 
471 100 12 15 0.047318764 
188 110 13 16 0.047291115 
270 47 10 10 0.04728613 
269 61 11 13 0.047208507 
444 390 16 20 0.04718956 
240 69 10 12 0.04717532 
202 178 16 19 0.04715685 
231 46 10 12 0.04710319 
468 76 12 15 0.047082808 
596 205 12 15 0.04707484 
723 170 12 15 0.046969604 
659 268 14 20 0.046905227 
818 19 14 16 0.0468271 
576 148 12 15 0.046691887 
411 312 16 21 0.04666903 
139 150 12 15 0.046660222 
383 232 15 19 0.046626393 
891 241 15 19 0.04649186 
844 190 14 17 0.046478134 
958 64 10 12 0.046420865 
168 2 11 14 0.046400215 
638 68 12 15 0.04639905 
276 187 14 17 0.046373036 
677 175 13 15 0.046360347 
476 46 12 14 0.046334594 
93 86 12 14 0.04632424 
43 293 17 20 0.04625133 
886 124 13 16 0.04617159 
655 86 11 13 0.04616483 
288 4 10 12 0.04615972 
820 53 13 16 0.046131164 
55 126 13 16 0.04599177 
932 284 23 30 0.04592246 
179 249 14 17 0.04590936 
652 299 16 20 0.04580362 
653 148 12 15 0.04570328 
78 106 11 14 0.04565007 
20 72 9 12 0.045582004 
459 166 13 17 0.045523375 
701 26 13 15 0.045502435 
333 157 11 14 0.04543714 
857 493 23 30 0.045314033 
54 104 10 12 0.045305163 
112 70 10 13 0.045278877 
573 216 13 18 0.045231503 
330 507 21 27 0.045200866 
256 5 10 13 0.045159385 
138 260 15 19 0.045135196 
551 19 11 13 0.045131203 
260 62 13 14 0.045014895 
440 3 12 15 0.045009665 
522 102 13 16 0.04499834 
570 84 12 15 0.044969823 
265 273 15 18 0.044957824 
425 22 11 14 0.044919472 
14 274 14 18 0.04490816 
326 60 14 17 0.044844896 
7 115 10 14 0.044772826 
655 202 13 16 0.044745278 
903 99 11 14 0.044728808 
100 362 15 19 0.044655416 
128 183 13 16 0.04458718 
167 141 13 16 0.044551335 
734 124 12 15 0.044535547 
220 155 14 17 0.0444273 
950 135 13 15 0.04422033 
846 27 12 16 0.04415069 
278 0 9 11 0.04414608 
931 157 16 20 0.044066533 
894 150 14 15 0.044010814 
266 76 13 16 0.043986615 
516 126 11 14 0.043980278 
314 116 13 14 0.043860957 
13 86 10 12 0.04378208 
157 203 14 17 0.043743104 
193 137 14 17 0.043738384 
694 27 11 14 0.043566957 
504 1 10 10 0.043554474 
902 90 12 15 0.043481097 
494 125 10 13 0.043479726 
13 93 10 14 0.04346211 
176 45 10 13 0.043442342 
343 79 11 14 0.04337787 
604 100 11 13 0.043365404 
484 201 14 17 0.043339793 
511 76 10 14 0.043301333 
302 305 16 19 0.043251917 
822 204 13 16 0.043198757 
686 347 23 26 0.043195345 
518 170 12 16 0.043143064 
493 53 9 13 0.0431288 
247 32 11 12 0.043121334 
670 176 12 14 0.043099277 
139 346 16 21 0.043098558 
815 85 11 14 0.04308956 
329 406 21 24 0.042987578 
464 3 10 13 0.042972337 
167 50 11 14 0.04296624 
135 76 10 13 0.042958137 
259 99 13 15 0.04295659 
889 260 16 18 0.0429251 
862 454 23 28 0.042873155 
807 99 12 15 0.042817827 
580 118 14 15 0.04280672 
252 101 13 15 0.04280412 
807 140 10 13 0.042802397 
384 242 12 15 0.042753704 
444 242 14 17 0.042732045 
490 431 18 22 0.04272171 
317 149 12 15 0.042587757 
371 172 12 14 0.042583138 
923 95 14 16 0.04252439 
719 69 11 14 0.042458765 
977 96 15 18 0.04239371 
598 62 10 12 0.04239005 
54 180 11 15 0.042365253 
90 289 15 18 0.042357188 
286 139 13 16 0.0422925 
268 38 10 11 0.04226426 
7 278 12 16 0.04218494 
182 116 12 16 0.042181652 
132 347 16 20 0.042162996 
168 180 14 18 0.042159047 
256 138 13 15 0.042157277 
612 492 24 29 0.04214155 
90 138 14 16 0.04211525 
723 181 12 15 0.04211082 
400 67 12 14 0.042089075 
742 12 12 13 0.04206895 
247 61 10 13 0.04199394 
28 194 12 15 0.041932475 
323 383 15 20 0.04191654 
260 0 10 10 0.041782804 
391 280 19 24 0.04162849 
818 148 13 15 0.04159665 
522 41 10 12 0.041596107 
603 141 12 14 0.04156073 
478 258 14 17 0.04154401 
534 75 11 14 0.041523393 
123 576 15 19 0.041514497 
575 155 13 16 0.041510504 
725 188 13 16 0.041482385 
880 171 13 16 0.041442662 
75 119 13 15 0.041360725 
955 131 12 16 0.04128871 
563 548 17 22 0.041259177 
486 117 11 13 0.041243393 
67 211 12 15 0.041231755 
70 179 12 14 0.041108355 
70 92 9 12 0.041090224 
941 272 16 19 0.04102294 
382 350 17 22 0.041015565 
480 139 12 16 0.041015547 
117 15 9 12 0.040937353 
669 141 12 14 0.040877502 
110 114 14 17 0.040868636 
49 104 9 11 0.040865373 
216 36 11 14 0.040837273 
245 78 10 14 0.040817108 
649 133 14 16 0.040764894 
6 354 14 20 0.040718056 
442 201 15 19 0.040699974 
694 189 12 15 0.04069446 
372 74 12 14 0.040665023 
877 439 23 30 0.040619437 
718 235 13 17 0.040583216 
111 160 15 17 0.04056083 
94 302 16 19 0.04046733 
405 139 13 15 0.040427573 
24 187 13 18 0.040398985 
499 141 11 15 0.040359877 
277 454 24 28 0.04032042 
1002 188 16 18 0.040292222 
858 506 25 30 0.040251087 
877 65 14 17 0.040208016 
279 133 12 14 0.04019253 
612 123 12 14 0.04017255 
294 116 11 14 0.04017187 
381 166 11 13 0.040087577 
520 164 13 16 0.040071636 
126 202 13 16 0.040032126 
119 45 11 12 0.04002903 
468 212 13 17 0.039989308 
101 260 12 15 0.03998704 
639 146 12 16 0.039978407 
324 162 12 16 0.039955664 
597 213 12 14 0.039941374 
443 291 14 18 0.03989421 
29 88 11 13 0.03987193 
377 5 13 15 0.03985763 
179 240 15 19 0.039826076 
221 397 15 18 0.039794873 
702 111 12 14 0.0397305 
980 305 38 52 0.03970758 
910 103 11 14 0.03968212 
381 101 12 16 0.039669927 
229 15 10 12 0.039667174 
478 164 13 17 0.039602395 
885 156 12 15 0.03960128 
88 55 9 10 0.039520603 
655 276 21 24 0.039435927 
670 133 12 15 0.039355606 
42 170 13 15 0.039352417 
484 495 16 21 0.039350417 
508 534 22 29 0.03934477 
882 456 29 35 0.039334558 
781 84 12 14 0.039271217 
955 140 11 15 0.039253987 
707 193 13 17 0.03925064 
256 13 9 13 0.0392389 
469 140 13 15 0.03918735 
509 1 10 10 0.0391708 
649 503 27 31 0.03915145 
752 29 11 13 0.039148632 
183 97 12 16 0.039147593 
373 180 12 16 0.03914103 
582 6 11 13 0.039059944 
637 5 10 11 0.039040186 
856 111 11 14 0.0390382 
622 231 18 22 0.038993366 
648 283 22 26 0.038962554 
517 278 15 19 0.03883779 
623 36 11 14 0.038837228 
822 316 15 19 0.038816746 
536 140 11 14 0.038574528 
493 286 16 19 0.03850807 
512 85 10 13 0.038442444 
124 53 10 12 0.03843972 
227 394 15 19 0.038429487 
517 130 13 16 0.03840294 
573 18 11 13 0.03839177 
294 227 12 15 0.03830881 
503 213 15 18 0.038231082 
444 60 13 16 0.03814511 
447 30 11 13 0.038140595 
176 38 11 13 0.038140323 
261 5 11 13 0.03813281 
535 31 9 12 0.038008444 
908 225 15 18 0.03796861 
326 188 13 16 0.037951555 
735 50 12 15 0.037867498 
315 245 16 19 0.037867296 
898 9 14 16 0.037865248 
334 393 21 25 0.03779338 
274 115 13 16 0.037774973 
83 304 15 19 0.037749756 
259 170 11 14 0.03774473 
664 13 8 12 0.037640247 
198 376 14 19 0.03761024 
367 437 18 21 0.037586596 
197 149 13 14 0.037517924 
323 172 12 15 0.037495114 
830 220 15 17 0.037447874 
191 173 14 16 0.037402574 
511 203 19 23 0.037333384 
664 69 10 13 0.037328754 
780 26 13 16 0.037323616 
91 250 15 18 0.037304565 
762 202 14 17 0.03729078 
587 244 15 18 0.037288975 
517 180 13 16 0.037254803 
398 20 11 14 0.037215777 
973 305 16 21 0.037214972 
937 250 21 25 0.037212137 
165 451 14 19 0.037206985 
435 129 13 16 0.037164364 
759 556 32 37 0.037088543 
293 196 19 23 0.03705709 
583 540 22 29 0.03700643 
103 140 11 15 0.03699221 
462 62 11 14 0.036989033 
689 197 13 16 0.036987837 
59 225 14 17 0.03698404 
319 31 10 12 0.036948156 
390 164 12 15 0.036948126 
88 512 22 27 0.036886003 
724 66 13 16 0.036874484 
538 175 13 16 0.036835626 
863 247 16 20 0.03683231 
60 124 13 15 0.036758304 
964 63 10 11 0.036725428 
157 70 10 12 0.03670614 
988 179 13 15 0.036664665 
587 263 15 19 0.03662723 
300 596 25 30 0.036502082 
187 145 14 17 0.03646494 
72 108 9 12 0.03639267 
783 123 11 15 0.03631984 
470 82 11 15 0.03629788 
830 56 15 19 0.03626951 
574 69 10 13 0.03624132 
853 201 14 19 0.036232244 
253 31 11 12 0.036199246 
749 75 12 15 0.03610906 
198 12 11 14 0.036103502 
245 68 10 13 0.03608036 
279 13 10 13 0.036071654 
550 188 13 16 0.036061462 
582 84 12 15 0.035993315 
623 105 12 15 0.035936903 
101 148 10 14 0.03593322 
938 208 16 19 0.035915326 
141 56 11 12 0.03588392 
823 122 13 16 0.035877224 
848 451 24 29 0.035866152 
121 536 22 26 0.03581945 
264 109 12 15 0.035677228 
876 85 12 15 0.035656393 
621 15 11 12 0.035648312 
666 148 13 15 0.03564529 
869 212 14 18 0.03563984 
859 408 18 22 0.035630904 
630 221 12 15 0.035599176 
367 30 12 14 0.03550352 
842 207 15 18 0.03549836 
588 228 14 16 0.035386015 
510 53 10 12 0.035372443 
94 149 12 15 0.03536538 
223 84 11 14 0.03531244 
622 117 12 15 0.03530925 
309 77 11 13 0.03528068 
75 282 15 17 0.035220534 
935 90 12 16 0.035196114 
251 228 12 16 0.035150487 
503 358 17 19 0.035136536 
89 234 13 16 0.035115898 
352 139 11 15 0.03508951 
598 12 9 12 0.035074078 
806 150 11 15 0.03505367 
869 59 15 17 0.035029806 
685 117 12 15 0.03502062 
286 207 14 18 0.03501828 
261 317 13 16 0.03496196 
749 449 26 32 0.03492835 
132 316 14 17 0.034898628 
748 172 13 16 0.03488823 
72 53 10 11 0.03488116 
127 260 13 19 0.034867004 
46 182 12 15 0.034856606 
740 49 13 15 0.034835182 
727 22 11 14 0.034784134 
349 149 12 14 0.034776073 
62 293 15 19 0.034738705 
270 165 14 16 0.03473589 
101 204 12 15 0.034719337 
534 14 9 11 0.034715142 
557 214 14 17 0.034696594 
901 267 15 20 0.03469037 
769 86 12 15 0.03461436 
126 39 10 12 0.034604196 
455 245 21 25 0.03459381 
164 16 11 12 0.03458609 
439 36 11 14 0.034577113 
406 440 18 22 0.03451684 
875 100 12 15 0.034471527 
684 325 17 18 0.034443818 
278 206 12 14 0.034435056 
844 76 13 16 0.03442957 
920 460 23 29 0.03439665 
100 212 12 15 0.034392737 
858 427 23 29 0.034391914 
97 462 18 21 0.034369607 
794 20 14 17 0.034333795 
389 565 13 19 0.03431166 
887 248 15 19 0.03431127 
639 218 13 16 0.034300614 
246 54 9 12 0.03430005 
337 212 14 17 0.03428414 
358 69 11 14 0.03412722 
76 45 11 13 0.03412505 
6 313 14 17 0.034123763 
976 64 10 12 0.034123335 
540 196 15 17 0.03411224 
806 21 13 17 0.03406203 
223 16 11 12 0.034029193 
215 16 10 12 0.033970132 
591 441 17 21 0.033959955 
789 317 21 26 0.033950854 
784 243 16 19 0.033885915 
372 18 15 18 0.033823732 
494 131 12 15 0.03382369 
18 244 14 18 0.033763178 
432 107 14 16 0.033762086 
797 13 12 14 0.033760812 
772 160 13 17 0.033760004 
472 107 11 14 0.03374717 
301 258 14 17 0.033743907 
450 12 10 13 0.03374357 
209 298 16 20 0.03374338 
548 115 12 15 0.03373349 
79 196 13 16 0.033681884 
916 604 17 22 0.03365895 
374 142 12 14 0.03364858 
573 100 12 14 0.033624757 
628 87 12 14 0.033620827 
849 266 16 19 0.033587616 
892 198 18 22 0.03358462 
627 242 22 25 0.03357168 
191 12 12 13 0.033557694 
61 103 10 13 0.03355264 
136 54 10 12 0.03355223 
464 54 10 12 0.03352235 
735 211 19 23 0.033493694 
798 41 14 17 0.033442087 
329 22 10 12 0.03342522 
28 330 13 18 0.0333782 
756 58 12 16 0.033349685 
237 237 15 18 0.03332856 
356 149 12 14 0.033306297 
128 194 13 17 0.033275023 
405 1 12 15 0.03327172 
315 393 16 21 0.033229366 
261 282 15 18 0.033212386 
766 53 12 16 0.033202548 
356 18 12 16 0.03319942 
337 429 17 21 0.033182003 
673 20 10 14 0.033175778 
920 414 24 31 0.03316097 
571 407 18 22 0.03315787 
221 132 12 15 0.033151865 
573 271 15 20 0.033116896 
431 186 12 16 0.033075333 
495 275 14 18 0.03299036 
148 132 13 16 0.03292684 
808 180 13 15 0.032925755 
830 149 11 14 0.03290485 
290 396 17 21 0.03289715 
355 290 14 17 0.032880068 
344 6 10 13 0.032871276 
286 107 12 14 0.032867055 
99 376 16 19 0.032860667 
377 402 16 19 0.032851223 
553 70 10 12 0.03282713 
469 203 13 17 0.032781705 
210 190 14 18 0.032764282 
147 123 12 15 0.032690514 
363 264 15 19 0.032669682 
397 27 12 14 0.032669682 
781 118 11 14 0.03266807 
780 93 14 16 0.03266721 
708 54 11 13 0.03266431 
263 231 14 18 0.032655235 
127 150 12 15 0.03265491 
25 279 16 18 0.032635298 
140 10 13 16 0.032613266 
268 377 16 20 0.032559708 
380 214 15 18 0.032554455 
229 206 15 19 0.032549433 
617 93 10 14 0.03254816 
899 118 13 17 0.03251832 
465 241 14 18 0.03251202 
662 434 22 27 0.03250403 
636 29 12 15 0.032482747 
708 264 15 20 0.03245911 
890 209 16 17 0.032457903 
405 97 12 16 0.032445118 
454 229 15 19 0.03238344 
906 55 21 24 0.03235458 
267 69 12 15 0.03232203 
722 125 14 15 0.03231796 
249 314 14 17 0.032303188 
708 67 11 14 0.032301743 
519 154 13 15 0.032275066 
949 218 12 15 0.03226356 
73 139 14 16 0.032241344 
131 579 15 18 0.032195836 
331 102 14 16 0.03219411 
779 17 19 23 0.032114867 
505 172 14 18 0.03208111 
124 349 16 19 0.032071754 
313 54 11 15 0.03205994 
553 253 15 18 0.03204219 
291 253 16 20 0.032030378 
294 238 13 16 0.03202167 
308 350 22 26 0.03201285 
209 277 12 16 0.032012597 
805 41 13 17 0.031997513 
453 293 13 17 0.03198873 
61 46 9 11 0.03192352 
180 277 13 16 0.031916887 
105 396 18 22 0.03188497 
372 197 14 16 0.031836405 
441 226 14 18 0.0318271 
684 78 13 15 0.031822402 
79 93 9 13 0.031798728 
482 171 15 17 0.03178937 
548 85 12 13 0.031772956 
440 17 11 15 0.031771895 
924 265 23 26 0.031751312 
887 104 12 14 0.031747486 
170 377 16 19 0.031732995 
749 197 11 15 0.03171762 
846 20 12 15 0.031703662 
448 180 13 16 0.031688713 
147 301 16 18 0.031650893 
391 121 13 18 0.031638015 
302 370 14 18 0.031586573 
193 432 16 21 0.031555694 
501 257 16 19 0.031524915 
1000 197 21 28 0.03151057 
476 195 15 18 0.031452443 
88 226 14 17 0.03144 
287 156 14 18 0.031430718 
676 218 13 18 0.031378284 
228 251 15 17 0.031358942 
158 108 11 15 0.031352468 
511 20 10 14 0.031333447 
718 141 14 17 0.031332172 
878 269 13 16 0.031218389 
668 409 19 22 0.031181715 
755 37 13 16 0.031163216 
287 53 9 12 0.031157568 
773 233 16 19 0.031062381 
734 240 15 18 0.031049868 
876 156 14 17 0.031039529 
227 363 16 20 0.03099137 
175 234 14 18 0.030971935 
537 256 15 18 0.030903045 
590 84 11 14 0.030892497 
222 147 14 17 0.03087872 
967 85 15 19 0.030857539 
624 2 10 11 0.030856082 
233 121 14 16 0.030835459 
475 362 16 20 0.030824702 
493 62 10 13 0.030814487 
621 69 11 14 0.030801427 
675 28 11 15 0.030758344 
382 258 14 18 0.03074467 
78 53 10 11 0.030743465 
168 193 13 17 0.030739686 
369 12 11 15 0.030704241 
388 28 11 14 0.030687034 
785 192 15 17 0.030683076 
977 232 16 19 0.030671364 
590 164 11 14 0.030628394 
630 107 11 14 0.030595327 
699 502 24 31 0.030585142 
608 110 11 12 0.030578088 
711 13 9 12 0.030567106 
863 154 12 16 0.030563835 
180 314 18 23 0.030501487 
542 100 11 14 0.03049329 
344 100 12 15 0.030492857 
926 49 13 19 0.030449307 
471 44 12 15 0.030437004 
574 132 11 13 0.030416 
718 104 12 15 0.030392582 
497 147 13 15 0.030391598 
176 86 10 12 0.03035921 
903 171 11 14 0.030348903 
874 278 21 26 0.030344503 
614 28 12 13 0.03029765 
853 94 12 14 0.030286744 
922 108 13 15 0.030254837 
747 203 13 17 0.030219423 
643 156 14 16 0.030208671 
300 67 12 13 0.030206848 
535 86 11 14 0.030175462 
34 275 20 23 0.03017376 
944 68 10 13 0.030133767 
469 342 17 21 0.03005877 
998 224 23 32 0.030035602 
746 250 22 27 0.030007264 
6 394 14 20 0.029977644 
280 70 11 13 0.02996475 
343 93 11 13 0.029802319 
797 149 13 16 0.029780574 
229 157 15 19 0.029758476 
972 197 14 17 0.029745847 
374 225 14 17 0.029716732 
14 324 21 25 0.029712703 
491 233 14 19 0.02967375 
155 272 14 18 0.029668417 
790 85 11 13 0.029665858 
278 61 10 12 0.02966119 
523 92 13 15 0.029654028 
171 174 16 18 0.029645536 
100 411 21 26 0.029598152 
111 44 11 13 0.029535796 
564 214 14 17 0.029481715 
180 290 16 19 0.029475773 
176 179 15 18 0.029471127 
319 13 10 13 0.02946018 
786 266 21 26 0.029449776 
805 134 11 13 0.029438427 
600 390 19 22 0.029398995 
44 409 22 26 0.029393869 
608 30 10 12 0.02939236 
87 30 8 10 0.029392099 
14 118 11 14 0.029350767 
446 173 11 15 0.029337322 
293 25 10 13 0.029326169 
644 278 16 21 0.029322397 
287 23 10 13 0.029313358 
164 297 19 23 0.029297298 
430 93 10 14 0.029253982 
388 55 11 14 0.02924076 
279 252 12 16 0.029227106 
188 46 10 11 0.029195562 
204 253 12 16 0.029189 
571 546 24 28 0.029159915 
301 458 16 21 0.02914716 
285 227 13 16 0.029130325 
492 117 11 15 0.02912094 
93 370 16 19 0.02906164 
266 314 17 19 0.029060965 
248 391 19 21 0.028970355 
101 31 9 11 0.028932236 
261 13 10 13 0.028874382 
511 28 11 13 0.028868744 
143 299 13 16 0.028865933 
917 145 14 17 0.02885166 
386 357 17 21 0.028842099 
654 171 12 15 0.028823938 
550 28 11 13 0.028812751 
308 258 14 18 0.028808491 
153 28 11 13 0.028796295 
588 180 11 15 0.028789546 
42 543 18 25 0.028770676 
702 74 11 15 0.028755743 
101 46 10 12 0.028744895 
351 70 11 13 0.02854013 
109 53 10 13 0.028525447 
773 256 16 21 0.028504526 
139 586 23 26 0.028494755 
572 373 18 22 0.028490802 
224 101 11 14 0.028467074 
193 274 15 17 0.02844919 
478 473 16 21 0.028442726 
198 93 11 14 0.02840446 
424 69 10 14 0.028377866 
110 76 9 12 0.028367694 
670 47 11 13 0.028327681 
735 172 12 14 0.028274404 
636 106 13 16 0.028255321 
726 114 12 15 0.028234145 
87 162 14 18 0.02821691 
505 184 14 17 0.02818808 
279 21 10 12 0.028162364 
639 158 12 16 0.028130885 
27 400 14 18 0.028115237 
406 187 13 16 0.02809228 
180 5 10 12 0.028091732 
475 408 16 19 0.028084043 
879 36 14 16 0.02802782 
356 315 14 19 0.028017055 
469 4 11 13 0.027994724 
125 300 16 20 0.027964646 
518 249 13 17 0.02794298 
470 420 22 28 0.027932463 
641 421 17 20 0.027906135 
967 219 15 19 0.027865889 
533 45 10 12 0.027862174 
517 234 14 18 0.027842356 
8 314 21 25 0.027816977 
219 214 14 17 0.027783332 
65 143 10 13 0.027747728 
867 187 14 17 0.027747111 
403 107 13 16 0.027738513 
194 591 17 21 0.02773276 
641 55 9 12 0.027732288 
91 329 15 19 0.027696574 
10 92 8 12 0.027690073 
308 462 17 22 0.027682493 
726 287 16 21 0.027660284 
524 356 14 17 0.027647 
53 156 11 14 0.027632544 
577 391 23 28 0.027592499 
6 386 12 17 0.027571395 
101 124 13 15 0.027527597 
392 350 17 20 0.027526338 
295 42 10 14 0.02750357 
287 568 19 22 0.027457707 
482 186 14 16 0.027375981 
72 428 21 26 0.027362041 
841 125 12 16 0.027286347 
300 37 11 13 0.027248656 
206 291 14 18 0.027236778 
912 138 13 17 0.027235225 
32 147 12 15 0.027195776 
396 2 15 16 0.02718865 
514 146 11 14 0.027188255 
531 320 14 20 0.027186759 
244 371 16 19 0.02714809 
163 35 13 14 0.027136087 
749 180 11 15 0.027129302 
719 21 11 14 0.027128542 
185 397 16 20 0.027127523 
925 58 12 16 0.027121997 
61 384 15 20 0.027073346 
512 62 19 23 0.027065473 
128 14 11 14 0.02704492 
311 175 14 17 0.02704413 
53 164 11 13 0.027043594 
214 127 11 14 0.027035415 
367 149 11 14 0.027024137 
212 143 13 17 0.027012445 
900 164 13 16 0.026993059 
13 453 22 28 0.026969818 
654 216 16 21 0.026956443 
933 139 11 16 0.02694749 
788 61 12 15 0.026917487 
747 221 12 16 0.02686331 
688 38 12 14 0.026841901 
758 77 11 14 0.026836503 
632 75 11 13 0.02683228 
455 62 11 14 0.026818808 
575 94 11 14 0.0267981 
118 28 10 11 0.026787337 
661 171 13 15 0.02678489 
415 157 12 14 0.02677384 
632 304 15 20 0.026750827 
589 37 10 14 0.026747538 
53 151 11 13 0.026741829 
646 179 11 14 0.026725592 
245 0 10 10 0.026696721 
413 14 10 13 0.026693543 
335 207 11 15 0.02668407 
177 214 12 16 0.026662124 
552 231 14 19 0.026632829 
554 324 18 22 0.026610581 
937 220 16 19 0.026586318 
876 189 14 16 0.02657043 
617 44 11 13 0.026531084 
609 161 18 23 0.026514078 
279 31 9 11 0.026484862 
876 75 13 15 0.026442908 
301 349 16 20 0.026441582 
268 327 21 24 0.026434083 
366 198 13 16 0.026418122 
502 35 18 21 0.02641285 
810 253 22 25 0.02636971 
790 35 11 15 0.026347633 
436 284 15 18 0.026342914 
389 102 12 15 0.026342833 
705 92 11 15 0.02631164 
293 78 11 14 0.02631118 
420 302 20 25 0.026274791 
106 275 14 17 0.026261821 
501 20 11 13 0.026235322 
8 166 9 12 0.02622427 
560 1 10 10 0.026194347 
286 147 12 16 0.026188333 
244 579 18 22 0.02615042 
112 14 10 12 0.026142346 
78 389 16 21 0.026130088 
255 219 12 15 0.026117206 
629 23 10 12 0.026081411 
49 276 15 19 0.026073312 
806 12 12 15 0.026067602 
952 123 12 15 0.026028166 
220 187 13 16 0.02599791 
99 505 16 21 0.025978366 
482 423 21 27 0.025975171 
471 377 20 25 0.02597511 
464 34 11 14 0.02596346 
954 286 23 30 0.025952004 
301 44 11 14 0.025933413 
382 55 12 14 0.025902547 
108 266 15 18 0.02588551 
133 201 14 17 0.025872862 
742 131 13 16 0.02586799 
861 302 17 20 0.025867222 
5 157 11 14 0.025866797 
360 234 19 24 0.025780851 
405 147 11 14 0.025769167 
317 191 14 18 0.025754936 
716 186 13 16 0.025721168 
748 188 12 14 0.025720315 
627 46 13 15 0.025720274 
332 44 11 13 0.02571239 
691 222 15 19 0.025711766 
836 189 14 17 0.025674714 
884 17 14 15 0.025641069 
224 93 11 13 0.025618117 
521 188 15 18 0.025598304 
539 314 14 19 0.025594292 
335 163 11 14 0.025582358 
27 231 14 18 0.025574807 
452 109 13 16 0.025572412 
910 67 12 14 0.025556251 
139 19 11 14 0.025516806 
590 22 10 12 0.0255025 
220 179 13 17 0.025469158 
155 261 14 17 0.025446389 
20 316 16 19 0.025436679 
724 42 13 16 0.025432365 
407 77 12 14 0.025410004 
862 42 13 16 0.02539583 
151 300 21 24 0.025284538 
26 112 12 13 0.025269613 
954 233 16 18 0.025267897 
516 223 15 19 0.025262306 
709 211 13 16 0.025238035 
960 184 15 19 0.025234954 
709 45 11 14 0.02516638 
204 123 13 16 0.025165219 
101 282 12 16 0.025145585 
31 203 12 15 0.025133936 
847 170 12 16 0.025128799 
884 267 14 17 0.025122197 
175 294 13 16 0.025073297 
545 346 22 27 0.025072077 
117 250 13 18 0.025067264 
332 22 12 14 0.025037669 
19 149 13 15 0.025032701 
221 140 14 16 0.025029548 
733 165 12 15 0.02502073 
473 185 13 17 0.025010692 
8 225 12 18 0.02500461 
245 180 13 16 0.02498985 
779 141 12 15 0.024989821 
541 536 16 21 0.024977956 
100 155 11 15 0.024975343 
452 130 13 16 0.024963073 
558 45 11 14 0.024958117 
358 124 13 16 0.024937976 
11 192 13 17 0.024937378 
821 82 13 15 0.024853075 
852 157 11 14 0.024831496 
400 505 24 30 0.024829198 
170 563 16 20 0.024820317 
502 99 10 14 0.024815358 
46 69 10 12 0.024812335 
216 259 12 16 0.02476977 
404 214 14 16 0.024726316 
36 180 12 15 0.0247199 
820 497 24 28 0.024705127 
59 552 26 28 0.024701618 
866 269 22 24 0.024673067 
629 187 12 15 0.024661843 
469 94 12 14 0.024646727 
254 298 13 18 0.024628034 
442 332 21 24 0.024624709 
105 458 16 19 0.02462215 
412 509 24 30 0.024618968 
885 235 14 20 0.024605082 
643 289 16 19 0.024601871 
495 268 13 16 0.024596358 
516 28 11 12 0.02459583 
154 92 12 14 0.024591997 
331 54 13 15 0.024590129 
259 290 14 17 0.02457603 
1001 148 15 19 0.024567425 
583 231 13 15 0.02456126 
732 111 13 17 0.024559444 
852 122 14 17 0.02455195 
471 217 13 17 0.024533259 
697 340 15 19 0.024518536 
645 304 16 20 0.02449103 
148 410 16 18 0.024473824 
613 0 10 11 0.024469089 
106 385 17 19 0.024455763 
70 154 13 15 0.024446698 
843 316 19 23 0.024446614 
157 99 11 16 0.024441184 
882 41 15 17 0.024409493 
300 228 12 16 0.024398709 
14 235 13 16 0.02439295 
415 458 17 20 0.024387414 
710 156 12 15 0.024381336 
963 69 12 13 0.024379047 
526 116 12 14 0.024371583 
365 86 11 13 0.024350652 
588 156 12 14 0.024337417 
278 211 13 17 0.024335373 
92 406 18 22 0.024303678 
285 188 12 16 0.02430062 
436 113 12 16 0.024292687 
478 21 10 13 0.02428274 
686 188 11 14 0.0242582 
922 41 14 19 0.02423804 
108 242 13 18 0.024235334 
453 367 14 18 0.024217343 
438 395 14 18 0.024210982 
933 351 26 29 0.02420101 
829 211 13 16 0.024188204 
842 56 15 20 0.02416878 
479 1 11 10 0.02416769 
509 159 10 13 0.024152268 
171 498 17 22 0.024115862 
378 309 20 24 0.024115141 
788 68 13 16 0.024079492 
60 180 13 15 0.024075162 
841 236 19 22 0.024067761 
312 46 10 13 0.024038194 
506 293 14 19 0.024031745 
893 141 12 15 0.024031242 
444 16 13 16 0.024022443 
948 94 14 17 0.02401806 
228 132 14 16 0.024006601 
973 165 14 17 0.023994008 
894 297 15 21 0.023993226 
649 443 23 29 0.023973916 
720 27 11 15 0.023960903 
863 317 21 27 0.023949014 
381 200 13 17 0.02391788 
806 271 15 20 0.02390956 
102 35 10 13 0.023879182 
889 331 25 29 0.02386618 
501 425 22 29 0.023860427 
438 30 11 14 0.023850076 
118 202 12 17 0.02384984 
391 130 12 14 0.023849377 
707 407 21 27 0.023795154 
563 187 13 17 0.023755874 
789 464 24 30 0.023755543 
799 188 12 16 0.023714535 
669 37 11 13 0.023713427 
177 21 11 14 0.02370906 
499 366 17 22 0.023693364 
813 385 24 28 0.023685204 
199 20 11 13 0.023648271 
932 57 13 16 0.023647055 
494 5 10 13 0.023621665 
177 346 14 18 0.023613846 
331 384 15 19 0.023608336 
789 219 13 18 0.02360124 
96 31 9 10 0.023596253 
45 222 12 15 0.023549952 
496 1 9 10 0.023546377 
555 202 14 17 0.023525693 
508 266 15 18 0.02352132 
46 56 10 11 0.02351761 
286 216 14 19 0.02351474 
193 343 15 19 0.023457838 
842 252 16 18 0.023455463 
647 8 10 12 0.023439085 
274 230 15 19 0.0234244 
844 35 12 14 0.02340939 
660 182 12 14 0.023369102 
608 19 10 12 0.023359101 
429 171 12 14 0.023344552 
715 291 17 21 0.023339408 
143 162 13 17 0.023334872 
749 21 12 15 0.023333736 
769 28 13 16 0.023326587 
765 75 12 15 0.023315769 
337 331 15 20 0.023310443 
318 88 12 15 0.023306074 
85 109 11 14 0.023295809 
377 187 12 16 0.023284841 
379 23 14 17 0.02326391 
162 225 14 18 0.02323765 
719 58 11 14 0.023223791 
212 249 14 17 0.023214621 
723 221 13 16 0.023198212 
255 272 14 18 0.023191782 
235 332 15 18 0.023191554 
677 132 12 15 0.023186667 
739 38 14 16 0.023184342 
468 401 16 21 0.023165349 
358 38 10 13 0.023150919 
454 220 12 16 0.023130676 
469 172 14 17 0.023117526 
253 400 15 19 0.023105593 
165 126 17 19 0.023089059 
828 203 13 17 0.023075769 
910 112 14 17 0.023066202 
828 11 14 16 0.023058867 
708 26 13 16 0.023055375 
691 270 17 21 0.023037178 
702 269 21 25 0.023008397 
231 313 15 19 0.02300014 
375 2 11 12 0.022997053 
872 194 13 17 0.022994718 
560 83 12 14 0.02296717 
549 76 10 13 0.022960303 
15 123 12 15 0.02295821 
481 408 21 26 0.02294066 
107 236 13 14 0.022914585 
127 252 12 15 0.02291243 
814 77 11 14 0.02291119 
360 59 11 14 0.022904338 
213 156 12 15 0.02290105 
385 379 14 18 0.02288262 
414 492 24 28 0.022878272 
575 31 11 12 0.022870896 
582 55 11 12 0.022854438 
708 237 15 18 0.022838725 
511 324 21 23 0.022838056 
479 37 10 13 0.022822998 
86 86 10 14 0.022820557 
229 398 21 25 0.022796178 
645 126 11 14 0.022792479 
481 329 17 21 0.022786025 
659 542 31 34 0.02278509 
550 181 12 15 0.02277264 
260 448 17 21 0.022769107 
862 80 13 16 0.022768078 
831 142 10 13 0.022742359 
740 241 20 25 0.022737075 
186 73 19 21 0.02271686 
964 120 15 17 0.022691244 
74 487 16 22 0.022652172 
335 14 11 13 0.022602756 
835 66 14 18 0.022602407 
180 450 15 20 0.02260148 
470 1 10 10 0.02258099 
481 29 10 13 0.02256929 
774 74 12 16 0.022564994 
637 178 12 16 0.022551175 
823 327 20 25 0.022539185 
345 358 16 21 0.022522455 
324 14 11 13 0.022520052 
468 363 16 21 0.022504333 
385 496 22 27 0.022498272 
244 94 11 14 0.02248793 
417 228 14 18 0.022467325 
364 91 12 15 0.022465082 
718 433 23 31 0.02246202 
717 203 13 16 0.022437328 
404 273 16 20 0.022412373 
700 100 12 15 0.022394028 
895 67 19 23 0.022333803 
91 376 15 20 0.022329351 
853 51 13 16 0.022313476 
4 473 14 20 0.022304209 
797 247 21 26 0.022299012 
8 213 13 18 0.022294395 
412 140 12 16 0.022270158 
114 20 9 11 0.022260735 
477 456 17 20 0.022252494 
126 315 13 17 0.022251086 
87 39 9 10 0.022229267 
148 10 11 13 0.022181388 
50 85 10 12 0.022176616 
777 147 14 18 0.022169245 
275 479 18 20 0.02215832 
397 521 22 30 0.022147527 
598 22 9 12 0.022142004 
653 6 11 12 0.0221365 
645 332 24 29 0.02212644 
789 76 12 14 0.022112267 
687 27 12 15 0.022105346 
366 101 12 15 0.022101186 
536 148 12 14 0.022099165 
30 157 11 15 0.022093073 
539 59 11 14 0.02207235 
709 204 13 16 0.022064889 
182 556 24 29 0.022050098 
853 308 15 18 0.022012949 
399 54 13 16 0.02200145 
654 249 15 19 0.021993881 
277 287 14 18 0.021988543 
125 19 11 14 0.021987315 
806 293 17 21 0.021978665 
633 384 21 28 0.021968814 
974 187 14 16 0.021960914 
233 269 15 17 0.021957655 
51 186 13 15 0.021942083 
322 365 15 20 0.021937426 
498 195 14 18 0.021935657 
731 19 13 16 0.021922704 
270 22 10 13 0.021922678 
205 320 14 19 0.0218873 
198 30 10 12 0.021878144 
118 347 14 18 0.021868924 
155 63 12 13 0.021810807 
625 271 16 19 0.021790322 
891 304 16 22 0.021788223 
862 133 12 15 0.021785337 
532 214 16 20 0.021783223 
576 35 12 14 0.021776026 
311 5 10 13 0.021749435 
820 92 12 15 0.021731757 
688 19 10 13 0.021689843 
908 256 15 20 0.02167822 
170 455 20 25 0.021671249 
246 121 13 16 0.021649342 
455 210 12 17 0.021648554 
723 94 12 15 0.021642728 
866 66 17 19 0.021633368 
389 385 15 18 0.021615282 
716 509 25 31 0.021597361 
113 539 21 27 0.021594439 
728 208 14 18 0.021537539 
723 75 13 16 0.021533228 
22 99 10 12 0.021531912 
159 116 10 14 0.021526204 
781 106 13 17 0.021522665 
799 205 13 17 0.021508357 
284 257 15 19 0.021501152 
187 297 14 19 0.02149007 
845 99 13 16 0.021489179 
709 440 23 30 0.021484848 
150 540 13 17 0.021469163 
435 179 14 17 0.02146637 
637 290 13 18 0.021454198 
548 139 12 17 0.02144439 
858 192 15 19 0.02142748 
583 504 18 21 0.021404682 
946 422 25 28 0.021398863 
372 60 12 15 0.02136108 
483 398 21 24 0.021360226 
934 98 11 15 0.021345181 
253 410 16 20 0.021326125 
230 242 14 18 0.021318203 
942 282 18 24 0.021269273 
671 82 12 15 0.02123731 
261 22 11 13 0.021232028 
556 285 21 24 0.021223726 
860 165 13 16 0.021218427 
402 116 13 16 0.021214496 
36 188 13 16 0.0212029 
691 364 18 20 0.021197908 
208 106 14 16 0.021189382 
451 22 12 14 0.021167757 
284 462 22 26 0.021158379 
189 53 11 13 0.021142218 
484 239 15 19 0.021141998 
143 307 15 19 0.021138083 
459 361 15 20 0.021110214 
518 5 10 11 0.021105442 
261 156 12 15 0.02110273 
218 278 13 16 0.021097196 
837 174 11 14 0.021094512 
512 14 9 12 0.021086179 
942 98 13 16 0.021080265 
848 309 24 30 0.021079576 
748 282 19 25 0.021059766 
109 292 14 18 0.021049147 
493 241 15 20 0.021032829 
330 527 18 22 0.021023624 
602 296 16 21 0.020984694 
662 22 10 13 0.020977637 
369 330 22 25 0.020959863 
829 247 15 19 0.020955121 
404 157 12 15 0.02091543 
878 133 13 16 0.020915065 
769 443 25 30 0.020906193 
689 430 23 29 0.020903138 
613 135 10 12 0.020862738 
618 316 20 26 0.020854305 
304 22 9 12 0.020850532 
349 59 12 15 0.020840073 
293 4 11 13 0.02082522 
464 46 10 12 0.02078541 
235 188 12 16 0.02078278 
938 160 16 19 0.02077828 
696 1 12 12 0.020710435 
266 544 16 20 0.0207081 
650 261 16 19 0.020684822 
647 30 9 12 0.020637909 
732 67 12 15 0.020612242 
-1 395 21 33 0.020609297 
487 13 10 13 0.02060738 
98 194 12 16 0.020593021 
273 0 10 11 0.020585163 
958 386 16 20 0.02055011 
717 196 13 15 0.02054989 
195 317 14 19 0.02054815 
391 13 12 15 0.020541292 
183 131 13 16 0.02053775 
465 387 20 27 0.020531388 
589 124 11 14 0.020512024 
326 441 22 27 0.020505892 
636 187 12 14 0.020503385 
32 347 17 22 0.020498343 
836 18 15 18 0.020487761 
215 44 11 13 0.020481952 
217 468 22 27 0.02045589 
654 101 12 14 0.02043566 
804 125 11 13 0.020408697 
221 124 13 15 0.020397197 
111 92 9 12 0.020382147 
781 202 13 16 0.02038146 
29 215 15 18 0.02036606 
867 31 12 14 0.020332064 
226 354 16 19 0.020330694 
637 35 12 15 0.020284249 
51 402 15 19 0.020264288 
590 296 22 25 0.020262007 
716 119 13 15 0.020253679 
588 171 11 16 0.020240137 
983 152 15 19 0.02022252 
863 93 10 13 0.02022072 
13 109 11 13 0.020218972 
517 385 24 29 0.020209178 
708 292 16 21 0.020172587 
644 379 22 27 0.020093858 
348 312 15 19 0.020093644 
861 70 15 17 0.02008942 
359 467 14 21 0.020070504 
524 638 22 30 0.02006306 
987 90 12 18 0.02005975 
731 154 12 15 0.020056956 
677 270 20 25 0.020041222 
382 56 18 23 0.020040408 
470 196 13 16 0.020026904 
