2_Demonstration_Demonstration_Or_Protest_2_79
183
902 623 29 36 0.9713756 
702 538 11 13 0.7018905 
641 575 12 15 0.6585291 
605 565 11 14 0.568225 
535 598 10 13 0.5114575 
691 509 9 12 0.48301837 
636 622 14 16 0.4199128 
816 519 13 16 0.40042236 
663 571 9 11 0.39258808 
553 591 10 14 0.38508314 
571 587 11 16 0.3767677 
649 523 9 11 0.22691578 
704 568 8 10 0.2243506 
761 566 10 13 0.20736277 
868 571 10 15 0.18791859 
596 581 11 15 0.15458941 
962 618 55 71 0.14802307 
739 555 12 15 0.13891652 
613 557 11 13 0.1333789 
686 559 8 9 0.13035426 
730 551 8 11 0.12633592 
951 590 30 45 0.12237093 
687 565 9 12 0.116180405 
675 565 11 13 0.11110791 
657 615 10 12 0.10874029 
671 549 9 12 0.10873641 
734 551 10 13 0.10326037 
570 634 15 18 0.101865 
939 585 50 73 0.09083152 
718 632 9 11 0.083863474 
868 578 11 15 0.083824925 
530 598 10 14 0.08208354 
598 123 19 25 0.08027206 
611 563 11 14 0.07501601 
758 520 8 10 0.071876295 
535 594 9 11 0.06670047 
743 542 8 11 0.066027895 
637 549 11 16 0.06589778 
641 586 10 12 0.065592945 
717 615 8 11 0.06344146 
531 598 19 22 0.06206786 
753 498 9 13 0.060651604 
863 575 12 18 0.058121517 
653 557 11 12 0.057525795 
646 549 13 16 0.05737028 
689 588 9 12 0.05689508 
743 51 52 63 0.056557547 
678 558 9 11 0.056141082 
638 248 11 15 0.055520087 
962 620 34 39 0.055411767 
664 599 10 14 0.054948706 
976 643 36 38 0.053936698 
672 569 10 13 0.053854443 
586 326 10 12 0.052985787 
767 510 7 9 0.052762643 
610 593 21 29 0.05160619 
691 582 12 14 0.04982704 
658 566 11 12 0.049545 
673 556 10 14 0.048923653 
662 579 9 12 0.04812952 
764 560 11 13 0.048003756 
669 600 10 14 0.04796322 
548 301 11 13 0.0479008 
653 579 11 14 0.047021598 
680 605 10 13 0.045589823 
613 582 11 13 0.045455813 
612 571 10 12 0.045165904 
705 587 11 13 0.044213485 
682 228 15 17 0.043172654 
652 520 9 12 0.04279736 
40 467 93 123 0.042775806 
736 535 9 11 0.042356204 
590 318 10 12 0.042214405 
899 612 46 58 0.04174086 
609 594 12 18 0.041334126 
851 565 24 33 0.040770102 
732 576 10 11 0.04073776 
568 630 13 15 0.0407367 
592 309 11 13 0.0403341 
558 555 10 12 0.04025745 
841 585 17 22 0.039870836 
548 329 14 18 0.039334178 
751 613 10 12 0.039181836 
662 534 8 10 0.038816854 
665 548 9 13 0.037804067 
702 561 9 10 0.03721324 
648 531 10 12 0.036539398 
656 572 11 12 0.036187593 
600 572 12 15 0.035765044 
561 357 16 20 0.035272952 
618 595 14 19 0.03484739 
696 547 9 11 0.03478628 
654 532 9 11 0.034511834 
740 562 11 13 0.034457132 
745 613 10 12 0.03431266 
788 441 13 17 0.03355666 
837 549 12 16 0.03316221 
783 423 11 15 0.033125374 
811 427 15 18 0.032616157 
918 569 84 114 0.032568146 
728 604 10 15 0.032527182 
744 371 104 148 0.032402378 
749 549 11 14 0.03238307 
737 542 9 11 0.03223957 
607 603 13 20 0.031159215 
698 535 11 14 0.030882632 
686 552 8 10 0.030694416 
694 573 10 11 0.030616831 
608 588 12 17 0.030613987 
732 607 11 14 0.030321226 
688 570 10 12 0.029923193 
713 619 9 12 0.029345829 
547 319 15 17 0.02919854 
677 581 9 12 0.029070292 
549 589 18 23 0.028949253 
718 652 10 12 0.028859477 
726 598 10 13 0.028473156 
607 582 10 13 0.027803691 
603 556 18 22 0.027593547 
595 301 11 14 0.027483562 
644 569 11 13 0.027475653 
568 586 19 26 0.027345793 
757 560 20 24 0.02721399 
633 554 12 16 0.026810821 
591 584 13 16 0.02638454 
530 593 9 11 0.02547715 
941 591 28 37 0.025291892 
678 599 10 14 0.02516382 
678 551 9 12 0.02483643 
708 567 9 12 0.024381196 
970 630 19 22 0.02437484 
476 626 29 36 0.024211168 
691 503 11 14 0.024196062 
676 222 24 27 0.024002355 
556 602 11 15 0.023964075 
600 612 10 14 0.02375572 
656 596 10 15 0.02345806 
555 330 13 17 0.023364965 
552 620 10 15 0.02330655 
837 571 26 32 0.023303224 
695 567 8 11 0.023241293 
670 613 12 14 0.023013065 
598 317 11 14 0.02296402 
619 608 13 18 0.022808557 
836 591 17 21 0.02265086 
874 574 9 12 0.022620426 
773 613 30 31 0.022611214 
574 320 10 12 0.022465868 
837 582 14 16 0.022336908 
824 583 11 14 0.022320399 
875 581 9 12 0.022305962 
551 585 10 13 0.0222712 
734 550 20 24 0.022231039 
574 324 11 14 0.022210298 
835 542 12 16 0.022118008 
637 596 14 18 0.02208838 
759 542 9 12 0.021996 
578 587 13 17 0.02191125 
678 611 12 14 0.021760669 
548 305 13 15 0.021745685 
691 644 11 14 0.021680996 
886 644 27 33 0.021546645 
600 332 10 13 0.021307131 
869 29 74 72 0.021270929 
657 604 10 15 0.021238895 
670 560 18 23 0.021065166 
567 635 24 29 0.021060929 
588 330 11 14 0.02105737 
733 590 10 12 0.021026522 
672 620 10 12 0.021010948 
586 320 8 10 0.020989586 
859 575 21 29 0.020933414 
904 512 8 10 0.020903189 
856 476 12 14 0.020832708 
592 621 10 11 0.020777531 
963 556 13 18 0.020711 
630 586 10 14 0.02065842 
688 639 11 13 0.020477708 
714 629 9 13 0.020467961 
743 590 9 12 0.020242378 
816 557 11 15 0.020174414 
809 565 9 13 0.020117754 
683 611 13 16 0.020048428 
