2_Demonstration_Demonstrators_2_268
283
268 256 26 31 0.99921286 
78 283 32 42 0.9988801 
362 263 23 29 0.9904861 
976 260 39 47 0.9877936 
30 265 16 19 0.98135114 
574 281 25 28 0.9719875 
682 246 19 24 0.97065824 
840 278 22 24 0.95921123 
721 360 22 28 0.9160726 
538 248 13 17 0.8980127 
452 261 11 14 0.8869816 
949 262 15 21 0.8704289 
238 261 16 18 0.8262313 
616 277 12 15 0.8071481 
75 251 14 18 0.80111676 
878 255 17 19 0.7513732 
601 258 10 13 0.7333935 
217 252 13 17 0.60651445 
164 285 22 25 0.56820124 
292 300 21 28 0.54825145 
504 266 11 14 0.5427484 
103 265 9 12 0.37922052 
727 255 9 11 0.36729535 
154 265 21 22 0.35996774 
409 247 10 12 0.3120243 
442 276 10 12 0.30295682 
135 271 13 16 0.26657963 
204 317 12 17 0.24273592 
852 326 12 15 0.23710375 
912 246 11 13 0.23500414 
156 271 24 28 0.23364645 
471 291 12 14 0.23186593 
214 265 13 15 0.22804216 
640 291 10 12 0.21786879 
487 263 12 14 0.2126536 
0 281 11 19 0.19758408 
525 254 9 13 0.19406615 
782 256 8 9 0.18602353 
929 255 9 11 0.1801596 
502 284 11 14 0.17977002 
665 251 10 12 0.17392713 
492 262 11 14 0.16837215 
341 276 14 18 0.15844123 
768 262 9 10 0.14720127 
625 254 8 11 0.14312916 
642 247 9 11 0.1407757 
581 264 14 15 0.13685732 
204 269 12 15 0.12608299 
367 244 12 14 0.12335016 
82 260 11 15 0.121341206 
613 290 11 14 0.11755922 
671 252 9 14 0.11539338 
413 251 10 13 0.10252809 
818 256 7 10 0.09917513 
429 278 8 12 0.09916295 
423 303 10 14 0.099027134 
459 260 11 14 0.09846557 
447 257 12 15 0.095203504 
726 248 9 12 0.09451128 
623 260 10 11 0.09445372 
761 256 7 9 0.09396759 
310 262 9 11 0.09123176 
849 253 9 11 0.08867083 
834 254 9 13 0.087397724 
388 268 12 16 0.08686723 
437 186 15 17 0.08452872 
202 273 10 14 0.08179047 
640 251 10 13 0.08098552 
469 255 10 12 0.078669354 
785 271 9 12 0.078352384 
855 253 10 12 0.07469651 
774 310 8 10 0.07399898 
12 276 11 15 0.07213505 
301 272 18 21 0.07102933 
638 311 9 12 0.07082465 
507 262 11 15 0.07065439 
918 251 9 12 0.07039494 
712 129 11 14 0.06908366 
441 260 11 13 0.067831025 
62 261 12 16 0.067618534 
717 311 11 12 0.0666665 
176 289 13 18 0.06659529 
93 281 25 34 0.06503795 
594 282 14 20 0.062451165 
766 257 8 10 0.06041698 
656 261 8 11 0.060004003 
12 330 11 15 0.06000239 
607 240 10 12 0.05988095 
631 285 11 14 0.059873078 
162 295 26 31 0.059720643 
406 234 16 20 0.058853976 
862 248 9 12 0.05596702 
446 267 13 16 0.055075277 
784 262 9 10 0.05496584 
389 254 11 14 0.053363513 
933 259 11 13 0.053150963 
775 271 8 10 0.05305014 
777 278 9 10 0.052455924 
824 277 11 14 0.05219492 
629 254 9 11 0.05200962 
519 257 13 17 0.051261753 
612 299 11 13 0.051221665 
773 263 8 10 0.050972637 
443 302 11 14 0.050662722 
621 246 10 12 0.05002257 
643 293 10 12 0.050022393 
621 331 11 12 0.04979172 
1005 235 16 21 0.049603913 
583 248 10 11 0.048644565 
806 262 8 9 0.048395548 
782 276 9 11 0.048075207 
537 231 10 13 0.04656874 
847 320 20 26 0.04646821 
821 256 9 11 0.0457157 
761 261 9 11 0.045403562 
462 255 11 14 0.04508316 
390 273 12 18 0.04475834 
720 270 8 11 0.04470154 
424 284 11 15 0.044667214 
733 254 8 11 0.044484615 
486 291 9 13 0.043953303 
535 236 12 16 0.043834865 
759 268 10 12 0.043359507 
904 246 10 12 0.04326611 
429 301 12 14 0.043180086 
742 288 7 10 0.04313146 
62 251 14 18 0.042575732 
791 263 7 10 0.042535048 
721 247 9 12 0.04231298 
452 219 12 14 0.04190406 
960 365 32 35 0.04133404 
728 276 9 11 0.04068848 
800 263 8 10 0.040616617 
777 255 9 10 0.040310387 
605 298 13 16 0.040249676 
852 385 13 15 0.040222615 
870 266 12 17 0.04018586 
419 236 10 14 0.04000941 
762 278 8 11 0.039176874 
722 253 9 12 0.03907676 
448 239 8 11 0.03856728 
616 244 10 12 0.03849539 
754 257 6 8 0.0384736 
668 246 11 16 0.03835021 
476 287 11 14 0.03821087 
416 260 11 13 0.03786601 
503 274 13 18 0.037730496 
514 314 14 17 0.03648974 
501 263 17 23 0.03647706 
24 316 11 13 0.035956126 
55 245 12 16 0.034789197 
322 271 17 21 0.034771927 
919 278 10 13 0.034510218 
232 259 15 18 0.034350906 
300 293 13 16 0.034173977 
642 241 8 11 0.03415835 
343 268 22 28 0.033639073 
570 336 9 10 0.033513695 
454 237 10 12 0.03336562 
179 233 22 28 0.033236045 
505 282 15 18 0.03292008 
342 255 11 14 0.032612886 
483 260 20 25 0.03242355 
85 234 12 15 0.03241415 
106 285 15 24 0.032402884 
644 252 10 12 0.03237302 
5 276 13 20 0.032054167 
935 247 10 12 0.031953134 
881 263 15 18 0.031932402 
582 252 12 13 0.031684615 
898 349 13 15 0.03144722 
872 258 14 18 0.030434031 
451 273 13 16 0.030273998 
734 271 8 11 0.02990643 
481 261 10 13 0.029740117 
109 278 12 15 0.029182406 
780 308 10 12 0.029155366 
330 270 19 25 0.02907954 
286 243 12 16 0.029031927 
905 251 10 13 0.02896224 
327 311 11 15 0.028917728 
775 294 9 12 0.028848242 
752 261 8 10 0.028528547 
616 255 8 10 0.028513266 
480 267 11 14 0.028343009 
408 318 11 14 0.0282401 
872 254 11 14 0.02816873 
508 239 11 13 0.02794609 
477 275 11 14 0.027886262 
206 285 10 12 0.027623046 
14 272 10 13 0.02750632 
505 244 10 12 0.02737113 
646 270 8 11 0.027306931 
276 226 14 15 0.027269682 
6 329 13 20 0.026905136 
629 262 10 13 0.026658969 
799 268 9 10 0.02659417 
101 272 15 21 0.026352013 
658 245 9 13 0.026260508 
437 243 11 14 0.02624734 
130 246 8 10 0.026185272 
801 279 8 10 0.026124794 
734 276 7 10 0.026112825 
397 282 11 15 0.025999334 
150 270 16 22 0.02594593 
129 274 13 15 0.025844269 
588 247 10 13 0.02581683 
599 238 10 12 0.025719412 
494 257 11 13 0.025587734 
742 272 8 11 0.025472568 
721 276 9 11 0.025451833 
766 284 8 11 0.025073826 
460 277 10 13 0.025055287 
597 255 18 21 0.024807982 
833 248 9 11 0.024688486 
836 259 10 12 0.024682704 
671 256 12 16 0.024590395 
575 262 14 16 0.024416488 
769 303 8 11 0.024409017 
18 326 21 27 0.024404796 
589 261 11 13 0.02434064 
631 267 11 14 0.023991397 
732 260 9 11 0.02398022 
198 307 22 27 0.023700966 
463 248 10 12 0.023667973 
106 260 12 17 0.023663966 
431 272 9 12 0.023648689 
587 278 15 19 0.023646785 
477 221 406 493 0.023645492 
567 254 9 11 0.023636341 
380 266 14 19 0.023592494 
285 260 24 29 0.023573857 
190 287 11 14 0.023550514 
616 262 8 10 0.023470908 
622 240 8 11 0.023410492 
591 254 10 12 0.023394482 
752 309 8 11 0.023250706 
55 259 13 19 0.023169743 
118 306 15 19 0.02313749 
33 339 12 15 0.02293365 
547 252 12 15 0.022930594 
1 348 26 42 0.022593066 
152 282 25 31 0.02257899 
191 269 9 13 0.022571048 
657 255 8 12 0.022524346 
388 261 20 28 0.022460345 
592 231 10 11 0.02235647 
586 266 14 17 0.022265198 
774 304 9 11 0.02225246 
182 248 12 16 0.02213227 
800 256 8 10 0.022086563 
751 278 9 12 0.021946063 
830 271 10 14 0.021928763 
645 277 10 12 0.02186112 
814 270 11 13 0.021858223 
195 292 11 13 0.021800488 
417 302 10 13 0.021667741 
97 261 11 14 0.021604018 
824 311 9 11 0.021439213 
3 287 13 18 0.021438802 
275 287 16 19 0.021385167 
71 270 31 39 0.021258976 
575 253 11 12 0.02110077 
454 246 10 12 0.021100461 
398 308 11 14 0.021083504 
526 245 12 16 0.021047022 
95 252 11 14 0.021045806 
198 285 10 12 0.02095426 
910 269 10 13 0.020921847 
439 306 12 13 0.02085634 
639 300 12 15 0.020680098 
807 292 11 15 0.020670177 
422 270 10 14 0.020610927 
440 255 19 25 0.020557938 
69 295 18 21 0.02036851 
419 243 11 15 0.02028883 
407 302 9 13 0.020283079 
708 262 13 15 0.02025481 
873 281 16 19 0.020194765 
178 305 15 18 0.020160852 
419 253 11 14 0.020142363 
645 299 11 15 0.020103702 
180 205 12 14 0.020031078 
