2_Demonstration_Political_Rally_2_301
329
645 271 10 12 0.48899856 
521 260 11 14 0.3721439 
255 244 12 15 0.37163764 
687 263 9 12 0.352279 
624 271 10 12 0.31463775 
469 244 9 11 0.28700528 
545 279 9 12 0.27990785 
487 244 9 11 0.24514304 
432 257 9 12 0.2177893 
568 279 11 12 0.19676451 
344 254 10 12 0.1894139 
329 262 8 10 0.17977494 
607 267 10 12 0.16226958 
390 245 9 12 0.16210222 
410 285 11 13 0.15986171 
362 269 9 12 0.15221652 
424 277 10 12 0.14750269 
553 263 9 11 0.14709683 
523 256 11 12 0.13657297 
411 292 10 13 0.1344253 
470 261 8 11 0.1275985 
629 272 9 11 0.12346431 
653 296 10 13 0.11763568 
334 279 10 13 0.11506479 
663 280 10 12 0.11470079 
677 321 15 18 0.113222 
616 268 10 12 0.111563064 
311 263 9 11 0.10227542 
463 260 8 12 0.10181475 
382 254 11 12 0.099848 
488 263 9 11 0.09926819 
318 254 9 11 0.09861076 
421 310 8 10 0.096723035 
343 245 11 13 0.096395 
464 284 9 13 0.093651794 
553 326 10 12 0.09244364 
488 269 9 11 0.09178158 
550 269 9 11 0.09101908 
503 270 9 11 0.08996984 
301 253 9 10 0.08927987 
429 270 9 12 0.08851099 
360 264 9 12 0.08829747 
168 278 9 11 0.087516345 
495 269 7 11 0.08467259 
342 240 10 12 0.082969 
471 310 8 10 0.082594305 
654 277 8 12 0.08136244 
486 318 7 9 0.07981657 
337 240 9 11 0.07675463 
411 268 11 13 0.0757439 
351 238 10 12 0.07555927 
663 261 10 11 0.07506766 
329 279 10 13 0.07447071 
549 283 9 11 0.07398441 
544 272 9 11 0.07341052 
160 271 9 12 0.07246972 
573 271 9 11 0.072045945 
358 255 8 10 0.07177789 
173 286 7 10 0.06982679 
357 232 9 11 0.06976202 
391 285 8 10 0.06919024 
132 294 10 13 0.06917491 
640 274 11 14 0.06785783 
695 277 10 13 0.06684857 
48 230 11 13 0.06660467 
510 271 9 11 0.06627082 
21 231 11 15 0.06624684 
520 286 9 11 0.06610179 
591 278 11 13 0.06319837 
501 254 9 11 0.063074484 
173 279 7 9 0.06303123 
392 301 8 10 0.06277487 
656 285 8 11 0.062308107 
181 272 8 10 0.05976752 
208 262 7 10 0.05959233 
399 247 10 12 0.059113823 
691 262 10 12 0.058863353 
535 295 8 10 0.058621433 
260 252 11 14 0.058359414 
382 260 10 12 0.05795304 
343 375 12 14 0.057860993 
505 311 8 10 0.057853714 
359 275 12 15 0.057575498 
182 238 8 10 0.05751747 
390 262 9 12 0.05713742 
510 312 9 11 0.05661767 
389 241 9 11 0.055586703 
409 264 10 13 0.054242767 
415 301 8 11 0.053822927 
866 413 26 34 0.053202797 
376 259 10 13 0.05318087 
145 216 9 11 0.053021416 
423 282 10 12 0.0525914 
264 260 10 12 0.052533112 
313 318 8 11 0.052375697 
470 255 8 11 0.05230337 
120 274 10 14 0.05206958 
413 278 11 14 0.051557165 
494 245 10 12 0.05122403 
231 253 8 10 0.050665703 
312 255 9 11 0.050040647 
727 350 9 11 0.050037127 
162 276 9 11 0.049981475 
126 272 9 10 0.049127236 
326 255 8 11 0.048390936 
673 239 8 9 0.047804885 
288 361 10 14 0.04773281 
506 317 8 10 0.047118854 
518 293 9 10 0.047006562 
479 326 8 10 0.046919234 
456 260 10 13 0.04688698 
106 268 10 14 0.046501208 
405 246 9 11 0.045852263 
556 267 10 12 0.045827717 
258 239 13 14 0.045809526 
571 283 10 13 0.04541929 
343 363 11 13 0.0453563 
393 279 8 11 0.045291632 
136 270 8 11 0.04505076 
693 270 11 14 0.04478611 
305 263 9 12 0.044438094 
396 271 9 11 0.044429995 
276 252 11 13 0.044196576 
560 304 9 10 0.044103466 
193 261 9 12 0.043111622 
222 264 7 9 0.04272982 
432 302 9 11 0.04222872 
349 259 10 12 0.041942496 
321 326 7 10 0.041915506 
364 261 12 15 0.041429516 
273 237 10 14 0.041139875 
215 270 8 10 0.040489174 
217 264 8 10 0.040377464 
479 271 10 12 0.039987598 
482 320 7 9 0.03939264 
596 278 12 14 0.039084204 
339 278 11 13 0.038580585 
736 250 10 12 0.038412556 
270 253 13 14 0.038261674 
397 278 9 11 0.03822444 
448 259 10 13 0.038089465 
104 264 9 11 0.03805956 
240 263 9 12 0.038043577 
494 264 9 11 0.037898827 
329 267 9 12 0.037801683 
197 261 9 12 0.037682366 
482 245 9 11 0.037600696 
494 240 9 11 0.037398703 
543 303 7 10 0.037286747 
628 462 9 11 0.037025284 
159 254 8 10 0.036959026 
616 277 9 12 0.03684964 
389 250 11 13 0.036779635 
409 299 10 12 0.03642117 
181 297 9 11 0.036027394 
181 253 8 11 0.036010906 
432 294 8 10 0.03585687 
422 305 8 10 0.035820633 
176 272 8 10 0.03581982 
633 293 8 11 0.03577376 
495 302 9 11 0.035568807 
149 220 7 10 0.035481032 
34 270 8 10 0.035386536 
357 281 11 15 0.035023257 
433 326 8 11 0.034991354 
584 276 9 12 0.034871787 
297 248 10 13 0.03467694 
698 275 11 13 0.034470286 
501 262 11 12 0.034422897 
318 319 8 10 0.034127858 
797 295 13 18 0.033876497 
686 341 9 12 0.033856925 
101 254 8 10 0.03380601 
590 271 10 12 0.033712808 
535 299 8 11 0.033684395 
246 269 9 12 0.03351648 
518 279 10 12 0.03341126 
465 304 8 11 0.03326307 
652 272 9 12 0.03324331 
687 257 9 11 0.033140466 
693 284 11 14 0.033109833 
688 286 11 13 0.03308285 
269 260 11 12 0.032353945 
600 264 10 12 0.032252062 
682 267 10 12 0.03218783 
391 324 7 10 0.032078892 
435 260 10 13 0.031959694 
684 317 12 17 0.031935822 
558 309 10 12 0.031901766 
641 265 10 12 0.03173252 
144 253 9 11 0.030945847 
641 266 18 22 0.030841444 
166 272 9 12 0.03082603 
17 253 8 11 0.030781716 
239 237 9 11 0.030497078 
526 278 10 13 0.030414898 
178 238 8 10 0.030403879 
949 388 18 19 0.030402867 
213 278 9 11 0.03036786 
536 271 10 12 0.030301364 
657 316 11 14 0.03027688 
512 276 9 11 0.030178534 
133 288 9 11 0.030121116 
489 294 8 10 0.030057186 
385 285 8 9 0.029586226 
177 294 8 11 0.029503673 
30 228 11 14 0.029483052 
182 247 8 10 0.029259581 
217 303 8 9 0.02924356 
208 254 8 11 0.029150885 
152 269 8 11 0.029048188 
288 337 8 10 0.02889399 
384 318 9 11 0.028870016 
552 258 9 10 0.028644858 
415 253 10 11 0.028516198 
434 319 8 9 0.028501777 
424 255 10 12 0.028465932 
322 334 8 10 0.028462473 
678 247 8 10 0.028252468 
272 232 9 11 0.028177923 
232 231 9 11 0.02809646 
0 244 9 14 0.028072953 
94 247 9 11 0.028007625 
669 285 8 10 0.027987672 
5 240 9 12 0.027987292 
433 310 9 10 0.027748732 
405 280 19 24 0.027539851 
479 262 10 12 0.027260318 
144 248 9 11 0.027103331 
65 269 11 15 0.02699686 
502 239 8 11 0.026860692 
5 246 9 12 0.02685552 
126 232 9 11 0.026645059 
486 253 10 11 0.026363572 
366 247 9 11 0.02635741 
478 311 9 10 0.026353916 
294 262 11 12 0.026336713 
398 302 7 10 0.02623281 
353 278 10 13 0.02611695 
380 365 12 13 0.026069244 
222 294 8 11 0.026022164 
150 262 8 11 0.0259678 
680 254 8 10 0.025943207 
277 245 10 13 0.025931424 
198 256 8 10 0.025877234 
466 241 9 10 0.025855498 
544 308 8 10 0.025761241 
153 236 8 11 0.02569152 
456 329 8 10 0.025673974 
213 247 9 11 0.025658417 
535 276 11 13 0.02560527 
573 291 10 13 0.025599543 
440 278 8 11 0.025563598 
501 246 9 11 0.025526583 
430 285 8 10 0.025507238 
647 292 20 25 0.025480086 
605 276 12 14 0.025443515 
366 254 11 12 0.025432225 
79 256 7 10 0.02519925 
719 269 9 11 0.025119338 
38 246 11 13 0.024884822 
479 348 9 11 0.024859188 
705 255 8 9 0.024638496 
493 294 8 10 0.024439905 
552 311 9 10 0.024370173 
437 310 8 11 0.024342 
317 259 10 12 0.024297588 
244 262 10 13 0.02413095 
737 238 10 12 0.024009977 
32 264 9 12 0.023985755 
406 240 8 10 0.02394806 
614 283 10 12 0.02393347 
319 248 10 12 0.023913758 
720 263 9 12 0.023874879 
342 270 10 11 0.023792656 
497 308 8 10 0.023647528 
472 268 9 12 0.023603318 
558 285 9 12 0.023428464 
334 270 8 10 0.023420157 
151 232 9 11 0.023330009 
239 246 9 11 0.02329661 
480 285 8 10 0.023249386 
407 311 9 12 0.02308195 
668 279 9 11 0.023020323 
677 239 8 10 0.022782087 
247 254 10 11 0.022656888 
680 286 10 12 0.02265653 
495 287 8 11 0.022645975 
557 257 10 11 0.022643091 
238 254 9 11 0.022370225 
485 274 10 12 0.022319552 
557 318 10 14 0.022226604 
121 252 8 11 0.02219342 
558 277 11 12 0.02214363 
501 302 9 11 0.021998081 
466 309 9 12 0.021952938 
398 262 9 12 0.021950815 
264 278 9 11 0.021822724 
375 277 9 13 0.02179425 
647 283 10 13 0.021646123 
739 244 12 15 0.021641238 
750 245 11 13 0.021627478 
328 291 9 12 0.02156759 
30 222 11 13 0.021538164 
536 285 10 11 0.021442333 
201 238 8 11 0.021432746 
134 264 9 11 0.02122049 
518 310 12 14 0.021151949 
286 207 7 9 0.02110282 
20 243 11 14 0.021040646 
269 286 8 11 0.021013781 
472 317 8 9 0.020922149 
199 287 7 9 0.020919172 
631 284 10 13 0.020875968 
513 294 8 10 0.02086641 
310 212 9 10 0.020843722 
486 313 8 10 0.020821262 
674 245 8 10 0.020812469 
311 247 9 11 0.02075798 
120 213 12 14 0.020603387 
512 326 7 10 0.020455146 
122 231 8 11 0.02037039 
735 340 9 12 0.020361476 
400 285 9 12 0.020332552 
437 326 8 10 0.02032095 
226 254 7 9 0.020213805 
176 261 9 11 0.020206496 
358 310 8 10 0.02010156 
142 271 8 12 0.020097513 
