2_Demonstration_Protesters_2_163
479
50 177 18 21 0.9907774 
220 120 34 42 0.9807097 
368 153 14 18 0.977444 
157 184 16 22 0.93873274 
961 12 26 31 0.92675644 
102 195 15 17 0.912566 
690 150 10 12 0.7259534 
590 124 10 13 0.72320724 
499 124 12 14 0.7039692 
429 132 9 12 0.6898243 
751 158 9 11 0.686293 
865 70 11 12 0.63367677 
616 110 9 11 0.6296975 
523 116 11 14 0.48931918 
309 163 11 13 0.46823213 
680 162 12 14 0.46220773 
124 198 17 20 0.45234847 
82 209 22 27 0.42643082 
538 124 9 12 0.40576577 
509 266 17 20 0.40430656 
901 129 10 11 0.38337797 
599 108 9 11 0.3721504 
664 179 17 22 0.36912546 
531 181 12 15 0.3668608 
685 155 13 16 0.35724393 
559 123 10 12 0.3442471 
808 118 9 11 0.3227875 
785 150 9 12 0.3124156 
478 194 11 13 0.28451622 
304 165 10 12 0.27247024 
648 320 59 58 0.2692512 
390 133 9 11 0.2676259 
545 525 51 48 0.25794396 
486 140 9 12 0.25496018 
540 118 9 12 0.24785739 
278 163 12 15 0.22805761 
528 186 13 16 0.22422487 
641 111 8 11 0.2239879 
773 93 9 12 0.22124748 
644 118 9 11 0.21897762 
14 205 11 14 0.2182875 
573 117 10 12 0.21366017 
282 159 12 14 0.20872545 
415 136 9 11 0.19214885 
455 125 11 14 0.19024861 
524 313 55 69 0.18706182 
135 167 13 19 0.18567699 
521 112 9 11 0.18049584 
926 54 10 13 0.17292263 
327 158 9 11 0.17197889 
590 131 9 12 0.17082807 
895 77 14 16 0.17054364 
863 64 10 11 0.16123623 
895 85 11 13 0.15565048 
799 144 10 13 0.15520227 
368 174 10 13 0.14271694 
416 167 10 12 0.12921841 
563 410 64 64 0.12497009 
512 150 7 9 0.12454566 
922 56 10 12 0.1228545 
90 202 18 24 0.12027593 
576 125 9 12 0.11849226 
766 124 8 11 0.118156284 
768 120 8 11 0.1176281 
357 141 9 13 0.11397004 
1011 130 12 19 0.113821566 
61 236 12 14 0.113587365 
296 166 11 14 0.113277785 
403 143 7 10 0.10985487 
497 121 10 12 0.105921194 
752 162 10 11 0.10033317 
444 119 9 11 0.098656975 
421 138 12 14 0.09783168 
425 710 34 36 0.09588169 
613 126 8 10 0.09552916 
552 118 8 11 0.09161843 
339 177 16 21 0.090567365 
319 166 8 11 0.08988667 
758 112 7 10 0.08973632 
372 174 11 13 0.08901808 
34 179 14 18 0.08901727 
790 144 9 11 0.08854245 
382 173 10 13 0.08744809 
482 141 9 11 0.08743525 
117 218 16 20 0.08672461 
140 159 9 12 0.086420156 
568 117 9 12 0.08627426 
460 141 10 12 0.08509467 
470 133 9 11 0.0850558 
159 162 15 19 0.084915355 
561 183 11 13 0.08350272 
774 117 7 11 0.083355226 
964 24 27 34 0.08309245 
356 689 50 52 0.08007417 
543 112 8 10 0.07991851 
667 188 22 28 0.07920985 
785 117 9 10 0.07859044 
460 131 12 14 0.07838156 
501 264 30 35 0.07720114 
91 222 15 19 0.07546773 
759 140 11 13 0.074754216 
784 113 8 11 0.07450851 
633 326 39 35 0.07425158 
45 252 12 18 0.07353856 
408 136 8 11 0.07248126 
406 142 8 11 0.071299 
332 158 9 12 0.07053336 
550 434 71 64 0.07043814 
487 295 10 12 0.068664536 
342 135 9 11 0.06819513 
21 241 16 21 0.06674818 
775 113 8 11 0.06591029 
547 330 39 49 0.06588401 
447 123 11 14 0.06570804 
485 191 10 12 0.06565253 
415 159 10 12 0.06502319 
352 141 10 12 0.0642554 
848 77 8 9 0.063811526 
553 124 10 12 0.06374968 
535 103 8 9 0.06352652 
900 71 13 15 0.06333058 
849 133 9 11 0.061660204 
753 119 8 10 0.061184082 
524 236 13 14 0.0609576 
760 119 8 10 0.060923647 
401 149 9 11 0.060223207 
0 205 10 16 0.060065866 
259 174 16 21 0.059884768 
78 203 16 20 0.059508335 
714 398 60 64 0.059497 
493 269 10 13 0.0594909 
273 165 11 15 0.059474844 
20 229 25 29 0.059402958 
736 190 9 11 0.05901088 
6 204 12 16 0.057844374 
552 104 7 9 0.056577053 
520 135 9 12 0.056526896 
541 132 10 12 0.05640763 
996 22 24 31 0.056289475 
849 149 8 10 0.056144472 
130 205 16 21 0.054949395 
538 140 8 11 0.054716222 
613 315 57 61 0.054560743 
419 171 10 12 0.054360196 
929 95 11 14 0.053814672 
526 135 8 10 0.05380947 
424 129 10 11 0.05333407 
352 156 9 11 0.053070318 
327 164 8 12 0.052950963 
564 196 12 14 0.052689694 
901 60 12 13 0.052457977 
520 144 8 10 0.051302902 
399 135 8 11 0.051178165 
572 454 55 59 0.050679546 
117 210 14 18 0.05067485 
141 255 12 14 0.050423227 
260 167 11 14 0.048648093 
334 164 10 13 0.048553653 
155 166 22 29 0.048496395 
645 123 10 12 0.0478236 
519 148 8 10 0.04735171 
822 135 7 10 0.04734488 
1004 30 14 18 0.04729834 
1005 20 13 18 0.04649863 
512 257 25 33 0.04647436 
41 300 17 20 0.046253957 
522 258 14 21 0.045680203 
561 188 14 16 0.04567605 
570 112 8 11 0.045559317 
243 163 12 14 0.045483544 
858 61 8 10 0.04526459 
756 164 9 11 0.044424932 
134 190 12 16 0.04434208 
287 227 13 18 0.04422593 
511 157 9 12 0.044201247 
518 500 44 55 0.044150267 
556 326 57 61 0.04378162 
528 177 11 12 0.043579206 
860 56 9 11 0.043487076 
676 333 37 46 0.043218467 
1003 109 10 14 0.042985376 
520 105 7 8 0.042551555 
99 225 11 16 0.04245517 
398 118 9 10 0.04226027 
417 151 9 12 0.04217138 
607 486 54 51 0.042125177 
505 323 51 72 0.041889913 
990 80 15 18 0.04150126 
749 372 63 63 0.04120099 
16 169 15 18 0.040701725 
321 158 42 51 0.040567677 
160 179 22 31 0.040414248 
585 140 10 11 0.040368006 
4 152 13 16 0.040102374 
528 104 7 8 0.03998442 
750 126 9 11 0.03995774 
480 136 9 11 0.039916806 
693 417 82 105 0.039465144 
572 203 14 16 0.039367527 
341 166 11 13 0.03919186 
408 700 60 59 0.038951 
663 151 9 13 0.038820464 
719 139 10 12 0.03852189 
632 104 8 10 0.03836185 
335 173 14 17 0.038356315 
863 133 9 11 0.038061216 
428 150 11 13 0.037820175 
890 80 22 28 0.037741393 
270 171 13 18 0.036699478 
786 145 9 12 0.036678627 
605 204 27 28 0.036649276 
393 119 8 10 0.03664599 
437 133 9 13 0.036585573 
893 112 9 12 0.036393818 
125 192 13 16 0.03632116 
557 149 9 12 0.03620471 
421 149 12 13 0.036098246 
599 116 9 11 0.03608842 
750 143 11 13 0.036052212 
565 204 13 15 0.036036525 
671 148 12 15 0.035910904 
552 143 9 12 0.035901297 
558 112 8 9 0.03584561 
350 137 8 10 0.03542865 
853 132 10 12 0.035355918 
641 122 9 12 0.03510317 
328 173 9 11 0.03485803 
792 135 8 10 0.03470482 
551 111 7 10 0.034448884 
357 174 13 17 0.03441069 
830 455 42 39 0.03438585 
452 122 19 22 0.034285165 
598 180 13 15 0.0341203 
673 165 21 26 0.033997312 
535 95 8 10 0.033893168 
77 189 13 16 0.033838093 
804 146 11 13 0.0338368 
608 120 9 10 0.033810087 
688 132 10 12 0.033494364 
785 95 7 10 0.033419713 
427 136 12 14 0.03335891 
13 175 15 19 0.03320932 
736 149 9 11 0.03318384 
760 134 11 13 0.03291789 
368 136 8 9 0.032492857 
385 129 8 11 0.032191057 
323 189 31 42 0.032133438 
784 101 8 10 0.032132752 
321 158 10 13 0.032103483 
255 158 14 16 0.03170511 
309 168 13 15 0.031682126 
440 158 9 11 0.031460494 
815 71 7 8 0.03138884 
743 367 113 95 0.031358693 
720 110 8 9 0.031304095 
737 166 10 13 0.03096285 
0 157 10 14 0.030851822 
14 242 13 18 0.03084535 
455 165 8 10 0.030818675 
608 96 7 9 0.030728886 
694 133 9 11 0.030630972 
585 120 9 11 0.030365318 
672 201 14 18 0.030352183 
28 235 24 30 0.030283475 
802 102 7 9 0.030114552 
606 104 8 9 0.029918417 
559 165 11 14 0.029759228 
601 141 9 11 0.029693816 
250 161 23 27 0.02967404 
664 214 11 15 0.029655138 
487 264 9 12 0.0296373 
569 103 7 9 0.029624809 
3 209 13 18 0.02960719 
832 149 8 10 0.029540177 
1012 18 11 17 0.029465497 
900 91 11 15 0.02935129 
148 160 21 28 0.029086016 
591 443 61 68 0.029076833 
634 109 8 11 0.029028567 
57 231 20 24 0.029008392 
469 128 9 11 0.028831381 
613 105 18 22 0.02878596 
473 192 10 11 0.028772164 
991 33 27 34 0.028744783 
17 216 23 29 0.028725885 
12 200 19 23 0.028667446 
150 150 10 13 0.02860692 
31 174 12 16 0.028548416 
587 134 9 12 0.028529929 
447 158 7 10 0.02847495 
201 111 34 38 0.02839088 
817 135 9 11 0.028177774 
867 64 10 13 0.028163414 
751 133 10 11 0.028089363 
352 150 11 13 0.02794996 
163 146 15 18 0.027923804 
441 113 9 10 0.027850715 
622 104 8 10 0.027745103 
822 127 9 12 0.027641138 
832 113 8 10 0.027622093 
555 348 66 69 0.027604269 
822 140 8 10 0.027522381 
746 125 8 11 0.02750526 
542 150 9 12 0.027290909 
479 276 10 11 0.027271431 
326 171 27 32 0.027241644 
385 688 98 95 0.027120668 
284 168 12 15 0.027048456 
997 41 13 16 0.026884286 
686 145 17 21 0.026814455 
582 198 10 12 0.026697764 
416 129 8 10 0.026675165 
879 87 9 11 0.026663963 
1002 121 18 27 0.026631722 
816 104 7 8 0.026620323 
863 66 17 21 0.026514227 
872 142 10 11 0.02651084 
591 315 30 42 0.026474064 
768 101 9 11 0.02628494 
328 178 11 15 0.026201252 
995 111 20 29 0.026135612 
513 110 8 10 0.026089791 
822 88 8 9 0.026076945 
50 249 15 22 0.026059693 
491 141 11 13 0.026042834 
-1 216 10 17 0.025999213 
129 166 11 15 0.025973167 
303 159 19 22 0.025899094 
807 135 9 10 0.025805354 
690 331 53 56 0.025685547 
565 166 11 13 0.025656171 
790 112 7 10 0.02565206 
446 130 11 16 0.025611773 
626 348 56 63 0.025506405 
144 151 9 12 0.025383517 
501 317 15 19 0.025379423 
504 104 7 9 0.025306435 
607 133 10 12 0.025296498 
496 112 7 9 0.025261791 
78 223 14 19 0.025247054 
595 109 9 11 0.025205705 
525 141 8 10 0.02516575 
5 242 15 18 0.024980837 
462 111 9 10 0.02495415 
561 192 21 23 0.024953116 
16 251 25 33 0.024893507 
550 132 10 12 0.024869708 
375 128 8 9 0.024861477 
444 119 19 24 0.024851555 
360 128 8 9 0.024820816 
151 155 11 15 0.024791691 
150 156 43 53 0.024728699 
36 174 20 26 0.024723284 
454 121 10 13 0.024722442 
334 151 9 11 0.024685511 
421 155 10 13 0.024521936 
263 151 9 11 0.024485338 
653 132 10 12 0.02443683 
785 124 9 12 0.02440929 
494 223 7 11 0.02436953 
100 206 15 21 0.024347084 
433 695 58 55 0.02421723 
817 87 7 10 0.024199154 
746 151 10 13 0.024161482 
417 134 20 22 0.024124084 
473 102 8 10 0.024047578 
456 189 9 11 0.024037214 
140 188 12 18 0.02398743 
457 111 8 9 0.023910293 
800 128 7 10 0.023903878 
41 255 21 28 0.023879658 
588 169 15 17 0.023845125 
799 134 8 10 0.02380907 
66 235 14 17 0.023678115 
275 162 21 25 0.02367364 
559 104 7 9 0.02346628 
454 160 8 10 0.023435589 
477 198 14 19 0.02342714 
587 179 16 18 0.023416456 
18 347 447 462 0.023404697 
814 152 8 9 0.023397425 
512 163 9 12 0.02328835 
162 159 21 29 0.023260776 
852 144 10 11 0.023184879 
692 144 10 13 0.023081101 
294 159 10 13 0.023028873 
518 435 68 63 0.023013204 
806 96 6 9 0.02296546 
683 165 15 20 0.022944942 
586 119 19 23 0.022907438 
10 211 23 28 0.022899373 
801 96 8 9 0.022891615 
424 112 8 10 0.02273952 
338 141 9 12 0.02271724 
807 114 9 11 0.022659045 
543 198 12 14 0.02265216 
440 124 9 13 0.02264817 
757 148 11 13 0.022604093 
54 241 14 20 0.022581274 
478 181 12 13 0.022571541 
599 134 8 11 0.022555904 
567 140 11 14 0.022493754 
839 60 9 10 0.022491371 
703 150 9 12 0.02247056 
576 393 39 43 0.022462465 
348 173 14 19 0.022407187 
671 196 25 30 0.02232025 
840 55 8 10 0.022298368 
711 120 7 9 0.022252537 
629 190 13 16 0.022228392 
895 98 11 14 0.02220822 
511 239 10 12 0.022121983 
13 186 12 15 0.022070609 
803 117 9 11 0.022042222 
461 147 10 12 0.022031888 
470 117 9 12 0.02198036 
832 159 8 10 0.021941515 
441 286 9 10 0.021933032 
564 172 12 14 0.021910494 
341 -33 216 217 0.021888506 
574 196 13 15 0.021807602 
814 124 9 12 0.021716768 
580 226 14 20 0.021716427 
302 169 45 56 0.021655997 
431 262 9 11 0.02165015 
523 324 14 18 0.021630282 
507 197 12 12 0.021612681 
575 132 9 11 0.021601835 
493 261 23 28 0.021521725 
489 119 8 12 0.021483047 
455 184 9 12 0.021449078 
709 125 8 10 0.021448128 
39 241 22 27 0.021445585 
906 69 12 14 0.021383611 
566 123 10 12 0.021355849 
593 118 99 113 0.021333748 
430 164 10 12 0.021321911 
527 121 10 13 0.021225812 
0 164 8 13 0.021222834 
534 113 19 23 0.021169476 
477 270 10 11 0.02116477 
90 230 17 21 0.021133792 
495 238 8 12 0.021100739 
447 511 9 11 0.021098042 
541 188 10 12 0.021086326 
790 127 9 10 0.021082794 
825 112 7 9 0.021066455 
383 141 10 12 0.021063456 
603 220 23 28 0.021053784 
573 227 15 19 0.02098861 
511 245 11 13 0.020932868 
134 177 13 17 0.020907177 
620 197 14 17 0.020883963 
416 112 8 9 0.020816335 
520 232 11 13 0.020809786 
746 151 20 23 0.020806082 
629 415 59 62 0.02077515 
309 180 13 16 0.020771362 
481 127 8 11 0.02073383 
559 157 9 12 0.020729166 
857 96 8 10 0.02071259 
544 104 7 10 0.020686237 
399 111 9 11 0.020637209 
505 262 12 15 0.020623766 
144 259 12 15 0.020561764 
158 140 12 15 0.020523988 
559 176 19 24 0.020514956 
640 87 9 10 0.020402309 
756 557 107 132 0.020379584 
772 165 10 12 0.020333447 
120 191 12 15 0.020302292 
50 266 13 18 0.020282082 
360 137 8 10 0.020267138 
102 157 11 13 0.020253541 
469 164 9 12 0.020230405 
752 95 8 9 0.020147728 
784 88 8 9 0.020146893 
930 52 12 14 0.020061089 
575 189 11 14 0.020028027 
