2_Demonstration_Political_Rally_2_391
18
673 267 112 138 0.99990714 
312 104 90 108 0.99931324 
24 105 81 123 0.99900013 
877 666 131 104 0.9842839 
582 368 41 62 0.9710665 
986 230 37 50 0.7732187 
533 388 39 39 0.6400802 
497 304 47 57 0.38452786 
531 398 46 58 0.15695259 
465 603 113 165 0.060797617 
22 185 404 400 0.04724557 
540 422 31 39 0.038883444 
581 357 27 46 0.036050357 
990 212 33 44 0.03555847 
578 397 33 46 0.027060224 
611 380 53 65 0.026978066 
513 376 79 93 0.021031525 
1013 320 12 22 0.020613283 
