2_Demonstration_Protesters_2_589
21
586 330 35 42 0.14387609 
558 287 25 36 0.06486257 
615 329 40 43 0.0643531 
409 51 25 29 0.059545737 
674 146 403 492 0.050270483 
476 267 28 42 0.04438202 
570 291 16 25 0.03422962 
297 381 27 31 0.031596173 
504 103 8 11 0.03072687 
581 79 12 17 0.030134548 
663 359 47 51 0.029468993 
545 83 8 12 0.029122435 
628 332 54 55 0.028773231 
589 313 60 61 0.026561305 
101 41 39 51 0.025368117 
14 503 27 35 0.02477025 
772 271 42 70 0.023400387 
541 285 39 57 0.023355696 
414 63 37 52 0.021362517 
14 481 27 33 0.020986842 
71 126 199 298 0.020684281 
