2_Demonstration_Demonstration_Or_Protest_2_360
751
856 602 61 66 0.9984712 
681 562 26 30 0.9968771 
618 593 29 37 0.9945018 
950 579 56 69 0.983862 
777 585 29 33 0.9767752 
653 620 48 53 0.9711142 
511 600 42 55 0.95897996 
614 549 22 28 0.9248911 
584 557 20 25 0.9150838 
504 556 17 22 0.86619943 
561 644 49 57 0.85904264 
477 577 25 31 0.8312982 
539 542 15 17 0.82483006 
665 544 15 19 0.77609766 
142 605 26 32 0.76364344 
322 566 15 18 0.7250701 
785 625 33 39 0.70515114 
798 531 15 18 0.69184124 
781 552 21 26 0.6472981 
553 569 24 29 0.64484066 
598 537 13 16 0.6183002 
520 530 10 13 0.61758614 
373 559 12 15 0.60768425 
582 524 9 11 0.57655567 
396 561 12 16 0.55936116 
990 559 33 43 0.5360356 
647 573 14 18 0.5067198 
409 513 8 10 0.43342644 
445 669 28 33 0.4186449 
193 641 26 35 0.40156132 
142 579 13 16 0.38118428 
345 589 16 19 0.3801935 
106 601 16 17 0.37730765 
815 583 30 35 0.3697626 
437 577 12 17 0.36568764 
537 517 9 11 0.3541151 
62 605 23 26 0.33766106 
341 556 11 13 0.33028483 
861 523 14 18 0.32461914 
141 550 11 15 0.31992945 
349 595 24 28 0.29102203 
173 617 23 31 0.28569305 
203 634 34 37 0.27144513 
136 551 11 15 0.26694402 
63 547 9 12 0.26048768 
578 541 13 14 0.25745755 
59 637 25 31 0.2565708 
777 604 36 49 0.2527366 
44 629 25 30 0.2486922 
168 551 10 12 0.22953606 
81 644 30 37 0.2267908 
526 511 8 11 0.22536509 
991 666 31 40 0.22319439 
361 525 8 10 0.21278997 
575 614 34 39 0.20314424 
752 568 21 29 0.199532 
418 540 9 11 0.19871704 
330 543 8 10 0.19739176 
417 549 11 13 0.1970309 
397 495 9 11 0.18438563 
314 494 10 13 0.18294407 
563 566 13 16 0.18235609 
593 562 15 19 0.18220872 
147 574 13 15 0.18193032 
393 512 8 9 0.18143074 
462 512 9 12 0.1800616 
130 548 9 13 0.17811586 
426 488 7 10 0.17601919 
543 513 8 10 0.17562781 
609 526 9 10 0.17014755 
55 647 33 37 0.16961256 
827 534 12 15 0.16938539 
486 540 9 12 0.16907243 
390 578 15 21 0.16769464 
578 520 7 10 0.16483173 
417 536 9 10 0.1613122 
337 527 7 10 0.15969302 
607 535 11 14 0.15903117 
350 540 9 10 0.15852548 
527 515 9 12 0.15570515 
539 563 11 13 0.15563256 
583 504 8 9 0.15477307 
922 572 25 39 0.15448532 
311 551 9 12 0.15250792 
750 534 13 16 0.1514764 
543 501 8 10 0.14848277 
404 541 10 12 0.1477186 
87 550 9 12 0.14691932 
68 640 30 38 0.14187495 
568 504 9 11 0.14180511 
581 534 10 13 0.1409281 
320 519 8 11 0.14083827 
482 493 8 10 0.14040996 
386 639 30 34 0.13910605 
116 604 12 16 0.13775536 
347 510 8 10 0.1370215 
472 504 8 10 0.13677981 
551 526 10 11 0.13471317 
416 494 8 10 0.13349122 
486 494 8 11 0.13302104 
821 536 16 19 0.13288596 
536 496 10 11 0.13202077 
374 542 9 11 0.13173819 
308 556 11 13 0.13009395 
374 519 8 11 0.12868612 
433 476 9 12 0.12755768 
346 502 8 10 0.12664437 
368 580 12 15 0.12387948 
104 551 10 12 0.12323509 
465 494 6 9 0.123203136 
561 508 8 11 0.12300457 
369 542 8 9 0.11903011 
938 346 16 17 0.11860145 
904 518 10 12 0.11603195 
450 500 7 10 0.11504168 
816 522 10 12 0.11274832 
442 534 9 12 0.11214022 
7 368 47 66 0.11133076 
154 536 7 9 0.11081776 
62 647 45 49 0.10874233 
400 548 11 14 0.107914485 
577 536 9 12 0.10657485 
525 541 11 14 0.10656844 
424 567 11 13 0.10612169 
457 528 10 12 0.10528575 
433 559 9 11 0.10524123 
781 527 9 12 0.10512433 
539 553 13 17 0.10506227 
211 618 37 37 0.10463455 
455 547 13 16 0.10409942 
336 550 9 12 0.10372705 
75 604 16 17 0.103372075 
39 637 15 22 0.10169052 
398 500 8 11 0.10152315 
391 528 8 9 0.10110422 
689 510 10 12 0.10099212 
551 503 7 10 0.10097963 
476 557 10 13 0.10077007 
368 520 8 11 0.100562476 
321 560 9 11 0.10024375 
173 551 11 14 0.09911375 
625 526 8 10 0.098297976 
525 503 9 10 0.09556418 
926 349 12 14 0.09552678 
639 541 10 13 0.09416958 
575 504 7 10 0.09387101 
374 525 8 9 0.09384984 
37 566 14 16 0.093845055 
399 536 8 10 0.0929078 
590 510 8 10 0.091636606 
191 564 10 14 0.09007882 
224 552 11 13 0.08890333 
568 518 8 11 0.08759132 
156 608 29 37 0.08745768 
683 585 28 34 0.087335676 
413 511 8 10 0.087193765 
763 563 14 20 0.086255305 
368 537 7 9 0.08585433 
542 525 9 12 0.08575845 
41 542 8 10 0.08559045 
957 523 24 30 0.0850917 
593 535 11 14 0.083596885 
158 541 8 10 0.08326368 
561 494 8 10 0.08309436 
330 647 35 44 0.08309265 
503 551 13 17 0.082928635 
184 628 26 37 0.082272485 
480 518 8 11 0.082206264 
584 508 8 10 0.08203126 
318 524 8 10 0.08127069 
8 527 10 12 0.08095691 
538 571 13 18 0.08084055 
775 518 8 10 0.08049194 
494 541 9 11 0.08043782 
397 511 8 10 0.08043756 
367 524 8 10 0.08020799 
212 669 35 36 0.0802062 
415 470 9 12 0.07950038 
481 510 7 10 0.078706294 
510 518 8 11 0.07855253 
607 520 9 11 0.07682743 
545 545 14 17 0.076600485 
277 566 9 12 0.076300405 
439 513 8 9 0.07521862 
437 557 10 13 0.07515573 
445 575 11 15 0.07507475 
567 526 9 11 0.074481584 
110 556 11 14 0.073916 
444 658 23 27 0.07359729 
374 549 10 13 0.07243153 
504 537 8 10 0.072423264 
560 534 9 12 0.07190945 
588 590 22 27 0.07186201 
596 588 13 19 0.07185545 
379 561 11 15 0.07177376 
311 478 7 10 0.070357785 
96 554 10 12 0.069980375 
64 618 25 32 0.06913189 
541 496 9 11 0.06873394 
454 496 7 9 0.06862744 
46 544 9 11 0.06859171 
371 572 13 16 0.068568185 
313 534 9 11 0.06847315 
382 580 13 17 0.06828693 
497 509 7 9 0.06815476 
116 558 10 14 0.06810555 
369 547 10 13 0.06692583 
700 446 60 92 0.06681229 
459 517 8 10 0.0653665 
486 565 11 14 0.06518113 
360 535 8 10 0.06508437 
478 504 8 10 0.064475134 
5 540 10 14 0.06431822 
601 519 8 10 0.064220235 
312 572 11 14 0.06400969 
305 563 9 13 0.0638724 
490 502 7 9 0.063220836 
545 487 9 10 0.06316801 
52 613 24 29 0.063104436 
575 544 14 18 0.0627286 
522 510 8 11 0.062177792 
429 563 12 14 0.061875775 
85 569 10 12 0.061826695 
132 649 24 33 0.061366625 
329 623 29 38 0.061235793 
152 555 9 13 0.06119218 
75 623 26 29 0.06082887 
383 545 8 10 0.060624808 
40 639 27 35 0.06040145 
406 536 9 10 0.06034508 
482 541 9 12 0.060239375 
757 525 11 13 0.060185604 
31 570 14 18 0.06004509 
495 550 10 13 0.060017724 
945 347 14 18 0.059907246 
540 536 13 14 0.05947657 
793 533 13 16 0.058847293 
331 605 40 48 0.05873456 
553 519 8 12 0.05851131 
439 518 9 11 0.05836709 
815 540 15 19 0.058222044 
574 604 29 31 0.058205534 
103 574 11 14 0.058204606 
423 492 8 10 0.058000073 
462 531 10 12 0.05783907 
436 602 17 21 0.057743654 
615 569 14 19 0.05771092 
509 542 10 12 0.0575036 
647 527 9 11 0.057496548 
476 563 12 15 0.05717782 
978 560 31 37 0.056976784 
345 536 9 11 0.056762744 
384 511 8 10 0.056746572 
432 502 8 10 0.05674349 
504 503 9 11 0.05657618 
170 535 7 10 0.05648734 
375 537 8 9 0.05633878 
313 526 8 9 0.05630995 
616 511 8 9 0.05609805 
631 535 10 12 0.05594229 
20 609 13 17 0.055888545 
318 489 10 11 0.055818696 
28 587 13 18 0.055756968 
432 494 7 10 0.055542197 
395 570 15 22 0.05546086 
522 517 9 11 0.055407938 
445 518 9 11 0.055274136 
392 516 8 10 0.05514644 
599 528 9 11 0.05496718 
33 558 10 11 0.05489291 
1 510 8 11 0.05451032 
613 527 8 10 0.054426625 
312 541 9 11 0.054394484 
56 548 10 13 0.054358546 
113 602 21 25 0.05422315 
488 557 11 13 0.05422083 
327 494 8 10 0.05408106 
76 583 13 17 0.053598497 
537 524 10 12 0.053511977 
95 519 7 9 0.05327194 
15 526 10 11 0.053137504 
414 517 8 10 0.052894324 
633 539 12 15 0.052428428 
335 495 7 9 0.052122805 
259 559 11 13 0.05207465 
494 537 8 10 0.052016553 
255 560 10 13 0.051992934 
144 569 11 13 0.05198511 
54 590 11 15 0.051622815 
392 543 7 10 0.0515815 
445 547 11 16 0.05143923 
364 586 15 18 0.05115469 
393 579 23 30 0.051149625 
159 550 8 11 0.05114246 
316 500 9 12 0.050622802 
792 516 8 11 0.050433982 
393 533 8 11 0.05042626 
885 527 10 12 0.050277404 
69 565 9 11 0.050252102 
417 528 8 10 0.05018057 
100 589 22 27 0.0500487 
755 536 13 16 0.050033964 
835 533 12 16 0.04980502 
679 526 10 12 0.04958082 
433 518 8 10 0.049556155 
31 528 8 10 0.049479622 
717 538 11 14 0.049200516 
741 560 25 37 0.04905391 
38 559 11 12 0.04866952 
487 519 7 9 0.048534855 
559 518 9 11 0.048437763 
344 518 8 10 0.048167277 
57 534 8 10 0.047886364 
836 479 9 10 0.04759561 
149 551 9 11 0.04719507 
328 546 10 13 0.046985753 
69 544 8 10 0.04695628 
590 527 9 10 0.04688865 
22 526 8 10 0.046883095 
440 526 9 10 0.046831418 
56 528 8 9 0.04675172 
274 544 8 10 0.046354022 
576 509 8 10 0.046281733 
472 479 7 9 0.045898337 
206 568 12 14 0.04587294 
910 350 13 14 0.045796625 
47 525 9 10 0.045779306 
117 588 10 14 0.045747682 
601 503 8 9 0.04570043 
174 534 7 10 0.045476276 
488 580 14 20 0.045415383 
646 533 10 12 0.044832718 
437 473 8 10 0.044723798 
432 578 20 25 0.04469055 
341 525 8 10 0.044545855 
344 497 9 11 0.04453718 
220 579 17 20 0.044412628 
431 573 13 17 0.044396307 
440 484 8 11 0.044242684 
566 533 10 12 0.044168767 
395 502 8 10 0.04403914 
277 571 12 17 0.043997202 
495 503 8 11 0.043954056 
408 526 8 9 0.04392761 
654 533 9 11 0.043775793 
184 541 9 12 0.043761402 
599 594 24 30 0.043686498 
884 547 12 13 0.04358527 
949 354 13 16 0.043547876 
487 512 7 9 0.04352839 
983 579 37 46 0.043377817 
326 488 9 11 0.043332558 
766 532 11 14 0.04325504 
385 529 8 10 0.04316817 
452 572 13 16 0.04305591 
422 527 8 10 0.0430439 
252 563 14 17 0.043015182 
502 542 11 14 0.042802714 
30 573 23 29 0.042731863 
503 510 8 9 0.042675618 
468 534 9 11 0.042377755 
398 528 7 8 0.042028617 
168 519 7 10 0.041858777 
438 496 8 10 0.04183739 
63 528 9 11 0.041807488 
55 544 9 11 0.041708633 
436 562 12 15 0.04164316 
496 521 7 9 0.04156313 
422 464 8 11 0.041285034 
557 526 9 11 0.041267183 
932 352 15 17 0.041233636 
446 512 8 9 0.041150257 
80 573 12 17 0.041090045 
152 540 9 12 0.040929265 
808 562 13 18 0.04061847 
399 488 8 10 0.04057642 
986 524 28 36 0.040541224 
585 496 7 10 0.040326264 
122 639 24 36 0.040266734 
479 550 9 13 0.04013039 
717 508 11 14 0.040098183 
460 550 14 18 0.040098127 
566 485 10 12 0.039956626 
559 559 13 15 0.039856702 
43 571 14 17 0.03963559 
408 493 9 11 0.03955673 
181 548 11 15 0.039535485 
580 663 48 55 0.03945306 
120 605 23 28 0.0393405 
624 520 8 10 0.0393059 
763 588 24 32 0.039223716 
902 574 33 41 0.03899465 
350 517 8 10 0.038961556 
566 495 9 10 0.038943622 
456 464 8 10 0.038913447 
206 517 9 13 0.038757242 
195 589 13 17 0.0386492 
445 538 11 15 0.038449984 
359 596 24 33 0.03844593 
189 569 11 16 0.03844183 
385 486 8 10 0.038392205 
604 572 21 27 0.038334873 
855 540 11 14 0.03818129 
487 550 10 12 0.038141716 
319 576 11 15 0.03809276 
82 550 9 12 0.038091768 
122 606 13 15 0.0379821 
529 497 9 10 0.037973464 
15 655 40 48 0.037969913 
587 602 29 34 0.037951753 
39 549 11 12 0.03791783 
624 530 10 12 0.037737355 
468 550 12 15 0.037711356 
103 568 10 11 0.03765509 
143 579 22 26 0.037555154 
612 542 13 15 0.03752626 
368 503 9 10 0.037438117 
121 534 9 11 0.03740184 
196 564 11 14 0.03706413 
38 585 24 29 0.03706058 
52 599 25 27 0.03700077 
191 580 10 14 0.03696397 
455 480 7 9 0.036877364 
40 537 8 10 0.036870457 
624 557 17 21 0.036849648 
809 511 8 10 0.036822394 
24 652 25 33 0.036747027 
131 613 25 37 0.03666902 
880 530 12 15 0.036470234 
638 517 10 11 0.036291458 
157 556 10 12 0.03615885 
122 527 8 10 0.03596515 
156 574 11 13 0.03594457 
562 487 8 11 0.03592896 
441 551 10 12 0.035742372 
45 597 13 15 0.035636693 
72 525 8 10 0.035527762 
551 510 8 10 0.0354646 
429 488 8 10 0.035389937 
760 578 23 30 0.035385825 
421 555 10 13 0.034906235 
855 526 14 18 0.034883898 
536 535 10 13 0.03488153 
45 559 10 11 0.03457536 
616 504 7 8 0.034551952 
196 583 11 15 0.034490813 
798 511 9 11 0.034152057 
325 518 7 10 0.034119952 
477 573 16 20 0.034039963 
423 520 7 9 0.033998404 
110 575 10 12 0.03388132 
114 596 13 17 0.033860497 
268 574 26 35 0.033850573 
154 598 14 16 0.0337184 
689 506 8 9 0.033660654 
547 649 37 40 0.03364497 
679 530 13 16 0.033571053 
185 513 8 10 0.033321597 
319 511 9 11 0.033308994 
625 503 7 9 0.033263896 
918 348 12 14 0.033100903 
5 518 9 12 0.033014446 
139 614 30 43 0.032967318 
490 525 8 10 0.032926675 
135 611 16 21 0.03282749 
489 472 7 9 0.032816306 
416 489 8 10 0.0327825 
202 518 9 11 0.032654826 
445 555 11 14 0.03265001 
505 519 8 10 0.032622445 
494 525 8 9 0.0325417 
128 544 9 12 0.032536853 
774 529 12 15 0.03250283 
510 512 8 10 0.032391734 
509 502 8 10 0.032382272 
32 534 8 9 0.03235838 
830 528 12 14 0.03206254 
778 565 19 22 0.031983376 
453 541 12 16 0.031927418 
383 533 8 10 0.031901475 
102 604 17 21 0.03188783 
129 624 33 47 0.031823248 
576 519 20 23 0.031816423 
590 518 8 10 0.031807818 
328 536 8 10 0.031773034 
120 519 8 10 0.031455263 
192 528 9 11 0.031442147 
81 607 15 19 0.031436343 
354 526 8 10 0.03137559 
510 496 9 11 0.031310584 
71 559 9 12 0.031275738 
110 580 12 13 0.031225277 
311 507 10 13 0.031201389 
931 570 17 28 0.03117641 
319 551 8 11 0.031140335 
331 618 15 21 0.031099288 
217 556 10 13 0.031072289 
385 517 7 9 0.031040803 
869 564 14 16 0.030995172 
399 518 7 10 0.030956505 
91 519 7 10 0.030920928 
46 520 9 10 0.030789664 
399 623 42 46 0.030714592 
385 480 8 9 0.030570518 
694 505 8 11 0.030469794 
94 596 15 18 0.030421777 
617 575 17 19 0.030416422 
525 571 12 15 0.030381327 
276 549 8 11 0.030290527 
313 565 20 26 0.03022026 
566 612 28 32 0.030178407 
367 511 8 10 0.030065777 
304 534 8 11 0.029781051 
126 590 10 13 0.029754946 
773 559 17 22 0.029728033 
448 481 7 11 0.029668432 
791 535 20 25 0.029523533 
331 594 26 32 0.029446641 
758 521 10 11 0.029403215 
312 487 10 12 0.029399658 
63 533 8 10 0.029383413 
191 533 10 12 0.029355567 
866 526 16 18 0.029332481 
29 656 15 20 0.029311134 
127 583 9 11 0.029298482 
438 628 15 18 0.029279009 
644 575 23 27 0.029203817 
464 489 8 10 0.029197505 
399 481 7 9 0.029165788 
897 513 8 10 0.02914432 
131 594 14 18 0.029113406 
24 583 21 29 0.029043254 
720 579 12 17 0.028919825 
743 539 15 17 0.028866014 
368 576 20 25 0.02879748 
95 573 12 15 0.028685069 
15 596 11 13 0.028670818 
982 562 18 22 0.028606495 
823 580 20 23 0.028570091 
550 531 12 14 0.028413594 
486 488 8 11 0.028362 
444 542 19 25 0.028271455 
169 527 7 9 0.0281944 
667 562 14 19 0.028138198 
629 527 9 10 0.028135827 
404 584 26 30 0.028087366 
318 541 9 11 0.028065616 
191 517 7 9 0.028047102 
389 589 16 23 0.028001523 
485 617 13 17 0.027987588 
175 551 20 26 0.027877051 
793 555 15 18 0.027876023 
518 527 18 22 0.027760787 
551 495 8 10 0.027611727 
212 582 29 30 0.027509775 
536 646 29 36 0.027481994 
142 520 7 9 0.027404094 
607 502 7 9 0.027387245 
589 504 8 10 0.027385987 
511 486 8 10 0.02724594 
14 533 9 11 0.027242692 
120 592 22 27 0.027219247 
359 512 9 10 0.027021421 
494 496 8 10 0.02694959 
167 542 9 11 0.02690013 
472 519 8 10 0.026857836 
391 487 7 10 0.02680579 
897 618 37 49 0.026753385 
782 543 13 16 0.026749667 
-1 633 28 39 0.02673457 
906 522 11 14 0.026720695 
184 572 11 15 0.026706059 
712 633 38 50 0.026650935 
110 544 8 11 0.026490843 
702 632 30 44 0.02636037 
845 531 12 16 0.026306817 
378 584 26 34 0.026269034 
259 565 12 15 0.026247853 
117 582 10 13 0.026223853 
944 498 13 15 0.026216261 
376 512 8 10 0.026115617 
769 517 10 11 0.026084466 
308 564 12 16 0.026000334 
875 351 66 55 0.025965655 
433 510 8 11 0.025856996 
909 344 23 25 0.02575922 
303 492 10 15 0.025729457 
917 548 16 18 0.02566707 
2 535 8 12 0.025610618 
339 586 40 48 0.025591312 
79 557 9 11 0.025495743 
275 580 16 20 0.025483118 
402 557 12 15 0.02548246 
45 589 14 17 0.025466995 
886 519 9 10 0.025357218 
78 520 7 9 0.025205858 
305 551 11 13 0.025164064 
415 504 8 9 0.025101293 
798 518 9 10 0.025051907 
425 625 26 32 0.024995184 
188 539 11 14 0.024983747 
406 505 18 24 0.024910852 
678 521 10 11 0.024904454 
409 505 8 9 0.02490367 
854 312 119 101 0.024894124 
185 536 9 11 0.02487002 
850 523 12 16 0.02485312 
84 577 13 18 0.024823243 
752 520 10 12 0.024802942 
120 540 8 11 0.024798507 
134 588 12 16 0.024775257 
303 485 9 12 0.024739223 
34 562 22 25 0.024710637 
211 566 13 14 0.024698952 
391 548 9 12 0.024690075 
104 544 10 12 0.024642915 
50 573 12 15 0.024581814 
297 526 9 12 0.024430122 
211 643 38 41 0.024365058 
529 628 34 43 0.024275357 
335 532 7 11 0.024257496 
820 518 9 12 0.024214696 
972 521 25 35 0.024144826 
813 571 26 30 0.02413272 
511 535 9 11 0.02407711 
248 565 22 27 0.0240557 
313 518 9 13 0.024034021 
450 462 8 10 0.024019457 
19 664 14 18 0.023994956 
169 513 7 9 0.023974352 
669 538 20 25 0.023953829 
479 523 8 11 0.023940945 
623 511 7 10 0.02392871 
789 469 10 13 0.023887886 
527 486 8 9 0.023837116 
607 511 9 10 0.023780892 
331 566 11 14 0.023694575 
683 527 11 13 0.02369373 
198 560 8 10 0.02361455 
305 541 9 11 0.023545804 
145 535 7 9 0.023485962 
879 379 32 32 0.02347223 
95 544 9 11 0.023378093 
464 480 7 9 0.023368558 
189 558 19 25 0.023339236 
69 599 14 18 0.02332633 
165 545 20 24 0.023310969 
420 468 9 12 0.02328458 
171 629 18 25 0.023268603 
835 526 11 14 0.02321931 
106 629 28 37 0.023207096 
354 588 16 19 0.023203894 
382 574 11 15 0.023162678 
431 551 9 12 0.023141693 
774 541 13 15 0.023067815 
879 511 9 11 0.02302187 
828 385 12 17 0.023005754 
470 495 7 9 0.02299053 
774 513 9 10 0.022976749 
505 487 8 9 0.022955243 
304 478 10 12 0.022878956 
800 501 9 10 0.022873035 
421 510 9 10 0.022856036 
726 565 24 36 0.022835417 
247 576 14 19 0.022713408 
103 535 7 9 0.022708913 
309 594 14 22 0.022662824 
347 558 10 12 0.022628883 
862 509 10 12 0.022591086 
908 494 9 10 0.02255559 
261 571 12 15 0.022503575 
16 520 10 11 0.022496667 
184 563 12 16 0.022490807 
443 652 17 21 0.02246321 
411 470 9 10 0.022429582 
10 654 26 35 0.022374956 
13 539 11 14 0.022357846 
689 575 30 34 0.022316873 
801 497 8 9 0.022316528 
585 653 34 43 0.022281034 
639 523 10 12 0.022220232 
711 533 12 16 0.022217128 
616 519 8 10 0.022145828 
673 526 11 11 0.022105236 
155 520 6 8 0.022011261 
142 593 12 17 0.021847479 
890 571 31 39 0.02174421 
174 528 8 10 0.021735184 
6 547 9 13 0.021726666 
33 510 9 10 0.021677665 
784 511 9 10 0.021676112 
390 480 7 9 0.021648554 
63 556 9 11 0.021636864 
399 470 8 9 0.021633906 
431 551 20 25 0.02155724 
21 520 9 11 0.021524105 
88 545 9 11 0.021517072 
160 520 7 9 0.02145034 
680 621 42 55 0.021445895 
600 669 46 53 0.021405939 
395 546 20 25 0.021403058 
910 573 41 59 0.021381496 
471 552 19 24 0.021307638 
930 359 16 18 0.021294665 
385 472 7 8 0.021261886 
277 559 9 12 0.021250645 
47 536 8 9 0.021227075 
40 525 8 10 0.021169266 
686 543 26 33 0.021167109 
813 511 9 11 0.021143561 
632 518 9 11 0.021124069 
489 477 7 10 0.021119995 
627 548 14 18 0.021114979 
482 535 9 11 0.021045918 
548 573 40 51 0.021028912 
696 568 16 19 0.021011317 
805 556 12 18 0.021005759 
505 496 9 11 0.020999894 
418 387 17 19 0.020991907 
338 521 7 10 0.020953653 
420 640 14 19 0.020950885 
333 602 12 17 0.020887757 
89 526 8 9 0.020873694 
659 601 24 29 0.020795202 
715 574 22 29 0.020793894 
32 541 9 12 0.020745171 
933 492 11 14 0.020742197 
204 614 28 32 0.020664373 
600 511 8 10 0.020634543 
180 614 13 18 0.020605821 
601 496 8 10 0.020601869 
565 613 14 17 0.020537393 
135 501 8 10 0.020523658 
807 622 32 38 0.020511732 
469 542 10 12 0.02048362 
840 333 99 125 0.020471457 
73 637 17 24 0.020467311 
77 525 8 10 0.020413762 
305 569 11 15 0.02030662 
133 544 13 15 0.020254737 
268 584 15 19 0.020187994 
31 550 10 12 0.020179324 
73 521 8 10 0.020124659 
357 581 13 15 0.02010915 
46 621 16 18 0.020106895 
138 575 11 15 0.020100236 
79 543 8 11 0.02003745 
703 606 28 36 0.020037089 
815 532 12 16 0.020035742 
412 591 15 19 0.020035155 
55 556 9 11 0.020010505 
