2_Demonstration_Demonstrators_2_456
47
1 275 104 130 0.9978073 
905 487 77 88 0.99358374 
632 425 76 105 0.9924124 
348 37 91 111 0.98139554 
461 348 67 93 0.98111695 
171 212 74 92 0.96774846 
227 467 50 66 0.91549575 
850 234 107 118 0.68657905 
54 96 28 40 0.23507734 
37 112 35 33 0.19826357 
62 84 27 45 0.19784097 
185 261 61 79 0.15670788 
217 317 39 49 0.09708789 
204 288 51 68 0.09520577 
21 339 68 86 0.08271394 
919 -3 47 33 0.0823692 
873 417 38 51 0.06122508 
550 2 113 95 0.060467243 
131 422 50 55 0.046316087 
67 530 25 29 0.043556824 
846 21 57 66 0.043360557 
348 5 72 86 0.04231155 
66 411 43 54 0.040996857 
44 425 43 52 0.03667023 
29 86 53 59 0.036073558 
322 265 91 151 0.032643896 
835 1 91 110 0.032473434 
780 160 51 63 0.03112181 
833 38 49 61 0.030959789 
558 38 71 72 0.030072121 
826 202 155 208 0.029638484 
49 122 19 25 0.029567692 
296 58 109 116 0.027286498 
763 183 48 54 0.026150543 
747 438 58 60 0.025697108 
862 279 78 94 0.025210269 
946 35 85 123 0.023539873 
833 54 27 32 0.02253363 
659 249 107 130 0.02252446 
82 401 48 58 0.022248885 
228 319 46 59 0.02156829 
554 131 25 36 0.021527722 
768 430 43 36 0.021449747 
53 172 15 17 0.021269685 
244 330 47 60 0.021051083 
310 283 57 75 0.021046273 
72 89 41 53 0.02088559 
