2_Demonstration_Political_Rally_2_117
184
586 194 35 44 0.99791056 
382 213 28 34 0.9939412 
284 194 24 31 0.9876323 
839 203 26 34 0.9838578 
791 212 22 26 0.96645355 
66 198 16 23 0.96434075 
731 218 28 35 0.95125175 
24 205 19 22 0.91802835 
879 194 25 37 0.8814794 
142 208 15 21 0.8453301 
453 197 12 16 0.8198674 
413 206 18 24 0.81955385 
806 190 11 14 0.8037494 
636 203 21 27 0.63991547 
954 189 24 30 0.5976198 
476 191 11 15 0.50479215 
780 201 14 18 0.4968178 
407 152 8 10 0.4536551 
730 181 9 13 0.3636155 
537 188 11 14 0.3223107 
471 172 9 11 0.28017178 
541 226 15 19 0.26275858 
762 183 9 11 0.2578309 
416 170 9 13 0.25352907 
247 191 13 21 0.25195456 
116 212 15 19 0.23848523 
123 218 14 22 0.23662609 
541 185 9 11 0.21526682 
628 194 17 21 0.21461971 
486 175 8 10 0.1952004 
745 192 8 10 0.19343306 
695 201 14 20 0.18761022 
175 198 9 12 0.18542111 
372 183 9 11 0.15579864 
406 184 8 11 0.1481987 
398 188 8 12 0.14511243 
527 189 8 12 0.1202789 
359 197 12 15 0.117352016 
83 230 13 15 0.11628797 
430 144 7 10 0.10586054 
760 187 11 14 0.10158751 
21 156 11 14 0.098678224 
263 216 15 21 0.09000858 
999 259 12 15 0.089751266 
788 195 15 20 0.08945515 
684 230 14 18 0.08520188 
622 196 14 19 0.080998875 
12 176 8 10 0.07952962 
481 174 8 11 0.07928152 
783 201 20 25 0.077431075 
513 191 8 11 0.07317864 
741 228 27 30 0.07188664 
763 206 12 15 0.07124935 
823 177 11 15 0.06964281 
801 191 11 14 0.069107614 
497 204 14 16 0.06863034 
526 184 8 10 0.06798816 
186 227 25 28 0.066673085 
5 204 10 14 0.06571211 
259 194 14 18 0.06133168 
744 194 11 15 0.059888784 
494 198 13 15 0.059417486 
534 193 11 14 0.059340194 
250 190 19 27 0.05762719 
459 201 13 17 0.056428306 
551 183 7 10 0.056002863 
792 181 8 10 0.05579068 
128 210 19 26 0.052848108 
642 138 11 13 0.050060235 
728 176 9 12 0.049961057 
241 195 11 16 0.04795893 
709 166 9 11 0.047635503 
4 146 13 17 0.047587905 
495 172 10 12 0.047349993 
412 150 8 12 0.046511315 
421 168 9 12 0.046221573 
877 185 15 25 0.04582064 
521 183 8 12 0.045502305 
401 186 8 11 0.04532321 
759 194 13 16 0.045244873 
792 192 11 14 0.04491147 
867 201 24 35 0.044464137 
484 179 11 14 0.044424973 
809 191 14 19 0.04421896 
857 208 15 20 0.044143587 
914 135 9 11 0.043575775 
520 189 9 12 0.043358285 
480 182 11 13 0.042910907 
371 187 11 13 0.042577032 
472 179 10 13 0.041319415 
11 180 10 13 0.041020367 
690 207 21 32 0.040198185 
698 201 22 29 0.039911676 
403 155 8 11 0.039517064 
721 169 8 11 0.03868657 
628 193 34 44 0.0378455 
880 181 11 16 0.037638918 
963 656 44 54 0.03743978 
447 151 9 11 0.03683307 
511 172 10 12 0.03585764 
869 187 11 16 0.03564085 
680 227 25 29 0.035537567 
110 215 16 20 0.03544772 
439 149 9 11 0.03527448 
241 278 13 16 0.03522902 
707 148 8 12 0.03489192 
424 209 14 18 0.034669675 
483 189 11 15 0.034467004 
193 221 18 19 0.034169804 
687 190 9 11 0.03416944 
680 189 11 14 0.034086984 
886 202 29 34 0.03398762 
979 119 40 51 0.033459242 
693 191 10 12 0.03340392 
713 183 9 10 0.033214424 
345 190 9 11 0.03313894 
113 220 26 30 0.03284802 
677 195 14 18 0.03241768 
527 175 8 11 0.03173753 
733 186 10 12 0.030792074 
684 202 16 21 0.029817153 
430 199 12 15 0.02975599 
469 202 11 15 0.029705206 
500 198 12 15 0.029027566 
732 178 11 13 0.028949166 
969 192 14 19 0.02893141 
202 227 15 20 0.028711211 
719 182 10 12 0.028584853 
57 134 9 11 0.027895026 
367 220 12 17 0.027855927 
659 188 14 17 0.027805531 
501 172 10 13 0.027779233 
784 93 8 9 0.027528942 
781 192 13 17 0.027203092 
93 228 11 15 0.027196517 
437 144 8 11 0.026913164 
11 187 12 15 0.026845204 
63 278 10 14 0.026348168 
783 203 35 43 0.026158607 
8 197 11 16 0.02615707 
330 10 10 13 0.025945617 
393 185 8 11 0.025601653 
142 197 13 16 0.024998369 
950 166 10 12 0.024210967 
683 212 21 31 0.023927111 
795 192 19 24 0.02333521 
327 135 8 12 0.023280988 
963 181 16 22 0.023146208 
477 200 12 15 0.023042502 
487 169 8 11 0.02298873 
759 206 22 25 0.022883924 
685 195 13 18 0.022757096 
890 187 28 36 0.022709247 
956 202 18 24 0.022642069 
200 193 10 11 0.022587704 
448 192 12 16 0.022363171 
529 195 9 12 0.02232211 
535 182 18 23 0.022205796 
425 148 11 14 0.022084797 
813 180 11 15 0.02199833 
425 155 9 12 0.021929089 
468 210 12 16 0.021861041 
821 330 185 277 0.021809755 
757 182 19 23 0.021762434 
790 488 24 28 0.02172286 
545 220 16 19 0.021666389 
898 159 9 11 0.021469949 
681 183 9 12 0.02144592 
942 193 11 19 0.02142945 
485 128 8 10 0.02130906 
641 196 16 21 0.021300191 
827 174 12 14 0.02126489 
421 183 10 11 0.021147335 
255 202 20 31 0.021079931 
642 77 9 11 0.02107161 
864 183 11 14 0.020983256 
943 169 9 11 0.02080928 
136 196 11 15 0.02079894 
817 176 8 11 0.020757293 
264 198 22 29 0.020746974 
789 92 9 10 0.020697095 
266 209 22 31 0.020408126 
717 186 11 14 0.0203606 
400 172 8 11 0.020090766 
