2_Demonstration_Protesters_2_881
24
41 298 29 31 0.9983076 
330 284 33 52 0.9980196 
365 247 359 397 0.14069067 
20 318 12 17 0.119069114 
732 90 246 196 0.08995646 
738 91 389 459 0.058547135 
859 96 123 130 0.047854725 
695 175 37 53 0.04720798 
488 82 340 410 0.04656187 
543 230 56 50 0.042905923 
797 171 203 328 0.042266667 
766 162 55 65 0.04105499 
294 65 407 407 0.033864107 
445 387 131 118 0.032886334 
872 0 119 114 0.0315107 
981 128 43 72 0.031229328 
631 195 103 159 0.029815784 
696 185 59 81 0.02335798 
624 27 334 435 0.02333465 
481 431 45 46 0.02326999 
743 129 105 128 0.02266664 
507 357 128 128 0.021006603 
661 232 58 94 0.020957386 
446 181 56 69 0.020236734 
