2_Demonstration_Demonstration_Or_Protest_2_655
103
278 111 26 31 0.97704166 
683 65 24 32 0.87959975 
511 96 24 31 0.7459149 
76 185 12 16 0.7310939 
628 125 13 15 0.46446136 
86 129 11 14 0.29223615 
477 54 23 30 0.19829644 
226 105 15 19 0.13303009 
288 62 9 13 0.12682164 
16 214 20 26 0.1008254 
14 176 10 14 0.10061508 
495 5 15 17 0.099712744 
808 157 10 13 0.09302754 
632 120 17 18 0.086613245 
479 42 15 20 0.08621311 
252 97 12 16 0.08072663 
336 114 11 16 0.07220939 
82 188 42 55 0.06638703 
100 192 44 57 0.061179094 
340 387 39 44 0.056850787 
969 55 8 11 0.05637679 
44 210 15 21 0.05627545 
262 100 11 15 0.05438812 
550 123 12 14 0.054326512 
709 60 15 22 0.052516427 
-33 300 359 455 0.05063444 
615 36 11 16 0.049914297 
490 9 24 29 0.04983061 
15 213 13 18 0.04734993 
163 207 31 44 0.044621393 
375 374 36 31 0.04307018 
555 126 10 12 0.04261925 
221 92 15 16 0.04188072 
118 201 37 44 0.041834593 
282 68 10 12 0.04046371 
20 205 15 17 0.039834514 
174 154 29 33 0.039390568 
42 223 16 20 0.038986627 
74 180 20 25 0.036319435 
323 100 25 33 0.03617062 
464 40 38 50 0.03614333 
234 107 12 16 0.035929628 
290 58 8 10 0.035105724 
544 117 13 17 0.03485643 
26 223 18 20 0.034382414 
37 205 13 18 0.033862546 
24 212 17 18 0.03374636 
24 132 10 12 0.03369596 
30 181 9 10 0.033596274 
293 200 9 12 0.033506617 
624 128 13 17 0.032031845 
691 59 24 31 0.031943295 
224 88 11 13 0.031873535 
91 99 12 15 0.03178063 
859 6 12 13 0.031601913 
822 86 37 53 0.031275794 
781 44 11 14 0.031145502 
123 68 27 35 0.030688798 
32 217 22 26 0.030131077 
554 131 13 16 0.029175963 
553 72 25 38 0.028006652 
317 84 42 55 0.027615344 
108 123 53 60 0.02760231 
176 85 11 13 0.027438274 
173 53 11 13 0.027283158 
737 574 8 10 0.02699979 
522 89 17 23 0.026442645 
51 424 214 266 0.025867436 
283 99 37 47 0.025853792 
158 62 12 15 0.025741551 
126 224 45 58 0.025682682 
30 195 12 15 0.025624365 
27 204 15 17 0.025505265 
256 95 20 25 0.025043579 
218 92 23 25 0.02499631 
177 177 25 33 0.024983367 
726 567 9 10 0.024977077 
887 511 8 10 0.02430136 
832 528 8 9 0.023925727 
29 128 10 12 0.023362925 
879 533 9 9 0.023269946 
768 520 7 9 0.023249034 
358 390 35 32 0.02304408 
721 566 8 10 0.022746824 
20 179 9 13 0.022487275 
647 27 185 234 0.0224802 
887 552 8 9 0.022380723 
318 331 17 20 0.022249425 
266 101 13 17 0.022046017 
710 566 8 10 0.022045631 
860 94 38 51 0.021444 
896 543 7 8 0.02140139 
90 124 13 16 0.020903619 
60 61 11 12 0.020816559 
838 568 7 9 0.020761453 
887 519 8 9 0.020651812 
13 196 12 16 0.02064454 
254 87 9 11 0.02063663 
261 95 10 14 0.020511352 
94 108 87 103 0.020475324 
45 171 9 12 0.020393634 
790 560 8 9 0.02024723 
351 200 11 14 0.020125195 
