2_Demonstration_Protesters_2_345
56
680 87 65 75 0.999529 
437 63 60 85 0.99948895 
250 45 64 73 0.9983266 
825 114 42 59 0.45568058 
498 520 9 11 0.25484958 
233 9 39 42 0.25433722 
417 511 9 11 0.24360785 
599 161 30 49 0.24169412 
436 515 11 13 0.1849286 
479 519 9 11 0.17308967 
607 151 28 41 0.109850116 
520 520 8 10 0.089646265 
917 124 10 13 0.084347986 
548 170 31 49 0.074001044 
239 13 54 64 0.059605293 
167 41 9 11 0.0577284 
419 516 11 13 0.057579152 
378 107 40 61 0.05283305 
447 512 10 11 0.050070718 
389 509 9 11 0.044726603 
484 519 9 11 0.04454326 
751 684 74 72 0.044529665 
174 44 9 11 0.044262905 
455 517 9 10 0.039381295 
837 133 52 66 0.039106477 
620 140 14 19 0.03852954 
270 355 30 39 0.037971523 
609 137 28 33 0.037516423 
557 190 15 24 0.037007622 
239 351 26 32 0.0367447 
194 67 31 43 0.03245221 
539 521 8 9 0.031740203 
631 132 13 18 0.030789243 
525 520 8 10 0.029855097 
548 208 12 16 0.029345272 
198 312 416 437 0.02859791 
630 129 23 33 0.028253136 
546 191 23 36 0.028171793 
527 184 47 61 0.028082661 
126 3 12 11 0.027240593 
486 524 9 11 0.026981533 
452 513 10 11 0.026523808 
767 384 34 35 0.026140403 
190 40 8 11 0.025113089 
148 29 10 12 0.02461318 
183 43 12 13 0.024298076 
555 183 45 52 0.023722073 
517 193 34 46 0.022770155 
372 509 9 11 0.022371138 
431 510 19 23 0.021817146 
216 297 28 39 0.021489158 
591 135 49 52 0.021467881 
583 197 33 37 0.02137573 
546 158 25 34 0.02117805 
541 162 15 22 0.021146016 
812 124 31 45 0.020996563 
