2_Demonstration_Demonstration_Or_Protest_2_98
1734
361 490 32 41 0.99940276 
558 482 32 42 0.9993729 
378 420 22 31 0.9958144 
411 506 26 32 0.9833067 
193 505 29 35 0.98119855 
605 577 39 47 0.97590965 
285 566 38 43 0.9704901 
514 525 33 41 0.9620493 
329 567 41 50 0.9584252 
277 526 27 35 0.9482515 
865 605 29 34 0.92074203 
443 462 24 28 0.9016807 
513 481 21 29 0.87516963 
104 295 9 12 0.8637302 
889 327 12 16 0.83842987 
351 301 10 13 0.83376324 
5 479 19 22 0.8258691 
325 474 19 29 0.81443965 
997 55 8 11 0.8136417 
300 69 9 12 0.81149304 
26 461 16 24 0.80278325 
76 276 10 12 0.77482736 
26 239 8 12 0.7485061 
139 515 21 28 0.7435247 
69 298 9 12 0.7420075 
187 285 11 14 0.73891884 
527 233 8 11 0.73424596 
527 60 8 10 0.70680064 
77 236 8 10 0.6711168 
418 294 9 11 0.64681727 
589 192 10 12 0.6392649 
791 56 8 10 0.630026 
564 84 11 15 0.6256484 
668 243 11 14 0.62501496 
1 431 17 21 0.6172521 
55 277 10 12 0.6114758 
148 269 9 13 0.6101883 
133 299 10 12 0.6080264 
556 253 9 12 0.60719275 
836 281 12 16 0.60252243 
53 302 8 10 0.59491235 
637 128 9 12 0.59109414 
408 259 11 13 0.58808005 
580 254 10 14 0.579463 
588 475 24 31 0.5777826 
960 215 9 12 0.574107 
495 72 9 12 0.5635834 
662 606 29 40 0.5577571 
446 418 16 21 0.5556999 
725 166 8 11 0.5545354 
388 79 8 11 0.54153556 
590 282 11 14 0.53580153 
276 84 9 11 0.50687766 
764 79 9 12 0.49914247 
893 230 8 11 0.49732196 
159 293 12 15 0.48812306 
577 154 11 14 0.48700497 
312 302 10 12 0.46474028 
123 488 20 27 0.45900935 
933 206 9 12 0.45715156 
75 182 7 10 0.44992578 
548 139 10 13 0.44397724 
579 125 9 13 0.43391958 
360 39 7 9 0.43115768 
32 261 8 11 0.43049574 
885 38 8 11 0.43037504 
756 144 9 12 0.42746982 
173 172 9 11 0.42466614 
198 85 8 11 0.42004487 
518 295 11 14 0.40757844 
977 252 9 12 0.40336117 
516 126 11 14 0.4029415 
353 272 9 11 0.40069395 
751 182 9 11 0.39882293 
336 288 9 11 0.39542797 
724 41 9 11 0.3918686 
590 461 20 30 0.38919333 
743 85 8 11 0.38882026 
33 295 9 12 0.38641775 
118 256 8 10 0.38531944 
190 410 15 18 0.38372824 
528 251 11 12 0.38339305 
839 621 32 30 0.380629 
31 117 8 9 0.37680808 
193 228 8 10 0.3765206 
253 305 8 11 0.3748765 
200 93 9 12 0.373028 
640 78 8 11 0.37289488 
226 224 8 10 0.37066382 
555 36 8 11 0.3640748 
222 551 30 45 0.35887256 
457 319 9 11 0.3570252 
677 60 8 11 0.3569105 
247 79 11 14 0.35689706 
492 230 9 11 0.35677066 
216 94 10 12 0.35643864 
481 111 9 11 0.35570145 
1001 333 13 17 0.3533865 
213 114 10 13 0.34960452 
871 176 10 13 0.3445044 
615 117 12 16 0.340506 
518 77 9 11 0.34001395 
18 174 8 11 0.3301272 
784 222 8 11 0.32291272 
832 159 9 12 0.32144347 
276 78 11 13 0.31847876 
960 296 12 15 0.31802288 
980 199 8 12 0.31742135 
119 111 8 10 0.31696337 
753 7 9 12 0.31477383 
415 210 10 12 0.3136696 
417 195 10 12 0.31333655 
590 85 8 10 0.31258452 
641 54 9 10 0.3099884 
167 256 8 11 0.30666992 
40 518 22 26 0.3058956 
511 124 12 15 0.30504692 
106 511 18 21 0.30177233 
723 187 11 14 0.30150995 
2 260 8 12 0.3006068 
1002 112 8 10 0.29773507 
0 527 12 22 0.2906486 
209 224 9 10 0.28847435 
942 133 9 11 0.28688163 
966 389 10 12 0.28391165 
909 109 8 10 0.28284606 
980 221 8 11 0.28185254 
164 577 22 29 0.28057426 
449 452 22 30 0.27472073 
57 316 8 10 0.272695 
695 137 8 10 0.27260917 
439 125 9 10 0.27045205 
589 81 7 9 0.270152 
674 124 8 11 0.26971126 
388 263 8 10 0.269091 
804 131 11 12 0.26551604 
357 56 9 12 0.26425612 
104 263 9 11 0.26394278 
592 92 9 11 0.26280782 
79 68 7 10 0.2625425 
296 284 9 12 0.2618294 
936 325 11 13 0.25946042 
291 112 8 10 0.2590721 
399 167 11 12 0.25526938 
61 317 8 10 0.2507669 
479 268 7 10 0.24888855 
16 465 20 28 0.24878693 
56 159 8 10 0.24535736 
420 176 8 11 0.24495892 
167 78 9 12 0.24439979 
780 94 9 11 0.24186377 
253 84 8 11 0.24026656 
84 503 15 19 0.23890951 
48 48 7 9 0.23889996 
743 257 8 10 0.2374929 
985 103 8 10 0.23323499 
848 329 14 17 0.23096107 
485 100 9 12 0.23027846 
12 109 9 11 0.22915988 
325 447 14 18 0.22881043 
721 43 9 11 0.22793338 
7 78 10 13 0.22704667 
622 179 8 12 0.2220276 
628 163 10 13 0.22180499 
406 44 9 11 0.22173314 
173 238 8 11 0.22072428 
441 271 8 11 0.22017516 
3 503 16 22 0.2200057 
127 263 8 11 0.21638286 
531 458 13 16 0.21576558 
166 215 8 9 0.21438077 
926 229 9 11 0.21360268 
431 232 9 11 0.21211588 
229 604 27 39 0.21043675 
508 274 12 15 0.20766155 
292 222 16 18 0.20697948 
610 70 8 11 0.20680963 
174 183 8 11 0.20652671 
401 229 8 12 0.20528856 
926 256 14 18 0.20495325 
413 232 9 11 0.20469731 
314 59 9 12 0.20464918 
216 88 8 10 0.19829108 
754 56 7 10 0.19799086 
166 223 8 10 0.19713667 
58 239 7 10 0.19697215 
851 614 31 31 0.19654413 
196 79 10 13 0.19570881 
782 134 8 10 0.19569173 
311 45 8 9 0.19499105 
864 93 8 9 0.19459884 
761 133 9 12 0.1930353 
990 234 9 12 0.19280289 
871 253 7 9 0.19206165 
685 248 11 13 0.18906271 
421 275 9 11 0.18896203 
807 236 9 12 0.18679647 
896 30 7 10 0.18618797 
781 278 7 10 0.18519029 
873 284 11 14 0.18331672 
480 291 10 12 0.18126175 
592 510 24 29 0.1810955 
634 627 28 30 0.18079163 
223 280 10 11 0.1805769 
442 276 8 11 0.17980823 
926 224 9 10 0.1785985 
207 285 9 11 0.17821817 
712 126 11 12 0.1775822 
151 172 7 11 0.1764756 
129 268 9 11 0.17583 
546 99 9 12 0.17562646 
975 229 9 11 0.1717061 
392 182 9 11 0.17053139 
165 286 11 13 0.16995579 
704 60 8 11 0.16985351 
115 64 7 9 0.16895552 
955 45 8 10 0.16850884 
710 94 9 11 0.1676467 
710 62 7 10 0.16695662 
893 136 9 11 0.16668722 
154 119 7 9 0.16667017 
698 180 9 11 0.16659969 
121 548 14 17 0.16613708 
623 54 7 10 0.16607487 
520 73 8 10 0.16509053 
263 103 8 10 0.16504978 
458 165 9 11 0.16467808 
485 623 47 39 0.16462697 
119 294 9 12 0.16364852 
111 241 8 10 0.1623581 
144 183 7 9 0.16203724 
561 207 8 11 0.16187914 
301 285 8 11 0.16144495 
736 108 10 11 0.16021317 
970 143 8 10 0.15980352 
198 437 24 27 0.15977086 
525 165 9 12 0.15974724 
114 112 8 10 0.15971538 
727 318 10 11 0.15900598 
466 70 7 9 0.1585163 
957 40 7 10 0.15781428 
704 57 7 9 0.1575929 
635 148 11 16 0.15742436 
818 78 7 10 0.15690765 
49 54 7 10 0.1566115 
616 55 8 11 0.15650216 
181 118 8 12 0.1554204 
1008 201 9 11 0.15508145 
56 181 8 10 0.1543253 
73 272 9 11 0.15418176 
1013 102 8 11 0.15405032 
936 169 11 12 0.15253097 
710 101 9 12 0.15092848 
738 71 7 9 0.15065546 
250 113 8 10 0.15059686 
34 566 14 17 0.1495159 
248 278 8 10 0.14900726 
597 101 9 13 0.14872484 
802 102 7 10 0.1487085 
631 157 12 15 0.14830807 
614 147 10 13 0.14828835 
281 248 9 12 0.14817141 
861 260 9 11 0.14753959 
354 60 10 14 0.14683177 
56 282 10 12 0.14538632 
127 198 7 9 0.14505884 
487 293 10 12 0.14405045 
7 256 9 12 0.14352864 
479 164 9 11 0.1434343 
862 255 8 11 0.14335471 
614 111 9 12 0.14315295 
562 388 11 13 0.14303307 
497 167 8 10 0.1428822 
576 413 11 14 0.14232318 
439 109 7 9 0.1420358 
275 56 8 11 0.14135714 
861 151 12 14 0.14100446 
719 85 8 10 0.13926646 
550 232 9 12 0.13890842 
905 103 10 12 0.13761005 
80 315 9 11 0.13737823 
295 367 11 14 0.13609894 
629 175 9 11 0.13556367 
62 232 8 10 0.13482492 
581 319 13 16 0.1348094 
494 294 11 14 0.13393676 
412 256 10 13 0.13387278 
624 553 25 29 0.1332078 
5 238 8 11 0.13278623 
277 60 8 11 0.1327554 
71 133 7 10 0.13057873 
385 267 9 12 0.13025174 
813 236 8 11 0.12996966 
407 231 10 13 0.12992275 
952 59 10 12 0.129314 
276 71 10 13 0.1289352 
64 246 8 10 0.12711515 
9 73 9 9 0.12666515 
309 410 10 13 0.12653482 
672 67 9 11 0.1261436 
122 103 8 10 0.12533976 
675 313 13 18 0.12519014 
637 142 11 13 0.124743275 
107 486 15 17 0.124253005 
401 44 9 11 0.12313633 
431 87 7 9 0.12277143 
495 237 8 11 0.12236231 
582 143 10 11 0.121961474 
66 96 8 10 0.12141954 
984 108 9 11 0.120873876 
665 238 11 15 0.12084081 
320 441 15 19 0.11943051 
464 298 12 14 0.11908082 
220 308 10 12 0.11776992 
830 62 7 9 0.11769145 
950 283 9 12 0.11684695 
172 488 24 27 0.11665204 
97 62 7 9 0.116210036 
180 66 13 14 0.11607592 
839 260 10 13 0.115278944 
69 101 8 11 0.114711404 
642 551 23 32 0.113915265 
208 293 10 13 0.11322516 
728 126 8 11 0.11168959 
5 261 9 11 0.11122402 
61 176 8 9 0.11058352 
169 184 9 11 0.10963896 
215 300 10 14 0.10841875 
108 443 13 17 0.1083191 
526 172 8 11 0.10811638 
150 223 8 9 0.10763681 
491 465 17 20 0.10697915 
420 193 10 11 0.10673032 
454 93 8 10 0.105682634 
769 55 8 9 0.104798175 
23 453 16 20 0.10456806 
805 256 8 10 0.103551 
496 485 27 34 0.103291236 
114 256 8 10 0.10252874 
662 182 7 10 0.10224345 
213 229 8 10 0.10173857 
94 160 8 10 0.10169971 
703 316 13 14 0.10145661 
500 295 11 13 0.1012126 
942 100 9 11 0.10067097 
935 150 10 14 0.1006073 
897 59 9 12 0.10045345 
162 225 7 10 0.099822834 
998 207 9 11 0.09962261 
817 310 11 15 0.09922625 
313 296 10 12 0.09898143 
207 280 9 11 0.09887527 
938 330 12 15 0.09796126 
455 277 10 13 0.097895816 
520 164 10 12 0.09782939 
270 315 10 13 0.09780271 
516 109 9 11 0.097572334 
737 78 7 10 0.096603245 
671 86 10 12 0.09656618 
857 474 10 13 0.09650303 
535 215 8 11 0.09645859 
451 78 7 10 0.096136436 
78 176 8 10 0.095954575 
737 64 8 10 0.09591528 
111 261 9 11 0.095196985 
742 81 8 10 0.095195785 
88 62 7 9 0.09486342 
600 271 11 13 0.09466456 
609 77 9 11 0.09461641 
345 278 8 11 0.094454266 
174 278 11 13 0.09394907 
976 46 9 12 0.09357053 
2 232 8 11 0.092587814 
524 158 11 13 0.09248521 
289 280 8 11 0.09138039 
762 128 9 12 0.09084458 
96 191 8 12 0.09079686 
535 402 12 15 0.08990082 
671 78 10 12 0.08942933 
302 103 8 9 0.08872199 
207 94 8 11 0.087867305 
220 98 9 12 0.087760374 
133 63 7 10 0.08757125 
548 53 10 11 0.087500125 
130 295 10 14 0.08734963 
785 227 8 10 0.0873037 
532 249 10 11 0.08720772 
8 269 9 11 0.08672268 
153 632 19 19 0.086490944 
14 104 8 10 0.08632344 
132 505 13 17 0.08597353 
586 84 9 12 0.085890666 
184 280 11 14 0.08571305 
769 270 9 11 0.08542445 
841 365 11 13 0.08520528 
391 164 10 13 0.08507419 
536 88 7 10 0.08456879 
926 61 6 10 0.08436763 
410 104 8 10 0.0841171 
857 189 10 12 0.08408151 
802 126 11 13 0.08364111 
10 106 9 10 0.08361101 
976 217 10 12 0.08341147 
140 294 9 12 0.083244994 
242 56 8 11 0.08305045 
162 77 8 11 0.082855515 
857 54 7 8 0.08243504 
166 200 9 11 0.082357496 
631 78 8 10 0.08186535 
56 263 8 10 0.08169494 
170 572 14 20 0.0812355 
55 56 7 9 0.08114209 
489 247 7 10 0.08106725 
513 300 8 11 0.080556 
440 133 9 11 0.08054886 
493 56 8 9 0.08050017 
552 261 10 13 0.08050012 
505 121 8 11 0.08045471 
425 100 8 12 0.08002246 
456 117 8 9 0.07974075 
104 158 9 10 0.07966138 
149 515 21 31 0.079478115 
101 506 17 20 0.079068996 
525 138 11 14 0.07889874 
185 158 9 12 0.07873984 
245 60 8 11 0.07871833 
671 249 10 14 0.07868831 
360 44 8 11 0.07860906 
550 63 10 11 0.07786347 
672 101 11 14 0.0778304 
585 277 12 14 0.077619836 
72 129 8 9 0.07755302 
241 71 10 11 0.0774255 
166 207 8 10 0.07736456 
78 282 10 11 0.07709963 
168 229 8 10 0.07707821 
142 286 10 11 0.07707412 
495 245 8 10 0.0769753 
144 96 9 11 0.07687048 
311 263 9 11 0.076703064 
454 87 8 10 0.07669634 
584 93 8 10 0.0766734 
903 539 13 17 0.076591 
135 197 9 11 0.076590374 
28 242 8 12 0.07625432 
883 149 12 14 0.07579289 
662 197 9 12 0.07541977 
430 55 7 9 0.07541505 
296 103 9 11 0.0751883 
474 457 17 20 0.07509445 
194 200 8 11 0.07506176 
14 71 7 9 0.07497059 
249 307 9 11 0.074803926 
317 294 9 12 0.07477969 
328 415 11 14 0.07471046 
781 100 8 11 0.07467095 
595 94 10 13 0.074401185 
471 83 9 11 0.07436672 
54 297 10 12 0.07421693 
559 211 9 12 0.07408138 
431 103 8 10 0.074037164 
425 55 8 11 0.07381538 
922 86 9 10 0.073802836 
117 69 8 10 0.07373803 
862 280 9 12 0.07360654 
624 78 9 11 0.073517404 
434 63 7 10 0.073392175 
613 85 9 12 0.07312455 
1005 111 8 10 0.07289671 
31 268 8 10 0.072734505 
726 80 9 11 0.07261205 
887 141 11 12 0.07257866 
942 638 14 17 0.07245492 
160 199 7 11 0.07233845 
977 52 9 11 0.07186774 
120 151 10 12 0.07146678 
188 262 10 13 0.0714595 
822 144 9 10 0.07141816 
678 167 9 11 0.07123663 
149 265 9 12 0.07113339 
145 276 10 11 0.07101073 
340 286 9 12 0.07094038 
697 62 8 9 0.07086093 
138 192 8 10 0.07085649 
496 172 10 12 0.0707897 
433 70 8 9 0.0704387 
985 237 8 12 0.07042307 
197 294 10 13 0.07022289 
425 87 6 9 0.07019309 
167 148 8 11 0.07017677 
596 275 12 15 0.07017524 
516 333 9 12 0.07007816 
559 80 11 13 0.06972119 
513 105 9 11 0.0696879 
153 229 8 9 0.069664426 
999 278 9 11 0.069624044 
162 205 8 11 0.06953536 
357 86 9 11 0.069349185 
216 324 10 13 0.0692729 
765 247 10 13 0.0692539 
401 72 9 11 0.06892459 
927 234 10 12 0.06887065 
22 342 10 13 0.06853123 
910 501 11 14 0.06832701 
597 24 14 17 0.068170674 
256 102 8 11 0.06815545 
984 70 7 9 0.06803408 
677 275 15 16 0.067943364 
120 97 8 10 0.067883246 
1008 103 8 10 0.06773202 
181 45 8 10 0.067422554 
124 108 8 11 0.067355715 
12 254 10 12 0.067262724 
548 187 10 13 0.0672003 
739 84 8 11 0.06713917 
208 136 9 10 0.0666715 
491 61 7 9 0.06654205 
651 549 23 37 0.06622814 
609 84 9 13 0.066122964 
558 68 9 11 0.066085584 
417 88 6 9 0.06574089 
465 78 9 11 0.06543714 
170 168 9 11 0.064952694 
74 150 8 10 0.06491613 
1009 309 10 14 0.06485997 
40 270 8 10 0.06481698 
149 216 8 11 0.064575695 
296 311 8 12 0.06442148 
437 143 10 12 0.06414311 
376 285 9 12 0.06365369 
294 360 9 11 0.063509755 
200 99 9 11 0.06332582 
482 454 22 25 0.06310026 
644 78 8 10 0.06305874 
658 195 9 12 0.06294364 
821 187 10 13 0.06294273 
292 215 14 15 0.06290972 
1014 245 9 14 0.0628789 
362 318 9 11 0.06287229 
88 501 22 24 0.06277103 
475 269 8 10 0.062768035 
523 294 11 13 0.062756516 
941 150 12 14 0.062687375 
861 471 10 13 0.062664725 
252 371 9 11 0.062384665 
655 215 9 11 0.062336944 
293 549 33 44 0.062259503 
709 311 10 13 0.062008157 
256 246 8 11 0.061853316 
709 106 10 13 0.061794534 
357 276 9 12 0.061689455 
856 551 27 31 0.061639585 
622 102 9 11 0.06149872 
433 110 8 9 0.06135337 
423 96 9 10 0.06107875 
929 213 10 11 0.060997523 
96 422 12 16 0.060968854 
48 514 19 24 0.060861316 
208 166 9 11 0.06084683 
494 63 7 9 0.060817674 
81 343 8 11 0.06080673 
58 112 8 11 0.060777426 
999 127 9 10 0.06077476 
418 71 8 10 0.060764585 
17 95 7 10 0.06073286 
229 279 9 11 0.06065478 
47 246 7 10 0.060502682 
548 96 9 11 0.060351536 
75 69 8 10 0.06019856 
876 164 12 14 0.060144186 
568 270 9 11 0.060041394 
617 176 11 13 0.059910137 
576 120 10 13 0.0599067 
485 287 9 12 0.05990115 
144 221 8 11 0.059810564 
7 165 7 10 0.058980513 
386 83 11 12 0.05884885 
17 170 8 10 0.058848534 
399 110 7 8 0.05883943 
368 238 7 9 0.058785286 
361 286 8 11 0.058695573 
979 245 10 14 0.058670826 
513 264 8 11 0.058667153 
544 236 10 12 0.058587044 
154 197 8 10 0.058516257 
316 54 9 12 0.05849144 
296 379 11 13 0.058400854 
868 554 15 19 0.057983086 
550 46 10 12 0.057966866 
409 212 10 12 0.057749283 
62 111 9 11 0.057728346 
783 374 7 10 0.057651408 
111 152 7 11 0.057592865 
455 312 10 13 0.057524737 
582 120 10 13 0.057506338 
496 343 9 11 0.057435192 
104 276 9 11 0.057424273 
983 230 10 12 0.05740539 
471 136 7 9 0.057372134 
565 205 8 11 0.057251606 
552 268 10 11 0.057185672 
613 78 9 11 0.057116162 
334 297 10 13 0.057017356 
490 225 8 11 0.056854732 
103 80 8 10 0.05678534 
214 277 8 11 0.056612276 
542 87 8 11 0.056570154 
462 310 11 13 0.05646893 
956 54 9 11 0.056441676 
90 159 8 11 0.056187723 
198 198 8 12 0.056104988 
375 279 10 12 0.055960134 
591 99 12 15 0.05593622 
800 96 8 10 0.05577674 
127 276 9 11 0.05561977 
78 189 9 13 0.055489425 
766 223 10 12 0.055355243 
72 143 8 10 0.0552376 
1 309 8 12 0.055235658 
675 57 8 10 0.055109758 
10 63 8 10 0.055107493 
7 221 8 10 0.054859187 
253 110 8 11 0.054811798 
878 155 14 15 0.054603092 
833 535 9 12 0.054573532 
119 288 9 12 0.054364536 
737 278 11 13 0.05418421 
245 72 10 12 0.05400173 
422 72 7 9 0.053945705 
145 117 8 10 0.05392024 
310 92 9 12 0.053881582 
197 224 8 11 0.05352722 
909 96 9 11 0.053315345 
871 137 9 11 0.053312596 
551 68 10 11 0.053040035 
175 243 9 10 0.053036083 
750 216 8 10 0.05294389 
586 197 10 11 0.05280058 
525 151 11 13 0.05274029 
798 196 10 13 0.05250125 
784 217 9 12 0.0524159 
482 97 9 11 0.052392796 
936 128 8 12 0.052356895 
520 136 12 15 0.05226646 
613 60 9 11 0.05219243 
526 463 15 20 0.05218631 
560 62 9 12 0.0520895 
387 426 21 28 0.051931344 
308 540 29 38 0.05192156 
415 57 9 11 0.051903345 
833 38 10 13 0.051751625 
717 311 9 11 0.051744882 
775 272 8 11 0.051740974 
377 294 9 10 0.0515796 
352 201 9 11 0.05154338 
830 174 9 11 0.051518388 
59 117 8 10 0.051483646 
0 437 12 20 0.051406976 
181 73 12 15 0.051388513 
496 125 8 10 0.05109726 
780 88 9 11 0.05087942 
446 272 9 12 0.05078468 
736 247 8 10 0.050719827 
141 190 8 11 0.050622046 
335 271 8 10 0.05039055 
625 70 9 11 0.050306298 
877 281 9 12 0.050294574 
609 62 9 11 0.050120953 
125 119 8 10 0.049854424 
738 254 9 11 0.049689278 
0 203 8 11 0.049479242 
422 78 8 10 0.049454313 
542 279 9 12 0.049384084 
40 278 10 11 0.04932277 
581 131 10 13 0.04921772 
161 150 8 11 0.049007405 
114 231 7 9 0.04888699 
183 112 10 12 0.048678435 
161 71 8 12 0.048647877 
221 331 10 12 0.04864642 
224 567 39 53 0.04857179 
303 109 8 10 0.048505686 
450 93 9 11 0.04844527 
276 91 10 12 0.04829737 
557 258 10 13 0.048172943 
61 180 8 11 0.048010226 
450 87 8 10 0.047941953 
254 277 7 10 0.04790827 
462 284 10 12 0.047676686 
241 76 12 15 0.047675382 
25 78 8 10 0.047667056 
8 142 8 11 0.047447223 
51 184 7 10 0.047389094 
75 157 8 10 0.0472257 
920 236 9 12 0.047177818 
165 514 25 33 0.04706285 
288 94 8 9 0.046957627 
1014 106 9 12 0.046814073 
440 319 8 10 0.0467558 
81 506 21 27 0.046725422 
205 141 11 13 0.04670328 
297 63 10 12 0.046667706 
442 285 8 11 0.04664837 
73 177 9 11 0.046565477 
757 62 9 10 0.046431106 
672 143 10 12 0.046400215 
776 253 7 10 0.046364576 
961 231 9 10 0.046317678 
38 286 9 10 0.046293817 
200 316 11 13 0.046194825 
471 278 8 11 0.046143122 
162 253 9 13 0.04612302 
609 212 9 12 0.046113387 
312 67 9 12 0.0460779 
545 48 9 11 0.046004787 
468 308 9 12 0.045960106 
566 575 24 41 0.04594602 
713 47 8 9 0.04587506 
669 271 26 27 0.045862917 
293 116 9 10 0.04570555 
176 475 28 31 0.045688517 
837 43 11 13 0.045647245 
27 594 50 47 0.045623988 
173 85 8 10 0.04549657 
305 96 8 9 0.04548161 
560 54 9 11 0.045468003 
993 212 11 13 0.045454137 
439 167 10 12 0.045444984 
975 77 7 10 0.045342077 
966 394 12 16 0.04528833 
405 287 10 12 0.045081556 
155 294 8 11 0.044940155 
432 119 9 11 0.04473215 
61 495 20 27 0.04454356 
968 467 10 13 0.04453827 
776 128 9 11 0.04453595 
128 497 22 29 0.044419892 
110 157 7 10 0.04437783 
517 263 10 12 0.04433842 
526 259 11 13 0.04424605 
502 220 12 15 0.044230264 
975 94 8 11 0.044138577 
60 159 8 10 0.04396661 
821 78 8 10 0.043940492 
177 61 12 15 0.043810017 
946 278 10 13 0.043782584 
26 111 7 9 0.04373195 
124 143 9 11 0.04372311 
134 204 9 11 0.043669313 
768 60 10 12 0.043370113 
491 453 15 19 0.04309888 
676 120 9 11 0.04307763 
23 142 8 11 0.043070138 
622 48 9 12 0.04305452 
525 451 22 26 0.042985026 
854 558 13 15 0.042961117 
719 317 9 10 0.042917542 
173 506 27 37 0.042868268 
461 279 10 12 0.04281354 
464 95 7 9 0.04260821 
894 179 9 11 0.042563543 
141 508 14 19 0.04253863 
830 69 8 10 0.042486448 
799 295 9 12 0.042405542 
798 86 8 10 0.042379133 
270 103 9 12 0.042339806 
437 64 8 10 0.0422393 
848 47 8 10 0.042238127 
209 112 10 13 0.042231373 
683 314 14 17 0.04221373 
400 63 8 10 0.042178456 
394 340 9 12 0.042148385 
640 73 8 10 0.042068183 
902 325 12 15 0.042041548 
49 59 9 10 0.042003665 
207 216 10 12 0.04197678 
662 85 9 12 0.041933376 
312 316 12 14 0.041891765 
37 263 8 10 0.04185129 
974 137 7 10 0.041836455 
490 235 9 13 0.041836247 
544 166 9 11 0.04178686 
257 253 8 11 0.041778103 
462 244 10 12 0.041760873 
857 48 7 11 0.041700535 
262 254 9 12 0.041689016 
172 77 11 14 0.041633565 
317 309 10 13 0.04158305 
625 159 10 14 0.041569024 
393 309 9 12 0.041522864 
554 249 9 11 0.04144545 
392 173 10 13 0.041399688 
237 105 8 9 0.041387357 
727 627 13 18 0.04131008 
821 148 8 11 0.04126529 
163 101 8 11 0.041260432 
167 267 10 12 0.04111847 
584 107 10 12 0.041055195 
848 214 9 11 0.04098909 
678 245 12 16 0.040861793 
484 115 9 11 0.040853113 
762 250 10 13 0.040823944 
129 67 9 10 0.040787674 
950 151 9 11 0.04071858 
697 55 7 10 0.040716916 
968 230 9 11 0.0407015 
605 222 9 12 0.040673133 
239 374 8 11 0.040642772 
888 34 8 11 0.040595286 
167 412 10 15 0.04058617 
901 535 21 30 0.040515736 
695 315 13 15 0.04047182 
766 214 8 10 0.040465105 
175 271 9 11 0.040441886 
737 260 10 12 0.04036083 
95 247 7 9 0.04034705 
312 89 9 11 0.04033048 
825 165 9 12 0.040313784 
562 198 9 11 0.040258057 
589 231 9 11 0.040240787 
214 135 9 12 0.04014418 
359 80 9 12 0.04013897 
562 395 12 17 0.040113058 
119 238 7 9 0.03999557 
784 295 8 10 0.03993353 
518 82 9 12 0.039839655 
1002 104 8 10 0.03983223 
835 557 10 13 0.039814796 
546 61 9 12 0.03976477 
575 277 9 11 0.039750807 
687 77 9 12 0.03970418 
816 149 10 12 0.039676365 
33 457 16 25 0.039494704 
212 437 25 29 0.039474256 
712 88 8 10 0.039402343 
826 70 7 10 0.03939439 
32 71 7 10 0.039378576 
740 103 8 12 0.03935874 
841 469 12 15 0.03931947 
422 263 9 11 0.039217055 
466 65 7 9 0.039205316 
0 135 7 11 0.039199766 
391 187 9 12 0.03919936 
307 44 8 11 0.039089076 
1012 198 9 13 0.03906176 
535 221 8 10 0.03905502 
430 311 9 10 0.038980752 
961 237 10 11 0.03896598 
637 206 8 10 0.038952608 
868 149 12 14 0.038941957 
491 71 8 11 0.03883289 
445 294 9 12 0.03882686 
690 135 9 11 0.038790993 
792 296 8 11 0.03873856 
50 188 8 11 0.03862943 
206 315 10 14 0.038565945 
15 143 7 10 0.038487453 
390 256 8 11 0.03844334 
23 234 17 23 0.038420275 
630 71 8 11 0.038233887 
863 542 27 32 0.03814661 
759 103 9 12 0.038131602 
977 192 9 11 0.038082436 
1007 151 8 10 0.038006715 
581 521 27 30 0.037989706 
38 254 9 12 0.037888385 
392 240 8 10 0.03783529 
76 521 18 23 0.037744053 
347 349 8 11 0.037707828 
409 349 8 10 0.037665527 
800 108 8 11 0.037612673 
805 138 10 13 0.037582085 
214 318 10 12 0.037559047 
576 248 11 13 0.037545808 
178 124 10 11 0.037451793 
232 104 8 11 0.037373144 
120 233 6 9 0.037356496 
606 230 9 11 0.037352823 
971 341 16 19 0.037349768 
719 277 11 13 0.037338506 
430 466 28 30 0.03733495 
288 443 12 14 0.037327114 
800 327 10 12 0.03724858 
781 273 8 10 0.03718975 
885 583 15 21 0.037141427 
152 192 8 11 0.037048683 
576 92 9 11 0.037036743 
416 94 7 9 0.03702798 
928 331 12 15 0.03699407 
78 150 8 11 0.036931805 
408 13 12 14 0.036862906 
871 259 9 12 0.036703274 
582 269 10 12 0.036665265 
161 64 7 10 0.03665749 
577 452 14 18 0.036603935 
575 191 8 10 0.03657607 
317 69 9 13 0.03656252 
968 73 8 10 0.036424316 
434 123 9 12 0.036409825 
697 189 9 12 0.03631261 
7 90 10 13 0.03618563 
755 181 11 12 0.036101043 
470 64 7 9 0.03603677 
213 165 9 11 0.03603581 
248 127 10 12 0.036021765 
7 303 9 12 0.035974454 
413 102 8 11 0.03594617 
464 85 8 10 0.035940785 
692 117 10 13 0.035885405 
80 195 10 12 0.035770062 
683 270 16 18 0.0357683 
254 272 8 10 0.035761856 
302 247 9 11 0.035692368 
588 222 9 10 0.035692025 
104 256 7 10 0.035672367 
534 270 10 11 0.035645146 
276 102 10 13 0.035637867 
66 490 15 19 0.03561527 
158 411 11 15 0.035586566 
786 60 8 10 0.03552276 
522 236 11 13 0.03544774 
262 247 8 10 0.035368994 
609 236 9 11 0.03536707 
62 286 9 11 0.035356566 
406 256 17 21 0.035302024 
291 364 19 24 0.035236757 
357 65 10 13 0.035200596 
110 435 22 29 0.03515002 
41 247 8 10 0.035023145 
617 104 8 11 0.035011098 
950 271 8 11 0.034994327 
440 264 9 12 0.034949865 
453 328 12 16 0.03494815 
174 292 10 12 0.034936953 
876 549 11 15 0.034851443 
57 342 9 11 0.034834728 
336 280 10 12 0.034742955 
806 119 9 11 0.03467793 
867 156 12 14 0.03467675 
400 235 9 12 0.034675296 
920 259 12 16 0.034643292 
352 92 10 12 0.03458499 
404 171 9 12 0.03458434 
310 208 11 13 0.03454979 
209 237 10 12 0.034548063 
73 165 9 10 0.03453735 
532 115 12 14 0.034522507 
710 56 8 9 0.034408923 
839 328 22 27 0.034403488 
896 364 10 13 0.034400478 
1014 378 10 14 0.03439386 
445 260 10 13 0.03437048 
294 210 23 25 0.03435384 
826 57 7 9 0.03433319 
357 200 8 11 0.03432909 
726 312 11 12 0.034318622 
896 192 9 12 0.03431461 
746 215 7 10 0.034265865 
106 247 8 9 0.034225304 
834 606 54 48 0.03419696 
691 140 9 13 0.03417166 
424 318 9 12 0.03415558 
119 247 8 10 0.034146838 
56 257 8 10 0.034106724 
250 103 8 11 0.034106143 
916 507 13 15 0.034081675 
725 276 10 11 0.034069244 
711 68 8 11 0.034061134 
607 363 9 12 0.03403456 
257 392 10 13 0.03402335 
5 126 10 12 0.034011766 
224 456 27 36 0.033988908 
535 278 10 12 0.03398391 
567 140 10 13 0.03394661 
185 150 9 11 0.033846468 
552 78 9 11 0.033817433 
581 249 10 13 0.033797603 
503 215 10 12 0.033711676 
804 181 10 12 0.03371062 
100 517 20 22 0.03368613 
248 272 8 12 0.033684652 
673 167 8 11 0.033661555 
418 211 11 14 0.033648044 
599 33 12 15 0.033641845 
262 96 8 10 0.033641286 
240 254 9 12 0.033627044 
807 77 8 11 0.03362576 
40 55 7 9 0.033569697 
0 139 8 13 0.033557493 
111 455 14 20 0.03355173 
889 179 9 12 0.033548463 
996 182 9 12 0.0335128 
167 71 9 13 0.033450354 
863 181 9 12 0.033350963 
966 221 8 11 0.033348028 
581 310 13 16 0.033339705 
489 214 9 11 0.033333678 
445 254 10 12 0.03332727 
757 56 7 9 0.033313 
288 530 30 36 0.033267904 
238 109 9 11 0.03324436 
182 189 9 10 0.03319409 
184 183 8 11 0.033104196 
957 150 10 12 0.0330952 
831 140 9 11 0.032865845 
726 630 24 25 0.03285686 
55 72 8 10 0.032838758 
126 246 9 10 0.03282326 
278 539 30 40 0.032805197 
250 133 9 12 0.032748237 
546 261 8 11 0.03270153 
405 224 10 11 0.03268079 
286 132 9 11 0.032678816 
173 504 15 20 0.032661762 
419 158 11 14 0.03265721 
366 262 10 11 0.032647103 
22 180 8 9 0.032633428 
255 94 9 12 0.03259257 
790 263 9 11 0.03250663 
929 151 9 13 0.032479 
5 308 9 13 0.03243086 
744 310 9 12 0.032361753 
268 506 39 48 0.03235239 
896 48 9 11 0.03233569 
104 289 10 12 0.03230155 
418 78 8 11 0.032278296 
678 69 8 12 0.032240804 
662 93 9 11 0.032216545 
800 78 9 11 0.032162134 
418 205 11 14 0.03214289 
503 86 7 10 0.031962387 
991 111 8 10 0.031948764 
143 395 24 29 0.031929586 
49 72 7 10 0.031901605 
935 143 9 11 0.03190135 
544 69 9 11 0.03186439 
852 211 10 11 0.03181372 
2 163 8 12 0.03181358 
197 204 9 12 0.031810034 
154 616 25 32 0.0317463 
992 246 9 11 0.031734765 
61 271 8 11 0.03172044 
532 231 9 11 0.031704634 
528 117 10 12 0.03169371 
869 468 11 13 0.03169203 
199 286 9 12 0.031624757 
115 425 22 31 0.031605426 
386 355 13 15 0.031605124 
34 55 7 9 0.03159704 
583 331 11 14 0.03152195 
783 140 9 12 0.031457286 
646 71 8 11 0.031431302 
102 290 17 22 0.03134625 
573 479 27 37 0.03134336 
945 270 10 11 0.031343114 
844 255 9 12 0.031341378 
64 252 9 11 0.031196296 
688 116 10 13 0.03117956 
702 135 8 10 0.03117328 
239 247 8 11 0.03115864 
366 140 8 11 0.03112135 
503 206 8 10 0.031099971 
202 279 9 10 0.0309149 
773 165 9 12 0.030841071 
490 76 10 11 0.03082087 
494 496 18 22 0.03072401 
271 296 8 11 0.030692097 
173 261 9 11 0.030620001 
215 122 10 14 0.030573906 
137 183 8 10 0.030560767 
185 141 9 12 0.03049613 
985 115 9 11 0.030461315 
81 333 9 11 0.0304485 
737 94 9 11 0.030426871 
389 286 10 12 0.030391451 
85 344 9 12 0.030390633 
523 56 8 10 0.030382423 
135 287 10 13 0.030366356 
162 261 9 11 0.030252907 
283 464 16 21 0.030239973 
167 491 15 20 0.030204432 
415 269 11 14 0.030195925 
611 520 27 32 0.030186446 
831 78 9 11 0.030131139 
242 118 9 11 0.03012544 
8 295 8 11 0.030124597 
287 87 9 11 0.030119192 
970 77 8 10 0.03011901 
367 427 14 19 0.030112736 
529 215 9 11 0.030089274 
238 296 8 10 0.030072287 
976 72 7 11 0.030055897 
447 318 9 12 0.030035276 
639 120 10 13 0.03002865 
431 318 8 11 0.029958736 
806 108 8 10 0.029936276 
0 513 12 22 0.029931035 
663 80 8 11 0.029902833 
103 104 7 10 0.029889252 
135 278 8 10 0.029882409 
399 161 9 11 0.029862646 
25 270 8 10 0.029859526 
759 108 9 13 0.029859513 
993 116 8 11 0.029856306 
72 188 9 11 0.02982332 
382 277 9 12 0.029821232 
62 56 6 9 0.029790869 
236 348 12 18 0.029691784 
760 72 10 12 0.029598234 
409 87 8 9 0.029587306 
885 44 9 11 0.029568583 
970 94 8 11 0.029554116 
927 247 12 14 0.029521989 
610 56 8 12 0.029491281 
304 308 9 12 0.029442739 
690 275 13 15 0.029413039 
991 96 9 10 0.029404623 
944 62 8 10 0.02937933 
926 104 9 11 0.029357227 
47 271 8 10 0.029341495 
657 93 9 13 0.029332725 
799 332 12 15 0.029317344 
999 132 8 11 0.029306123 
917 512 15 19 0.029300919 
649 613 26 33 0.029269254 
149 181 8 10 0.02926886 
553 248 16 22 0.029225092 
116 483 15 22 0.029218934 
223 272 9 12 0.029123623 
448 236 8 11 0.02912237 
231 229 9 11 0.02906118 
55 60 8 9 0.029025555 
807 73 7 9 0.029018898 
437 230 10 13 0.029007694 
178 399 24 27 0.028988037 
837 268 11 15 0.02897721 
272 151 9 11 0.028969172 
106 240 7 10 0.028947076 
0 303 8 13 0.028895969 
118 77 9 11 0.028886765 
870 281 18 22 0.028883943 
500 239 9 11 0.028845182 
57 243 8 11 0.028841909 
742 119 9 10 0.02883613 
574 269 10 11 0.028820531 
736 239 8 11 0.028788859 
66 197 9 11 0.028738514 
598 355 11 14 0.028726641 
469 316 10 12 0.02872299 
434 147 10 13 0.028698478 
543 171 10 12 0.028680613 
573 86 9 12 0.02866646 
974 148 8 10 0.028645422 
699 310 22 25 0.028642392 
420 299 10 12 0.028641557 
123 154 11 14 0.028629428 
90 57 7 9 0.02861316 
197 323 11 13 0.028541038 
8 245 8 11 0.028518107 
580 531 15 20 0.028512873 
290 357 9 12 0.028504286 
588 141 9 12 0.028474158 
47 136 8 11 0.028473893 
241 276 8 12 0.02844964 
784 261 9 11 0.0284327 
624 189 8 11 0.02842799 
398 247 9 11 0.02829376 
1016 78 8 11 0.028283367 
1000 200 9 11 0.028282685 
608 142 10 13 0.028271195 
471 139 10 12 0.028260678 
765 118 8 10 0.028259804 
801 72 8 9 0.028252352 
290 103 8 12 0.028251296 
405 77 9 11 0.028219223 
653 289 12 17 0.028209325 
542 206 10 12 0.028208738 
824 158 9 12 0.028187158 
239 309 10 12 0.028157901 
857 184 10 12 0.028144352 
317 46 8 10 0.028111983 
645 308 15 21 0.02802952 
1014 469 10 15 0.028028563 
449 324 10 12 0.028020168 
589 215 9 12 0.027975462 
767 208 8 10 0.027957784 
577 198 9 11 0.027945332 
625 61 8 10 0.027926685 
14 116 8 10 0.027915373 
40 153 7 9 0.02787195 
48 278 9 10 0.02783259 
101 64 7 9 0.027823262 
877 269 9 11 0.027785292 
774 247 8 11 0.027780777 
727 368 9 11 0.027753636 
550 108 9 11 0.027741214 
845 115 11 14 0.027708571 
147 175 8 11 0.02770188 
718 119 10 13 0.027696991 
646 101 9 12 0.027675334 
831 136 8 10 0.027670443 
669 214 9 12 0.027653968 
749 311 9 11 0.0276271 
176 63 21 24 0.027601821 
853 590 53 56 0.027598135 
89 224 8 10 0.027587457 
470 103 8 10 0.02756547 
196 445 17 21 0.027553152 
218 483 26 37 0.027497755 
774 60 8 11 0.027472232 
140 197 9 11 0.027471669 
846 220 9 11 0.027423583 
585 340 9 13 0.027406234 
21 95 8 10 0.027396506 
137 224 8 11 0.027380958 
597 191 9 11 0.02736299 
272 364 10 13 0.027336078 
39 230 9 11 0.02733282 
430 80 9 10 0.027321732 
461 160 9 11 0.027261185 
64 191 8 10 0.027222026 
949 617 15 17 0.027163861 
135 246 9 10 0.02709479 
961 372 10 15 0.027084485 
153 123 9 11 0.027072443 
440 292 11 13 0.02705025 
981 190 10 13 0.027010169 
356 37 8 11 0.026997475 
293 87 9 11 0.026947068 
160 248 8 11 0.026921397 
97 254 7 10 0.026898066 
975 431 10 12 0.026886465 
237 343 10 13 0.026848648 
573 221 8 11 0.026848491 
977 39 8 11 0.026815508 
212 285 9 12 0.026794959 
80 214 8 10 0.026757248 
40 157 8 10 0.026727738 
221 110 9 11 0.026697323 
180 55 12 13 0.026681889 
233 108 9 12 0.02668154 
904 127 9 11 0.026641523 
300 233 13 15 0.026586788 
954 214 10 12 0.026585123 
222 443 25 31 0.02658315 
27 116 8 11 0.026572218 
231 83 10 13 0.02655228 
474 164 8 11 0.026518064 
425 14 8 11 0.02651511 
62 166 8 10 0.026493778 
160 84 9 11 0.026457496 
890 224 8 11 0.026433973 
982 452 13 17 0.026409691 
383 284 9 12 0.026402669 
1012 312 11 17 0.026401956 
637 101 11 14 0.026399486 
1 221 7 11 0.02638618 
651 625 14 20 0.026384316 
862 560 15 18 0.026341736 
309 351 9 11 0.026317375 
646 288 14 18 0.0263047 
664 251 12 14 0.026295176 
97 68 8 10 0.02625507 
972 332 13 16 0.026254075 
350 117 8 10 0.026221072 
159 269 9 11 0.02611096 
932 334 15 19 0.026108878 
590 107 10 12 0.026093248 
608 556 33 36 0.026077399 
156 493 14 19 0.026057249 
862 301 10 13 0.026019529 
679 200 8 11 0.025963228 
341 293 10 13 0.025922552 
49 158 8 11 0.025918975 
513 165 8 10 0.025911259 
834 527 8 10 0.025895419 
544 255 8 11 0.02589511 
308 228 11 14 0.025892513 
22 224 9 10 0.025868092 
743 268 10 13 0.025860216 
997 188 10 11 0.02585154 
185 257 8 10 0.025847979 
559 334 9 13 0.025838096 
440 95 7 8 0.025822245 
127 239 7 9 0.025820516 
983 151 8 10 0.025797121 
682 258 16 18 0.025721515 
857 229 10 13 0.025711313 
718 231 8 10 0.025708212 
782 128 9 11 0.025700813 
761 278 7 9 0.02567669 
612 533 27 36 0.02567123 
567 254 11 13 0.025629748 
408 53 9 11 0.025622735 
72 271 19 22 0.025618682 
734 270 11 12 0.02561226 
41 87 7 9 0.025528047 
500 71 9 11 0.025499951 
782 256 8 9 0.025425667 
710 166 9 12 0.025417656 
454 273 10 12 0.025413651 
494 215 9 10 0.025374306 
88 230 8 11 0.025357485 
503 311 8 10 0.025322491 
951 494 9 11 0.02532226 
781 117 9 11 0.025313117 
50 504 24 28 0.025301136 
305 303 10 12 0.025283441 
385 258 8 10 0.02528029 
450 73 7 9 0.025269706 
431 268 9 12 0.0252259 
470 284 9 13 0.025223335 
526 68 9 11 0.025216695 
17 231 7 10 0.025191905 
240 271 8 11 0.02517423 
88 79 8 10 0.025159702 
452 446 14 19 0.025132412 
831 561 12 16 0.025115643 
796 55 8 10 0.025110172 
46 87 7 9 0.025095714 
513 72 8 10 0.025081368 
496 161 9 11 0.02507691 
238 301 9 12 0.025072288 
942 345 13 17 0.02505807 
48 296 10 11 0.025000738 
599 517 26 35 0.024976622 
424 49 8 10 0.024950763 
378 493 27 35 0.024941925 
30 276 10 12 0.024935564 
127 193 7 9 0.024927128 
664 203 9 12 0.024839314 
161 96 9 11 0.024838656 
271 426 12 15 0.024803359 
711 119 12 14 0.024787221 
77 127 7 9 0.024762057 
568 222 10 11 0.024729146 
627 601 45 48 0.024720695 
933 320 18 23 0.02470888 
774 71 8 10 0.024693692 
833 261 10 14 0.024689203 
56 153 9 11 0.024682617 
830 472 12 16 0.024640385 
144 111 9 12 0.024637012 
163 299 11 12 0.02463283 
942 556 12 14 0.02461217 
759 72 17 24 0.0245929 
545 231 10 12 0.024584109 
273 136 9 11 0.02457535 
486 470 17 21 0.024566095 
930 126 9 12 0.024565877 
446 232 8 10 0.024561798 
637 277 13 15 0.024558371 
95 239 7 9 0.02454196 
457 223 8 11 0.024522085 
232 543 29 39 0.02451937 
533 235 9 12 0.024512378 
635 306 14 18 0.024501327 
296 303 9 11 0.024499761 
564 100 11 13 0.024437193 
192 324 10 12 0.024436431 
57 349 9 11 0.024436386 
138 300 11 12 0.02436416 
815 198 8 10 0.024326032 
316 322 11 13 0.024318792 
134 403 14 17 0.024318453 
868 93 8 10 0.024314236 
62 485 15 20 0.024299365 
780 110 9 11 0.024299039 
290 371 10 14 0.024298627 
793 94 8 11 0.024291897 
287 295 9 11 0.024272991 
329 286 8 11 0.02427062 
1006 269 10 12 0.02425296 
391 92 8 10 0.024251476 
778 140 9 12 0.024238763 
905 86 8 9 0.024219403 
462 183 9 11 0.024210967 
511 256 9 11 0.02418666 
648 280 21 26 0.024159718 
462 118 8 10 0.02414948 
909 132 10 11 0.024131078 
407 344 9 11 0.02411993 
67 506 15 21 0.024119651 
999 309 10 14 0.024103668 
318 448 22 31 0.02409034 
116 462 16 21 0.024030996 
231 139 12 14 0.024019165 
395 45 8 11 0.02401534 
415 163 12 16 0.023990544 
864 389 10 13 0.023934916 
625 548 18 22 0.023933368 
710 323 10 12 0.023923518 
406 614 16 21 0.023923099 
447 102 8 10 0.023912255 
298 73 10 13 0.02390592 
294 55 10 12 0.023885904 
727 120 8 11 0.02388197 
995 278 9 11 0.023881866 
147 167 8 12 0.023862032 
950 356 10 13 0.023855226 
577 206 9 11 0.02385389 
710 279 12 14 0.023853574 
1005 116 8 10 0.023844037 
134 324 9 10 0.02384006 
835 30 12 14 0.023823805 
904 498 13 17 0.023787934 
910 224 8 9 0.023767876 
910 230 9 11 0.023759237 
845 124 11 13 0.02374816 
193 407 25 27 0.023704663 
925 79 9 11 0.023679681 
179 488 30 33 0.02358928 
878 262 8 10 0.023576804 
960 366 10 13 0.023565412 
573 405 19 25 0.023564138 
414 246 9 12 0.023552708 
932 247 10 12 0.023537856 
657 277 23 28 0.023528961 
240 327 9 12 0.023525408 
361 139 9 12 0.023520816 
172 256 9 11 0.023515845 
496 254 8 10 0.023515178 
876 587 25 35 0.023503661 
655 230 9 13 0.023489334 
470 325 11 13 0.023488225 
848 617 19 23 0.023475684 
401 286 9 13 0.023474246 
828 332 15 18 0.023461597 
765 332 10 14 0.023458038 
534 55 7 10 0.023454687 
190 69 10 13 0.023452077 
677 246 21 24 0.023447847 
395 180 11 12 0.023430476 
663 234 18 24 0.02342591 
162 592 19 23 0.023411864 
878 255 7 10 0.02340016 
849 53 9 10 0.023396607 
37 112 8 10 0.02336331 
279 126 9 10 0.02334703 
221 436 14 20 0.023342323 
88 85 8 11 0.023328302 
350 110 9 13 0.023280732 
566 334 9 12 0.023264984 
859 150 9 12 0.02326254 
55 221 8 10 0.023259701 
768 275 9 11 0.02325543 
864 132 9 12 0.023237715 
225 443 16 19 0.023228554 
682 626 13 17 0.023226807 
66 134 8 10 0.023208521 
124 255 9 11 0.023165481 
129 295 19 21 0.023162726 
352 31 8 11 0.023143288 
193 299 10 12 0.023135511 
762 230 8 10 0.023127807 
353 231 8 10 0.02312592 
465 102 8 10 0.023120146 
559 191 10 12 0.023107342 
69 326 9 11 0.023106813 
246 255 11 13 0.02307361 
732 126 10 11 0.02306918 
536 79 8 10 0.023025917 
718 110 9 12 0.023020212 
552 85 9 12 0.023009002 
279 135 10 11 0.02300059 
862 268 9 13 0.022974966 
577 108 9 12 0.022955863 
348 296 18 23 0.02293731 
484 332 11 13 0.022935994 
858 95 7 9 0.022914091 
189 445 28 32 0.022909593 
121 192 8 10 0.022897925 
509 215 9 11 0.022893995 
469 462 16 19 0.022883266 
496 261 9 11 0.022882126 
848 236 8 11 0.022872869 
165 403 11 16 0.022866081 
167 280 12 14 0.02286406 
366 270 9 11 0.022825567 
800 230 11 13 0.022811476 
387 158 9 13 0.022777662 
832 127 8 10 0.022746423 
109 299 9 11 0.02273956 
856 235 10 12 0.022738399 
190 135 10 11 0.022646012 
536 423 10 12 0.022624703 
26 293 9 12 0.022615999 
270 322 10 13 0.02260436 
230 271 10 12 0.022598667 
939 338 14 18 0.022593789 
673 257 24 28 0.022592586 
164 395 23 29 0.022558207 
733 310 10 12 0.022548797 
671 172 9 11 0.022544565 
663 176 9 11 0.022540864 
952 165 10 13 0.022540202 
132 264 9 11 0.022532942 
766 71 9 12 0.022517301 
585 187 18 22 0.02251514 
127 125 8 10 0.02250744 
489 298 10 13 0.022486897 
386 190 9 12 0.022480357 
848 524 8 12 0.022474457 
816 306 19 24 0.022419784 
237 231 9 11 0.02238099 
567 228 10 12 0.022363527 
952 602 12 17 0.022342967 
688 85 8 11 0.022322351 
674 617 15 20 0.022321504 
-1 278 8 12 0.022317383 
143 136 9 10 0.02231536 
616 300 9 12 0.022293476 
614 155 10 13 0.022269387 
166 517 14 20 0.022260027 
128 356 10 13 0.022257196 
992 220 10 13 0.022236245 
845 462 12 16 0.02222969 
658 633 16 20 0.022228561 
52 272 19 23 0.022225589 
385 197 9 13 0.02221493 
817 83 9 10 0.022204386 
774 78 8 11 0.022203382 
974 216 18 23 0.02220287 
368 233 7 9 0.022200035 
91 246 7 10 0.022195488 
695 146 9 13 0.02218955 
129 204 8 11 0.022165399 
421 498 25 32 0.022159819 
971 462 11 12 0.022144973 
911 524 11 14 0.022121953 
309 296 18 23 0.022112524 
437 69 8 10 0.02210459 
999 142 8 10 0.022102738 
687 93 9 11 0.022093566 
271 155 9 13 0.022085842 
158 156 10 12 0.022040548 
72 230 18 24 0.02203435 
221 399 14 16 0.02202926 
503 159 8 11 0.022014894 
39 239 8 10 0.021971785 
587 279 19 22 0.021966206 
760 214 8 11 0.021964654 
902 47 8 10 0.021959215 
351 254 9 12 0.021938397 
349 345 9 12 0.021937959 
585 316 13 16 0.021927638 
542 80 9 11 0.021915358 
721 159 11 14 0.021891925 
886 542 11 14 0.021891097 
30 78 7 10 0.021875655 
63 224 8 10 0.021852301 
353 126 8 11 0.021839514 
681 214 9 11 0.021826092 
833 255 8 11 0.021825898 
788 49 18 25 0.021824814 
223 427 14 16 0.021824123 
203 147 12 13 0.021811398 
774 160 9 12 0.021796731 
750 93 9 11 0.02175745 
277 358 9 11 0.021745406 
751 239 7 10 0.021736229 
311 287 8 10 0.021692013 
221 135 10 12 0.021688089 
933 201 11 13 0.021679278 
294 94 8 10 0.02167832 
132 513 18 23 0.021657787 
578 317 22 26 0.02165506 
240 621 17 24 0.021643134 
717 94 9 11 0.021643072 
653 134 11 12 0.021639416 
550 461 13 16 0.02163568 
485 280 9 10 0.021623202 
24 384 9 12 0.021619977 
874 575 106 100 0.02161451 
191 419 25 31 0.021612277 
183 164 10 12 0.021610854 
801 118 10 11 0.021570807 
48 41 7 10 0.021550305 
918 206 10 12 0.021533107 
398 278 9 11 0.021516925 
376 263 8 10 0.021500964 
319 207 9 12 0.02148021 
512 327 9 12 0.0214606 
935 118 7 10 0.021456411 
926 56 7 10 0.021452166 
85 311 8 11 0.021438796 
30 311 10 12 0.021435453 
814 255 8 9 0.02142802 
851 516 43 56 0.021406043 
508 282 11 14 0.021372827 
790 402 13 19 0.02136155 
721 34 17 23 0.021360653 
519 457 14 18 0.021355629 
958 348 10 15 0.021353297 
9 275 9 12 0.021349652 
956 275 11 15 0.021345306 
56 78 8 9 0.021338306 
193 360 25 28 0.021327185 
208 124 11 13 0.021300012 
48 239 209 222 0.021273581 
750 126 8 11 0.021271551 
248 282 9 12 0.021269439 
718 142 10 11 0.021261467 
959 400 13 18 0.021242414 
182 510 30 41 0.021239193 
817 183 10 13 0.021235585 
927 167 10 13 0.021228747 
568 20 9 11 0.021228718 
861 52 9 11 0.021224637 
448 300 8 12 0.021224286 
455 124 9 11 0.021208422 
806 350 10 13 0.021204578 
277 140 11 12 0.02120219 
904 498 24 30 0.021196274 
57 94 9 11 0.021184105 
840 125 8 11 0.02117113 
524 227 17 22 0.021168109 
493 67 17 23 0.021166516 
196 377 13 17 0.021145623 
575 142 13 16 0.021135073 
400 118 7 10 0.021131149 
319 288 8 10 0.021103116 
327 279 9 11 0.021102829 
920 214 9 12 0.02109974 
999 96 9 11 0.021096911 
815 155 11 13 0.021071933 
588 88 19 24 0.021068066 
997 246 9 12 0.021067219 
113 517 15 21 0.02105995 
144 263 17 23 0.02105975 
788 229 9 12 0.021059234 
62 88 8 9 0.02104251 
85 272 9 10 0.021032654 
735 231 8 10 0.02102427 
600 247 10 13 0.02102033 
688 112 8 10 0.021018334 
676 259 14 17 0.02099331 
395 161 18 23 0.020991972 
1000 150 9 11 0.02098571 
721 270 10 13 0.020974569 
519 437 12 15 0.020957487 
948 348 11 15 0.020952296 
24 85 8 10 0.02095165 
622 83 10 12 0.02092145 
310 111 8 10 0.020919641 
471 126 7 10 0.020902174 
630 63 8 10 0.020876672 
396 336 10 12 0.020862255 
689 305 24 29 0.020856807 
415 381 13 17 0.020854108 
842 535 44 54 0.020848492 
943 140 10 13 0.020834459 
332 530 14 19 0.020830957 
921 80 9 11 0.020815369 
990 103 7 10 0.020813026 
404 159 10 13 0.0208106 
504 102 9 12 0.020806639 
613 263 10 12 0.020794908 
358 222 8 10 0.020789916 
41 459 14 20 0.020789033 
153 79 8 10 0.020780277 
64 324 8 11 0.02076721 
270 358 12 14 0.020763863 
263 240 8 11 0.020763474 
997 236 9 12 0.0207619 
95 286 9 11 0.02076118 
487 253 8 10 0.020745473 
366 293 9 10 0.020737918 
630 190 8 10 0.02073759 
192 450 13 18 0.020715756 
895 539 14 17 0.020713761 
535 71 8 11 0.02070399 
304 292 9 11 0.020692918 
293 232 14 16 0.020688407 
2 84 10 14 0.020683939 
802 237 10 12 0.020683866 
472 111 8 9 0.020653693 
102 125 8 9 0.020653239 
801 247 9 10 0.020653177 
385 352 9 13 0.020650404 
617 48 9 11 0.020607496 
166 96 9 11 0.020578941 
451 404 14 19 0.020561565 
647 252 9 13 0.020554947 
113 249 19 24 0.020547966 
103 448 14 19 0.020531883 
174 149 9 12 0.020530866 
749 254 8 11 0.020517316 
928 133 9 11 0.020491673 
202 164 8 11 0.020484783 
640 251 11 14 0.020462332 
366 286 9 12 0.020433001 
248 90 10 14 0.020428304 
631 538 27 33 0.020424929 
982 85 8 10 0.020412112 
848 561 13 16 0.020403646 
286 158 14 18 0.020400787 
71 120 9 10 0.02035577 
525 286 11 13 0.02035017 
335 254 9 11 0.020334681 
47 78 7 9 0.020332295 
321 465 32 44 0.020328747 
695 606 9 12 0.02032472 
497 85 8 11 0.020323932 
558 238 8 10 0.020310495 
1007 261 10 15 0.020296555 
530 87 8 11 0.02024699 
297 65 16 21 0.02024551 
33 508 23 30 0.020237062 
33 123 9 11 0.020230105 
393 109 8 10 0.020214504 
976 493 9 12 0.020213777 
720 252 10 12 0.020187192 
663 214 9 12 0.020178884 
414 190 19 23 0.020174488 
776 373 9 12 0.020151852 
669 189 10 12 0.02014659 
187 61 11 15 0.02014544 
42 48 7 10 0.02013635 
793 86 8 11 0.020107798 
519 221 9 12 0.020100461 
136 240 8 10 0.020085525 
678 76 10 12 0.020081544 
716 133 9 11 0.020081477 
792 279 9 10 0.020071113 
550 159 8 9 0.02006247 
1012 221 11 16 0.020060444 
15 285 7 10 0.020058548 
546 183 9 13 0.020046247 
184 205 7 10 0.02003382 
899 54 10 12 0.020015424 
847 95 8 10 0.020005172 
955 612 12 16 0.020004451 
1013 214 10 14 0.02000401 
