2_Demonstration_Demonstration_Or_Protest_2_799
302
469 269 11 14 0.97898966 
198 223 10 12 0.92048943 
556 198 9 11 0.890145 
277 302 13 18 0.87399507 
433 229 10 14 0.8693986 
620 236 11 14 0.8461828 
164 226 12 16 0.74971306 
59 252 13 15 0.67974204 
871 234 11 14 0.6584673 
168 277 9 11 0.60472673 
28 209 13 16 0.5207095 
266 282 11 15 0.50371206 
363 301 16 19 0.4968523 
596 205 9 12 0.4195923 
684 199 8 11 0.35201454 
463 240 8 12 0.33565775 
59 258 15 18 0.31236655 
406 233 9 11 0.30264014 
484 196 10 12 0.28312126 
801 237 10 13 0.2711362 
477 236 10 12 0.25112623 
352 287 9 12 0.2292977 
880 307 9 11 0.19341111 
398 122 11 14 0.17822376 
327 188 9 11 0.1694805 
670 198 8 10 0.16528346 
452 184 12 16 0.1641401 
649 228 9 12 0.16141781 
229 245 11 14 0.16107897 
153 261 10 13 0.1528818 
447 219 10 12 0.14990939 
367 199 9 10 0.14104415 
912 237 7 8 0.13971163 
365 314 13 16 0.13807939 
857 244 10 14 0.13619938 
874 230 10 13 0.12942715 
854 272 9 12 0.12629467 
615 191 8 10 0.12465684 
214 308 11 12 0.11431436 
255 240 8 10 0.11109138 
703 126 11 14 0.109472595 
471 237 9 12 0.10586245 
647 222 9 12 0.09976427 
813 308 10 13 0.09910693 
913 232 7 10 0.09771157 
665 198 8 9 0.09190643 
809 304 9 11 0.0875836 
646 214 8 11 0.08236072 
769 217 8 10 0.07981101 
319 183 9 11 0.077830054 
311 231 9 12 0.07672713 
950 230 8 10 0.07473485 
258 196 9 11 0.073543996 
612 279 9 11 0.073538855 
350 205 9 11 0.07196322 
321 189 9 11 0.07176491 
381 291 14 18 0.07155829 
721 326 10 11 0.07071298 
774 219 8 11 0.07066812 
820 317 13 16 0.069279656 
135 197 11 16 0.06763967 
668 321 9 10 0.06761062 
402 231 9 11 0.067260616 
969 328 10 13 0.06668042 
666 246 8 10 0.06511312 
163 223 10 12 0.06496081 
263 245 10 11 0.06142338 
504 264 9 11 0.0611637 
408 261 8 11 0.060308475 
640 221 9 13 0.059757527 
924 268 11 14 0.05913934 
372 199 9 11 0.05864789 
476 221 11 12 0.05705092 
364 294 15 17 0.05697038 
313 286 9 11 0.056185573 
168 280 12 15 0.055288784 
646 288 10 13 0.05497264 
760 216 9 11 0.051144738 
664 323 11 12 0.050777342 
791 229 10 12 0.049623977 
247 228 8 11 0.04954223 
888 239 10 11 0.04929802 
945 230 6 9 0.049226128 
869 295 7 10 0.04869629 
388 286 9 13 0.048252657 
703 216 8 10 0.047615133 
220 301 9 13 0.047587395 
257 191 9 12 0.04742189 
743 199 8 10 0.04727591 
950 225 8 11 0.046803173 
974 295 8 9 0.046658397 
758 231 10 12 0.046633225 
711 303 8 9 0.04648876 
412 235 11 12 0.046452675 
885 304 8 11 0.045650195 
329 244 9 11 0.044969045 
725 301 9 11 0.044889122 
294 262 8 9 0.04475829 
64 252 16 19 0.044725977 
148 217 12 14 0.044652727 
641 214 8 11 0.04456803 
628 228 11 14 0.044473026 
360 197 9 12 0.044133667 
718 205 10 12 0.043759573 
318 197 12 13 0.043274634 
609 254 10 14 0.042973865 
843 231 12 14 0.042898033 
351 199 11 12 0.042767737 
459 238 8 12 0.04208773 
476 242 12 14 0.042068508 
289 214 7 11 0.041838452 
726 164 10 13 0.04168373 
737 201 8 10 0.041359585 
120 269 10 12 0.04115801 
925 263 11 13 0.041018173 
357 291 13 17 0.040754665 
726 296 9 11 0.04057987 
928 232 7 9 0.040478427 
743 292 10 13 0.040340032 
416 263 9 12 0.040112063 
48 302 8 9 0.03962237 
129 253 7 10 0.039512005 
1010 237 7 9 0.039303076 
471 216 11 12 0.03916544 
469 242 11 14 0.038684394 
30 216 12 15 0.038269456 
58 248 11 14 0.03825111 
313 182 9 11 0.03797976 
622 195 11 13 0.037491452 
639 208 8 11 0.037346747 
752 232 9 12 0.037334155 
776 261 8 10 0.03712671 
370 296 15 21 0.036962204 
366 192 10 12 0.036900878 
557 213 11 15 0.036611598 
999 235 8 11 0.03653141 
752 277 9 10 0.036268376 
335 205 9 11 0.03624086 
493 238 13 16 0.036221743 
774 232 8 10 0.035955563 
743 205 7 9 0.035901915 
404 124 11 16 0.035809357 
350 279 9 12 0.035773713 
486 237 10 14 0.035754357 
157 214 11 13 0.03525563 
647 183 8 11 0.03509079 
280 270 10 13 0.034858037 
495 229 9 11 0.034535255 
848 251 10 13 0.034208752 
196 218 18 22 0.03390007 
296 255 8 11 0.03348331 
332 189 9 13 0.03344491 
645 311 9 12 0.03299017 
484 201 12 14 0.03283419 
423 354 12 17 0.032700725 
223 241 21 27 0.032686066 
726 255 10 12 0.03242605 
936 230 7 9 0.03235054 
335 244 9 11 0.031877887 
398 129 12 16 0.031872272 
846 308 11 14 0.031754766 
803 326 12 15 0.031520292 
736 292 8 11 0.031348694 
435 223 12 14 0.031243926 
335 198 8 11 0.031083787 
790 223 10 13 0.030869426 
441 214 10 12 0.030825472 
39 267 9 12 0.030823218 
410 254 9 12 0.030616207 
664 192 9 12 0.030268762 
135 190 11 16 0.030100489 
355 286 11 15 0.029849607 
647 209 8 10 0.029783016 
691 284 11 13 0.029612 
399 271 10 12 0.029376242 
269 246 8 11 0.029179966 
7 247 9 13 0.028990636 
629 220 14 17 0.02862077 
887 245 9 10 0.028411172 
553 193 17 21 0.028293498 
632 176 9 11 0.02821011 
639 182 9 10 0.028102946 
228 256 12 16 0.028098023 
690 335 10 12 0.028096953 
751 195 9 12 0.028090829 
680 255 10 11 0.027882008 
350 211 10 11 0.027703471 
830 261 10 12 0.027697025 
623 272 13 16 0.02761384 
960 254 9 11 0.027567277 
726 206 8 11 0.027359545 
666 240 9 11 0.027257798 
457 244 9 12 0.027122058 
182 325 9 11 0.026907496 
126 262 9 12 0.026785053 
248 222 9 13 0.026748544 
748 289 11 15 0.026573155 
681 237 10 12 0.026537176 
182 301 9 13 0.02648539 
87 269 10 13 0.026435114 
451 220 10 13 0.026409134 
177 302 10 13 0.02639374 
703 220 11 12 0.02629501 
382 303 13 18 0.0261435 
425 235 9 12 0.026035376 
184 295 9 14 0.025868136 
695 301 10 12 0.025831906 
628 269 14 18 0.025734374 
65 265 14 17 0.02573271 
680 312 9 12 0.025654672 
485 229 10 14 0.025619091 
607 203 10 13 0.025554191 
993 231 9 12 0.025523566 
721 303 9 10 0.02551089 
680 193 10 11 0.025356565 
346 277 9 11 0.025345493 
419 264 11 13 0.025119513 
805 272 8 11 0.025106763 
616 241 12 14 0.024825828 
867 230 19 23 0.024795843 
235 245 10 13 0.024660354 
222 294 8 13 0.024651406 
426 229 11 13 0.024520364 
903 246 8 11 0.024454588 
918 231 8 9 0.024454126 
794 236 11 12 0.0243426 
921 275 9 12 0.024341092 
249 238 8 11 0.024252338 
269 291 12 14 0.024246223 
919 295 10 12 0.024086345 
157 256 12 16 0.024078198 
652 224 10 13 0.024072874 
194 226 12 14 0.024049396 
240 228 11 13 0.02403617 
263 309 9 13 0.023975544 
990 255 8 11 0.023950707 
687 220 9 11 0.023903277 
814 254 9 12 0.023896368 
721 309 9 11 0.023836143 
902 280 8 10 0.023830652 
349 296 13 19 0.023756891 
448 208 9 12 0.02373095 
584 215 11 12 0.023647524 
614 196 9 12 0.023517203 
720 319 10 13 0.023285456 
835 233 195 226 0.023194933 
743 279 9 10 0.023149222 
941 255 8 11 0.02291186 
654 206 8 10 0.022839257 
145 302 8 10 0.022820776 
716 198 11 13 0.022779709 
904 344 8 11 0.022633493 
877 224 10 12 0.02262613 
670 191 10 13 0.022586484 
290 262 9 11 0.02258389 
254 230 8 10 0.022559805 
596 275 11 13 0.02250816 
960 247 9 11 0.022483123 
426 222 9 12 0.022367466 
785 229 8 11 0.02223441 
200 336 10 11 0.02222466 
141 203 11 12 0.022190616 
870 301 8 11 0.022017824 
182 320 8 11 0.021937385 
999 311 8 11 0.021788692 
112 216 7 9 0.021720802 
639 291 11 15 0.021453792 
327 229 9 11 0.021416094 
865 300 10 13 0.021411 
797 223 11 13 0.021287182 
653 236 9 12 0.021235403 
223 228 10 12 0.021148594 
254 223 8 11 0.02108605 
814 320 15 18 0.021006327 
689 302 8 11 0.020987907 
495 310 11 13 0.020888165 
608 282 13 15 0.020795466 
758 197 8 11 0.02074089 
633 207 9 11 0.020728538 
320 276 11 12 0.020694677 
911 317 9 11 0.020634951 
768 237 10 11 0.020634633 
929 344 7 9 0.020629518 
745 192 8 10 0.020599145 
298 316 9 12 0.020594805 
895 244 9 11 0.020575376 
694 253 9 11 0.020364163 
807 296 9 12 0.020313896 
188 293 12 16 0.020304726 
68 244 13 17 0.020247897 
431 173 8 10 0.020233572 
983 277 8 10 0.020221505 
358 212 9 10 0.02021364 
921 263 10 12 0.020158695 
863 289 10 11 0.020156424 
609 199 9 11 0.02011439 
332 183 9 12 0.020090733 
975 300 8 12 0.020088593 
191 207 10 13 0.020056676 
685 231 10 12 0.020026188 
463 232 9 13 0.020015454 
447 276 9 12 0.020013882 
