2_Demonstration_Protesters_2_131
1114
480 560 13 19 0.9903626 
316 593 16 23 0.98524994 
189 561 13 17 0.9558057 
265 584 16 19 0.95277655 
184 589 15 19 0.94765157 
34 597 20 24 0.9355708 
124 617 19 26 0.92315227 
211 617 18 24 0.9219438 
88 585 18 22 0.91927797 
305 555 13 17 0.91145235 
955 558 13 17 0.91119117 
408 540 13 16 0.9009976 
44 569 18 20 0.89199734 
149 540 10 14 0.8577614 
414 584 15 20 0.8353979 
551 552 13 16 0.8235603 
977 572 15 21 0.8215477 
405 520 10 13 0.81009144 
862 568 20 26 0.803943 
319 541 10 13 0.79464424 
130 585 14 19 0.7299394 
464 618 16 23 0.6973909 
266 663 24 25 0.6915804 
298 629 17 21 0.6787943 
824 514 10 14 0.67575914 
894 560 15 19 0.6520034 
168 540 12 15 0.63669413 
135 524 10 12 0.62530035 
938 526 8 11 0.6061976 
465 536 10 11 0.60376495 
710 542 11 14 0.60029024 
656 551 11 13 0.5886934 
360 560 10 13 0.5662973 
607 557 10 12 0.5213621 
296 596 11 15 0.51740795 
220 515 10 12 0.502815 
829 565 14 18 0.49912843 
219 554 10 13 0.48626515 
425 516 9 11 0.4695712 
286 522 8 12 0.46772406 
741 505 9 11 0.43742004 
390 518 8 11 0.4249069 
743 548 10 14 0.40444875 
321 526 9 10 0.3928294 
628 601 18 23 0.38071415 
692 548 11 15 0.37219787 
303 520 7 9 0.34613276 
846 491 8 11 0.31290075 
127 507 10 12 0.31212738 
797 538 14 19 0.30908746 
325 526 9 12 0.30776152 
904 519 7 10 0.29972193 
892 538 12 15 0.29525006 
790 535 11 14 0.29337895 
1 508 9 13 0.29233086 
256 523 9 11 0.2885616 
710 509 9 11 0.28686997 
183 524 8 11 0.28403455 
865 516 10 12 0.28240824 
591 509 9 11 0.27840084 
722 620 22 26 0.27691627 
422 556 10 13 0.26538453 
117 523 10 12 0.26233056 
61 526 12 15 0.2611998 
379 612 14 20 0.25827324 
567 524 8 11 0.25766683 
446 534 9 11 0.2566239 
31 541 12 14 0.25594383 
961 529 7 10 0.25352243 
441 488 7 10 0.25064316 
750 524 9 11 0.24983275 
805 504 8 11 0.24676342 
622 524 9 11 0.2431353 
39 496 9 11 0.2415921 
86 216 112 155 0.23605564 
995 587 12 15 0.23353595 
375 532 9 12 0.23299703 
842 493 9 10 0.23099725 
265 488 8 9 0.23011075 
870 512 8 11 0.22337191 
664 580 12 17 0.22015105 
754 587 14 19 0.21953197 
444 550 10 15 0.21710569 
726 508 8 10 0.21376768 
214 494 9 12 0.20943709 
687 541 10 15 0.20090951 
36 538 13 15 0.19998471 
167 516 9 11 0.19749168 
514 542 8 11 0.19729747 
93 491 10 12 0.19348428 
801 541 16 21 0.19248605 
367 512 9 11 0.19156824 
687 503 7 10 0.19152093 
328 501 7 9 0.18777822 
689 554 11 15 0.18370494 
839 549 10 12 0.18282028 
210 493 8 10 0.18076164 
29 644 14 20 0.18005408 
618 519 7 9 0.17618334 
776 515 10 12 0.17224407 
719 568 14 19 0.17198402 
174 479 6 9 0.17037998 
657 486 6 9 0.16819671 
778 497 7 9 0.16511853 
139 557 10 13 0.16282189 
1008 565 10 13 0.16101062 
888 510 7 9 0.1596876 
240 501 8 10 0.15761411 
24 514 11 13 0.15752476 
294 495 8 10 0.15750283 
669 585 13 16 0.15508188 
631 511 9 11 0.15496336 
206 510 9 11 0.15448926 
502 526 7 10 0.154194 
240 531 10 13 0.14914754 
766 502 8 10 0.14780332 
798 496 7 9 0.1476867 
670 540 8 10 0.14627308 
710 503 9 11 0.1443879 
886 611 13 19 0.1408228 
664 541 9 12 0.13904813 
209 527 9 12 0.13863833 
56 504 8 9 0.13823387 
302 523 8 11 0.13543554 
345 560 10 12 0.13446933 
77 503 9 11 0.13279343 
785 512 8 11 0.13267091 
215 574 11 14 0.13050483 
198 504 8 10 0.12934667 
673 485 8 10 0.1288384 
287 550 11 14 0.12815654 
182 504 8 10 0.12796052 
968 503 7 9 0.12785473 
190 664 26 23 0.1271788 
711 572 10 15 0.12636475 
361 496 8 9 0.12634374 
769 488 7 9 0.12543714 
625 471 7 10 0.12506473 
785 486 7 9 0.12447684 
608 525 8 11 0.12446947 
106 470 7 10 0.12441056 
236 550 10 13 0.124126956 
368 527 8 11 0.12412649 
783 502 8 10 0.12306167 
744 524 9 12 0.122986875 
171 535 10 13 0.120866396 
502 558 11 13 0.12033338 
30 495 9 11 0.12000502 
260 519 9 11 0.117612585 
885 519 8 10 0.116905026 
7 533 12 16 0.11493777 
222 496 8 9 0.11344216 
663 513 7 9 0.11314815 
711 516 8 10 0.11252865 
342 511 8 10 0.11179954 
166 512 8 10 0.111456975 
922 611 17 20 0.1114468 
671 502 7 8 0.11048756 
786 533 10 13 0.11009803 
101 519 8 10 0.10966 
801 508 9 12 0.10921252 
178 503 8 10 0.10915517 
609 503 7 10 0.10803164 
755 579 14 18 0.10755881 
744 520 8 10 0.10721643 
130 486 8 10 0.10680565 
612 556 9 12 0.105921164 
325 532 10 13 0.10578872 
533 511 8 10 0.105758615 
233 499 9 11 0.105584115 
153 526 9 11 0.10551842 
672 481 8 10 0.10435693 
199 509 9 10 0.10397137 
610 510 7 9 0.10374397 
789 511 9 12 0.10331072 
11 530 13 17 0.10262625 
214 489 8 10 0.10234334 
247 488 8 9 0.10193647 
902 492 8 11 0.101810314 
974 592 15 19 0.10099334 
951 518 8 9 0.100819945 
705 534 9 12 0.10062353 
63 512 8 10 0.10048141 
25 495 10 12 0.09923912 
680 495 7 9 0.09888726 
722 509 7 10 0.09887039 
747 548 12 17 0.09764504 
881 518 8 10 0.09725429 
290 496 8 10 0.09720344 
908 544 11 14 0.096971035 
664 494 7 9 0.09620778 
715 577 14 20 0.096101366 
965 527 9 11 0.09564387 
551 533 7 10 0.09550349 
72 511 9 11 0.09481983 
818 509 8 11 0.094617024 
514 512 8 11 0.09461365 
678 567 11 14 0.09435582 
441 512 8 10 0.09431083 
758 575 11 13 0.09396805 
497 519 8 10 0.09348638 
95 510 9 10 0.09334061 
414 575 12 16 0.092998326 
622 532 9 13 0.092657 
607 495 7 8 0.09208657 
383 527 9 11 0.09208464 
665 536 9 11 0.09186725 
269 488 8 9 0.091791496 
592 495 7 9 0.09105804 
615 512 7 9 0.09098813 
361 501 8 10 0.09089626 
168 495 8 10 0.090743154 
428 512 9 11 0.09051722 
264 510 8 11 0.089962445 
264 504 9 10 0.08956046 
64 518 10 12 0.08908882 
358 551 10 12 0.08872313 
706 510 7 10 0.08846455 
529 512 8 9 0.08784079 
913 511 8 10 0.08755607 
651 593 12 16 0.08742344 
457 487 7 8 0.08695142 
975 578 19 28 0.08608845 
15 494 9 11 0.086018875 
369 532 9 11 0.08557422 
280 503 6 8 0.08542464 
97 519 9 11 0.08474217 
290 513 8 9 0.08409325 
232 551 9 12 0.08380416 
910 519 8 10 0.08356674 
373 516 9 11 0.08322707 
247 494 8 10 0.08297229 
882 9 42 54 0.08295514 
681 511 7 10 0.081609234 
781 496 8 9 0.0814525 
696 518 7 10 0.0812311 
146 536 10 13 0.0811898 
614 485 8 9 0.08037832 
118 542 9 13 0.080346994 
462 495 7 10 0.0801024 
255 496 7 9 0.080023564 
975 496 6 8 0.079617314 
279 495 7 10 0.07890644 
78 509 9 12 0.07853736 
876 548 12 15 0.07844308 
270 493 8 10 0.078419335 
761 502 8 11 0.07805311 
71 495 8 10 0.078018844 
652 575 14 18 0.07729952 
838 634 11 14 0.077212825 
362 512 8 9 0.07693384 
701 548 10 14 0.076732114 
246 533 10 13 0.07643562 
365 495 8 9 0.0761999 
942 502 7 9 0.0760641 
865 501 8 10 0.075953506 
246 526 8 11 0.07509158 
784 526 10 13 0.07479026 
423 503 7 9 0.074671604 
552 517 8 10 0.07436586 
789 525 11 14 0.074358456 
388 555 12 15 0.07408949 
736 532 9 11 0.0740248 
1001 536 8 11 0.07388111 
648 486 7 9 0.07384636 
162 510 8 10 0.07375071 
465 511 7 10 0.07357665 
115 28 140 213 0.07333389 
110 509 9 11 0.0732422 
591 463 8 10 0.07273744 
608 487 8 10 0.07251338 
646 574 12 16 0.07247306 
255 613 12 16 0.07218227 
400 496 7 9 0.07207912 
198 609 13 15 0.071640715 
656 516 8 10 0.07163187 
717 585 13 18 0.07144814 
269 510 8 11 0.071258135 
241 518 8 10 0.07115919 
614 456 7 10 0.07112136 
217 512 9 11 0.070913725 
470 511 7 9 0.07082595 
16 486 8 9 0.070325136 
350 558 9 13 0.06964342 
84 556 12 15 0.06956029 
381 606 13 17 0.069394656 
655 481 7 9 0.06923021 
193 462 8 10 0.069206364 
686 509 8 11 0.06884045 
111 546 13 17 0.068738155 
607 519 8 10 0.06856628 
401 501 8 10 0.06845898 
415 564 10 13 0.06804695 
184 657 20 29 0.06767855 
1014 549 8 12 0.06757526 
699 15 190 274 0.06753188 
282 520 9 12 0.067199 
380 532 9 11 0.06685386 
265 493 8 9 0.06664455 
975 527 8 10 0.06633138 
29 511 10 12 0.066294 
560 519 8 10 0.06617851 
938 497 7 8 0.066149384 
639 472 8 9 0.066042885 
56 549 11 13 0.06579789 
704 503 8 10 0.0655615 
988 579 14 18 0.065490566 
743 495 7 8 0.06530357 
894 549 11 14 0.064781204 
768 495 7 9 0.06465745 
800 481 7 9 0.0646015 
265 625 15 18 0.06456568 
37 547 13 16 0.06437382 
738 508 9 10 0.06419718 
696 580 12 16 0.0641107 
639 493 7 9 0.063917145 
789 517 10 12 0.06388373 
260 556 10 13 0.063821614 
321 501 8 9 0.06364909 
865 496 8 10 0.06361883 
131 502 10 12 0.06345793 
259 620 15 18 0.06345422 
517 463 8 10 0.06310273 
183 550 12 14 0.06303279 
37 625 14 16 0.062935114 
193 502 8 11 0.06279648 
296 518 8 11 0.06276721 
454 549 11 15 0.062764436 
581 565 9 14 0.06274021 
888 536 11 14 0.06246151 
518 535 10 13 0.062396616 
247 503 7 10 0.062380884 
578 471 7 9 0.06221406 
350 542 8 12 0.061885122 
368 669 20 22 0.0616223 
320 522 8 10 0.06133985 
37 512 9 11 0.061182942 
290 501 7 9 0.061146393 
783 572 12 16 0.061040193 
256 502 7 10 0.060911763 
550 512 8 10 0.06065804 
951 512 7 10 0.060170457 
567 499 8 11 0.060155053 
256 557 9 12 0.060024768 
417 510 8 10 0.059933722 
322 589 14 20 0.059644457 
964 567 20 26 0.059506044 
814 470 7 9 0.059387445 
80 551 11 14 0.059194688 
225 620 16 19 0.058977734 
667 573 14 17 0.05896596 
291 193 39 45 0.05873318 
545 456 7 9 0.05866902 
425 496 7 8 0.05843787 
29 578 13 19 0.058416694 
836 555 15 19 0.05825299 
410 487 6 8 0.05807215 
166 555 11 14 0.058067076 
214 531 8 11 0.058005832 
889 620 16 20 0.057696242 
295 512 7 9 0.057435866 
80 517 10 12 0.057406962 
167 503 7 10 0.057356242 
527 495 10 13 0.057233274 
871 502 7 10 0.05720972 
57 530 11 14 0.057103276 
624 477 8 9 0.05680749 
703 117 32 36 0.056618348 
110 463 9 10 0.056552228 
677 487 7 9 0.056519527 
218 579 14 17 0.056497015 
640 488 7 11 0.056440953 
447 540 9 13 0.056355223 
215 499 9 11 0.056327317 
715 546 11 14 0.05632344 
967 509 8 9 0.056322403 
587 509 8 12 0.05628735 
904 542 10 14 0.05600841 
462 573 13 16 0.055952944 
169 486 8 10 0.0558789 
95 503 8 11 0.0556578 
461 606 14 19 0.05560667 
296 557 11 14 0.054980434 
815 505 8 10 0.054949574 
208 503 8 10 0.054378375 
926 503 7 9 0.054371435 
616 525 9 11 0.0543309 
295 500 7 10 0.054058086 
303 512 8 10 0.05387922 
389 523 9 12 0.053855266 
343 516 8 11 0.05363532 
533 553 12 16 0.053617734 
294 487 8 9 0.05348035 
889 504 8 10 0.05334527 
456 503 7 9 0.053239103 
760 478 6 9 0.05321591 
641 578 11 14 0.053022653 
609 457 7 9 0.052778106 
576 542 9 11 0.05270314 
129 526 9 11 0.052653763 
193 496 7 9 0.052261546 
248 479 8 10 0.052153733 
109 470 9 10 0.05178181 
791 592 13 20 0.05129802 
651 555 12 16 0.051261775 
175 486 8 10 0.051209413 
959 496 7 8 0.051086906 
686 536 8 11 0.051081926 
594 479 7 9 0.051052235 
602 494 7 10 0.05096957 
702 570 14 17 0.050919637 
125 589 15 21 0.050888594 
792 480 7 9 0.050885443 
133 528 12 15 0.050862726 
457 495 8 10 0.05081586 
687 496 7 9 0.05068011 
839 605 27 30 0.05058785 
502 606 12 16 0.0505286 
784 537 13 16 0.0504457 
303 503 7 9 0.050345805 
624 504 7 9 0.050256334 
393 495 7 9 0.050188374 
55 508 9 10 0.049889993 
977 532 8 10 0.04987668 
445 488 7 10 0.049749162 
455 541 10 13 0.0495636 
362 517 8 10 0.049462385 
626 465 7 9 0.049457334 
277 637 15 18 0.04936099 
462 501 8 10 0.04936081 
424 524 9 13 0.04934967 
398 578 10 14 0.049213655 
350 548 10 14 0.049102683 
175 495 8 9 0.049038067 
689 477 7 9 0.04882557 
828 513 9 11 0.048808232 
786 480 6 9 0.04879084 
975 567 12 17 0.048758283 
128 480 8 10 0.04871439 
3 539 9 14 0.04853634 
726 494 8 10 0.048418213 
18 481 8 10 0.048237327 
77 487 8 11 0.04816669 
551 528 9 11 0.0481623 
247 509 7 10 0.04814126 
312 481 7 8 0.048085257 
615 503 7 10 0.04784201 
445 511 9 11 0.047741547 
260 524 9 11 0.04761524 
290 487 8 9 0.047450628 
610 462 8 9 0.04742742 
941 530 9 12 0.047283363 
321 497 7 9 0.04727692 
600 487 8 9 0.047239035 
879 512 8 9 0.046977844 
561 469 7 10 0.04692471 
295 479 8 10 0.046869915 
871 574 16 20 0.046763193 
265 472 7 9 0.046637125 
720 494 7 10 0.046551876 
43 555 14 16 0.046486944 
836 595 12 17 0.04639468 
344 614 11 16 0.04584032 
326 521 8 9 0.04583515 
145 504 8 10 0.04579371 
1013 557 10 15 0.045692462 
117 594 14 18 0.04568436 
328 481 6 8 0.04559442 
667 108 47 58 0.045575935 
177 509 8 10 0.045499563 
111 504 9 10 0.04543141 
272 527 8 11 0.045067877 
634 494 7 9 0.045046974 
681 526 8 11 0.044996385 
975 518 8 10 0.04493939 
344 487 7 9 0.04490391 
191 479 8 10 0.044817213 
247 520 7 10 0.04470559 
561 524 9 12 0.044554505 
125 543 10 13 0.04453838 
685 563 12 15 0.04449383 
207 562 12 15 0.0444772 
238 565 12 15 0.044389363 
185 557 14 16 0.04408901 
839 469 8 10 0.044055264 
395 608 17 23 0.043968104 
815 480 7 9 0.04387345 
868 556 14 17 0.04386762 
142 548 11 13 0.043725163 
894 503 8 9 0.043593053 
1005 519 9 9 0.043543357 
377 496 7 8 0.043444876 
593 488 7 9 0.043435954 
742 533 10 12 0.0433309 
383 502 7 9 0.043259695 
952 552 10 14 0.04325954 
803 534 14 18 0.043230414 
601 456 7 9 0.043221563 
141 519 9 11 0.043036044 
672 497 7 10 0.0429724 
24 540 11 15 0.0429609 
113 519 9 12 0.042690083 
679 535 9 12 0.042661883 
791 503 8 10 0.042373784 
560 512 8 10 0.04234396 
127 455 8 10 0.042284783 
963 503 7 10 0.04221882 
641 477 7 9 0.042165965 
585 502 8 11 0.041961182 
284 635 12 17 0.041813336 
184 487 8 10 0.04179914 
938 501 8 10 0.041774835 
129 493 9 11 0.04168116 
376 478 7 10 0.04149075 
433 489 7 10 0.041473623 
376 502 8 9 0.04139293 
199 496 7 9 0.041193034 
713 496 8 10 0.041161355 
721 503 8 12 0.041128855 
910 533 10 12 0.040999565 
198 464 8 9 0.040934544 
550 569 11 15 0.040776845 
659 494 7 9 0.0407531 
667 502 7 9 0.040680744 
456 511 8 10 0.040660966 
126 462 8 9 0.040612005 
486 591 15 22 0.040535804 
879 524 10 12 0.040525466 
248 538 9 13 0.040405653 
416 558 11 14 0.040394377 
69 515 9 12 0.04027912 
470 528 8 10 0.040202904 
663 488 7 10 0.040176854 
917 511 8 10 0.04014062 
338 511 8 11 0.040123038 
680 517 8 10 0.03994633 
112 532 12 14 0.039825566 
545 511 8 11 0.039789777 
697 512 7 10 0.039698433 
1001 518 8 10 0.039681304 
417 505 8 9 0.039631903 
921 503 8 9 0.03958453 
945 510 7 9 0.039553594 
175 472 7 10 0.03939776 
682 502 7 10 0.039304 
121 471 8 10 0.039302096 
672 512 7 9 0.039227597 
127 470 7 10 0.039220497 
688 519 7 10 0.039168525 
257 511 8 10 0.039140888 
565 486 9 10 0.039054863 
669 548 9 13 0.03872549 
321 481 7 9 0.038692262 
889 486 7 9 0.0386526 
497 471 7 9 0.03861163 
502 472 7 9 0.038603324 
520 501 8 11 0.038478468 
350 519 9 10 0.038432855 
721 487 7 10 0.038399704 
237 553 12 16 0.038290486 
1 534 9 14 0.038255293 
581 571 10 14 0.038234178 
592 470 7 9 0.038195096 
910 526 9 10 0.038085893 
304 486 7 9 0.038082384 
552 560 12 18 0.037929364 
393 471 7 8 0.03775936 
204 603 13 17 0.037717104 
168 527 10 14 0.03771375 
625 509 8 11 0.03761584 
399 480 7 8 0.03753227 
170 473 7 10 0.037338886 
103 511 9 10 0.037317187 
334 582 10 14 0.03730305 
114 224 140 196 0.03722115 
287 543 9 12 0.037167422 
748 562 11 15 0.037089065 
703 464 7 10 0.037038594 
936 522 9 10 0.037003934 
408 480 7 9 0.036979966 
757 524 10 12 0.036890246 
599 479 8 10 0.036785387 
343 505 8 9 0.03675851 
37 575 15 20 0.036464386 
944 567 9 12 0.036440887 
137 551 11 14 0.036365878 
552 448 6 9 0.03631785 
791 486 7 9 0.036296453 
176 464 8 9 0.036243428 
23 579 13 17 0.036099803 
743 488 7 8 0.036081553 
200 480 7 9 0.035962004 
335 494 7 10 0.0358605 
579 595 15 17 0.035823703 
406 496 7 9 0.035823576 
917 549 11 14 0.035790756 
662 463 8 10 0.03576269 
617 532 9 13 0.03566328 
176 517 9 12 0.035642143 
90 488 10 13 0.03556829 
426 487 7 10 0.035508797 
605 562 11 14 0.03545416 
200 470 8 9 0.035445277 
314 496 7 9 0.035423663 
530 471 7 9 0.03538183 
170 546 12 14 0.035328493 
360 533 9 11 0.035313886 
493 449 9 10 0.0352544 
973 501 8 10 0.035233304 
184 478 9 10 0.03522235 
663 471 7 9 0.035185907 
215 550 17 22 0.03512661 
360 586 11 16 0.035118453 
489 519 7 10 0.035094406 
961 563 14 16 0.035022084 
213 562 13 16 0.03497316 
872 542 10 12 0.034969315 
249 472 7 9 0.034922373 
472 464 7 9 0.034740046 
307 234 28 31 0.034622665 
337 487 7 10 0.034585882 
517 636 13 16 0.03457816 
20 531 11 15 0.034531854 
823 505 8 10 0.034491766 
403 516 18 22 0.03439705 
761 496 7 9 0.034337662 
329 487 6 8 0.03433552 
455 481 7 8 0.034327064 
447 494 8 9 0.03413795 
1 481 8 11 0.034123935 
253 532 10 13 0.034114596 
857 524 10 13 0.03410696 
350 487 8 9 0.034072902 
193 508 9 11 0.03404208 
695 525 9 12 0.034020558 
575 594 12 16 0.03400699 
353 495 7 9 0.03400414 
105 464 9 11 0.033976816 
493 603 14 17 0.033926062 
964 531 9 11 0.03389515 
516 586 14 18 0.033885736 
70 542 10 12 0.033792324 
560 500 10 12 0.033790566 
885 524 9 11 0.033783995 
513 536 9 12 0.03378392 
9 527 9 14 0.033749327 
871 525 9 11 0.03364552 
325 547 9 12 0.033616558 
86 520 9 12 0.033585995 
516 577 15 19 0.033530388 
72 478 7 9 0.033405226 
419 562 13 14 0.033280402 
576 494 8 11 0.03320952 
241 487 9 11 0.03320101 
608 480 8 10 0.03319779 
469 547 12 15 0.033192977 
925 580 11 15 0.033190712 
109 602 14 18 0.03302818 
796 550 14 20 0.032933217 
303 496 7 9 0.032897457 
583 494 8 10 0.03289172 
793 472 6 8 0.03288844 
921 565 9 11 0.03286446 
1000 504 8 10 0.032849286 
111 455 8 10 0.032739546 
694 477 8 10 0.032684557 
161 518 8 11 0.03261387 
584 488 7 9 0.032545127 
630 516 9 11 0.032542482 
952 526 8 11 0.03250923 
672 566 11 14 0.032501295 
365 502 9 11 0.032453872 
52 553 14 16 0.03243394 
533 494 8 12 0.03242946 
502 551 10 13 0.032332767 
246 556 12 15 0.0322096 
345 542 9 12 0.032143965 
795 595 16 22 0.032131404 
918 517 8 10 0.03211454 
29 525 12 15 0.032091506 
201 661 19 19 0.03208111 
887 548 11 14 0.032013867 
406 502 7 9 0.03196085 
344 536 8 11 0.03195634 
793 462 6 9 0.031860016 
6 480 7 10 0.031835977 
33 480 8 9 0.03179915 
718 557 10 13 0.031762913 
431 493 7 9 0.03175385 
805 517 10 11 0.031654485 
894 510 9 10 0.03159876 
965 577 14 20 0.03157447 
62 542 11 14 0.03156791 
361 488 7 9 0.031561874 
727 486 7 10 0.031528227 
81 524 9 11 0.03151984 
388 562 13 17 0.03151677 
632 504 7 9 0.031401135 
700 585 11 15 0.031372994 
313 486 7 9 0.03132872 
496 478 8 9 0.03132384 
194 256 81 130 0.031304643 
670 516 8 11 0.03129244 
562 94 10 12 0.03128585 
601 575 10 12 0.03126365 
670 592 13 16 0.031242944 
682 462 8 10 0.031238204 
335 503 7 9 0.031232338 
384 496 7 9 0.031226842 
143 509 9 11 0.031221287 
329 463 7 9 0.03121966 
684 569 11 15 0.031145915 
496 513 8 9 0.031088797 
597 503 9 11 0.031023946 
385 610 17 21 0.031022511 
304 479 7 10 0.030950421 
118 531 10 13 0.030930134 
277 605 11 15 0.030839967 
642 603 13 19 0.030832822 
989 593 13 15 0.030826895 
735 541 11 14 0.030806597 
953 532 9 12 0.030795697 
0 525 8 12 0.030744899 
278 665 17 22 0.030717345 
809 464 8 9 0.030624984 
583 456 8 10 0.03059534 
1014 544 8 12 0.0305641 
222 545 11 12 0.030528102 
545 572 10 13 0.030521985 
749 530 12 14 0.030516906 
320 487 6 8 0.030510856 
681 539 10 13 0.030489646 
270 503 8 9 0.030401113 
393 487 7 9 0.03037318 
737 487 6 9 0.030369144 
870 496 8 10 0.030354585 
184 542 11 13 0.030343676 
974 512 8 9 0.030342363 
461 589 13 15 0.030302651 
839 464 8 10 0.030254558 
242 510 8 10 0.03022687 
364 580 12 17 0.03016771 
653 545 18 23 0.03009292 
898 494 8 10 0.030059269 
751 509 8 10 0.03005575 
345 548 11 14 0.030023409 
521 528 8 10 0.030002695 
139 525 10 11 0.029930856 
319 509 8 10 0.029925028 
696 80 99 119 0.029910065 
206 471 7 9 0.02989629 
527 550 11 14 0.02987369 
742 479 7 9 0.029837789 
630 470 8 10 0.029832862 
585 463 7 9 0.029823868 
986 602 15 18 0.029715693 
311 511 9 10 0.029661264 
390 514 8 9 0.02964478 
192 457 8 10 0.029589746 
753 487 7 9 0.029535094 
548 501 11 13 0.029480733 
629 188 49 61 0.029465256 
615 439 7 9 0.029454289 
262 549 11 13 0.029433986 
384 511 8 10 0.029358778 
657 28 50 71 0.02932982 
561 453 7 9 0.029293135 
222 477 8 10 0.029161204 
127 518 10 12 0.029142298 
633 488 8 10 0.029093228 
957 568 13 17 0.029092079 
670 557 9 11 0.02907762 
534 516 8 10 0.029000415 
681 455 8 10 0.028925575 
991 527 9 10 0.028908648 
61 504 8 10 0.028890967 
162 504 8 10 0.028845122 
223 500 8 10 0.028837029 
975 557 10 13 0.028813727 
673 578 15 19 0.028768728 
449 503 8 9 0.028765438 
206 479 8 9 0.02876204 
949 571 12 16 0.02870729 
630 465 7 9 0.028672239 
896 525 10 12 0.028599262 
737 547 12 14 0.02859522 
68 532 12 13 0.028595159 
231 487 9 11 0.028579304 
234 532 9 11 0.028573733 
737 521 8 9 0.028453587 
703 99 52 63 0.028433517 
367 488 7 9 0.028397303 
582 471 7 9 0.028364416 
599 550 12 14 0.028257508 
131 508 10 12 0.02825092 
962 508 8 10 0.028056098 
559 480 8 10 0.028027466 
458 463 6 9 0.027999077 
599 580 12 17 0.02798672 
649 480 7 9 0.027964871 
270 517 8 10 0.027963497 
831 628 12 18 0.027924724 
479 503 8 9 0.027731549 
897 488 7 9 0.027624972 
72 472 7 9 0.027619813 
639 504 7 10 0.02759901 
985 511 8 9 0.027541345 
230 469 8 11 0.027528957 
697 502 8 10 0.027469428 
649 518 8 10 0.027454581 
245 564 11 14 0.027409373 
132 495 9 11 0.027394434 
695 471 8 10 0.027355963 
944 480 6 9 0.027294986 
686 525 9 11 0.027236957 
546 532 8 12 0.027195048 
270 479 8 9 0.027135488 
785 473 6 8 0.027087051 
888 557 13 16 0.027013587 
756 547 12 15 0.027010098 
294 592 17 24 0.027007503 
295 540 10 14 0.026946666 
49 511 8 9 0.026912961 
702 528 9 11 0.026895028 
207 516 9 11 0.026886834 
358 543 9 12 0.026876088 
477 581 11 15 0.02685665 
601 520 8 10 0.026810484 
455 610 16 21 0.026734484 
566 464 7 9 0.02670047 
470 518 8 10 0.026654571 
607 470 9 10 0.026614789 
481 487 6 9 0.026599439 
984 495 6 8 0.026584832 
557 571 10 13 0.026573155 
448 479 7 9 0.026571877 
576 500 8 10 0.026522297 
182 472 9 10 0.026507873 
518 548 9 13 0.026466893 
311 518 8 10 0.026376946 
503 477 7 9 0.026314385 
216 510 18 23 0.026296109 
862 522 10 13 0.026266584 
66 524 12 16 0.026228273 
502 521 7 10 0.026147064 
552 470 7 10 0.0261111 
728 532 8 11 0.026089566 
818 516 10 12 0.026036441 
289 480 8 10 0.025959522 
552 478 8 9 0.025951909 
32 486 8 9 0.02594822 
583 559 9 12 0.02592613 
517 516 8 10 0.02592043 
685 456 7 9 0.025919264 
922 487 7 9 0.025912087 
507 604 12 16 0.025884902 
621 -47 354 450 0.02584396 
845 544 10 13 0.025826078 
935 520 17 23 0.025774624 
223 471 8 10 0.025763491 
493 607 20 25 0.025743984 
768 517 9 13 0.025743881 
231 566 11 14 0.025737258 
337 480 8 9 0.025714634 
657 471 8 9 0.025673654 
152 521 9 11 0.025640171 
87 504 9 11 0.025585726 
765 565 11 14 0.025575051 
825 569 13 18 0.025527574 
790 531 17 24 0.025519935 
999 510 8 10 0.025513941 
192 533 10 12 0.025502698 
20 524 13 16 0.025498716 
317 557 10 13 0.025474245 
511 547 10 13 0.025460556 
576 547 9 11 0.025360536 
813 574 11 14 0.025358474 
159 557 10 13 0.02535541 
967 486 7 9 0.025312364 
110 478 9 9 0.025233094 
800 464 6 9 0.02519843 
738 499 17 22 0.025196569 
55 487 8 10 0.025169766 
696 532 9 13 0.025143052 
461 488 7 9 0.025135012 
392 500 7 10 0.025115427 
79 563 13 16 0.025105275 
28 585 20 28 0.025099833 
992 510 7 10 0.025095893 
423 532 9 11 0.025087379 
407 562 12 16 0.025068091 
43 535 10 13 0.025020042 
695 496 7 9 0.025019087 
159 570 13 17 0.024950542 
831 502 8 10 0.024891188 
296 524 9 11 0.024883574 
0 514 9 14 0.02484027 
271 556 10 13 0.024834197 
121 503 8 11 0.024800923 
464 516 8 11 0.024798462 
560 449 7 9 0.02478288 
896 481 6 8 0.02478246 
992 494 7 9 0.024764262 
671 567 20 23 0.024737604 
1006 541 9 11 0.024693169 
120 477 10 11 0.024676898 
920 556 10 13 0.024645243 
249 464 7 8 0.024619121 
313 501 7 10 0.024616076 
360 479 7 9 0.024598002 
890 603 16 19 0.024514282 
362 526 9 12 0.024512805 
528 455 7 9 0.024449429 
798 515 10 12 0.024422636 
299 621 16 20 0.024375834 
425 464 7 9 0.024375737 
920 479 7 9 0.024315389 
230 512 7 9 0.024299467 
132 574 14 17 0.024298122 
847 502 9 11 0.024296137 
281 518 19 23 0.024283672 
1004 536 10 11 0.024267323 
688 113 52 59 0.024262886 
222 487 8 10 0.024212724 
936 509 9 10 0.024179995 
685 461 8 11 0.02417836 
968 519 9 10 0.024167413 
496 464 7 9 0.024130965 
821 511 18 23 0.024124606 
546 462 7 9 0.024101663 
6 485 8 10 0.02408296 
920 496 7 9 0.024065254 
785 454 7 10 0.024010886 
324 557 10 13 0.023967361 
469 578 13 17 0.023931198 
595 585 13 19 0.023916999 
311 462 7 9 0.023871992 
321 521 18 22 0.023863068 
730 631 16 22 0.023850854 
201 517 8 10 0.023817657 
269 603 13 15 0.02379753 
614 541 10 13 0.023770113 
704 516 9 11 0.02376756 
501 531 10 12 0.023672285 
489 480 7 8 0.023643978 
864 487 7 9 0.023638397 
586 516 8 11 0.023621092 
982 535 8 9 0.023607437 
375 605 13 18 0.023606427 
551 579 10 14 0.02358642 
721 575 16 19 0.023581032 
100 523 11 12 0.0235694 
317 619 14 20 0.023542015 
316 536 18 23 0.023513054 
278 555 13 15 0.023467138 
412 526 10 12 0.023451079 
898 518 9 11 0.023408104 
829 646 10 13 0.023395117 
333 609 12 17 0.023394769 
858 519 9 12 0.02339295 
888 480 7 9 0.023367805 
551 464 7 9 0.023330638 
407 571 13 17 0.023281382 
429 526 9 12 0.023237446 
199 526 9 12 0.023215711 
912 494 7 9 0.02320208 
977 550 10 12 0.023175636 
751 504 7 10 0.02315884 
158 533 9 12 0.02314996 
757 533 11 12 0.02313988 
124 572 14 17 0.023138395 
706 29 101 124 0.023124428 
1004 503 9 10 0.023120403 
447 516 8 10 0.02308551 
551 544 11 13 0.023077952 
816 486 7 9 0.023076296 
512 455 9 12 0.023063175 
486 533 10 13 0.0230229 
799 497 19 24 0.023005037 
462 530 18 23 0.022983773 
741 593 16 19 0.022983216 
121 455 8 10 0.022951415 
4 503 9 12 0.02293634 
776 489 6 8 0.02290864 
519 479 8 9 0.022904044 
524 533 9 12 0.022891348 
678 480 8 10 0.022863608 
255 562 11 15 0.022836342 
597 510 8 10 0.022830341 
334 547 10 13 0.02282789 
1016 518 8 10 0.022793053 
573 518 9 12 0.022751002 
629 550 10 14 0.022729453 
752 463 7 9 0.022727774 
376 473 6 8 0.022727743 
589 594 13 17 0.022698449 
85 562 13 18 0.022656744 
852 546 14 16 0.02264026 
151 557 11 14 0.022638766 
560 484 10 12 0.022567904 
658 463 7 10 0.022538941 
580 541 10 13 0.022538282 
270 549 9 12 0.022528691 
1010 403 12 19 0.022512944 
656 544 12 15 0.022491517 
345 464 7 9 0.022489917 
133 480 9 11 0.022445947 
158 564 12 15 0.02242222 
360 473 7 9 0.022397945 
373 586 13 15 0.022392962 
376 486 8 9 0.022378601 
629 591 13 16 0.022351319 
414 486 6 9 0.02232539 
838 617 22 28 0.022322007 
300 600 13 18 0.02231727 
369 607 19 28 0.022300819 
334 542 9 12 0.022291975 
466 628 16 22 0.022267189 
903 535 8 12 0.02223567 
855 488 7 10 0.02220496 
727 479 7 9 0.022201499 
22 485 9 10 0.022197418 
175 525 9 12 0.022173833 
275 653 16 19 0.02214684 
908 554 11 15 0.022094395 
982 542 9 11 0.022083988 
709 566 10 15 0.022081854 
854 509 9 12 0.022073656 
806 304 15 18 0.022057977 
255 606 12 15 0.02202798 
865 464 7 8 0.02199582 
64 495 8 9 0.021980522 
782 587 13 19 0.021893518 
855 504 8 10 0.021884399 
134 541 11 13 0.021852743 
533 501 8 11 0.021845322 
412 599 14 20 0.02184214 
480 479 6 9 0.021832569 
261 563 12 16 0.02182871 
392 466 7 9 0.021827184 
680 448 7 9 0.021799903 
837 574 13 18 0.021712814 
927 487 7 9 0.02169247 
39 488 8 9 0.02167684 
338 471 8 10 0.021664783 
534 118 9 12 0.021653878 
512 430 8 11 0.02157748 
624 595 15 20 0.021563997 
363 570 13 18 0.021549756 
637 510 8 11 0.021545833 
590 515 9 12 0.021520613 
356 558 18 22 0.021518474 
135 453 7 10 0.02149201 
566 480 8 10 0.021468544 
992 517 8 11 0.021369087 
625 574 9 13 0.021325376 
202 651 17 20 0.021314858 
901 600 16 20 0.021283358 
14 463 8 10 0.021232296 
857 571 13 17 0.02121809 
719 527 10 12 0.021205464 
576 488 8 9 0.02117775 
703 454 7 10 0.021165688 
790 542 14 21 0.021151416 
837 517 9 12 0.021133186 
143 463 9 10 0.021130612 
577 454 8 10 0.021108203 
689 488 7 9 0.020921865 
544 491 12 14 0.020913716 
957 538 13 16 0.020908197 
496 531 11 14 0.020875871 
191 486 8 11 0.020871954 
136 432 9 11 0.020844279 
691 563 12 15 0.020839883 
456 517 9 10 0.020823108 
813 633 15 18 0.020800907 
257 204 46 58 0.020759901 
675 641 16 21 0.020723015 
265 479 8 9 0.02071912 
296 463 7 9 0.020708106 
570 550 228 204 0.020665735 
721 480 8 9 0.020658989 
301 212 31 38 0.020657271 
865 479 7 8 0.020657064 
796 526 12 14 0.020638933 
268 574 15 19 0.020613676 
366 551 10 13 0.020513115 
662 446 7 10 0.020506553 
461 548 12 15 0.020506267 
647 504 9 11 0.02047477 
91 557 13 17 0.0204078 
954 576 22 31 0.020372264 
172 557 11 14 0.020371731 
917 532 10 12 0.02034374 
651 601 13 18 0.020327881 
920 578 11 15 0.020317318 
245 571 11 13 0.020290514 
177 457 7 9 0.020257644 
38 566 15 19 0.020220086 
262 543 11 13 0.020219378 
105 449 7 9 0.020216716 
768 510 8 10 0.020200698 
218 239 61 94 0.020197319 
944 485 7 9 0.02016827 
424 480 7 9 0.02016387 
386 512 18 24 0.020155272 
136 470 7 10 0.02012868 
871 487 8 9 0.020105876 
1007 560 10 12 0.020101018 
325 580 12 18 0.020096527 
120 598 22 30 0.020087784 
981 527 9 10 0.020073852 
213 310 12 16 0.020050775 
662 455 8 9 0.020009896 
