2_Demonstration_Demonstration_Or_Protest_2_367
80
390 244 68 93 0.9978934 
120 260 27 33 0.9974407 
261 276 27 38 0.99508804 
40 274 25 32 0.99291927 
306 303 24 31 0.99007773 
782 350 47 53 0.98190075 
92 260 15 21 0.9797477 
201 272 18 23 0.96395123 
507 248 43 50 0.93296516 
181 306 30 37 0.8661937 
294 281 17 22 0.7736171 
52 252 16 20 0.68126625 
654 246 29 41 0.17170227 
171 292 16 20 0.16068904 
972 370 49 81 0.15748724 
283 278 24 30 0.1530099 
235 277 13 17 0.12406279 
177 299 23 30 0.1181821 
188 301 17 22 0.11290373 
853 351 44 54 0.09940277 
559 45 9 12 0.0900098 
103 239 12 14 0.08776085 
344 283 14 17 0.07927316 
856 223 24 28 0.073636346 
756 210 19 22 0.07179673 
189 313 34 37 0.06257375 
333 306 16 21 0.052905362 
245 197 9 12 0.049353987 
631 298 23 31 0.047622938 
343 283 25 28 0.04755313 
861 233 43 55 0.04721254 
508 217 57 72 0.046154182 
269 271 15 18 0.04612507 
44 270 18 21 0.045071874 
731 364 14 17 0.038983848 
582 37 10 13 0.03881525 
70 250 13 19 0.0380297 
796 217 16 19 0.037588034 
421 672 11 12 0.03585939 
22 256 15 18 0.035779048 
417 661 9 10 0.035586055 
94 252 19 25 0.035083514 
125 122 14 17 0.03362487 
855 403 48 65 0.032877732 
745 378 15 20 0.031536832 
85 251 19 25 0.03152015 
551 266 13 17 0.031496134 
560 37 11 15 0.031165449 
640 269 46 62 0.03114275 
564 31 9 11 0.031130359 
341 165 10 13 0.030798601 
613 243 43 56 0.030578218 
254 283 14 22 0.030376116 
209 319 18 21 0.03033474 
291 268 27 33 0.028773224 
634 250 35 39 0.028753256 
235 278 22 31 0.02753497 
498 181 88 122 0.026700085 
271 292 26 34 0.025839731 
99 242 19 23 0.025503883 
771 154 14 19 0.024898594 
37 251 12 16 0.024455337 
855 373 49 60 0.02396981 
0 570 39 74 0.02386067 
-1 0 20 20 0.023534972 
669 532 16 21 0.022814412 
242 274 16 22 0.022643367 
28 281 25 32 0.022593403 
327 285 12 15 0.022299197 
445 660 12 16 0.022090817 
857 232 30 36 0.022030467 
548 626 34 40 0.021805365 
417 675 12 14 0.021413647 
764 383 17 23 0.021236388 
298 294 23 32 0.020988107 
621 281 31 45 0.020724444 
337 291 24 29 0.020464407 
210 230 9 12 0.020347366 
875 255 32 39 0.02003934 
232 272 12 15 0.020013489 
