2_Demonstration_Political_Rally_2_18
240
166 331 21 28 0.9913225 
864 447 18 23 0.98417616 
453 295 15 21 0.9823799 
317 437 20 26 0.9796704 
66 337 18 23 0.97724426 
148 384 18 24 0.97464776 
243 421 18 26 0.9686327 
133 295 19 24 0.9656007 
363 428 17 22 0.9639585 
41 448 20 26 0.9639052 
12 353 19 24 0.96141243 
486 360 17 23 0.95578027 
480 402 18 22 0.95457536 
622 455 20 24 0.954419 
271 394 21 27 0.9542602 
379 436 19 24 0.95403606 
314 261 18 24 0.9511274 
530 396 17 23 0.95054716 
27 310 17 23 0.94753546 
171 450 20 27 0.9470656 
767 419 18 23 0.94699234 
103 239 16 23 0.94548374 
353 342 20 27 0.9409157 
96 447 21 24 0.93914074 
222 274 20 25 0.93793505 
442 458 20 28 0.93783945 
501 448 19 24 0.934127 
185 306 18 22 0.9340189 
24 258 16 20 0.9194645 
238 310 18 22 0.91926426 
157 408 19 23 0.91699624 
914 435 16 19 0.9033962 
169 259 18 24 0.8971332 
263 202 20 27 0.89617574 
422 426 19 22 0.89372337 
87 264 19 23 0.8908057 
298 331 19 27 0.86877024 
21 460 20 25 0.86363715 
40 425 20 23 0.84688187 
81 288 19 22 0.839642 
41 239 16 21 0.8253925 
228 362 21 28 0.80764633 
398 390 13 19 0.7535847 
228 252 16 19 0.7503234 
546 435 14 17 0.708806 
57 259 12 17 0.6963153 
76 319 15 20 0.6954862 
186 225 17 22 0.6183959 
299 318 19 26 0.59950703 
438 413 15 19 0.56071264 
154 302 18 22 0.52793324 
370 304 14 19 0.47064906 
343 276 11 15 0.44942084 
461 488 17 22 0.42707187 
39 336 14 19 0.4247549 
372 375 13 17 0.39327958 
428 363 14 18 0.3595322 
371 430 18 24 0.33592036 
0 469 11 16 0.33449417 
340 394 14 17 0.31924957 
299 444 16 22 0.31784236 
0 211 11 17 0.3100099 
382 395 15 19 0.2836511 
304 241 14 21 0.27173027 
123 248 14 18 0.26847506 
1 258 10 15 0.2683742 
421 364 13 17 0.26687497 
74 425 21 22 0.26005363 
279 267 15 19 0.25699747 
445 370 12 14 0.25244775 
26 300 16 22 0.24257281 
3 326 15 20 0.2168786 
99 312 12 16 0.2110699 
252 351 13 17 0.20950346 
130 431 15 21 0.20388097 
22 432 15 20 0.20249759 
368 345 15 20 0.18289211 
143 296 19 25 0.16667758 
382 362 14 17 0.16563025 
912 9 108 149 0.16493596 
333 201 15 21 0.14792705 
70 330 18 24 0.14760059 
435 365 14 17 0.13110602 
401 472 18 21 0.12553427 
754 487 14 15 0.12236331 
459 476 19 26 0.1216531 
46 282 13 17 0.11711258 
106 282 15 20 0.11428114 
165 219 14 17 0.11235248 
233 377 20 28 0.109469935 
83 425 20 24 0.10561678 
172 255 14 17 0.10529056 
391 291 14 18 0.10217662 
87 387 14 16 0.09329797 
186 281 14 17 0.09279336 
443 311 15 17 0.073187314 
213 363 15 18 0.07078389 
27 425 21 27 0.07075771 
352 454 18 23 0.067160435 
335 402 14 18 0.063246466 
387 287 23 28 0.062319756 
375 294 21 26 0.061380267 
149 318 16 21 0.060767878 
151 309 19 26 0.05720026 
372 276 12 16 0.05684906 
505 567 28 33 0.056739286 
386 355 15 21 0.056482714 
510 489 19 28 0.055258274 
396 296 13 16 0.054091997 
182 275 14 18 0.05322425 
413 358 16 19 0.052718513 
324 577 45 54 0.052143376 
845 490 10 13 0.04965885 
247 339 21 25 0.049514927 
339 380 16 23 0.048336837 
474 564 15 18 0.047850534 
895 554 14 19 0.046899546 
423 387 12 17 0.04573484 
67 427 20 23 0.045041654 
309 359 14 20 0.04464142 
301 435 16 22 0.043702092 
183 379 15 19 0.043604963 
67 249 14 17 0.043462995 
41 414 18 21 0.043438647 
30 335 14 19 0.042224173 
106 453 16 20 0.042170357 
85 338 13 19 0.04186864 
68 392 19 22 0.041436337 
518 565 13 18 0.039757103 
29 376 16 22 0.039268598 
415 367 14 17 0.039035127 
27 273 16 21 0.03857569 
524 567 34 41 0.03651327 
386 345 15 21 0.035859242 
188 371 16 20 0.034839064 
446 300 19 24 0.03480874 
448 451 17 23 0.034606233 
0 366 8 13 0.034585334 
349 365 15 21 0.034567937 
246 194 10 15 0.03453032 
50 445 22 27 0.034351334 
229 428 13 18 0.033328436 
68 469 13 16 0.03296667 
116 245 14 18 0.032962754 
246 174 11 15 0.03294441 
408 363 13 16 0.032805707 
460 313 13 16 0.03250953 
0 273 9 18 0.03237103 
450 373 11 14 0.03204589 
34 276 14 18 0.032038923 
684 439 15 19 0.03200251 
23 422 12 16 0.03193547 
774 486 10 11 0.03180582 
895 467 12 14 0.031734586 
631 483 13 16 0.031702105 
364 267 22 28 0.031639665 
346 385 14 19 0.03135964 
389 389 17 22 0.030650226 
313 354 16 21 0.030473314 
359 483 18 22 0.030060828 
387 428 14 19 0.029912306 
533 558 44 52 0.02950706 
766 486 10 13 0.02942403 
-2 468 17 27 0.029136658 
116 397 14 18 0.028772565 
493 386 13 16 0.028414767 
333 171 14 17 0.028092457 
453 463 19 27 0.027577393 
91 390 15 19 0.027501816 
393 270 22 28 0.027281059 
194 232 15 20 0.027120467 
99 273 14 21 0.026868584 
172 224 12 18 0.026809841 
544 323 408 430 0.026780799 
274 454 16 21 0.026540365 
73 386 17 19 0.026525376 
132 514 15 19 0.02648582 
326 355 12 17 0.026252558 
411 274 12 19 0.025268098 
437 518 15 20 0.025096344 
910 420 26 31 0.025036307 
396 283 13 18 0.024968784 
329 217 12 17 0.024862662 
395 282 23 30 0.024820138 
346 270 14 19 0.02473886 
63 426 15 18 0.024720212 
326 182 23 30 0.024539206 
499 388 13 17 0.024522025 
839 485 13 17 0.024374716 
0 255 16 25 0.024336088 
382 292 14 17 0.024243739 
895 531 44 52 0.024208445 
948 550 17 20 0.024153018 
523 436 15 18 0.02415037 
60 498 15 22 0.024019632 
-1 404 9 16 0.023995895 
281 447 19 26 0.023801891 
323 158 25 29 0.023728454 
223 362 17 22 0.023711069 
433 357 14 18 0.023558268 
341 368 14 21 0.023427593 
223 245 16 20 0.023057932 
159 225 14 17 0.023053154 
80 476 18 21 0.02303141 
129 244 15 17 0.022777766 
197 468 15 20 0.022756495 
637 491 26 36 0.022745395 
716 475 12 17 0.02253976 
412 288 13 19 0.022501295 
394 410 14 19 0.022342248 
367 280 13 17 0.022181332 
454 312 13 17 0.021812372 
51 274 13 18 0.021810556 
346 278 15 20 0.02177913 
373 383 20 25 0.021736508 
605 495 24 33 0.021727815 
111 395 14 17 0.02171003 
283 243 15 21 0.021656888 
391 419 13 17 0.021655772 
51 250 17 23 0.021627089 
232 423 23 28 0.021558285 
282 569 29 39 0.021486148 
49 237 13 18 0.021446716 
115 465 14 17 0.021405071 
359 297 23 28 0.02124017 
377 343 18 25 0.021038888 
353 268 21 28 0.020969968 
554 441 15 20 0.020916397 
351 251 11 15 0.02086636 
79 270 24 28 0.020852298 
594 554 24 35 0.020713259 
114 458 13 17 0.02070791 
552 436 14 17 0.020614352 
9 198 21 28 0.020599043 
233 358 15 19 0.02055441 
191 357 22 27 0.020270873 
405 289 14 19 0.02015874 
405 269 14 20 0.020092577 
829 483 14 19 0.02006934 
-1 417 8 15 0.02005378 
