2_Demonstration_Demonstration_Or_Protest_2_32
260
454 1061 54 70 0.99758565 
726 1099 61 76 0.99743265 
629 1064 27 36 0.997262 
524 1144 63 96 0.9962225 
238 1242 84 107 0.9939774 
516 1060 29 37 0.99376136 
334 1032 32 39 0.98571867 
304 1091 54 74 0.97835004 
895 1023 24 27 0.9725754 
169 1086 56 71 0.96791494 
865 1107 31 34 0.96537256 
530 1110 35 48 0.91853446 
426 1030 34 47 0.9045232 
936 1080 20 24 0.8886515 
986 1049 25 30 0.84445167 
575 1079 24 33 0.83924425 
285 1073 54 71 0.79085964 
48 1049 40 47 0.7682566 
703 1099 36 57 0.73071635 
370 1032 23 30 0.7221543 
824 1095 26 39 0.7209686 
491 1018 14 21 0.520864 
551 1021 13 16 0.51874596 
926 1027 20 25 0.48654255 
293 1031 28 35 0.48541164 
750 1076 23 26 0.47920218 
980 1059 18 22 0.4048521 
631 1034 14 17 0.3698054 
970 999 20 30 0.26072735 
970 1171 14 21 0.2604644 
603 1013 12 16 0.25706303 
708 1086 28 33 0.25096187 
662 1048 12 14 0.22812472 
962 1051 14 19 0.21909943 
398 1032 26 32 0.21589851 
777 1061 16 21 0.21466622 
-3 1254 58 106 0.20558609 
547 1061 16 24 0.20496254 
912 1151 24 35 0.19936304 
940 1052 18 21 0.19860986 
117 501 243 220 0.19767936 
272 1056 36 51 0.19722056 
586 1037 15 20 0.19258651 
633 1158 17 21 0.18997012 
5 991 76 116 0.1672064 
961 1064 16 21 0.1600564 
808 1060 10 12 0.1556095 
972 1126 17 22 0.14897378 
724 1055 17 20 0.14880873 
524 1029 21 25 0.14494956 
581 1117 28 39 0.14233528 
721 1063 23 28 0.13423975 
385 1047 28 34 0.13113695 
114 1220 32 36 0.12596351 
976 1039 24 32 0.12568161 
328 928 24 30 0.12550841 
954 1146 17 19 0.113733664 
197 1038 27 33 0.11267356 
862 1028 14 16 0.11209817 
701 1093 28 41 0.111498654 
1012 987 12 21 0.10073818 
714 1074 27 34 0.09248113 
867 1032 15 19 0.09172452 
614 1039 9 11 0.090447344 
693 1044 12 15 0.08472354 
824 1058 11 14 0.0819221 
596 1122 15 22 0.07973382 
13 150 27 43 0.077170834 
879 1075 25 27 0.07543598 
998 1052 19 24 0.07540574 
972 1058 19 26 0.07434453 
443 1010 17 20 0.07301221 
912 1022 22 28 0.07011535 
751 1019 12 13 0.06889491 
0 149 21 41 0.068385854 
925 1020 17 22 0.067705855 
970 1112 24 31 0.06656302 
33 223 167 286 0.06399453 
928 1065 22 29 0.062733755 
936 1062 22 28 0.062412046 
629 1104 23 29 0.0603881 
317 1044 32 35 0.060178187 
568 1044 11 14 0.058614507 
1002 1162 15 20 0.058360577 
603 1047 14 20 0.055935893 
943 986 13 16 0.054537926 
585 1068 17 22 0.05452558 
810 1086 30 42 0.053780735 
40 204 42 56 0.052523475 
843 1057 12 16 0.0523783 
452 1152 53 66 0.052252214 
862 1082 15 18 0.051998504 
546 1043 15 21 0.051896263 
608 1037 10 12 0.05172682 
635 1039 15 19 0.05164343 
923 974 16 20 0.05082432 
624 1022 10 12 0.05064918 
765 1054 10 13 0.049703583 
646 1044 13 16 0.04923356 
630 1061 16 23 0.04867048 
315 1050 53 60 0.04816763 
768 1032 8 10 0.047946814 
877 1102 29 35 0.045274526 
756 1030 10 12 0.045089386 
588 1122 16 22 0.044898305 
1006 1016 16 19 0.0446085 
945 1186 16 19 0.044273928 
249 1066 43 59 0.04366366 
693 1111 29 41 0.043576583 
613 1043 13 18 0.043093238 
656 1044 19 23 0.04302394 
381 848 9 10 0.04141397 
971 1046 17 22 0.04117188 
965 1067 20 28 0.040058006 
500 979 29 39 0.03957961 
432 1017 27 38 0.039438702 
226 1068 41 57 0.038813274 
974 1038 16 20 0.038389724 
280 1041 50 62 0.03720158 
0 645 38 62 0.03716281 
929 1107 16 23 0.037086893 
975 988 14 20 0.036797695 
575 1028 13 15 0.03659354 
738 1070 26 29 0.036463466 
238 577 123 141 0.03605151 
616 1002 10 13 0.035709716 
645 1049 16 20 0.035699755 
946 1057 22 28 0.034738623 
557 1105 42 51 0.034399513 
790 1130 43 57 0.03434085 
978 1099 24 29 0.034325007 
283 1037 29 37 0.033639736 
868 1085 31 36 0.033606 
693 944 13 17 0.033270232 
22 198 40 47 0.033100665 
255 1135 40 59 0.032682538 
195 1080 50 68 0.032677367 
605 1008 12 15 0.03243591 
268 1147 43 56 0.03234672 
541 1102 32 40 0.032298703 
897 1149 28 35 0.03200892 
154 1071 52 70 0.031973206 
765 1054 23 25 0.031543996 
533 1033 19 26 0.031244442 
965 1003 17 23 0.03090503 
729 825 9 12 0.030875186 
837 1091 14 22 0.030812498 
953 1075 22 27 0.03073825 
828 1052 12 16 0.030595573 
572 1037 20 26 0.030283727 
860 1037 15 20 0.030152667 
350 1036 38 48 0.030088006 
1011 1077 13 19 0.030032225 
580 1028 14 18 0.02995415 
522 1101 27 39 0.029931474 
651 970 13 17 0.029835349 
864 1080 24 27 0.029644325 
135 431 385 358 0.028981127 
336 932 15 17 0.028687766 
511 1110 45 62 0.028650122 
572 1050 11 15 0.028624302 
176 1037 10 14 0.028578874 
417 1023 29 44 0.02846823 
607 1118 21 32 0.028418832 
830 1047 11 13 0.028338328 
508 1094 25 35 0.028244182 
979 1121 22 30 0.028157355 
603 1123 14 22 0.028117867 
800 1038 9 12 0.028044442 
775 1044 14 15 0.027772015 
490 1002 26 35 0.027720742 
580 1023 12 14 0.027586522 
533 1061 25 33 0.027582308 
772 1069 17 20 0.027464036 
625 1028 10 14 0.027268905 
918 1068 23 28 0.027249226 
616 1129 39 51 0.027240794 
982 1160 27 32 0.027235478 
61 391 191 278 0.027231866 
753 1037 9 12 0.027164895 
724 1088 30 36 0.027072605 
574 1036 11 15 0.027038686 
915 1140 16 24 0.027007297 
623 1036 11 16 0.026753489 
999 1157 13 18 0.02667412 
700 979 11 13 0.026590552 
670 831 12 14 0.026544085 
302 1044 33 39 0.026493197 
575 1077 15 20 0.026339218 
531 1022 15 18 0.026220834 
742 1053 10 14 0.025901455 
619 1043 13 18 0.025556551 
122 1183 17 20 0.025525104 
620 1132 12 16 0.025291396 
665 1050 14 17 0.02522059 
775 1053 12 15 0.025154417 
819 1053 21 25 0.024945242 
560 1086 30 38 0.024931738 
533 1012 11 13 0.024883045 
852 933 12 16 0.024844097 
622 1106 15 19 0.024671549 
107 551 147 258 0.024582153 
623 1140 11 14 0.024513768 
418 985 18 20 0.024225278 
741 1030 9 13 0.024223834 
962 1157 20 29 0.024062589 
388 1042 18 23 0.024008377 
954 1150 22 30 0.02394683 
611 977 15 19 0.023819013 
735 1031 9 12 0.023803275 
916 738 25 27 0.02354374 
733 1045 12 15 0.023500707 
746 1074 51 65 0.023365173 
812 1065 11 14 0.023307325 
63 1112 33 35 0.023302743 
616 1113 24 33 0.023277026 
891 1102 25 30 0.023240676 
955 1133 25 27 0.023225239 
668 979 9 14 0.023121187 
758 1036 9 11 0.022980882 
725 1047 13 16 0.022944635 
721 1051 14 18 0.022844287 
27 187 29 34 0.022759205 
760 1058 12 14 0.022698555 
755 1072 15 17 0.022689689 
679 1029 9 12 0.022296706 
800 1054 12 14 0.02228523 
888 1026 14 19 0.022242263 
823 1047 10 12 0.022196105 
361 851 12 15 0.022102041 
668 974 9 13 0.022079498 
1007 1105 15 20 0.021813458 
815 1045 10 12 0.021672534 
807 1056 19 24 0.021671655 
236 1075 23 37 0.02151775 
646 1052 24 32 0.02149333 
331 1094 56 73 0.021459227 
536 1024 18 23 0.021287179 
318 1053 15 20 0.02127189 
995 1036 15 19 0.020980246 
621 1162 15 18 0.020934246 
981 1091 18 20 0.02089071 
870 1037 22 28 0.020872783 
4 140 30 40 0.020748813 
874 1028 14 18 0.020721564 
834 1049 19 25 0.020633787 
798 960 10 12 0.020558126 
377 1045 18 23 0.020508504 
933 1056 17 21 0.020495858 
657 1103 17 22 0.020491173 
892 965 11 13 0.020377826 
851 1106 27 34 0.020366471 
67 1117 18 19 0.020352338 
135 1070 47 64 0.020344956 
381 852 11 13 0.020287212 
628 1116 18 22 0.020252708 
117 1184 27 34 0.020165548 
-2 1006 49 86 0.020086367 
930 1017 22 28 0.020071978 
201 1034 20 21 0.02003177 
