2_Demonstration_Demonstration_Or_Protest_2_600
628
150 308 35 41 0.9991222 
46 238 73 91 0.9963966 
891 280 46 75 0.9931124 
868 223 25 29 0.98428476 
479 301 27 32 0.9775334 
678 351 32 45 0.97074395 
221 389 36 50 0.96460044 
817 304 33 50 0.94818705 
833 117 11 15 0.9218417 
379 148 17 19 0.9215183 
946 402 36 49 0.9155912 
852 138 13 19 0.90105563 
637 149 19 23 0.88538337 
254 109 11 14 0.87469167 
733 151 11 14 0.8598562 
285 149 13 15 0.81787354 
124 111 12 16 0.75179225 
958 124 13 16 0.7502671 
660 120 10 13 0.7439371 
598 109 10 13 0.7267443 
55 151 19 22 0.71731424 
951 269 29 35 0.71199507 
732 110 11 14 0.69941384 
435 107 11 14 0.6790502 
190 144 19 22 0.67656296 
240 164 14 17 0.675781 
77 102 12 15 0.67182434 
687 103 11 13 0.65002453 
458 429 108 113 0.6462211 
703 129 11 14 0.62954915 
111 35 10 12 0.6241595 
24 104 14 18 0.6084152 
227 102 11 14 0.6041143 
540 112 10 13 0.57883644 
0 156 11 17 0.57608837 
507 146 15 19 0.5611692 
500 108 11 14 0.5424278 
899 125 10 14 0.5287119 
341 312 23 27 0.5102268 
941 147 13 17 0.5082277 
564 126 12 15 0.5019888 
799 150 11 14 0.4999792 
84 46 11 13 0.4704062 
30 152 17 21 0.46894687 
615 95 12 13 0.44890764 
400 106 13 15 0.4188024 
372 110 11 14 0.40452868 
152 55 8 10 0.4024382 
541 216 12 14 0.4022744 
918 147 13 16 0.39693293 
310 105 14 16 0.36943382 
709 157 10 12 0.36895922 
397 183 14 16 0.36021498 
773 119 10 12 0.34204182 
196 279 23 27 0.32545114 
78 170 15 18 0.3239297 
793 117 11 13 0.31503004 
479 108 11 12 0.3024136 
301 222 15 17 0.3017409 
267 229 18 22 0.30035672 
792 111 10 12 0.29520017 
221 48 9 12 0.2845109 
407 125 12 15 0.2793527 
848 135 12 17 0.26211265 
756 179 11 13 0.25638646 
759 118 10 12 0.25552884 
635 111 8 9 0.25000063 
5 31 10 13 0.2472924 
241 56 9 11 0.24350633 
819 112 8 11 0.24047083 
69 47 8 10 0.23748054 
462 128 12 16 0.23632216 
273 59 10 12 0.23552513 
102 156 12 16 0.22259548 
168 101 12 16 0.22065048 
182 120 11 14 0.20196474 
505 191 10 14 0.20012578 
30 46 8 11 0.19819123 
545 167 10 14 0.19619644 
827 137 13 15 0.18953902 
741 190 12 14 0.18867727 
919 113 9 11 0.1874938 
965 265 22 27 0.18732853 
139 147 15 19 0.18442497 
433 104 10 12 0.18036939 
406 118 11 13 0.17436895 
729 153 12 15 0.1735109 
911 112 9 11 0.1701634 
639 358 24 37 0.16995648 
433 171 10 13 0.16869225 
629 122 11 15 0.16809963 
798 142 12 15 0.16333903 
604 110 9 13 0.15626949 
288 155 15 17 0.15551074 
848 112 9 10 0.15225132 
925 165 14 19 0.15052083 
753 117 9 11 0.14696604 
725 142 9 12 0.14505503 
999 86 11 14 0.13945197 
637 118 9 11 0.13484238 
886 148 13 16 0.13256623 
432 87 9 12 0.13254459 
813 125 9 12 0.13193272 
884 111 9 11 0.13175848 
620 98 9 12 0.13039652 
221 125 12 16 0.1289643 
696 172 11 12 0.12714012 
539 189 11 13 0.12652375 
740 151 10 13 0.123958796 
984 142 8 11 0.12335912 
774 188 9 12 0.12111851 
762 198 9 13 0.11730412 
262 187 11 14 0.11653455 
148 167 18 22 0.11591312 
850 290 46 65 0.11372308 
637 144 13 16 0.113529116 
240 75 9 12 0.11142912 
430 154 12 14 0.111308195 
988 387 32 40 0.11107897 
339 102 11 14 0.10999532 
511 317 17 19 0.10991252 
562 109 9 12 0.10971443 
764 203 10 12 0.109565854 
709 109 8 11 0.10943167 
133 151 15 19 0.10787811 
215 125 12 15 0.10717655 
767 118 10 12 0.10715914 
664 364 38 44 0.10554893 
561 118 10 13 0.10533999 
156 127 15 18 0.10526733 
954 265 20 23 0.10466167 
672 166 8 11 0.10375931 
470 159 10 13 0.103452705 
512 133 10 12 0.103067 
28 142 15 18 0.1025412 
895 128 11 15 0.10076332 
887 141 12 13 0.09963131 
390 119 9 12 0.09807034 
467 125 11 14 0.09741696 
897 269 31 51 0.09707169 
537 183 9 12 0.09667 
912 387 33 36 0.09634361 
1006 117 10 16 0.095052786 
889 134 10 13 0.094398014 
632 118 11 15 0.09392429 
422 119 10 12 0.09313282 
695 168 9 12 0.09295415 
913 135 12 14 0.09201721 
795 303 42 55 0.09177399 
537 66 10 13 0.09151518 
181 442 105 101 0.09094029 
497 105 11 12 0.09039316 
976 116 9 12 0.08961782 
454 113 9 11 0.08898875 
423 184 12 14 0.08885665 
813 133 9 12 0.08867108 
137 172 24 26 0.08711406 
582 111 8 10 0.08630023 
423 141 10 12 0.08597046 
823 116 10 13 0.08340929 
21 145 17 22 0.08274695 
915 136 19 24 0.08216202 
814 151 10 12 0.0817614 
766 158 8 11 0.08098258 
57 61 8 9 0.080584645 
110 128 10 13 0.07982858 
928 111 9 12 0.07877419 
631 624 31 32 0.07863875 
786 308 27 43 0.07836801 
609 158 11 13 0.07771458 
932 108 10 12 0.07767619 
304 108 12 14 0.07728366 
721 150 9 12 0.077140525 
232 63 8 10 0.0769689 
132 141 14 19 0.07696046 
881 115 9 11 0.07681074 
856 143 16 19 0.07595963 
303 129 11 15 0.075721905 
758 167 11 12 0.07440382 
962 329 28 44 0.07439598 
946 141 12 17 0.07397703 
904 148 9 12 0.07361824 
436 167 12 14 0.07317282 
834 180 11 14 0.072340705 
831 289 40 62 0.07223493 
816 115 10 13 0.07209117 
316 125 15 18 0.07191338 
680 199 12 15 0.07170433 
803 153 12 15 0.07126175 
127 147 13 17 0.07104197 
63 142 12 15 0.0705007 
464 110 9 12 0.07043559 
480 165 10 13 0.070050776 
469 118 9 11 0.06981437 
717 190 11 13 0.06974795 
970 226 20 22 0.06919344 
679 108 10 11 0.06899635 
983 119 8 11 0.068793304 
980 307 33 38 0.06822124 
153 127 11 14 0.066831626 
986 124 9 13 0.06670495 
907 111 8 11 0.065479875 
963 130 11 14 0.065021254 
477 159 11 13 0.06476826 
940 350 25 30 0.06462111 
829 154 11 15 0.06449759 
463 176 10 12 0.06319431 
86 41 9 12 0.06317368 
83 106 10 13 0.06300186 
783 111 9 10 0.062988564 
759 113 9 12 0.06199518 
987 131 11 15 0.061990965 
815 179 12 14 0.061641738 
1013 117 9 15 0.06158566 
549 132 10 13 0.061008677 
655 134 9 12 0.060590662 
750 150 9 11 0.060281135 
418 325 16 20 0.05996254 
589 133 10 13 0.05978025 
901 118 11 14 0.059565105 
935 142 12 15 0.059031714 
929 168 16 20 0.058972776 
564 104 9 11 0.05881218 
922 156 13 17 0.058687612 
515 339 16 20 0.058179546 
107 36 10 12 0.05812894 
61 61 8 9 0.058073964 
334 95 10 12 0.05806662 
424 168 9 12 0.057353914 
661 142 10 14 0.057220463 
983 400 26 38 0.05707627 
833 102 9 11 0.056955293 
324 226 14 16 0.056383237 
345 156 16 19 0.056079242 
656 140 11 14 0.055753693 
136 185 25 28 0.05468608 
950 340 25 37 0.054560058 
261 127 11 14 0.054462638 
232 68 8 12 0.054377563 
510 181 9 12 0.054326195 
647 131 11 13 0.05414006 
13 126 10 13 0.054138314 
839 157 12 15 0.05409091 
844 156 11 15 0.053739477 
114 30 11 14 0.052763026 
432 80 8 10 0.052615628 
594 106 8 11 0.052571885 
868 255 17 23 0.05251629 
480 171 11 13 0.052239496 
823 155 11 14 0.052207153 
246 72 9 11 0.05182824 
127 131 13 16 0.051636588 
519 139 11 14 0.051461082 
471 111 8 12 0.05125278 
795 122 10 13 0.05077367 
435 93 10 12 0.05051209 
437 112 11 14 0.050438225 
222 120 10 12 0.049730185 
830 148 12 15 0.049722232 
767 188 12 15 0.049496293 
994 86 9 13 0.049304422 
704 120 10 13 0.048816957 
632 104 9 11 0.04870787 
975 142 10 12 0.04850131 
414 119 9 13 0.04845911 
630 164 12 16 0.048009958 
972 221 15 17 0.04798275 
767 182 11 14 0.0476452 
769 151 8 10 0.047601584 
590 127 9 12 0.046960123 
464 157 12 15 0.046947133 
405 224 12 16 0.046657383 
535 193 13 16 0.0466096 
224 59 9 12 0.046201866 
865 235 28 37 0.046171308 
968 314 33 48 0.04606478 
0 155 18 26 0.04590716 
85 97 10 12 0.045862682 
138 386 44 44 0.04575009 
96 133 10 13 0.04565296 
242 218 21 25 0.045629676 
912 147 11 15 0.045406535 
752 272 18 20 0.0453538 
227 128 13 16 0.045257818 
765 165 9 11 0.045239907 
838 134 10 13 0.045173887 
180 402 51 56 0.04505318 
662 130 10 13 0.045046523 
637 122 11 14 0.045011494 
372 124 13 16 0.04495602 
430 62 8 9 0.044697914 
943 133 13 14 0.044541076 
687 126 9 12 0.044430178 
252 137 14 18 0.04429272 
242 30 8 12 0.044048317 
608 99 9 12 0.04369324 
127 176 40 47 0.043645676 
425 148 11 13 0.042887658 
966 141 11 14 0.04257007 
232 163 12 18 0.042449877 
360 181 11 14 0.042135946 
151 48 10 13 0.041848406 
626 121 9 12 0.041712467 
688 130 11 15 0.041255515 
257 184 12 17 0.04123259 
610 95 10 13 0.041107643 
749 188 10 13 0.040943645 
211 189 13 16 0.04067334 
935 154 12 15 0.040587764 
375 105 9 12 0.040338203 
776 112 9 11 0.040309623 
329 172 15 18 0.040254947 
622 147 12 14 0.040254485 
448 109 9 12 0.040086698 
62 156 20 27 0.03983957 
837 101 8 11 0.039524063 
301 182 13 16 0.039506238 
691 106 10 13 0.039505508 
759 312 39 55 0.039423574 
138 161 23 25 0.039182853 
538 216 22 25 0.039119173 
599 130 9 13 0.039118383 
681 119 9 11 0.038897153 
500 374 31 41 0.038837153 
70 162 20 27 0.038631752 
785 134 8 11 0.038606655 
588 137 12 16 0.038486127 
836 112 10 13 0.038352072 
8 147 22 28 0.038351994 
705 151 11 13 0.038321998 
973 134 11 12 0.038174212 
759 190 9 13 0.03810496 
356 110 10 11 0.038046975 
134 178 14 18 0.037799496 
792 216 10 11 0.037490074 
127 263 28 33 0.03741281 
163 131 13 16 0.03727555 
853 111 9 11 0.036816824 
185 64 7 10 0.03652843 
933 102 9 13 0.036476232 
106 162 14 17 0.036410093 
70 51 9 11 0.03637988 
405 96 9 11 0.036050487 
1 193 11 18 0.03597366 
989 118 11 13 0.03597265 
380 156 15 20 0.035933156 
96 127 9 13 0.03592871 
767 172 10 13 0.03591005 
823 150 10 13 0.03571941 
855 117 9 11 0.035600673 
710 178 12 15 0.035564687 
325 232 18 21 0.03546592 
190 65 8 10 0.035402983 
291 168 13 16 0.03519395 
126 163 13 17 0.03503685 
23 96 11 15 0.034973837 
773 150 9 11 0.034673646 
297 94 8 10 0.034570508 
695 179 14 18 0.03449538 
127 170 13 17 0.034267366 
301 95 9 11 0.034204654 
962 398 31 45 0.034201022 
512 128 9 11 0.034191497 
483 167 13 14 0.034123234 
800 165 10 13 0.034051113 
243 172 15 22 0.033921912 
45 152 18 25 0.033904362 
855 126 12 14 0.03384731 
188 414 68 71 0.033724394 
69 135 11 14 0.033664506 
185 69 8 11 0.03365754 
871 116 9 11 0.033505138 
51 157 23 32 0.033484865 
814 141 9 12 0.03340669 
399 113 13 16 0.03339445 
277 176 14 18 0.033373546 
736 95 9 11 0.033264924 
863 118 8 11 0.033045348 
205 402 40 43 0.03303629 
877 174 16 23 0.033025425 
414 147 9 13 0.033000294 
65 146 15 20 0.03296783 
425 426 45 63 0.032908965 
144 48 8 11 0.03290713 
708 118 10 13 0.032840803 
448 78 8 10 0.032564633 
835 149 12 15 0.03246948 
1002 313 16 23 0.032396443 
656 114 9 11 0.0323545 
73 95 10 12 0.032313243 
944 261 24 32 0.03212367 
485 103 10 12 0.03207737 
62 55 9 10 0.031887487 
129 453 68 73 0.031836376 
432 103 17 21 0.031826567 
501 422 131 125 0.031719808 
325 115 12 15 0.031714614 
411 130 11 15 0.031702872 
137 48 9 10 0.031667642 
598 180 11 13 0.03152134 
791 220 12 14 0.03139848 
413 103 8 11 0.031276856 
972 122 11 14 0.031090338 
416 172 10 12 0.03101652 
695 129 12 17 0.031002892 
189 69 8 11 0.030905548 
1005 92 9 11 0.030845692 
126 153 13 18 0.030761216 
896 122 11 13 0.030530661 
949 131 12 14 0.030514112 
535 158 10 12 0.03050534 
975 158 10 12 0.030485734 
969 147 10 13 0.03041967 
851 218 30 34 0.030354287 
215 120 11 13 0.030335063 
455 77 9 11 0.030315394 
170 138 13 16 0.030311774 
425 86 10 13 0.0302475 
867 147 13 17 0.030154899 
933 138 19 24 0.030066961 
246 36 9 11 0.02994943 
33 191 22 27 0.029867144 
258 114 11 14 0.029832285 
506 326 24 26 0.029799454 
144 61 10 12 0.029768838 
782 117 9 12 0.029711174 
793 142 9 12 0.029697113 
263 21 9 11 0.029657805 
705 104 10 13 0.029527415 
537 107 17 21 0.029518696 
921 414 31 37 0.029322613 
157 61 9 10 0.029211307 
72 86 9 11 0.02921063 
34 161 20 29 0.02914853 
315 197 11 14 0.029125998 
315 114 15 19 0.029052531 
766 113 9 10 0.02897156 
391 319 12 17 0.028901499 
525 172 10 12 0.028782185 
971 268 26 34 0.028737893 
453 163 10 13 0.028564164 
14 98 13 18 0.028358385 
231 55 8 10 0.028353391 
112 109 9 13 0.028316977 
710 161 11 14 0.0283113 
909 173 11 16 0.0280786 
414 140 10 14 0.027958142 
438 78 8 11 0.02790763 
463 79 8 10 0.027842596 
638 629 16 19 0.027833363 
147 154 15 19 0.02779422 
309 127 15 18 0.027748816 
236 119 11 13 0.027722036 
672 78 9 12 0.027660633 
666 125 10 13 0.027584398 
927 175 13 18 0.027446738 
230 48 8 10 0.02744592 
96 38 9 10 0.0274076 
593 114 10 13 0.027301786 
116 169 14 19 0.02723089 
1015 109 10 15 0.02721896 
735 315 42 55 0.027111417 
517 68 11 12 0.027095135 
707 138 13 16 0.0270865 
811 253 13 14 0.027055752 
632 147 13 19 0.027046608 
462 85 9 11 0.027001925 
172 95 11 15 0.026799267 
872 111 9 11 0.02677379 
381 110 9 12 0.026698897 
434 157 12 15 0.026682694 
406 138 13 16 0.02666988 
277 162 15 18 0.026595742 
804 166 12 14 0.026583308 
112 239 46 59 0.026440343 
932 149 22 25 0.026364742 
664 166 11 15 0.02624583 
966 180 10 13 0.026210485 
69 41 10 13 0.026128499 
592 179 12 13 0.026053218 
31 50 8 11 0.025928028 
209 276 17 24 0.025698774 
429 180 10 14 0.025553493 
217 40 8 11 0.025402904 
270 164 12 16 0.025400003 
0 308 20 45 0.025397275 
176 116 12 16 0.025372408 
983 146 9 12 0.025328381 
661 113 9 11 0.025304629 
25 40 9 12 0.025279278 
17 93 19 27 0.025230365 
651 352 40 49 0.025149796 
243 60 9 11 0.02511531 
990 308 16 19 0.025079643 
959 136 13 17 0.025074134 
861 124 11 14 0.025035674 
984 125 18 25 0.024966555 
674 108 9 11 0.02492895 
805 141 10 12 0.024846928 
131 161 16 20 0.024833642 
794 149 10 13 0.024657462 
910 125 11 13 0.024617461 
608 152 10 11 0.024614062 
677 85 8 11 0.02444629 
929 94 8 10 0.024423523 
145 54 9 11 0.024362544 
156 47 11 13 0.024310349 
422 135 10 12 0.024309129 
1006 226 14 22 0.024305837 
221 177 14 20 0.024129944 
780 188 9 13 0.024121312 
502 144 14 17 0.024070311 
772 173 10 12 0.024013614 
1005 79 9 11 0.023984626 
265 55 8 11 0.023933882 
858 133 14 18 0.023911962 
980 260 15 18 0.023781667 
175 55 8 10 0.023717958 
496 103 18 22 0.023717675 
383 116 10 13 0.02370054 
234 125 12 15 0.023644352 
106 28 20 25 0.023600591 
71 126 11 14 0.023597613 
359 173 12 15 0.023586398 
118 163 12 16 0.023579037 
789 134 9 12 0.023524553 
518 174 12 13 0.023404801 
937 163 15 18 0.023356393 
792 105 10 12 0.02324802 
819 172 12 16 0.023151184 
293 276 111 125 0.023114393 
504 55 9 11 0.0231138 
81 50 10 12 0.02310817 
103 131 11 15 0.02306224 
130 115 13 15 0.023046032 
967 174 10 14 0.022889327 
456 86 9 11 0.02288536 
36 174 15 21 0.022815911 
357 118 10 12 0.022812206 
726 137 10 12 0.022804337 
446 164 10 13 0.022798259 
774 167 9 11 0.022729618 
177 118 19 22 0.022617523 
131 167 21 25 0.02258375 
964 119 11 14 0.022583295 
232 374 44 65 0.022512715 
317 79 9 12 0.022503031 
269 54 19 23 0.022495948 
6 25 9 12 0.022471236 
643 143 12 15 0.022344459 
495 311 27 31 0.022325838 
351 102 10 13 0.022167986 
296 131 11 15 0.022118952 
969 290 36 48 0.022111442 
264 79 9 11 0.022105755 
573 157 10 12 0.022072062 
205 156 11 15 0.021984708 
996 314 26 36 0.021916883 
614 150 10 13 0.02189704 
824 105 8 11 0.021882946 
284 168 14 18 0.021874193 
595 104 17 23 0.021790143 
252 165 10 14 0.021759102 
640 132 11 15 0.021755708 
13 118 11 14 0.021741057 
79 69 11 14 0.021733085 
712 186 12 15 0.021710187 
395 189 17 20 0.021703755 
699 185 12 17 0.021688571 
677 79 8 11 0.02166396 
183 130 12 16 0.021657981 
1005 268 12 16 0.02157156 
973 261 15 20 0.021526258 
93 157 20 25 0.021509517 
0 184 19 30 0.021482361 
148 47 20 25 0.021468833 
813 166 11 15 0.021458065 
205 187 22 27 0.02145583 
585 127 9 11 0.021440582 
622 154 11 15 0.021423135 
585 165 9 11 0.02137671 
224 95 12 15 0.021335628 
947 152 15 16 0.021318728 
891 152 12 15 0.021305252 
215 68 8 11 0.02126132 
496 141 9 14 0.021245625 
752 169 17 22 0.021221794 
728 411 124 140 0.02117446 
119 102 11 15 0.021169951 
870 124 10 12 0.021120036 
637 104 9 11 0.021086257 
956 163 13 17 0.021074805 
785 140 9 11 0.021045627 
878 153 12 15 0.021032829 
768 113 19 23 0.020997943 
260 136 15 20 0.02095201 
568 159 9 12 0.020905562 
799 136 10 12 0.020894954 
352 118 10 12 0.020889102 
400 125 12 15 0.020856244 
999 120 15 19 0.02083345 
134 26 12 14 0.020826612 
423 78 9 11 0.020809999 
38 130 12 16 0.02080286 
105 44 9 11 0.020790163 
833 97 9 11 0.02073883 
613 91 18 22 0.020718893 
1000 80 11 14 0.020687625 
263 176 19 25 0.020677261 
565 134 12 17 0.020654362 
583 139 11 15 0.020650558 
446 70 9 10 0.020574354 
210 177 15 19 0.020515151 
838 96 9 11 0.020508202 
505 59 10 12 0.020501135 
673 103 9 11 0.020480089 
172 172 12 15 0.02044337 
547 190 12 14 0.02043534 
221 41 9 11 0.020420833 
240 49 8 10 0.02038824 
255 125 10 13 0.020377213 
589 160 10 12 0.020303542 
508 351 27 33 0.02011542 
97 30 8 10 0.020111686 
63 15 8 10 0.020080645 
463 103 9 12 0.020055337 
696 158 9 12 0.020052586 
702 165 10 13 0.020034948 
