2_Demonstration_Demonstration_Or_Protest_2_368
191
736 219 30 37 0.993852 
643 230 17 24 0.97856414 
374 224 17 24 0.95876676 
609 239 22 27 0.9492999 
877 240 22 33 0.93927395 
5 216 15 19 0.91332084 
35 248 16 20 0.90493256 
979 260 23 28 0.8247723 
519 219 15 19 0.75739497 
564 243 14 19 0.72100264 
300 234 16 20 0.66762036 
174 237 13 15 0.527044 
426 228 13 16 0.48061866 
460 238 12 16 0.42105186 
151 236 11 14 0.41983142 
954 276 15 20 0.37178624 
93 229 13 17 0.3295665 
574 222 14 18 0.27928153 
724 235 14 19 0.25239718 
968 256 15 19 0.21543843 
444 283 12 15 0.20842947 
722 225 24 32 0.20547469 
828 206 10 13 0.20440592 
971 255 22 27 0.1897993 
1006 233 17 23 0.17775613 
879 238 14 21 0.16840859 
70 232 10 13 0.16191083 
151 220 11 14 0.15694314 
1008 255 14 20 0.15363462 
98 225 17 20 0.13708079 
156 227 13 18 0.13519867 
207 245 13 15 0.120572165 
962 260 22 28 0.11839527 
950 259 12 17 0.10889141 
455 229 12 16 0.108890295 
403 208 13 17 0.10583767 
950 253 20 28 0.093755946 
53 208 9 12 0.08977841 
874 241 37 47 0.087243974 
890 253 29 34 0.08537495 
828 241 12 13 0.0843862 
853 231 9 11 0.08200524 
804 276 13 14 0.080121726 
86 215 10 14 0.076772 
849 230 9 11 0.07194449 
211 238 13 15 0.07026954 
466 237 14 17 0.07005516 
127 211 12 15 0.06402743 
965 212 26 31 0.06020846 
3 267 14 21 0.060184415 
971 298 23 32 0.058816362 
869 249 16 22 0.05859078 
69 211 12 14 0.058150563 
293 290 12 16 0.05788595 
476 237 12 15 0.05771208 
566 232 20 25 0.05567988 
5 166 9 12 0.05296631 
507 245 15 18 0.049163926 
872 231 9 12 0.04909903 
76 228 11 14 0.04903955 
788 204 16 19 0.048126128 
162 225 15 19 0.047882743 
172 246 16 19 0.047028653 
438 276 21 26 0.046751343 
63 229 11 15 0.046267107 
958 275 22 34 0.046092886 
44 236 15 18 0.045454666 
256 398 10 12 0.04470312 
867 284 13 16 0.04460179 
40 227 13 16 0.043675225 
105 190 11 14 0.042282037 
824 209 11 14 0.042199876 
903 206 10 12 0.041975062 
879 231 10 15 0.04180789 
325 251 12 15 0.04147701 
514 223 23 27 0.04147574 
447 243 11 14 0.03967465 
207 249 17 18 0.039503213 
48 206 11 14 0.039448176 
860 205 12 16 0.039377518 
553 223 9 12 0.038970247 
50 234 14 17 0.037743393 
88 232 14 17 0.03771311 
18 172 8 11 0.036694624 
965 226 31 37 0.036655363 
80 222 10 13 0.03652143 
174 221 10 13 0.036265958 
794 210 12 16 0.03618226 
690 264 15 17 0.035870627 
896 264 27 37 0.03578312 
808 220 12 16 0.035266984 
144 236 13 16 0.0352393 
904 294 26 34 0.03517448 
466 248 16 17 0.03515602 
47 183 9 10 0.035050984 
1 171 9 13 0.034935586 
149 216 19 24 0.034544475 
0 195 10 14 0.03408392 
47 190 9 11 0.03399951 
493 235 13 16 0.033120055 
877 281 14 16 0.03231631 
285 395 25 30 0.03198244 
963 286 25 35 0.03193433 
125 236 12 15 0.031788476 
149 230 18 24 0.03172559 
223 229 11 15 0.031599488 
3 189 11 13 0.03132209 
437 286 15 18 0.031086927 
44 222 13 15 0.030990275 
437 245 11 14 0.03054283 
293 237 18 21 0.030346958 
894 205 11 13 0.030243352 
167 233 14 18 0.030200874 
884 125 17 22 0.0297875 
31 182 9 10 0.029755415 
105 221 15 19 0.029404957 
888 206 10 12 0.029283568 
421 235 23 27 0.029230786 
287 298 11 14 0.029065758 
775 246 11 14 0.028971601 
70 311 10 12 0.028963473 
667 271 16 21 0.028897697 
106 165 10 13 0.02876675 
73 233 13 16 0.028493922 
895 199 10 12 0.028424101 
824 200 18 24 0.028413607 
200 244 13 14 0.028219812 
501 234 13 17 0.02783517 
384 225 15 20 0.027600428 
862 251 14 20 0.027512442 
229 394 14 15 0.027130816 
943 274 24 30 0.026908025 
655 317 14 20 0.026779022 
505 229 22 28 0.026627554 
840 222 10 13 0.026416674 
650 157 25 32 0.02640173 
328 301 10 12 0.02638883 
125 217 13 16 0.026302617 
428 283 13 16 0.026222017 
916 198 10 14 0.025723081 
1001 233 14 19 0.025713272 
836 258 16 21 0.025633676 
567 225 15 18 0.025595047 
802 269 22 25 0.025564976 
575 217 11 12 0.02530786 
477 230 12 15 0.025185933 
845 223 11 14 0.024914091 
142 222 21 26 0.024909556 
156 216 12 14 0.024909485 
214 227 12 15 0.02477769 
549 236 13 16 0.02466897 
342 350 8 11 0.02462888 
836 244 11 13 0.024588292 
460 222 13 16 0.024447085 
147 82 16 19 0.024183162 
288 292 12 14 0.024082646 
475 250 14 17 0.02376027 
873 236 10 14 0.023696309 
114 12 16 19 0.023647115 
373 203 12 14 0.023614913 
64 190 11 13 0.023171633 
47 318 8 11 0.023072718 
874 152 16 19 0.022924067 
53 180 9 12 0.022923106 
823 238 21 27 0.022683008 
130 205 12 14 0.022670757 
108 194 11 14 0.022624942 
435 227 12 16 0.022531532 
398 293 12 15 0.02252677 
68 180 10 12 0.02246033 
827 256 14 22 0.02230305 
222 243 11 14 0.022277964 
301 404 12 14 0.022270927 
287 244 11 15 0.022219125 
531 226 13 16 0.022137338 
83 276 14 16 0.02203322 
625 241 16 20 0.021900788 
901 284 25 30 0.021740489 
467 228 14 18 0.02157328 
467 220 12 16 0.021535652 
596 249 15 20 0.021359837 
491 72 30 36 0.021327216 
856 208 12 16 0.021313805 
119 195 11 15 0.021218752 
55 176 7 9 0.02114769 
963 242 26 32 0.020811515 
1 276 17 24 0.020806096 
292 402 13 16 0.02055502 
556 227 10 14 0.020319391 
470 233 20 24 0.020198489 
16 168 9 11 0.020083768 
