2_Demonstration_Demonstration_Or_Protest_2_438
162
468 547 58 75 0.9986633 
452 266 49 60 0.99819845 
78 579 33 42 0.45653594 
156 478 16 23 0.41752857 
21 526 27 31 0.24556415 
801 598 22 36 0.18933263 
875 497 15 21 0.15972888 
657 482 15 19 0.15638998 
101 513 16 20 0.14439732 
216 478 44 58 0.12370872 
692 497 22 26 0.11196031 
86 520 23 29 0.10889703 
70 467 13 19 0.10618997 
736 483 11 14 0.10040816 
860 470 10 12 0.099960506 
655 475 15 19 0.09146633 
818 510 20 22 0.09025593 
806 486 12 16 0.0842269 
850 525 13 16 0.079701535 
71 461 12 16 0.07885232 
868 505 16 20 0.078158766 
725 531 25 31 0.074415624 
114 443 15 18 0.07208575 
-1 627 49 63 0.06851407 
34 517 22 35 0.06726419 
710 456 15 21 0.0663417 
612 563 23 30 0.0649738 
19 615 49 50 0.063137464 
740 547 15 23 0.062387437 
873 493 13 16 0.06078377 
69 453 23 28 0.060359325 
641 283 377 426 0.059262197 
882 468 14 15 0.058295846 
210 502 29 49 0.058007393 
17 539 32 36 0.057930086 
773 486 11 14 0.05568442 
149 487 16 21 0.05191297 
707 543 23 35 0.05166846 
769 492 11 13 0.04865456 
1005 585 14 22 0.048579935 
280 492 12 15 0.048463274 
698 493 15 18 0.048292108 
815 515 13 19 0.047085214 
226 493 54 63 0.046171907 
74 474 14 17 0.045681223 
860 476 10 12 0.044677068 
649 462 22 28 0.044107787 
212 524 17 26 0.043824863 
35 607 48 48 0.04370738 
73 443 15 17 0.043346163 
56 584 47 53 0.042952478 
780 462 9 11 0.04189891 
846 499 13 16 0.04129529 
288 462 9 11 0.04047165 
125 482 15 19 0.039850723 
786 547 27 32 0.037796907 
719 543 26 32 0.03746267 
782 470 10 12 0.037315916 
317 590 42 62 0.037003987 
996 575 24 33 0.03648357 
800 483 12 17 0.036413457 
163 80 17 21 0.036024816 
956 490 12 16 0.03536923 
77 508 26 31 0.03529266 
770 647 33 35 0.0352893 
793 538 24 31 0.03455451 
890 551 28 34 0.03399739 
821 503 14 17 0.033692624 
885 463 12 13 0.032702617 
93 558 30 39 0.03261912 
804 529 13 19 0.03259691 
711 476 12 16 0.031853758 
13 432 9 12 0.030964788 
66 557 47 58 0.03083902 
877 485 13 16 0.030799353 
932 480 14 18 0.030754933 
865 511 13 17 0.030675361 
166 570 37 45 0.030624518 
752 462 8 10 0.030021781 
105 506 16 21 0.029751325 
676 528 18 22 0.02952035 
96 528 17 21 0.02951472 
39 559 49 52 0.029174874 
390 500 11 14 0.028780146 
816 477 11 13 0.02873198 
817 521 23 28 0.02870786 
250 563 41 46 0.028385295 
746 506 13 17 0.028355757 
89 507 24 30 0.028295489 
48 518 22 33 0.02776626 
701 458 22 28 0.02746548 
342 606 44 64 0.02741374 
129 490 14 18 0.027163334 
899 482 12 15 0.027128307 
989 489 24 31 0.026994707 
124 473 17 21 0.02694583 
796 537 17 18 0.026910191 
741 499 16 21 0.026805146 
974 453 26 30 0.026148818 
817 508 13 17 0.02596967 
125 463 11 14 0.02596066 
343 456 9 10 0.02581461 
58 517 20 31 0.025667628 
777 469 9 12 0.02561131 
240 509 54 68 0.025308965 
66 516 22 29 0.025193723 
60 448 99 112 0.025015634 
882 492 14 18 0.024890983 
806 484 21 26 0.024860194 
522 356 26 32 0.024821026 
902 454 9 10 0.024690544 
809 596 27 37 0.024395997 
83 499 14 17 0.024235722 
794 448 8 10 0.024193488 
667 527 17 21 0.024105882 
295 509 11 14 0.02400148 
293 456 9 11 0.023959918 
203 528 27 36 0.02389844 
799 479 10 13 0.02377298 
665 488 16 19 0.023730846 
788 603 29 37 0.023681726 
594 522 17 22 0.02360636 
615 573 27 41 0.02353992 
39 438 8 12 0.023266515 
880 474 13 16 0.023188101 
635 571 30 44 0.023187272 
839 476 11 14 0.022988332 
116 469 43 55 0.02296133 
138 489 24 31 0.022791164 
824 600 33 36 0.022784231 
687 576 23 37 0.022728967 
318 497 11 15 0.022665787 
846 528 15 21 0.022603903 
880 464 10 12 0.022245087 
958 443 44 54 0.02216798 
778 590 29 35 0.022017166 
658 471 23 29 0.021894185 
605 385 23 30 0.021693833 
621 425 25 30 0.02166943 
25 541 43 51 0.021627568 
892 461 10 12 0.02160826 
124 522 18 18 0.02159862 
830 502 21 27 0.021595571 
604 435 14 18 0.021499688 
927 482 12 17 0.021392355 
173 549 48 60 0.021347255 
701 406 10 15 0.021147719 
667 539 17 20 0.020936567 
122 489 25 29 0.020931557 
507 333 28 38 0.020925548 
884 516 12 16 0.020856464 
886 456 10 11 0.020829633 
960 576 40 51 0.02076843 
832 537 24 29 0.020720348 
917 490 14 20 0.020710928 
732 482 21 27 0.020506334 
736 549 26 32 0.020458063 
811 526 15 22 0.02041126 
282 461 10 12 0.020367106 
677 475 13 17 0.020222563 
413 308 27 31 0.020186022 
840 462 8 9 0.02013671 
