2_Demonstration_Protesters_2_525
1341
660 484 31 40 0.9989367 
994 458 31 36 0.9978077 
416 515 28 37 0.99714017 
880 518 35 44 0.99701774 
554 484 30 40 0.99681646 
760 458 26 32 0.99621946 
578 402 23 29 0.99613273 
484 436 27 33 0.99606377 
848 426 23 29 0.9948856 
849 368 16 19 0.99365634 
763 400 23 30 0.9935935 
765 302 15 20 0.99077153 
297 487 31 36 0.9899725 
232 486 25 28 0.9897956 
468 331 14 17 0.9880518 
325 416 23 27 0.9874857 
389 437 20 27 0.9872695 
203 381 20 28 0.9870003 
999 397 21 28 0.98562384 
480 399 17 21 0.9799652 
920 477 31 37 0.97811323 
595 211 14 18 0.97718984 
337 346 19 23 0.9739247 
712 307 16 20 0.9734614 
501 318 13 16 0.97339195 
317 326 15 18 0.9721562 
657 427 26 31 0.9698683 
592 344 16 20 0.96799064 
310 384 20 25 0.96574605 
809 228 15 19 0.96560884 
54 433 23 30 0.9610889 
718 330 14 19 0.96088535 
919 376 20 24 0.9603501 
453 267 13 16 0.95935535 
781 344 16 18 0.9576442 
615 210 14 18 0.95682484 
455 308 12 16 0.9560128 
715 361 21 26 0.95490885 
250 368 20 26 0.9473896 
61 344 15 17 0.9442777 
362 307 14 17 0.9400001 
884 330 12 16 0.9397179 
2 372 20 27 0.9361399 
951 351 20 23 0.9326998 
79 316 13 16 0.9287968 
527 277 11 14 0.9251149 
145 341 12 16 0.9234543 
671 321 16 20 0.9129178 
500 283 13 15 0.91258836 
835 341 12 16 0.91181445 
639 295 14 18 0.9114681 
1005 238 17 21 0.9086242 
725 206 13 15 0.907317 
990 380 16 19 0.90686625 
248 311 13 15 0.9061388 
685 220 15 19 0.90590453 
862 331 12 16 0.9017664 
783 317 16 19 0.9005041 
845 397 17 22 0.89437425 
79 380 20 23 0.893116 
414 314 12 15 0.8903811 
722 225 14 17 0.88592166 
866 228 12 16 0.88240725 
525 395 17 21 0.8818416 
775 231 14 18 0.8755153 
185 339 12 16 0.8669638 
441 292 11 15 0.8583261 
475 294 12 15 0.85282046 
960 236 10 14 0.834814 
408 205 9 11 0.8339934 
541 287 12 15 0.8215142 
167 288 10 13 0.81657803 
385 280 9 13 0.8078693 
968 249 13 16 0.8044521 
147 450 17 22 0.7673077 
436 355 12 17 0.7521812 
797 364 17 19 0.74228495 
566 279 12 16 0.7346501 
133 285 10 13 0.73403066 
26 414 18 21 0.7324481 
123 300 11 15 0.7245955 
996 223 12 16 0.7099024 
53 298 11 14 0.70824945 
385 348 13 16 0.70607173 
973 218 12 15 0.70467395 
20 296 12 15 0.6968207 
243 293 10 13 0.6840306 
560 208 9 12 0.6779228 
447 210 9 12 0.6501982 
255 347 15 18 0.6469519 
831 364 14 18 0.6405155 
644 217 13 17 0.63756657 
274 358 15 19 0.63357294 
31 319 12 15 0.6225419 
948 433 22 25 0.61617315 
56 410 20 22 0.5948987 
806 435 14 19 0.59158456 
115 358 14 18 0.58832663 
828 218 14 19 0.58151203 
532 335 16 19 0.57812405 
835 255 15 18 0.5723184 
967 544 37 32 0.57105255 
225 312 11 15 0.5635554 
297 310 11 15 0.5621992 
86 409 17 21 0.5414728 
416 274 11 14 0.5336432 
327 276 8 12 0.5306258 
519 237 11 14 0.51846415 
222 284 9 11 0.5180774 
90 464 17 22 0.5177691 
767 217 14 17 0.5153697 
358 275 9 12 0.51417553 
265 287 10 13 0.5134319 
298 314 14 17 0.5036685 
310 284 9 12 0.5028452 
0 346 11 15 0.49896547 
109 354 16 18 0.49775136 
500 215 10 12 0.49521178 
209 353 19 21 0.4938495 
632 228 10 13 0.4923097 
915 237 12 14 0.47656348 
753 204 10 13 0.47060123 
343 264 10 13 0.46706855 
588 268 12 15 0.46478462 
392 213 8 11 0.46388346 
373 292 10 13 0.4607284 
213 298 10 14 0.45617378 
319 294 10 13 0.45586815 
368 328 14 18 0.45167765 
466 373 16 16 0.4492312 
22 335 12 16 0.44919604 
383 523 28 39 0.44844592 
478 212 9 11 0.43855453 
825 181 9 12 0.43822536 
87 511 22 26 0.4205073 
532 555 26 25 0.41817918 
891 236 12 15 0.40811193 
558 329 13 16 0.40531537 
873 373 12 16 0.38224638 
406 407 15 21 0.37875184 
662 372 13 17 0.37776402 
876 406 13 18 0.3713315 
424 216 9 11 0.36710086 
334 303 10 12 0.3664186 
168 256 9 10 0.36149585 
157 279 9 11 0.3600449 
422 333 13 17 0.35523793 
532 310 12 14 0.34864387 
368 267 10 12 0.34734964 
822 402 15 20 0.34393677 
909 324 13 16 0.343363 
618 267 12 17 0.3310946 
415 366 13 16 0.32613888 
926 263 10 12 0.3243225 
941 293 10 12 0.3228714 
75 261 8 11 0.32150903 
375 236 9 10 0.31860226 
99 513 17 22 0.3168156 
524 207 9 12 0.31596115 
726 293 15 17 0.31511062 
636 337 15 17 0.31249866 
578 299 12 14 0.3088624 
156 310 11 14 0.30857348 
274 270 8 12 0.30700484 
262 447 23 32 0.3008169 
112 270 9 11 0.29123706 
471 231 9 11 0.289609 
664 307 13 17 0.28868783 
124 320 11 14 0.28733885 
309 264 9 11 0.28072014 
293 294 9 10 0.27867967 
678 258 15 19 0.26885632 
885 218 12 17 0.2688315 
293 347 14 19 0.26277897 
430 378 14 18 0.25635087 
104 280 8 11 0.25490385 
437 408 15 19 0.2524182 
192 324 11 14 0.25231084 
115 403 16 21 0.25088727 
541 207 9 11 0.2492835 
863 251 10 13 0.24765284 
765 515 21 29 0.24623229 
73 279 9 12 0.24486132 
471 250 12 15 0.24361533 
941 236 11 14 0.23989022 
503 365 12 16 0.23843911 
406 254 10 12 0.23741011 
948 279 11 12 0.23695983 
563 302 11 14 0.23564649 
498 253 14 16 0.23518518 
593 322 13 16 0.23263037 
351 292 10 13 0.23077723 
375 214 8 10 0.22918308 
902 350 12 14 0.22758457 
163 475 16 23 0.22641987 
392 298 11 14 0.22281384 
932 341 10 14 0.22178657 
165 480 23 31 0.22176996 
592 311 12 14 0.22155598 
780 359 15 18 0.22049087 
88 348 11 14 0.21952425 
563 325 12 15 0.21803914 
288 293 8 11 0.21381828 
428 221 9 12 0.2127896 
-1 423 10 20 0.21089284 
39 280 9 11 0.20866215 
574 211 9 12 0.20588958 
432 200 7 9 0.20546725 
370 383 18 20 0.20539024 
966 379 15 19 0.20463839 
278 326 11 14 0.20229554 
487 238 10 12 0.20139699 
534 324 13 16 0.19890879 
252 444 23 31 0.1986165 
258 351 16 20 0.19820479 
876 206 10 13 0.19808136 
428 308 10 13 0.19718814 
191 275 10 12 0.19609982 
438 322 12 17 0.19497578 
442 386 13 16 0.19285195 
348 237 10 12 0.1911326 
30 401 15 21 0.1900638 
111 409 16 21 0.18972939 
550 395 16 21 0.18554111 
240 288 10 12 0.18474261 
169 260 8 11 0.18329214 
613 517 17 22 0.18293297 
383 238 8 11 0.18122235 
97 301 11 14 0.1803548 
520 211 9 11 0.17784151 
470 207 9 11 0.17715032 
826 513 17 21 0.17701258 
74 300 10 14 0.17605521 
117 270 9 11 0.17379755 
565 307 11 14 0.17360967 
301 320 14 18 0.17051984 
621 385 15 20 0.17025612 
471 212 10 12 0.16976358 
503 354 12 15 0.16907734 
36 393 19 23 0.16889583 
984 292 11 14 0.16741447 
465 388 16 18 0.16712473 
894 190 11 14 0.16680647 
631 254 10 13 0.16424482 
452 208 8 11 0.16180855 
986 277 12 15 0.16168448 
335 317 12 16 0.16048507 
156 303 10 11 0.15950362 
936 237 10 14 0.15936917 
350 233 8 10 0.15846103 
157 358 9 12 0.15770985 
645 224 15 20 0.15745835 
422 310 12 15 0.1569857 
698 250 14 18 0.15638056 
573 318 12 16 0.1557459 
285 431 13 18 0.15515755 
416 284 10 13 0.15402459 
110 278 9 11 0.15264739 
144 268 9 13 0.15222374 
437 273 11 14 0.1518537 
890 183 9 11 0.15132038 
718 260 15 19 0.14856495 
175 311 11 14 0.14849402 
343 309 10 13 0.14722534 
477 231 8 10 0.14676473 
886 229 13 16 0.14663693 
919 400 14 19 0.14521079 
429 206 9 11 0.14453413 
770 277 16 18 0.14376004 
301 352 14 20 0.14365034 
741 264 13 17 0.143268 
526 337 14 17 0.1408974 
901 425 17 21 0.14033438 
73 296 9 12 0.13949232 
611 367 15 19 0.13842104 
436 381 14 16 0.13799968 
811 449 21 28 0.1357524 
394 531 18 23 0.13573238 
464 232 9 12 0.1355958 
631 369 15 18 0.13547243 
271 452 24 30 0.13457474 
147 370 18 20 0.13301837 
141 397 15 19 0.13272965 
969 372 14 18 0.13212784 
772 531 26 37 0.13207942 
788 219 12 15 0.13181153 
380 555 15 19 0.13097207 
124 449 17 19 0.13058476 
564 206 10 13 0.12987843 
267 311 11 13 0.12970227 
31 269 8 10 0.1293752 
420 272 10 12 0.1290674 
932 347 10 15 0.12877831 
130 435 17 19 0.12422009 
934 220 10 14 0.123580985 
517 338 11 15 0.1232625 
407 228 9 12 0.12282746 
63 546 15 20 0.1226257 
141 357 13 17 0.12244259 
287 332 11 15 0.12208511 
466 212 8 11 0.121978514 
342 303 10 12 0.12110982 
836 245 14 18 0.12024304 
551 388 14 17 0.11844867 
197 329 11 15 0.117638886 
693 412 19 27 0.11687568 
334 254 9 11 0.11660232 
357 406 16 21 0.11610516 
540 456 23 28 0.114724874 
390 270 10 12 0.11470051 
953 255 10 14 0.11461104 
209 262 9 11 0.113861606 
888 420 18 21 0.11245053 
321 272 8 11 0.112134315 
797 279 12 16 0.112089545 
96 294 10 11 0.11174844 
356 284 11 14 0.111060575 
889 188 10 13 0.110903166 
877 212 13 15 0.11074254 
158 330 11 14 0.11028254 
286 205 8 9 0.11018894 
127 474 14 18 0.11016281 
367 205 8 11 0.110119976 
889 430 23 29 0.10976004 
943 215 10 13 0.10940001 
533 223 10 13 0.10932014 
334 307 12 14 0.10917416 
249 207 7 9 0.108784296 
264 256 9 11 0.10835877 
96 306 11 15 0.10710402 
76 283 9 11 0.10695884 
493 335 12 14 0.10632242 
883 442 23 27 0.1054996 
111 264 9 11 0.104673535 
313 292 10 13 0.10353349 
172 286 10 13 0.10342789 
497 278 12 16 0.10278351 
103 322 12 14 0.102581784 
437 246 10 12 0.10073724 
5 309 10 12 0.09977845 
458 491 17 23 0.09967713 
886 252 12 15 0.09850858 
254 207 7 9 0.098484546 
6 457 15 21 0.0984084 
270 263 8 10 0.09754699 
304 330 12 16 0.09739576 
272 276 9 11 0.097183645 
970 330 13 17 0.09614971 
192 261 8 10 0.09568733 
192 309 9 12 0.09563777 
652 353 14 18 0.09417235 
543 371 14 18 0.093694925 
97 286 10 11 0.09367262 
296 272 8 10 0.093348615 
278 431 22 29 0.09235542 
941 328 13 18 0.09230222 
8 324 9 12 0.09227877 
327 301 9 12 0.09212966 
153 315 10 14 0.09187092 
503 230 9 12 0.09169163 
277 275 9 11 0.091647565 
846 226 13 16 0.091331795 
269 256 9 10 0.091130085 
605 181 8 11 0.09104281 
904 343 11 14 0.09101162 
245 300 12 15 0.0909974 
187 333 13 17 0.09085537 
799 211 11 15 0.09080227 
677 246 12 15 0.090783045 
129 459 15 17 0.090682134 
300 340 12 16 0.090665266 
870 283 12 16 0.090363026 
910 251 13 15 0.090200335 
969 214 12 14 0.09000401 
801 358 16 19 0.089658685 
345 214 6 8 0.089312434 
911 242 13 16 0.08883867 
453 329 11 16 0.08875559 
573 307 13 14 0.088635966 
153 301 9 11 0.08862452 
348 310 10 13 0.08802906 
887 243 12 14 0.08801602 
43 380 14 17 0.08752255 
472 326 14 17 0.087343164 
485 472 15 21 0.08730738 
288 337 13 17 0.08729483 
17 545 26 30 0.08639003 
790 203 14 16 0.08622913 
816 371 12 18 0.08599931 
329 255 9 11 0.08598346 
151 411 15 20 0.0857412 
303 269 9 11 0.0855735 
372 265 10 13 0.08498955 
944 286 10 13 0.084792964 
371 508 30 39 0.0847762 
209 295 11 13 0.08417237 
897 354 12 15 0.08367307 
392 245 8 10 0.0835844 
669 207 10 14 0.083493665 
933 229 10 12 0.083387055 
185 207 7 10 0.083193615 
463 285 12 15 0.08280514 
156 417 14 17 0.081714995 
804 210 10 13 0.081412785 
125 296 11 14 0.08133733 
259 341 14 17 0.081246056 
305 222 6 9 0.081177115 
231 255 7 10 0.0810554 
35 330 12 15 0.080992594 
369 286 9 13 0.080721244 
544 261 10 14 0.08035591 
58 264 6 8 0.08031886 
622 407 19 26 0.08006458 
806 440 20 24 0.08004796 
715 559 16 18 0.0795804 
189 239 8 10 0.07946778 
463 377 14 16 0.07878716 
30 495 14 20 0.078541815 
256 272 7 9 0.07837975 
229 353 13 17 0.07806513 
565 317 14 17 0.07802514 
373 499 23 26 0.0778642 
805 476 15 20 0.07784649 
168 268 9 11 0.07769158 
725 239 14 18 0.07768205 
635 227 13 17 0.07766972 
865 327 13 15 0.0776234 
995 542 25 34 0.07733958 
1 308 9 12 0.077196896 
397 215 8 9 0.077149846 
149 270 8 11 0.07698838 
349 263 9 11 0.07667129 
304 254 7 10 0.076127574 
148 360 15 17 0.07594009 
597 252 12 13 0.0746819 
340 316 12 14 0.07465885 
80 518 23 28 0.074372254 
303 248 7 9 0.07422178 
148 402 14 17 0.07401938 
31 371 12 17 0.073212095 
872 209 12 15 0.07310851 
441 206 9 12 0.07310531 
590 183 9 11 0.07248259 
264 332 12 15 0.07225812 
585 182 7 10 0.07206808 
445 326 12 16 0.071884096 
497 221 9 11 0.07185945 
362 207 7 10 0.07179629 
288 271 8 10 0.07154976 
422 244 8 11 0.071544275 
459 423 16 23 0.07139195 
748 234 11 14 0.071301 
171 355 13 15 0.07108201 
33 279 8 11 0.07105547 
342 392 16 19 0.07091767 
50 296 10 12 0.07059779 
440 239 9 11 0.0705966 
73 257 9 11 0.06995991 
743 354 15 20 0.06977493 
431 360 14 18 0.069486134 
417 245 9 11 0.06933546 
100 451 15 19 0.069186896 
180 309 10 14 0.06909065 
138 443 21 25 0.06905006 
634 377 16 19 0.068998225 
421 285 10 13 0.06895256 
682 251 13 17 0.068924956 
390 239 8 10 0.068711974 
304 278 9 12 0.06870096 
528 315 12 15 0.06827 
351 270 10 12 0.068244606 
527 200 8 10 0.0681832 
6 280 8 10 0.06802237 
796 373 16 19 0.06797073 
207 362 15 19 0.067956686 
111 325 10 12 0.067920476 
142 322 11 14 0.067640215 
942 434 18 21 0.06668389 
969 255 16 19 0.066675946 
549 267 12 14 0.0665782 
984 284 13 15 0.06594091 
580 306 13 16 0.06560475 
392 254 9 11 0.06558173 
329 240 8 10 0.06530295 
963 232 11 13 0.06519888 
708 199 10 13 0.06518542 
32 264 8 10 0.06514802 
893 255 10 13 0.06500844 
887 390 11 14 0.064973935 
945 271 9 11 0.06491429 
66 236 8 11 0.06491191 
754 379 20 23 0.064875 
152 212 7 10 0.06450048 
360 214 8 10 0.06406771 
121 297 10 13 0.06389879 
6 304 10 12 0.06380776 
486 268 10 14 0.063542165 
159 284 10 13 0.063202254 
504 237 9 11 0.06300829 
934 334 11 15 0.06299741 
949 214 9 13 0.0629452 
794 401 15 18 0.06253278 
385 208 8 9 0.062427 
117 458 12 18 0.062400706 
881 404 15 18 0.06233862 
400 221 9 12 0.062066693 
231 339 12 15 0.061850253 
636 273 14 17 0.06184195 
429 253 12 15 0.061812118 
433 246 9 10 0.06177288 
110 340 13 15 0.06176276 
47 340 11 16 0.061706282 
543 181 9 11 0.06163279 
28 331 12 17 0.06162715 
574 339 12 16 0.061330747 
222 302 8 12 0.061301533 
247 455 24 32 0.0612363 
479 236 9 12 0.061122037 
537 211 9 11 0.061012078 
967 265 13 15 0.060907915 
549 378 14 18 0.060757812 
163 469 15 18 0.060472652 
909 278 10 12 0.0599355 
20 356 13 17 0.059693113 
396 307 12 15 0.059655342 
441 392 16 19 0.059504256 
487 379 13 15 0.059478432 
423 240 9 11 0.05918646 
892 317 12 15 0.05889308 
151 254 8 10 0.058776453 
328 209 7 9 0.058711078 
755 521 24 28 0.058257014 
423 303 11 13 0.058222085 
456 247 8 11 0.058118645 
525 250 14 16 0.058053087 
957 252 11 15 0.057870727 
294 288 9 11 0.057843916 
936 215 10 12 0.05783522 
271 246 8 9 0.057634052 
283 206 7 9 0.057492375 
596 491 20 25 0.057490665 
911 231 12 15 0.057482928 
3 367 16 20 0.057415888 
461 276 10 12 0.057401467 
610 450 17 21 0.057367362 
527 222 11 13 0.057264 
573 222 9 11 0.05711604 
885 396 13 17 0.057065856 
383 199 8 10 0.056970354 
699 352 16 22 0.05691068 
569 222 8 11 0.05684659 
95 457 19 25 0.05681096 
898 361 15 18 0.05667644 
382 232 8 11 0.05658137 
866 246 11 14 0.056393232 
787 377 15 19 0.05635188 
264 207 7 8 0.056081995 
503 209 8 11 0.05599525 
487 207 9 10 0.055897884 
921 261 10 13 0.055755544 
396 364 14 18 0.055523805 
558 319 12 16 0.05551024 
556 268 11 14 0.05550771 
195 407 16 20 0.05507376 
600 182 10 11 0.05493878 
507 391 14 20 0.054922905 
742 218 12 16 0.05482891 
370 232 8 10 0.054727677 
921 267 10 13 0.05470547 
320 225 7 9 0.054698482 
281 293 9 11 0.054498598 
6 286 9 11 0.054332934 
883 364 14 18 0.05416424 
26 337 13 17 0.054152306 
398 316 11 15 0.05412818 
156 387 15 19 0.05378848 
69 381 14 18 0.05370028 
377 543 26 29 0.053660262 
272 324 11 15 0.05357627 
762 372 16 19 0.053448234 
110 424 15 20 0.05344164 
431 271 11 15 0.053236023 
905 330 12 16 0.05297986 
392 263 10 12 0.052949067 
743 228 13 18 0.052900106 
442 354 12 17 0.052833296 
719 297 19 22 0.052822158 
761 524 29 39 0.052773718 
427 200 7 9 0.05277307 
501 246 10 13 0.05246174 
516 499 25 28 0.052377094 
560 276 12 16 0.052347258 
446 252 9 13 0.052331742 
437 200 8 9 0.05230202 
998 235 15 20 0.05225194 
710 354 20 26 0.05220457 
728 209 14 17 0.052171905 
948 272 10 12 0.05205834 
523 243 13 15 0.051984027 
336 247 7 10 0.051867034 
97 279 10 12 0.051548526 
24 287 9 12 0.051292673 
397 271 9 11 0.05120715 
960 549 25 29 0.051070347 
78 268 9 10 0.051055845 
370 238 8 10 0.050821632 
166 208 7 9 0.050640974 
250 238 8 10 0.050380796 
32 312 9 12 0.050260372 
838 238 12 15 0.04999367 
103 350 14 17 0.049948767 
787 362 16 18 0.04970506 
365 277 9 11 0.04955696 
430 403 16 19 0.049420916 
424 255 10 12 0.049292434 
278 231 7 9 0.04928428 
207 319 10 13 0.04905732 
877 199 9 12 0.048886638 
975 237 11 14 0.048869632 
345 294 10 12 0.048822004 
236 339 13 17 0.04871032 
672 242 12 16 0.04840514 
736 266 12 15 0.048073146 
595 268 11 14 0.048015874 
337 261 10 14 0.047969885 
950 219 10 13 0.04787218 
468 287 12 16 0.047273654 
512 208 9 12 0.04719584 
218 286 8 11 0.047160123 
815 224 18 23 0.04712785 
631 343 14 17 0.04689379 
384 215 8 10 0.046890803 
559 246 11 13 0.04682814 
479 268 10 13 0.046818733 
197 309 10 12 0.04665637 
824 214 13 16 0.046643287 
208 269 8 11 0.04658911 
377 220 8 10 0.04655007 
48 271 7 8 0.046452623 
703 203 12 16 0.046319813 
888 308 10 13 0.046269845 
1 340 14 17 0.04623802 
83 311 13 16 0.046237566 
649 232 16 18 0.04619409 
543 255 10 12 0.04606922 
525 228 11 13 0.045965727 
784 214 11 15 0.04591454 
566 182 9 11 0.04584658 
335 240 7 9 0.04582726 
668 364 13 17 0.04569713 
372 369 17 19 0.0455111 
902 271 9 11 0.045509614 
8 292 9 11 0.04529561 
257 254 9 11 0.045268897 
304 475 31 38 0.045236327 
229 303 10 12 0.04522471 
711 220 10 14 0.045078114 
747 361 14 19 0.04507602 
488 199 8 10 0.044945844 
815 402 14 21 0.044884216 
959 213 10 12 0.04487033 
423 328 11 14 0.044846453 
904 277 10 12 0.044813957 
550 252 11 13 0.04480121 
214 270 8 10 0.044636752 
96 404 21 27 0.04454005 
183 427 14 16 0.04449539 
927 236 10 14 0.04447439 
437 416 22 26 0.044410203 
345 208 7 10 0.044349916 
74 309 11 14 0.04424147 
594 332 14 17 0.04422966 
585 265 10 12 0.044185214 
256 434 18 24 0.044102494 
827 414 17 21 0.044054497 
438 252 11 13 0.043936133 
439 230 9 10 0.043702736 
830 245 13 15 0.0436852 
863 355 11 15 0.04344111 
164 332 10 13 0.04343586 
533 344 14 17 0.043225348 
879 337 11 14 0.04317464 
856 244 11 15 0.043056108 
123 396 15 20 0.043008395 
464 200 8 10 0.042961255 
900 377 15 17 0.04295318 
430 315 12 15 0.04291113 
274 231 7 9 0.042703282 
680 266 13 16 0.042619955 
283 325 12 18 0.04238164 
911 271 9 11 0.042178098 
495 323 12 14 0.04212024 
244 322 14 17 0.042042747 
226 230 7 9 0.041851122 
932 431 17 22 0.041584793 
1001 228 16 18 0.041576527 
852 222 12 17 0.041537136 
477 247 9 11 0.04146401 
919 291 9 12 0.041422457 
15 351 11 14 0.041364335 
519 292 11 13 0.04130343 
488 222 10 11 0.041297957 
207 208 8 10 0.041247033 
343 244 10 11 0.041243177 
206 368 23 28 0.04116517 
63 271 8 10 0.041150704 
360 200 7 10 0.041129243 
151 296 9 12 0.04110337 
952 415 24 27 0.041014384 
311 325 13 16 0.040979896 
191 284 10 13 0.04094954 
699 487 18 22 0.040924665 
1006 214 11 12 0.040773284 
929 222 10 14 0.040697046 
306 215 6 8 0.04058007 
105 217 7 9 0.04057527 
537 286 10 13 0.0404756 
249 232 8 10 0.040360566 
196 319 11 13 0.04035591 
68 373 13 15 0.040265813 
165 370 13 16 0.04020641 
453 424 16 23 0.040153358 
950 395 16 19 0.040119905 
1001 221 14 16 0.040062245 
892 310 11 13 0.03997135 
329 246 8 10 0.039873373 
374 208 8 10 0.03979865 
533 392 18 24 0.039787907 
813 277 11 13 0.039765827 
423 375 14 19 0.039756432 
261 431 23 30 0.0396172 
30 284 9 11 0.03950929 
404 396 15 19 0.039428126 
47 285 8 10 0.039415885 
495 230 9 11 0.039362855 
185 271 8 10 0.039325316 
272 239 8 10 0.039312776 
134 395 13 19 0.039291643 
453 378 12 16 0.039104946 
154 404 14 17 0.03909374 
581 386 14 18 0.03895263 
928 214 10 12 0.038948968 
407 247 9 11 0.038773768 
523 276 10 13 0.038755253 
4 334 12 15 0.03863878 
843 508 23 28 0.038475778 
524 272 18 22 0.038457096 
30 430 15 20 0.03840692 
558 261 12 14 0.03839803 
281 288 8 11 0.03839347 
189 207 8 9 0.03829504 
632 296 14 18 0.038258918 
347 301 11 13 0.03824491 
795 219 13 16 0.03820653 
876 447 17 22 0.03809028 
415 291 10 12 0.03801307 
220 339 13 16 0.03800907 
646 347 14 19 0.037981123 
551 318 12 15 0.037940297 
603 211 13 17 0.03792777 
351 256 9 11 0.037864935 
79 514 15 20 0.037798543 
372 334 14 19 0.037609812 
957 408 17 20 0.0375948 
512 242 11 14 0.03754226 
867 306 13 15 0.037438836 
895 290 12 15 0.03743751 
907 466 15 20 0.037280943 
881 225 10 15 0.037253987 
788 449 16 20 0.037241686 
360 239 7 10 0.037180714 
57 269 7 10 0.037140537 
238 330 13 16 0.036966287 
880 250 12 15 0.036944028 
106 261 8 11 0.036920626 
340 323 11 14 0.036906492 
446 247 9 12 0.036883257 
66 278 8 10 0.036793336 
643 274 16 18 0.03665914 
662 403 15 17 0.03654467 
152 324 10 13 0.036459092 
477 222 9 12 0.03639855 
630 269 12 16 0.036372416 
733 554 19 21 0.036315303 
373 419 15 20 0.03631017 
560 236 10 12 0.036147684 
444 425 17 23 0.036133017 
111 334 12 14 0.03612478 
183 354 13 16 0.03605347 
61 294 10 13 0.036030572 
110 256 9 10 0.035988253 
780 367 16 21 0.035956502 
295 320 13 18 0.035752464 
374 244 9 11 0.03574599 
713 266 11 15 0.035675056 
28 458 12 16 0.03563548 
519 223 9 12 0.035547502 
527 323 12 15 0.03553633 
165 283 17 22 0.035517827 
889 195 10 12 0.035507716 
35 554 16 20 0.03547633 
144 377 14 17 0.0354261 
69 531 25 28 0.035390973 
287 224 8 9 0.03537874 
795 199 11 13 0.035281036 
107 517 20 28 0.03523256 
686 299 14 17 0.035222135 
489 332 11 14 0.03519086 
837 225 12 17 0.03514051 
799 339 12 16 0.035140235 
191 304 9 12 0.035128146 
901 192 9 11 0.03509592 
662 210 14 18 0.03492997 
408 237 9 11 0.034907255 
455 200 8 9 0.03484918 
385 243 8 11 0.034826316 
288 230 7 10 0.034765486 
359 261 8 11 0.034757733 
841 252 14 18 0.03471489 
405 517 26 35 0.034711372 
791 410 15 20 0.03469249 
271 207 7 9 0.034651555 
1011 214 11 13 0.034529362 
175 324 11 14 0.034464393 
526 290 10 13 0.034442566 
950 448 27 31 0.03437841 
620 364 14 17 0.034364864 
105 256 8 11 0.034338064 
43 556 14 19 0.03430371 
875 382 15 18 0.03429409 
444 212 8 10 0.034261066 
453 338 12 15 0.03421364 
994 336 16 21 0.034193352 
677 361 14 18 0.034175217 
116 339 11 14 0.034103174 
615 384 14 20 0.034059346 
483 549 18 23 0.034052666 
504 192 7 9 0.03392287 
509 311 12 14 0.033907067 
648 190 8 11 0.03389186 
469 318 13 16 0.033886485 
567 229 9 11 0.03383765 
829 236 12 15 0.03380534 
889 412 15 19 0.03373183 
264 280 8 10 0.033730477 
756 392 23 29 0.03371604 
533 302 13 15 0.033708587 
862 351 10 12 0.033580445 
273 224 7 8 0.03355472 
622 252 11 15 0.033417497 
493 237 10 13 0.03338982 
13 323 12 15 0.033362065 
651 219 14 17 0.033354163 
904 252 10 13 0.033338513 
262 325 13 16 0.033335607 
960 554 15 19 0.03331254 
351 223 8 9 0.033296112 
885 208 10 12 0.03324559 
821 235 13 16 0.03322217 
705 344 16 21 0.033184774 
405 200 18 23 0.033153668 
367 201 7 10 0.03310536 
164 433 14 16 0.033077713 
369 245 8 11 0.032953665 
154 378 15 18 0.0328385 
259 365 20 26 0.032757226 
910 294 9 12 0.032680783 
46 280 7 10 0.032579374 
445 228 9 12 0.032560203 
417 332 13 15 0.032534976 
659 219 14 17 0.03252603 
41 405 20 27 0.032487545 
770 222 17 22 0.03245898 
28 300 10 13 0.032457784 
16 333 13 16 0.03243008 
549 365 13 18 0.032365877 
55 341 13 17 0.03234785 
201 214 8 9 0.032238826 
54 287 9 10 0.032234102 
37 338 13 18 0.032191418 
794 266 15 18 0.0321105 
690 213 13 16 0.03207954 
414 494 23 26 0.03196635 
240 280 9 11 0.03192557 
952 299 10 13 0.03190446 
650 284 14 17 0.031902183 
562 182 8 10 0.03190189 
255 276 9 11 0.031870373 
422 292 10 13 0.031723294 
278 318 12 16 0.031685136 
598 261 12 14 0.031577688 
956 221 12 14 0.031562246 
465 420 16 20 0.031486686 
473 223 8 11 0.031480923 
23 280 8 10 0.031471044 
64 287 9 11 0.031467795 
77 257 9 12 0.03146619 
566 212 9 11 0.031384017 
401 207 8 10 0.031383485 
148 335 12 15 0.031362623 
338 199 6 8 0.03129738 
461 491 27 35 0.0312804 
319 230 7 9 0.031245366 
160 221 8 10 0.031217393 
880 356 12 15 0.031217223 
139 286 10 13 0.031157698 
507 348 13 16 0.031117136 
242 207 7 9 0.031105295 
215 359 17 21 0.031075059 
387 418 16 19 0.030954473 
97 232 7 9 0.030949254 
220 294 10 13 0.030943822 
152 236 8 11 0.030915815 
903 245 10 13 0.030900477 
159 215 8 10 0.030825205 
186 419 20 25 0.030822806 
305 210 7 8 0.030751664 
138 270 10 11 0.030724816 
647 548 27 25 0.030678106 
712 336 18 22 0.030624155 
374 297 11 14 0.030556897 
812 365 13 17 0.03033871 
904 215 10 13 0.03029901 
376 377 18 22 0.030296754 
254 233 7 9 0.030262176 
300 304 11 13 0.030257385 
758 211 12 16 0.030247636 
263 270 8 10 0.030209515 
584 272 12 15 0.030165864 
644 323 12 14 0.030156547 
958 232 17 23 0.030133307 
53 304 12 15 0.030036936 
130 478 16 19 0.03001001 
910 284 10 12 0.02996324 
34 371 19 24 0.029914549 
294 432 23 30 0.029863635 
349 400 19 23 0.029854959 
622 245 10 14 0.02975667 
607 199 10 12 0.02974307 
64 255 8 10 0.029728305 
81 221 8 10 0.029703977 
782 205 11 14 0.029703517 
281 301 9 12 0.02968986 
102 341 13 15 0.029686851 
820 277 10 13 0.029620279 
295 303 11 14 0.029614124 
855 349 10 13 0.02960874 
161 421 15 17 0.029587423 
199 302 10 13 0.029571101 
488 327 10 13 0.029461283 
431 351 13 16 0.029394249 
217 347 17 20 0.029291948 
225 239 7 10 0.029212685 
129 279 9 12 0.029180286 
1014 190 8 12 0.029168082 
3 355 15 18 0.029154353 
356 347 12 16 0.029120548 
545 290 13 16 0.029105373 
792 447 22 26 0.029092757 
53 404 16 21 0.029065438 
148 263 10 12 0.029013712 
722 250 15 18 0.029006558 
365 502 23 31 0.028902046 
182 286 8 11 0.028894886 
166 350 12 15 0.028793052 
208 288 9 11 0.028752252 
471 258 12 14 0.02873156 
108 457 15 20 0.028728068 
118 544 14 19 0.028689876 
383 275 16 21 0.028631918 
855 534 25 30 0.028606998 
117 332 12 16 0.02860107 
65 232 8 10 0.028599929 
774 353 16 21 0.028568186 
750 384 15 20 0.028469136 
362 388 21 26 0.028462762 
448 201 8 10 0.028462088 
825 489 16 19 0.028458344 
62 263 7 9 0.028427837 
440 223 9 10 0.028396856 
653 360 16 20 0.028365191 
513 199 7 9 0.028355729 
851 360 13 16 0.02829684 
583 176 8 10 0.028291414 
63 385 14 18 0.028268848 
153 284 9 12 0.028262027 
516 386 14 21 0.028224193 
533 253 10 14 0.02821666 
459 303 12 15 0.028172916 
751 198 18 23 0.028163666 
148 386 17 20 0.02810809 
115 412 20 26 0.028099403 
1 284 9 13 0.02805663 
102 239 8 9 0.028037464 
757 361 14 19 0.028032836 
564 260 11 13 0.02801559 
416 215 8 10 0.028013362 
880 349 10 14 0.027984036 
655 377 15 19 0.027975919 
409 310 13 16 0.027938725 
526 345 13 17 0.027849736 
160 208 7 9 0.027820814 
140 511 15 20 0.027789645 
999 217 10 13 0.02776925 
382 294 10 13 0.027768698 
496 207 9 11 0.027762977 
447 221 9 11 0.0277628 
286 301 10 13 0.027734905 
764 438 18 22 0.027729621 
487 232 9 10 0.027720155 
368 401 23 27 0.027689135 
430 229 9 11 0.02767295 
539 346 14 17 0.027631238 
81 216 7 8 0.02758625 
125 329 13 16 0.027586045 
37 312 11 13 0.02757349 
239 270 9 10 0.027521918 
404 368 13 19 0.027511792 
304 238 7 9 0.027504914 
121 475 12 17 0.027480457 
558 203 17 22 0.027439533 
720 211 13 16 0.027429953 
267 339 13 16 0.027424851 
542 279 12 15 0.027421853 
478 261 11 14 0.027415317 
899 386 16 20 0.02739965 
6 262 8 10 0.02737263 
416 338 12 16 0.027366638 
108 398 16 21 0.027282208 
183 303 9 11 0.027275376 
43 387 21 25 0.027257947 
327 284 9 12 0.027241817 
897 279 9 12 0.027235072 
1001 290 11 14 0.027234528 
105 496 16 21 0.027207244 
693 254 15 18 0.027125606 
917 221 11 14 0.027123393 
666 378 13 17 0.027120529 
262 282 17 22 0.027033146 
413 253 11 13 0.02701131 
472 270 10 12 0.026980381 
151 248 8 10 0.026975926 
173 261 8 11 0.026944302 
2 279 8 11 0.026891408 
379 363 15 19 0.026866876 
266 247 8 10 0.026843224 
495 199 8 9 0.026765138 
63 325 11 13 0.026755955 
361 245 7 10 0.02671507 
876 260 12 15 0.026713533 
92 341 13 16 0.026618121 
367 255 9 11 0.02660998 
502 299 11 13 0.026536636 
319 289 10 11 0.02650081 
948 292 11 15 0.026498511 
549 274 13 16 0.026466276 
59 300 10 14 0.02645203 
413 321 14 16 0.026436452 
352 215 6 9 0.026413972 
636 487 21 27 0.026399193 
481 199 7 9 0.026394047 
804 281 13 16 0.026365817 
251 323 13 16 0.026339667 
477 317 13 15 0.026327776 
639 284 19 22 0.026249632 
79 414 16 22 0.026248692 
226 255 7 10 0.026217876 
458 230 8 12 0.02620351 
444 299 12 14 0.026193857 
210 237 7 10 0.026121 
872 261 10 12 0.026044194 
203 505 25 31 0.026030503 
834 215 11 15 0.02599814 
580 316 12 16 0.025976555 
373 470 26 30 0.025974724 
333 286 9 11 0.02595957 
977 213 14 17 0.025938615 
379 333 13 18 0.02591288 
409 285 10 13 0.025874125 
247 279 9 11 0.025784073 
230 239 8 10 0.02578169 
494 298 12 14 0.025743242 
397 394 14 18 0.025667652 
301 383 18 24 0.025638605 
60 334 14 16 0.025603041 
535 200 7 10 0.025579792 
815 349 11 14 0.025567777 
234 346 14 18 0.025510252 
871 367 12 16 0.025499985 
845 474 22 27 0.025487201 
631 332 15 17 0.02544323 
626 390 16 21 0.025438549 
805 455 16 22 0.025420178 
214 342 13 16 0.025414184 
949 409 16 19 0.025406579 
24 271 8 10 0.025392639 
184 277 9 11 0.025371676 
123 422 20 25 0.025345374 
412 469 19 23 0.025338646 
279 225 7 8 0.02530273 
416 240 9 11 0.025262948 
748 210 12 16 0.025227355 
895 206 9 11 0.02517704 
584 214 10 12 0.025172908 
891 389 14 16 0.025168322 
564 253 11 13 0.025136404 
517 317 11 14 0.02511217 
369 315 13 17 0.025076088 
312 224 6 8 0.025075374 
823 494 24 30 0.025052669 
223 272 8 10 0.025004987 
1004 297 16 20 0.024999287 
478 498 14 17 0.02496125 
550 476 26 32 0.024931464 
694 474 15 18 0.024929948 
398 240 8 10 0.024926998 
937 232 18 22 0.024885047 
133 333 12 15 0.024847887 
866 412 22 24 0.02482876 
76 527 17 21 0.024819583 
106 439 15 20 0.024771396 
338 562 16 16 0.024727723 
678 380 14 18 0.024708169 
310 256 8 10 0.02466696 
676 369 15 18 0.024642492 
462 246 9 12 0.024616145 
374 488 18 21 0.024614165 
408 276 11 12 0.02461349 
418 356 18 23 0.024612458 
642 333 12 16 0.024607982 
151 231 9 12 0.024593731 
13 417 13 18 0.024574574 
313 174 9 11 0.024471564 
167 309 10 14 0.02443102 
214 257 8 10 0.024396734 
191 430 22 26 0.024378138 
178 198 7 9 0.024365457 
638 324 14 17 0.02433319 
307 318 12 15 0.024325946 
209 230 8 10 0.024310065 
296 239 6 8 0.024305299 
823 356 12 15 0.024176361 
975 209 10 14 0.02414512 
926 172 8 10 0.024106726 
495 310 11 14 0.024058815 
224 321 11 15 0.024043033 
776 217 18 22 0.024034608 
279 308 11 15 0.023999356 
656 174 10 12 0.02397945 
655 261 11 14 0.023959823 
163 450 14 18 0.023949508 
884 400 22 24 0.02389825 
939 335 15 20 0.023885572 
918 198 8 10 0.02387178 
790 260 13 17 0.023855036 
133 322 11 16 0.023846058 
239 263 7 9 0.023836572 
424 192 7 9 0.023820749 
431 239 8 11 0.023816273 
287 308 11 16 0.023756905 
405 386 14 18 0.023755131 
503 492 24 27 0.023731802 
617 367 19 24 0.023716915 
0 551 9 14 0.023714442 
231 333 11 15 0.02370367 
763 353 15 20 0.023653906 
892 214 10 14 0.023630206 
446 203 16 22 0.02362481 
149 391 21 25 0.023603711 
393 218 8 11 0.02354692 
966 531 29 35 0.023538511 
334 294 10 13 0.023531806 
266 239 8 9 0.023519427 
232 260 8 10 0.023517488 
73 315 13 15 0.023502273 
565 235 10 12 0.023501948 
320 247 7 9 0.023482233 
240 231 6 8 0.02347768 
965 462 16 22 0.023461258 
105 221 8 10 0.023453178 
622 511 22 28 0.023450753 
224 225 8 9 0.02342664 
100 295 10 11 0.023415167 
96 499 23 29 0.023400066 
489 493 24 29 0.023392687 
903 230 10 14 0.023386328 
902 292 11 14 0.023377726 
416 221 8 11 0.023349192 
344 222 7 10 0.02331679 
359 256 8 11 0.023276834 
829 207 12 15 0.02324879 
399 246 8 10 0.023204856 
929 465 29 40 0.023098104 
877 365 13 18 0.023064129 
670 189 8 11 0.023054415 
389 395 13 17 0.023042502 
949 208 11 13 0.022999808 
1 483 11 16 0.02299775 
444 287 12 15 0.022977825 
747 365 20 25 0.022962196 
69 246 9 10 0.022941783 
902 261 10 12 0.02291572 
191 200 8 9 0.022903528 
241 469 26 35 0.022755824 
449 263 10 13 0.02274551 
2 419 15 21 0.022742325 
133 458 24 28 0.022696817 
983 399 14 18 0.022692364 
510 192 7 8 0.022638438 
90 525 17 20 0.022606384 
488 193 7 9 0.022592118 
820 348 13 16 0.022588475 
160 492 28 34 0.022550486 
491 335 18 23 0.022487681 
263 302 11 14 0.022470497 
956 385 16 20 0.022470467 
177 428 23 25 0.0224616 
193 415 17 22 0.022379274 
230 230 8 10 0.022351684 
644 393 13 17 0.022301003 
27 364 14 19 0.022293255 
352 208 6 9 0.022281436 
129 280 18 22 0.02226722 
475 390 14 18 0.022240568 
937 326 11 15 0.022238363 
491 546 27 30 0.02223341 
349 243 10 12 0.022147285 
320 239 6 9 0.02213806 
64 319 9 11 0.022129223 
575 182 9 10 0.022120817 
313 299 10 13 0.02207446 
52 554 17 19 0.022062788 
233 247 7 9 0.022061313 
745 205 10 13 0.022039918 
215 224 8 9 0.022039877 
314 198 8 9 0.022021716 
497 437 25 30 0.022009615 
664 510 27 32 0.02198375 
320 254 9 11 0.021977128 
573 228 9 11 0.02197431 
782 293 13 17 0.021947972 
306 278 19 24 0.021917893 
615 201 10 13 0.021814652 
711 282 14 18 0.021735448 
72 269 9 10 0.021732857 
93 540 14 18 0.021722829 
777 544 30 31 0.02169356 
413 200 8 11 0.021679906 
101 396 14 19 0.02167751 
366 259 18 23 0.021643223 
201 190 8 10 0.021642553 
0 532 11 17 0.021519009 
471 201 7 9 0.021517782 
112 246 8 10 0.021499526 
125 271 8 10 0.021496149 
383 221 7 10 0.021495266 
519 394 16 20 0.021483663 
903 284 11 14 0.021481138 
510 480 24 26 0.021478774 
253 304 11 13 0.021452699 
24 318 12 14 0.02145073 
400 253 9 12 0.021447826 
453 482 17 23 0.021442495 
198 256 7 9 0.021424562 
317 289 18 23 0.02141201 
428 430 24 30 0.021384733 
574 253 10 12 0.021377236 
910 206 10 12 0.021367336 
37 366 13 16 0.021322718 
159 272 9 10 0.021278666 
43 316 11 14 0.021274485 
450 433 23 31 0.021273907 
357 338 13 18 0.021261312 
175 304 9 11 0.021220902 
365 334 15 19 0.021204151 
671 265 15 19 0.02120145 
906 471 23 29 0.02119357 
184 263 8 10 0.02119032 
343 287 10 12 0.021177879 
433 194 6 8 0.021157103 
534 258 11 15 0.021101058 
869 356 10 15 0.021100447 
520 201 8 10 0.02108399 
448 411 14 19 0.021062247 
559 294 11 14 0.021015743 
670 199 9 12 0.020996917 
864 284 12 15 0.02099669 
963 337 16 19 0.020995935 
258 261 8 10 0.02097503 
545 464 24 32 0.020961158 
389 296 18 24 0.020937324 
762 218 11 16 0.02091196 
343 275 11 12 0.020892505 
248 271 9 10 0.020889346 
425 228 10 12 0.02088915 
862 195 10 13 0.020873416 
640 206 11 14 0.02083195 
199 232 7 9 0.020821514 
369 213 8 10 0.020812592 
352 272 19 25 0.020795934 
518 510 25 31 0.020784285 
567 201 8 10 0.02077632 
191 291 9 11 0.020740004 
431 323 12 17 0.020706905 
731 285 14 19 0.02069512 
337 224 8 9 0.020664625 
106 271 8 10 0.020660467 
401 200 7 9 0.02061387 
476 493 24 32 0.020598972 
209 257 8 10 0.020574564 
518 201 18 23 0.020535592 
428 193 19 25 0.020535247 
121 362 12 17 0.020530358 
118 443 14 18 0.020508716 
336 232 7 9 0.020491559 
267 351 15 19 0.02049085 
98 237 8 11 0.020442683 
499 338 12 15 0.020429708 
226 214 7 9 0.020425009 
158 351 10 14 0.020408362 
741 531 24 28 0.02040203 
77 363 13 16 0.020330848 
185 244 9 11 0.020325977 
538 182 8 10 0.020316897 
424 210 16 22 0.020308148 
783 453 23 28 0.020295326 
999 300 13 17 0.020268625 
290 238 7 9 0.020261552 
522 546 27 32 0.020259915 
101 332 12 14 0.020250306 
28 356 12 16 0.020249458 
91 531 25 30 0.020220011 
99 318 20 23 0.020199144 
63 415 18 21 0.020156924 
600 177 10 11 0.020151861 
158 237 8 10 0.020150373 
715 439 23 28 0.02008321 
617 508 17 21 0.02005868 
636 355 16 19 0.020032013 
628 473 17 21 0.02002653 
0 413 10 17 0.020000914 
