2_Demonstration_Demonstrators_2_672
30
647 190 128 164 0.9994628 
266 166 31 43 0.99176747 
72 176 29 41 0.9894824 
456 170 24 34 0.98046726 
157 254 54 64 0.9622914 
220 165 36 48 0.9260339 
167 165 52 55 0.19499058 
248 165 39 52 0.16781114 
178 173 32 33 0.10411624 
558 291 30 34 0.08981311 
1013 479 11 21 0.07117219 
532 280 34 45 0.05567313 
517 447 9 12 0.04050327 
608 309 50 65 0.037481397 
596 22 103 131 0.033392143 
620 424 223 231 0.03198244 
531 440 206 254 0.030399255 
225 163 22 24 0.03034903 
136 230 55 69 0.030214503 
83 172 17 25 0.030137572 
228 142 23 27 0.023839345 
391 37 36 38 0.023451015 
340 17 114 108 0.022811022 
657 45 30 40 0.022440149 
186 245 55 67 0.022220016 
194 169 58 66 0.021957614 
561 264 33 40 0.021326927 
528 464 9 10 0.020968754 
509 462 10 12 0.020635424 
836 128 14 17 0.020361105 
