2_Demonstration_Political_Rally_2_335
503
269 264 52 62 0.99903893 
401 261 55 63 0.9989311 
670 416 60 69 0.998787 
941 114 31 38 0.9984269 
616 81 27 33 0.99836046 
577 60 30 33 0.9983171 
325 105 33 38 0.9982492 
880 151 28 37 0.99823666 
731 79 28 36 0.9982317 
891 340 53 65 0.99819857 
702 318 52 60 0.9981501 
753 174 35 43 0.99804616 
379 332 53 63 0.9975211 
210 279 53 72 0.997195 
279 431 47 59 0.99697435 
472 174 35 43 0.9968731 
821 478 70 78 0.99679226 
247 552 65 86 0.99679 
349 499 64 82 0.9966792 
232 229 40 45 0.9965072 
59 140 36 39 0.996262 
606 161 34 41 0.9961653 
307 326 58 68 0.9960295 
241 178 31 35 0.9959733 
782 567 73 84 0.99584264 
329 424 66 73 0.9956541 
861 64 25 30 0.99520075 
-1 229 31 48 0.9948201 
146 147 29 37 0.9944794 
68 89 26 30 0.9944711 
664 65 25 31 0.9943427 
658 127 32 38 0.99423224 
30 147 29 32 0.99389267 
485 128 27 34 0.9922242 
445 149 30 45 0.99187577 
271 194 31 37 0.99085313 
922 197 31 38 0.99069375 
7 331 42 55 0.9905509 
777 199 36 43 0.9901058 
135 479 49 72 0.98947173 
729 442 51 76 0.9891585 
33 218 32 42 0.9890822 
109 267 43 52 0.98878855 
107 149 31 34 0.98781615 
339 58 22 27 0.9865745 
488 243 45 55 0.9861648 
860 117 22 29 0.98571384 
65 206 39 44 0.9833308 
474 439 48 71 0.9831336 
245 94 24 32 0.9826973 
695 213 41 43 0.9826245 
445 374 41 55 0.98251134 
739 141 30 35 0.98229665 
86 235 39 48 0.9819041 
37 77 23 30 0.98124886 
519 197 32 40 0.9773629 
572 329 40 48 0.9771876 
907 5 18 23 0.9746289 
850 168 30 36 0.97268933 
171 187 42 46 0.97136027 
157 260 36 45 0.97063386 
142 99 23 28 0.96851516 
877 309 33 49 0.9528674 
846 216 46 45 0.9520685 
4 404 47 62 0.9476306 
986 6 21 23 0.94469243 
476 294 40 52 0.93890023 
78 401 48 56 0.9331142 
546 564 69 91 0.93256086 
356 159 40 38 0.93213415 
756 254 29 41 0.92948574 
576 135 34 41 0.92247695 
610 414 48 51 0.9199546 
664 178 38 41 0.9196577 
142 227 36 41 0.91950434 
816 74 27 32 0.9088785 
263 145 25 30 0.9068021 
572 481 47 59 0.90499854 
661 230 40 48 0.8980332 
181 26 15 21 0.89506984 
275 327 43 54 0.8863088 
193 263 33 47 0.8849657 
568 113 24 30 0.88232297 
536 258 29 41 0.87572664 
356 227 39 43 0.8723481 
833 56 19 23 0.8715896 
542 220 44 43 0.86546665 
170 75 18 24 0.85555035 
-1 495 40 51 0.85245335 
292 99 30 40 0.8513342 
649 92 25 34 0.84095484 
647 83 22 29 0.830003 
13 34 17 20 0.82987535 
773 154 28 32 0.7771922 
827 430 43 52 0.75139564 
776 246 32 44 0.73214203 
802 126 25 28 0.7176192 
342 278 46 54 0.71460134 
895 223 28 35 0.7145613 
648 301 34 37 0.7116996 
713 77 15 18 0.6874653 
940 408 40 51 0.6687197 
718 12 11 15 0.6582689 
569 120 33 38 0.6580891 
129 259 42 53 0.65352005 
905 65 18 23 0.6432011 
750 56 17 21 0.6269424 
931 30 15 19 0.6226354 
72 182 37 43 0.61938757 
332 34 16 23 0.6121874 
50 209 36 48 0.61080146 
298 428 52 61 0.60610145 
692 66 15 20 0.605985 
65 60 23 27 0.5827645 
584 107 27 32 0.58178073 
124 118 22 30 0.5703531 
212 13 11 14 0.532725 
781 51 14 19 0.516153 
642 235 30 35 0.5150909 
615 57 16 20 0.50879294 
337 155 26 33 0.48421866 
835 188 25 33 0.47499168 
17 51 19 23 0.43866783 
628 293 26 33 0.43697357 
467 28 29 36 0.43388936 
662 41 14 18 0.42316234 
71 47 22 28 0.4082184 
-1 75 17 20 0.39127854 
0 135 23 36 0.3868836 
28 1 16 14 0.36912632 
308 105 27 33 0.36201897 
214 44 12 15 0.3455387 
917 97 21 27 0.31125742 
363 211 42 45 0.31075343 
557 386 25 37 0.29849425 
688 116 23 30 0.28785637 
14 40 21 25 0.28531313 
455 113 27 34 0.2840587 
786 5 9 12 0.28384992 
691 306 30 39 0.28328657 
810 112 30 34 0.2748026 
820 185 24 31 0.2739447 
98 531 38 58 0.27179903 
68 71 24 28 0.27046657 
225 241 50 64 0.26407975 
169 51 14 18 0.26227492 
785 15 8 11 0.256281 
765 186 37 45 0.2535282 
407 66 15 21 0.25334865 
636 132 25 32 0.25220063 
193 114 18 24 0.25068775 
184 57 14 18 0.2501605 
758 13 10 11 0.24897371 
46 404 50 60 0.2479621 
0 21 10 17 0.23903117 
66 26 15 17 0.23854376 
411 92 21 30 0.22936091 
1 121 21 32 0.225026 
166 412 56 75 0.21823135 
310 54 14 20 0.2147261 
202 60 12 16 0.21240172 
344 251 53 62 0.2110774 
278 167 32 38 0.20821063 
350 207 28 32 0.20569104 
318 193 20 31 0.20332876 
455 129 40 49 0.20095079 
291 559 49 64 0.20073855 
813 178 24 30 0.19068815 
652 75 25 31 0.19042973 
161 139 32 38 0.18837841 
679 66 21 26 0.18520644 
27 74 23 31 0.18415509 
816 98 32 35 0.18196702 
134 111 25 32 0.17961732 
741 33 13 17 0.1753961 
247 267 46 63 0.17515953 
938 0 16 14 0.17422281 
449 124 29 34 0.17381753 
539 269 37 48 0.16824539 
914 26 13 18 0.16767307 
643 401 29 42 0.16541374 
589 261 30 39 0.16264246 
457 269 26 34 0.1613848 
781 97 17 22 0.16092023 
58 240 29 40 0.15881354 
184 507 40 61 0.15149543 
403 431 42 61 0.14484774 
694 19 10 13 0.14234163 
538 297 33 46 0.14075239 
4 78 22 29 0.13527626 
750 30 10 13 0.13328242 
34 40 14 17 0.13120286 
858 52 23 27 0.13067685 
741 4 11 14 0.12719044 
783 129 30 34 0.1269105 
153 212 43 51 0.124209374 
460 647 45 46 0.1241455 
142 239 44 54 0.12053939 
513 210 34 43 0.11933941 
751 452 53 71 0.118219204 
22 77 15 22 0.116420604 
233 6 12 16 0.11570056 
889 6 13 15 0.11546256 
24 56 19 22 0.11408758 
24 413 47 59 0.11401857 
71 243 34 41 0.11367891 
273 157 30 35 0.11354326 
209 630 39 51 0.11262775 
780 60 13 19 0.10626759 
200 503 45 58 0.10468013 
68 159 38 45 0.102082826 
269 242 40 41 0.10124817 
284 42 11 15 0.10025296 
904 43 25 31 0.09885577 
42 139 35 45 0.09736425 
789 31 10 12 0.0946417 
752 5 10 12 0.092951916 
212 96 17 22 0.092803285 
134 356 40 52 0.09237827 
-1 32 10 17 0.09215059 
412 137 26 31 0.09184359 
858 43 18 20 0.09104621 
621 575 32 43 0.08598381 
919 59 23 31 0.08442909 
102 69 10 15 0.08426957 
251 234 46 58 0.08194255 
863 160 26 34 0.08189288 
470 144 42 52 0.079124324 
828 196 19 25 0.07890805 
741 70 24 31 0.07805211 
755 70 17 23 0.077688165 
771 222 43 55 0.07721418 
363 167 43 48 0.076755404 
717 164 25 32 0.07632128 
742 47 22 26 0.07596374 
666 511 56 64 0.075888105 
172 260 39 55 0.07548257 
23 41 21 25 0.07545242 
670 187 42 50 0.07500399 
386 301 52 68 0.07497545 
519 217 45 53 0.07473601 
634 93 29 36 0.07379994 
751 1 10 11 0.073412664 
505 367 28 41 0.07232306 
504 381 33 47 0.07175132 
584 197 33 38 0.07111335 
973 5 25 26 0.07111113 
906 203 37 46 0.07088966 
639 422 49 57 0.07085578 
118 71 15 20 0.070768595 
265 203 41 49 0.06928277 
205 52 12 17 0.06809959 
776 456 49 65 0.0677301 
217 207 26 35 0.06661772 
448 137 19 22 0.06556261 
757 22 10 13 0.063984506 
481 0 18 19 0.06381487 
657 36 13 18 0.06375933 
47 248 28 38 0.063342355 
594 565 54 66 0.0624169 
563 251 40 55 0.062212896 
385 168 20 23 0.06116722 
11 311 30 45 0.061048202 
966 11 14 18 0.0598269 
789 2 9 10 0.059253775 
654 108 34 42 0.05854838 
177 13 10 12 0.05733695 
743 201 30 40 0.055491116 
467 45 26 36 0.055355992 
824 5 9 13 0.055318777 
151 1 10 11 0.054906696 
5 147 24 34 0.054723337 
769 165 38 48 0.054051574 
612 336 16 22 0.05348564 
470 119 34 39 0.053429935 
967 4 13 16 0.052880015 
353 437 60 70 0.05251159 
827 63 19 22 0.05242746 
2 27 14 18 0.051963035 
122 44 12 16 0.05101888 
56 63 24 29 0.0503192 
21 478 43 57 0.049874842 
619 101 22 30 0.049388885 
164 128 26 31 0.04922381 
557 204 44 50 0.049138203 
6 3 12 13 0.049110617 
62 6 11 13 0.048879545 
533 607 50 75 0.04858065 
69 10 15 17 0.048513632 
330 41 24 31 0.047988817 
34 122 24 29 0.047329757 
684 206 36 40 0.046448566 
755 27 12 14 0.04633493 
207 83 13 18 0.045794796 
159 453 51 81 0.04523841 
187 23 12 17 0.04468073 
107 538 19 28 0.04456632 
24 319 44 58 0.044557974 
562 106 20 24 0.0443963 
672 247 33 42 0.043965857 
320 55 24 29 0.043540467 
276 295 52 71 0.043489303 
772 28 10 13 0.042984955 
163 166 43 51 0.042425614 
737 34 20 27 0.041936982 
246 377 45 55 0.041602314 
47 0 11 12 0.041585006 
153 21 9 12 0.041158065 
177 7 9 12 0.041107096 
785 35 12 16 0.041087262 
173 63 21 25 0.04084088 
124 109 14 20 0.040819883 
177 21 13 18 0.04049403 
245 188 39 47 0.04023413 
314 562 35 47 0.039982002 
543 162 33 32 0.03961512 
191 276 42 61 0.039235145 
184 439 47 68 0.039117362 
933 59 13 19 0.03904088 
174 419 36 42 0.039031208 
303 193 31 38 0.038976658 
33 431 47 60 0.0389649 
298 91 20 27 0.038788408 
-2 159 23 38 0.038706355 
401 239 27 39 0.038682662 
689 11 14 17 0.037949905 
316 250 31 45 0.03784604 
60 79 24 31 0.03732204 
118 127 26 35 0.036827665 
89 168 31 37 0.036819708 
95 156 33 38 0.036817204 
102 44 13 18 0.036432195 
665 265 30 35 0.036396097 
334 265 40 49 0.036023702 
704 160 30 38 0.035715874 
970 17 14 18 0.03564422 
635 308 40 48 0.03561166 
597 46 11 14 0.035433143 
924 73 13 19 0.035164222 
876 211 43 50 0.035007585 
476 -3 28 32 0.034863908 
530 205 39 40 0.034803934 
824 1 8 9 0.034771048 
184 118 25 30 0.03458012 
713 79 23 29 0.03449688 
184 300 29 44 0.034451906 
848 197 35 44 0.034216337 
15 134 34 45 0.033818226 
281 227 43 51 0.03335397 
462 290 36 48 0.033144675 
7 34 14 19 0.033131298 
-1 178 12 23 0.0328608 
403 74 21 33 0.032696728 
788 143 38 45 0.032592557 
663 44 21 28 0.03253094 
424 233 36 42 0.03250912 
431 624 38 49 0.032343477 
598 343 28 35 0.03203804 
821 200 21 29 0.031918954 
53 0 11 12 0.031896867 
691 278 41 47 0.031882685 
572 188 36 40 0.03181157 
536 180 43 49 0.031783815 
76 143 31 35 0.031735037 
661 33 13 16 0.031690348 
625 86 28 33 0.031623762 
91 24 14 19 0.031620152 
638 279 41 47 0.031602047 
824 333 25 38 0.031426936 
878 79 23 29 0.031113653 
239 44 12 16 0.030753115 
458 110 17 23 0.030537106 
890 5 21 26 0.030185664 
763 132 25 30 0.030078884 
915 70 17 22 0.030040717 
763 150 25 32 0.029950397 
913 281 29 42 0.029930161 
285 188 34 41 0.029890675 
272 508 27 33 0.029829979 
658 282 29 36 0.029819796 
197 106 21 26 0.029780203 
103 561 26 42 0.029747043 
752 23 11 14 0.029543912 
813 79 18 23 0.029472327 
837 318 36 50 0.029428026 
726 30 10 14 0.029317748 
808 456 55 71 0.029301222 
828 27 11 13 0.0289804 
194 290 18 24 0.028741654 
289 159 32 36 0.028614512 
782 109 25 32 0.028331643 
735 173 37 48 0.028259553 
545 314 32 44 0.028152714 
602 331 27 34 0.028114775 
809 47 9 12 0.028027466 
468 29 18 22 0.027968552 
749 134 36 46 0.027899565 
135 52 13 17 0.027805965 
822 486 42 49 0.027672919 
47 83 19 24 0.027655076 
168 156 32 36 0.027487995 
656 297 22 23 0.027374534 
832 201 30 38 0.027202727 
812 52 10 14 0.026958559 
209 11 18 24 0.026917575 
751 218 26 38 0.026891233 
122 149 30 36 0.026888276 
775 46 13 17 0.026797347 
133 1 10 11 0.026777897 
12 58 22 26 0.026746992 
968 -3 42 41 0.026736751 
638 111 26 35 0.026409049 
776 23 9 13 0.026246155 
446 237 41 53 0.025896603 
255 173 28 36 0.025454726 
686 1 23 28 0.025407227 
204 432 13 16 0.025321776 
585 174 42 49 0.025110148 
656 407 18 26 0.02497149 
736 254 33 40 0.024908204 
624 296 15 21 0.02476691 
45 21 10 13 0.024758706 
137 371 54 73 0.024709981 
751 236 30 47 0.02468065 
868 98 14 17 0.024672158 
914 29 24 29 0.024666788 
119 19 10 13 0.024558527 
337 459 58 79 0.024421409 
454 629 43 50 0.024232933 
788 20 10 13 0.024230037 
914 57 18 24 0.024226394 
856 36 13 16 0.024196329 
388 241 49 62 0.0241734 
218 11 12 16 0.024051208 
605 278 28 37 0.024030985 
903 37 13 17 0.023944993 
320 535 47 64 0.023922661 
517 619 30 43 0.023922598 
786 44 13 17 0.023892544 
418 438 44 67 0.023816125 
35 202 29 37 0.023750369 
778 5 9 12 0.023726113 
675 216 34 42 0.02367527 
-1 85 15 24 0.023660054 
340 144 17 21 0.023658006 
972 1 14 13 0.023561314 
330 252 33 45 0.02351416 
485 387 50 65 0.023450466 
397 164 25 31 0.023380693 
225 222 31 36 0.023167372 
277 174 18 24 0.023060607 
563 226 34 36 0.023000643 
624 398 37 51 0.022944689 
0 136 13 22 0.022847315 
151 27 11 15 0.022842051 
181 15 11 14 0.022755386 
761 56 15 21 0.02267657 
844 183 18 24 0.022450434 
551 170 33 35 0.022430228 
406 89 18 25 0.02241638 
813 22 9 12 0.022179324 
686 250 44 53 0.022146672 
49 317 28 36 0.022140114 
940 8 14 16 0.022121582 
656 31 11 15 0.022119055 
574 454 51 61 0.02208848 
518 261 41 53 0.022076339 
990 280 33 66 0.022051146 
535 380 38 52 0.022026202 
62 29 22 27 0.021945333 
724 152 28 36 0.021927772 
218 18 12 17 0.021911424 
517 302 34 45 0.021841006 
675 286 40 49 0.021752702 
825 438 65 75 0.021668408 
8 293 27 41 0.021624587 
908 33 15 20 0.021611558 
149 124 27 33 0.021574238 
611 344 28 36 0.021563627 
920 410 51 68 0.021525148 
917 73 23 31 0.021443272 
818 69 18 22 0.021389069 
68 121 29 36 0.021273788 
623 328 43 52 0.021224706 
618 445 36 54 0.021122683 
527 622 33 48 0.020963237 
724 5 12 15 0.020889802 
22 289 41 51 0.020887371 
10 311 17 24 0.02079277 
584 129 21 24 0.0207836 
194 428 19 21 0.020554977 
767 133 15 18 0.020529523 
309 91 26 32 0.020497944 
619 298 26 38 0.020445708 
855 56 15 21 0.020381995 
15 154 30 37 0.020262498 
735 30 14 17 0.020234112 
668 118 35 42 0.020231752 
480 33 17 22 0.020221878 
823 93 22 26 0.020167818 
287 91 25 34 0.02006497 
393 163 17 22 0.020021787 
887 17 13 18 0.020018712 
