2_Demonstration_Demonstrators_2_518
82
89 255 58 79 0.9995782 
942 415 61 89 0.99829584 
978 261 44 64 0.9964965 
472 149 50 54 0.99589276 
620 414 55 61 0.99467117 
392 144 46 57 0.994325 
937 45 28 37 0.98730266 
759 51 30 43 0.97786874 
191 0 28 29 0.959589 
699 146 32 43 0.95468295 
557 138 32 42 0.82873005 
195 297 33 57 0.73435414 
837 84 27 39 0.6238255 
235 195 35 62 0.5032597 
343 156 35 62 0.34426722 
579 135 47 55 0.25801763 
605 133 32 41 0.20721138 
218 207 41 60 0.20563631 
741 128 32 43 0.20167828 
1005 633 19 33 0.17520194 
675 0 16 17 0.17250474 
294 161 49 73 0.14067328 
191 206 49 63 0.13995957 
153 282 41 61 0.13070631 
170 298 42 59 0.13064158 
772 266 36 42 0.12806708 
867 8 43 62 0.11438722 
286 280 42 50 0.11148791 
679 144 37 44 0.10684498 
1003 81 20 32 0.10418035 
811 80 41 48 0.09179188 
619 145 16 22 0.076320305 
723 127 39 53 0.06847818 
924 53 34 39 0.066963896 
712 140 32 46 0.06523342 
758 268 55 65 0.053365063 
525 186 48 64 0.04953625 
801 80 31 40 0.049478754 
176 481 45 74 0.04927706 
773 248 33 41 0.04790179 
955 122 15 19 0.046201732 
949 274 35 53 0.042424157 
372 153 48 64 0.04237852 
140 274 37 54 0.041908443 
376 450 30 33 0.04116659 
951 115 25 32 0.03424676 
116 270 47 63 0.031620227 
268 187 52 70 0.03110893 
773 56 30 43 0.030043298 
835 285 16 19 0.030032463 
547 434 27 37 0.030014092 
768 600 54 57 0.029914288 
738 49 41 51 0.029754022 
444 402 51 55 0.028491005 
137 296 33 57 0.02845045 
245 206 48 67 0.027239341 
713 96 30 37 0.026590472 
862 483 43 59 0.026379466 
275 258 45 56 0.02600845 
803 161 27 36 0.02468991 
33 372 57 69 0.02458714 
990 600 12 16 0.024519198 
205 304 37 62 0.024468359 
746 254 49 59 0.023858178 
743 273 85 106 0.023716424 
564 144 41 49 0.023572171 
932 548 32 45 0.02351423 
202 273 41 64 0.023461686 
570 89 14 17 0.022962613 
515 1 19 18 0.022891399 
769 630 32 37 0.021731293 
494 3 25 28 0.021442924 
275 474 46 79 0.021432146 
606 84 13 16 0.021423323 
905 35 39 54 0.021415237 
599 87 11 14 0.021380369 
513 95 44 55 0.021103796 
544 156 48 68 0.020961452 
217 46 36 47 0.020912472 
851 386 38 60 0.020792263 
544 443 44 59 0.020446619 
879 611 46 74 0.02022208 
