2_Demonstration_Political_Rally_2_940
19
402 179 249 314 0.9999052 
62 6 151 201 0.983229 
-3 -14 80 125 0.3347736 
353 -12 181 230 0.13882358 
292 406 121 146 0.12589689 
208 15 110 133 0.08254065 
80 292 414 451 0.074422866 
0 52 49 79 0.070610754 
251 351 173 269 0.06725084 
343 257 210 294 0.056706887 
20 -4 121 160 0.049950916 
159 17 181 211 0.04570605 
286 39 121 163 0.043002944 
51 389 222 309 0.03753232 
101 75 146 178 0.035357576 
791 -17 195 205 0.031778462 
827 -15 113 84 0.028930593 
416 1 142 144 0.028750267 
798 11 126 116 0.02471813 
