2_Demonstration_Protesters_2_822
80
719 384 85 109 0.99813014 
300 343 49 70 0.99630094 
937 383 37 39 0.99575484 
207 384 44 56 0.99244714 
28 362 40 56 0.9864573 
675 361 42 50 0.98057693 
1001 368 18 24 0.9583737 
599 435 45 67 0.9414058 
104 428 44 59 0.93560296 
975 360 20 27 0.56623894 
138 369 24 28 0.39430043 
-3 364 30 46 0.31244215 
718 331 14 18 0.23586568 
477 355 14 16 0.23410891 
675 317 13 16 0.23376499 
80 390 26 33 0.2212652 
8 354 41 60 0.17174014 
497 326 19 22 0.14354669 
600 426 29 41 0.11885561 
193 372 12 16 0.10915629 
688 343 10 12 0.107853904 
354 606 9 12 0.10746062 
255 714 27 43 0.09668249 
985 364 20 26 0.093155004 
188 368 22 28 0.08417178 
266 380 38 50 0.074223675 
1011 467 11 18 0.07384122 
845 474 50 56 0.06571481 
120 444 47 61 0.060126733 
600 661 43 51 0.058935747 
450 574 30 40 0.05752733 
84 290 25 38 0.05464983 
86 401 43 58 0.052557647 
431 337 14 20 0.052544344 
85 396 31 38 0.045355365 
669 342 9 13 0.04157048 
563 282 15 19 0.037456434 
951 440 40 52 0.037138917 
124 365 28 37 0.03682128 
434 402 44 56 0.035975184 
3 404 29 48 0.033749163 
949 372 28 34 0.033745307 
387 571 59 82 0.032538496 
96 386 43 54 0.03142609 
819 475 46 58 0.03094274 
709 419 25 43 0.02992902 
671 313 21 26 0.029919587 
926 380 27 32 0.02889098 
559 289 11 16 0.02862788 
141 452 42 57 0.028376622 
493 334 18 20 0.028328411 
1009 364 14 21 0.027563509 
132 382 30 35 0.027445212 
95 429 31 44 0.027437255 
366 585 57 84 0.026618695 
691 340 12 14 0.02658203 
958 365 12 16 0.025811013 
151 375 17 21 0.025437271 
687 336 11 13 0.025356123 
998 399 22 31 0.025029827 
284 555 11 15 0.024919538 
491 363 13 16 0.024549298 
482 358 16 18 0.024215214 
940 399 28 34 0.02415838 
938 424 17 21 0.023942938 
1014 235 9 15 0.02334353 
492 315 44 55 0.023112748 
992 261 10 13 0.023019074 
776 315 16 20 0.02287194 
471 360 13 17 0.022433547 
454 405 47 55 0.0222916 
555 274 21 30 0.022076355 
716 317 14 17 0.022035839 
482 350 14 18 0.021933062 
1006 461 18 30 0.021471307 
471 350 14 17 0.021036904 
257 390 33 44 0.02079105 
372 388 34 47 0.020537416 
238 369 46 60 0.020216316 
974 261 10 13 0.020101223 
