2_Demonstration_Political_Rally_2_267
55
747 307 31 35 0.9959372 
196 364 20 26 0.65911096 
451 326 20 28 0.41500923 
198 432 22 29 0.3880206 
142 363 23 32 0.29987204 
100 402 22 27 0.29847336 
338 270 27 42 0.2883357 
458 320 17 28 0.20674293 
0 363 34 64 0.18277365 
443 333 22 27 0.17714654 
808 357 24 44 0.11930981 
706 393 25 33 0.09363736 
467 373 38 62 0.08374028 
770 401 29 36 0.07712603 
544 291 34 40 0.074852414 
146 354 18 23 0.06858429 
16 460 26 34 0.06678512 
857 372 29 37 0.05952051 
463 442 14 19 0.05767938 
286 350 32 41 0.0568753 
556 301 45 59 0.05534836 
462 463 15 20 0.05342708 
626 384 26 32 0.051197946 
208 431 19 25 0.04979745 
570 287 35 43 0.044476192 
319 272 31 42 0.04438513 
817 352 29 47 0.04377104 
431 334 25 31 0.042134773 
452 317 17 21 0.041734207 
35 440 17 20 0.036896642 
13 301 39 55 0.03518657 
759 381 44 51 0.033265073 
494 317 83 127 0.03153935 
91 408 26 28 0.030119121 
95 404 16 20 0.029175123 
830 344 36 52 0.02896452 
369 377 416 485 0.027629536 
466 340 77 129 0.027128603 
956 525 60 77 0.027074251 
143 349 15 20 0.025434304 
695 399 41 47 0.025423834 
752 377 26 36 0.025368895 
530 306 81 108 0.025304483 
114 445 18 23 0.024240004 
75 392 17 21 0.023905447 
584 296 32 48 0.023888763 
-2 333 45 76 0.023490818 
307 269 28 45 0.023006687 
789 365 40 51 0.022477273 
89 426 18 20 0.021182727 
78 448 23 28 0.021090068 
217 477 44 66 0.020804567 
702 400 17 21 0.02025603 
846 332 39 52 0.020225892 
189 437 25 32 0.020170635 
