2_Demonstration_Demonstrators_2_567
30
535 51 69 83 0.99893767 
699 60 56 79 0.99799985 
431 122 45 55 0.9918577 
900 39 47 99 0.92015666 
75 94 37 49 0.7691299 
245 94 48 55 0.17584608 
857 303 172 236 0.14788666 
197 75 40 56 0.12707755 
90 486 16 21 0.0768808 
20 115 25 31 0.07165337 
925 48 59 91 0.07115057 
250 112 49 65 0.061947104 
97 92 16 20 0.06021394 
233 120 49 68 0.05863216 
953 61 61 90 0.05619918 
212 81 48 63 0.05180239 
68 102 29 34 0.051374774 
630 122 47 57 0.048575077 
62 107 15 20 0.048538696 
91 96 18 23 0.04151026 
273 101 40 47 0.03600627 
742 709 33 32 0.031848695 
196 305 13 17 0.031428076 
54 64 71 98 0.027217694 
28 152 41 60 0.025492094 
115 32 16 18 0.023539076 
12 546 21 35 0.023062166 
98 18 15 19 0.02171521 
275 123 36 46 0.020493446 
728 762 58 49 0.020138789 
