2_Demonstration_Demonstration_Or_Protest_2_114
39
359 127 87 140 0.99909973 
119 294 88 132 0.9975604 
499 326 34 53 0.9942694 
585 276 73 105 0.9903543 
768 370 50 67 0.977702 
822 120 27 30 0.95973974 
904 121 29 41 0.47083002 
473 638 12 15 0.37690383 
770 353 17 24 0.253439 
937 131 31 42 0.20205076 
493 644 17 23 0.18823473 
512 344 43 51 0.1144779 
763 359 32 46 0.104183905 
741 292 16 19 0.09653274 
814 226 25 33 0.093576804 
550 424 41 56 0.077473104 
934 108 49 73 0.077084176 
736 292 29 32 0.05872029 
749 329 12 16 0.04381645 
914 236 31 35 0.041450594 
469 631 20 25 0.03848177 
527 345 46 64 0.036555786 
850 156 14 17 0.034696467 
955 100 58 87 0.033534337 
747 285 15 19 0.033252794 
757 355 26 37 0.033110928 
915 124 32 45 0.031770166 
18 466 22 30 0.031318873 
462 597 10 12 0.030057477 
494 639 12 15 0.027298586 
452 603 13 16 0.02593533 
461 614 28 37 0.02377154 
562 411 48 67 0.023132218 
761 183 9 10 0.02268855 
447 605 11 13 0.02249545 
759 356 14 19 0.022187037 
811 104 44 49 0.021843182 
553 356 48 67 0.021416653 
440 644 12 16 0.021271043 
