2_Demonstration_Protesters_2_748
31
749 248 23 33 0.99473464 
299 234 23 29 0.9939028 
433 170 52 69 0.76108307 
125 195 23 28 0.4822443 
130 266 17 19 0.110601306 
635 179 101 145 0.09673316 
206 271 11 15 0.08764498 
628 486 65 68 0.078743674 
509 255 33 39 0.07323124 
513 4 486 497 0.069736496 
448 161 43 54 0.06775982 
136 200 16 22 0.04301393 
633 195 60 99 0.040456172 
349 208 14 16 0.04010998 
910 326 8 11 0.038231276 
495 233 51 67 0.03182337 
157 260 16 19 0.027747702 
362 203 13 16 0.027436579 
404 160 35 41 0.026509425 
855 297 61 81 0.025242483 
904 324 10 12 0.02523551 
331 189 15 19 0.025181334 
343 202 14 17 0.0240226 
257 287 471 502 0.022453802 
736 445 14 15 0.022335358 
408 198 58 66 0.0222408 
732 451 15 16 0.022173017 
145 258 24 29 0.021512752 
411 156 49 64 0.021167003 
277 258 16 20 0.020817675 
812 191 214 255 0.020289732 
