2_Demonstration_Political_Rally_2_329
390
931 283 61 76 0.9994522 
139 343 62 72 0.9992735 
131 177 27 36 0.99914527 
615 208 27 34 0.99892944 
924 211 32 39 0.99887556 
880 162 28 35 0.9988691 
745 399 88 114 0.99878794 
770 178 25 30 0.9986229 
124 232 49 59 0.99857545 
803 205 39 49 0.99801195 
832 181 27 35 0.99784863 
307 312 69 84 0.9977512 
269 199 40 47 0.9971011 
648 233 38 49 0.99645495 
476 311 86 102 0.995462 
867 336 64 72 0.9952636 
851 223 26 36 0.9940003 
196 194 39 45 0.99385977 
465 240 37 43 0.9929253 
689 326 50 53 0.9817067 
0 189 34 49 0.9759 
973 227 27 32 0.94819325 
59 169 18 23 0.94427365 
956 191 21 25 0.9419718 
479 136 16 20 0.9344897 
302 184 24 30 0.9008807 
967 147 13 16 0.87062013 
53 199 29 51 0.8481766 
947 142 13 16 0.8338653 
500 144 17 19 0.82371736 
844 129 14 18 0.8180378 
330 178 28 32 0.8110898 
567 147 12 17 0.774607 
669 191 24 28 0.75930816 
997 138 11 14 0.7431502 
28 148 14 16 0.7027801 
781 117 10 13 0.67558444 
901 143 14 17 0.65759856 
71 152 10 14 0.6556944 
69 131 10 13 0.6543022 
767 130 12 15 0.6516929 
50 134 12 14 0.6220428 
8 118 8 11 0.57642543 
862 136 14 18 0.55664647 
558 126 9 12 0.5221126 
999 173 13 18 0.47693154 
782 141 10 12 0.47350046 
111 155 10 12 0.46802527 
747 123 11 14 0.45953164 
1002 240 24 45 0.38608864 
613 158 10 12 0.32529742 
9 200 46 47 0.32408616 
804 135 9 11 0.3181077 
420 187 26 32 0.29681367 
1012 150 10 15 0.28462732 
542 149 15 18 0.2658367 
12 136 10 12 0.2292058 
42 111 9 11 0.21895064 
919 148 10 13 0.18602546 
974 243 36 46 0.1837399 
363 181 14 17 0.18162307 
112 131 10 13 0.18083201 
605 125 8 11 0.17599235 
987 126 10 12 0.17439403 
893 79 11 14 0.15783517 
513 118 7 10 0.15773614 
975 133 10 12 0.15754618 
521 150 9 11 0.15701146 
971 143 11 14 0.1564612 
734 148 12 17 0.1557588 
1 82 8 12 0.15523277 
464 136 9 12 0.15462212 
554 126 8 12 0.14854106 
790 136 9 12 0.1442401 
91 149 13 17 0.14344545 
985 223 22 31 0.1406196 
10 140 10 14 0.1399638 
25 118 8 10 0.13623606 
559 172 9 11 0.13177323 
450 183 10 13 0.13012977 
533 126 8 11 0.12885325 
487 163 10 12 0.12815985 
560 121 8 10 0.120836526 
800 140 12 15 0.12070087 
936 136 9 13 0.11479704 
590 127 7 9 0.11271622 
66 128 10 12 0.10950912 
582 245 24 30 0.10240187 
894 113 14 19 0.10105865 
516 118 9 11 0.10066402 
534 119 7 9 0.100429006 
29 111 9 11 0.10030598 
345 183 16 21 0.099780016 
940 177 15 19 0.09840158 
545 126 8 11 0.09808624 
586 127 8 10 0.09798474 
742 129 12 16 0.09770939 
567 120 8 10 0.096680515 
40 115 9 12 0.09624572 
607 120 9 11 0.095455185 
522 168 8 10 0.0942266 
585 112 7 10 0.093482494 
138 95 8 10 0.09330141 
361 184 22 26 0.08978653 
933 163 14 17 0.08867437 
799 146 14 16 0.083849095 
538 192 10 12 0.083205566 
67 207 35 46 0.081563324 
683 196 13 16 0.08061843 
998 183 14 20 0.07880937 
426 202 18 24 0.078480564 
613 119 10 12 0.07813606 
134 111 10 13 0.07476781 
-1 211 25 44 0.07346716 
782 235 20 29 0.07325161 
30 118 8 10 0.07275638 
464 144 12 16 0.0717336 
326 186 18 21 0.070559084 
982 130 11 14 0.07049948 
991 133 12 15 0.06982504 
496 126 9 11 0.06870312 
37 197 34 47 0.06800278 
816 123 9 12 0.06641726 
19 270 28 39 0.06548907 
549 143 11 13 0.065001905 
851 131 12 17 0.06451101 
657 196 11 13 0.064443246 
574 126 8 9 0.06387108 
740 152 14 18 0.06383352 
692 197 12 14 0.0637089 
771 126 11 14 0.06341544 
48 128 10 12 0.063202456 
502 116 8 12 0.062181126 
585 117 7 10 0.061375495 
481 120 8 10 0.060749136 
552 227 25 29 0.06070014 
732 164 12 16 0.05856648 
492 164 10 12 0.05811439 
702 205 12 14 0.058082342 
662 195 14 16 0.058014717 
570 236 15 19 0.057328183 
994 221 14 20 0.05703829 
897 146 22 26 0.056976106 
503 135 10 12 0.056711346 
781 147 12 15 0.054980546 
8 113 7 10 0.054922193 
817 170 11 17 0.054038838 
176 230 23 34 0.053573392 
658 203 24 27 0.052702162 
470 88 8 10 0.052491665 
710 197 12 14 0.051200442 
81 126 9 12 0.050799042 
541 164 11 13 0.050676037 
540 173 10 11 0.05020452 
863 154 13 17 0.049655404 
487 119 8 11 0.04953222 
92 161 12 15 0.049290624 
917 244 23 30 0.04868803 
439 148 12 15 0.04800978 
585 234 24 29 0.04793728 
516 253 26 32 0.047748726 
908 124 10 13 0.047460407 
913 79 9 11 0.047450177 
1001 116 9 11 0.047146436 
93 119 9 11 0.046767946 
537 155 10 13 0.045608103 
69 138 11 14 0.045583703 
741 136 12 16 0.045274142 
133 146 13 16 0.044964794 
553 111 7 9 0.04436827 
654 209 15 19 0.044359133 
738 270 35 48 0.04419577 
601 121 8 10 0.043372486 
944 259 49 64 0.043112017 
469 156 14 18 0.04291458 
566 173 8 11 0.04258849 
45 116 8 11 0.042364657 
521 156 9 13 0.04129838 
25 123 9 11 0.041174795 
513 114 7 10 0.040992614 
863 129 10 13 0.04081989 
24 151 14 17 0.040595677 
487 126 9 11 0.040315878 
782 156 11 14 0.040017284 
537 167 9 11 0.039804753 
65 163 15 21 0.03951715 
590 176 9 11 0.039359353 
583 199 11 12 0.03935541 
477 159 11 13 0.039270412 
32 103 8 11 0.03917314 
862 162 15 20 0.03908334 
39 105 9 11 0.038900938 
104 154 12 16 0.038671814 
989 155 10 13 0.038596652 
62 120 9 11 0.037920978 
1004 166 11 15 0.037844047 
561 155 10 13 0.037780087 
518 112 9 10 0.037762295 
562 148 11 14 0.03764933 
742 118 19 24 0.037528254 
371 192 17 20 0.0374998 
696 201 12 15 0.037236847 
718 192 11 15 0.037228793 
610 110 9 10 0.03695902 
66 149 10 14 0.036865324 
543 144 11 13 0.03683664 
821 126 9 11 0.036351867 
79 140 10 12 0.03580153 
943 171 22 27 0.03578931 
63 139 12 14 0.03576723 
492 138 17 23 0.035666805 
778 150 10 13 0.035662245 
141 118 8 12 0.035651885 
559 111 7 9 0.03557182 
613 104 9 10 0.03544858 
86 125 9 11 0.035387408 
469 131 20 24 0.03495743 
79 119 9 11 0.034734927 
923 148 12 15 0.03467721 
905 155 20 28 0.034583 
544 230 23 30 0.034478366 
86 143 10 13 0.03435486 
88 111 8 10 0.03426989 
401 224 28 36 0.034239918 
693 133 9 11 0.034065843 
574 121 7 9 0.034025088 
826 133 9 12 0.034023598 
135 102 10 11 0.03379948 
1004 133 11 14 0.033789586 
609 164 12 14 0.033695277 
555 171 8 12 0.033608023 
78 133 9 13 0.03318213 
530 249 25 33 0.03314264 
889 81 12 16 0.032991137 
101 149 12 16 0.03291321 
1004 141 11 14 0.03258552 
538 246 16 22 0.032306578 
730 149 10 14 0.032016613 
535 211 14 17 0.031833816 
769 196 23 29 0.03148879 
413 181 24 31 0.031419713 
496 118 10 12 0.031296372 
85 134 10 12 0.031259496 
861 139 19 26 0.031257156 
1009 145 17 24 0.03122998 
689 134 8 11 0.031167494 
33 96 7 10 0.030945271 
509 134 10 12 0.030904045 
97 95 7 10 0.030808195 
961 235 35 39 0.03076324 
469 140 13 17 0.030672846 
898 326 51 63 0.030504504 
867 170 14 19 0.030440016 
540 180 11 14 0.030222151 
662 316 27 37 0.030171623 
520 102 8 10 0.030143354 
107 153 20 25 0.02996485 
584 175 10 12 0.02992505 
95 110 8 10 0.029765092 
39 126 9 11 0.029638788 
534 113 7 8 0.029569896 
603 236 13 17 0.02951124 
589 112 8 10 0.029199304 
80 111 8 11 0.02914658 
481 126 10 13 0.029092992 
110 169 14 20 0.029067257 
938 81 8 10 0.029037941 
746 156 13 16 0.028907375 
799 130 18 23 0.028737975 
94 86 7 10 0.02865953 
519 143 10 13 0.028601447 
524 172 9 10 0.028487748 
69 148 17 22 0.028458575 
981 140 11 14 0.028176187 
777 112 18 23 0.028146347 
550 164 11 13 0.028145557 
102 140 12 16 0.028064296 
97 103 8 9 0.028023351 
116 128 9 12 0.027860802 
79 194 38 48 0.027727025 
312 187 18 21 0.0275671 
405 182 13 19 0.027558077 
841 235 27 35 0.02754698 
992 135 19 22 0.02753236 
581 240 17 22 0.027492013 
729 170 10 13 0.027450088 
967 127 10 12 0.02732827 
576 173 9 12 0.027310086 
26 157 18 21 0.027153948 
513 97 7 9 0.027149508 
790 221 27 37 0.027147075 
936 136 18 23 0.027118864 
577 198 9 11 0.027112855 
380 204 16 24 0.02710082 
594 256 15 20 0.027047 
102 111 8 11 0.026989046 
583 131 10 12 0.026902366 
955 180 16 19 0.026733495 
784 135 18 22 0.026664427 
1013 182 12 16 0.02663329 
661 215 15 19 0.026581686 
502 164 11 13 0.026542233 
853 131 18 24 0.026294108 
512 124 8 10 0.026231503 
634 160 9 11 0.025966756 
609 152 9 12 0.02596291 
612 256 25 33 0.025889736 
706 201 14 17 0.025862074 
606 141 8 11 0.025827104 
64 127 18 22 0.02576403 
34 141 11 14 0.025639655 
561 94 7 9 0.025548754 
66 194 17 25 0.025515899 
609 102 9 11 0.025507344 
901 120 14 17 0.025420945 
128 127 9 12 0.025365211 
868 164 23 30 0.025319483 
287 190 33 40 0.025310999 
72 119 9 12 0.025066515 
101 102 8 9 0.02503529 
782 162 13 17 0.024928393 
960 147 12 17 0.0248573 
31 124 8 10 0.024684127 
833 222 29 37 0.02464086 
528 111 8 9 0.024599561 
413 144 13 16 0.024574904 
686 192 20 25 0.024447877 
519 96 8 9 0.024375152 
829 134 10 12 0.024353517 
135 125 10 13 0.024331864 
371 291 24 34 0.024167959 
2 100 8 13 0.024103684 
12 124 10 13 0.02410069 
546 132 9 11 0.02394657 
54 148 12 15 0.02391106 
982 121 19 24 0.023779126 
113 89 8 9 0.023706594 
983 148 10 14 0.023704575 
46 165 25 31 0.023516633 
543 121 7 9 0.023435397 
118 88 8 9 0.023421125 
383 161 41 49 0.023354316 
838 225 15 23 0.02333793 
787 155 13 16 0.023164134 
537 148 13 16 0.023094827 
942 79 8 11 0.02295071 
736 119 9 12 0.022874622 
606 132 9 12 0.02285063 
5 94 8 12 0.022842936 
129 109 10 14 0.02281171 
787 145 15 18 0.022804245 
846 121 12 14 0.022738596 
527 104 7 9 0.022673631 
547 270 24 32 0.022630395 
920 192 21 24 0.022600284 
516 212 11 13 0.022355646 
134 164 15 17 0.02230321 
7 134 18 23 0.022285542 
496 96 9 10 0.022275124 
186 369 35 49 0.022269359 
369 158 38 46 0.022248594 
537 96 8 10 0.022240052 
554 120 18 23 0.02204739 
507 263 30 35 0.021910718 
502 126 9 11 0.021874113 
1006 116 9 12 0.02185126 
137 89 8 10 0.021721922 
681 158 9 10 0.021653999 
762 132 12 14 0.021592636 
968 132 12 15 0.021514772 
538 263 16 22 0.021290345 
674 207 15 18 0.021222873 
12 144 13 18 0.021171266 
510 192 11 12 0.02097598 
590 120 8 9 0.020951414 
641 128 9 11 0.020944066 
25 102 8 11 0.020846974 
94 190 40 48 0.020843012 
563 286 25 30 0.020749701 
93 133 11 12 0.020671867 
566 199 9 11 0.02066781 
141 144 11 13 0.020654129 
965 170 12 15 0.020616353 
62 110 8 11 0.020607807 
24 142 13 16 0.020539662 
523 259 31 38 0.020395946 
511 61 9 10 0.020333217 
38 95 8 10 0.020323353 
102 97 8 10 0.020293795 
732 332 33 40 0.020032706 
