2_Demonstration_Demonstration_Or_Protest_2_915
100
411 321 248 325 0.9950465 
201 272 18 24 0.9345152 
297 283 22 27 0.7432915 
264 267 12 16 0.60189015 
798 236 11 14 0.3437002 
229 275 12 16 0.28035504 
743 216 10 12 0.2483432 
328 260 12 14 0.20850378 
55 330 24 27 0.16290125 
363 237 10 14 0.1019529 
108 376 15 20 0.09846633 
722 244 10 13 0.094828606 
842 220 14 16 0.09196186 
768 220 12 15 0.08924063 
115 376 15 20 0.08279186 
106 384 16 20 0.07922176 
748 214 10 12 0.07469106 
58 341 19 22 0.071240455 
2 188 25 36 0.06570936 
278 317 13 17 0.06443066 
333 276 12 15 0.060175076 
197 363 16 22 0.05972604 
124 301 13 18 0.05556396 
669 214 14 17 0.055472977 
3 307 12 15 0.054985538 
661 217 16 19 0.05077813 
100 370 17 21 0.050752256 
49 283 10 13 0.0502693 
302 278 12 16 0.04900238 
148 379 13 17 0.046256978 
119 284 12 15 0.04515692 
98 385 26 31 0.044964455 
304 271 9 11 0.041250806 
675 214 11 14 0.040946387 
253 317 12 15 0.0407441 
239 258 12 15 0.040394597 
26 315 16 20 0.040086716 
124 378 14 20 0.038350355 
22 331 14 16 0.037144795 
331 268 12 15 0.03708225 
752 208 9 12 0.03678342 
472 120 24 31 0.034551267 
756 208 9 11 0.0340015 
579 106 15 19 0.03395438 
339 282 12 17 0.032057546 
323 256 21 25 0.03184005 
83 204 24 30 0.03169637 
10 188 15 20 0.031268887 
278 292 11 16 0.031157661 
837 216 23 27 0.030725893 
256 307 12 15 0.030711295 
36 314 14 19 0.030425454 
132 300 14 18 0.030166432 
45 298 14 17 0.029998505 
219 293 13 16 0.029787933 
874 208 24 30 0.029169217 
724 239 10 14 0.028987903 
170 370 16 19 0.028690139 
10 351 15 20 0.02848242 
361 260 9 11 0.028201563 
10 98 31 35 0.028065616 
375 236 13 14 0.027676309 
772 203 11 13 0.027223833 
100 314 14 18 0.027215842 
126 281 11 13 0.0265849 
13 149 26 32 0.026524965 
279 285 11 15 0.026308129 
742 196 12 14 0.02593211 
748 219 11 14 0.025873903 
60 317 14 16 0.025797712 
179 254 22 28 0.025623221 
285 284 11 15 0.025572937 
55 316 26 31 0.02533449 
685 245 13 17 0.025027756 
71 286 9 11 0.024814118 
766 211 21 25 0.024295611 
283 279 24 28 0.024041785 
688 159 7 9 0.023983372 
2 337 23 32 0.023518912 
186 354 16 19 0.023197053 
187 265 17 21 0.02294049 
678 232 13 17 0.022617506 
257 266 12 17 0.022592276 
577 101 25 34 0.022454299 
76 333 12 16 0.022234812 
232 261 10 13 0.021908961 
687 255 14 18 0.021857714 
269 252 13 16 0.021853112 
21 322 23 27 0.021837182 
237 284 10 13 0.021514032 
75 405 26 36 0.021341851 
259 314 13 16 0.02121385 
22 131 15 17 0.020995667 
224 271 12 18 0.020640424 
456 91 43 55 0.020625433 
838 171 225 250 0.020576395 
583 94 12 13 0.020451657 
190 361 16 21 0.020417346 
164 330 16 20 0.020125732 
278 278 10 13 0.020036362 
