2_Demonstration_Demonstration_Or_Protest_2_644
186
146 181 26 33 0.999076 
101 237 29 41 0.99839646 
232 65 25 32 0.99714583 
821 278 23 29 0.9930883 
878 309 28 36 0.9885156 
767 287 25 34 0.9838313 
331 89 21 30 0.9810751 
931 275 22 28 0.9737316 
175 173 21 28 0.9456948 
852 272 19 24 0.93813246 
20 32 19 22 0.93135065 
834 141 18 24 0.903164 
644 238 19 23 0.84549683 
403 240 21 26 0.84465206 
489 315 18 24 0.78109986 
655 274 27 33 0.72119856 
369 247 22 27 0.7148949 
427 230 22 31 0.66684157 
966 263 31 37 0.66392505 
653 293 25 36 0.6074581 
295 236 13 19 0.58459055 
715 246 22 34 0.55597126 
560 278 24 31 0.4762207 
571 122 14 19 0.45708305 
237 219 14 20 0.39556205 
519 274 21 27 0.39365104 
540 195 16 19 0.36380103 
203 55 24 37 0.2971837 
475 294 16 21 0.28773677 
418 236 22 30 0.25320303 
211 49 14 18 0.23608562 
270 285 20 31 0.23343198 
553 244 16 20 0.210383 
700 259 25 36 0.20586014 
523 266 16 20 0.19602339 
513 247 16 19 0.17264982 
594 273 14 21 0.16825297 
315 154 17 23 0.15629143 
445 283 17 22 0.14341374 
503 197 12 15 0.14013249 
474 161 15 18 0.13822633 
384 246 17 22 0.1331584 
562 152 46 64 0.12213361 
525 150 17 21 0.10480842 
478 276 15 17 0.103915185 
478 305 22 26 0.10193919 
164 175 21 29 0.10046901 
865 432 37 35 0.09675296 
171 292 16 18 0.09339657 
470 209 13 16 0.08539471 
478 187 13 16 0.08150922 
354 248 24 30 0.08010401 
475 283 17 21 0.07811804 
214 63 27 33 0.07658876 
640 114 11 15 0.073747195 
867 351 27 34 0.07347883 
436 229 14 21 0.07151119 
504 227 11 17 0.07149814 
342 315 12 15 0.071340695 
317 91 26 33 0.0690083 
502 267 11 16 0.062414028 
732 96 15 18 0.061215177 
644 112 14 17 0.058897357 
498 243 13 19 0.056675903 
658 268 21 24 0.05544882 
710 245 17 27 0.05535078 
542 268 15 21 0.05513939 
223 170 14 19 0.05451001 
535 111 86 127 0.05245191 
538 152 15 21 0.048475876 
461 231 15 20 0.04841936 
805 177 13 16 0.04824092 
159 293 29 30 0.04754755 
494 248 13 18 0.046506774 
440 234 13 19 0.046479054 
655 308 32 40 0.04470458 
953 267 29 34 0.044634018 
196 718 26 33 0.043004602 
944 230 12 15 0.042343866 
592 148 12 17 0.04125141 
160 280 27 31 0.039871283 
515 258 17 21 0.039222043 
531 261 14 18 0.039168056 
556 137 12 17 0.03793231 
96 177 15 19 0.03778864 
451 284 22 28 0.037715197 
144 290 52 49 0.037564922 
471 274 13 19 0.03717281 
429 284 13 19 0.036796838 
484 182 12 15 0.036670543 
477 182 12 15 0.03629611 
644 282 27 35 0.035432853 
32 107 40 50 0.03537017 
830 150 14 22 0.034434248 
426 323 27 29 0.034400728 
549 250 23 31 0.033669274 
211 727 14 21 0.033446006 
577 271 23 33 0.033371583 
174 166 15 19 0.032956332 
558 229 12 14 0.03276888 
590 254 12 17 0.03226887 
20 190 35 42 0.032079484 
439 257 12 17 0.032030832 
510 163 12 19 0.031439006 
984 269 18 24 0.030980175 
435 279 21 28 0.030969253 
431 6 29 35 0.030878078 
533 157 16 22 0.0302915 
641 297 29 38 0.030244153 
0 224 20 32 0.030219797 
530 272 15 21 0.029852662 
222 703 16 20 0.029281382 
144 256 45 48 0.029259581 
149 303 32 31 0.029244129 
202 140 26 28 0.02899444 
483 268 15 19 0.028976375 
830 163 12 19 0.028788185 
85 247 25 33 0.028679833 
271 276 12 18 0.028641483 
507 221 12 16 0.02836678 
411 294 25 31 0.028319689 
198 69 15 21 0.028214226 
500 168 15 18 0.027858762 
775 297 28 35 0.027854364 
458 122 15 18 0.027733352 
78 2 25 28 0.027567482 
339 201 15 21 0.027411936 
260 617 14 17 0.027169086 
460 297 15 20 0.02710485 
32 91 33 40 0.027013738 
550 265 24 33 0.027001934 
869 322 28 36 0.026909359 
495 264 13 19 0.026334463 
-2 341 34 46 0.026334302 
409 210 14 18 0.026267262 
864 336 25 32 0.025862584 
496 237 12 16 0.025648365 
566 163 27 38 0.025593262 
466 227 14 19 0.025345854 
515 239 14 17 0.025302097 
471 185 13 18 0.02527418 
632 115 11 15 0.024971617 
518 154 15 19 0.024967242 
32 32 15 20 0.024861142 
486 251 13 17 0.0248129 
409 310 17 24 0.024785077 
301 232 20 26 0.024722073 
473 203 15 19 0.02469495 
490 297 16 22 0.024440538 
33 246 16 21 0.02418973 
495 194 13 17 0.024093382 
550 139 12 17 0.024086112 
525 280 22 29 0.02342061 
455 228 14 19 0.0232916 
401 194 23 27 0.023244869 
470 169 14 19 0.02322366 
580 256 23 31 0.023081763 
565 265 25 37 0.022919187 
581 253 15 19 0.022363072 
425 279 22 30 0.022273699 
269 299 16 26 0.022258908 
594 286 16 22 0.022151746 
588 186 13 19 0.022116004 
533 169 13 17 0.022028638 
350 248 17 23 0.022000406 
434 316 17 18 0.02199644 
611 259 14 18 0.021863852 
508 266 14 19 0.02173562 
482 163 13 17 0.021075217 
260 278 35 50 0.020930937 
503 208 13 17 0.020915212 
718 254 32 39 0.020861436 
595 142 14 17 0.020780612 
327 263 12 16 0.020684555 
523 252 14 17 0.020664698 
141 309 28 31 0.020575456 
463 210 13 16 0.020473737 
286 213 10 13 0.02038451 
562 236 13 17 0.02034405 
443 167 16 19 0.020277018 
273 271 9 13 0.020189436 
532 170 52 63 0.020177072 
605 259 14 17 0.020117935 
542 141 13 18 0.02003806 
498 310 25 34 0.020037187 
437 274 15 22 0.020001289 
