2_Demonstration_Protesters_2_46
162
78 52 60 75 0.99812776 
740 439 99 135 0.99769104 
957 116 64 86 0.9974982 
338 71 67 93 0.9965507 
262 147 64 90 0.99614906 
926 43 57 75 0.99415004 
617 92 60 92 0.9939785 
588 598 128 149 0.99264777 
645 267 81 121 0.99150366 
824 60 76 96 0.99030006 
427 502 93 143 0.98967767 
123 109 66 90 0.9893009 
755 39 59 77 0.989228 
793 602 90 113 0.9891585 
912 579 118 157 0.98798335 
273 15 54 63 0.9860119 
467 557 104 144 0.98520666 
494 150 77 103 0.9799098 
728 200 57 74 0.97872704 
394 119 50 68 0.9745968 
41 244 78 112 0.973869 
551 29 70 87 0.9721324 
386 340 84 96 0.9679262 
765 130 53 63 0.92955136 
240 87 44 61 0.9229657 
260 460 90 126 0.918151 
929 206 70 106 0.88847053 
40 29 42 56 0.86644876 
560 561 113 146 0.750719 
468 143 50 74 0.7101888 
362 344 64 77 0.61183923 
949 518 80 170 0.5236035 
688 22 29 36 0.4604007 
239 460 142 213 0.4061041 
-2 108 28 59 0.39435405 
5 236 80 111 0.36927736 
854 423 72 99 0.35038096 
845 605 129 127 0.33999988 
742 137 48 54 0.32710254 
730 30 27 36 0.3136016 
-4 437 49 114 0.29463378 
653 39 28 36 0.2677466 
829 21 35 41 0.26750028 
201 34 33 37 0.22585337 
751 52 25 39 0.21281703 
993 465 20 35 0.20322648 
-1 43 27 42 0.20038062 
581 95 32 44 0.18065567 
735 141 31 40 0.17981687 
508 565 105 147 0.15923543 
800 49 72 92 0.15438676 
797 423 104 134 0.14644367 
539 52 60 81 0.14478236 
246 24 42 53 0.14101474 
822 17 56 69 0.13680357 
936 11 28 31 0.1357873 
745 39 27 38 0.12482248 
256 125 51 71 0.12154346 
138 0 28 35 0.11461113 
255 65 47 68 0.09474123 
466 151 33 47 0.0920318 
57 45 51 68 0.09070438 
242 119 38 53 0.09013679 
573 646 40 62 0.08728814 
635 42 32 36 0.08590978 
944 175 62 99 0.08532751 
411 103 46 62 0.082858175 
112 247 53 64 0.08218644 
923 17 49 63 0.081682965 
358 94 68 90 0.08066498 
934 100 50 71 0.074619696 
-4 7 38 56 0.06959209 
471 171 61 80 0.064100124 
578 60 59 80 0.06385273 
867 650 47 45 0.063503675 
749 21 51 67 0.059285708 
751 191 53 67 0.05663935 
369 355 37 47 0.05380542 
270 191 52 69 0.05296331 
433 130 47 66 0.052790817 
739 14 42 55 0.050991505 
62 24 39 48 0.050646435 
7 -1 39 35 0.050546493 
343 335 57 75 0.048137356 
679 34 31 38 0.047284532 
938 70 56 77 0.045253795 
553 35 43 53 0.045236513 
748 606 109 133 0.043637715 
342 0 35 27 0.042782977 
649 188 51 66 0.04234081 
916 2 44 49 0.0418106 
202 149 37 58 0.04150353 
274 75 43 51 0.04015717 
756 96 33 40 0.040111106 
833 616 78 83 0.039296653 
168 146 49 65 0.038107302 
237 29 32 39 0.037133478 
754 33 32 41 0.037058968 
275 42 49 68 0.036251094 
756 0 32 33 0.03578136 
737 38 47 62 0.03577645 
297 316 17 22 0.03561269 
741 488 30 54 0.035505004 
229 129 44 64 0.034774367 
777 190 36 49 0.03435623 
898 106 27 38 0.03416376 
666 37 29 37 0.03371305 
381 520 97 133 0.033475615 
361 609 40 42 0.033142664 
433 105 36 49 0.032516297 
156 0 31 28 0.031618934 
277 284 27 46 0.030850438 
219 33 31 36 0.030604076 
522 25 62 83 0.030491197 
398 113 33 46 0.030470075 
117 211 48 62 0.030079743 
288 82 45 61 0.030029317 
802 22 51 68 0.02942249 
288 302 38 57 0.029364204 
326 162 31 46 0.029201953 
812 579 59 87 0.029181702 
879 0 27 32 0.028944185 
296 501 126 152 0.028363103 
802 98 57 67 0.02834992 
440 110 46 62 0.027979571 
904 24 48 61 0.027396196 
685 31 18 25 0.027165903 
721 172 54 75 0.027046243 
861 453 96 121 0.026839487 
718 152 45 59 0.026722029 
989 457 33 57 0.026501205 
475 215 37 43 0.026172401 
784 156 47 64 0.026154779 
598 43 52 61 0.026050473 
16 0 25 20 0.025903111 
565 23 45 53 0.025497913 
680 177 50 69 0.024868911 
689 46 27 33 0.024072587 
1000 3 24 35 0.023684084 
538 63 35 48 0.02348349 
266 103 50 64 0.023400206 
359 -2 47 39 0.02317362 
121 85 58 74 0.023084318 
311 73 49 68 0.022959981 
761 76 57 76 0.022950564 
488 16 29 46 0.022583231 
742 4 32 34 0.02231641 
658 36 18 22 0.022129802 
206 18 35 42 0.02176356 
663 616 104 124 0.021749409 
220 6 15 15 0.021518752 
109 271 32 45 0.021426372 
852 643 78 75 0.021244815 
939 248 39 57 0.021130733 
926 493 86 136 0.021098033 
-1 340 21 34 0.020906694 
123 210 27 42 0.02078512 
165 624 26 43 0.020613037 
745 345 17 21 0.020538172 
549 18 36 48 0.02035864 
991 444 12 15 0.020228611 
852 9 52 60 0.02022119 
