2_Demonstration_Protesters_2_779
68
1 343 120 147 0.99993765 
611 232 30 36 0.9984658 
549 396 86 104 0.996757 
726 366 74 90 0.9789929 
976 417 42 56 0.9789686 
699 433 22 34 0.9081438 
108 418 53 72 0.8360168 
450 353 26 34 0.49172068 
924 411 22 28 0.42740497 
418 353 16 21 0.4027593 
437 339 15 20 0.31614324 
613 351 45 54 0.27459744 
842 406 41 45 0.13785355 
400 350 38 49 0.116757445 
914 392 39 51 0.11432925 
53 393 96 108 0.11348607 
396 369 31 40 0.09241191 
639 261 22 28 0.0805797 
491 291 28 33 0.078873456 
422 346 37 49 0.06999109 
655 419 42 58 0.059924148 
359 676 56 52 0.055059366 
386 447 18 24 0.054598156 
631 216 15 18 0.050596546 
903 395 14 19 0.048876017 
233 442 12 16 0.046475563 
949 402 26 37 0.044138763 
274 385 18 19 0.04377192 
407 341 28 33 0.041574515 
489 299 42 53 0.04139821 
910 413 25 36 0.035972018 
690 419 38 54 0.034842577 
604 344 40 45 0.03401666 
245 383 12 14 0.033899523 
404 340 15 17 0.03364951 
504 298 16 19 0.03292823 
835 355 56 72 0.03269522 
884 402 12 17 0.032272343 
426 344 16 21 0.0318179 
858 343 16 19 0.031793974 
917 379 13 15 0.02921396 
544 -74 424 506 0.027999766 
956 508 30 37 0.026968274 
945 524 80 123 0.026950542 
873 417 15 21 0.026296722 
632 370 18 25 0.025871523 
320 685 57 55 0.025584036 
865 422 18 21 0.025200889 
624 238 26 32 0.025178468 
668 425 26 36 0.024767792 
419 367 16 22 0.023338027 
622 377 34 47 0.023116665 
680 429 27 37 0.02293022 
-12 28 99 172 0.022642227 
112 386 57 74 0.022516945 
707 399 52 67 0.022436054 
339 502 97 121 0.022143288 
854 393 37 46 0.021927731 
503 498 16 18 0.02156612 
754 363 89 103 0.021432834 
507 46 16 20 0.021371746 
425 359 14 20 0.021348933 
465 360 18 23 0.021341184 
931 405 14 18 0.020716818 
952 416 27 38 0.020456752 
683 231 14 19 0.020315284 
685 209 13 18 0.020288078 
980 362 42 57 0.020034842 
