2_Demonstration_Political_Rally_2_791
164
402 134 62 83 0.99756324 
395 346 65 83 0.99740535 
778 365 67 85 0.9968917 
649 271 70 92 0.99678814 
205 408 76 94 0.99630946 
994 518 26 34 0.9938724 
588 32 77 93 0.9914362 
542 296 73 90 0.9905873 
321 468 30 35 0.9893617 
956 510 28 33 0.9873071 
21 543 37 46 0.98704404 
923 493 22 28 0.9733348 
42 468 22 28 0.95893455 
961 428 22 30 0.9527358 
333 540 37 43 0.95140445 
487 538 40 43 0.89974666 
860 521 25 32 0.8947682 
58 439 19 25 0.7991481 
971 390 23 29 0.69333494 
1003 410 18 24 0.6205694 
682 518 28 40 0.58932894 
13 509 22 32 0.585412 
16 33 99 184 0.47508737 
626 466 47 62 0.46816203 
695 516 26 40 0.4241399 
130 525 23 28 0.40421146 
45 515 25 26 0.37202325 
1001 497 22 32 0.3614921 
397 526 30 37 0.3579491 
939 349 15 21 0.3243159 
584 479 24 32 0.23813422 
961 336 15 21 0.22715552 
84 473 17 22 0.21283956 
104 448 19 29 0.20651262 
644 479 35 42 0.1880254 
84 516 26 28 0.17146184 
862 499 13 16 0.16746785 
307 428 47 66 0.15360993 
618 481 30 42 0.14869532 
945 325 13 18 0.14268003 
-1 498 17 22 0.13993251 
377 530 33 36 0.13503212 
37 396 14 16 0.1302719 
946 255 25 31 0.123644345 
27 456 25 33 0.12156127 
729 526 43 46 0.11650619 
67 566 19 22 0.11432654 
689 480 17 23 0.10804973 
33 401 26 34 0.09928512 
309 429 30 38 0.0981949 
80 394 18 24 0.096695125 
86 479 21 28 0.09519127 
475 518 28 30 0.09139241 
1004 444 16 21 0.08958951 
1006 491 17 24 0.08442754 
825 545 31 34 0.08285588 
293 398 79 102 0.08252136 
647 488 49 56 0.07919486 
999 397 21 29 0.07858128 
98 485 22 30 0.078580834 
995 338 23 34 0.07589004 
994 443 20 27 0.07303661 
1012 463 13 23 0.06969399 
51 520 27 29 0.06330674 
335 371 12 15 0.06253524 
984 391 16 24 0.06237958 
694 463 25 35 0.06099784 
34 420 24 30 0.060712356 
991 344 15 19 0.05808526 
25 454 19 23 0.057161942 
971 382 18 21 0.055176266 
1010 478 14 25 0.052030884 
484 527 31 35 0.05038328 
984 446 19 27 0.050189205 
942 551 28 32 0.049014024 
966 393 18 22 0.0487358 
350 371 13 16 0.048454795 
888 221 29 32 0.048381977 
639 464 31 38 0.047478765 
957 365 15 18 0.047408246 
331 401 18 21 0.045268107 
56 532 27 31 0.044148467 
403 533 19 23 0.04387994 
614 470 25 39 0.04286134 
985 199 23 33 0.04229818 
684 513 18 22 0.041343596 
975 360 13 17 0.041257992 
614 470 13 19 0.04063224 
642 500 33 38 0.039912473 
1003 435 16 20 0.039570466 
982 302 12 16 0.03956738 
642 472 18 23 0.037753947 
1005 450 19 28 0.037615906 
74 531 15 19 0.037256222 
679 457 44 54 0.03669674 
37 520 26 30 0.036432758 
26 479 16 21 0.03621372 
669 429 15 20 0.036173735 
86 501 28 33 0.035960104 
62 442 25 33 0.033524707 
877 307 23 30 0.033374447 
652 425 15 16 0.0328335 
353 533 39 45 0.032551177 
946 334 20 26 0.031800445 
92 453 22 30 0.03146507 
309 468 29 39 0.031456403 
29 317 11 13 0.031446125 
978 436 19 27 0.031423956 
96 447 36 49 0.031044463 
929 253 42 55 0.030991394 
675 474 27 35 0.03053806 
12 330 14 19 0.030481458 
1013 339 11 18 0.030063426 
113 520 23 31 0.029594975 
117 483 14 21 0.029355446 
340 418 14 17 0.028721415 
938 340 17 21 0.028598588 
893 494 14 20 0.02855106 
997 49 27 40 0.028323902 
71 523 25 29 0.028246138 
278 418 55 71 0.027769426 
319 375 52 74 0.02771206 
376 538 20 23 0.027665472 
631 517 22 31 0.027567143 
914 535 28 31 0.027508909 
738 129 75 118 0.027495135 
734 361 44 55 0.02740535 
604 467 25 35 0.027121374 
706 464 16 21 0.027105588 
957 368 21 29 0.026599405 
28 444 17 21 0.026296342 
0 294 22 40 0.026276588 
976 298 24 30 0.026181458 
346 504 26 27 0.025856197 
978 485 21 28 0.025496721 
657 494 20 25 0.02538098 
320 435 17 21 0.025321908 
321 394 29 36 0.02526993 
304 50 47 64 0.024940727 
964 354 13 18 0.024683846 
40 433 24 30 0.023260714 
70 361 15 19 0.02278436 
754 175 29 47 0.022710294 
1005 312 13 19 0.022503242 
30 25 171 223 0.022477867 
330 109 49 69 0.022322748 
669 524 31 37 0.022104934 
637 478 17 25 0.022075271 
976 352 21 27 0.021976318 
705 520 31 41 0.021799974 
671 532 42 49 0.021640286 
628 464 78 89 0.02151536 
880 213 47 50 0.021486731 
705 447 9 13 0.021387681 
871 515 24 30 0.021170229 
110 521 15 21 0.02109247 
624 496 19 25 0.021072717 
283 508 30 35 0.020784814 
39 551 32 34 0.020705493 
62 548 25 28 0.020507986 
957 419 14 18 0.020458303 
619 472 14 18 0.020408059 
855 491 21 27 0.020251626 
116 515 15 20 0.020175535 
