2_Demonstration_Political_Rally_2_5
2567
320 234 25 37 0.9911799 
748 411 28 34 0.9871581 
692 391 32 44 0.97340685 
133 463 26 38 0.95695126 
673 335 18 21 0.9197373 
931 359 15 21 0.9030405 
865 449 30 36 0.8918263 
594 394 27 34 0.87100923 
724 380 22 30 0.85924613 
823 384 28 34 0.8520803 
652 310 18 23 0.84712964 
437 121 30 43 0.82911325 
787 382 24 28 0.81915253 
678 296 15 18 0.8180276 
715 423 16 21 0.7813276 
932 440 14 18 0.739024 
973 341 12 15 0.7355605 
185 234 27 33 0.7217829 
866 421 28 33 0.71240383 
867 283 13 17 0.69278467 
477 274 17 22 0.6542292 
950 171 9 12 0.6513883 
844 423 21 26 0.6361964 
35 274 17 21 0.6096273 
788 308 13 17 0.6046738 
34 259 14 18 0.6026763 
694 270 10 14 0.5732855 
850 347 13 17 0.54436046 
720 267 13 15 0.5435118 
352 223 11 14 0.5404881 
30 193 13 18 0.5312039 
30 480 31 40 0.51492274 
641 218 10 13 0.51276886 
815 268 8 11 0.5086171 
184 181 9 12 0.5075916 
876 365 17 19 0.5073833 
654 332 14 17 0.50387853 
928 232 9 12 0.49971557 
718 332 13 17 0.49964878 
868 433 31 40 0.49887764 
371 301 14 20 0.49587238 
57 297 18 21 0.47530556 
346 300 16 20 0.46531332 
694 228 13 16 0.44881672 
886 329 15 19 0.41603708 
852 223 9 12 0.40410042 
712 385 23 32 0.3978418 
789 239 11 13 0.39709708 
797 461 34 41 0.39636537 
654 232 11 12 0.3958929 
627 294 11 13 0.384904 
624 230 9 12 0.3796625 
769 253 10 13 0.36926427 
749 245 13 15 0.3628563 
928 246 10 13 0.35971847 
882 82 7 9 0.3577706 
62 141 9 11 0.35437915 
901 109 9 12 0.35332125 
565 239 10 11 0.3485695 
628 309 12 16 0.34646198 
749 380 16 20 0.3426829 
868 351 12 14 0.34078965 
906 142 7 10 0.33922437 
860 316 11 13 0.33835474 
664 198 12 15 0.3333417 
838 240 9 12 0.33267584 
165 180 8 11 0.3302712 
992 166 10 12 0.3290927 
702 128 8 11 0.32838544 
829 378 18 22 0.31841123 
629 352 21 26 0.31699076 
900 248 10 12 0.3167714 
649 237 9 12 0.31457663 
1000 117 8 10 0.31329414 
90 196 10 12 0.310712 
582 343 15 23 0.30810905 
717 351 17 21 0.3054232 
983 125 8 11 0.30356544 
574 302 9 12 0.3013341 
945 255 9 11 0.2955611 
554 220 9 11 0.29555658 
759 164 7 10 0.29260063 
869 246 9 12 0.2892676 
585 284 12 15 0.2882791 
797 137 8 10 0.28816992 
93 92 8 10 0.2863677 
927 176 8 11 0.28595296 
571 274 11 14 0.28530034 
985 101 8 11 0.2814261 
992 439 26 40 0.28023455 
958 160 8 12 0.27946478 
668 246 11 14 0.27864918 
556 355 21 26 0.27863726 
796 159 9 10 0.2758308 
736 225 9 11 0.27474573 
631 118 8 9 0.27313483 
679 95 8 12 0.27222568 
815 240 8 10 0.27145755 
947 384 16 21 0.26774067 
783 86 7 9 0.26664475 
118 238 7 11 0.26533508 
56 207 10 12 0.26304755 
748 264 16 18 0.26077026 
634 316 10 14 0.26074934 
838 300 10 13 0.26073825 
566 198 8 10 0.2599196 
69 188 9 11 0.25924608 
881 301 10 13 0.25892693 
951 86 9 11 0.25806245 
16 117 10 13 0.25538093 
621 324 15 19 0.25349694 
679 150 7 10 0.24856384 
88 243 12 14 0.2472331 
989 102 7 10 0.24327397 
952 235 10 12 0.24113205 
504 262 11 14 0.24054956 
874 402 18 21 0.23990257 
751 92 9 10 0.23907608 
78 49 8 9 0.23730142 
545 401 16 20 0.23303337 
233 196 9 11 0.23297612 
572 306 13 18 0.23274209 
89 191 10 12 0.2319273 
646 369 16 22 0.2317848 
557 128 8 9 0.2256498 
879 181 9 11 0.22374053 
937 263 8 10 0.22208256 
648 246 10 12 0.22181107 
51 244 11 13 0.2196621 
834 245 9 12 0.21880168 
145 135 8 10 0.21734953 
609 246 9 11 0.21708567 
861 182 9 11 0.21349448 
911 295 10 13 0.21330823 
671 79 7 10 0.21315481 
942 285 11 13 0.21072562 
789 284 9 11 0.20914601 
756 263 13 15 0.20859793 
177 165 8 10 0.20579801 
752 88 9 10 0.20484424 
880 232 9 10 0.20422426 
703 406 24 34 0.20369446 
713 112 7 10 0.20299935 
513 362 17 18 0.20291804 
775 48 8 10 0.2022922 
663 160 8 10 0.20180754 
111 92 9 11 0.20124128 
318 109 7 10 0.20065686 
813 166 9 11 0.19777124 
673 95 8 11 0.19577922 
698 236 12 13 0.1951674 
962 102 9 11 0.19368446 
753 165 8 10 0.19286895 
869 410 23 27 0.19224063 
32 81 8 11 0.19119446 
648 251 11 14 0.19116089 
599 88 7 9 0.19067699 
152 493 24 29 0.19062932 
121 29 8 10 0.19014393 
105 188 10 12 0.18932053 
864 281 11 13 0.18814234 
974 41 7 9 0.187777 
647 63 8 11 0.18683831 
685 214 11 13 0.18482167 
105 148 8 10 0.18477002 
720 135 7 10 0.18456389 
801 96 7 9 0.18429366 
673 102 7 10 0.18405084 
949 373 17 21 0.18150836 
991 354 15 19 0.18012989 
135 185 7 9 0.1790732 
688 78 8 9 0.17879607 
21 111 9 11 0.17684093 
20 115 9 12 0.17539787 
598 377 26 29 0.17445412 
556 215 9 12 0.17282677 
174 112 8 10 0.1713293 
150 223 9 12 0.17067781 
30 140 8 11 0.17061752 
885 80 8 10 0.17051381 
641 133 7 10 0.17023537 
53 228 10 12 0.16979496 
590 17 7 10 0.16953428 
105 184 9 11 0.16932851 
320 80 7 9 0.16929583 
871 369 15 17 0.16927175 
774 102 7 9 0.16899672 
713 86 8 10 0.16808002 
255 61 8 9 0.16780715 
600 175 8 11 0.16710262 
873 64 7 9 0.16651195 
24 135 9 12 0.16618954 
630 56 9 10 0.16471593 
936 292 10 12 0.16457644 
108 214 9 11 0.16440903 
15 229 12 14 0.16439268 
812 141 9 12 0.1640222 
600 135 7 9 0.16373219 
91 237 13 15 0.16348656 
536 152 8 11 0.16179007 
889 206 8 10 0.16173248 
672 86 8 10 0.16158809 
806 118 8 11 0.16088724 
750 221 9 10 0.16045189 
512 239 9 11 0.16037056 
718 247 9 11 0.15996727 
594 112 6 9 0.15973699 
912 224 9 12 0.15960547 
0 276 12 19 0.15920748 
951 80 7 8 0.15889223 
626 237 9 11 0.15864152 
735 65 7 9 0.15784517 
670 223 11 13 0.15783934 
837 254 9 13 0.15780535 
500 229 10 11 0.15771013 
120 246 9 11 0.15760644 
1005 33 7 9 0.15655562 
710 143 7 9 0.15602879 
625 54 7 10 0.15536407 
801 117 9 11 0.15490797 
917 71 7 10 0.1544751 
609 128 8 9 0.15406851 
832 100 8 10 0.15264048 
786 111 8 10 0.15220007 
934 80 7 9 0.15212125 
154 183 8 11 0.15203662 
911 55 7 9 0.15189765 
833 7 7 9 0.15096241 
566 14 8 10 0.15044808 
793 264 8 10 0.14997295 
716 274 15 18 0.14915267 
678 55 7 9 0.1484012 
561 245 9 11 0.14777136 
665 142 7 9 0.14686319 
159 127 7 9 0.14630267 
7 187 12 15 0.14602974 
706 142 8 10 0.14594424 
1009 87 7 9 0.14568198 
1006 70 7 9 0.14514896 
832 145 8 11 0.14506583 
807 49 7 9 0.14494465 
902 104 8 11 0.1448902 
702 88 8 11 0.14461237 
742 222 10 12 0.14454189 
959 120 7 8 0.14445409 
656 109 8 10 0.14327857 
317 142 10 11 0.14240621 
671 110 8 10 0.14228444 
984 96 8 11 0.14227688 
679 216 9 11 0.14185031 
722 128 7 9 0.14171378 
879 294 10 12 0.14008781 
984 79 7 9 0.13995937 
915 409 14 18 0.13978818 
540 284 10 13 0.13966848 
957 150 8 11 0.13916048 
928 157 8 11 0.13903944 
31 134 10 14 0.13853304 
775 167 9 10 0.13818401 
38 132 8 12 0.1380344 
721 160 8 10 0.13786806 
560 152 7 9 0.13779314 
991 184 9 11 0.13687623 
615 145 7 9 0.13556436 
1008 298 11 14 0.13543029 
536 230 8 10 0.13286749 
626 298 14 18 0.13237569 
111 191 8 10 0.13189012 
56 224 9 13 0.1313405 
95 254 10 12 0.13112801 
791 103 8 9 0.13100442 
881 333 12 14 0.13083304 
513 86 8 10 0.13072668 
798 175 8 10 0.13060297 
470 368 23 28 0.13046663 
812 331 15 18 0.1302873 
896 172 9 12 0.13014568 
718 308 13 18 0.13002543 
657 174 8 10 0.13001671 
64 182 10 13 0.12907808 
65 157 10 13 0.12887155 
983 121 7 10 0.12856863 
698 93 8 10 0.1284341 
919 253 8 11 0.1282768 
628 230 9 13 0.1272303 
829 269 8 11 0.12714031 
110 145 7 9 0.12691492 
558 94 8 9 0.12641376 
994 171 10 12 0.12515415 
793 55 6 8 0.124892235 
1006 94 7 10 0.12478978 
717 86 8 11 0.12456815 
581 247 8 11 0.12454587 
577 246 9 10 0.12443531 
806 338 16 20 0.124359496 
243 166 8 11 0.12431364 
615 48 7 10 0.12427274 
886 277 9 13 0.123547 
570 49 7 9 0.12353777 
903 174 8 11 0.12288891 
726 158 8 10 0.12267284 
665 250 11 14 0.1219615 
638 79 7 10 0.121756524 
917 295 11 13 0.1215753 
640 56 7 9 0.12139955 
776 174 7 10 0.121237785 
670 135 7 9 0.12116142 
713 207 10 12 0.12054116 
103 145 8 9 0.12002332 
120 80 8 9 0.11909613 
120 182 7 9 0.11884875 
632 152 8 9 0.118219085 
949 144 9 11 0.11814891 
570 135 7 9 0.11787652 
3 481 15 22 0.11764077 
945 135 8 10 0.11678544 
81 143 8 9 0.11652766 
0 109 8 11 0.1164108 
541 230 8 10 0.11636132 
357 87 8 10 0.115937755 
913 96 7 9 0.11549443 
822 14 7 9 0.11546126 
61 223 9 12 0.115449466 
513 208 8 10 0.11530192 
128 94 9 11 0.115097135 
889 47 8 10 0.11456041 
96 24 7 10 0.114495516 
893 47 9 11 0.11443124 
967 181 9 12 0.11434546 
518 149 8 10 0.1140038 
236 215 14 20 0.11390467 
711 151 7 9 0.113782525 
950 149 9 11 0.11325345 
979 347 11 16 0.11305308 
343 133 9 10 0.11289971 
542 262 9 11 0.11266487 
640 112 7 9 0.11261744 
625 95 8 11 0.1124877 
713 80 7 9 0.11172619 
751 239 13 16 0.11148264 
150 161 8 10 0.11141484 
952 407 28 33 0.111185044 
721 39 7 9 0.11091482 
368 270 11 13 0.11060613 
767 121 9 10 0.10984916 
616 166 8 10 0.10972452 
897 168 7 10 0.10911544 
908 325 10 14 0.10903321 
900 310 11 12 0.1084743 
729 93 8 9 0.108011745 
81 174 9 11 0.10800662 
495 104 9 10 0.107987955 
944 300 12 15 0.107806794 
579 153 7 9 0.1077732 
103 296 16 19 0.10719571 
585 39 7 9 0.10703875 
859 418 23 30 0.107011296 
160 134 7 10 0.10621032 
1006 175 9 11 0.10581696 
494 222 10 12 0.105762705 
620 373 21 27 0.1056866 
526 260 8 11 0.105627485 
822 247 8 10 0.105514154 
146 141 9 11 0.10551145 
102 256 10 11 0.105495654 
112 196 9 12 0.10537491 
793 166 9 12 0.105253756 
584 167 8 10 0.10522499 
584 158 8 10 0.10496721 
601 360 22 27 0.10489349 
97 144 8 10 0.104822084 
535 132 8 10 0.10482079 
159 181 8 11 0.1047801 
981 173 8 11 0.10471267 
135 94 7 9 0.10424444 
534 128 8 10 0.10407853 
934 432 21 28 0.10397151 
898 251 9 11 0.10381052 
263 118 8 10 0.10348918 
958 38 8 10 0.10338531 
583 291 12 15 0.10335742 
834 167 8 10 0.10326671 
712 189 9 11 0.10289284 
200 142 7 9 0.10287985 
567 8 8 10 0.10283178 
312 111 8 10 0.102514155 
832 175 8 10 0.10157147 
511 309 11 14 0.10150322 
634 79 8 11 0.101442635 
112 166 8 11 0.10090596 
664 128 7 9 0.100685984 
655 104 7 10 0.10051638 
975 175 10 11 0.10008545 
201 119 8 10 0.09997112 
519 144 8 10 0.09995072 
712 250 11 14 0.09991273 
624 87 8 10 0.099769525 
62 96 8 11 0.09925007 
938 348 14 18 0.09898522 
610 78 7 9 0.098941594 
190 183 8 11 0.0988808 
54 126 11 13 0.098725155 
716 251 12 14 0.09859979 
863 221 8 11 0.09859842 
697 181 9 11 0.098355785 
47 236 14 16 0.09802973 
948 282 11 14 0.098014556 
362 337 27 31 0.09742892 
678 287 14 19 0.097412996 
950 56 7 9 0.097227424 
103 128 9 11 0.09692178 
681 121 7 10 0.09678553 
742 261 15 19 0.09649848 
318 105 8 9 0.09645288 
94 278 10 13 0.09636998 
599 111 8 9 0.096344136 
657 32 7 9 0.09623925 
50 85 8 11 0.0962088 
158 103 7 10 0.09584949 
606 65 8 9 0.09571305 
121 253 10 13 0.09562938 
121 103 9 11 0.09529724 
183 186 11 13 0.09521898 
645 132 9 11 0.09521041 
944 103 8 10 0.09507146 
869 15 8 11 0.095052056 
863 262 10 12 0.095014 
989 96 7 10 0.094930135 
849 341 12 15 0.09490675 
768 215 9 11 0.094789 
870 264 9 11 0.09426941 
918 0 7 8 0.09426074 
0 188 10 15 0.09410074 
602 64 7 10 0.09405901 
72 68 9 11 0.09398192 
673 151 8 10 0.09352258 
94 229 11 14 0.09351399 
139 158 7 10 0.09329809 
895 293 10 13 0.093043715 
214 190 8 11 0.092916645 
698 128 8 11 0.092830464 
915 442 21 26 0.09264051 
973 402 18 21 0.09250646 
920 176 8 10 0.092306726 
795 353 14 16 0.09212317 
722 166 8 10 0.09200131 
745 215 8 10 0.09177184 
940 290 13 15 0.091700174 
386 97 7 9 0.09167309 
143 177 7 9 0.091626145 
682 6 8 10 0.09155384 
862 161 8 11 0.09146191 
937 355 15 19 0.0913561 
593 96 7 9 0.091245644 
129 184 8 10 0.09119477 
963 379 15 19 0.09099706 
0 91 9 14 0.0908964 
741 159 8 10 0.09088875 
239 41 8 9 0.09084572 
813 160 9 11 0.09078748 
128 70 8 10 0.09073316 
584 97 7 9 0.0905637 
728 104 8 9 0.09018748 
586 15 7 9 0.09010649 
823 57 8 10 0.09005381 
618 23 7 10 0.09005309 
681 126 7 9 0.09002817 
65 102 8 10 0.08973853 
537 247 7 10 0.08965767 
491 268 12 14 0.08962569 
864 253 10 12 0.08958983 
156 243 13 18 0.08944098 
87 143 6 9 0.089411445 
272 80 7 8 0.08926584 
663 182 8 10 0.08903679 
734 151 9 11 0.08902794 
720 141 8 9 0.08899043 
653 94 7 10 0.08893715 
912 175 7 10 0.08892375 
191 78 7 9 0.08850755 
153 104 8 10 0.08846624 
689 73 8 10 0.088321015 
594 87 7 8 0.08821896 
213 259 14 18 0.08804804 
815 172 9 11 0.08794613 
960 133 9 10 0.087816104 
272 87 7 10 0.08772758 
47 184 10 13 0.0876591 
609 149 8 10 0.08743822 
305 120 8 10 0.087057315 
864 240 8 10 0.08705069 
215 15 7 9 0.08684164 
665 136 7 10 0.08683478 
625 112 7 10 0.086815804 
755 161 8 10 0.08665271 
64 149 9 12 0.08659752 
488 104 8 11 0.08657411 
736 165 8 11 0.086567536 
678 275 13 15 0.086565726 
1001 102 8 9 0.08635387 
664 110 7 10 0.08619344 
592 251 10 13 0.086045906 
70 198 10 13 0.0859527 
657 38 8 11 0.08594101 
662 282 11 16 0.085773915 
550 104 7 9 0.08561857 
184 177 8 11 0.08558726 
608 71 8 10 0.08551588 
739 227 11 14 0.085494146 
839 260 9 10 0.085180126 
651 366 23 26 0.084939614 
200 166 8 10 0.08483303 
970 388 15 19 0.08478647 
92 111 9 11 0.08468936 
687 120 7 9 0.084445834 
777 392 21 29 0.08440053 
862 188 8 10 0.08430432 
744 103 8 9 0.084169544 
204 250 13 18 0.08415901 
977 80 7 10 0.08403046 
943 259 9 12 0.0839998 
857 70 8 10 0.08398597 
745 78 8 10 0.08395343 
904 318 11 15 0.08386998 
135 88 7 9 0.08385077 
481 109 9 12 0.08384368 
823 291 10 13 0.083687976 
12 223 12 14 0.08342974 
934 55 7 9 0.083382115 
55 132 11 14 0.08324649 
880 407 17 21 0.08322382 
232 32 7 8 0.083181776 
39 313 17 19 0.08276789 
184 22 7 9 0.08272456 
142 160 8 10 0.082678564 
745 57 7 9 0.08252348 
609 53 7 9 0.08250781 
784 243 10 12 0.082333095 
576 174 8 11 0.08228574 
903 71 8 10 0.08209423 
615 207 7 10 0.08205412 
916 371 15 21 0.081961595 
757 47 7 10 0.08163361 
229 173 7 9 0.08160927 
181 89 8 10 0.08117799 
959 232 9 11 0.08115361 
578 308 15 19 0.081091404 
120 259 11 15 0.08108686 
895 285 9 13 0.080994435 
175 117 7 9 0.08095793 
622 224 10 12 0.08075168 
818 15 8 9 0.08044734 
577 156 7 9 0.08024801 
634 157 7 10 0.08022937 
726 350 19 26 0.08018322 
311 71 7 9 0.08014686 
738 377 22 29 0.08012187 
537 278 11 13 0.08001667 
224 167 8 11 0.079909 
527 240 8 11 0.07990256 
181 166 7 10 0.07971004 
829 286 10 12 0.07956568 
370 352 16 19 0.07949131 
574 134 7 10 0.07941202 
93 224 9 11 0.07939332 
896 71 6 9 0.07917862 
761 323 16 18 0.07867474 
809 278 8 11 0.07864152 
176 143 7 9 0.078308545 
614 127 7 10 0.07816996 
824 421 23 28 0.0780893 
356 313 46 65 0.07808692 
562 79 8 9 0.077850014 
384 101 7 10 0.07766843 
663 45 7 9 0.07759656 
945 148 10 12 0.077583425 
251 324 13 16 0.077555485 
668 354 16 19 0.077331714 
586 135 8 10 0.07729461 
172 227 25 31 0.07712892 
215 176 7 9 0.077111185 
64 108 10 12 0.07702572 
519 136 8 9 0.0769333 
943 280 10 13 0.07665393 
1005 111 8 11 0.07664676 
95 259 12 14 0.07661039 
918 95 8 10 0.07649923 
815 105 7 9 0.076449715 
781 370 24 27 0.07613246 
770 95 8 10 0.07589218 
656 281 12 17 0.0758868 
1013 88 7 10 0.075833745 
800 55 8 9 0.07583144 
888 119 8 10 0.07580493 
125 208 9 12 0.075730935 
729 152 8 10 0.07555045 
607 105 7 9 0.07539732 
607 110 8 9 0.075357296 
718 300 12 17 0.07534445 
517 85 9 11 0.075266846 
126 100 8 12 0.07526182 
743 248 14 16 0.07510155 
718 211 9 11 0.07507573 
952 47 8 11 0.07497258 
78 87 7 10 0.07495766 
-1 229 8 13 0.07484635 
624 71 7 8 0.07479555 
591 137 7 10 0.07477154 
929 46 8 9 0.07470434 
806 95 7 9 0.07455433 
609 48 9 10 0.074418366 
246 109 8 11 0.07434162 
855 46 7 9 0.0743406 
792 79 8 10 0.07432977 
830 262 10 12 0.07430254 
600 231 8 10 0.0742084 
710 353 16 19 0.074131206 
937 86 7 9 0.074030615 
610 120 7 8 0.07394055 
231 103 8 10 0.07393003 
249 62 8 9 0.07382141 
903 160 8 10 0.07380742 
32 264 19 24 0.073748946 
47 94 8 10 0.073747456 
907 198 12 15 0.07371281 
618 328 22 27 0.073493205 
544 168 8 10 0.073212236 
281 118 9 11 0.07320735 
825 111 7 9 0.07320101 
661 175 9 10 0.07308385 
745 134 8 10 0.07304001 
78 181 10 12 0.07283765 
549 6 8 10 0.07279831 
575 221 8 11 0.072643034 
856 32 7 8 0.072605036 
105 7 8 9 0.07259961 
390 96 6 9 0.072554715 
248 261 23 28 0.07250034 
56 94 9 11 0.07242687 
717 197 9 11 0.07235529 
130 64 7 9 0.07225107 
129 136 7 9 0.07223588 
117 190 8 11 0.072209865 
483 244 11 13 0.07217414 
672 215 9 11 0.07202234 
373 262 12 16 0.07188428 
887 174 9 10 0.07180209 
152 188 9 10 0.07169271 
344 128 9 10 0.07151585 
793 173 8 11 0.071494296 
576 86 7 9 0.071396574 
968 255 10 11 0.07132684 
713 269 11 14 0.07129404 
623 48 7 9 0.07110245 
775 159 8 11 0.070885405 
475 363 17 20 0.07078215 
577 217 7 9 0.07077518 
687 85 8 10 0.07075229 
577 82 7 9 0.07074867 
744 61 7 10 0.07070866 
798 263 7 10 0.07063041 
649 15 8 10 0.07059259 
42 260 13 16 0.07053336 
583 81 7 9 0.0704957 
87 228 14 16 0.07045714 
633 136 7 9 0.07036396 
47 134 9 11 0.07027023 
41 157 10 13 0.07025159 
304 56 6 9 0.07018087 
654 8 7 9 0.07011319 
631 246 8 10 0.07008074 
665 70 8 10 0.070011355 
861 301 9 11 0.06995651 
623 134 7 9 0.0699321 
119 175 8 10 0.06989705 
286 125 9 11 0.06989564 
1016 44 7 10 0.069621794 
689 47 7 8 0.06955686 
880 277 10 13 0.06941607 
670 258 13 14 0.06926989 
857 64 6 8 0.0692637 
100 469 25 33 0.06904847 
214 182 7 10 0.0689666 
8 119 9 12 0.068913914 
72 80 8 11 0.06884772 
700 243 11 15 0.06864381 
833 87 8 9 0.06856167 
102 24 7 10 0.06852345 
650 420 26 35 0.06848553 
70 136 9 10 0.06842768 
1014 174 8 11 0.06823149 
718 63 7 9 0.06821562 
778 86 8 9 0.0681345 
238 151 7 9 0.06811242 
700 225 10 12 0.06803425 
48 71 7 10 0.06803315 
615 223 10 13 0.06802259 
382 39 7 9 0.06799202 
111 254 7 10 0.0679703 
208 103 7 9 0.06781231 
211 95 7 9 0.06777542 
944 235 11 12 0.06770833 
880 102 8 10 0.06766614 
601 104 7 9 0.067540325 
720 338 14 19 0.06753832 
625 62 8 10 0.06753125 
990 78 7 9 0.06740678 
783 263 8 9 0.06736343 
687 191 8 10 0.067361504 
588 279 12 15 0.067320324 
824 80 7 9 0.06723293 
718 110 8 11 0.0671273 
601 129 7 9 0.067110285 
612 304 14 18 0.06710609 
1003 37 8 11 0.06706533 
933 63 8 9 0.06702352 
753 71 7 9 0.06691988 
966 95 8 10 0.066799715 
773 97 8 9 0.066680945 
656 168 8 9 0.06666359 
271 39 8 10 0.06661506 
390 68 7 11 0.06660804 
101 132 10 11 0.06656547 
855 215 8 11 0.06637356 
192 158 8 9 0.066359624 
806 354 14 16 0.06635428 
621 24 7 10 0.066346094 
775 22 6 8 0.06627038 
890 246 7 11 0.06613877 
503 159 8 10 0.066012666 
774 260 8 11 0.06599197 
943 219 9 10 0.06597083 
543 254 9 12 0.06594534 
873 48 8 10 0.0659301 
950 92 8 11 0.06581258 
881 177 9 11 0.065744154 
287 72 8 10 0.06566677 
926 140 7 9 0.065657295 
210 15 7 9 0.06562017 
838 427 16 21 0.06553175 
769 7 8 10 0.06551081 
697 62 7 9 0.06549789 
129 141 8 9 0.06547234 
669 286 12 16 0.065213285 
950 387 22 25 0.06519111 
696 176 8 10 0.06509496 
580 300 11 14 0.06508021 
807 125 8 10 0.0650795 
0 300 8 15 0.06477492 
121 212 9 11 0.06469035 
688 268 11 15 0.06465723 
831 181 8 10 0.06459772 
856 239 9 11 0.06459156 
607 176 10 11 0.06444971 
639 151 8 10 0.06431011 
640 71 7 9 0.06425371 
527 159 8 10 0.06421201 
30 61 8 10 0.063899 
14 122 10 13 0.06363178 
756 307 15 18 0.06346096 
822 253 8 11 0.06341894 
935 268 9 12 0.06339548 
118 55 8 11 0.063175045 
775 182 7 9 0.06315559 
887 103 8 9 0.06306704 
647 258 11 13 0.06305099 
136 102 8 10 0.0629936 
118 61 8 10 0.06294585 
117 198 8 11 0.062903985 
974 350 12 18 0.062883526 
190 154 8 9 0.06279548 
71 31 7 9 0.062790826 
824 183 8 9 0.06278469 
930 153 8 10 0.062652536 
124 247 9 12 0.06262778 
120 110 8 10 0.06246586 
110 184 8 10 0.062447075 
647 87 9 11 0.06242314 
895 239 8 10 0.062311254 
897 103 8 10 0.062115062 
648 68 7 10 0.061986603 
824 268 9 11 0.06195596 
448 141 18 24 0.061884463 
543 329 13 16 0.061864264 
649 232 9 11 0.06181129 
885 309 9 12 0.06179144 
848 119 7 9 0.06178692 
870 240 9 10 0.061715227 
886 261 8 10 0.061682113 
55 101 10 11 0.06165288 
637 346 21 25 0.061642207 
198 182 8 10 0.061625995 
223 146 8 9 0.06161413 
608 213 8 10 0.061586488 
869 396 17 20 0.06153975 
934 253 8 11 0.061503123 
131 188 8 11 0.061395217 
857 253 9 12 0.061365128 
223 120 8 10 0.061349172 
961 401 23 26 0.061334126 
729 110 9 11 0.06127967 
550 296 10 13 0.061211225 
903 87 7 9 0.06107718 
928 276 9 13 0.06104552 
229 55 8 10 0.06104028 
930 40 7 10 0.06099217 
855 311 11 14 0.06097477 
546 14 7 10 0.060920466 
817 79 7 8 0.060871758 
584 118 7 9 0.060870882 
1014 94 7 10 0.060864165 
158 237 11 15 0.060709342 
585 31 8 9 0.0605167 
386 63 8 12 0.06041512 
566 351 19 28 0.060178585 
49 205 10 13 0.060096134 
230 218 14 20 0.06004169 
182 160 8 10 0.06003575 
670 159 8 10 0.059997696 
736 145 7 8 0.05994279 
959 64 7 9 0.059900325 
582 204 8 10 0.059767544 
591 346 18 21 0.059699703 
825 87 6 9 0.059571616 
689 143 8 10 0.059495807 
597 251 10 13 0.059474338 
978 125 8 11 0.059471786 
660 228 10 13 0.05943478 
590 165 8 10 0.059430152 
503 165 7 9 0.05930494 
37 307 16 17 0.059256703 
554 119 8 10 0.059206977 
704 71 8 9 0.059185687 
904 230 10 11 0.059139237 
231 87 8 12 0.059126053 
87 183 9 11 0.059092652 
949 134 8 10 0.059087288 
176 7 7 9 0.05896572 
498 326 14 17 0.05894384 
662 38 8 12 0.058940854 
639 158 8 9 0.058892865 
840 41 7 9 0.058880534 
874 54 7 10 0.058746845 
639 85 8 11 0.0587288 
182 143 6 8 0.058602788 
575 296 11 15 0.05856338 
295 104 8 10 0.058538567 
392 47 8 9 0.058485605 
360 23 8 10 0.058470316 
967 408 24 28 0.058359127 
990 128 8 10 0.058348536 
313 23 7 10 0.058296453 
937 339 14 17 0.058277383 
631 207 8 11 0.058196295 
679 61 7 10 0.05788414 
202 48 7 9 0.05774954 
233 14 7 9 0.057745844 
360 39 7 8 0.0577194 
678 49 8 9 0.057661306 
972 180 10 12 0.05764562 
625 80 7 9 0.057633936 
648 110 7 10 0.057609227 
933 175 9 11 0.057605322 
712 116 7 10 0.057588805 
297 63 7 8 0.057498626 
484 268 15 19 0.057369974 
114 455 46 55 0.05731966 
604 355 16 20 0.057295337 
97 127 8 10 0.05719072 
934 151 8 11 0.05718541 
609 144 8 10 0.057158105 
849 40 6 9 0.05699122 
863 102 7 10 0.056934904 
658 394 15 21 0.0568415 
239 31 7 9 0.056783948 
933 46 7 10 0.056756843 
951 61 7 9 0.05674278 
921 247 8 11 0.05672313 
828 315 11 14 0.05670335 
296 109 8 10 0.05666512 
744 166 7 10 0.056581445 
630 366 20 26 0.056548715 
23 79 9 11 0.05648734 
551 111 7 9 0.05643496 
584 112 7 9 0.056390885 
30 296 16 20 0.056345 
40 172 9 12 0.056233842 
896 300 10 13 0.056216635 
945 416 37 43 0.056179494 
768 102 9 10 0.056165412 
886 317 10 13 0.056123003 
559 209 8 10 0.056107514 
15 135 10 11 0.056066927 
846 413 23 28 0.056037508 
54 180 10 13 0.056027304 
811 346 15 18 0.055965036 
338 39 7 8 0.05590488 
798 79 7 9 0.055862386 
159 121 7 9 0.055828266 
11 183 12 15 0.05582284 
121 151 7 9 0.05569563 
348 222 19 24 0.05566032 
686 199 10 11 0.055647947 
908 331 12 17 0.055594213 
823 263 9 12 0.055564266 
573 48 8 10 0.055520676 
511 176 9 11 0.055438578 
730 64 7 10 0.05534433 
234 185 8 11 0.055115554 
63 15 6 9 0.055110026 
714 63 8 10 0.055105213 
246 25 7 9 0.055093445 
29 182 11 14 0.055092853 
125 266 11 14 0.055036724 
567 232 9 11 0.054974813 
872 97 8 9 0.05494715 
52 259 10 13 0.054921992 
310 118 8 10 0.054903924 
838 198 7 9 0.05489881 
100 229 10 13 0.054889653 
885 232 8 11 0.05481408 
872 32 7 9 0.054790396 
968 87 8 10 0.05472794 
632 253 10 12 0.05465929 
837 101 7 9 0.054603927 
819 324 13 17 0.054536223 
526 57 8 9 0.054441795 
1004 117 8 10 0.054428488 
247 7 8 9 0.0543206 
646 56 7 9 0.054318797 
986 187 11 14 0.05426474 
627 117 8 10 0.054238938 
657 135 7 9 0.054090522 
259 118 8 10 0.054071385 
740 352 19 22 0.054066587 
248 104 7 9 0.054020435 
578 205 8 10 0.053902946 
601 152 6 8 0.053821787 
717 190 10 11 0.05378169 
719 104 8 10 0.053760815 
142 182 8 10 0.05368916 
849 206 8 10 0.053664044 
960 71 7 9 0.05363378 
811 270 9 11 0.053633697 
736 158 9 11 0.053530373 
38 80 8 11 0.0534691 
897 151 7 9 0.053334396 
761 111 7 8 0.05332392 
969 347 12 15 0.053202428 
997 181 10 11 0.053169087 
608 193 7 9 0.053080525 
777 39 8 9 0.053058986 
687 159 8 10 0.05301773 
773 7 8 10 0.05300363 
945 168 10 12 0.052992012 
865 290 10 14 0.052989762 
885 295 9 12 0.052963603 
889 71 7 9 0.052922398 
104 221 9 11 0.052909978 
686 219 10 13 0.052818533 
817 61 8 9 0.05273048 
168 40 7 10 0.052719615 
733 111 8 10 0.05269205 
233 203 10 12 0.052640077 
329 56 8 9 0.052602865 
791 31 7 9 0.052598927 
641 176 8 10 0.05256643 
967 393 21 25 0.052491773 
665 190 10 12 0.05248244 
778 137 7 10 0.052469246 
145 57 7 9 0.05236649 
735 15 8 10 0.05235471 
383 47 8 10 0.052303344 
781 385 19 23 0.052298196 
598 93 8 10 0.05228632 
55 64 8 10 0.052203856 
718 80 7 10 0.052106872 
79 167 8 11 0.05208776 
240 145 7 9 0.052037332 
569 64 8 10 0.052027076 
58 174 8 12 0.052022442 
190 120 8 9 0.05199723 
617 161 8 9 0.051989 
633 143 7 9 0.051985346 
558 132 7 10 0.051938005 
823 301 10 14 0.05192216 
902 375 14 19 0.05192122 
991 87 7 9 0.051887978 
610 369 14 21 0.051831882 
225 55 8 11 0.051718682 
991 109 9 11 0.051705893 
208 175 7 10 0.05167128 
837 346 12 16 0.051660273 
927 96 7 9 0.05165651 
664 360 24 29 0.051644556 
566 262 9 11 0.051629134 
793 50 6 8 0.051582284 
659 44 7 10 0.051546138 
659 159 8 10 0.051534176 
135 63 6 8 0.05149826 
62 46 7 9 0.051476747 
335 56 7 8 0.051475752 
293 8 8 9 0.05139676 
136 111 8 9 0.051393297 
550 14 7 10 0.05137583 
494 216 9 11 0.051333364 
871 231 9 10 0.051305894 
904 295 10 12 0.051245775 
7 135 10 11 0.05117609 
25 180 10 14 0.0511152 
207 54 7 9 0.051112276 
235 189 9 13 0.051085755 
227 88 7 9 0.05100896 
507 254 13 16 0.05080077 
929 88 6 8 0.05078141 
614 72 8 10 0.050781373 
839 78 7 10 0.05077799 
685 102 8 9 0.050764937 
833 215 8 11 0.0506393 
88 32 8 10 0.05059815 
873 68 7 10 0.05052857 
975 56 8 9 0.05051847 
809 160 9 11 0.05048854 
144 61 7 9 0.050461356 
320 85 7 9 0.050375573 
268 227 12 16 0.05037117 
2 486 21 29 0.05037102 
129 88 8 11 0.05033053 
567 80 7 9 0.05028194 
232 9 8 9 0.050153065 
767 32 6 9 0.05011356 
200 63 7 9 0.050085146 
654 79 8 9 0.050038192 
920 47 7 10 0.05002524 
1007 79 8 10 0.050006118 
933 71 8 9 0.050002225 
191 176 8 10 0.049997125 
87 216 10 12 0.049951103 
782 37 7 9 0.049948297 
769 88 7 9 0.04989001 
814 136 8 11 0.049856395 
698 56 7 9 0.049835138 
48 79 7 11 0.049823087 
931 79 7 9 0.049819905 
778 80 8 10 0.049801875 
646 152 7 9 0.049785748 
944 128 9 11 0.04973806 
70 163 10 13 0.049728658 
694 72 8 10 0.049724508 
854 7 7 8 0.0497214 
580 251 12 13 0.04969455 
240 8 8 9 0.04957517 
794 140 8 10 0.049551003 
933 181 9 11 0.049542595 
382 79 7 10 0.049512748 
713 158 7 9 0.04941188 
167 23 7 9 0.049403746 
215 129 7 9 0.04936285 
312 136 10 11 0.049351167 
608 240 10 12 0.049337465 
544 173 8 10 0.04929726 
583 189 7 10 0.04926989 
353 302 16 20 0.049158733 
784 33 7 10 0.049066473 
609 209 7 9 0.04897971 
881 432 17 22 0.048844602 
837 96 7 9 0.04880501 
947 62 8 10 0.048804514 
151 249 13 17 0.048797876 
622 314 15 20 0.048773192 
878 63 8 10 0.048684884 
217 39 7 9 0.04851854 
69 151 9 11 0.048445236 
855 136 8 10 0.04839768 
817 252 9 12 0.048384722 
649 169 7 8 0.048383296 
528 166 7 8 0.048363686 
834 71 7 8 0.048334952 
239 270 11 14 0.048329905 
957 349 11 13 0.048237935 
69 141 8 11 0.048236445 
286 55 7 9 0.04817187 
379 134 10 12 0.048165414 
720 172 9 11 0.048137687 
783 301 13 18 0.048137404 
944 87 7 10 0.048054423 
89 276 10 13 0.048013717 
62 41 7 9 0.04796026 
65 80 8 10 0.047936045 
273 93 7 10 0.04791318 
768 142 7 9 0.047827993 
208 128 7 10 0.04778502 
880 256 9 11 0.047774613 
228 168 9 11 0.04774478 
920 32 8 9 0.047704626 
17 79 8 11 0.047691226 
150 136 7 9 0.04766987 
74 38 8 9 0.047663722 
189 16 8 9 0.04761591 
940 431 28 35 0.04761148 
259 234 15 19 0.047591932 
63 55 7 9 0.047589213 
151 31 8 10 0.04754813 
791 116 8 10 0.047498003 
831 277 8 12 0.047493823 
587 413 30 34 0.047487605 
832 46 7 9 0.04746466 
824 126 9 11 0.047438394 
51 250 12 16 0.047377426 
847 23 7 8 0.04735153 
66 23 7 9 0.047344193 
592 38 7 9 0.047317013 
331 231 21 32 0.04728578 
306 72 7 9 0.047260437 
944 378 15 21 0.0471993 
641 47 7 9 0.04716785 
622 359 22 27 0.0471066 
904 47 7 9 0.047051772 
664 224 9 11 0.04704907 
264 112 8 11 0.04702652 
839 72 6 8 0.047007956 
219 167 6 9 0.046995908 
528 150 8 11 0.046995822 
881 261 8 10 0.046973106 
639 247 8 11 0.046967305 
281 56 7 9 0.046933156 
135 134 8 9 0.046883862 
732 87 9 12 0.046827078 
312 14 7 9 0.046819266 
624 183 7 9 0.046783827 
581 221 8 11 0.04670928 
862 77 8 10 0.04668216 
285 120 8 9 0.04664014 
513 7 8 10 0.046638325 
712 55 7 9 0.046603084 
984 46 7 10 0.046466395 
903 39 7 10 0.046460744 
254 237 13 16 0.0464272 
945 110 8 10 0.046420064 
368 219 11 14 0.046418197 
768 159 7 10 0.046413586 
69 103 8 10 0.04640512 
1002 64 7 10 0.046398286 
474 258 23 29 0.046391528 
729 80 7 9 0.046384905 
219 120 7 9 0.04628925 
343 292 13 18 0.04628142 
670 72 8 10 0.046240844 
975 112 8 10 0.04623971 
878 54 8 9 0.046216216 
129 119 8 9 0.04614605 
837 87 8 10 0.046069734 
319 63 8 9 0.045997124 
534 119 8 10 0.045973 
566 270 18 23 0.04596373 
185 16 7 10 0.045949798 
975 45 7 9 0.045896877 
812 387 25 31 0.04587218 
687 125 7 10 0.04580684 
919 38 7 9 0.04579142 
129 57 6 9 0.045734283 
203 54 7 9 0.04566956 
661 238 10 13 0.04565863 
960 109 9 11 0.04559641 
575 64 7 9 0.04558905 
864 40 7 9 0.045555785 
607 230 9 10 0.045526594 
14 140 10 11 0.045456972 
887 111 8 9 0.04540658 
995 434 17 25 0.045387484 
585 128 8 10 0.04532672 
798 232 8 10 0.04529947 
567 128 7 9 0.04528465 
566 401 21 29 0.045212194 
353 121 7 10 0.04519283 
570 87 7 8 0.045173798 
653 87 8 10 0.04510608 
602 69 8 10 0.04501133 
79 262 10 15 0.044931307 
727 207 9 12 0.044918466 
575 344 15 21 0.044913743 
191 32 8 10 0.044882007 
560 156 8 9 0.044718765 
856 245 9 11 0.04468603 
94 203 9 11 0.044675138 
845 315 13 16 0.044617433 
504 152 8 9 0.044549514 
906 369 18 25 0.044486452 
971 382 13 16 0.04437325 
839 277 10 13 0.04434928 
353 218 9 12 0.044329382 
872 183 8 10 0.0443047 
869 166 10 12 0.0442687 
320 23 6 9 0.04424049 
695 149 6 8 0.044238634 
904 96 8 9 0.044217467 
171 111 7 10 0.044189967 
53 69 8 11 0.04417207 
961 96 8 10 0.044144876 
905 64 7 9 0.044115208 
716 292 13 17 0.044109125 
93 118 8 10 0.044073604 
240 88 8 9 0.044053596 
75 53 8 10 0.044024702 
793 97 7 9 0.043961942 
191 64 8 9 0.04395659 
109 127 8 11 0.043953765 
902 167 8 10 0.043919817 
112 111 8 10 0.0439101 
59 211 10 13 0.043836635 
903 115 9 11 0.043807786 
958 144 9 11 0.04378656 
24 104 8 10 0.043783296 
642 62 8 11 0.043735392 
70 24 7 9 0.043690085 
778 71 7 9 0.04366915 
200 174 8 10 0.043638457 
401 86 8 10 0.043597944 
541 268 10 13 0.04355374 
971 56 7 8 0.043540984 
512 212 8 10 0.043532535 
553 131 8 11 0.043527264 
127 168 7 10 0.04352715 
314 105 8 9 0.043453515 
703 56 7 9 0.043452684 
930 56 7 8 0.04342349 
702 102 7 9 0.043408945 
79 93 8 10 0.04340653 
519 244 9 11 0.043383133 
153 120 7 9 0.04329359 
312 64 7 8 0.04325987 
87 269 9 11 0.043205533 
552 248 7 10 0.04316846 
694 145 7 8 0.043069415 
497 96 8 9 0.043063976 
342 143 9 11 0.042990204 
359 110 7 9 0.04298368 
689 166 8 10 0.04294381 
280 22 7 9 0.04294095 
943 95 8 10 0.04289124 
734 117 8 10 0.042858332 
44 150 10 12 0.04285587 
8 227 12 16 0.042836502 
1000 47 7 10 0.04282396 
823 72 7 9 0.042820223 
646 335 16 20 0.04279871 
706 149 7 10 0.042789765 
520 80 8 10 0.04276555 
1016 108 7 11 0.04275152 
855 40 7 8 0.042540185 
774 248 9 12 0.042445593 
857 78 7 10 0.042434104 
960 262 10 11 0.04241886 
758 53 7 9 0.042413384 
295 13 8 10 0.042410973 
979 413 16 23 0.042405467 
193 136 7 9 0.042326815 
513 144 8 10 0.04230249 
887 238 8 10 0.04228665 
677 174 8 10 0.04228634 
751 230 10 12 0.042262513 
858 111 8 9 0.042262208 
248 143 7 9 0.042235427 
981 451 26 39 0.04222204 
934 331 15 19 0.04220116 
221 207 9 11 0.042163268 
1015 101 9 12 0.042158186 
662 64 9 10 0.04215568 
162 15 7 10 0.04213491 
136 152 8 10 0.042110022 
589 161 8 10 0.042092416 
125 28 7 10 0.042087145 
563 253 10 13 0.042032953 
690 229 11 14 0.042017214 
360 30 7 10 0.041962832 
651 104 7 9 0.041960474 
264 46 7 8 0.041952576 
777 32 7 9 0.041952442 
558 175 8 10 0.04192987 
272 5 7 9 0.04189919 
680 145 7 10 0.041834027 
910 404 16 19 0.041779343 
624 288 10 14 0.041731868 
824 119 8 10 0.041730795 
849 45 8 10 0.041630637 
544 110 7 8 0.041615214 
113 246 9 12 0.041600063 
607 197 8 9 0.04158972 
616 64 7 9 0.041566353 
384 53 8 9 0.041529253 
460 116 11 16 0.041496433 
183 62 7 9 0.04143904 
886 254 9 11 0.04141504 
345 71 8 9 0.04137542 
773 15 8 10 0.041370902 
613 293 12 14 0.041341573 
312 212 10 12 0.041234024 
541 248 9 10 0.041222725 
880 450 27 32 0.041164465 
735 234 11 14 0.041158587 
914 39 7 9 0.04113011 
888 40 7 9 0.04108393 
280 190 13 14 0.041058086 
929 119 8 9 0.04099509 
653 14 8 10 0.04098373 
43 72 7 9 0.040976968 
9 124 9 12 0.040961012 
262 228 13 16 0.040947884 
687 150 8 10 0.040939152 
701 252 12 14 0.04092902 
856 321 12 17 0.04092175 
768 23 8 9 0.040902846 
536 239 9 11 0.040888857 
693 77 8 9 0.04088113 
598 40 7 10 0.040867746 
161 176 8 11 0.040843327 
821 316 12 16 0.040830728 
90 88 8 10 0.040801764 
71 247 9 11 0.040726554 
846 286 10 12 0.04071897 
700 259 12 16 0.04069533 
217 150 7 9 0.040615633 
249 57 7 9 0.04058702 
535 253 9 11 0.040586002 
629 376 23 30 0.040553425 
901 237 11 12 0.040509686 
304 171 9 13 0.04049125 
702 63 7 9 0.040441625 
704 119 7 9 0.040419947 
977 7 8 9 0.040392026 
242 24 7 10 0.040348653 
158 234 21 28 0.040314015 
0 290 10 18 0.040291272 
960 182 9 11 0.04028259 
629 100 8 10 0.04024739 
567 69 8 10 0.040223584 
606 86 8 10 0.04021449 
56 110 9 11 0.040214185 
45 166 9 11 0.040196676 
910 448 17 23 0.040180054 
773 290 13 16 0.04017958 
712 296 12 17 0.04010292 
878 48 7 9 0.040060904 
807 181 9 11 0.040046003 
781 135 8 10 0.039974865 
808 174 9 11 0.03996447 
1001 78 8 10 0.039940912 
802 48 7 10 0.039930463 
117 86 9 11 0.03992988 
664 151 7 9 0.03991821 
1004 246 10 13 0.03985764 
1005 102 8 10 0.039846253 
965 259 12 14 0.03982756 
875 284 11 14 0.039825026 
148 476 26 37 0.03980109 
264 71 8 9 0.039793145 
701 176 8 10 0.039749008 
93 269 11 14 0.03968668 
216 46 7 10 0.039656237 
862 71 7 10 0.039633825 
729 47 7 8 0.03962513 
585 23 7 9 0.03959379 
680 134 7 9 0.039585643 
536 224 8 11 0.039579995 
838 148 7 11 0.039554335 
136 79 7 11 0.03952742 
566 110 7 9 0.039453976 
762 119 9 12 0.039368168 
937 102 7 10 0.03934794 
542 49 7 9 0.03932787 
607 133 7 9 0.039322898 
367 289 22 27 0.03930239 
327 80 7 9 0.039298516 
209 71 7 9 0.039213993 
349 71 8 9 0.039209463 
866 21 8 9 0.03916434 
922 136 8 11 0.039142538 
209 182 8 10 0.03911691 
898 158 8 10 0.039073396 
566 105 7 9 0.039059546 
63 161 10 14 0.039023474 
512 54 7 9 0.03901311 
890 333 16 20 0.03899885 
222 213 10 12 0.038992174 
751 53 8 10 0.038985845 
554 209 8 9 0.038985267 
890 97 7 9 0.038984623 
538 112 7 8 0.038975693 
280 17 7 9 0.038966928 
703 112 7 9 0.038925618 
551 183 8 10 0.038925327 
767 197 8 11 0.038908407 
886 181 8 11 0.03885255 
566 204 9 11 0.038784932 
977 95 8 9 0.038720187 
337 103 8 10 0.038702264 
559 89 7 9 0.03869387 
111 232 10 13 0.03863886 
555 95 7 9 0.038596705 
959 34 8 9 0.038556434 
144 164 8 10 0.038546763 
809 102 7 10 0.038536977 
989 447 15 23 0.03853228 
782 71 7 10 0.038525406 
224 124 8 10 0.038510364 
491 338 26 30 0.0384917 
934 277 10 13 0.03848027 
609 22 7 9 0.038476914 
120 48 7 9 0.038463686 
335 72 7 8 0.03840902 
568 31 7 10 0.0383967 
371 274 14 18 0.03839391 
344 284 11 15 0.03838263 
904 78 7 9 0.038356554 
858 165 10 11 0.03828865 
614 174 8 10 0.038269248 
593 103 6 9 0.038261637 
614 240 8 10 0.038258262 
826 104 7 9 0.03825248 
319 72 7 9 0.038160507 
343 57 8 9 0.038088962 
812 274 11 14 0.038063854 
166 232 14 19 0.038056694 
956 342 10 13 0.03799972 
423 8 8 9 0.037984215 
997 378 15 20 0.037945215 
296 32 7 9 0.03792859 
624 38 8 10 0.037927713 
31 284 23 27 0.037911434 
360 14 9 11 0.037865184 
226 104 7 9 0.037794303 
337 87 7 8 0.03779383 
830 292 11 14 0.037787452 
660 385 23 31 0.03769312 
830 308 10 14 0.03765877 
686 205 12 13 0.037653793 
857 175 10 12 0.037594005 
977 119 9 10 0.037593685 
938 95 7 10 0.03759038 
341 111 7 9 0.037549276 
779 363 18 21 0.037516117 
841 335 9 12 0.03748906 
625 244 10 11 0.03746485 
929 62 8 10 0.037462603 
87 104 8 10 0.03740971 
803 391 16 21 0.037401523 
701 199 9 12 0.037384037 
144 22 7 9 0.037339654 
581 172 8 11 0.03732 
973 189 10 13 0.037287712 
525 144 8 9 0.037281487 
990 73 7 9 0.03727709 
558 168 8 10 0.037276246 
96 78 8 10 0.037275672 
855 271 9 12 0.03723765 
574 282 11 14 0.037236284 
520 260 9 13 0.03717788 
207 151 7 9 0.037172675 
909 136 8 10 0.037109293 
574 240 9 11 0.03708324 
56 25 7 8 0.03706498 
782 291 12 15 0.03704147 
208 49 7 9 0.03699532 
684 275 12 15 0.0369738 
415 40 8 10 0.03697151 
799 8 7 9 0.03695949 
215 160 7 9 0.036952958 
58 40 7 9 0.036934923 
518 212 8 10 0.036920365 
583 102 7 9 0.036916476 
914 1 8 9 0.03689214 
710 423 26 34 0.036876116 
621 29 9 11 0.036857724 
756 310 22 26 0.036809757 
970 80 8 9 0.03678043 
802 87 7 9 0.036779094 
925 295 10 12 0.03673781 
320 47 7 8 0.03668836 
176 46 7 8 0.036651 
796 237 9 12 0.036649864 
771 54 7 9 0.036604572 
145 15 8 10 0.036586914 
767 64 8 9 0.036574397 
121 71 7 9 0.03657356 
582 239 8 10 0.036560066 
305 31 8 9 0.03655961 
697 111 8 10 0.036528554 
19 234 12 14 0.036518607 
0 101 8 14 0.036518235 
806 283 9 13 0.036517046 
839 316 11 16 0.03647204 
856 141 8 11 0.03636674 
639 143 7 9 0.03633016 
337 24 6 8 0.03626148 
906 55 8 10 0.036253292 
16 85 9 11 0.036245618 
97 72 7 10 0.03623852 
941 370 14 19 0.036225982 
728 117 8 10 0.036218107 
162 23 7 9 0.03618558 
278 93 8 10 0.036113385 
297 118 8 10 0.036110237 
223 190 9 11 0.036104128 
578 120 6 8 0.03609685 
954 404 19 22 0.036061313 
222 40 6 9 0.036027215 
90 14 8 11 0.036006056 
724 245 10 12 0.035955805 
37 181 12 15 0.035949357 
234 39 7 9 0.035942636 
121 117 8 10 0.035941076 
847 175 8 10 0.035923492 
743 209 8 10 0.035921555 
149 14 7 10 0.03584328 
858 189 8 10 0.035835642 
351 289 44 66 0.03580684 
244 171 9 12 0.03580399 
393 40 7 9 0.035801176 
363 233 25 36 0.035787717 
837 145 7 10 0.035786815 
949 260 10 11 0.035724368 
711 280 15 18 0.03569893 
667 78 8 10 0.035685983 
278 78 7 10 0.03564687 
545 104 8 10 0.035568908 
750 7 8 9 0.035545867 
625 4 9 11 0.035522714 
799 14 7 8 0.035513785 
622 160 7 9 0.03548827 
598 237 10 11 0.035480965 
127 151 7 10 0.03544759 
502 314 13 16 0.035445567 
110 207 9 11 0.035435207 
246 46 8 10 0.035430323 
559 259 11 15 0.035411835 
727 144 7 8 0.03541037 
592 63 7 9 0.03537465 
312 87 8 9 0.03533569 
150 216 9 12 0.035322543 
78 68 8 11 0.035322055 
647 174 7 10 0.035317298 
208 63 7 8 0.035267524 
775 152 8 10 0.035263676 
305 24 7 9 0.035261575 
97 133 10 12 0.03524219 
920 311 10 13 0.035177395 
343 64 8 9 0.035162177 
784 63 8 10 0.035146505 
751 79 8 10 0.03513724 
367 260 20 26 0.03511982 
600 200 7 10 0.03508777 
917 167 8 10 0.035082556 
805 324 15 17 0.035017252 
849 94 7 9 0.03500984 
56 119 10 12 0.035004765 
928 102 7 9 0.034999046 
871 189 8 10 0.03499612 
238 158 9 11 0.034975767 
336 32 6 8 0.034970585 
757 86 8 10 0.034958057 
912 166 7 10 0.034923546 
223 60 8 10 0.034863744 
159 198 9 11 0.034858886 
893 190 9 12 0.03484376 
207 111 7 9 0.034827463 
792 233 10 12 0.034807265 
103 195 11 13 0.034807075 
910 192 9 11 0.03479219 
297 88 8 10 0.034789488 
874 357 17 19 0.034788802 
703 40 7 10 0.034771014 
872 38 7 9 0.034716543 
353 39 7 9 0.034700643 
513 149 9 11 0.03466717 
485 199 9 12 0.034659043 
947 71 7 8 0.034645014 
650 343 17 21 0.034619763 
858 55 8 10 0.03461593 
970 39 7 10 0.03461514 
952 180 9 11 0.03459202 
21 126 10 12 0.034560703 
832 80 8 10 0.034556367 
979 245 13 15 0.034537826 
377 32 8 10 0.034512255 
904 137 9 11 0.034492854 
48 102 9 11 0.03447273 
206 145 7 8 0.034451373 
648 40 8 9 0.034424562 
94 165 9 11 0.034415584 
895 180 9 11 0.03441282 
342 41 8 9 0.03441106 
327 14 8 10 0.03435649 
787 292 13 15 0.034294214 
358 56 7 8 0.03427377 
665 257 11 15 0.034261014 
607 250 10 13 0.034244366 
814 319 13 15 0.03424422 
642 15 7 9 0.034239475 
103 208 10 11 0.03421583 
343 119 9 11 0.03417599 
610 223 8 11 0.034138218 
337 64 7 9 0.034137387 
573 403 25 34 0.034117643 
967 110 8 10 0.034109693 
152 177 8 9 0.034103155 
90 23 8 10 0.03409284 
167 63 6 9 0.03408686 
206 256 14 18 0.034074783 
57 165 8 11 0.034065474 
901 328 13 19 0.034056645 
757 72 7 9 0.034037046 
79 39 7 9 0.034018468 
945 49 8 10 0.03399408 
246 285 13 15 0.033982474 
919 54 7 9 0.033970166 
494 263 12 15 0.03395761 
864 368 14 18 0.03393599 
810 31 8 10 0.03390906 
862 57 7 8 0.0338632 
353 80 7 9 0.033861626 
190 37 7 9 0.03385929 
48 222 13 16 0.033849243 
144 190 8 10 0.03383108 
989 372 15 19 0.033808783 
298 94 7 9 0.03380771 
614 77 7 10 0.033797447 
911 126 8 10 0.03379331 
529 134 8 10 0.03378685 
402 80 8 9 0.03378107 
33 46 6 8 0.033773117 
46 141 8 11 0.033773024 
984 85 7 9 0.033688083 
359 103 7 10 0.033686604 
808 136 9 10 0.033632334 
93 56 8 10 0.03359456 
126 77 9 11 0.033574775 
206 119 7 10 0.033551957 
722 298 15 20 0.033542883 
743 141 8 10 0.033479784 
138 23 7 9 0.033474427 
807 89 8 9 0.033437297 
119 168 8 11 0.033429608 
656 153 7 8 0.033419315 
544 300 12 17 0.033412803 
1012 191 10 13 0.033394806 
278 88 7 9 0.033382606 
945 80 7 9 0.033340257 
60 244 11 15 0.033308636 
648 79 7 9 0.033295743 
880 216 8 9 0.03327701 
951 72 7 9 0.033274032 
0 115 9 13 0.03324819 
662 32 7 9 0.033226885 
967 128 7 10 0.033143308 
166 15 7 9 0.033136982 
17 94 8 10 0.033129357 
261 62 7 10 0.033105694 
712 260 13 17 0.03310565 
217 62 6 9 0.033053443 
720 56 7 8 0.033001114 
987 411 13 19 0.03299869 
1 487 11 19 0.032960266 
153 48 6 9 0.032932147 
675 245 11 14 0.032930642 
929 111 7 9 0.032917567 
919 113 7 9 0.032881044 
860 349 18 24 0.032867696 
782 167 8 10 0.032838244 
874 348 14 17 0.032835323 
159 142 8 10 0.032824177 
95 214 8 11 0.03279065 
969 247 10 11 0.032758858 
584 86 6 8 0.03274342 
712 250 21 24 0.032718122 
782 174 8 10 0.032706745 
861 396 17 19 0.032706622 
689 32 8 10 0.032699503 
336 95 8 9 0.032676075 
177 40 6 9 0.032665867 
191 112 8 9 0.032636095 
126 175 7 8 0.03262473 
744 8 8 10 0.032624375 
958 174 8 11 0.032589346 
295 72 7 9 0.032586783 
215 273 13 19 0.032581147 
233 93 8 11 0.03257805 
23 173 11 14 0.03257466 
0 235 8 13 0.03256561 
994 55 7 8 0.032553434 
537 169 7 9 0.032536075 
993 133 8 11 0.032520372 
378 84 8 11 0.032512363 
352 143 10 12 0.032482307 
39 140 9 11 0.032474887 
77 198 9 12 0.03247357 
543 136 7 10 0.03244991 
490 221 10 12 0.032447036 
560 111 7 9 0.032441586 
919 360 19 27 0.032434568 
296 127 7 9 0.03241504 
379 103 7 10 0.0323965 
17 102 8 10 0.032394633 
155 127 7 9 0.032368347 
725 134 7 10 0.032363754 
415 65 7 9 0.032348275 
710 240 10 11 0.032315634 
554 151 8 10 0.03228298 
640 180 8 10 0.03227392 
766 109 8 9 0.032270078 
53 79 8 11 0.032268103 
999 53 6 9 0.03225648 
202 104 7 9 0.032256473 
77 127 9 10 0.03222957 
774 119 7 10 0.032183517 
313 46 6 8 0.03217907 
902 31 8 10 0.032160666 
751 111 7 10 0.032149263 
953 119 7 10 0.03211188 
761 125 10 12 0.032068353 
134 7 8 9 0.032063756 
530 120 8 10 0.032034934 
957 283 12 14 0.03202906 
777 189 8 11 0.03202791 
674 252 13 15 0.032019142 
127 112 8 9 0.032012723 
183 103 8 10 0.031998858 
541 238 9 11 0.03198452 
570 223 9 10 0.031945862 
746 96 7 9 0.0319407 
231 125 8 10 0.031936027 
649 22 7 9 0.03193364 
216 205 9 12 0.031894527 
682 2 8 9 0.031893346 
541 151 7 11 0.031889092 
176 199 9 10 0.031879336 
853 207 9 11 0.031872995 
578 103 8 9 0.031849984 
549 252 10 13 0.031836875 
761 104 9 10 0.031831592 
550 393 22 31 0.031827714 
520 157 9 11 0.031752836 
584 184 7 10 0.031746913 
724 252 11 15 0.031707235 
632 84 8 10 0.031681903 
44 195 12 14 0.031652804 
215 33 7 8 0.031610806 
991 5 9 9 0.031608187 
289 88 6 9 0.03159337 
944 248 11 13 0.031558212 
949 103 8 10 0.031549644 
888 169 9 10 0.031534016 
321 39 7 9 0.03151632 
217 145 7 9 0.031496584 
162 63 8 10 0.031489953 
582 229 8 10 0.03148725 
22 187 14 20 0.03146105 
799 72 8 10 0.031460196 
391 16 7 8 0.031415585 
247 79 7 10 0.031393155 
224 23 7 9 0.031385515 
741 152 9 11 0.031383473 
847 183 7 10 0.03136994 
798 268 7 10 0.031354275 
276 226 12 16 0.03131984 
771 47 8 11 0.03131504 
260 285 12 16 0.03128674 
336 46 8 10 0.03128256 
808 263 10 12 0.03127046 
675 261 15 16 0.03122998 
382 32 8 10 0.03120319 
551 3 8 8 0.031180723 
398 40 7 8 0.031157838 
705 47 7 8 0.031141166 
879 33 7 9 0.031132234 
1015 39 8 11 0.031091502 
720 119 8 10 0.031078791 
689 39 8 9 0.031051364 
912 119 7 9 0.031039799 
386 69 8 11 0.03103398 
910 160 7 10 0.031033548 
134 70 7 10 0.031022007 
327 119 8 9 0.031015098 
871 175 8 10 0.03101349 
246 41 8 10 0.03100464 
343 221 11 16 0.030981462 
142 128 8 9 0.030980628 
671 275 13 17 0.030892463 
968 186 9 13 0.030892022 
522 55 7 10 0.030864617 
32 128 11 14 0.030823663 
566 158 8 9 0.030795205 
152 149 7 9 0.030787934 
679 168 8 8 0.030742824 
894 97 7 9 0.030738229 
844 275 11 14 0.030736133 
966 71 8 8 0.030724559 
501 198 9 12 0.03071801 
879 38 7 9 0.03068 
307 245 31 34 0.030650942 
735 21 7 10 0.03064475 
22 251 13 18 0.030635897 
145 119 8 10 0.030591438 
380 277 13 17 0.03058089 
209 30 7 9 0.030575957 
865 230 9 11 0.03056541 
950 127 8 11 0.03053995 
794 15 6 9 0.03052163 
735 78 8 10 0.030519128 
78 135 9 11 0.03050164 
114 80 8 10 0.030501494 
889 200 9 12 0.030464524 
600 206 8 9 0.03045074 
378 139 9 12 0.030401174 
840 56 8 9 0.03037658 
177 63 7 8 0.030369725 
360 275 10 14 0.030327722 
520 72 8 10 0.030319413 
94 9 9 10 0.030305315 
207 158 8 10 0.030294877 
892 198 10 12 0.030292997 
583 45 9 10 0.030268302 
771 220 12 13 0.030265965 
167 56 7 9 0.030255316 
823 40 8 9 0.030253893 
792 61 7 9 0.030233137 
133 278 12 15 0.030186754 
358 217 9 12 0.03016315 
928 125 8 10 0.030056415 
879 271 10 12 0.030051416 
745 127 8 10 0.030047476 
919 5 7 9 0.030033395 
673 175 8 10 0.0300202 
176 105 8 9 0.030002924 
271 45 7 9 0.02999848 
552 361 15 19 0.029971823 
693 167 8 10 0.029960912 
736 8 9 10 0.029901808 
441 38 7 9 0.029895375 
985 73 8 10 0.029894616 
337 144 9 11 0.029880201 
270 112 8 10 0.029864194 
321 126 9 10 0.029862352 
607 404 18 22 0.029828833 
847 16 8 10 0.029819645 
154 95 7 9 0.029787352 
186 152 7 9 0.029736402 
840 192 7 10 0.029701455 
182 194 10 12 0.029686067 
563 15 7 9 0.029685616 
600 46 7 10 0.029657498 
814 32 8 10 0.02961548 
190 126 7 9 0.029609488 
687 111 7 9 0.029605534 
511 80 9 11 0.029599877 
934 119 7 10 0.029553173 
505 214 9 10 0.029534698 
624 214 8 9 0.029515514 
894 127 8 10 0.02950467 
607 392 18 25 0.029494103 
670 143 7 9 0.029439736 
756 251 13 16 0.02942994 
214 196 9 11 0.029429544 
727 182 8 10 0.02941643 
593 200 7 9 0.029399978 
184 56 7 9 0.029390574 
297 79 7 8 0.02936591 
695 263 12 16 0.029327987 
151 55 7 9 0.029317684 
846 334 10 14 0.029310822 
761 132 9 13 0.029278195 
781 190 8 11 0.02926321 
887 282 10 14 0.029250158 
303 88 8 10 0.029230678 
658 117 7 9 0.029192751 
729 223 8 11 0.029165152 
844 321 13 18 0.02916428 
817 354 14 17 0.029159253 
880 7 7 10 0.029143075 
122 133 8 11 0.029141063 
1001 416 23 26 0.02912164 
950 111 8 10 0.029081196 
862 174 11 13 0.029074492 
352 56 8 9 0.029070804 
833 199 9 11 0.029020295 
785 116 7 10 0.029014625 
764 266 11 14 0.029011656 
327 63 8 9 0.029011266 
552 167 8 10 0.02900682 
888 213 9 12 0.028997058 
450 120 18 25 0.028989313 
615 103 8 10 0.028957061 
711 49 6 8 0.028936198 
57 160 10 12 0.028927995 
583 9 7 8 0.028903412 
415 79 7 9 0.028896581 
806 72 7 9 0.028890407 
371 278 21 28 0.028881554 
243 275 28 31 0.028880132 
440 32 7 9 0.02886826 
57 46 7 9 0.028861148 
561 104 7 8 0.028860182 
898 31 8 10 0.028836362 
823 22 7 9 0.028820708 
642 379 21 29 0.028813967 
270 220 12 17 0.028803227 
864 96 8 10 0.028796818 
674 47 7 9 0.028781122 
142 251 13 16 0.028762879 
558 46 8 10 0.02871213 
741 270 15 19 0.028709996 
864 268 9 11 0.028682444 
733 47 7 9 0.02867201 
680 80 7 9 0.028622366 
658 181 9 11 0.028619695 
881 110 7 9 0.028603254 
199 31 8 9 0.02854577 
654 63 8 11 0.028538294 
734 104 8 9 0.028527265 
838 214 8 12 0.028476715 
841 323 10 14 0.028475767 
557 268 10 13 0.028426206 
542 292 10 13 0.02835623 
767 403 24 29 0.028336098 
576 24 8 9 0.02832016 
263 16 7 10 0.028311452 
0 134 8 12 0.028295925 
177 174 8 11 0.028266963 
671 40 7 9 0.028257214 
829 110 8 10 0.028184883 
24 39 8 10 0.028159719 
240 290 27 31 0.028154293 
624 129 8 10 0.028151827 
920 89 7 8 0.028144738 
297 47 7 10 0.028143765 
734 259 12 17 0.028136447 
911 419 22 29 0.028134547 
362 269 24 30 0.028122984 
328 97 8 9 0.028098227 
696 119 7 9 0.028079908 
722 282 13 16 0.028025266 
282 71 7 10 0.028010467 
911 48 8 9 0.027992338 
958 266 13 16 0.027985064 
592 117 7 9 0.027972106 
929 167 9 11 0.027922904 
581 216 8 10 0.02790395 
144 215 9 12 0.02785831 
242 62 7 9 0.02785381 
834 13 7 9 0.027844546 
717 184 9 11 0.027828384 
158 108 8 11 0.027825681 
576 14 7 10 0.027809124 
537 174 7 8 0.027805615 
888 190 9 11 0.027803974 
908 413 19 23 0.027798897 
103 177 9 11 0.027761523 
9 21 7 9 0.027748035 
601 159 8 9 0.027743438 
237 275 11 15 0.027728865 
657 129 7 9 0.027725404 
1006 65 7 10 0.027719392 
838 159 8 11 0.027717622 
273 16 7 9 0.02770371 
953 32 8 9 0.0276614 
904 148 8 10 0.027646545 
137 176 7 9 0.02764508 
113 174 9 10 0.027638236 
23 72 8 9 0.027589206 
313 80 7 9 0.027573517 
183 137 8 9 0.027549759 
621 166 8 10 0.02754665 
166 135 8 9 0.027541617 
950 347 12 15 0.027529007 
5 235 12 15 0.02752102 
837 343 20 24 0.027518656 
112 260 10 13 0.027500756 
288 62 7 9 0.027454635 
190 22 8 10 0.027445244 
889 51 8 10 0.027442234 
499 394 15 16 0.027422203 
382 55 19 26 0.027403725 
290 104 7 9 0.027401691 
337 119 7 10 0.027363567 
672 268 13 16 0.027310105 
837 7 8 9 0.027309202 
136 128 8 9 0.027256856 
735 253 11 15 0.02722689 
352 23 7 9 0.027216062 
758 79 7 10 0.027215412 
984 169 8 11 0.027201803 
850 31 6 8 0.027182244 
904 127 8 10 0.027169567 
327 48 8 10 0.027137903 
95 159 9 11 0.027114434 
935 168 8 10 0.02710533 
859 341 12 15 0.027101997 
745 120 7 9 0.027070723 
95 183 9 11 0.027052894 
265 40 8 10 0.027022878 
407 78 7 10 0.027013326 
629 258 12 14 0.026987901 
303 93 8 10 0.02698092 
821 240 8 10 0.026980331 
331 219 38 50 0.026974728 
582 283 20 24 0.026971966 
647 351 23 27 0.02693579 
824 307 11 15 0.026926005 
552 175 8 10 0.02689545 
824 9 7 9 0.026859941 
170 167 8 9 0.02684361 
751 32 8 10 0.026839 
552 227 10 12 0.026803218 
56 29 7 9 0.02677035 
716 401 25 34 0.026746448 
233 73 8 8 0.02673496 
110 132 8 11 0.02673264 
77 189 9 11 0.026728408 
567 23 8 9 0.02672116 
111 14 8 10 0.026687915 
992 219 12 17 0.026677301 
832 363 24 29 0.026664427 
157 227 11 16 0.026646934 
185 227 20 24 0.026635429 
65 29 7 9 0.026631214 
920 229 10 13 0.02661707 
201 15 8 9 0.026560484 
335 80 8 9 0.026541043 
575 128 7 10 0.026539331 
863 63 6 8 0.026531681 
89 149 7 9 0.026510606 
924 211 11 13 0.026509294 
936 298 9 13 0.026500387 
384 14 7 10 0.026487147 
975 85 8 9 0.026479937 
14 22 8 9 0.026477583 
-1 224 7 12 0.026436048 
928 261 10 12 0.026426576 
182 178 19 24 0.026424194 
855 86 8 10 0.026398897 
143 247 10 12 0.026379686 
847 191 7 10 0.026374936 
799 152 8 10 0.026373912 
912 276 9 11 0.026352463 
799 61 9 10 0.02634074 
872 111 7 10 0.026329732 
945 118 8 9 0.026245762 
191 48 6 9 0.026222361 
882 384 17 19 0.026221003 
975 169 10 11 0.026202127 
856 276 10 12 0.026175175 
509 303 21 26 0.026171766 
392 32 8 9 0.02616937 
153 87 7 9 0.026166745 
631 213 8 11 0.026162883 
617 134 7 9 0.02615883 
768 38 7 9 0.02614906 
735 196 10 12 0.026118938 
956 44 9 11 0.026105126 
993 48 7 10 0.026092011 
665 242 18 23 0.026062138 
770 152 7 10 0.026053261 
578 95 6 9 0.026041558 
781 253 10 13 0.026038982 
685 95 8 11 0.026022559 
353 31 7 9 0.026004998 
676 239 11 12 0.025983898 
651 400 25 34 0.025976859 
889 124 8 10 0.025963929 
104 158 9 11 0.025961481 
560 40 7 10 0.025959095 
607 40 8 10 0.025954872 
256 199 9 11 0.025950832 
702 205 9 12 0.025935004 
913 5 8 10 0.02590789 
973 251 12 14 0.025895918 
549 261 11 15 0.025893126 
577 200 8 10 0.025857154 
670 342 16 20 0.025843522 
879 167 9 12 0.025841702 
325 141 7 11 0.025838435 
200 160 7 9 0.025826186 
384 23 7 8 0.025807582 
617 6 9 10 0.025800057 
638 212 17 22 0.025779564 
646 46 8 10 0.025778174 
816 120 7 9 0.025774145 
409 24 6 9 0.025762007 
497 337 16 19 0.025756354 
811 427 26 28 0.025749505 
975 61 7 10 0.025715677 
792 151 9 11 0.025677994 
697 102 8 10 0.025669467 
205 167 7 9 0.02564786 
304 61 7 9 0.025593357 
769 175 8 10 0.025580678 
225 31 7 9 0.025562244 
150 8 7 9 0.025521155 
422 14 8 9 0.025501395 
158 96 7 9 0.02548867 
578 190 7 9 0.025485346 
825 149 9 10 0.02546967 
881 120 8 9 0.025445359 
799 99 7 10 0.025434872 
1002 441 16 24 0.02542087 
735 39 8 10 0.025420183 
864 47 7 9 0.025408158 
482 252 12 16 0.02539972 
777 109 7 10 0.025399093 
415 45 8 9 0.025385853 
825 47 8 9 0.025345076 
827 322 12 16 0.025342392 
960 255 9 11 0.025339754 
348 288 25 31 0.02531713 
185 119 9 10 0.025316482 
312 10 7 8 0.025311315 
554 87 8 10 0.025268978 
600 142 8 9 0.025263954 
793 73 8 10 0.025255818 
805 302 10 13 0.025255473 
536 261 9 10 0.025232138 
569 176 7 9 0.025228715 
726 188 9 11 0.025217656 
968 63 8 9 0.025202096 
934 111 8 9 0.02519515 
826 143 9 12 0.025192253 
888 409 15 20 0.025182769 
681 31 7 9 0.025152007 
915 223 10 12 0.02513723 
713 92 8 9 0.025134256 
894 223 8 10 0.02511543 
567 194 7 9 0.025100753 
589 32 9 10 0.025081163 
127 127 8 9 0.025070202 
795 314 12 15 0.025069267 
191 72 8 10 0.025049955 
833 65 6 8 0.025048578 
592 238 8 11 0.025026947 
893 279 9 13 0.025022482 
233 145 6 8 0.025010426 
58 15 8 9 0.024990028 
515 321 16 18 0.024984146 
76 80 8 10 0.024959996 
424 30 7 9 0.024953078 
350 124 8 10 0.024951482 
344 23 8 9 0.024930406 
694 47 7 8 0.024904529 
553 158 7 9 0.024899399 
48 127 11 13 0.024879403 
754 38 7 9 0.024871368 
718 240 9 12 0.024830608 
895 40 8 9 0.024826106 
184 38 7 9 0.024820805 
581 269 10 13 0.024809971 
714 314 11 17 0.024807565 
354 104 7 9 0.024804125 
615 53 7 10 0.024781704 
833 41 7 9 0.02477736 
408 72 8 10 0.024764724 
201 25 7 8 0.02468663 
703 352 15 21 0.02467456 
872 8 8 10 0.02466369 
401 55 8 10 0.024633566 
119 8 8 9 0.024630489 
608 300 14 17 0.024587203 
681 157 7 10 0.024571847 
712 175 9 11 0.024570946 
810 334 21 26 0.024563063 
689 173 9 10 0.024562683 
761 140 8 11 0.024551528 
648 230 19 23 0.0245253 
726 174 7 9 0.0245231 
346 15 7 9 0.024512082 
591 81 7 9 0.024506234 
782 128 9 10 0.024494587 
759 39 7 9 0.02448297 
664 104 7 10 0.024480587 
693 230 19 23 0.024479238 
878 295 18 23 0.024465833 
548 277 12 16 0.024442315 
614 111 8 10 0.02443583 
341 224 19 29 0.02442035 
671 165 7 10 0.024387104 
81 32 8 10 0.024386851 
776 63 7 10 0.024381563 
960 127 10 12 0.024371767 
22 292 13 18 0.024359927 
145 221 10 14 0.024352567 
895 314 11 15 0.024344288 
222 217 14 20 0.02432006 
327 31 7 9 0.024318082 
766 229 12 14 0.024231337 
118 233 9 12 0.024218867 
512 72 7 10 0.02421634 
209 133 8 10 0.02416611 
944 156 9 11 0.024165485 
238 263 22 28 0.02413083 
905 331 19 27 0.024119135 
810 243 10 12 0.024118045 
711 70 7 9 0.024116306 
79 253 10 13 0.024113141 
530 231 8 10 0.024104295 
321 31 6 9 0.024089465 
596 175 7 10 0.024079816 
985 130 9 12 0.024073228 
145 31 8 11 0.024057543 
518 182 8 9 0.024054442 
947 231 20 23 0.024050307 
561 234 18 23 0.024042852 
275 22 7 9 0.024040598 
506 80 7 10 0.024037074 
992 30 8 9 0.024026154 
984 2 8 8 0.024017163 
514 136 8 10 0.02401007 
515 13 8 9 0.023982914 
577 39 7 9 0.023979962 
152 80 8 9 0.023965493 
101 78 8 10 0.02396111 
179 93 8 10 0.02390809 
762 302 16 18 0.023871126 
785 105 8 9 0.023861747 
194 167 8 9 0.023844605 
997 134 8 11 0.023840252 
87 136 8 11 0.023829242 
762 7 8 9 0.023826951 
295 133 8 10 0.02379935 
422 40 8 10 0.023780061 
551 267 10 14 0.023743747 
886 40 19 25 0.023712534 
169 143 7 9 0.02366716 
378 126 8 10 0.023664774 
850 214 9 11 0.023659756 
995 223 14 20 0.023654578 
854 333 13 17 0.023652539 
920 407 17 22 0.02364881 
824 31 8 9 0.023643723 
194 141 8 10 0.02364224 
241 80 7 10 0.023614379 
120 144 6 8 0.023578314 
312 56 7 10 0.023555472 
765 235 11 13 0.023550339 
630 223 8 11 0.023539992 
306 39 8 9 0.023521518 
251 283 16 17 0.023518266 
983 6 9 10 0.023511859 
110 159 8 11 0.023510307 
654 23 7 9 0.023507142 
96 175 8 10 0.023502788 
918 76 7 10 0.023497164 
607 93 7 9 0.023482945 
601 56 6 8 0.0234696 
522 61 7 10 0.023467729 
678 393 29 36 0.023451034 
112 103 8 10 0.02343839 
666 86 8 10 0.023437684 
775 197 9 13 0.023436217 
666 95 8 10 0.02343489 
575 415 29 36 0.02343279 
169 150 8 9 0.023424711 
750 319 24 29 0.0234182 
895 232 9 11 0.023417208 
104 111 9 10 0.023414848 
800 23 7 8 0.023407128 
327 23 7 9 0.023387695 
144 109 8 10 0.023384266 
79 147 9 11 0.023380052 
4 110 9 12 0.023374215 
312 30 6 9 0.023370376 
758 221 8 11 0.0233678 
997 141 8 12 0.023340287 
232 79 8 10 0.02329978 
622 175 8 10 0.023293242 
937 134 8 11 0.023285786 
856 295 11 13 0.023282982 
767 80 8 9 0.023282297 
105 13 9 10 0.02327468 
359 8 9 10 0.023264866 
719 222 9 11 0.023261435 
613 252 10 12 0.023246309 
913 252 9 11 0.023242801 
934 413 27 33 0.023231428 
558 180 9 11 0.02322922 
85 261 12 16 0.023195293 
897 65 6 8 0.023186058 
39 295 21 24 0.023169087 
42 96 8 9 0.023167565 
503 317 23 27 0.02316411 
81 103 8 9 0.023149151 
328 214 10 13 0.023142815 
119 94 9 12 0.023139138 
850 8 7 8 0.02312444 
545 79 7 9 0.023110371 
799 179 8 11 0.023085553 
8 476 16 21 0.023085527 
775 267 10 13 0.023076467 
117 282 49 60 0.023073345 
200 137 6 9 0.02307234 
400 104 8 9 0.023065334 
828 333 12 15 0.023057627 
686 55 8 9 0.023054136 
806 449 27 33 0.023045046 
631 183 8 10 0.023041245 
955 365 15 17 0.023029119 
104 104 7 8 0.02302456 
64 198 10 12 0.022990957 
25 180 21 27 0.022979945 
32 41 6 9 0.022972165 
4 185 19 27 0.022960827 
177 23 7 9 0.022951275 
328 127 7 9 0.022943428 
611 285 14 16 0.022940349 
24 85 8 11 0.022924906 
423 23 8 10 0.022919348 
86 186 18 23 0.022885574 
901 195 21 25 0.022881119 
542 223 8 10 0.02284711 
964 264 14 16 0.022831129 
845 292 10 13 0.022823257 
372 218 15 19 0.022815635 
470 109 10 14 0.02279912 
920 160 9 11 0.022798907 
638 118 7 9 0.022787862 
721 152 7 9 0.022763906 
896 133 8 10 0.02275047 
818 9 7 9 0.022740826 
713 104 9 10 0.022735825 
558 1 8 8 0.022734907 
23 95 7 10 0.022733547 
655 69 8 11 0.022725007 
700 273 12 16 0.022690618 
712 325 14 19 0.022687286 
992 25 8 10 0.022686267 
572 415 14 19 0.022671182 
857 103 8 10 0.022661218 
13 291 13 18 0.022646084 
174 204 11 11 0.022629336 
670 240 10 12 0.02262007 
924 226 20 23 0.022610014 
986 424 22 33 0.022585098 
617 40 7 9 0.022580227 
782 268 9 11 0.022565914 
919 287 9 11 0.022555623 
844 359 16 21 0.022540048 
1011 435 14 21 0.022530045 
889 434 16 21 0.022525318 
781 159 8 11 0.022518462 
192 94 8 10 0.022511885 
51 187 11 14 0.022509163 
136 57 7 9 0.02247802 
341 103 8 10 0.022456614 
614 213 8 10 0.022454247 
695 199 9 12 0.022452772 
126 47 7 9 0.022449946 
935 127 8 10 0.022406455 
832 296 20 24 0.022363218 
599 168 8 9 0.022352893 
895 52 7 10 0.022347445 
257 111 8 10 0.022346873 
276 264 13 19 0.022343444 
313 95 7 8 0.022327585 
1011 415 14 19 0.02230506 
272 32 8 10 0.022299614 
31 57 8 9 0.022295777 
825 131 9 12 0.02229313 
923 404 25 33 0.022287017 
591 55 7 9 0.022283496 
244 289 17 19 0.02226228 
376 14 9 10 0.022260329 
880 74 17 23 0.022256032 
864 32 7 9 0.02225038 
641 41 7 9 0.02223925 
179 189 9 12 0.022210566 
937 446 17 21 0.022197142 
133 118 8 10 0.022195205 
583 54 10 10 0.022154272 
831 204 8 10 0.02215359 
857 307 18 23 0.022144629 
832 340 12 16 0.022132816 
310 172 9 12 0.022132043 
832 219 10 13 0.02212113 
965 238 9 11 0.022093933 
574 53 7 10 0.022069333 
848 200 7 8 0.022057315 
102 208 19 24 0.022054642 
1015 168 9 11 0.022043616 
591 127 7 9 0.02204155 
1016 31 7 11 0.022010053 
497 89 8 9 0.022006504 
312 40 6 8 0.021998942 
543 53 7 9 0.021998582 
722 46 7 9 0.02195543 
470 117 10 15 0.021944672 
749 387 24 27 0.02193172 
870 223 9 12 0.021925103 
703 166 9 10 0.021875309 
816 94 7 8 0.021872956 
996 211 13 18 0.021857714 
625 338 16 20 0.02184308 
661 358 17 22 0.021841541 
799 221 7 10 0.021837937 
973 155 12 13 0.021824855 
663 119 7 9 0.021823652 
727 265 96 114 0.021822134 
768 166 7 10 0.021813463 
591 400 18 22 0.021811005 
25 45 8 10 0.021810843 
583 63 8 10 0.021731645 
537 270 10 12 0.02173054 
128 276 12 15 0.02170319 
940 395 24 30 0.021664143 
149 222 19 25 0.021658769 
145 37 8 10 0.021653391 
305 15 7 9 0.021638837 
272 198 10 12 0.021621238 
9 72 7 9 0.0216174 
450 110 49 59 0.021616474 
838 175 8 9 0.021612266 
813 149 8 10 0.02160992 
489 273 14 17 0.02156659 
231 109 7 9 0.021559171 
288 30 7 9 0.021556936 
287 48 7 9 0.02154539 
935 224 7 9 0.021543106 
340 295 74 105 0.02154114 
784 104 18 24 0.0215172 
958 88 8 10 0.021504253 
23 32 8 8 0.021492759 
736 1 8 9 0.02148976 
816 38 7 10 0.02145092 
998 5 8 9 0.02143371 
202 125 8 10 0.021418603 
596 370 18 21 0.021399897 
236 205 12 15 0.021382978 
4 313 23 29 0.021356985 
304 48 7 9 0.02135698 
630 38 9 11 0.02135573 
224 15 7 9 0.02135495 
271 73 8 9 0.021351704 
911 62 7 9 0.021343196 
252 291 15 18 0.021332087 
979 210 11 13 0.021325449 
207 8 8 9 0.02131387 
328 72 7 9 0.021308638 
766 135 9 11 0.021289473 
351 274 25 32 0.02126769 
871 387 23 27 0.021264732 
705 79 8 9 0.021251708 
582 260 10 13 0.021249814 
360 62 6 9 0.021240916 
970 46 7 9 0.021225132 
599 118 8 9 0.021212615 
550 71 8 10 0.021211307 
669 182 9 11 0.021204067 
103 247 10 12 0.021185005 
327 135 7 11 0.021183569 
134 221 11 14 0.021179805 
488 227 11 14 0.021175746 
445 105 28 38 0.021171417 
535 278 19 24 0.021149818 
567 119 7 9 0.02114443 
920 64 7 9 0.021125216 
109 469 29 36 0.021125121 
260 222 20 28 0.021119246 
89 275 21 27 0.021109313 
731 362 13 19 0.021097453 
946 166 18 23 0.021094302 
304 79 8 8 0.021087026 
320 118 8 10 0.021068214 
840 15 7 10 0.021063276 
754 154 19 24 0.021052336 
792 23 6 8 0.02104885 
896 242 18 23 0.02103839 
989 426 12 20 0.021038137 
965 133 8 10 0.021007849 
81 246 10 12 0.021004828 
744 31 7 10 0.020988123 
200 112 7 8 0.02096064 
201 151 7 9 0.020922922 
629 311 17 23 0.020920089 
377 23 8 9 0.020919863 
104 119 9 10 0.020916268 
767 277 11 13 0.020913342 
719 93 7 9 0.020901151 
693 204 11 13 0.020897452 
877 332 20 24 0.020895658 
169 118 8 9 0.020892402 
663 55 8 9 0.020888662 
792 128 19 24 0.020888388 
816 109 8 10 0.020875877 
280 62 6 9 0.020870112 
966 166 9 11 0.02086997 
698 82 19 24 0.020772953 
235 234 12 15 0.020771144 
761 0 8 9 0.020763546 
780 477 29 30 0.020759668 
983 56 6 8 0.020735832 
839 283 10 14 0.020716093 
616 17 7 10 0.020710377 
984 109 8 11 0.0206969 
749 80 19 24 0.020696856 
656 206 8 11 0.020690123 
256 127 9 11 0.020681962 
809 466 19 24 0.020676205 
840 270 10 12 0.02067335 
550 189 8 11 0.020672183 
957 311 10 12 0.020667665 
175 149 7 9 0.020636408 
138 164 7 10 0.020625083 
738 406 28 35 0.020624008 
501 103 8 10 0.020619724 
401 61 8 11 0.02061103 
398 47 7 9 0.020594459 
991 259 11 15 0.020592853 
999 125 9 10 0.020576796 
197 255 14 17 0.020562781 
29 103 8 10 0.020543948 
561 73 8 10 0.020540485 
592 182 8 10 0.02052518 
623 252 10 12 0.020511152 
695 32 7 9 0.020510677 
160 39 8 10 0.020497123 
932 234 10 14 0.020497017 
25 56 7 9 0.02048558 
72 94 8 11 0.020476796 
490 258 20 25 0.020450173 
511 232 9 11 0.020442568 
621 393 13 19 0.020436546 
734 206 9 12 0.020435026 
918 117 8 10 0.020433474 
254 102 8 10 0.020429814 
586 142 8 9 0.020429175 
663 23 8 9 0.020424984 
802 355 22 25 0.02042264 
13 486 29 34 0.020410413 
238 93 8 9 0.020403115 
145 249 24 27 0.020392818 
486 237 11 15 0.020387392 
490 216 8 11 0.020357167 
825 95 7 9 0.020355817 
733 283 13 17 0.02032881 
607 159 8 9 0.020321479 
382 109 8 10 0.020291163 
243 211 13 19 0.02029066 
674 8 7 9 0.020288622 
761 172 9 11 0.020278938 
560 6 21 26 0.020247903 
709 228 11 13 0.020245327 
951 315 11 13 0.020229887 
-1 205 7 13 0.02021812 
185 31 7 10 0.020202193 
423 46 7 8 0.020200532 
923 237 9 12 0.02019686 
591 272 10 12 0.020194229 
169 46 7 9 0.020162636 
313 147 10 13 0.020149931 
359 301 27 34 0.020141546 
860 331 12 16 0.020131018 
107 94 8 10 0.020111501 
752 152 8 10 0.020111226 
672 129 8 9 0.020098094 
847 417 38 48 0.020091329 
376 65 7 9 0.020078816 
239 14 7 9 0.020078266 
551 120 18 25 0.02007161 
559 23 7 9 0.020065885 
214 133 8 9 0.020032698 
964 231 10 12 0.02001071 
966 351 14 18 0.02000526 
