2_Demonstration_Political_Rally_2_960
38
578 775 51 66 0.99837685 
200 211 148 184 0.9982522 
397 275 54 62 0.9964038 
703 234 66 87 0.99379575 
110 264 54 69 0.9120206 
0 259 64 114 0.9068324 
625 315 32 39 0.50226647 
588 309 27 37 0.40721554 
539 285 62 70 0.34892696 
378 295 28 41 0.08042483 
16 329 412 426 0.050906666 
541 316 63 79 0.045301907 
872 958 11 13 0.04435224 
405 551 55 74 0.043948833 
78 48 9 10 0.039493274 
577 298 48 56 0.038890626 
594 307 17 22 0.036574256 
837 253 10 13 0.032705642 
926 309 40 50 0.032598674 
673 299 34 43 0.029882658 
679 273 55 70 0.02931299 
546 287 38 46 0.027798606 
666 233 45 62 0.02735648 
687 975 27 28 0.026915858 
398 254 32 36 0.026626999 
465 123 11 14 0.026278688 
449 125 11 11 0.025263317 
2 71 7 10 0.024662258 
26 110 8 11 0.024472702 
639 314 18 22 0.02356466 
458 313 28 32 0.023248812 
70 32 9 10 0.023202762 
882 312 102 131 0.022167819 
81 312 25 34 0.02213833 
559 799 29 46 0.021490669 
601 314 16 21 0.020886274 
571 75 29 34 0.02078732 
850 308 9 12 0.020580623 
