2_Demonstration_Demonstrators_2_100
24
408 134 259 356 0.99966276 
698 357 99 146 0.8298251 
914 350 48 67 0.70280254 
269 35 92 132 0.15456362 
727 298 90 120 0.14793243 
882 250 57 73 0.13281243 
391 635 198 244 0.10766036 
425 726 119 125 0.10070885 
765 304 68 77 0.09134965 
390 732 242 237 0.06683147 
711 337 71 95 0.06400132 
951 286 45 56 0.06112716 
755 373 97 136 0.055377204 
73 21 188 215 0.049478456 
704 310 155 241 0.03254593 
833 360 51 66 0.029414656 
404 452 240 268 0.027237285 
48 876 350 490 0.026868869 
365 717 398 388 0.025689982 
296 359 403 404 0.022087794 
119 190 220 253 0.020634409 
207 52 115 144 0.020488417 
399 761 114 134 0.020350844 
412 689 98 122 0.02029268 
