2_Demonstration_Political_Rally_2_107
150
227 490 29 36 0.9994111 
164 591 62 73 0.9981261 
235 562 44 53 0.9806527 
860 504 22 33 0.97710514 
734 558 38 46 0.88044804 
519 538 61 92 0.8492034 
640 488 87 109 0.63790685 
922 538 20 26 0.4382943 
286 495 21 30 0.37940297 
259 493 23 28 0.27632523 
274 493 19 29 0.25920835 
819 519 12 15 0.25477913 
962 590 27 40 0.21446216 
296 489 25 30 0.19094878 
133 511 26 34 0.17114909 
840 499 16 21 0.1357389 
173 499 23 26 0.12681313 
137 522 31 42 0.12491373 
935 490 12 16 0.12038806 
202 478 23 27 0.11095326 
893 606 37 42 0.11034141 
355 521 14 21 0.109905705 
135 583 33 50 0.10320981 
841 477 8 10 0.101845846 
700 510 32 49 0.100982234 
809 481 9 11 0.09027676 
169 523 30 34 0.087957196 
886 343 11 12 0.08602101 
792 499 10 12 0.08245339 
972 542 18 22 0.08197092 
326 513 23 31 0.081514336 
965 576 43 66 0.07969957 
6 464 63 82 0.06928057 
958 534 14 18 0.0674578 
710 545 59 74 0.06626215 
765 508 10 12 0.06323954 
332 507 15 19 0.06157012 
261 485 16 18 0.061524842 
796 495 9 12 0.059708502 
683 493 54 80 0.0577138 
917 509 15 18 0.05553632 
813 485 10 12 0.05366145 
840 494 12 14 0.053316064 
607 514 135 129 0.0530543 
943 594 50 56 0.052680574 
887 478 14 16 0.051542033 
832 523 13 18 0.050655484 
856 461 8 9 0.05036043 
346 519 20 26 0.04922249 
794 486 8 10 0.047439575 
922 523 17 21 0.045073684 
751 494 8 11 0.044698317 
898 611 66 58 0.04450802 
981 577 13 19 0.044215336 
306 485 17 22 0.04274262 
567 516 111 121 0.042000096 
265 499 24 31 0.041290693 
872 511 17 24 0.040085174 
840 485 10 13 0.039950058 
492 539 62 89 0.039713517 
800 461 9 10 0.039432496 
813 499 10 13 0.03906002 
120 511 50 68 0.039032213 
964 536 21 25 0.03847292 
334 515 27 34 0.03839446 
975 534 15 17 0.03799056 
878 364 10 12 0.037372485 
634 572 132 110 0.036191687 
878 467 10 13 0.03617333 
846 496 23 31 0.034285784 
821 487 10 11 0.033600986 
822 463 8 10 0.033396997 
913 643 60 53 0.033108015 
894 501 11 16 0.033044808 
146 573 54 69 0.032909084 
861 485 11 15 0.03218525 
845 471 9 12 0.03200208 
792 470 7 10 0.031343676 
818 464 8 9 0.030996533 
901 540 26 31 0.030232085 
146 512 26 35 0.030188603 
849 463 8 9 0.029688897 
912 514 14 18 0.029576136 
313 492 17 22 0.029544786 
228 638 29 40 0.029535774 
543 567 34 57 0.02931702 
750 617 56 81 0.029303318 
871 590 85 101 0.028931381 
160 498 44 46 0.028507724 
392 506 14 15 0.02844258 
685 552 98 103 0.028431239 
798 480 8 10 0.028253032 
390 508 42 51 0.028172323 
901 490 11 15 0.027876686 
922 512 15 19 0.027737183 
928 531 16 20 0.027624307 
786 631 37 55 0.026715035 
887 602 28 35 0.026628286 
817 525 17 20 0.026589386 
794 480 7 10 0.025820062 
326 506 15 20 0.025670098 
358 500 12 14 0.025363361 
737 495 9 12 0.025205234 
247 492 26 34 0.024942327 
871 478 9 12 0.024908928 
925 635 38 41 0.024886707 
918 531 18 22 0.0247397 
770 534 24 31 0.02468855 
973 578 23 38 0.024635104 
810 494 10 14 0.02459487 
412 523 29 35 0.024581593 
361 521 17 22 0.024322648 
799 556 28 34 0.02412752 
965 416 14 16 0.024109842 
295 501 19 24 0.023851434 
7 437 60 68 0.023501655 
137 538 50 60 0.023450997 
164 522 18 24 0.023341559 
337 513 16 23 0.023232326 
830 517 12 15 0.023129923 
828 537 16 19 0.0230673 
934 514 12 16 0.022780284 
773 509 9 12 0.022702338 
273 565 32 46 0.022572605 
879 483 11 15 0.022431284 
880 414 9 12 0.0223893 
835 514 16 20 0.022361258 
797 524 14 16 0.022344861 
388 502 25 28 0.022291174 
815 511 11 13 0.022098877 
816 470 8 10 0.021756515 
323 493 13 18 0.021745859 
317 493 23 30 0.021681717 
340 504 24 30 0.021463426 
394 605 20 23 0.021235 
901 375 11 12 0.0212243 
856 359 9 11 0.020909054 
149 527 37 43 0.02090612 
925 501 11 15 0.020848 
819 500 11 13 0.020847712 
150 498 13 15 0.020830939 
132 499 13 16 0.020713706 
824 480 8 11 0.020713476 
707 595 91 105 0.020619161 
184 503 17 19 0.020571359 
559 572 60 89 0.020559037 
882 408 9 10 0.020428868 
957 542 16 20 0.020092921 
238 633 35 45 0.020078309 
870 483 10 14 0.020006059 
