2_Demonstration_Protesters_2_258
24
176 215 109 120 0.99942774 
73 157 91 111 0.99901104 
806 251 109 124 0.9989919 
599 187 102 125 0.99053043 
371 284 27 35 0.4080682 
388 337 29 40 0.1804783 
385 362 34 42 0.073751576 
394 350 32 41 0.067775965 
682 268 16 20 0.04840549 
358 240 27 35 0.048317127 
380 365 14 20 0.04642669 
380 383 54 77 0.041235164 
638 230 71 93 0.04006697 
371 361 29 44 0.032795478 
603 152 158 203 0.029338054 
130 126 38 38 0.026095467 
378 346 30 41 0.025921328 
1014 329 10 20 0.023990052 
395 344 19 24 0.023218501 
103 136 22 22 0.022643274 
391 376 35 44 0.021783823 
112 136 66 80 0.021311458 
133 132 16 16 0.021247689 
376 363 12 18 0.020441487 
