2_Demonstration_Demonstration_Or_Protest_2_420
983
596 168 28 50 0.9971547 
310 167 27 47 0.99667054 
476 162 35 43 0.9931681 
720 160 32 51 0.97241986 
372 171 25 37 0.9713509 
408 228 47 76 0.96729636 
807 181 33 43 0.9579953 
693 137 24 32 0.9551518 
840 166 26 48 0.92356664 
420 134 22 29 0.9116536 
641 125 26 36 0.9082873 
209 148 24 33 0.87928116 
909 112 12 17 0.8340699 
518 145 21 29 0.82635003 
981 136 22 30 0.7959633 
727 146 28 40 0.7492016 
553 239 29 44 0.73457646 
933 253 47 75 0.6979612 
210 267 46 66 0.65999764 
204 126 15 21 0.6523319 
741 270 38 60 0.6487235 
259 132 15 22 0.57801014 
249 165 24 32 0.5662288 
4 133 14 21 0.48352578 
70 180 29 45 0.4758409 
987 145 23 26 0.4483108 
61 136 18 31 0.44090876 
512 88 9 11 0.43687385 
389 98 13 15 0.4059119 
236 105 12 17 0.3953829 
21 143 22 31 0.38563076 
2 296 32 49 0.36557359 
383 85 8 10 0.36044702 
428 186 22 32 0.34196228 
976 111 10 12 0.3356633 
829 115 12 15 0.30294728 
414 179 21 34 0.2963688 
932 125 11 15 0.28321484 
910 169 25 31 0.27938524 
984 192 28 38 0.27605376 
308 110 14 18 0.26790214 
978 132 17 24 0.26628935 
600 100 10 12 0.25005606 
570 163 30 46 0.2499117 
891 125 12 15 0.24473839 
86 77 9 12 0.23980984 
221 285 54 62 0.23802432 
951 101 10 12 0.2377591 
989 204 32 39 0.23498343 
414 109 9 10 0.23478577 
772 123 15 19 0.23251262 
279 95 10 12 0.22762434 
992 155 25 30 0.219535 
445 110 10 12 0.21780658 
1007 113 12 15 0.21613438 
203 104 14 16 0.20977825 
934 109 9 13 0.20910023 
397 206 26 37 0.20151572 
450 194 26 33 0.1995908 
162 139 17 22 0.19768724 
1007 100 11 13 0.19533953 
607 89 6 8 0.19351608 
308 252 32 40 0.19152401 
517 113 12 16 0.19087295 
838 152 13 21 0.18582208 
119 95 13 15 0.18574162 
294 126 15 22 0.18295974 
407 210 28 41 0.17908289 
417 221 27 40 0.17344467 
199 196 30 43 0.17330217 
602 95 8 10 0.17319119 
737 102 9 13 0.16896535 
116 155 23 37 0.16892569 
264 111 9 11 0.16888876 
790 126 12 16 0.16603611 
461 107 10 13 0.16159523 
229 105 14 19 0.16129945 
246 123 11 15 0.15871103 
707 117 10 12 0.15818268 
448 116 10 12 0.15503374 
967 92 8 11 0.15412822 
556 226 23 38 0.15269049 
390 130 12 18 0.15218163 
423 94 9 11 0.15144199 
405 182 21 32 0.15134095 
477 123 10 13 0.15108788 
552 104 9 10 0.1507453 
826 314 37 40 0.15024874 
871 89 9 11 0.14976831 
106 109 13 16 0.14634873 
982 95 8 10 0.14606093 
552 95 8 10 0.14315055 
135 130 13 17 0.14080538 
967 112 9 11 0.14031705 
463 92 8 10 0.14023218 
512 115 11 14 0.1374138 
815 129 15 19 0.13567972 
498 88 8 11 0.13473307 
304 77 9 11 0.13347994 
0 86 7 12 0.13322128 
358 76 8 11 0.13251941 
456 125 10 13 0.12966004 
617 97 8 10 0.12941132 
605 93 8 10 0.12763311 
373 97 11 14 0.12722139 
409 119 10 12 0.1271242 
583 88 7 9 0.12454068 
53 93 10 12 0.12384373 
38 95 11 13 0.12344933 
47 92 11 14 0.12266348 
630 108 11 16 0.12231999 
432 110 9 12 0.12057857 
176 92 8 10 0.120545015 
461 126 10 13 0.12011525 
493 118 10 12 0.11831863 
877 177 38 52 0.11717043 
387 211 29 43 0.11650665 
614 118 12 15 0.11644075 
920 239 32 50 0.116267025 
794 182 32 44 0.116036706 
651 135 27 36 0.11357489 
578 124 15 18 0.11289336 
253 125 11 17 0.111770935 
12 119 14 16 0.11162052 
409 103 8 10 0.11091826 
448 178 26 33 0.109921 
441 109 9 12 0.10916498 
433 136 17 22 0.10846819 
237 94 9 11 0.10844435 
753 95 8 10 0.10692725 
863 117 11 12 0.106804945 
703 113 10 11 0.10623712 
706 96 7 10 0.10558907 
905 78 8 10 0.10516422 
550 145 24 32 0.10514717 
225 106 12 17 0.10477362 
69 159 29 44 0.10410411 
974 125 13 18 0.10371972 
926 233 47 67 0.10244995 
736 96 7 10 0.10169477 
603 115 12 17 0.10124168 
920 95 9 11 0.10064125 
234 162 27 31 0.10004292 
472 124 10 14 0.09978614 
663 184 31 39 0.099320695 
527 100 9 10 0.09907943 
167 197 30 45 0.09892399 
504 88 9 11 0.09833426 
926 100 9 12 0.09767429 
495 109 10 13 0.09741036 
431 116 12 13 0.09717188 
436 188 25 32 0.09700532 
218 86 9 10 0.09634929 
45 117 16 19 0.0951421 
759 110 9 12 0.09511031 
190 106 10 13 0.09501152 
579 90 6 9 0.09494224 
65 143 26 39 0.094598934 
996 164 27 34 0.09430934 
293 93 9 13 0.09427214 
603 108 12 15 0.0938097 
142 71 9 11 0.09380224 
976 180 25 35 0.09344358 
495 104 9 11 0.092826374 
549 130 14 21 0.0927913 
369 162 18 25 0.092352405 
930 157 23 29 0.091808096 
456 92 8 10 0.09174 
541 123 11 17 0.090887144 
23 105 9 12 0.09059541 
10 138 22 28 0.09053332 
861 96 9 11 0.09051301 
200 103 11 14 0.09014357 
201 88 7 9 0.08946653 
429 103 8 9 0.089128084 
13 182 23 30 0.0889261 
504 76 8 9 0.08876314 
769 80 7 8 0.08840204 
218 158 29 36 0.08799924 
857 95 9 11 0.08758631 
227 113 13 16 0.08756731 
259 167 24 40 0.08708111 
540 116 11 16 0.08701876 
780 125 12 16 0.08582694 
777 87 6 9 0.084785715 
184 79 9 10 0.08450791 
307 101 13 16 0.08438229 
856 77 8 11 0.08433239 
481 87 7 9 0.08389611 
919 78 7 10 0.083847046 
871 109 9 11 0.08378166 
863 78 8 10 0.083378874 
410 62 8 10 0.08279164 
487 122 10 13 0.0825959 
501 109 9 12 0.08230878 
309 76 10 11 0.08177716 
556 103 9 11 0.08172765 
479 93 10 12 0.081534065 
423 72 7 9 0.080487244 
286 93 9 13 0.080352396 
733 137 16 26 0.08017794 
34 94 9 12 0.07964548 
440 171 27 32 0.07865721 
588 122 12 16 0.07855394 
905 86 8 11 0.077722944 
995 268 29 51 0.0772218 
964 175 24 33 0.077015586 
417 93 8 11 0.07614757 
95 79 9 11 0.075949244 
40 79 10 11 0.07550356 
766 96 8 10 0.07549672 
583 93 9 11 0.07434033 
823 170 33 48 0.07400158 
602 89 7 8 0.07369038 
112 84 9 11 0.073531486 
51 129 20 28 0.07317691 
646 187 29 44 0.07303595 
622 116 10 15 0.07298492 
137 77 9 10 0.07296717 
839 152 20 32 0.07285201 
409 80 7 9 0.072810374 
543 111 10 12 0.07274707 
925 96 8 10 0.07245545 
349 131 13 16 0.07194946 
249 78 9 12 0.071720324 
852 177 30 41 0.07125336 
465 169 28 40 0.071156606 
709 100 8 11 0.07108642 
267 108 12 14 0.07035259 
48 88 9 11 0.06991895 
376 79 9 11 0.069647744 
839 132 12 16 0.069616415 
106 71 8 10 0.06949753 
993 87 8 10 0.069337755 
107 99 14 17 0.06929156 
517 88 8 11 0.06891035 
542 87 8 11 0.068684824 
305 72 10 12 0.06852725 
739 107 9 12 0.068500854 
199 151 23 30 0.06839526 
147 288 44 66 0.06827959 
101 101 13 15 0.06825178 
591 79 8 9 0.06822067 
357 120 11 12 0.06792651 
907 147 17 20 0.067712724 
477 276 37 48 0.06730715 
459 181 26 40 0.06706102 
438 76 8 10 0.067037925 
488 102 9 12 0.06701465 
596 142 19 22 0.06694149 
497 77 7 9 0.06654496 
109 131 16 18 0.0664424 
950 96 9 11 0.06641504 
209 178 34 42 0.066005535 
378 56 7 9 0.06595151 
687 87 7 9 0.06584088 
659 269 31 38 0.06582456 
99 149 45 53 0.06575621 
411 123 11 15 0.06499702 
510 78 8 10 0.06497693 
581 157 14 20 0.06455408 
502 103 8 11 0.06363817 
62 95 10 13 0.06354879 
806 168 25 31 0.06349105 
795 125 13 18 0.06346622 
183 86 8 10 0.06346176 
136 109 10 13 0.063357554 
735 63 8 10 0.06333632 
935 153 14 18 0.063189924 
433 71 7 9 0.062788285 
738 68 8 10 0.062424015 
736 182 33 41 0.062337138 
191 86 7 9 0.062191445 
538 192 22 31 0.06207426 
368 92 11 15 0.062026594 
575 92 9 12 0.061983053 
998 88 8 10 0.061862282 
950 87 8 10 0.06155326 
75 169 44 54 0.061237358 
233 87 7 10 0.061217465 
897 73 8 10 0.061191145 
49 122 16 21 0.061171137 
968 139 11 16 0.06078712 
367 88 9 13 0.060743608 
52 151 13 21 0.060031123 
414 63 7 9 0.059722386 
166 73 8 9 0.059597187 
296 77 9 11 0.059568055 
480 81 7 9 0.05953255 
709 94 9 11 0.059053224 
678 152 13 19 0.05896217 
552 88 9 10 0.058961447 
398 70 7 9 0.05895074 
803 295 53 59 0.058879957 
377 85 9 12 0.05881561 
143 103 9 11 0.058715675 
192 122 21 30 0.05866857 
53 89 9 10 0.058442127 
511 126 11 14 0.058168262 
50 139 26 37 0.058095526 
563 154 12 16 0.057998773 
415 87 8 11 0.057848636 
872 104 9 11 0.057804756 
302 118 20 28 0.05753122 
753 281 52 66 0.057440646 
453 118 10 13 0.05707432 
934 104 9 10 0.05687805 
909 153 24 29 0.05664051 
697 117 10 12 0.056575157 
158 87 9 11 0.056265913 
935 144 9 11 0.056202665 
535 103 8 9 0.056072805 
145 134 22 28 0.056025933 
34 125 24 28 0.055942386 
721 110 8 10 0.055560783 
171 140 12 17 0.055541947 
726 110 10 13 0.055446047 
630 188 27 42 0.05511132 
256 108 9 13 0.05503546 
439 72 7 9 0.054922093 
863 111 11 12 0.054862943 
720 88 7 9 0.054830443 
30 116 13 18 0.054641135 
273 94 10 12 0.054565202 
556 153 15 19 0.054269172 
728 81 9 11 0.05412274 
420 201 26 35 0.054097623 
278 170 36 49 0.054046758 
229 132 14 16 0.053855475 
489 108 10 13 0.053804666 
245 312 41 39 0.053556506 
537 87 8 11 0.053421363 
406 146 14 19 0.053344566 
450 168 18 24 0.05334045 
146 133 13 17 0.053337466 
706 86 7 9 0.05330191 
446 104 9 11 0.05326605 
244 155 17 24 0.053061716 
36 120 17 20 0.052947547 
831 153 13 20 0.052689217 
47 78 8 9 0.05258996 
458 104 8 12 0.052491266 
696 111 9 12 0.05247628 
759 88 7 8 0.052243996 
617 72 7 8 0.05207008 
120 86 10 12 0.051919 
206 257 31 57 0.05186033 
294 99 10 13 0.051787294 
180 275 43 72 0.051496014 
497 71 7 10 0.05136098 
523 114 13 17 0.05097363 
203 117 15 19 0.05091308 
273 135 17 20 0.05079316 
949 124 10 12 0.050596606 
421 77 8 10 0.0504663 
591 72 6 9 0.0503028 
168 104 8 11 0.05023918 
536 111 9 12 0.050163068 
735 114 11 14 0.050102886 
544 103 8 10 0.050063085 
152 87 8 10 0.050020684 
441 137 13 19 0.049964342 
2 177 22 33 0.04995506 
464 77 7 10 0.049854666 
449 93 8 10 0.049834996 
455 109 9 12 0.04967996 
707 124 14 15 0.049495503 
913 110 13 15 0.049451116 
932 116 11 15 0.049211223 
465 72 7 10 0.049158596 
221 79 9 11 0.049124565 
638 78 7 10 0.049014617 
46 111 12 15 0.048855342 
42 132 24 31 0.048820175 
993 180 28 40 0.048608936 
197 161 15 22 0.048466902 
410 84 8 11 0.048337605 
695 134 16 23 0.048273727 
0 168 11 22 0.04796975 
791 78 8 10 0.047928043 
978 115 14 16 0.047896244 
392 48 7 9 0.047798093 
319 79 9 11 0.04744544 
399 78 7 10 0.04740875 
543 94 8 10 0.047405068 
976 94 9 12 0.04725535 
761 101 9 11 0.047172654 
711 87 8 10 0.046904974 
402 200 19 25 0.046881277 
389 87 9 10 0.046799704 
910 86 8 10 0.04671124 
550 146 13 19 0.046593867 
320 84 10 14 0.046565026 
425 101 8 11 0.046498183 
294 117 10 14 0.04649705 
129 164 16 24 0.046383236 
557 94 8 10 0.046362877 
485 87 9 10 0.04628481 
5 126 14 18 0.046152443 
1001 93 8 11 0.045931466 
569 87 7 9 0.04589673 
880 78 6 9 0.045820985 
902 73 7 10 0.045722358 
878 107 10 12 0.04563761 
302 96 12 15 0.045519747 
528 72 6 9 0.04549709 
761 63 6 8 0.045455337 
586 80 7 9 0.045310833 
64 78 8 11 0.045279484 
575 277 41 44 0.04516085 
288 72 8 10 0.044930488 
206 78 8 9 0.0449009 
695 97 8 10 0.04470492 
263 174 35 48 0.04445377 
69 101 9 13 0.04436356 
521 103 8 10 0.044349656 
572 139 14 17 0.044275723 
265 71 8 10 0.044252224 
470 132 11 12 0.044020105 
134 129 22 29 0.04400708 
941 127 10 12 0.04393681 
742 70 8 9 0.043921113 
293 110 10 13 0.043767072 
153 140 21 32 0.043712445 
39 86 9 10 0.043698933 
896 169 23 40 0.04364977 
685 144 22 30 0.04358626 
389 177 27 32 0.043510832 
913 247 47 75 0.043459203 
567 152 26 35 0.042973023 
395 100 10 13 0.042963494 
28 134 25 31 0.042961773 
376 225 24 37 0.042934522 
927 128 13 16 0.042843077 
15 109 12 14 0.04270083 
381 56 8 10 0.042427324 
0 91 9 14 0.04242496 
997 246 24 46 0.042331424 
925 154 13 16 0.04231364 
144 88 8 10 0.04226797 
781 161 14 21 0.042251784 
929 107 10 14 0.042116143 
385 92 10 14 0.04198665 
30 149 24 33 0.041895024 
542 128 14 20 0.041819483 
422 108 9 13 0.041772068 
523 180 14 18 0.04162395 
106 167 43 56 0.04158019 
381 63 8 9 0.041391984 
199 95 9 10 0.04133731 
668 190 17 23 0.041235033 
384 129 13 18 0.041216437 
887 88 9 10 0.041124012 
134 85 10 11 0.040997196 
183 192 35 50 0.040951226 
375 71 8 9 0.040919654 
103 108 21 25 0.04077837 
182 118 11 15 0.04071306 
568 78 7 9 0.040641885 
707 111 11 13 0.04050494 
910 80 8 10 0.04049837 
366 157 15 21 0.04042106 
284 129 17 22 0.04022277 
672 79 8 10 0.04020448 
789 118 12 15 0.04019375 
918 72 8 10 0.040158726 
910 201 26 37 0.040156987 
620 99 11 14 0.04011741 
433 162 15 19 0.04004245 
159 93 9 10 0.039920542 
118 106 13 15 0.03984144 
384 231 46 66 0.0397328 
667 108 12 14 0.039714858 
368 179 34 47 0.039675977 
878 87 8 11 0.0396706 
429 123 14 17 0.039618984 
958 78 8 9 0.03926929 
158 78 8 10 0.03922343 
904 91 8 11 0.039209854 
449 89 7 10 0.03914296 
24 79 8 10 0.039129123 
104 140 25 34 0.038992707 
969 130 20 28 0.038932618 
311 84 10 14 0.038902197 
569 72 7 9 0.038809374 
792 110 9 12 0.038769998 
1004 220 17 26 0.038737115 
977 80 9 10 0.03834711 
253 67 9 12 0.03832236 
776 70 7 9 0.03829996 
351 119 11 14 0.038286958 
368 76 9 12 0.03812753 
247 205 40 59 0.037917443 
929 216 32 48 0.037909187 
471 72 6 9 0.037823066 
381 118 11 13 0.037783463 
295 72 8 11 0.03760591 
950 205 13 17 0.0375152 
481 64 7 10 0.037498955 
622 78 7 9 0.037335087 
621 117 21 30 0.03732975 
514 61 7 9 0.03731308 
369 64 8 10 0.037309606 
698 150 28 37 0.03727372 
961 110 9 12 0.037187286 
394 126 13 16 0.0371233 
246 103 10 13 0.037039313 
236 128 15 17 0.0369601 
639 128 17 24 0.036837623 
393 64 8 10 0.036798086 
768 119 12 15 0.036789853 
665 87 7 9 0.036748167 
913 95 8 10 0.036732852 
861 121 14 16 0.036619514 
587 130 13 18 0.03654736 
71 107 10 13 0.036542084 
448 263 53 62 0.0365358 
238 89 8 9 0.036382664 
471 79 8 10 0.036373258 
634 105 13 17 0.03636057 
111 254 40 47 0.036357712 
696 124 11 14 0.036303364 
570 94 8 11 0.036289096 
430 64 8 9 0.036190353 
526 77 7 10 0.03617863 
223 151 18 25 0.036156107 
941 110 10 12 0.036129564 
601 74 7 9 0.03612129 
504 126 10 12 0.03595032 
12 149 26 35 0.03576702 
945 100 10 12 0.035712443 
827 130 14 19 0.035553962 
263 95 9 10 0.035547487 
60 125 15 23 0.03543748 
1001 77 8 10 0.03541198 
592 149 26 35 0.03540651 
394 107 12 15 0.035302263 
920 124 10 12 0.03528665 
793 87 8 10 0.035241228 
784 71 8 10 0.035222754 
271 78 8 11 0.03505862 
167 94 8 9 0.0349461 
734 87 8 9 0.034888897 
487 80 8 9 0.034880593 
370 70 8 10 0.034879874 
71 80 8 10 0.034873158 
394 69 7 10 0.034842752 
540 187 16 19 0.034812737 
68 95 9 12 0.034751344 
458 78 8 9 0.034715224 
269 71 9 11 0.03461621 
343 123 14 18 0.034586903 
288 110 10 12 0.03457593 
125 79 9 10 0.03451916 
584 100 9 12 0.0344867 
113 125 16 19 0.034469366 
890 186 41 51 0.034430314 
79 102 11 14 0.0344033 
825 112 11 14 0.03439019 
239 113 13 17 0.034297068 
167 131 20 30 0.03429514 
41 150 24 33 0.034290735 
306 152 24 41 0.03424047 
564 159 15 22 0.03395019 
838 125 10 14 0.03384963 
111 94 12 14 0.033847265 
577 120 11 15 0.033812743 
981 139 41 54 0.033774067 
5 94 10 12 0.033745743 
121 156 38 51 0.033654295 
726 85 9 11 0.033552237 
191 96 8 9 0.03341417 
1000 210 20 22 0.03340447 
154 79 7 9 0.033398453 
383 109 10 13 0.033387277 
479 239 54 57 0.03334702 
31 79 8 10 0.033325087 
782 145 13 19 0.033283554 
565 148 13 17 0.033105433 
280 88 7 10 0.03304122 
516 121 12 16 0.032970794 
87 82 10 12 0.032861788 
759 96 10 10 0.03284144 
381 191 31 38 0.03277707 
607 73 7 8 0.032696094 
308 94 12 14 0.03269097 
179 124 20 29 0.03264489 
557 88 8 9 0.032568365 
265 76 9 11 0.0325431 
644 117 17 22 0.032485537 
927 85 9 10 0.032439638 
754 110 9 11 0.032431327 
87 95 9 11 0.032425325 
914 149 16 17 0.032334674 
242 120 19 25 0.032071043 
961 132 11 15 0.032066643 
927 80 9 10 0.031949848 
951 324 44 62 0.03188561 
416 79 9 10 0.03186639 
548 116 15 18 0.031863034 
688 93 8 11 0.03179124 
42 88 19 24 0.03173809 
182 94 8 10 0.03168525 
422 115 11 13 0.031597093 
518 93 8 10 0.031596042 
671 167 33 39 0.031568892 
182 169 15 23 0.03155274 
198 115 14 18 0.03153549 
685 154 29 35 0.031531606 
228 125 12 15 0.031461254 
30 130 40 49 0.03142286 
701 124 13 16 0.031400464 
511 73 7 9 0.03135678 
536 72 6 8 0.0313244 
478 134 10 12 0.031269655 
912 104 10 13 0.031267192 
848 71 8 11 0.03121304 
729 62 9 10 0.031191655 
787 77 7 10 0.031172963 
0 116 10 14 0.031092046 
54 77 9 10 0.03106409 
28 109 10 14 0.03103779 
212 141 16 23 0.031037763 
202 78 8 10 0.031015186 
448 121 11 16 0.03096464 
982 79 7 10 0.030929988 
263 135 22 25 0.030847372 
426 164 25 32 0.030843694 
447 71 8 10 0.030839263 
205 88 8 10 0.03081591 
478 97 12 16 0.030739833 
174 102 9 12 0.030638617 
613 127 15 19 0.03058089 
721 137 25 37 0.030568458 
319 185 32 40 0.030538572 
945 87 8 9 0.030499922 
941 309 36 53 0.030405426 
501 235 52 55 0.0302523 
97 62 7 10 0.030203905 
871 78 8 10 0.030163813 
215 92 10 13 0.030162437 
460 115 12 16 0.03011465 
288 77 8 9 0.030102927 
90 148 34 39 0.03008848 
580 156 25 34 0.030050555 
554 123 16 20 0.029987313 
539 140 24 32 0.029984646 
115 153 16 25 0.029923242 
281 79 7 9 0.029848916 
614 88 7 8 0.029834962 
273 87 8 9 0.02982689 
1011 178 12 18 0.029747402 
1005 96 19 25 0.029711036 
184 72 9 10 0.029615263 
769 87 7 8 0.02945696 
221 93 10 12 0.029437512 
288 204 24 38 0.029409407 
751 78 8 9 0.02936669 
486 134 11 13 0.029335033 
521 77 8 9 0.029306874 
535 94 8 10 0.02926003 
793 92 8 11 0.029256722 
255 37 8 10 0.029230624 
652 275 48 54 0.029132806 
254 86 8 10 0.029127082 
623 256 29 42 0.029127076 
664 103 10 12 0.029123561 
530 54 8 10 0.029115034 
210 107 12 14 0.029111523 
509 153 23 29 0.029078417 
415 142 14 22 0.029070327 
243 107 12 16 0.029029904 
769 133 22 29 0.029027445 
893 137 12 16 0.028975833 
356 177 23 37 0.028975753 
168 89 8 10 0.028942332 
502 116 10 12 0.028814668 
25 192 15 19 0.028791828 
424 255 58 76 0.028746892 
161 72 8 10 0.028732263 
975 105 9 11 0.028590629 
528 87 7 10 0.028561452 
397 63 8 10 0.028523626 
250 138 21 31 0.028514544 
518 157 23 31 0.028451726 
408 95 9 11 0.028443636 
907 152 40 52 0.028420256 
844 126 10 14 0.028393593 
879 92 8 11 0.02830761 
472 63 7 9 0.02830582 
382 69 8 10 0.028279698 
774 178 33 48 0.028269885 
-2 215 26 44 0.028266687 
32 87 8 10 0.028205836 
486 141 12 14 0.02816703 
566 253 40 45 0.02813714 
540 169 15 21 0.028116534 
1004 109 20 24 0.02809936 
945 95 8 11 0.028098999 
745 54 6 9 0.028054643 
125 116 11 13 0.028011506 
438 115 11 13 0.027992709 
244 131 22 28 0.02791747 
471 142 12 16 0.02785257 
600 80 20 27 0.02784947 
987 116 13 14 0.027825106 
511 99 9 11 0.027778825 
585 113 20 26 0.02776422 
336 1 44 55 0.027710127 
424 63 8 10 0.027672118 
81 197 42 39 0.027662734 
708 164 28 39 0.02765895 
908 182 27 41 0.027621984 
222 224 49 64 0.027557041 
586 71 7 9 0.0275298 
220 123 11 15 0.027510796 
264 103 11 13 0.027423652 
739 118 11 12 0.02724858 
870 270 27 29 0.027206462 
270 100 11 14 0.027179297 
742 96 8 10 0.027150132 
125 107 10 14 0.027122034 
472 86 8 10 0.027085118 
986 125 14 16 0.027047373 
99 133 25 28 0.027036292 
785 127 20 24 0.027023919 
705 81 7 9 0.027019007 
776 285 54 66 0.026995843 
945 79 7 9 0.026994253 
135 103 10 13 0.026993666 
600 79 7 8 0.026987642 
450 155 16 22 0.026880566 
189 79 8 10 0.026876528 
534 55 8 10 0.026873183 
428 95 9 11 0.02687301 
425 217 18 24 0.026869902 
578 135 14 18 0.026686484 
989 109 11 13 0.026643503 
583 110 10 11 0.026639557 
620 122 12 17 0.026577633 
992 48 7 10 0.026575588 
859 139 16 19 0.026536005 
920 88 7 9 0.026484407 
590 86 8 10 0.026410678 
459 171 15 24 0.026387235 
1002 101 10 13 0.026370218 
145 95 8 10 0.02635787 
969 125 10 15 0.0263578 
470 100 11 14 0.026355742 
862 73 9 10 0.026345316 
495 64 8 8 0.026331283 
628 102 20 29 0.026294889 
505 127 20 26 0.026277248 
670 86 7 9 0.026275907 
7 100 9 12 0.02624392 
364 132 14 18 0.026105072 
5 190 26 39 0.026080353 
672 152 27 32 0.026074922 
801 159 23 29 0.025998428 
188 115 13 17 0.02593626 
286 100 9 11 0.025932364 
16 87 8 10 0.025860155 
492 141 13 16 0.025846737 
108 269 52 55 0.025838029 
858 117 9 12 0.025830347 
182 146 10 16 0.025810596 
971 143 23 31 0.02567765 
54 96 13 15 0.025672114 
288 89 8 10 0.025654793 
602 162 18 31 0.025654234 
377 62 7 10 0.025652621 
895 105 8 10 0.025649011 
65 85 9 11 0.025635557 
315 260 16 21 0.025592918 
156 193 27 41 0.025581153 
804 128 14 21 0.02553887 
902 142 12 16 0.025536811 
774 110 10 11 0.025460202 
18 309 44 46 0.025318803 
401 251 32 53 0.025295923 
572 127 24 28 0.025227236 
317 136 13 19 0.025216673 
797 17 11 15 0.02519946 
829 301 29 35 0.025195677 
103 78 9 11 0.025156908 
630 112 24 32 0.025072498 
952 78 8 11 0.024978764 
254 103 9 13 0.02491472 
57 73 8 10 0.024880165 
134 116 11 16 0.024876405 
188 123 15 21 0.024872085 
975 85 9 10 0.024863223 
15 93 8 10 0.024845436 
728 103 9 11 0.02484431 
553 79 8 8 0.024839107 
887 79 8 9 0.024812542 
365 118 9 13 0.024788095 
606 78 7 9 0.024749672 
835 307 17 22 0.024747057 
325 93 11 14 0.024682188 
776 66 7 8 0.02465721 
418 71 7 9 0.024640702 
421 126 13 18 0.024638303 
859 131 15 17 0.024573237 
171 202 17 23 0.024541693 
160 101 10 11 0.024525281 
964 191 14 20 0.024506131 
515 130 13 18 0.024482261 
457 121 18 24 0.02431384 
126 71 8 9 0.024272913 
500 138 13 18 0.024261989 
735 131 13 18 0.02423699 
487 63 7 10 0.024207657 
645 89 9 11 0.024172492 
617 77 8 9 0.02411183 
78 175 17 27 0.024108749 
823 113 19 24 0.024039173 
277 106 12 13 0.024020307 
814 110 10 12 0.024018398 
719 92 8 10 0.024008695 
189 171 24 41 0.023991203 
729 58 7 9 0.023984829 
897 206 26 36 0.023944443 
989 226 32 51 0.023936553 
966 157 11 15 0.023936087 
22 157 27 36 0.023923457 
935 70 8 9 0.023903657 
305 66 7 9 0.02387633 
719 115 11 13 0.023842696 
772 147 21 30 0.023805257 
894 107 10 14 0.023791384 
302 97 20 27 0.023776837 
688 111 9 11 0.023762137 
437 125 12 14 0.023718106 
518 139 16 23 0.02369257 
957 70 8 11 0.023679886 
485 146 15 16 0.023661582 
206 95 10 12 0.023603428 
782 148 20 30 0.02346706 
782 120 11 13 0.023459336 
921 163 17 22 0.02344323 
423 88 7 9 0.02342937 
263 89 8 9 0.023400519 
521 72 7 9 0.023322815 
207 239 34 44 0.023294797 
961 116 9 12 0.023282308 
30 100 10 13 0.023269787 
937 64 7 9 0.023248324 
625 110 10 15 0.023225272 
678 78 7 9 0.023217848 
388 214 17 26 0.023201473 
990 103 10 12 0.023185713 
753 182 30 40 0.023168175 
970 163 14 18 0.023138177 
38 108 13 16 0.023111042 
729 95 8 11 0.023108773 
412 173 16 22 0.023073308 
375 125 11 15 0.022966256 
408 57 8 10 0.022964539 
116 115 14 15 0.02292975 
951 120 10 12 0.022920117 
23 84 8 11 0.022886256 
1007 78 7 9 0.0228737 
465 63 6 8 0.022827843 
935 95 8 10 0.02281184 
18 71 7 10 0.022801243 
853 146 15 19 0.022799937 
593 127 24 29 0.022780174 
259 299 35 40 0.02277446 
939 208 29 33 0.02276371 
276 89 19 24 0.02274528 
188 164 14 20 0.022732224 
739 125 13 17 0.022726472 
604 133 13 16 0.022700923 
424 125 22 28 0.022625837 
591 63 7 9 0.02261987 
72 152 17 22 0.022609346 
878 231 30 37 0.022596546 
496 56 8 9 0.022536978 
822 278 59 59 0.022534339 
272 48 7 9 0.022514384 
324 76 11 14 0.022508591 
1000 110 11 13 0.022480194 
562 119 19 26 0.022473143 
471 118 20 24 0.022400318 
248 84 10 10 0.022392767 
857 123 11 14 0.022379668 
109 90 19 24 0.022377772 
189 155 40 50 0.022375902 
121 72 8 10 0.022344714 
888 137 12 15 0.022337785 
673 72 7 9 0.022319762 
266 116 14 16 0.022227047 
543 63 7 8 0.02218817 
768 64 6 8 0.022151731 
856 110 9 12 0.022139516 
928 62 7 9 0.022126326 
252 187 38 54 0.022116723 
257 94 8 10 0.022107454 
637 116 12 17 0.022099165 
701 106 20 23 0.022008536 
939 161 23 31 0.022006994 
608 62 7 9 0.021993749 
254 117 11 16 0.021974893 
95 95 10 13 0.02197347 
542 200 24 33 0.02197192 
956 103 9 11 0.021955522 
679 72 8 10 0.021930255 
375 119 10 13 0.021846443 
648 76 7 9 0.021835923 
590 95 8 10 0.021780847 
16 103 10 12 0.021766769 
71 85 8 10 0.021736382 
962 86 9 12 0.021667797 
294 88 9 11 0.021657687 
-1 183 12 23 0.021635799 
218 73 7 10 0.021622848 
634 138 29 37 0.02162005 
720 104 9 10 0.021617915 
832 136 20 28 0.021612681 
656 171 28 43 0.021564422 
368 210 27 35 0.021533892 
755 88 7 10 0.02151982 
411 213 16 26 0.021479432 
467 107 12 15 0.021402027 
236 137 15 18 0.021401023 
875 273 16 19 0.021389268 
670 95 8 10 0.021372128 
548 167 14 20 0.021322997 
775 103 8 10 0.021283869 
269 184 40 54 0.021270389 
110 101 22 25 0.021265615 
599 119 13 18 0.02121068 
528 175 25 30 0.021209348 
356 160 25 34 0.021170449 
201 216 25 42 0.021139901 
309 134 14 21 0.02112251 
977 63 7 10 0.021092864 
764 108 11 13 0.021060152 
306 138 22 34 0.021053301 
456 102 19 25 0.020972934 
834 111 12 15 0.02094599 
574 72 7 9 0.020919941 
697 86 7 9 0.020910822 
509 82 17 23 0.020899799 
431 87 8 10 0.020818656 
734 80 7 9 0.020758254 
886 108 9 12 0.020741677 
816 180 21 25 0.020737095 
993 79 7 10 0.020729765 
610 115 21 25 0.020712454 
566 110 9 11 0.020700505 
516 195 14 17 0.020693354 
371 219 14 19 0.020684794 
177 79 8 9 0.020674096 
752 100 8 10 0.020628357 
824 135 20 26 0.020574287 
299 130 16 24 0.0205676 
141 173 23 32 0.020563021 
150 71 8 10 0.020553324 
9 187 43 55 0.02055299 
211 118 14 18 0.020540468 
956 185 25 30 0.020533446 
1015 85 8 12 0.020524357 
440 64 7 9 0.020494364 
865 86 11 12 0.02048412 
842 312 39 38 0.020459909 
266 126 16 19 0.020443933 
565 168 17 25 0.020409444 
961 157 11 15 0.020402407 
960 218 53 59 0.020307995 
440 86 7 10 0.020305123 
398 86 8 11 0.02026925 
478 108 13 15 0.020232428 
148 37 10 12 0.020197598 
353 71 9 12 0.020165643 
391 80 7 8 0.020155303 
962 162 23 30 0.020138701 
485 94 9 11 0.020119464 
895 88 8 10 0.020106528 
200 72 9 11 0.020090736 
955 201 16 20 0.020043708 
866 255 48 56 0.020022547 
