2_Demonstration_Protesters_2_826
222
893 239 61 75 0.9995334 
627 72 32 45 0.99937004 
706 203 49 70 0.9988524 
604 140 36 43 0.9981889 
544 168 43 54 0.996903 
580 76 26 32 0.97967416 
56 86 29 40 0.96411294 
498 148 28 39 0.9574164 
517 68 13 18 0.9278239 
227 101 18 22 0.89458674 
179 114 15 21 0.8800067 
545 104 17 24 0.83981323 
424 83 17 24 0.7582636 
210 81 17 20 0.6634475 
519 124 20 24 0.5750444 
91 82 12 16 0.5286406 
256 68 10 12 0.49774262 
562 55 21 27 0.47732058 
686 68 13 16 0.41423267 
386 82 15 19 0.40933397 
617 67 13 16 0.36891153 
141 102 13 16 0.310411 
536 75 12 14 0.30177382 
181 86 8 11 0.2829945 
200 108 11 17 0.27647498 
552 66 11 15 0.26824638 
509 132 27 36 0.2473467 
26 98 31 37 0.24085198 
359 88 21 26 0.23165748 
400 56 7 10 0.2262709 
545 32 8 10 0.22012469 
415 105 12 17 0.18820418 
405 89 10 14 0.16937467 
685 72 16 24 0.16383429 
435 136 27 34 0.14755403 
401 184 35 54 0.13539729 
99 85 12 14 0.1290691 
780 87 12 16 0.12475616 
399 86 10 12 0.12361577 
315 100 15 19 0.123060875 
488 77 11 14 0.12257334 
376 364 52 80 0.12221388 
131 99 15 18 0.113434106 
412 62 9 12 0.111880794 
372 189 51 58 0.11143396 
450 136 26 32 0.10565497 
369 89 15 19 0.10500781 
334 136 28 38 0.09703732 
504 65 11 14 0.09580117 
234 74 10 14 0.092463896 
576 67 24 30 0.09078023 
252 70 23 32 0.088696875 
869 62 14 16 0.083888665 
676 55 10 13 0.08293892 
423 77 15 20 0.08281489 
40 92 32 39 0.08015007 
254 44 8 11 0.07892159 
455 56 8 11 0.07848235 
0 128 10 18 0.0762395 
455 147 26 35 0.07140508 
148 106 11 15 0.07117158 
86 79 19 25 0.070689924 
431 90 16 19 0.068706326 
152 84 10 12 0.067862965 
255 73 14 19 0.06635434 
137 132 12 15 0.062419575 
311 94 11 15 0.061732266 
353 64 7 8 0.06057334 
684 80 21 29 0.060544547 
213 89 21 25 0.060217757 
465 154 25 30 0.059649266 
529 110 22 25 0.0583681 
618 68 28 37 0.057926364 
1002 167 8 12 0.057780422 
324 100 14 19 0.05633505 
121 99 12 16 0.054549232 
279 39 10 12 0.05444857 
852 92 23 34 0.053789098 
551 61 21 27 0.053264234 
200 78 21 27 0.053222906 
491 83 10 13 0.05227818 
993 159 7 9 0.052213248 
677 82 13 19 0.051693432 
455 60 10 13 0.050125107 
349 134 12 16 0.04967125 
540 70 12 16 0.048670877 
449 54 9 11 0.04850429 
883 80 13 16 0.04826676 
442 93 13 17 0.04825051 
466 97 16 22 0.047816716 
416 193 32 44 0.046591695 
487 72 8 11 0.04521109 
175 98 23 33 0.045154247 
175 110 13 18 0.045130752 
552 100 23 28 0.04493858 
27 104 19 22 0.04417545 
332 100 12 17 0.044132654 
157 80 8 10 0.04345574 
459 84 21 28 0.042628124 
670 83 13 19 0.042462893 
199 81 13 17 0.042296402 
321 37 9 12 0.042033568 
887 51 11 14 0.041890632 
68 82 24 33 0.04127448 
1014 182 7 10 0.040770803 
392 62 9 11 0.03840208 
562 99 16 21 0.038117506 
361 336 86 128 0.037738223 
412 68 10 12 0.037426673 
624 32 11 14 0.03731378 
59 14 13 17 0.03728169 
376 30 7 9 0.03714057 
215 101 22 27 0.036698397 
262 43 9 11 0.036660742 
193 106 19 26 0.03603592 
365 125 14 17 0.035595212 
522 61 13 16 0.035414327 
413 56 9 11 0.035364658 
503 170 31 40 0.035278272 
1006 172 8 10 0.03516482 
406 99 13 20 0.034898106 
734 62 11 15 0.034530148 
21 11 27 31 0.034469016 
203 110 14 20 0.034024756 
949 80 10 13 0.03389284 
126 95 15 18 0.03382368 
442 103 16 19 0.03380541 
334 93 11 16 0.03366551 
481 62 9 11 0.03299679 
1002 183 8 10 0.03290941 
218 80 12 14 0.032746106 
526 54 10 12 0.03233114 
519 110 12 16 0.032213066 
353 89 11 17 0.032206584 
193 77 10 12 0.032107238 
406 55 9 12 0.031826332 
211 157 25 29 0.03157683 
207 70 10 13 0.031297818 
476 99 16 22 0.031185811 
455 72 22 26 0.030778334 
529 46 8 11 0.030600559 
861 84 14 17 0.030499557 
285 40 8 10 0.030010294 
458 132 17 21 0.029704513 
454 69 12 17 0.029703517 
273 39 9 11 0.029456742 
340 137 17 23 0.02933157 
186 107 17 24 0.029302647 
529 31 7 10 0.029241154 
424 54 8 11 0.029105874 
597 60 15 18 0.028682146 
667 220 37 59 0.028084818 
419 93 16 23 0.027356626 
47 3 12 15 0.027131008 
693 83 21 31 0.027077002 
316 109 17 20 0.026804388 
545 139 30 34 0.026586108 
485 99 14 23 0.026482042 
384 5 97 121 0.026441766 
327 94 11 16 0.02633816 
589 69 24 30 0.02615542 
913 75 14 17 0.026148599 
249 81 10 17 0.026043942 
517 117 16 21 0.025804492 
501 74 13 17 0.025662603 
480 69 11 15 0.025538879 
729 132 10 13 0.025496846 
53 5 11 13 0.025494676 
167 107 12 15 0.025458843 
506 148 39 53 0.025222298 
405 325 96 137 0.025059704 
333 145 17 24 0.02491396 
550 54 11 13 0.024842368 
155 108 13 16 0.024789812 
46 10 25 32 0.024719976 
466 138 15 21 0.024636636 
271 61 10 13 0.024577243 
397 67 12 14 0.024367945 
173 130 14 18 0.024273708 
692 104 13 18 0.024271935 
1011 89 11 18 0.024077535 
485 111 13 20 0.023786904 
333 61 8 10 0.02369738 
701 105 12 17 0.02367743 
449 70 11 14 0.02332977 
395 55 8 10 0.023222134 
920 60 13 15 0.02317868 
355 130 13 16 0.022949496 
0 125 18 31 0.022767998 
690 62 12 15 0.022649689 
825 414 29 34 0.022506243 
358 63 7 9 0.022475976 
687 97 14 20 0.02233443 
529 37 8 10 0.022306925 
559 53 16 20 0.022275519 
495 54 8 11 0.022199498 
390 69 11 14 0.022036782 
452 125 15 18 0.022019818 
438 122 27 32 0.021865956 
866 73 15 19 0.021830797 
996 289 28 48 0.02164088 
858 82 22 30 0.02157166 
450 59 9 13 0.021376774 
663 160 39 53 0.02125747 
512 122 16 22 0.02118563 
421 138 27 35 0.021104712 
407 47 8 10 0.02100771 
259 64 11 13 0.020949401 
596 67 15 19 0.020918135 
357 185 35 37 0.020894548 
400 86 20 27 0.020864315 
384 86 23 30 0.020840425 
131 112 17 19 0.020686151 
284 74 12 18 0.02061878 
191 82 11 15 0.020608224 
329 61 8 11 0.02052793 
175 89 12 16 0.020477355 
140 111 16 18 0.020423142 
176 80 18 23 0.020365467 
134 128 21 24 0.020247765 
1007 184 8 10 0.020106943 
1003 189 8 11 0.020081507 
