2_Demonstration_Demonstration_Or_Protest_2_687
3261
187 506 15 19 0.99521434 
133 547 14 20 0.9925644 
196 441 12 17 0.98428047 
669 387 12 16 0.98123497 
397 449 14 18 0.9809894 
485 514 14 18 0.98085046 
445 527 17 22 0.97754276 
702 484 14 18 0.97651416 
584 506 16 19 0.97602135 
229 498 13 17 0.9753352 
739 413 15 18 0.97483826 
646 520 14 19 0.9738461 
812 474 14 19 0.9733536 
879 376 13 17 0.9720353 
765 541 15 20 0.9719753 
406 365 12 15 0.969321 
421 483 14 18 0.96927 
34 491 15 19 0.9684757 
367 434 14 18 0.96545535 
517 466 14 18 0.9648103 
669 363 13 17 0.9622217 
471 347 12 15 0.9621913 
437 454 14 20 0.96163255 
462 396 10 14 0.9547519 
754 510 16 20 0.95430094 
359 356 10 15 0.95029324 
793 456 15 18 0.9500654 
780 433 13 17 0.9470559 
884 437 14 17 0.9443705 
83 453 13 17 0.94195706 
259 444 14 20 0.94023156 
710 371 14 17 0.93864423 
652 317 11 15 0.9373907 
490 460 12 16 0.9367462 
162 483 14 21 0.9367006 
844 327 12 16 0.93555844 
378 565 14 18 0.9327309 
571 294 10 13 0.92545694 
556 382 13 15 0.9221174 
923 401 14 17 0.9220099 
590 292 10 14 0.919679 
606 490 14 18 0.9175522 
384 358 13 16 0.91754186 
575 421 12 15 0.9172154 
668 306 11 14 0.91611105 
597 460 12 16 0.9151377 
535 514 13 17 0.91501844 
20 421 12 17 0.9132589 
310 505 14 18 0.9131233 
75 398 13 15 0.9130298 
501 406 12 15 0.9057349 
280 533 14 20 0.9044418 
767 414 12 15 0.9033023 
211 412 11 15 0.9011896 
446 310 12 16 0.8991246 
764 347 12 15 0.8970551 
679 410 13 17 0.89675677 
651 351 11 14 0.89208794 
701 310 12 15 0.88792014 
737 295 10 15 0.8863284 
502 342 13 16 0.88407046 
687 532 17 23 0.8806989 
380 333 10 13 0.8794319 
152 453 12 16 0.8775071 
873 309 10 14 0.87637657 
261 422 9 14 0.87357384 
828 294 9 12 0.8686995 
200 471 15 19 0.8660421 
325 330 11 15 0.8658722 
772 270 9 12 0.86422104 
816 356 11 15 0.85919195 
478 294 13 16 0.858815 
525 263 12 15 0.85309875 
963 631 20 24 0.8524719 
871 245 8 10 0.85024846 
421 302 9 12 0.8498927 
278 287 9 12 0.84288347 
77 325 10 14 0.8378482 
91 507 14 20 0.83224934 
99 292 10 14 0.82863116 
95 601 16 21 0.8252153 
557 310 11 14 0.8251481 
418 509 14 18 0.8224958 
672 327 12 16 0.821445 
357 464 13 18 0.8205261 
176 403 12 17 0.81689435 
248 315 10 13 0.8143944 
334 349 9 13 0.81226826 
694 390 11 14 0.8090906 
7 261 11 15 0.8086145 
766 575 17 22 0.80309594 
822 402 11 15 0.7994633 
945 295 10 13 0.797509 
911 322 11 15 0.79423517 
259 401 11 16 0.79378796 
341 295 9 12 0.7913133 
428 403 12 16 0.77672833 
472 263 10 13 0.77573794 
498 277 11 14 0.77107215 
722 460 13 18 0.7652549 
711 524 18 22 0.76378214 
118 339 10 13 0.7621889 
695 421 13 17 0.7612394 
233 418 11 13 0.75973415 
528 358 11 14 0.7567407 
677 474 14 17 0.7561631 
927 290 11 15 0.7554182 
605 309 10 14 0.74916804 
726 255 8 10 0.7480539 
552 270 12 15 0.74751747 
438 426 10 14 0.74743813 
541 342 11 16 0.7464759 
764 307 12 16 0.7456468 
621 356 12 14 0.7425196 
825 449 13 17 0.7389489 
615 405 11 12 0.7349321 
205 341 12 15 0.7339929 
900 331 12 15 0.7331093 
724 284 10 13 0.7293194 
737 451 16 21 0.7252217 
750 322 12 14 0.7228424 
99 361 12 16 0.7174151 
221 374 10 13 0.7158345 
459 253 10 13 0.7132443 
535 435 12 15 0.7131305 
743 269 10 13 0.7123598 
932 335 12 15 0.7107441 
927 237 9 11 0.7100133 
934 350 12 16 0.709867 
303 316 11 13 0.70724267 
481 490 13 17 0.70664024 
365 532 14 18 0.7039716 
332 312 10 13 0.69629854 
183 290 9 13 0.6961853 
27 327 11 14 0.6875811 
157 336 10 13 0.68718517 
598 271 10 13 0.68353593 
868 457 12 16 0.6819933 
561 484 12 16 0.68152833 
957 465 13 15 0.6785649 
810 410 13 16 0.6769733 
774 134 9 12 0.6750142 
278 369 11 14 0.67455274 
146 276 10 11 0.6711069 
536 384 10 13 0.6696267 
614 347 13 16 0.66710556 
696 222 8 11 0.6668032 
686 284 10 13 0.66123843 
824 372 12 16 0.6612213 
976 229 8 11 0.6611224 
411 399 10 14 0.6607632 
317 358 10 14 0.65915096 
521 375 9 13 0.6546222 
232 357 11 15 0.6520015 
414 268 12 15 0.64903414 
251 547 13 19 0.6455772 
709 326 10 14 0.6373861 
62 292 10 12 0.6372189 
489 352 10 12 0.63203555 
741 343 10 13 0.6316015 
580 250 9 13 0.6192331 
7 333 9 12 0.6128229 
429 271 8 11 0.61170596 
767 382 12 15 0.61067957 
204 336 9 12 0.61000127 
577 229 8 11 0.60894054 
441 198 8 10 0.60645217 
551 228 8 11 0.6054485 
287 268 9 12 0.6048407 
89 272 9 11 0.60389996 
393 278 9 12 0.6031065 
311 337 9 12 0.6028362 
437 288 9 13 0.6000105 
229 349 9 12 0.59605145 
223 308 9 11 0.5920769 
790 418 11 16 0.58579004 
899 415 12 15 0.5828948 
305 414 10 13 0.58219147 
582 370 12 15 0.5814758 
450 275 10 13 0.5798958 
296 382 10 13 0.57886 
791 383 11 14 0.5781567 
280 387 9 12 0.5752433 
616 301 11 12 0.5733219 
592 214 9 11 0.5720339 
693 245 9 11 0.56797737 
232 332 9 12 0.56727433 
566 262 9 11 0.5666354 
446 391 9 12 0.563552 
640 474 13 18 0.5633711 
861 263 9 12 0.5622961 
389 425 11 14 0.5557103 
524 396 10 15 0.55322945 
678 372 10 13 0.5480802 
231 280 8 11 0.546272 
639 403 11 14 0.5425333 
520 286 11 14 0.5419378 
659 491 13 17 0.5416586 
659 221 8 11 0.5411583 
158 262 8 11 0.53872085 
856 239 9 11 0.53489226 
126 237 8 11 0.5347102 
110 311 9 12 0.53284365 
131 453 12 16 0.5327312 
384 237 9 12 0.53043014 
375 286 9 12 0.5245025 
342 380 10 12 0.5241694 
46 324 10 13 0.51418716 
968 246 8 11 0.514156 
496 316 10 13 0.5141446 
148 206 8 11 0.5127881 
965 144 8 10 0.51107734 
278 325 10 13 0.50671047 
947 324 11 14 0.506182 
718 261 9 13 0.5009848 
420 538 14 19 0.5004949 
365 300 9 11 0.4997886 
687 256 9 12 0.49744147 
790 316 10 12 0.49714795 
415 80 7 10 0.49463305 
615 527 16 21 0.49182287 
919 275 10 13 0.48972753 
709 231 8 11 0.48959714 
336 416 10 13 0.48716584 
798 329 11 14 0.48410878 
576 355 10 12 0.4823508 
272 326 10 14 0.48193976 
189 368 10 13 0.48170024 
766 246 9 12 0.48001006 
125 271 8 10 0.47773084 
155 357 10 13 0.4764829 
663 254 10 13 0.47398877 
974 109 9 11 0.46771094 
464 303 10 14 0.46629977 
479 208 8 11 0.46568325 
547 347 10 13 0.46254855 
756 269 8 11 0.46172115 
617 232 9 12 0.4588247 
377 326 11 13 0.45827854 
505 260 10 12 0.45504907 
999 409 12 15 0.45193353 
372 378 12 15 0.44890448 
510 188 7 10 0.44523168 
947 370 12 15 0.4449955 
344 264 8 10 0.44368303 
654 252 10 13 0.44310042 
790 294 9 12 0.442064 
764 496 16 20 0.4382708 
303 301 8 10 0.43303755 
53 247 10 13 0.43268988 
966 320 9 12 0.43171406 
859 350 11 15 0.4283064 
833 150 8 11 0.41920528 
527 230 8 10 0.41576892 
813 405 13 16 0.41379008 
646 391 12 15 0.410059 
936 272 9 12 0.40721375 
926 428 12 18 0.4026023 
175 426 12 17 0.40104324 
771 386 12 15 0.39989465 
670 273 9 11 0.39973953 
751 270 10 13 0.3979904 
385 394 11 13 0.3949941 
453 216 9 12 0.38921073 
871 208 9 11 0.38857317 
412 252 9 11 0.3843638 
568 406 9 12 0.38318238 
143 477 11 15 0.3819948 
615 117 9 11 0.38120466 
480 225 8 10 0.38036928 
87 232 9 12 0.38006285 
112 167 10 13 0.37936 
654 113 8 11 0.3792004 
256 384 10 12 0.37868536 
959 148 8 10 0.37753302 
32 224 9 12 0.37727016 
690 153 9 10 0.37635085 
446 205 8 11 0.37232295 
957 604 14 17 0.36615762 
671 411 12 16 0.36464283 
422 271 11 14 0.36427853 
374 278 9 11 0.36397678 
160 237 9 11 0.36319467 
382 293 9 12 0.3607965 
834 252 8 11 0.36019316 
687 125 7 10 0.3594748 
629 286 10 13 0.3585506 
473 102 7 10 0.35766932 
678 220 9 12 0.35589522 
952 271 9 11 0.35420474 
432 322 10 13 0.35323903 
798 306 11 14 0.3521088 
655 150 8 10 0.34978276 
600 184 9 11 0.34976023 
777 366 10 12 0.34974208 
583 157 8 10 0.34801337 
810 108 9 12 0.34647393 
216 311 8 11 0.34453505 
760 157 7 10 0.3442439 
397 280 9 12 0.34287876 
316 415 11 14 0.34177646 
834 173 9 12 0.34169757 
991 412 10 14 0.33999714 
29 269 8 11 0.33990678 
893 267 10 13 0.33815444 
544 476 11 13 0.3379687 
617 278 9 13 0.33623618 
36 183 8 10 0.3362329 
971 360 12 16 0.33440876 
159 443 11 14 0.33300528 
572 311 11 14 0.33178025 
346 331 9 12 0.3311072 
422 159 6 10 0.33080572 
789 352 10 12 0.33073804 
592 270 9 12 0.33058074 
640 190 7 9 0.3290234 
691 340 12 14 0.3285419 
784 267 9 11 0.32774872 
744 111 7 10 0.32759526 
640 265 9 11 0.3266925 
505 302 10 12 0.32574052 
946 247 8 10 0.3234851 
40 490 16 19 0.32248458 
409 311 8 10 0.31618938 
234 521 13 18 0.31226087 
335 389 11 13 0.31195655 
423 243 10 12 0.31046325 
672 181 10 12 0.31014186 
674 366 12 15 0.30947134 
352 184 7 9 0.3086857 
38 223 7 10 0.30720064 
409 247 10 12 0.3065415 
729 324 10 13 0.29999295 
361 318 9 11 0.29828566 
813 179 8 11 0.29728583 
725 317 11 14 0.29072163 
54 183 8 11 0.29063764 
632 250 10 13 0.28904217 
406 284 9 11 0.28895453 
749 247 8 11 0.28548878 
758 207 8 11 0.2845476 
413 264 9 12 0.28445324 
311 443 13 16 0.28396395 
705 285 9 12 0.28390425 
745 195 9 10 0.28290817 
402 160 8 10 0.28283036 
214 470 12 15 0.2812817 
921 182 8 11 0.2808557 
614 148 7 10 0.27712712 
590 151 7 10 0.27577996 
537 191 7 9 0.27557108 
184 276 8 11 0.2741828 
762 301 10 13 0.27396992 
503 239 8 12 0.27363622 
483 394 13 14 0.2723365 
680 271 9 11 0.2709142 
882 275 10 12 0.27065906 
836 531 13 17 0.26969627 
342 268 9 11 0.2696225 
866 180 8 11 0.2691144 
869 213 9 11 0.26862404 
374 223 8 9 0.26816246 
617 284 10 12 0.26787072 
536 305 9 10 0.26784542 
646 300 9 12 0.26743346 
646 235 8 12 0.26588312 
416 318 10 13 0.26339534 
887 272 9 12 0.2632214 
617 255 10 11 0.26311412 
757 263 9 12 0.26296028 
231 391 9 12 0.26170254 
158 295 9 12 0.26003954 
822 220 8 11 0.25996947 
551 141 7 10 0.25929305 
582 311 9 13 0.258838 
557 291 9 12 0.25748956 
605 270 9 11 0.25748903 
560 150 7 10 0.2571894 
148 320 12 14 0.25684488 
664 174 8 11 0.2565208 
638 160 7 10 0.2550636 
781 176 7 10 0.2550122 
653 294 9 12 0.25346598 
274 287 8 12 0.25289553 
728 205 8 10 0.24925713 
50 490 14 17 0.24804267 
951 168 11 13 0.24666795 
544 151 6 8 0.24661936 
310 86 7 9 0.24622308 
42 442 12 14 0.24478754 
622 285 11 13 0.24444465 
355 518 13 15 0.2436065 
649 279 9 11 0.24176386 
565 311 11 14 0.24073903 
497 224 8 10 0.24049649 
583 175 6 9 0.23929822 
975 177 8 11 0.23902361 
391 121 8 10 0.23886085 
956 232 8 11 0.23553888 
687 135 8 9 0.23509398 
254 279 9 11 0.23362775 
669 470 14 18 0.23259078 
448 101 7 9 0.23223266 
1007 264 8 9 0.23032945 
622 382 9 12 0.22928113 
680 93 8 9 0.229257 
918 263 10 12 0.22904105 
513 318 9 12 0.22869807 
359 415 10 13 0.22807218 
585 269 8 12 0.22754836 
534 281 10 12 0.22748844 
253 265 8 10 0.22743139 
614 271 9 11 0.22619164 
605 385 12 15 0.22500436 
726 220 10 13 0.22473429 
237 334 9 12 0.2238137 
392 200 8 10 0.22280619 
404 183 8 11 0.2227225 
215 317 9 12 0.22244425 
773 246 8 11 0.2215912 
855 115 11 12 0.22088651 
566 160 7 8 0.22019643 
142 188 8 10 0.22010279 
109 152 8 10 0.2187983 
1002 277 9 11 0.21638843 
845 318 11 13 0.21574871 
1012 459 12 20 0.2151021 
633 310 10 13 0.2148861 
306 142 7 9 0.21465634 
463 236 8 11 0.21412542 
629 355 10 14 0.21334444 
870 220 8 11 0.21325453 
493 238 10 14 0.21179341 
621 235 9 12 0.21143359 
436 403 12 15 0.21107793 
1 333 9 14 0.21053791 
774 71 7 9 0.2101517 
349 309 8 10 0.20968953 
668 256 9 11 0.2087719 
501 270 10 14 0.20861168 
368 264 8 11 0.2083422 
813 103 9 12 0.20797412 
655 159 8 10 0.20731886 
655 128 7 10 0.20667991 
176 271 7 10 0.2063101 
655 164 8 10 0.20542605 
888 159 7 9 0.20526133 
540 387 10 12 0.20473972 
767 160 8 11 0.20397648 
407 128 7 9 0.20339097 
117 466 10 13 0.20319943 
636 381 10 13 0.20275989 
877 119 9 11 0.20229846 
921 133 10 13 0.20178764 
640 286 9 12 0.2014888 
489 411 9 12 0.20052852 
450 213 9 12 0.2004093 
118 62 7 9 0.19971031 
791 191 8 10 0.1993473 
720 216 9 12 0.19917454 
70 229 9 13 0.19827552 
319 277 8 10 0.1972777 
641 133 8 10 0.19724238 
605 423 12 14 0.195554 
646 284 9 12 0.19553854 
940 144 8 11 0.19460973 
152 399 8 11 0.19382899 
594 168 7 9 0.19341792 
681 277 10 13 0.19298592 
1001 366 10 13 0.19045168 
449 167 7 10 0.19029924 
888 72 7 9 0.18985917 
726 200 8 11 0.18847568 
184 327 10 12 0.18817434 
658 88 8 10 0.18812197 
606 303 10 13 0.18798687 
946 56 8 10 0.18716599 
209 301 8 11 0.1868133 
703 279 9 11 0.18667836 
285 327 8 11 0.1859201 
421 296 9 11 0.18567851 
503 159 7 8 0.18562506 
460 247 11 13 0.18551062 
845 312 9 11 0.18537249 
182 166 8 9 0.18533719 
1008 120 8 10 0.18525855 
327 279 8 10 0.18507105 
421 323 10 13 0.18446413 
158 187 8 11 0.18423371 
522 150 7 10 0.1838523 
506 183 8 12 0.18320645 
167 319 10 12 0.18275177 
450 173 7 9 0.18273209 
648 295 9 13 0.18230028 
785 94 8 10 0.18154415 
406 189 8 10 0.18130681 
630 143 8 11 0.18095146 
817 222 8 11 0.18070972 
605 438 11 16 0.18063192 
294 310 8 12 0.18058276 
36 472 12 13 0.18046008 
607 128 8 10 0.18015113 
623 493 12 16 0.17967662 
913 299 10 13 0.17961884 
905 277 8 11 0.1794369 
1008 196 8 10 0.17929892 
663 230 8 10 0.17914374 
1007 300 8 11 0.17906171 
532 263 11 14 0.17812525 
502 63 7 10 0.17798421 
678 144 8 10 0.1776933 
782 181 7 9 0.1774377 
648 206 8 10 0.17736322 
526 152 6 9 0.17701623 
961 77 8 10 0.17660902 
158 287 10 11 0.17635974 
420 455 14 19 0.17623436 
961 145 9 11 0.17618531 
339 419 10 12 0.17497441 
773 111 7 10 0.1746231 
702 167 8 11 0.1743784 
711 103 7 9 0.17414194 
456 363 11 14 0.17397499 
943 420 12 17 0.17338358 
663 132 7 10 0.1726099 
433 290 10 13 0.17197242 
210 135 6 8 0.17169318 
224 279 9 11 0.17154959 
801 277 8 10 0.17121287 
841 230 9 11 0.17080566 
534 320 11 12 0.16989216 
73 269 9 12 0.16979924 
358 277 8 10 0.1697301 
637 248 9 12 0.16934536 
736 318 10 13 0.16931657 
380 407 11 14 0.16871318 
865 244 9 12 0.16871259 
790 80 7 10 0.1679583 
581 224 8 11 0.1673868 
315 438 10 13 0.16719271 
806 326 11 13 0.16694386 
687 78 7 9 0.16644962 
918 79 8 10 0.16543436 
937 254 9 12 0.16456936 
224 198 8 11 0.16433053 
977 79 7 9 0.164227 
805 151 8 11 0.16380465 
383 273 9 11 0.16369072 
705 230 9 12 0.16289766 
127 233 8 11 0.16265772 
223 238 10 12 0.16233358 
237 434 10 13 0.1621431 
741 316 10 13 0.16166101 
788 405 10 12 0.16144748 
395 411 11 14 0.16143654 
478 268 10 14 0.16105764 
314 197 8 11 0.16099688 
722 255 9 13 0.1607394 
749 358 12 15 0.16038084 
540 432 13 15 0.16017038 
719 278 10 12 0.16006938 
343 78 7 9 0.15896931 
250 268 8 10 0.15876567 
219 190 8 10 0.15849933 
544 251 10 12 0.15813169 
457 259 10 12 0.15796329 
178 432 13 18 0.1579487 
578 151 8 10 0.15781365 
631 70 6 9 0.15758449 
734 134 7 9 0.1571409 
869 357 10 13 0.15644948 
205 244 10 11 0.15617238 
332 396 12 15 0.15607946 
85 292 11 14 0.1560183 
480 430 11 13 0.1556245 
376 230 8 10 0.15497603 
713 270 9 12 0.15424033 
592 172 8 10 0.15420416 
583 485 14 18 0.15405066 
120 253 8 10 0.15373318 
499 309 11 14 0.15315025 
528 158 6 9 0.15301692 
189 273 9 11 0.15279153 
519 24 9 11 0.15250437 
497 228 9 12 0.15242028 
543 190 6 9 0.1522791 
466 232 8 12 0.15161759 
943 79 7 9 0.1509579 
358 271 8 10 0.14959598 
756 501 19 22 0.14940089 
368 269 9 11 0.14934841 
470 231 10 12 0.14914694 
342 277 10 11 0.14889076 
398 142 7 10 0.14876364 
838 169 9 10 0.14829601 
311 279 9 10 0.14759499 
501 380 9 12 0.14660986 
791 112 8 10 0.1461726 
520 130 7 10 0.14616746 
9 265 13 17 0.14616215 
185 272 8 11 0.14451668 
785 190 8 11 0.14412312 
616 260 11 12 0.14410107 
366 236 8 11 0.14406742 
887 88 9 10 0.143507 
699 413 15 18 0.14283644 
841 209 9 11 0.14270651 
805 416 14 17 0.14233957 
874 459 12 15 0.14232706 
456 79 7 9 0.14182371 
650 117 8 10 0.14171211 
920 425 13 18 0.14110361 
503 401 10 12 0.14094977 
853 101 9 10 0.13984208 
1014 117 7 11 0.13977882 
547 230 8 10 0.13959983 
153 184 10 12 0.1390061 
242 79 7 9 0.13871522 
573 135 7 10 0.13819286 
841 310 9 12 0.13796028 
716 268 10 12 0.13629691 
136 381 10 13 0.13622089 
210 348 10 13 0.13599865 
802 272 7 10 0.1356192 
601 55 7 9 0.1355421 
614 113 8 10 0.13531876 
277 207 8 11 0.13492645 
1002 271 9 11 0.13486318 
105 272 7 10 0.13481674 
934 70 7 9 0.13480568 
486 272 9 12 0.13404304 
920 116 8 10 0.13394924 
336 175 7 9 0.13386518 
95 181 7 10 0.13374776 
702 348 11 13 0.13351281 
585 286 9 12 0.1323055 
402 188 8 11 0.13201489 
271 80 7 9 0.13142425 
598 167 7 10 0.13121745 
908 229 9 11 0.13120675 
325 244 8 12 0.13119291 
859 475 13 15 0.13105722 
260 387 10 13 0.13071497 
145 324 9 11 0.13071202 
607 62 7 8 0.13009419 
839 263 9 12 0.12969509 
308 416 14 16 0.12952577 
809 224 8 10 0.12901622 
591 144 6 9 0.12842634 
240 118 7 10 0.12787203 
669 174 9 12 0.12762044 
901 167 9 11 0.1273962 
221 367 11 13 0.12720902 
949 201 8 10 0.12719174 
794 324 9 13 0.12707469 
862 111 8 11 0.12698704 
606 132 8 10 0.12689015 
930 432 15 18 0.1267865 
377 159 8 9 0.12660277 
345 95 8 10 0.12638533 
313 286 8 10 0.12599151 
454 172 7 10 0.12593511 
246 81 7 8 0.12562883 
682 134 7 9 0.1252455 
445 424 9 12 0.12505965 
441 157 8 11 0.12499176 
789 270 7 9 0.12442542 
806 273 7 9 0.12441231 
551 137 7 10 0.12420816 
407 132 7 10 0.123822875 
118 302 10 13 0.123415865 
296 284 8 11 0.12304079 
226 202 9 12 0.122584276 
897 166 8 11 0.12256618 
648 127 8 10 0.12247823 
236 397 10 13 0.12219514 
935 520 9 13 0.12216248 
861 239 9 12 0.12166971 
626 135 8 10 0.121589504 
936 148 9 11 0.12138803 
47 459 9 12 0.12134169 
721 102 7 9 0.121330194 
801 206 8 11 0.1212857 
441 399 10 13 0.120825246 
650 111 8 11 0.12012576 
830 290 9 11 0.12011598 
414 229 9 12 0.11992562 
895 236 8 10 0.119836435 
296 427 9 12 0.119554475 
950 47 8 9 0.11945819 
850 389 10 13 0.11941789 
559 239 8 11 0.1184627 
89 222 8 10 0.11844672 
477 323 10 12 0.118368044 
592 57 6 8 0.11828813 
588 364 11 15 0.11827714 
254 366 9 12 0.1181932 
783 398 11 15 0.11803629 
248 302 8 12 0.11802311 
184 84 7 10 0.11742346 
904 190 10 13 0.11731421 
37 201 8 10 0.11705924 
530 319 9 11 0.11663324 
585 128 7 9 0.11658133 
950 328 12 15 0.116531886 
813 590 11 14 0.11631231 
568 269 9 11 0.11547333 
632 117 7 10 0.11536393 
469 300 11 15 0.1148956 
488 150 6 9 0.11483733 
160 267 9 11 0.11461067 
110 270 8 11 0.114417225 
375 261 9 11 0.1137203 
569 85 8 10 0.11354472 
604 182 9 12 0.113394655 
349 263 8 11 0.11317316 
327 426 11 12 0.11309939 
738 673 15 16 0.11303862 
809 176 10 12 0.11297524 
574 270 8 12 0.11264927 
461 360 9 12 0.11247766 
481 144 7 10 0.11244398 
846 229 7 10 0.11231404 
563 387 11 13 0.1119563 
433 73 7 9 0.11161702 
751 253 8 10 0.111503765 
409 317 9 12 0.111457646 
645 264 10 12 0.1114406 
933 631 21 29 0.11131842 
647 269 9 12 0.111303404 
785 86 8 10 0.11094959 
921 176 8 10 0.11086714 
928 63 8 10 0.11079125 
8 179 13 15 0.11031878 
663 470 12 16 0.11027278 
582 206 9 11 0.11017195 
217 324 8 12 0.10975107 
826 270 8 10 0.10944831 
561 331 10 14 0.10905826 
528 352 10 13 0.10883622 
581 198 9 11 0.10841777 
758 276 9 11 0.10829339 
523 230 8 10 0.107858054 
799 198 8 10 0.10769004 
288 167 6 9 0.10760588 
384 422 12 16 0.10741348 
807 291 10 12 0.107306175 
760 253 9 11 0.1072891 
232 454 11 14 0.10721683 
479 127 6 9 0.10680744 
391 405 12 15 0.10611905 
165 323 10 12 0.10609725 
841 267 10 12 0.10609653 
577 48 6 9 0.10608902 
544 198 8 9 0.10607678 
586 135 8 9 0.105989486 
193 138 7 8 0.105821505 
956 333 10 12 0.10573064 
153 404 9 12 0.10560226 
536 337 11 14 0.10539711 
43 127 8 10 0.10517691 
512 151 6 8 0.105109215 
109 156 10 12 0.10509096 
986 412 10 13 0.10506562 
185 248 10 12 0.10499241 
50 188 8 10 0.10496314 
553 287 11 13 0.10477709 
789 117 8 11 0.104739495 
359 324 9 12 0.10462879 
697 168 10 12 0.10457829 
505 70 7 10 0.10431896 
473 151 7 9 0.10429027 
522 145 6 9 0.103910595 
439 74 7 9 0.10384457 
385 94 7 10 0.10368196 
394 141 8 10 0.10366661 
88 333 10 11 0.10346281 
158 325 11 12 0.10341333 
393 310 10 13 0.10329298 
760 295 10 13 0.10295293 
85 396 12 14 0.102877304 
544 412 10 12 0.102459095 
823 239 8 10 0.10244304 
264 145 7 9 0.102420986 
120 246 9 11 0.10239741 
228 308 9 12 0.10238341 
194 302 9 12 0.10233145 
114 464 9 11 0.1020678 
921 284 9 13 0.10204479 
526 130 8 9 0.10194337 
518 247 11 13 0.10180531 
473 80 7 9 0.10129853 
349 405 9 12 0.101271234 
709 287 9 11 0.10109096 
601 411 11 14 0.101085395 
138 183 8 11 0.10105946 
193 308 10 13 0.10092985 
918 390 10 12 0.10013101 
805 156 8 11 0.10003316 
663 236 9 11 0.09979921 
110 195 9 12 0.09973351 
847 214 8 10 0.09937227 
224 161 7 10 0.09933644 
303 279 8 11 0.09921097 
692 253 10 13 0.09917464 
113 179 10 13 0.0990833 
312 81 7 9 0.09861258 
440 152 8 10 0.09846053 
89 391 10 12 0.09842664 
478 78 7 9 0.098264426 
584 63 7 10 0.098233655 
537 197 6 9 0.09813808 
600 174 7 9 0.097939335 
710 235 8 11 0.09764815 
376 272 9 12 0.097584434 
849 224 7 10 0.097471416 
687 289 11 13 0.097350344 
488 160 7 9 0.09716943 
631 386 11 13 0.09710895 
1001 124 8 11 0.0968831 
56 78 8 10 0.09655703 
536 467 11 14 0.09653952 
975 253 8 9 0.096299075 
306 339 9 12 0.09608346 
944 319 11 14 0.09606945 
868 175 10 13 0.09596875 
895 158 8 10 0.09566927 
702 404 12 14 0.09560746 
787 426 13 17 0.09550942 
35 111 10 13 0.095177144 
613 308 10 13 0.09499413 
327 152 8 10 0.09498469 
174 318 8 11 0.094921194 
119 118 7 9 0.094899945 
302 175 6 9 0.094875135 
537 185 7 10 0.09452145 
591 109 8 10 0.09450088 
305 97 8 9 0.09434397 
913 71 7 9 0.09411896 
750 196 8 10 0.09400973 
142 62 7 10 0.09371127 
500 375 9 12 0.09361224 
528 165 7 9 0.09355975 
498 63 8 11 0.09332349 
366 308 9 12 0.092849374 
582 236 8 11 0.0927898 
947 426 10 15 0.09265354 
157 397 10 12 0.0926444 
550 303 9 12 0.09249279 
1014 111 9 13 0.092386685 
794 176 8 10 0.09235923 
695 217 7 11 0.09226847 
583 68 7 10 0.0918744 
504 151 7 10 0.09181126 
567 399 10 13 0.09179192 
661 217 8 11 0.09150697 
952 237 9 11 0.091451496 
957 168 10 12 0.09129828 
224 332 9 11 0.091240086 
655 146 8 9 0.09115748 
544 398 10 12 0.09085376 
487 93 8 10 0.090585455 
767 488 11 14 0.090477 
583 263 8 11 0.09018259 
815 126 9 12 0.089828245 
621 375 10 13 0.08982023 
178 277 8 11 0.08944307 
618 517 14 16 0.08943907 
361 296 9 12 0.089412816 
901 151 8 10 0.08915625 
931 369 13 18 0.08912159 
229 343 10 13 0.0888772 
640 303 11 12 0.08887553 
944 87 8 10 0.08875856 
440 96 7 10 0.08867245 
527 70 7 10 0.08865157 
453 283 10 12 0.08858316 
433 95 7 9 0.088457316 
709 406 12 14 0.08845667 
536 245 10 13 0.08844513 
367 232 8 10 0.08811146 
601 47 7 9 0.088084236 
862 343 11 13 0.08805333 
328 402 12 15 0.087985694 
692 414 13 18 0.08790464 
775 265 9 12 0.08771279 
662 248 9 11 0.08742336 
927 80 8 9 0.08722449 
495 70 8 9 0.08715584 
625 388 9 11 0.086676866 
141 382 9 13 0.08664218 
965 72 8 10 0.086397514 
163 335 10 12 0.08635194 
349 328 11 13 0.08631896 
822 365 11 13 0.086127244 
693 103 7 9 0.086056896 
528 224 8 11 0.08602633 
223 328 8 11 0.0859097 
390 103 6 10 0.08585497 
337 383 11 13 0.08572538 
189 293 9 11 0.0854111 
648 311 10 12 0.085351504 
889 77 7 9 0.08528713 
937 95 9 12 0.085242234 
582 192 8 10 0.085224055 
296 248 7 10 0.085164666 
520 311 9 11 0.08511535 
873 79 7 8 0.08507169 
332 503 15 19 0.08470578 
977 45 7 9 0.08457479 
132 432 14 17 0.084495984 
905 47 8 9 0.08446978 
179 423 12 16 0.08443512 
528 87 7 9 0.0844105 
264 255 9 10 0.08437789 
398 308 9 12 0.084159784 
804 302 10 13 0.08400535 
574 289 9 11 0.083963156 
411 79 7 10 0.08386971 
217 378 9 12 0.08383642 
211 309 8 12 0.08372385 
755 458 12 16 0.083438076 
710 277 9 11 0.08333151 
522 597 8 10 0.083216265 
938 100 10 13 0.08312507 
473 98 7 8 0.08306654 
854 521 13 19 0.08300522 
313 192 8 12 0.08286142 
726 214 9 13 0.082757115 
929 158 9 11 0.08255302 
274 177 6 9 0.08242294 
941 270 9 12 0.08234375 
551 484 11 14 0.0820573 
32 201 9 12 0.082041524 
621 279 9 13 0.081976384 
543 302 8 11 0.08188871 
342 224 9 11 0.081696264 
821 437 15 18 0.08150332 
126 263 8 11 0.081406735 
781 371 10 13 0.08135361 
741 175 8 11 0.08117268 
869 143 9 11 0.081122644 
63 176 8 11 0.08073632 
125 335 9 13 0.080668196 
1012 191 8 11 0.0806125 
740 383 13 18 0.08055114 
838 180 7 10 0.08051239 
424 70 8 10 0.08047038 
479 72 7 8 0.080417395 
632 404 12 16 0.08030103 
485 431 10 13 0.08013021 
671 296 12 15 0.07997966 
766 376 10 13 0.07997626 
360 160 7 9 0.07996519 
646 64 7 9 0.07996514 
310 137 8 10 0.079812124 
953 109 7 10 0.07978903 
591 158 8 10 0.07976563 
935 47 7 8 0.079398334 
241 296 8 11 0.07937854 
457 237 9 11 0.079304 
462 72 7 9 0.0792657 
608 230 7 11 0.07917799 
390 273 8 11 0.078993924 
383 78 7 10 0.078989446 
94 177 7 10 0.078873456 
654 285 9 11 0.078746125 
591 264 8 10 0.07872043 
202 239 8 11 0.07864985 
998 246 7 11 0.07859718 
84 326 9 12 0.07851191 
391 77 7 9 0.07840128 
487 165 7 10 0.0783249 
337 299 9 12 0.07819309 
486 231 8 10 0.07787612 
727 227 9 11 0.07781867 
762 237 9 12 0.07760472 
391 73 6 8 0.07751955 
476 343 11 14 0.0775119 
471 133 7 9 0.07746319 
376 71 7 9 0.077449165 
236 362 9 12 0.07731804 
666 272 9 11 0.07721887 
236 404 10 12 0.077135 
716 333 10 12 0.07701983 
504 296 10 11 0.07698339 
548 253 9 12 0.076939404 
498 143 7 9 0.07673309 
631 113 7 10 0.07665704 
839 156 8 10 0.07652463 
712 87 7 10 0.076486915 
562 158 7 9 0.076481104 
579 356 11 14 0.07619055 
487 88 8 10 0.076189965 
534 345 12 14 0.07598029 
765 231 10 12 0.075931124 
308 311 9 12 0.07584157 
855 441 11 15 0.07577412 
440 194 8 10 0.07569731 
866 72 6 9 0.075654075 
695 260 9 11 0.0755942 
611 150 7 9 0.07554667 
864 453 12 17 0.07553113 
253 372 9 12 0.07549274 
630 410 12 16 0.07548041 
169 383 10 13 0.075423725 
859 444 12 15 0.07529461 
894 78 7 9 0.075273395 
575 365 11 15 0.075246334 
966 77 7 10 0.07517939 
518 430 10 12 0.07512209 
765 239 10 12 0.07509338 
557 229 8 11 0.07503722 
833 178 9 11 0.07493448 
542 185 7 10 0.074902 
432 424 11 14 0.07489792 
725 103 8 10 0.07471167 
692 401 13 17 0.07455724 
377 79 8 9 0.07454202 
725 311 11 13 0.074458584 
634 159 8 11 0.07438497 
682 255 9 12 0.07406875 
7 240 10 12 0.073935784 
977 41 7 9 0.07383542 
541 318 9 11 0.073754355 
770 492 16 19 0.07358794 
887 163 9 11 0.07354788 
683 127 8 10 0.07334201 
816 79 7 10 0.073023334 
537 294 8 11 0.07292506 
694 346 13 15 0.07259534 
733 221 9 12 0.072394796 
578 175 8 10 0.07234227 
910 47 7 10 0.07231117 
807 436 11 14 0.07227639 
792 277 8 10 0.07218144 
470 406 9 12 0.07211093 
920 187 9 11 0.071978725 
648 247 9 12 0.071659304 
217 278 9 12 0.07161012 
598 221 8 10 0.07147057 
377 257 9 11 0.07138417 
188 252 9 12 0.071279965 
338 79 7 8 0.07111471 
295 377 10 13 0.0710166 
928 297 11 13 0.071010776 
600 380 12 15 0.070920154 
378 165 8 10 0.070801064 
486 145 7 9 0.07073185 
647 200 7 10 0.07066174 
160 244 9 10 0.07062095 
496 200 8 10 0.07044346 
959 311 9 11 0.07028422 
679 149 7 9 0.07024626 
400 136 7 9 0.06987624 
845 294 8 11 0.06987431 
695 278 10 12 0.069830224 
847 517 13 18 0.06982564 
832 94 7 9 0.06972394 
102 56 7 9 0.06967827 
621 293 11 13 0.06955069 
522 71 7 9 0.069506764 
93 335 8 10 0.0695034 
582 180 8 10 0.06934394 
592 209 8 11 0.069319494 
590 380 11 13 0.06928459 
704 342 11 14 0.069267824 
606 56 6 8 0.06922365 
969 303 8 11 0.06909106 
320 71 6 9 0.0690472 
117 181 9 12 0.06891827 
879 80 7 8 0.06891012 
116 296 11 13 0.06872442 
831 262 9 12 0.068692505 
272 278 8 9 0.06841318 
503 143 6 8 0.068352245 
839 422 11 15 0.068343535 
961 317 10 13 0.06832228 
553 543 10 12 0.06829036 
647 213 9 11 0.06798073 
154 293 9 13 0.0679784 
184 261 8 11 0.06795442 
433 103 7 9 0.06794566 
661 92 8 11 0.067895636 
322 153 7 9 0.06788607 
168 215 9 11 0.067783706 
955 471 16 19 0.06776971 
273 238 8 9 0.06766418 
963 247 7 10 0.06743352 
93 216 8 10 0.0673145 
296 303 8 11 0.06726268 
902 140 8 10 0.06725844 
895 56 8 9 0.067220755 
638 388 12 16 0.06718919 
391 110 7 9 0.06704614 
814 96 8 11 0.06703472 
382 288 9 12 0.06700354 
972 248 8 10 0.06697064 
914 78 8 11 0.06696851 
877 323 12 14 0.06692908 
237 444 11 14 0.06674447 
970 181 8 11 0.06673395 
927 55 7 9 0.0666471 
678 295 10 13 0.06657921 
723 199 8 10 0.066573605 
719 247 9 11 0.06646692 
537 31 7 9 0.06645136 
849 111 8 11 0.06642495 
175 101 7 11 0.06634095 
709 224 8 10 0.06625286 
859 484 13 16 0.06623454 
834 169 8 10 0.06622507 
681 261 10 11 0.06612328 
440 102 7 9 0.06599844 
47 229 7 10 0.065965265 
213 134 7 10 0.065846406 
328 157 8 10 0.06580635 
590 126 8 11 0.06568802 
54 467 11 14 0.06559759 
626 142 8 10 0.06550146 
480 274 10 13 0.065387495 
121 219 10 13 0.065371655 
798 420 12 15 0.06536791 
621 409 12 15 0.06515497 
58 177 7 9 0.065026514 
279 177 6 8 0.06483763 
664 179 9 12 0.06470983 
853 222 7 10 0.06466594 
712 95 7 9 0.06459731 
34 175 8 11 0.06456636 
407 197 9 11 0.064561084 
753 152 7 11 0.06451674 
550 200 7 9 0.064405225 
543 481 12 16 0.0642784 
321 97 7 9 0.06415317 
165 237 9 11 0.064057514 
686 307 10 13 0.063997224 
711 107 7 10 0.063945696 
72 263 9 12 0.063945085 
754 206 9 11 0.06390841 
960 55 8 9 0.063893475 
575 142 7 10 0.063880146 
785 299 10 13 0.06379284 
782 135 8 11 0.063790105 
674 144 8 10 0.063763514 
754 156 8 11 0.06369345 
677 378 11 15 0.06365508 
634 268 9 12 0.06359422 
365 350 11 14 0.063537374 
166 232 9 11 0.06326482 
190 333 8 11 0.06321418 
320 101 7 9 0.06314559 
839 222 10 12 0.0631212 
631 87 8 11 0.06300089 
178 294 9 11 0.06285255 
162 156 10 13 0.06256035 
867 222 8 10 0.06255038 
871 72 6 8 0.062381417 
607 405 10 13 0.06232346 
175 301 9 11 0.06232245 
207 296 8 12 0.06224958 
958 189 8 9 0.062222656 
490 318 9 11 0.06217317 
689 240 9 11 0.06215041 
288 247 8 11 0.06209426 
53 462 9 13 0.062021486 
446 159 7 10 0.061958384 
926 117 7 10 0.061897714 
504 388 8 11 0.061865717 
942 252 9 12 0.06182228 
725 110 8 10 0.0617877 
807 140 7 10 0.061710753 
839 111 8 11 0.061682053 
914 85 7 10 0.0615808 
442 203 9 12 0.06152942 
610 118 8 10 0.061513532 
553 386 11 14 0.06148529 
814 287 9 11 0.061471257 
632 78 7 9 0.06144196 
825 263 8 11 0.061376944 
121 274 10 13 0.061359484 
815 239 8 10 0.061342254 
871 149 8 10 0.061324738 
328 283 8 11 0.061286442 
214 358 10 12 0.061151512 
543 310 8 11 0.060985014 
385 87 6 8 0.060977746 
238 328 9 11 0.0609215 
345 200 7 8 0.060917333 
558 359 10 12 0.060917187 
543 405 11 14 0.060803566 
490 80 6 8 0.060661595 
284 373 10 12 0.060460515 
586 55 7 9 0.060428802 
287 230 8 10 0.06036273 
265 96 7 9 0.060339417 
522 472 13 16 0.06033066 
387 119 8 11 0.06019597 
1002 86 8 10 0.060181323 
87 195 9 11 0.060142655 
246 295 9 11 0.060107134 
548 413 11 13 0.060093034 
472 320 11 12 0.060049728 
182 310 10 12 0.060036585 
636 350 11 14 0.060031418 
721 117 10 14 0.059970014 
906 224 9 11 0.059968743 
554 39 7 10 0.059955128 
710 292 10 12 0.059799276 
511 86 8 9 0.05967031 
954 611 17 21 0.059658848 
335 168 8 10 0.059562095 
734 128 8 10 0.05949804 
78 271 8 10 0.059495613 
341 397 12 15 0.059464876 
654 78 7 9 0.059425276 
406 325 9 12 0.0592983 
381 256 9 11 0.059223242 
774 128 9 12 0.059067793 
812 327 9 12 0.05905513 
647 69 8 10 0.059013348 
689 390 10 13 0.058842037 
919 293 10 13 0.05882848 
115 172 8 12 0.058657054 
552 237 9 11 0.05858482 
503 166 7 9 0.058484543 
265 260 8 11 0.05842837 
553 151 7 9 0.058383264 
432 110 8 10 0.05836628 
352 120 7 9 0.05836513 
271 97 7 9 0.058330048 
209 101 9 10 0.05824611 
151 483 12 17 0.058214348 
153 70 7 9 0.05799303 
877 465 12 15 0.057955876 
549 419 11 14 0.057937074 
334 279 9 11 0.05791605 
976 149 8 11 0.05780561 
385 73 7 9 0.05773841 
289 95 7 10 0.057729196 
383 183 8 9 0.05772015 
630 281 10 11 0.057701286 
182 318 10 12 0.05760094 
395 427 11 14 0.05758823 
136 143 8 10 0.057559807 
518 326 10 11 0.057554808 
438 141 7 9 0.057537235 
585 277 9 11 0.057528686 
375 384 12 16 0.057425786 
527 235 9 11 0.0573429 
483 298 10 14 0.057302218 
903 271 8 11 0.057241943 
8 422 9 13 0.057190757 
371 222 7 10 0.057171915 
679 187 8 11 0.057082903 
310 347 11 14 0.057030007 
527 24 8 11 0.056945432 
760 233 10 12 0.05692627 
230 382 8 11 0.05687495 
1 204 7 11 0.05683685 
849 239 7 10 0.056728184 
861 466 13 17 0.056715544 
949 61 8 10 0.056707192 
132 446 13 17 0.05668819 
304 80 7 9 0.05661271 
108 206 10 12 0.056610215 
780 486 13 17 0.056519527 
230 240 9 11 0.05648261 
57 61 9 11 0.056422748 
1011 412 10 15 0.05641611 
536 143 7 9 0.05628035 
784 256 8 10 0.05625153 
534 222 7 11 0.056177903 
151 85 9 10 0.05613452 
146 116 9 12 0.05613129 
797 192 7 9 0.05608704 
809 239 8 10 0.05605035 
949 89 7 10 0.05602592 
658 131 8 10 0.05601761 
384 299 8 11 0.055946946 
264 273 9 11 0.055877805 
472 129 8 10 0.055857755 
712 246 9 12 0.055816315 
337 269 8 10 0.055769764 
494 94 7 9 0.055726208 
463 77 6 9 0.055720136 
528 64 6 8 0.055561814 
241 158 7 8 0.05554024 
425 175 8 10 0.055525657 
439 136 8 10 0.055387806 
784 99 9 12 0.055374607 
717 403 13 17 0.055300433 
464 294 10 12 0.055291772 
546 144 7 9 0.055259384 
58 490 12 17 0.05517992 
315 457 12 17 0.055169847 
482 87 7 9 0.05507339 
945 73 8 9 0.055018302 
728 619 8 11 0.054989 
666 168 7 10 0.05497781 
740 333 12 15 0.05494052 
101 69 9 11 0.054916896 
880 287 9 11 0.05491298 
221 184 7 10 0.054891236 
877 292 9 12 0.054860618 
572 399 12 14 0.054839086 
153 352 10 12 0.054828685 
401 72 8 10 0.054770585 
798 238 8 11 0.054764733 
651 461 12 15 0.054758694 
567 366 11 13 0.054742385 
933 64 8 10 0.05472307 
414 309 9 12 0.054700453 
415 614 10 13 0.054675713 
423 164 6 9 0.054637574 
696 366 10 13 0.054630566 
697 395 14 16 0.0546071 
87 288 10 12 0.054597236 
321 176 6 8 0.054593742 
730 434 14 16 0.054586384 
201 382 10 12 0.054570977 
542 295 8 11 0.054541834 
158 71 7 9 0.054477837 
200 205 8 10 0.054458436 
302 425 10 14 0.05443205 
310 302 7 10 0.054402005 
981 195 9 11 0.054390647 
687 87 7 9 0.054379992 
93 342 9 11 0.05436205 
624 249 8 10 0.05434469 
800 133 8 11 0.054339428 
200 79 8 9 0.054319635 
319 566 9 12 0.054302108 
918 72 8 9 0.054253057 
176 441 12 17 0.05424288 
386 126 8 10 0.054205503 
317 287 9 11 0.0541934 
213 100 8 10 0.054127537 
847 134 9 12 0.054126803 
615 124 8 10 0.05409678 
774 116 8 11 0.054073155 
880 198 8 11 0.054012626 
91 230 10 12 0.053990267 
470 258 17 22 0.05396097 
911 127 9 11 0.053931627 
613 315 9 12 0.05385516 
621 118 8 11 0.053849854 
342 367 9 11 0.053841434 
249 285 9 11 0.053768218 
142 389 10 14 0.053757466 
830 103 8 10 0.05375485 
676 300 10 13 0.053746574 
537 88 6 8 0.053702287 
589 309 10 13 0.05354805 
842 529 15 19 0.053472094 
574 388 11 13 0.05342957 
121 78 7 9 0.053354662 
1014 548 10 16 0.053340632 
473 293 11 15 0.05333651 
440 165 9 11 0.05329222 
214 303 9 11 0.053291403 
527 279 10 13 0.053283032 
296 78 7 9 0.053263824 
328 338 11 14 0.05319936 
912 348 10 13 0.05319864 
78 286 11 13 0.05318575 
729 126 8 11 0.053157106 
313 362 11 13 0.05314633 
719 289 11 14 0.05311244 
361 311 9 12 0.053102292 
217 238 9 10 0.053048648 
352 269 8 11 0.053035367 
239 339 8 10 0.053009555 
1002 119 7 11 0.05294047 
163 439 11 15 0.052889053 
686 184 8 10 0.052879203 
808 320 8 10 0.052875653 
32 347 9 12 0.05285101 
538 151 7 9 0.052791342 
837 249 9 11 0.052772887 
599 441 12 16 0.052768826 
216 295 8 11 0.052762106 
74 573 11 15 0.05275552 
58 57 7 9 0.0526706 
599 160 7 9 0.052666727 
775 253 8 10 0.05264663 
576 380 11 13 0.05264083 
465 469 11 13 0.05250326 
479 149 8 10 0.052458797 
567 181 9 11 0.052425865 
925 276 9 12 0.052363444 
398 119 8 10 0.052324194 
889 64 7 9 0.05230566 
497 204 9 12 0.052200016 
311 253 7 9 0.052187797 
645 133 8 10 0.052121036 
450 79 7 10 0.052062728 
169 219 10 12 0.051957227 
407 70 7 10 0.051955134 
686 189 8 9 0.051915012 
424 64 7 9 0.05188685 
418 46 9 10 0.051756468 
562 263 9 12 0.051677726 
432 88 6 8 0.051576216 
544 79 7 9 0.05155595 
791 126 8 11 0.051491253 
554 314 9 11 0.051490005 
602 127 8 10 0.051464405 
559 244 9 11 0.05144945 
477 103 7 9 0.051385056 
565 596 8 11 0.05137827 
162 213 9 11 0.05131625 
978 191 8 11 0.05126584 
288 276 8 11 0.051265154 
526 145 6 8 0.05125352 
0 190 6 13 0.05122459 
750 312 12 14 0.051182814 
933 172 10 13 0.05113605 
895 60 7 10 0.051053934 
502 321 10 13 0.051047314 
601 230 9 11 0.051035747 
513 22 8 11 0.05096373 
349 303 9 11 0.05095221 
262 177 7 9 0.050920717 
688 215 8 10 0.050914656 
96 63 9 11 0.05090619 
133 174 8 9 0.05086355 
191 421 11 14 0.05080578 
303 248 8 9 0.05075366 
845 167 8 10 0.05074975 
504 175 8 10 0.05072536 
580 415 11 15 0.050680958 
545 71 7 9 0.050675575 
447 111 7 10 0.050669476 
438 335 10 12 0.050656587 
880 86 7 10 0.05048463 
1013 263 8 11 0.050483394 
309 407 11 14 0.050446644 
415 237 9 12 0.050308574 
608 294 8 11 0.050234858 
804 426 13 18 0.05023166 
167 312 11 12 0.05022187 
790 95 7 10 0.05018253 
70 225 8 10 0.050170194 
937 87 7 9 0.050140798 
745 251 10 12 0.050103586 
951 182 11 12 0.050048575 
521 391 10 14 0.050024513 
734 332 11 14 0.04994465 
430 175 8 10 0.049886107 
638 150 7 10 0.04984826 
950 312 9 12 0.04977514 
831 216 7 10 0.0497459 
377 133 6 9 0.049629062 
205 278 9 11 0.049530577 
495 304 11 12 0.049501237 
521 592 8 11 0.04949508 
266 80 7 10 0.04946294 
862 86 8 10 0.04946106 
679 101 9 11 0.04945442 
791 288 8 10 0.049439635 
513 145 6 8 0.049433358 
271 149 6 9 0.049379773 
264 287 9 11 0.04935841 
378 236 8 11 0.049342744 
321 241 9 11 0.049300432 
473 213 8 10 0.049278513 
278 331 9 12 0.04923767 
169 103 8 10 0.049219504 
560 79 7 10 0.049188428 
27 425 11 14 0.049173288 
665 410 13 16 0.04906458 
110 276 9 12 0.049053725 
282 263 9 11 0.048970982 
921 63 7 10 0.04894125 
335 287 9 11 0.048936103 
522 79 7 10 0.04891904 
476 235 11 13 0.048894487 
1002 191 8 12 0.048868615 
902 433 12 16 0.048850685 
784 356 10 14 0.048843578 
144 396 9 13 0.048780233 
392 135 9 12 0.048749488 
702 224 8 11 0.04871536 
456 158 7 10 0.048692867 
617 87 7 10 0.048680723 
151 80 8 10 0.048626486 
663 102 7 10 0.04861935 
616 380 11 15 0.048600063 
568 289 17 22 0.048592005 
530 191 8 9 0.048586626 
591 105 8 9 0.048570696 
199 278 9 11 0.04853315 
561 593 9 11 0.04844514 
881 238 8 11 0.04828418 
337 213 9 10 0.048239987 
160 208 8 9 0.04823844 
958 111 8 11 0.048208725 
462 118 7 9 0.048197445 
41 324 10 14 0.048170015 
90 176 7 11 0.048165925 
650 395 11 14 0.048125368 
828 411 10 14 0.04807103 
891 263 8 11 0.048040237 
0 421 8 14 0.04802749 
776 324 10 13 0.04800259 
726 372 11 14 0.047956947 
823 104 10 12 0.047907464 
454 96 8 9 0.04789502 
50 251 8 11 0.047883622 
877 206 9 10 0.04787827 
809 30 7 10 0.04784743 
250 279 8 11 0.04784061 
560 128 7 10 0.047795862 
407 64 8 9 0.047773276 
911 277 10 13 0.04773687 
871 158 9 11 0.04772233 
393 301 9 12 0.047698773 
773 159 8 10 0.04765885 
689 222 8 11 0.047652964 
806 164 9 11 0.04758599 
766 28 9 11 0.04756538 
283 269 8 11 0.047501303 
258 175 8 10 0.047414824 
929 69 9 10 0.04738149 
512 111 8 10 0.047323633 
909 190 8 11 0.0472269 
506 410 11 15 0.047176268 
790 134 9 11 0.0471304 
299 461 15 20 0.04712919 
527 103 9 10 0.047118966 
513 15 7 9 0.04707872 
925 393 11 14 0.047078475 
887 181 9 11 0.04705601 
708 317 11 14 0.047045305 
999 300 10 12 0.046996277 
294 94 9 11 0.04699021 
577 52 6 10 0.046951614 
352 127 8 10 0.046904054 
157 319 12 13 0.046878852 
863 231 8 10 0.046874005 
459 392 18 23 0.04686489 
799 126 8 11 0.04685535 
207 168 7 9 0.04685424 
217 263 8 10 0.04682282 
489 510 14 18 0.046653572 
344 74 7 10 0.046622712 
745 239 9 11 0.046606664 
610 143 7 10 0.04660395 
141 334 11 13 0.0465572 
557 224 8 10 0.046537075 
463 143 7 9 0.046482414 
536 475 11 15 0.046422694 
697 271 9 12 0.046414424 
358 408 10 12 0.04639791 
345 100 8 9 0.04637485 
521 97 7 8 0.04630921 
562 406 9 12 0.0462938 
273 371 11 14 0.046291545 
535 94 8 10 0.046290807 
559 214 7 10 0.046275694 
682 373 12 14 0.046234798 
510 310 10 13 0.046206843 
425 28 9 11 0.046204913 
614 207 8 11 0.046200164 
960 252 9 10 0.046176802 
608 287 8 11 0.046088565 
933 165 9 12 0.046064634 
343 239 7 9 0.04601127 
650 251 9 13 0.045983266 
981 143 9 11 0.045981456 
943 94 9 11 0.045955874 
377 420 11 15 0.04591638 
535 205 8 10 0.04587701 
579 157 8 10 0.04585115 
809 228 9 11 0.045766048 
211 463 13 15 0.045765024 
58 126 9 11 0.04572949 
746 341 12 14 0.045720402 
977 73 7 9 0.045711935 
386 108 8 11 0.04570786 
950 71 7 9 0.04570578 
19 459 11 13 0.045662936 
720 175 8 11 0.045648202 
618 343 13 16 0.04564582 
682 479 13 18 0.04560719 
537 55 7 9 0.045563523 
297 315 8 12 0.045477774 
887 110 6 9 0.0454739 
289 88 8 9 0.04546978 
443 403 11 13 0.04546188 
567 165 7 9 0.04537039 
719 96 7 9 0.045329385 
656 467 11 16 0.04530472 
488 39 8 10 0.045274246 
833 117 7 10 0.045250732 
705 79 7 9 0.04523751 
608 341 12 17 0.045208957 
439 111 7 9 0.045176066 
662 110 8 11 0.045079727 
465 30 8 10 0.045079265 
231 447 10 13 0.045041643 
747 457 14 18 0.04500776 
668 314 12 17 0.045006387 
825 276 8 11 0.044983685 
918 84 7 10 0.04493188 
455 85 7 10 0.04492933 
534 135 7 9 0.04492882 
328 168 7 9 0.044913843 
821 408 12 17 0.044910632 
200 72 8 9 0.044909548 
542 62 6 9 0.044896156 
494 79 7 9 0.044885423 
526 310 8 11 0.044844836 
470 244 10 12 0.04482885 
735 5 9 11 0.044812378 
279 281 8 10 0.044761155 
602 61 7 9 0.044757344 
872 63 7 9 0.044722106 
455 189 10 12 0.0447181 
68 292 10 13 0.044672556 
975 114 9 11 0.044654075 
465 133 8 11 0.044650838 
888 133 8 10 0.044565976 
544 95 7 9 0.044528265 
552 23 9 11 0.044523697 
380 382 11 14 0.044472672 
38 266 11 15 0.0444677 
128 166 9 12 0.044393893 
351 201 8 9 0.04435142 
222 429 10 12 0.044275966 
390 94 7 10 0.044274792 
317 293 9 10 0.04424939 
488 44 9 11 0.044247568 
886 285 8 11 0.044224765 
658 228 8 11 0.044207174 
318 303 8 11 0.044205114 
797 180 8 10 0.044199456 
1001 319 9 12 0.044138677 
344 170 7 8 0.044105478 
463 411 9 13 0.044026196 
438 316 11 15 0.044022303 
71 179 9 11 0.04401544 
342 288 12 14 0.044003822 
873 85 8 10 0.04397679 
288 316 8 11 0.043972164 
824 288 10 12 0.043938577 
198 316 9 11 0.04392282 
126 159 8 10 0.043914076 
479 614 7 10 0.043909844 
97 120 8 9 0.043832432 
707 102 8 10 0.04375133 
358 190 8 10 0.04370476 
748 110 9 11 0.043698277 
558 39 7 10 0.043681975 
146 458 9 14 0.043679945 
111 112 8 11 0.043679047 
717 325 11 13 0.043613587 
871 189 9 11 0.043584816 
400 330 10 14 0.043565083 
337 366 9 12 0.043549903 
105 158 10 13 0.043484338 
774 393 13 15 0.043444388 
87 501 15 19 0.043413308 
112 264 8 11 0.043369953 
475 207 8 11 0.043204468 
465 128 7 10 0.043126836 
521 166 7 9 0.04310822 
145 210 9 11 0.043075465 
463 288 9 12 0.043058287 
177 23 10 12 0.04303191 
608 69 7 10 0.04297347 
1006 85 9 11 0.042916697 
497 159 8 10 0.042890035 
529 15 7 9 0.042822275 
897 171 9 12 0.04277363 
498 56 7 9 0.042681854 
857 525 15 19 0.042677876 
976 96 7 10 0.04267226 
473 108 7 10 0.042647853 
832 110 7 9 0.042515226 
34 166 9 12 0.04249894 
411 85 8 10 0.04248943 
980 562 13 15 0.042482574 
463 112 7 9 0.042460423 
440 183 8 10 0.042457193 
342 206 8 10 0.04229482 
839 190 8 11 0.042277135 
620 398 12 15 0.0422583 
319 80 7 8 0.042184275 
640 197 8 10 0.04217864 
587 288 18 22 0.042168193 
523 157 7 9 0.042147774 
1006 123 8 11 0.042087514 
688 395 12 15 0.0420807 
351 175 7 9 0.042071197 
982 77 8 10 0.042068835 
978 132 8 12 0.04200472 
534 379 18 22 0.041991524 
273 233 7 9 0.041875884 
215 220 9 11 0.041870013 
77 276 10 12 0.041856818 
79 207 9 12 0.041850276 
272 84 7 9 0.04184001 
345 87 7 10 0.041790146 
644 190 8 11 0.04168557 
399 200 7 10 0.0416533 
941 414 12 16 0.041649856 
789 341 10 13 0.041649677 
657 174 9 11 0.041634005 
184 102 8 11 0.041576814 
281 254 8 10 0.041557316 
922 56 7 9 0.04152255 
831 88 7 10 0.041513804 
552 87 8 9 0.04147739 
61 78 9 11 0.041466117 
911 551 8 11 0.041423723 
720 229 9 12 0.04141583 
925 112 7 10 0.041267402 
326 501 14 18 0.04123329 
871 165 8 11 0.0412044 
706 95 7 9 0.041182663 
790 102 9 10 0.041175947 
508 256 11 13 0.041134667 
712 460 13 17 0.041129287 
506 86 8 10 0.04109637 
665 383 12 16 0.04106836 
1008 111 9 12 0.041056808 
846 494 10 13 0.04104036 
281 103 7 9 0.04102772 
0 198 7 12 0.040987276 
559 208 7 9 0.040981464 
512 430 9 11 0.040975142 
585 104 8 9 0.040902995 
199 151 8 10 0.04090244 
118 188 10 13 0.04089824 
938 79 7 9 0.04088338 
529 94 7 9 0.04079008 
867 350 12 16 0.040747162 
909 403 13 16 0.04072707 
981 223 9 11 0.040708497 
134 95 8 9 0.04068419 
206 454 10 13 0.04068254 
709 302 10 13 0.040649716 
863 77 8 10 0.04064581 
801 212 8 11 0.0406396 
113 116 8 10 0.040545747 
785 196 8 10 0.04051336 
638 143 8 11 0.04048615 
511 80 8 9 0.040469766 
252 310 8 12 0.04039018 
406 176 8 9 0.040373616 
632 396 13 17 0.040368948 
207 328 8 11 0.04032407 
134 23 9 11 0.04029547 
485 477 11 14 0.040271398 
447 356 10 13 0.040241826 
177 265 8 11 0.040241435 
93 198 10 12 0.040232584 
649 453 9 13 0.04023203 
678 320 11 14 0.040207054 
224 446 10 12 0.040179864 
172 215 9 11 0.040157475 
826 398 11 16 0.040117208 
847 437 12 16 0.040110666 
592 95 8 10 0.040108964 
1 217 10 14 0.040090315 
174 310 9 13 0.040075593 
535 413 9 12 0.040030077 
717 238 9 11 0.04002594 
528 46 8 10 0.040016107 
313 294 7 10 0.040010292 
367 245 8 11 0.039879665 
301 387 9 12 0.03987703 
166 176 8 10 0.039875224 
805 206 8 11 0.039851855 
397 564 11 14 0.039850175 
953 143 9 11 0.039819755 
607 396 10 14 0.039761227 
825 298 11 13 0.039683677 
647 103 7 9 0.03961679 
464 96 7 8 0.039590273 
569 142 8 10 0.039553523 
39 430 10 13 0.03952353 
407 303 10 13 0.03948037 
870 270 9 11 0.039434467 
908 395 13 17 0.039389767 
960 38 7 9 0.039356146 
430 264 9 11 0.039340638 
872 287 9 12 0.03932391 
671 285 10 12 0.03931024 
882 72 7 9 0.039293874 
912 64 7 9 0.039276596 
148 160 8 10 0.039232608 
214 127 8 11 0.03922618 
536 117 7 9 0.03922211 
541 439 12 15 0.039213568 
785 32 7 9 0.039167628 
455 231 10 13 0.03914285 
401 126 7 10 0.039086632 
154 255 9 11 0.03908446 
1011 302 10 12 0.039000127 
311 326 8 11 0.038997024 
1015 277 8 11 0.03898526 
999 252 7 10 0.038968675 
882 158 8 11 0.038942277 
161 150 10 13 0.03892579 
726 250 9 10 0.038917176 
574 80 8 10 0.03891597 
126 256 7 10 0.038884103 
728 330 11 14 0.038883712 
473 661 12 15 0.03885862 
534 405 11 13 0.03883473 
776 222 8 11 0.038806017 
925 175 9 11 0.038783435 
592 360 10 12 0.038767505 
775 241 8 11 0.03875145 
101 62 8 10 0.03873641 
457 152 7 9 0.038725596 
286 332 9 11 0.038724966 
22 301 10 12 0.038721997 
534 376 9 11 0.03869636 
831 526 12 17 0.03866974 
944 223 8 10 0.03866479 
560 175 7 10 0.03865985 
810 357 10 14 0.038648777 
640 292 10 12 0.0386455 
862 334 10 13 0.038606107 
904 183 8 10 0.03860024 
97 125 10 11 0.038599193 
380 319 10 12 0.038558733 
705 235 9 11 0.038494255 
453 102 8 9 0.038455702 
526 79 7 10 0.038453337 
650 150 9 11 0.03843002 
538 80 7 9 0.038421847 
592 120 8 10 0.038371965 
472 85 7 9 0.03834107 
204 388 11 14 0.038319916 
280 96 7 9 0.038295984 
541 285 10 13 0.038274262 
246 420 10 14 0.03819833 
391 88 7 9 0.03819309 
328 174 7 9 0.038167633 
489 242 9 12 0.038158894 
327 272 9 9 0.038157683 
346 184 7 9 0.038140398 
823 231 8 9 0.0381402 
805 308 9 12 0.038130745 
361 165 7 9 0.038123332 
709 359 13 15 0.038086243 
7 480 13 17 0.03807373 
156 413 10 14 0.03806354 
17 363 10 14 0.038059987 
522 224 7 10 0.038039193 
647 174 8 11 0.037997533 
950 104 7 11 0.037988912 
519 423 10 12 0.037975956 
481 30 8 10 0.037938174 
17 144 8 9 0.037932575 
168 270 7 10 0.037931174 
544 547 9 12 0.037845362 
853 216 8 10 0.037731037 
138 327 8 11 0.037714183 
941 329 11 15 0.03770717 
349 399 10 13 0.03768501 
842 235 9 11 0.03765394 
570 223 8 10 0.037653655 
600 418 13 17 0.03764054 
609 334 9 12 0.037617385 
721 205 9 10 0.037577044 
45 223 7 10 0.037567355 
102 77 8 11 0.037538644 
627 70 7 10 0.037528828 
599 40 8 10 0.03751393 
867 207 9 11 0.037495848 
890 56 7 9 0.037447006 
545 435 13 15 0.037396066 
17 454 10 14 0.03734043 
1011 418 12 19 0.037328754 
7 124 12 14 0.037319623 
54 240 9 11 0.03731209 
735 141 9 11 0.03729094 
686 94 7 9 0.037278734 
527 411 10 13 0.0372665 
149 113 8 10 0.0372606 
165 80 9 11 0.037245296 
519 279 10 11 0.037228897 
176 160 8 11 0.03721994 
511 158 7 9 0.037189692 
534 239 9 11 0.037169755 
221 317 9 12 0.03714266 
596 363 11 13 0.037139162 
348 374 11 14 0.037128 
577 167 8 9 0.037101667 
1006 60 9 12 0.037099253 
552 79 7 9 0.037081588 
960 48 7 9 0.03704169 
1001 111 7 10 0.037036255 
969 175 8 11 0.03702982 
447 230 10 13 0.036968812 
545 224 8 11 0.03692061 
278 343 10 12 0.036905497 
423 288 8 10 0.036891926 
505 78 8 10 0.036869083 
616 248 9 11 0.03686768 
303 117 8 11 0.03685637 
355 514 21 26 0.03683662 
167 352 9 11 0.036827665 
485 334 10 13 0.03682612 
337 208 8 10 0.03681129 
504 137 6 9 0.036798507 
318 407 11 14 0.036792558 
152 134 9 10 0.036777515 
975 333 9 12 0.03677641 
479 356 10 12 0.036763877 
320 181 7 9 0.036744937 
940 340 11 15 0.036738124 
325 254 9 11 0.03665005 
703 365 13 17 0.036645807 
320 332 10 13 0.036645733 
687 508 14 19 0.036638428 
880 232 9 10 0.036626667 
72 256 9 11 0.036614526 
281 110 7 10 0.03655812 
677 199 10 11 0.036551185 
703 354 12 15 0.03652136 
548 405 11 13 0.036508482 
886 152 8 11 0.036460802 
535 484 12 15 0.036436334 
919 128 11 13 0.03639456 
510 72 7 8 0.03636569 
683 78 7 10 0.036329623 
841 63 8 9 0.03631784 
897 136 8 11 0.036317088 
30 251 11 13 0.036294788 
275 281 17 23 0.036282662 
488 102 8 10 0.036266312 
624 434 12 15 0.03625829 
252 302 9 12 0.036254704 
671 205 9 12 0.036246564 
590 60 8 10 0.036182888 
526 303 9 11 0.036172345 
552 73 7 9 0.036151376 
494 40 7 9 0.036149815 
511 437 9 12 0.036110274 
414 419 11 14 0.036095478 
233 72 7 9 0.03607628 
567 289 10 11 0.03607474 
814 277 8 10 0.036066595 
857 78 8 10 0.03606354 
89 347 10 13 0.036040816 
609 426 14 17 0.036038592 
816 399 13 16 0.03602897 
343 174 7 9 0.036023717 
231 160 7 9 0.03601541 
691 285 11 13 0.03596948 
216 231 10 12 0.03594499 
577 234 10 12 0.03593849 
806 214 7 10 0.03593763 
911 341 11 13 0.03591107 
497 151 8 10 0.035906438 
439 55 8 11 0.035893463 
205 285 9 11 0.03589018 
771 406 15 17 0.035877217 
839 21 9 11 0.03576849 
457 142 8 10 0.035766415 
415 285 9 11 0.03576419 
126 243 8 10 0.035757612 
457 45 9 12 0.035685193 
44 263 10 13 0.03564801 
304 253 8 10 0.035642736 
969 86 7 8 0.035626713 
550 356 10 12 0.03560331 
546 471 12 14 0.03556837 
872 320 12 15 0.03554623 
956 271 8 12 0.035498638 
975 85 7 10 0.03549604 
328 144 7 8 0.03544831 
122 231 10 12 0.03542566 
111 508 11 16 0.03540353 
176 96 8 12 0.03539287 
49 78 8 10 0.035353255 
950 264 8 11 0.035340793 
738 191 7 11 0.03525255 
613 401 18 22 0.035246693 
353 411 10 14 0.03523474 
362 232 8 10 0.035223693 
97 78 7 9 0.035201807 
56 83 9 11 0.03517701 
313 272 8 11 0.035161216 
480 95 8 10 0.035140757 
357 183 8 10 0.035129294 
305 398 9 12 0.0350898 
553 206 7 10 0.035078082 
396 573 11 14 0.0350667 
248 95 7 10 0.035039075 
482 167 8 10 0.03502484 
62 128 8 11 0.03501026 
253 559 12 15 0.035009403 
105 164 10 13 0.03499906 
33 186 9 11 0.034994747 
326 413 13 16 0.034988306 
552 375 11 13 0.03496886 
715 587 13 16 0.034948785 
166 295 9 11 0.03492562 
675 395 11 14 0.034890365 
662 285 10 12 0.034883607 
486 344 11 14 0.03488076 
473 223 8 11 0.034877367 
806 37 9 11 0.034861516 
24 272 13 16 0.034857053 
269 272 9 11 0.034839068 
439 118 7 10 0.034775082 
768 264 9 12 0.034771655 
622 93 7 10 0.03471837 
543 87 7 9 0.03470616 
351 100 7 10 0.03467268 
543 214 8 10 0.03464702 
368 326 8 11 0.03461534 
857 86 9 11 0.03458639 
976 143 8 11 0.034573898 
233 427 12 16 0.034567688 
812 436 12 16 0.034563713 
597 207 9 11 0.034543745 
365 397 10 12 0.03454134 
501 57 8 9 0.03453915 
149 165 8 10 0.03452815 
872 47 7 9 0.03451596 
559 45 6 9 0.034480892 
368 217 7 9 0.034355555 
257 80 6 9 0.03432121 
914 118 8 10 0.034307934 
944 311 9 13 0.03430001 
161 280 10 10 0.03428117 
413 392 10 14 0.034256805 
638 315 10 12 0.034232218 
618 93 8 10 0.034225952 
614 79 8 10 0.03416381 
650 382 14 16 0.034147527 
506 95 7 9 0.034121856 
535 15 8 10 0.034080453 
351 441 12 16 0.034072496 
55 70 10 13 0.03404826 
623 88 7 10 0.03403153 
182 95 9 10 0.03402616 
25 263 10 13 0.034006085 
967 309 9 11 0.0339874 
935 54 7 9 0.033980995 
749 240 9 11 0.033971705 
153 93 8 11 0.033965643 
199 136 7 8 0.033961542 
1007 424 13 19 0.033944663 
558 55 7 9 0.033927612 
190 81 8 10 0.033919536 
390 380 10 13 0.033903293 
406 149 8 10 0.033901036 
935 259 10 14 0.033900104 
703 272 9 12 0.033852097 
463 266 11 14 0.033844925 
784 421 13 17 0.033803113 
238 112 7 9 0.033796247 
514 128 7 9 0.033705518 
901 388 12 13 0.03368193 
509 442 11 14 0.03368039 
377 84 7 9 0.033679105 
280 231 8 10 0.033670276 
270 262 8 9 0.033669274 
870 361 12 16 0.03365676 
444 446 12 16 0.03365206 
351 63 7 9 0.033650547 
561 71 7 10 0.033633046 
649 158 9 10 0.033618383 
847 140 9 12 0.033602465 
981 127 8 11 0.03360213 
169 405 10 13 0.0335712 
856 515 17 20 0.03352974 
633 182 8 12 0.033526026 
600 303 10 13 0.03351583 
569 119 7 9 0.0335147 
310 446 19 25 0.033460326 
686 73 7 9 0.033455547 
417 63 7 10 0.033407085 
142 56 7 11 0.03340013 
568 439 10 14 0.033389762 
767 287 9 11 0.0333857 
446 28 8 11 0.033365406 
446 152 7 9 0.033279758 
560 87 6 8 0.033258602 
4 312 15 18 0.03325699 
585 143 8 9 0.03324075 
5 215 11 15 0.033239186 
652 272 10 12 0.033234697 
958 326 10 12 0.03322143 
796 317 11 14 0.03322016 
768 116 9 11 0.033192243 
650 78 8 10 0.033191334 
39 343 10 14 0.033186562 
686 417 13 16 0.033180427 
417 73 7 9 0.033135757 
135 386 12 17 0.0331325 
313 184 6 7 0.03313078 
191 357 11 15 0.033092555 
785 316 11 13 0.033090007 
416 103 8 10 0.03307524 
113 303 10 13 0.033070598 
321 157 7 10 0.033043385 
417 40 8 10 0.033014815 
768 365 10 12 0.033004828 
136 333 10 13 0.032961454 
1003 264 8 11 0.032959234 
954 480 15 19 0.03295675 
639 280 9 11 0.032908466 
551 166 8 10 0.032904897 
910 166 9 11 0.032868605 
735 445 15 19 0.032867875 
271 382 10 13 0.03283865 
294 532 13 17 0.032775436 
620 308 10 12 0.03273147 
719 397 11 14 0.032710515 
904 53 8 10 0.032709375 
222 253 10 11 0.03270825 
447 182 9 10 0.03264645 
458 40 7 9 0.03261364 
455 369 11 14 0.032594696 
416 92 8 10 0.032569513 
518 332 10 12 0.032562666 
471 55 8 10 0.032561567 
1001 157 8 11 0.03253876 
201 437 12 16 0.03251096 
568 128 8 9 0.03250126 
168 15 7 9 0.032495916 
206 461 12 15 0.03249007 
318 351 9 13 0.032467008 
326 532 12 14 0.032406595 
693 136 8 9 0.03240278 
497 137 7 9 0.032399494 
125 214 8 11 0.03238728 
399 111 7 10 0.032384723 
952 617 10 16 0.032339957 
233 111 8 10 0.032319702 
528 207 8 10 0.032315485 
432 253 9 11 0.03229045 
23 322 18 23 0.03228237 
684 317 11 14 0.032280233 
926 270 11 14 0.03225726 
480 424 10 13 0.0322249 
285 254 9 10 0.03222327 
550 265 10 13 0.03220423 
81 192 9 11 0.032203235 
559 411 11 13 0.03220048 
480 480 11 14 0.032137662 
932 288 10 13 0.032128345 
840 293 9 11 0.032127593 
25 204 11 14 0.032082908 
201 168 6 9 0.032067165 
578 206 9 10 0.03206702 
23 306 13 19 0.03206578 
898 328 10 14 0.032027952 
904 39 7 9 0.031985197 
1013 470 12 18 0.031969544 
309 492 21 27 0.03187804 
247 444 11 15 0.031871594 
843 427 12 16 0.031859156 
310 94 7 10 0.031845976 
631 376 12 14 0.03183894 
908 413 11 15 0.031827375 
739 112 8 9 0.03181243 
936 40 7 10 0.031812266 
370 72 7 8 0.031799857 
910 53 8 10 0.031792004 
528 214 8 10 0.03178519 
610 112 8 10 0.03176605 
234 458 13 15 0.031751942 
13 187 9 11 0.03174884 
881 164 8 11 0.03173925 
913 132 8 12 0.031736307 
592 464 14 17 0.031719018 
626 149 8 10 0.03171041 
757 429 12 15 0.031673886 
807 442 12 16 0.0316723 
920 168 8 10 0.03163578 
1000 92 10 12 0.031618416 
567 176 8 10 0.031608973 
912 390 10 13 0.031595882 
694 217 17 23 0.03158595 
560 63 6 9 0.03158581 
774 76 8 11 0.031574212 
511 295 9 12 0.031572066 
241 124 7 10 0.03153313 
514 581 8 12 0.031503573 
240 253 9 10 0.031463545 
892 347 12 14 0.03145181 
391 294 8 11 0.031443164 
886 238 8 11 0.031433165 
696 303 11 13 0.031428333 
653 333 11 14 0.03142828 
62 84 9 11 0.03139484 
131 237 9 11 0.031381678 
440 302 9 12 0.031367462 
542 205 9 10 0.031361535 
87 266 17 23 0.031323817 
616 224 8 10 0.031319816 
517 631 7 10 0.031317715 
814 444 11 16 0.031293515 
732 206 9 11 0.03128221 
876 304 12 16 0.031259067 
967 95 9 11 0.031254534 
552 158 7 9 0.03125394 
432 339 11 15 0.031246252 
143 69 8 9 0.03124424 
196 421 11 13 0.03121767 
796 576 12 16 0.031216854 
199 86 8 9 0.03121028 
905 246 9 12 0.03120179 
463 64 7 9 0.031197952 
855 509 13 17 0.031192284 
542 15 8 10 0.031166768 
553 215 8 9 0.03115507 
881 111 8 10 0.031150492 
464 22 8 11 0.031119103 
92 396 9 11 0.031108497 
815 116 8 11 0.03103342 
200 285 9 11 0.030990662 
406 142 9 11 0.030981598 
478 405 10 13 0.030969879 
614 212 8 11 0.030960862 
215 245 9 12 0.030905807 
561 165 7 10 0.030861331 
393 149 8 11 0.03085142 
256 72 7 9 0.030823944 
626 64 7 10 0.030804308 
600 428 12 15 0.03079238 
431 40 8 10 0.030768305 
581 406 11 13 0.030756148 
745 417 13 16 0.030750211 
303 272 9 10 0.03074794 
578 64 7 9 0.03074612 
799 287 8 10 0.030725097 
327 96 7 9 0.030718395 
505 102 6 9 0.030703135 
519 456 11 15 0.030691493 
845 264 10 12 0.03068533 
310 248 7 10 0.030683942 
481 159 8 10 0.030681085 
152 352 16 22 0.030677894 
609 207 8 11 0.03067758 
887 105 7 9 0.030666772 
199 373 8 11 0.030627333 
424 127 7 10 0.030616138 
457 118 8 9 0.030611042 
514 134 8 10 0.030586826 
593 78 7 11 0.030553218 
344 257 8 9 0.030535365 
337 180 7 10 0.030514581 
926 127 9 12 0.030499458 
239 247 8 10 0.030490194 
425 109 8 10 0.030489339 
279 248 9 10 0.030425677 
782 388 11 15 0.030390892 
376 64 7 10 0.03038628 
685 379 11 15 0.03037693 
333 158 8 9 0.03036871 
98 57 7 9 0.030335482 
1014 295 8 11 0.030316416 
738 179 10 12 0.030287482 
118 554 12 17 0.030287394 
6 162 14 16 0.030274244 
541 324 9 12 0.03026742 
1013 308 10 13 0.030263795 
175 334 10 12 0.03025951 
417 152 8 10 0.030231392 
217 195 10 12 0.03022569 
113 15 9 10 0.030223515 
685 345 13 15 0.03022195 
699 527 18 25 0.030219212 
495 367 9 11 0.030136852 
223 118 9 10 0.030120166 
793 245 8 11 0.030104004 
973 350 11 14 0.030101875 
104 191 8 11 0.030084558 
256 159 7 9 0.030062828 
361 436 12 16 0.030053062 
1005 52 8 12 0.030035801 
7 470 12 16 0.030015001 
112 21 10 11 0.030014833 
369 80 7 9 0.030012272 
303 182 7 8 0.030011497 
272 247 9 11 0.029988082 
981 175 8 11 0.0299825 
159 392 10 13 0.029978475 
215 79 8 9 0.029903108 
909 236 8 12 0.029892875 
90 64 8 10 0.029891131 
633 54 6 9 0.029887825 
916 310 12 13 0.029870315 
495 410 11 15 0.029845025 
196 366 10 13 0.029832454 
744 322 12 16 0.02983136 
967 241 9 11 0.029829826 
602 314 11 13 0.029813271 
336 373 10 13 0.029808555 
440 126 7 9 0.029804891 
822 507 13 17 0.029723668 
418 164 8 10 0.029720452 
912 555 9 12 0.029713633 
303 454 11 15 0.02970969 
894 93 9 12 0.029699462 
409 240 9 11 0.0296899 
64 222 8 10 0.029684236 
337 200 7 8 0.029683594 
587 109 8 10 0.029675562 
800 263 9 10 0.02966289 
480 134 7 8 0.029656181 
575 263 9 11 0.029646741 
631 65 7 9 0.029641818 
584 120 9 11 0.02963939 
832 221 8 10 0.029633824 
554 30 7 9 0.029632106 
585 213 9 10 0.02962461 
57 118 8 10 0.029612197 
495 214 9 10 0.02958272 
933 232 8 11 0.029581482 
80 296 13 16 0.029579703 
510 270 8 11 0.029572045 
558 340 10 12 0.02955627 
246 152 7 9 0.02954878 
608 104 8 9 0.029544743 
287 102 7 9 0.029539645 
206 470 19 21 0.029480416 
192 150 9 11 0.029479101 
520 368 10 13 0.029460218 
932 440 14 16 0.029422598 
332 325 11 13 0.02941228 
688 206 8 11 0.029403338 
595 266 18 23 0.029394114 
286 381 10 13 0.029379355 
350 88 8 9 0.029360812 
399 316 9 11 0.029359652 
485 223 9 11 0.02935538 
472 63 8 9 0.029322837 
120 262 9 12 0.029318852 
946 47 8 10 0.029299766 
199 295 9 11 0.029273791 
414 135 8 10 0.029264666 
521 65 7 9 0.029256059 
92 275 9 11 0.029210282 
583 79 8 10 0.029183926 
77 263 8 11 0.02915415 
599 143 7 10 0.02910794 
704 291 12 14 0.029100606 
37 422 8 12 0.029090095 
880 64 7 9 0.029070083 
888 2 8 9 0.029061284 
1000 359 10 14 0.029025987 
296 296 9 10 0.028991826 
341 357 9 11 0.028990984 
81 524 10 14 0.028985288 
1005 405 18 28 0.028979301 
888 232 8 10 0.028971681 
1001 80 7 10 0.028940462 
745 355 12 16 0.02892102 
961 31 7 10 0.028920984 
111 294 9 13 0.028911686 
405 163 8 11 0.028909154 
960 62 8 10 0.028901605 
191 167 8 10 0.028888559 
859 358 14 18 0.028880421 
120 70 8 11 0.02884422 
241 84 8 10 0.028842872 
512 39 7 9 0.028832795 
1000 151 8 10 0.028816383 
318 135 8 10 0.028781626 
807 24 8 10 0.028778976 
240 134 7 10 0.028769061 
967 264 9 10 0.0287685 
450 86 7 9 0.028767934 
528 174 7 10 0.028761115 
190 102 7 10 0.028738413 
850 96 9 12 0.02873123 
632 341 10 14 0.028724581 
158 134 7 9 0.028705057 
471 198 8 10 0.028669886 
511 335 9 11 0.02865085 
636 189 8 11 0.028650427 
672 200 9 11 0.028618025 
901 157 9 11 0.028612265 
769 63 8 10 0.028605824 
214 87 8 9 0.028604135 
592 387 10 13 0.028600385 
544 167 7 9 0.028591895 
175 350 9 12 0.028586831 
950 288 9 12 0.028558262 
94 87 10 12 0.028544946 
629 230 9 11 0.028541295 
200 328 9 10 0.028539933 
206 253 9 11 0.028494224 
954 188 8 10 0.028491827 
797 294 10 12 0.028466087 
598 103 7 9 0.028442647 
266 100 7 11 0.028414054 
148 468 11 15 0.028412776 
327 263 9 11 0.028411552 
327 356 9 12 0.028370468 
209 129 8 10 0.028352674 
851 394 12 15 0.028333602 
230 318 9 10 0.028324578 
880 38 8 10 0.028283093 
784 38 8 10 0.028277075 
929 48 8 9 0.02826492 
624 127 8 9 0.028229645 
464 87 7 9 0.028227365 
671 62 7 10 0.028203823 
886 246 8 11 0.028196527 
727 290 10 13 0.028196288 
839 144 8 11 0.02819516 
849 326 13 16 0.028176703 
540 503 13 15 0.028169055 
430 392 9 12 0.028163923 
1004 506 14 22 0.02815298 
547 135 8 11 0.028132167 
870 228 9 11 0.028122345 
856 232 8 10 0.028078185 
958 339 10 13 0.028069317 
295 377 16 23 0.02806736 
309 546 13 15 0.028049221 
741 267 17 21 0.028042732 
211 316 8 12 0.028024754 
1015 90 9 13 0.028014656 
761 379 12 17 0.028011143 
577 192 8 10 0.028010793 
821 429 11 15 0.027970573 
846 63 8 10 0.027940443 
236 390 9 13 0.027934195 
399 55 7 9 0.027922854 
855 233 18 24 0.027909242 
406 428 10 13 0.027891343 
287 111 8 11 0.027888041 
774 318 9 13 0.027837906 
720 279 18 23 0.027824134 
614 273 18 24 0.027808499 
534 252 11 14 0.02779711 
631 128 7 9 0.027790101 
649 166 8 10 0.027783502 
1005 47 8 11 0.027782641 
352 529 12 16 0.027771136 
880 103 8 11 0.027764136 
345 189 8 10 0.027764069 
464 150 7 10 0.02773663 
103 118 7 10 0.02773551 
601 463 14 18 0.027734647 
649 87 8 10 0.02772267 
399 88 7 9 0.027711501 
424 104 7 9 0.027710754 
741 265 10 12 0.027684296 
657 237 9 11 0.027670955 
296 168 7 9 0.027643157 
870 102 9 12 0.027630093 
774 165 8 10 0.027615778 
208 140 8 9 0.027609007 
554 56 8 9 0.027602056 
797 245 8 10 0.027598266 
256 359 8 12 0.027565034 
536 113 7 9 0.027556607 
959 303 9 11 0.027556343 
281 556 10 13 0.027549133 
222 295 8 11 0.02752486 
403 656 12 16 0.027504832 
975 261 8 11 0.027503883 
615 103 8 11 0.02750378 
120 124 9 12 0.027486892 
924 262 10 13 0.027485134 
817 84 7 10 0.027479915 
183 172 10 11 0.027459662 
687 166 10 12 0.027455702 
178 286 10 12 0.027428491 
479 109 7 9 0.02742601 
402 176 8 10 0.027419806 
151 127 8 10 0.027396804 
916 267 17 22 0.027390355 
856 256 9 11 0.027388388 
786 380 10 15 0.027353471 
800 23 9 11 0.027340326 
364 510 12 16 0.02729374 
688 336 19 22 0.027266873 
706 418 13 18 0.027259793 
761 375 10 13 0.027257599 
567 102 7 9 0.027233139 
687 198 9 11 0.027206978 
353 350 9 12 0.027201423 
98 512 13 18 0.027200155 
145 79 8 10 0.02716235 
512 205 9 12 0.027161991 
456 127 8 10 0.027150773 
536 174 7 10 0.027143521 
598 374 11 15 0.027133662 
606 158 8 10 0.02710232 
246 311 17 23 0.02710146 
789 263 8 11 0.027080279 
760 418 13 15 0.02707607 
425 531 14 20 0.027074026 
894 275 10 12 0.027072605 
702 469 13 16 0.027071733 
818 217 8 10 0.027067909 
207 79 7 9 0.027050562 
813 292 8 11 0.027044192 
913 269 11 15 0.027018864 
423 78 7 10 0.0270132 
879 47 8 9 0.02698805 
558 144 8 10 0.026983142 
710 166 7 10 0.026979292 
456 112 8 10 0.026961166 
309 331 18 23 0.026960958 
206 231 9 11 0.026925681 
280 311 9 11 0.02692287 
967 349 11 14 0.026899997 
254 294 8 11 0.026893793 
165 144 9 11 0.026886413 
905 236 9 11 0.026854323 
42 375 9 13 0.026853813 
822 456 13 16 0.02685237 
50 72 8 10 0.026850373 
734 215 10 12 0.026825763 
904 119 8 10 0.026820224 
440 88 7 8 0.026804112 
167 627 9 12 0.026796415 
556 419 12 14 0.026782347 
529 183 8 10 0.026769383 
649 144 8 9 0.026757494 
621 270 9 11 0.02675058 
693 142 9 10 0.026749002 
439 433 11 14 0.026740985 
542 32 7 9 0.02673354 
814 228 8 11 0.026717627 
456 64 9 10 0.026716264 
694 86 7 10 0.026703954 
11 256 11 14 0.026631273 
319 112 8 10 0.026630001 
331 344 17 22 0.02657698 
892 426 14 18 0.026557459 
-2 135 7 12 0.026554095 
553 175 7 9 0.026549162 
609 77 8 12 0.026548892 
809 96 9 10 0.026524289 
270 254 9 10 0.026516875 
438 254 8 11 0.026502404 
224 390 11 14 0.026498325 
688 141 9 11 0.026484905 
339 349 10 13 0.02648316 
420 443 14 18 0.026481591 
945 241 9 10 0.02646375 
433 150 7 10 0.02645112 
775 359 10 14 0.02645055 
65 263 9 12 0.02642613 
190 85 9 10 0.026423937 
575 216 8 9 0.026398452 
119 329 9 10 0.026391575 
266 86 6 8 0.026363272 
469 256 12 15 0.02635928 
308 428 14 16 0.026357416 
735 262 9 12 0.026355663 
440 62 7 10 0.026341366 
942 30 8 10 0.02634093 
551 564 10 14 0.026334902 
790 32 8 10 0.026332377 
451 220 9 11 0.026321542 
919 407 14 18 0.026319977 
866 238 19 25 0.026317032 
224 112 8 10 0.026307594 
260 364 10 13 0.02628785 
376 152 9 11 0.026276527 
267 420 10 14 0.02627174 
551 364 10 13 0.026266068 
71 286 10 14 0.026265647 
493 431 9 12 0.026259867 
487 362 10 13 0.026246866 
974 325 8 11 0.026237847 
616 198 7 9 0.02622321 
573 352 19 22 0.026205732 
975 234 9 13 0.0262054 
536 37 7 10 0.026200911 
1014 86 8 12 0.026185524 
870 109 8 10 0.026163762 
165 245 9 11 0.026153227 
598 177 18 24 0.02614503 
62 214 8 10 0.0261204 
359 197 9 11 0.026112786 
999 142 7 10 0.026110267 
568 371 11 14 0.02608013 
369 525 15 19 0.02606578 
588 419 12 14 0.026063638 
607 198 8 10 0.026043022 
550 622 9 13 0.026011338 
248 389 10 12 0.02599911 
661 150 8 11 0.025976727 
560 94 7 10 0.02596792 
575 129 7 9 0.025960257 
333 437 12 15 0.025948226 
387 204 8 11 0.025945324 
665 63 8 9 0.025936399 
801 165 9 12 0.025916053 
785 309 10 14 0.02590838 
590 331 11 14 0.025900345 
567 256 9 12 0.025863618 
495 389 9 12 0.025843862 
873 55 7 10 0.025810659 
1015 165 9 13 0.025797313 
525 379 10 13 0.025782438 
865 63 7 9 0.025762595 
721 192 7 11 0.025739921 
1001 283 9 12 0.02570482 
790 255 8 10 0.025677286 
418 297 17 22 0.025673699 
879 245 9 11 0.025672892 
815 429 10 14 0.025645161 
490 71 7 10 0.025641685 
583 49 7 9 0.02561257 
199 262 8 10 0.025604485 
641 69 8 10 0.025602244 
508 240 9 10 0.025558455 
472 156 8 10 0.02555186 
775 65 7 9 0.025540328 
517 342 10 12 0.025536045 
607 235 9 12 0.025533516 
642 231 9 12 0.025527555 
445 191 9 11 0.02551709 
155 238 9 11 0.025486846 
175 340 10 12 0.025483973 
646 183 8 11 0.025482068 
136 70 9 11 0.025464272 
12 325 11 16 0.025458544 
682 71 7 10 0.02544823 
295 112 8 10 0.025442006 
142 339 11 13 0.025431614 
231 272 9 10 0.025429564 
295 334 9 12 0.025428211 
89 69 9 12 0.025413228 
423 87 8 10 0.02540031 
303 263 8 10 0.025398131 
435 142 6 9 0.025393033 
709 398 12 14 0.025380922 
693 293 9 12 0.025379555 
305 453 20 26 0.025370767 
781 332 10 13 0.025350207 
264 119 7 9 0.025322365 
340 316 9 12 0.025317546 
910 158 8 10 0.0253125 
599 486 14 18 0.025312021 
200 173 7 9 0.0253024 
909 151 9 12 0.025270328 
677 205 10 12 0.025268285 
1007 451 16 22 0.025254922 
565 400 19 24 0.025253167 
150 370 10 12 0.02524331 
136 101 8 10 0.025241604 
160 79 8 10 0.02523649 
455 412 10 12 0.025224423 
358 287 8 10 0.025220623 
283 263 19 24 0.025218453 
319 546 11 14 0.025201388 
397 381 11 14 0.025190068 
111 485 12 18 0.025186425 
641 205 7 10 0.025164953 
594 190 8 10 0.025156822 
82 401 13 15 0.025156649 
388 570 13 16 0.025125118 
704 200 8 11 0.025119347 
368 127 8 10 0.025095634 
583 166 7 10 0.025077624 
429 245 9 11 0.025073169 
39 292 12 16 0.02507159 
748 380 12 16 0.025065191 
928 576 11 13 0.02505934 
368 332 9 12 0.025056848 
297 183 7 10 0.025050772 
849 373 10 14 0.025047844 
455 183 8 10 0.025036233 
497 182 8 11 0.025025383 
474 119 7 9 0.025008503 
333 152 8 9 0.024991954 
928 165 8 11 0.024985228 
372 281 18 22 0.024980893 
599 398 11 13 0.024931788 
440 349 11 15 0.024919739 
71 317 13 17 0.024911566 
527 7 7 9 0.024902238 
821 419 11 14 0.02489735 
999 460 12 16 0.024896435 
713 215 8 11 0.024889786 
32 473 20 26 0.024885593 
116 413 9 13 0.024875192 
197 431 12 14 0.024872726 
128 181 8 12 0.024870878 
683 280 18 22 0.024864385 
599 120 7 10 0.02485527 
479 64 7 9 0.024853477 
720 311 10 13 0.024826296 
350 223 7 10 0.024822684 
310 102 8 9 0.024794765 
215 271 9 10 0.024769217 
108 162 18 23 0.024762034 
519 206 8 11 0.024743732 
776 578 14 18 0.024742894 
501 205 9 12 0.02474264 
533 421 11 13 0.02474224 
526 245 10 13 0.024740743 
368 85 8 10 0.024724282 
489 310 9 12 0.024715241 
772 485 14 17 0.024710268 
597 110 8 10 0.02469793 
729 4 9 11 0.024696622 
5 413 9 16 0.024685219 
874 124 9 12 0.024672342 
542 278 10 12 0.024650078 
788 375 13 16 0.024640795 
734 197 8 11 0.024638262 
425 94 7 9 0.024636623 
906 329 13 16 0.024622884 
546 269 9 12 0.024614004 
488 111 8 9 0.024605535 
657 100 8 10 0.02459772 
634 5 11 12 0.024559472 
785 275 9 12 0.024554668 
338 290 17 21 0.024550628 
884 331 12 14 0.024529677 
749 288 10 11 0.024522666 
136 395 10 14 0.024516152 
336 96 8 9 0.024514647 
622 331 12 15 0.024489358 
825 289 17 21 0.0244858 
521 86 8 9 0.024467861 
473 145 7 9 0.024467664 
867 340 12 15 0.024466306 
870 264 8 11 0.024432976 
127 72 8 10 0.024417069 
665 333 10 13 0.024408415 
289 143 7 9 0.024404664 
312 111 8 10 0.024399692 
705 205 8 10 0.024397619 
737 117 8 10 0.024356863 
557 23 8 10 0.02435157 
851 380 13 16 0.02434458 
831 309 10 13 0.024328748 
105 199 8 11 0.024325717 
445 332 10 13 0.024323352 
930 85 7 9 0.024318725 
745 105 6 9 0.024307104 
153 300 10 11 0.024302132 
258 144 7 9 0.024299212 
529 198 8 9 0.02429711 
283 367 10 13 0.024267841 
832 190 9 12 0.024261927 
944 181 9 12 0.024258494 
161 109 8 11 0.024252638 
64 207 8 10 0.024246616 
742 287 10 12 0.024240427 
560 181 8 10 0.024230937 
338 376 18 22 0.024228277 
125 308 8 12 0.024225809 
159 311 10 11 0.024212759 
742 212 10 13 0.024207622 
970 103 10 12 0.0242056 
687 145 18 24 0.024195168 
257 546 14 18 0.024174348 
155 419 11 15 0.024169935 
544 7 9 10 0.024151523 
440 230 9 11 0.02414052 
287 238 8 9 0.024136076 
351 132 8 11 0.024133079 
612 335 11 13 0.024132837 
399 150 8 9 0.024124162 
223 421 10 13 0.024109181 
456 135 7 10 0.02410662 
799 103 9 12 0.02410075 
520 174 8 11 0.024099255 
825 158 9 11 0.024089556 
69 84 9 12 0.024081621 
310 398 9 11 0.024077754 
314 72 7 9 0.024069978 
550 557 11 15 0.02406261 
695 118 7 11 0.024042586 
570 229 8 11 0.02402527 
814 29 8 10 0.024020389 
494 87 8 10 0.024013089 
839 302 10 12 0.024009421 
641 173 8 12 0.024005115 
134 340 9 12 0.023979757 
575 119 7 9 0.023977185 
479 24 9 10 0.023975188 
191 397 10 15 0.023970623 
138 542 12 18 0.023955168 
574 517 10 15 0.02394596 
471 288 10 13 0.023942733 
47 175 9 11 0.023924002 
839 71 8 10 0.02390576 
611 435 12 16 0.023897836 
337 73 8 10 0.023882547 
785 46 9 11 0.023845088 
422 152 7 10 0.023823677 
126 207 8 11 0.023792231 
6 205 8 10 0.02378593 
600 71 8 9 0.02378482 
878 143 9 11 0.023784662 
669 232 9 10 0.023779573 
224 358 10 13 0.023777096 
558 30 7 9 0.023760542 
652 343 12 14 0.023749292 
441 23 9 11 0.023739515 
198 271 9 11 0.023738375 
632 92 8 10 0.023712484 
416 175 8 10 0.023706825 
595 293 10 13 0.02369941 
663 144 7 9 0.023699256 
249 381 10 13 0.023689372 
777 190 8 11 0.023684531 
101 342 10 11 0.02368086 
206 397 12 16 0.023678675 
743 148 9 13 0.02367381 
872 199 9 12 0.02365386 
1005 286 9 11 0.02363483 
674 215 9 11 0.02362856 
687 425 14 17 0.023613935 
930 523 12 15 0.023606785 
115 335 9 11 0.023603527 
113 406 8 11 0.0235987 
583 23 7 10 0.023595773 
440 174 8 9 0.02359522 
320 263 8 10 0.023575326 
328 87 7 9 0.023569493 
231 126 8 10 0.02355046 
943 262 9 11 0.023549644 
1015 255 9 12 0.023532582 
1014 269 8 12 0.023528157 
102 182 10 11 0.02352256 
423 251 10 12 0.0235159 
593 183 9 11 0.023507133 
324 540 13 15 0.023506442 
273 212 10 11 0.023500009 
565 628 9 12 0.023498695 
271 166 7 9 0.023486977 
200 200 7 10 0.023479236 
448 72 6 9 0.023474997 
550 572 9 12 0.02347024 
542 618 11 15 0.023469914 
976 379 11 15 0.02345702 
464 462 11 14 0.023452472 
670 247 8 10 0.023444593 
256 96 7 9 0.023440696 
285 285 9 11 0.023439648 
489 63 8 10 0.023414666 
543 237 9 11 0.023399908 
495 103 7 9 0.023387372 
497 165 7 9 0.023380835 
301 312 18 22 0.023373477 
5 548 10 14 0.023359483 
472 430 10 13 0.023330214 
155 331 17 21 0.023329442 
976 214 9 11 0.02332565 
346 134 7 10 0.023325475 
144 200 17 23 0.023322286 
261 357 11 14 0.02332178 
238 285 9 11 0.023321364 
656 258 10 13 0.023318471 
973 341 10 13 0.023303207 
815 244 8 11 0.023289397 
26 316 15 19 0.023281328 
542 56 6 9 0.023280708 
105 112 9 11 0.023277739 
973 302 8 11 0.02325271 
838 515 14 19 0.023243431 
529 430 10 12 0.02323503 
524 290 10 13 0.023226963 
479 333 10 13 0.023220913 
393 192 8 9 0.023207186 
407 120 7 9 0.023185518 
750 263 18 23 0.023176027 
870 21 9 11 0.023171835 
290 79 7 9 0.023161652 
479 56 8 10 0.023146406 
231 87 8 10 0.023145502 
246 350 10 12 0.023130365 
278 87 8 9 0.02312822 
854 15 9 10 0.023115214 
180 286 17 23 0.023086151 
694 110 8 10 0.023077479 
938 431 14 19 0.023076983 
448 64 7 9 0.023076897 
504 416 10 14 0.023063926 
208 87 8 9 0.023049084 
695 64 8 10 0.023038382 
1000 164 9 12 0.023031179 
900 457 13 17 0.02303014 
652 426 13 17 0.023016687 
736 275 10 13 0.02301299 
290 150 8 10 0.022994976 
768 127 10 12 0.022989046 
127 77 8 10 0.022984393 
511 95 7 9 0.022980342 
881 150 8 10 0.022968711 
216 332 9 12 0.022958718 
813 254 10 12 0.022955468 
218 159 7 9 0.022944605 
910 103 9 11 0.022918334 
535 168 6 8 0.022912903 
912 306 11 15 0.022909984 
196 356 10 13 0.022885192 
246 158 7 9 0.02287662 
560 395 10 13 0.022870995 
757 364 10 13 0.02286184 
58 287 19 23 0.022855002 
942 39 8 10 0.022851657 
654 73 7 9 0.022850439 
772 129 18 23 0.022844015 
230 92 8 11 0.022843223 
666 358 11 14 0.022842068 
175 462 8 11 0.02282697 
57 287 11 15 0.02282027 
951 135 8 11 0.022814944 
391 274 17 22 0.022807429 
423 391 11 13 0.022801425 
622 192 8 10 0.022797963 
825 86 8 10 0.022790484 
747 348 12 14 0.02277965 
904 282 10 13 0.022775173 
246 56 7 10 0.022768103 
456 292 10 13 0.022729237 
689 335 11 14 0.022721378 
110 220 11 14 0.02272069 
135 469 12 15 0.022711871 
617 23 8 10 0.022707067 
399 94 7 10 0.02270693 
742 373 10 14 0.022706447 
706 86 8 11 0.022706442 
190 315 11 13 0.022705682 
577 180 8 10 0.022704517 
951 77 7 10 0.022685913 
944 290 10 11 0.022676336 
992 239 10 12 0.022665825 
485 347 17 22 0.02265237 
16 300 11 13 0.022623125 
887 47 7 8 0.022600718 
630 332 11 14 0.022585979 
247 357 9 12 0.022585874 
234 505 13 16 0.02258477 
448 235 10 13 0.022562027 
758 286 10 12 0.022555722 
290 303 8 11 0.022548 
865 167 8 11 0.02254408 
173 389 8 12 0.022535875 
871 134 9 12 0.022534467 
337 101 7 9 0.022514183 
892 363 15 17 0.022506038 
288 117 7 10 0.022505738 
0 239 10 14 0.022497248 
37 187 9 11 0.022491617 
93 528 14 19 0.02248589 
679 273 17 22 0.022484193 
208 110 8 10 0.02246255 
607 38 7 9 0.022461096 
81 231 9 12 0.022458257 
786 289 19 23 0.022455534 
822 390 11 14 0.022450801 
991 428 11 15 0.022443715 
728 237 9 12 0.022439307 
1000 334 11 14 0.022438684 
432 44 8 11 0.022424709 
808 254 9 12 0.022419807 
454 208 8 11 0.022390844 
496 335 10 13 0.022385485 
589 208 18 24 0.022370147 
773 287 10 12 0.022362221 
207 272 9 10 0.022347318 
593 40 8 10 0.022336405 
663 187 10 13 0.02232934 
24 199 10 12 0.02232124 
1013 355 11 15 0.022314463 
327 527 11 12 0.022314223 
879 192 8 10 0.022310402 
669 238 8 11 0.022291204 
887 205 8 11 0.022283757 
151 65 8 10 0.022270523 
196 396 13 16 0.022262316 
479 364 10 11 0.02223789 
471 38 7 10 0.02223139 
513 463 14 16 0.022212308 
392 446 14 17 0.02219269 
550 246 10 12 0.022191932 
539 461 12 14 0.022186877 
521 102 8 10 0.022182656 
759 353 12 16 0.022179076 
434 167 7 9 0.0221728 
857 72 8 10 0.022154314 
551 100 7 10 0.022145761 
877 367 13 17 0.022130227 
108 357 10 14 0.022123137 
887 175 9 11 0.022119822 
206 373 10 13 0.022118494 
477 444 12 13 0.022102129 
352 538 10 13 0.022101577 
374 510 12 16 0.02209196 
191 415 10 13 0.022076821 
302 239 8 9 0.022076065 
422 264 11 12 0.022072129 
631 377 18 23 0.022069322 
533 230 8 10 0.022069126 
422 41 7 9 0.02206637 
366 198 8 10 0.022065291 
481 173 8 9 0.02206129 
793 238 9 12 0.022056585 
287 135 7 9 0.022050034 
904 71 7 10 0.022048822 
492 473 11 14 0.022042448 
600 235 11 13 0.022028364 
624 174 8 11 0.022011705 
416 142 8 10 0.021986866 
0 180 9 14 0.021961741 
384 141 8 11 0.021960706 
46 215 7 9 0.021935377 
605 275 10 13 0.02193363 
497 175 7 10 0.021922678 
447 117 8 10 0.021891158 
469 515 13 16 0.02187011 
757 200 8 10 0.021856533 
479 120 7 9 0.021856103 
0 406 7 12 0.021852855 
527 109 9 11 0.021848487 
124 189 9 12 0.021828994 
257 438 12 17 0.021819446 
776 23 9 11 0.021798635 
38 317 13 16 0.021787358 
375 217 7 10 0.021783905 
464 16 7 9 0.021773167 
133 421 10 14 0.021771168 
981 44 8 10 0.021739854 
338 228 8 10 0.021714967 
146 84 9 11 0.021685105 
823 244 9 12 0.021684002 
406 541 12 16 0.021678962 
349 287 10 12 0.021676315 
498 341 11 14 0.021670269 
608 265 8 10 0.021660052 
864 214 20 24 0.0216543 
567 39 8 9 0.021650787 
872 94 9 11 0.02164903 
28 341 12 15 0.021647738 
959 198 9 11 0.021638613 
607 224 8 11 0.021636268 
1015 285 9 13 0.021627678 
585 85 7 9 0.021627298 
227 374 10 13 0.021623218 
989 407 18 24 0.021618241 
263 216 7 9 0.021616723 
31 213 10 12 0.021611843 
380 232 18 23 0.02161131 
502 256 17 22 0.021603538 
769 534 15 19 0.02159729 
958 116 9 11 0.021589048 
632 206 8 10 0.021580948 
445 437 10 13 0.02157833 
438 193 17 23 0.021557948 
883 489 15 19 0.021547068 
565 151 8 11 0.02153781 
464 53 7 11 0.021529436 
769 264 17 22 0.02152921 
313 118 7 10 0.021523485 
224 451 12 14 0.021507815 
298 411 9 14 0.021502443 
542 38 8 9 0.02150138 
809 61 8 11 0.021453487 
952 476 12 16 0.02144679 
711 206 8 10 0.021443648 
246 60 8 11 0.021443365 
735 147 11 14 0.02143181 
919 48 8 9 0.021419663 
407 294 10 12 0.021412985 
534 101 8 10 0.021392547 
1005 151 9 10 0.02139047 
298 540 16 18 0.02138942 
994 300 10 12 0.021368671 
27 300 12 14 0.021365823 
761 24 9 12 0.021337729 
423 54 7 9 0.021317286 
996 610 14 19 0.021316545 
786 110 9 13 0.021316143 
966 54 7 10 0.021313297 
943 159 8 11 0.0213074 
519 110 8 10 0.02129551 
966 167 8 11 0.021292608 
102 46 8 10 0.021291416 
318 341 9 12 0.021278761 
540 519 11 15 0.02127192 
148 382 11 13 0.021246135 
521 301 9 12 0.021239294 
705 225 17 23 0.021217823 
999 133 8 11 0.021210443 
272 387 10 13 0.021188086 
572 484 12 16 0.02118557 
740 311 16 22 0.021183666 
388 232 9 11 0.021175964 
413 199 8 9 0.021175204 
246 249 9 10 0.021171443 
945 165 9 12 0.021162191 
543 118 8 10 0.0211451 
845 160 7 9 0.021142885 
894 72 7 9 0.021138735 
471 274 11 14 0.02112536 
694 96 7 9 0.021124441 
738 338 17 22 0.02111619 
304 502 13 17 0.02111535 
142 268 17 22 0.021101726 
504 30 8 10 0.021089152 
57 131 10 12 0.02107966 
236 279 9 11 0.021044558 
110 230 9 12 0.021038298 
806 262 8 10 0.02103717 
621 29 8 10 0.02103527 
400 261 10 12 0.021034293 
846 172 8 11 0.021031681 
829 277 9 11 0.021020727 
615 158 8 9 0.021019354 
321 168 8 10 0.021005036 
885 199 8 10 0.021000346 
462 167 8 10 0.020995092 
568 216 8 10 0.020978961 
377 329 16 20 0.020972762 
278 238 7 9 0.02096318 
296 101 8 10 0.020961862 
839 127 8 11 0.020955238 
486 253 10 12 0.020935124 
658 350 12 14 0.02093474 
111 56 9 11 0.020923907 
784 127 9 10 0.020921988 
568 274 10 13 0.020914141 
529 118 8 9 0.020885864 
200 190 7 10 0.020881964 
94 203 10 13 0.020873826 
383 173 8 10 0.020870117 
374 310 10 12 0.020869177 
832 196 9 12 0.02086753 
647 341 12 15 0.02086671 
648 95 9 11 0.020860912 
271 159 8 10 0.020859087 
448 282 10 13 0.020845475 
434 283 17 22 0.020833874 
598 96 7 10 0.020828156 
414 127 7 10 0.020822478 
300 376 11 13 0.0208161 
982 95 8 10 0.02079138 
776 103 8 11 0.020786965 
317 191 9 11 0.020785829 
189 381 10 12 0.020780224 
578 244 16 21 0.020769926 
541 489 13 15 0.020761134 
225 344 18 21 0.020760294 
494 110 8 10 0.020753043 
847 22 7 10 0.020749506 
543 262 9 13 0.020736892 
953 41 7 9 0.020729609 
32 104 9 12 0.020727336 
534 502 13 17 0.020723369 
864 104 8 10 0.020711575 
103 350 11 14 0.020708587 
576 22 7 10 0.020707572 
790 37 8 10 0.020704469 
85 252 10 13 0.020701341 
153 15 8 9 0.020699348 
110 347 11 14 0.020698959 
923 231 19 24 0.020697018 
357 126 8 11 0.020696934 
855 344 11 14 0.020692464 
896 37 8 10 0.020690663 
384 134 8 11 0.020687887 
800 322 19 23 0.020686174 
657 179 9 12 0.0206818 
878 55 8 10 0.020678379 
775 30 8 9 0.02067312 
294 88 7 9 0.020672178 
973 224 18 23 0.020669488 
382 152 8 10 0.020666385 
679 166 9 11 0.020661458 
845 301 9 13 0.02065741 
78 255 9 11 0.020654745 
696 68 8 10 0.020654013 
616 191 9 11 0.0206505 
654 206 8 9 0.020650046 
81 448 11 15 0.020643337 
801 140 9 12 0.020634975 
592 71 7 10 0.020631691 
982 39 8 11 0.020603571 
145 165 8 10 0.020602252 
378 94 7 10 0.020593112 
167 108 8 10 0.02055564 
949 339 12 14 0.020532371 
964 241 19 23 0.020531533 
816 71 8 10 0.020528354 
456 404 10 12 0.020522868 
71 79 8 11 0.020512003 
330 415 18 21 0.020500908 
389 254 10 11 0.020498622 
192 158 8 10 0.020482814 
414 223 9 12 0.020478614 
117 331 17 23 0.02046931 
432 332 11 13 0.020437703 
863 188 10 12 0.020435436 
781 13 9 11 0.020434424 
667 267 18 23 0.020433193 
505 127 7 9 0.02042694 
679 226 11 12 0.02040401 
999 385 12 16 0.020403825 
71 207 8 10 0.020402372 
958 65 18 24 0.020387487 
199 142 7 9 0.020379331 
732 429 12 14 0.02037689 
393 64 6 8 0.020358186 
525 593 8 11 0.020354418 
207 199 7 10 0.020353455 
588 166 20 25 0.020332301 
845 182 9 10 0.020326046 
894 5 9 10 0.02032309 
462 183 8 10 0.020316826 
838 288 9 10 0.020314088 
168 199 7 9 0.02029923 
211 453 13 15 0.020285837 
137 406 8 11 0.020276438 
136 148 9 11 0.020266635 
547 222 19 24 0.020265706 
535 23 7 10 0.020261686 
497 14 8 9 0.020258173 
1 258 19 27 0.020254416 
520 236 10 11 0.020254087 
639 55 8 10 0.020216582 
465 196 8 12 0.020214211 
809 594 12 15 0.02021238 
593 48 7 8 0.020196492 
172 229 9 12 0.020194577 
392 55 8 9 0.020182956 
814 273 8 9 0.020182744 
161 142 8 12 0.020172898 
280 181 6 8 0.020170437 
575 102 8 10 0.020170268 
567 348 10 13 0.020150786 
485 261 11 13 0.020148398 
223 524 11 15 0.020145487 
152 5 10 11 0.020142019 
151 140 10 12 0.020141013 
70 130 11 13 0.02013931 
566 340 10 13 0.020135984 
245 119 8 10 0.020128665 
967 341 10 14 0.020120485 
543 23 9 10 0.020118464 
519 182 8 11 0.020116048 
496 312 17 21 0.020111276 
529 342 10 12 0.020104975 
1008 80 8 11 0.020083375 
400 77 8 9 0.020074716 
655 216 17 23 0.020069702 
182 45 9 11 0.020065663 
915 387 21 25 0.02006274 
447 136 8 9 0.020061098 
494 396 10 13 0.020046696 
624 158 7 10 0.02002665 
