2_Demonstration_Demonstrators_2_517
168
802 109 35 43 0.99892235 
463 359 66 78 0.99890435 
704 129 51 62 0.9986964 
884 98 34 37 0.9979298 
137 289 79 93 0.99750865 
778 293 77 96 0.9973099 
656 147 28 41 0.9963607 
168 126 43 53 0.9954645 
504 111 40 49 0.9945456 
109 92 30 35 0.99420434 
988 86 24 27 0.993765 
788 89 26 30 0.97819257 
258 122 42 60 0.9774279 
426 74 17 22 0.9648659 
919 104 24 28 0.8842661 
216 105 25 31 0.82277584 
612 67 17 20 0.7464633 
698 77 13 17 0.6578284 
485 97 15 20 0.6098847 
471 113 27 35 0.5625087 
767 65 15 18 0.50552404 
625 0 28 30 0.49841836 
636 59 12 16 0.3863517 
240 86 17 21 0.350888 
588 118 22 29 0.33286446 
897 306 32 41 0.31536824 
618 359 36 40 0.24176016 
569 90 16 21 0.19222403 
529 69 8 10 0.17166185 
551 66 9 12 0.1664575 
859 86 13 19 0.1651193 
546 123 16 21 0.1595673 
671 46 9 12 0.14574757 
559 70 9 11 0.1255371 
515 84 12 15 0.11452508 
147 97 12 16 0.11332361 
220 101 15 18 0.11014746 
1012 90 13 21 0.10005958 
477 106 18 20 0.08540944 
283 108 15 20 0.08259688 
700 72 11 14 0.07670461 
687 146 14 19 0.07642451 
181 77 9 12 0.07582055 
221 98 10 12 0.07457693 
533 69 8 10 0.0720654 
680 54 9 11 0.07160604 
545 68 9 11 0.06549531 
445 63 8 11 0.0637764 
630 52 16 21 0.062454067 
719 78 8 11 0.059325352 
711 61 8 10 0.058529712 
456 35 11 15 0.05677584 
720 57 8 10 0.05605537 
509 69 8 11 0.05574001 
655 62 10 13 0.054303966 
719 85 10 12 0.05413823 
262 117 29 34 0.053695362 
541 77 11 13 0.05289339 
710 79 10 12 0.05154891 
781 91 17 21 0.05138115 
303 43 14 18 0.050634205 
513 79 10 13 0.050584268 
537 48 9 11 0.050474174 
719 92 15 17 0.049625736 
619 62 16 22 0.049553324 
196 67 11 13 0.048876423 
628 64 13 17 0.04794426 
455 44 10 13 0.047718298 
744 77 10 15 0.047590595 
557 64 9 12 0.047490455 
729 46 9 12 0.047149256 
462 54 9 10 0.047037203 
875 92 13 19 0.04612099 
181 84 10 15 0.04584234 
921 119 24 32 0.045222018 
568 95 24 34 0.045032058 
482 108 26 37 0.044006094 
400 4 11 13 0.04345415 
495 30 10 13 0.042614933 
679 139 28 36 0.04236185 
550 29 8 11 0.041984983 
690 35 9 12 0.041430373 
578 106 27 36 0.0412934 
644 61 10 14 0.04021473 
175 75 11 15 0.039603222 
602 54 41 50 0.03894811 
273 107 26 33 0.03852111 
245 80 13 16 0.038407326 
537 78 9 11 0.038026683 
560 75 9 12 0.03772697 
677 48 10 12 0.036618415 
606 61 16 21 0.03637146 
519 62 8 11 0.036233775 
889 85 28 34 0.03473889 
444 68 12 14 0.03351279 
175 82 12 17 0.03349406 
748 84 13 17 0.033141013 
720 72 8 11 0.033105694 
894 30 10 13 0.032597896 
11 493 59 72 0.032443266 
141 92 21 26 0.0321476 
421 368 29 39 0.031973034 
866 89 19 27 0.030933542 
487 45 8 10 0.03079019 
662 61 9 12 0.030432811 
565 71 9 11 0.030406414 
670 60 9 13 0.030320788 
926 133 16 21 0.03018501 
496 15 9 11 0.029866254 
634 12 16 19 0.029705023 
735 56 8 10 0.029654179 
724 78 9 12 0.02900509 
676 109 18 22 0.028901666 
271 102 42 61 0.028886326 
646 53 10 14 0.028884428 
688 84 10 14 0.028783495 
455 75 11 14 0.028531328 
639 6 17 21 0.028501237 
646 65 11 15 0.028333616 
226 100 25 31 0.02826959 
641 0 14 13 0.028209344 
445 83 12 15 0.028206108 
366 0 9 10 0.028198857 
81 58 29 34 0.027773585 
526 75 10 12 0.027362704 
486 36 11 14 0.027290713 
468 108 15 17 0.027216343 
251 88 13 19 0.026928565 
653 54 10 14 0.026789118 
719 61 8 9 0.026273996 
749 89 15 20 0.025966557 
456 51 9 11 0.025937637 
598 68 11 15 0.025792902 
469 115 18 23 0.025665173 
182 72 9 13 0.025586866 
518 39 7 10 0.025017355 
690 5 9 11 0.024940649 
449 44 11 14 0.024930064 
456 92 10 14 0.024745183 
873 89 23 32 0.02457951 
695 85 14 18 0.024541728 
736 61 10 12 0.024415465 
519 56 8 10 0.02438025 
559 92 11 14 0.024111489 
967 114 25 31 0.024053251 
551 86 10 13 0.023918958 
412 21 12 16 0.02391415 
648 329 15 18 0.02390699 
539 51 10 13 0.023457425 
449 5 9 12 0.023296187 
493 96 23 29 0.023147296 
512 90 13 17 0.02295874 
723 86 11 13 0.022651339 
677 113 28 36 0.022507314 
-3 464 55 86 0.022453338 
460 45 10 13 0.022371735 
904 34 11 13 0.022309896 
926 47 10 12 0.022296838 
85 62 17 20 0.02220538 
211 313 27 43 0.021509932 
261 89 13 18 0.021472972 
737 76 11 16 0.021371346 
741 339 35 51 0.021164173 
257 41 15 18 0.020605087 
584 58 46 55 0.02058024 
468 91 12 13 0.02042075 
462 87 10 12 0.020185135 
476 5 10 11 0.020114483 
