2_Demonstration_Political_Rally_2_264
951
649 465 16 20 0.9173559 
902 402 15 19 0.87061816 
388 548 19 23 0.8213399 
1005 398 11 14 0.7883196 
581 462 14 18 0.7282133 
958 382 12 16 0.7067723 
612 470 14 17 0.65985453 
55 346 11 13 0.6336557 
335 417 15 19 0.5687919 
964 450 16 19 0.55558443 
601 514 15 18 0.52668005 
988 523 13 17 0.51085997 
93 356 12 14 0.48883608 
684 458 21 27 0.47824964 
280 347 11 12 0.47385463 
730 435 14 17 0.46324784 
446 349 10 13 0.45018753 
453 428 10 13 0.43326464 
790 366 12 15 0.41371775 
599 366 11 13 0.4122516 
382 261 13 18 0.39172557 
337 453 15 19 0.38005087 
395 426 13 16 0.3394706 
109 506 12 17 0.3262305 
679 591 17 21 0.32585412 
531 506 17 20 0.3252061 
28 458 15 18 0.31682774 
419 398 12 16 0.31464887 
155 364 13 15 0.30310917 
557 324 10 15 0.3029946 
440 500 16 21 0.30201742 
534 498 16 20 0.2985998 
805 348 11 14 0.29695642 
512 489 16 18 0.2905963 
3 283 16 19 0.27800614 
862 410 15 18 0.2649055 
192 366 10 13 0.2637654 
475 483 15 21 0.25691715 
544 334 10 11 0.24984773 
312 511 17 18 0.24154577 
1009 179 12 18 0.2377184 
455 457 13 16 0.23187919 
739 416 14 17 0.23154847 
221 544 20 27 0.22673672 
668 405 14 18 0.22284234 
796 407 14 17 0.21963973 
43 372 13 16 0.21929798 
369 428 12 15 0.21459115 
361 526 11 14 0.20274423 
810 423 16 23 0.19098629 
340 361 12 15 0.1839447 
418 390 9 13 0.18126437 
140 480 16 20 0.18009365 
737 607 17 19 0.1770352 
871 357 11 13 0.17242679 
98 413 14 18 0.17187425 
528 513 15 18 0.17062439 
1009 402 14 19 0.16884674 
620 364 10 12 0.16717596 
544 302 10 13 0.16473097 
496 328 9 11 0.15832435 
489 407 10 13 0.15785392 
327 535 13 19 0.15704858 
126 325 9 10 0.15668981 
708 503 16 20 0.1547785 
276 320 16 19 0.1504877 
620 562 20 26 0.14774165 
956 417 13 16 0.14745489 
646 304 8 11 0.1453549 
785 326 9 11 0.14324667 
513 411 12 14 0.14274679 
622 300 10 13 0.14200957 
142 451 14 18 0.14080635 
69 467 15 20 0.13961026 
111 348 10 13 0.13917664 
726 439 13 17 0.13286866 
840 419 12 16 0.12998708 
752 358 11 13 0.1289811 
416 341 11 13 0.12864873 
24 300 10 12 0.12553571 
616 420 11 14 0.12452702 
235 545 16 22 0.122692555 
463 414 10 13 0.1199536 
153 359 11 13 0.11724466 
582 295 10 13 0.11677744 
417 334 10 13 0.113946885 
162 549 16 23 0.110255554 
32 323 10 13 0.109740615 
43 365 12 13 0.10967408 
566 408 12 16 0.1093181 
177 512 22 30 0.10929101 
605 421 11 13 0.10909222 
101 499 16 22 0.10883326 
610 262 9 12 0.10827767 
809 363 11 14 0.10749618 
965 421 12 14 0.10730576 
587 597 17 21 0.10482139 
898 313 8 10 0.10372456 
645 358 9 12 0.103271365 
596 490 13 17 0.10267648 
141 419 13 17 0.10040343 
956 576 37 50 0.10015092 
311 484 11 15 0.09977379 
278 451 12 17 0.09932575 
928 371 13 16 0.09913289 
501 512 14 18 0.098423086 
245 279 15 20 0.09756546 
913 315 10 12 0.096891314 
468 380 10 13 0.09636454 
0 365 10 14 0.09511458 
283 410 14 18 0.09501871 
446 435 11 15 0.09452389 
640 352 8 11 0.09387096 
148 418 16 19 0.09334232 
814 403 12 16 0.09290071 
381 279 12 16 0.092375346 
942 350 9 12 0.09195557 
468 348 10 13 0.089467406 
397 382 10 12 0.08918349 
669 364 11 13 0.08647049 
811 536 15 17 0.085685775 
58 293 8 11 0.085391864 
246 299 15 18 0.08503691 
236 576 17 22 0.08497643 
720 341 9 12 0.08491097 
511 448 15 19 0.08427108 
764 500 13 18 0.08290115 
918 388 12 16 0.08286922 
481 359 9 11 0.082796864 
214 366 10 12 0.08243611 
754 439 17 22 0.08184331 
647 365 10 13 0.08159457 
806 356 12 14 0.08159033 
604 415 10 12 0.08018293 
165 350 10 12 0.08005206 
308 324 12 16 0.07973498 
929 359 9 11 0.07906 
803 410 13 18 0.07751555 
393 434 16 19 0.07745061 
641 356 9 12 0.077229746 
588 490 15 19 0.07719301 
363 404 11 13 0.07628243 
411 498 13 16 0.07618607 
786 457 13 16 0.076017916 
464 374 10 12 0.07589764 
62 471 15 20 0.07461624 
272 460 10 15 0.07420293 
101 347 12 15 0.073765665 
109 382 9 14 0.07358342 
85 473 15 21 0.073412836 
496 363 11 14 0.07252412 
548 331 12 16 0.07138918 
720 335 9 12 0.068712085 
928 364 12 14 0.06838754 
39 357 11 14 0.06837382 
109 300 10 13 0.06823262 
822 348 10 11 0.067672476 
721 311 8 10 0.067182705 
641 308 10 12 0.06689987 
117 366 11 14 0.06671518 
606 373 8 10 0.066218816 
309 451 11 16 0.065970816 
911 358 10 14 0.06591921 
35 441 14 20 0.0657925 
633 327 8 11 0.06508078 
350 538 13 15 0.064864956 
504 302 10 12 0.06428103 
198 382 9 12 0.06403272 
935 320 9 11 0.063419335 
335 396 12 14 0.0633896 
696 412 12 13 0.06316102 
720 441 13 17 0.0629475 
477 302 8 10 0.061548658 
845 424 15 20 0.06135903 
303 450 11 14 0.060979113 
624 307 10 13 0.060225435 
620 416 10 12 0.059599366 
477 284 9 11 0.05937045 
763 441 17 23 0.059188753 
526 332 9 12 0.058789443 
196 371 10 12 0.058518857 
527 302 9 12 0.05831718 
910 271 8 10 0.058136977 
598 358 12 16 0.058060672 
621 296 10 11 0.058005046 
217 547 13 20 0.057377912 
865 355 11 14 0.0571428 
801 287 7 9 0.05711451 
814 359 9 12 0.056264997 
1014 352 11 16 0.056238092 
456 302 9 10 0.055671684 
156 510 17 22 0.0553975 
554 319 9 13 0.055252872 
863 343 8 11 0.05510458 
301 523 12 15 0.054978587 
896 318 9 10 0.05495217 
714 320 8 10 0.05487554 
871 426 13 17 0.05480489 
813 342 9 12 0.05469604 
73 460 16 21 0.054650437 
721 422 10 13 0.05442417 
743 342 9 11 0.05441605 
239 386 12 16 0.053844493 
728 303 8 10 0.053566035 
864 349 10 13 0.053459667 
94 198 8 10 0.053269006 
152 335 10 13 0.053120855 
702 342 9 11 0.052312393 
328 417 14 19 0.051672302 
652 156 11 13 0.051670473 
330 310 10 13 0.051530864 
272 452 12 17 0.051408485 
831 364 9 11 0.051356748 
735 342 9 11 0.051320683 
141 444 13 18 0.051290676 
206 307 9 11 0.051000707 
448 423 12 15 0.050748035 
840 309 8 11 0.05069615 
873 303 7 10 0.0505356 
34 390 13 15 0.050265044 
520 222 9 12 0.05026424 
355 535 15 17 0.04977417 
532 284 9 11 0.04936977 
878 311 8 11 0.049130276 
74 472 16 20 0.048966937 
504 297 8 10 0.048764803 
695 407 10 13 0.048314646 
65 214 9 10 0.048170388 
940 378 11 16 0.048061993 
725 395 13 18 0.048051085 
814 335 8 10 0.048018623 
813 348 9 11 0.047951464 
919 325 9 10 0.047902595 
823 286 7 9 0.04777768 
469 343 10 11 0.0476436 
17 238 8 10 0.047626734 
743 374 10 14 0.04755635 
669 400 12 15 0.04753715 
917 358 9 12 0.047206886 
831 319 7 9 0.047138795 
877 423 12 16 0.04704067 
791 361 10 12 0.0469632 
528 307 9 12 0.046950262 
664 309 8 10 0.04690736 
775 309 9 10 0.046901792 
164 355 10 14 0.04689508 
932 356 10 13 0.046838667 
89 351 10 13 0.04668545 
571 405 12 14 0.04667366 
183 397 10 12 0.046538156 
533 342 9 11 0.046506852 
271 604 13 16 0.046473593 
767 334 9 11 0.04633448 
641 288 8 11 0.045902796 
678 356 11 14 0.045899782 
155 412 14 18 0.045739733 
655 404 11 14 0.045662504 
908 425 16 20 0.045505494 
38 350 10 13 0.045260727 
715 451 38 48 0.04524399 
703 335 8 10 0.045208044 
657 295 8 10 0.045031294 
502 328 9 11 0.044986114 
714 325 9 12 0.044959765 
964 413 13 15 0.04494703 
876 358 9 12 0.044902693 
895 324 9 11 0.04473854 
718 318 9 11 0.044689544 
862 375 10 12 0.044678755 
1003 425 14 17 0.044646624 
936 350 9 12 0.04461294 
543 296 11 13 0.04442659 
576 299 11 14 0.044302527 
644 578 12 16 0.04429612 
141 438 12 15 0.04412685 
485 364 9 13 0.04412169 
923 389 14 19 0.043933712 
481 335 8 12 0.04391885 
459 447 13 16 0.04371912 
757 363 10 13 0.043716203 
761 375 9 12 0.043675363 
100 407 12 16 0.043619268 
932 375 15 19 0.043556694 
917 382 11 15 0.043533124 
35 428 13 17 0.043495536 
711 302 8 11 0.043399915 
766 324 9 11 0.043349177 
222 367 9 12 0.043330047 
39 378 12 14 0.04331252 
695 374 8 11 0.043209072 
624 247 8 10 0.0430311 
839 327 9 11 0.042905573 
761 381 10 12 0.04271432 
944 355 10 12 0.042479362 
796 415 16 21 0.042283695 
380 269 21 27 0.04220487 
236 514 15 19 0.04197934 
283 570 13 17 0.04181643 
103 294 10 13 0.04163616 
69 215 7 9 0.04160554 
832 311 8 10 0.041541107 
94 503 16 21 0.041455887 
761 324 9 11 0.04141812 
697 303 8 10 0.041410793 
886 302 8 10 0.041114654 
423 364 11 14 0.04105238 
855 319 8 9 0.04095886 
824 319 8 11 0.040713977 
855 326 9 10 0.04060815 
914 400 15 21 0.040561307 
488 272 8 10 0.040524606 
728 379 10 13 0.04049802 
697 318 8 10 0.040489394 
137 466 23 32 0.040436827 
685 379 12 15 0.040350556 
142 396 11 13 0.040330388 
697 341 9 12 0.040166553 
911 387 12 16 0.040061798 
251 290 13 18 0.039900437 
674 408 13 17 0.039790925 
862 380 11 13 0.039776005 
728 325 9 10 0.03972522 
843 414 11 15 0.039723914 
980 477 39 52 0.03958618 
798 476 13 16 0.03956692 
991 370 10 14 0.03951883 
617 294 10 12 0.039463412 
160 510 23 30 0.039331242 
583 366 10 15 0.03930031 
161 191 9 10 0.039264444 
823 324 8 11 0.03898543 
608 267 10 11 0.038958196 
293 323 11 16 0.038947612 
141 340 11 14 0.03890897 
591 336 10 12 0.038861353 
452 344 9 11 0.038835216 
544 374 11 13 0.038834035 
167 326 9 11 0.03882604 
465 344 9 11 0.038572114 
113 354 11 14 0.038503405 
7 232 8 11 0.038464915 
766 319 9 11 0.038344175 
820 403 14 18 0.038242448 
959 217 14 20 0.03783129 
823 359 9 11 0.03775857 
631 364 8 11 0.03756793 
65 208 8 9 0.03750395 
164 365 10 13 0.037444256 
816 328 8 10 0.0374154 
743 328 8 10 0.037412822 
687 317 8 10 0.037254572 
216 371 10 12 0.037241653 
277 413 16 21 0.037167095 
148 444 12 16 0.037120283 
976 317 9 12 0.037106723 
919 335 9 11 0.037044276 
121 326 9 11 0.036861543 
512 332 8 11 0.03665628 
553 239 8 9 0.036576886 
678 334 9 10 0.036546387 
785 371 11 14 0.03650101 
760 335 10 11 0.03637842 
789 416 15 19 0.036303543 
520 332 9 12 0.03627015 
734 301 8 10 0.0362494 
565 298 10 13 0.03621086 
310 518 13 17 0.036207672 
207 208 9 11 0.036193218 
766 373 10 13 0.03618527 
328 460 13 17 0.036175888 
322 512 13 17 0.036172096 
439 269 10 13 0.036168937 
364 519 11 13 0.036121055 
621 371 9 12 0.03603912 
961 474 37 49 0.035974752 
421 329 9 11 0.0359355 
863 388 11 15 0.0359035 
247 271 10 14 0.035776287 
727 319 9 10 0.035761785 
617 286 8 11 0.035727438 
520 485 20 26 0.03568561 
666 349 9 12 0.03565077 
391 389 10 12 0.035633575 
768 302 8 11 0.03562834 
732 349 11 13 0.035596337 
516 417 12 15 0.035548646 
840 304 9 10 0.035457227 
328 396 10 13 0.03543481 
734 319 8 10 0.035396628 
697 311 8 10 0.035380386 
752 351 9 12 0.03531385 
173 518 16 22 0.035300795 
792 340 10 12 0.035155784 
7 237 9 11 0.03508223 
855 381 10 12 0.035044394 
592 365 11 14 0.034930795 
725 311 9 10 0.03469029 
172 529 14 20 0.034681316 
840 350 9 10 0.03466475 
461 296 8 11 0.034611396 
40 190 7 9 0.03460831 
712 332 9 11 0.034568205 
173 326 9 11 0.034568008 
79 398 10 13 0.034490276 
608 381 10 13 0.034410696 
744 365 10 14 0.034329567 
542 210 11 14 0.034262992 
743 335 9 10 0.034148894 
665 280 9 10 0.0341404 
494 310 10 12 0.03412379 
775 303 9 11 0.034114815 
903 326 9 11 0.034040526 
880 237 11 13 0.033948 
904 335 9 11 0.033900265 
374 274 16 22 0.033816714 
960 445 14 18 0.033769704 
773 342 10 12 0.033646636 
714 482 27 33 0.033585995 
735 296 8 11 0.033574354 
533 364 11 15 0.03355177 
790 334 10 12 0.03354742 
980 390 12 15 0.033409912 
529 342 9 11 0.033376805 
124 387 11 14 0.03329558 
160 351 11 13 0.033262067 
639 374 11 14 0.03322428 
906 271 7 9 0.03320846 
441 356 10 12 0.033193275 
1011 436 13 19 0.033150528 
509 428 11 13 0.033109143 
839 319 8 9 0.033100624 
862 365 10 12 0.033095803 
862 395 14 17 0.033079457 
629 307 9 12 0.033047613 
329 455 20 26 0.033029594 
644 503 14 18 0.03301979 
769 444 20 27 0.032942627 
631 357 9 12 0.032929186 
440 436 12 16 0.03291203 
623 278 8 10 0.032885358 
416 385 10 12 0.032849696 
926 377 13 18 0.032846197 
798 420 22 29 0.032793134 
816 303 7 10 0.032732666 
874 310 8 10 0.03270096 
61 482 15 20 0.032630228 
473 280 9 11 0.032572355 
222 372 9 13 0.032534555 
378 252 22 29 0.032496694 
468 365 10 12 0.032476403 
672 343 9 11 0.032470062 
641 466 13 19 0.03240713 
863 294 8 10 0.032397524 
737 434 14 18 0.032350585 
867 417 14 18 0.032315437 
759 342 11 12 0.032286435 
542 318 10 13 0.032268766 
597 349 11 13 0.032263003 
648 254 8 10 0.03224982 
491 575 13 16 0.032233108 
856 366 8 11 0.032139946 
550 308 9 12 0.03212021 
852 419 14 18 0.032112516 
701 310 8 10 0.03205535 
802 308 8 11 0.031939756 
689 263 8 9 0.031922612 
710 349 10 12 0.031916734 
27 314 19 24 0.031911522 
520 318 8 11 0.031911194 
25 317 11 15 0.031899754 
766 491 21 29 0.0318925 
758 349 11 15 0.031861853 
488 311 9 13 0.031845648 
4 310 11 15 0.03183983 
340 406 11 14 0.031725027 
703 383 10 14 0.03165866 
1000 420 13 17 0.03152409 
415 436 10 13 0.031518415 
420 346 10 13 0.031508952 
167 343 9 13 0.03148214 
466 388 9 12 0.0314353 
511 419 12 14 0.03141791 
734 326 8 10 0.031407386 
77 444 13 17 0.03140247 
950 414 15 18 0.031345524 
400 301 9 12 0.03129561 
5 297 12 15 0.031218994 
109 395 10 14 0.031208847 
704 357 9 12 0.031047132 
445 441 11 16 0.031006603 
948 366 12 15 0.030991739 
373 321 15 18 0.030968105 
993 292 10 13 0.030946337 
916 310 10 13 0.030939898 
279 406 14 18 0.030933915 
679 348 11 14 0.030751308 
873 318 7 9 0.030735975 
702 304 8 10 0.030727582 
729 355 10 13 0.030694949 
791 320 9 11 0.030672554 
645 287 8 10 0.030622726 
90 197 8 10 0.030617991 
101 286 9 11 0.030617446 
529 280 9 12 0.030551316 
748 396 12 16 0.030541573 
327 391 10 12 0.030462315 
527 327 9 13 0.030431403 
561 295 9 12 0.03042621 
605 407 10 13 0.030405276 
167 531 24 34 0.030364418 
889 326 8 10 0.030315544 
90 479 14 21 0.030311802 
790 278 8 10 0.03026466 
212 330 10 14 0.030215004 
527 296 10 11 0.030205633 
663 303 8 11 0.030189907 
486 335 8 11 0.030151201 
905 255 8 10 0.0301307 
558 310 10 13 0.030108664 
667 370 12 16 0.03008495 
91 468 16 21 0.030084388 
895 352 10 13 0.030077292 
175 356 9 13 0.030061128 
479 388 10 12 0.029989125 
958 206 13 17 0.029964523 
206 212 10 13 0.029947238 
173 349 10 13 0.02990914 
1005 433 15 19 0.029858094 
350 406 11 14 0.029835334 
943 269 8 10 0.02982707 
78 322 12 15 0.02981716 
27 388 21 26 0.02973561 
630 278 8 10 0.02971901 
966 406 11 13 0.029584926 
778 448 21 26 0.02949652 
725 343 9 11 0.029474694 
805 310 8 10 0.029439455 
144 486 16 19 0.029422287 
726 430 14 17 0.029410107 
752 302 9 10 0.029343357 
646 315 10 12 0.029336289 
222 380 10 13 0.029335726 
839 333 9 12 0.029316105 
640 364 10 13 0.02928732 
568 400 10 13 0.029235367 
591 372 9 13 0.02920978 
587 473 14 17 0.02920624 
493 399 9 13 0.029103022 
89 183 9 10 0.029072545 
464 367 9 11 0.029047301 
617 279 8 11 0.028944246 
326 329 14 17 0.02890941 
349 413 12 15 0.028903298 
51 341 19 24 0.028866494 
656 303 8 10 0.028833447 
165 483 15 19 0.028821029 
332 490 14 18 0.02881948 
779 396 13 16 0.028785232 
213 544 42 49 0.028757753 
718 450 13 16 0.028613385 
895 294 9 11 0.028611258 
743 396 11 15 0.028515048 
703 349 10 12 0.028488534 
698 420 14 17 0.028444631 
97 287 9 11 0.028392099 
527 318 9 11 0.028384753 
774 318 9 11 0.028242344 
85 397 11 14 0.028225068 
877 364 10 12 0.028167179 
613 416 19 24 0.028128091 
312 207 10 12 0.028104052 
501 358 10 14 0.028045021 
487 351 9 11 0.028037297 
191 397 10 13 0.028029349 
950 373 11 14 0.027996462 
743 311 8 10 0.027972404 
94 374 10 12 0.027961481 
817 318 8 10 0.027932458 
976 333 11 14 0.027683986 
582 289 9 11 0.027680887 
358 429 10 14 0.02758679 
811 410 15 20 0.02756925 
404 299 10 13 0.027549477 
703 500 15 19 0.027522178 
918 372 11 14 0.027504662 
486 341 7 10 0.02749985 
998 367 10 12 0.02749298 
695 262 9 10 0.027452135 
356 412 12 15 0.027406164 
104 381 11 14 0.027364427 
321 389 10 13 0.027254738 
512 240 7 8 0.027224202 
772 458 13 17 0.027183907 
938 302 9 10 0.027096044 
664 378 13 17 0.027084094 
295 450 11 13 0.027074853 
303 514 13 18 0.027058655 
197 396 11 14 0.027052417 
681 296 9 9 0.02705191 
702 394 11 14 0.026990142 
748 380 10 13 0.026923962 
520 301 9 12 0.026920907 
292 317 11 14 0.026807811 
678 342 10 12 0.026694776 
993 303 9 12 0.02665622 
106 498 20 26 0.026647741 
598 284 10 12 0.026601367 
328 562 12 15 0.026585858 
488 400 9 12 0.0265858 
120 196 8 10 0.026573552 
224 533 24 30 0.026548274 
410 348 9 12 0.02651401 
720 304 8 10 0.026506644 
633 256 8 9 0.026488718 
630 285 9 12 0.026480814 
94 387 10 14 0.026465809 
980 316 11 13 0.026446322 
494 419 10 13 0.026432578 
331 315 11 14 0.026401313 
440 366 9 11 0.026392436 
918 351 10 12 0.026380533 
420 436 10 13 0.026355159 
412 405 15 20 0.026305739 
101 318 12 15 0.026290566 
800 318 8 11 0.02628489 
703 373 9 12 0.026283901 
274 309 17 19 0.026269738 
645 483 14 16 0.026268737 
1000 317 9 11 0.026249498 
1000 391 11 16 0.026216403 
275 338 20 24 0.026209854 
135 396 10 13 0.026199821 
347 459 10 14 0.02619972 
558 238 7 10 0.026147518 
639 255 8 9 0.0261106 
772 334 10 11 0.026014276 
183 421 13 16 0.026007982 
901 317 8 11 0.02600751 
988 507 23 32 0.025936026 
456 326 10 14 0.025877364 
904 341 9 10 0.02585243 
918 286 9 11 0.025846623 
430 360 9 10 0.025844922 
773 372 10 13 0.02583159 
670 284 8 11 0.025766632 
879 316 8 10 0.025762103 
623 254 7 10 0.025750257 
633 351 8 11 0.025696635 
31 349 12 15 0.025683882 
808 327 8 10 0.025673786 
615 269 8 10 0.025623426 
880 302 8 11 0.02561187 
711 343 9 12 0.025606468 
271 412 14 19 0.025597032 
149 397 11 13 0.025573734 
481 412 10 14 0.025542207 
110 372 11 14 0.025483023 
656 309 8 11 0.025452536 
845 402 12 16 0.025448361 
355 420 12 14 0.02544314 
614 256 9 11 0.025368806 
150 406 13 16 0.025241556 
886 342 8 10 0.025232958 
121 192 8 10 0.025224375 
408 318 10 12 0.025193384 
54 520 14 17 0.025185753 
560 420 12 16 0.025184678 
879 374 10 12 0.025175435 
1000 485 25 35 0.02516631 
957 207 26 31 0.025166286 
136 444 12 17 0.02514933 
284 446 12 16 0.025147742 
766 341 10 12 0.025127541 
609 256 9 11 0.025117273 
1012 417 12 16 0.025107317 
375 530 12 16 0.025068698 
927 323 8 10 0.025043186 
349 475 10 14 0.025012027 
760 311 8 9 0.025008239 
136 436 11 15 0.024997119 
102 373 10 14 0.024996823 
174 460 12 16 0.024964955 
8 443 11 15 0.024964007 
487 401 17 23 0.02495342 
664 327 7 9 0.024950841 
392 301 10 14 0.02489 
509 317 10 12 0.024883231 
846 396 12 16 0.02486104 
240 524 23 29 0.02484844 
512 244 98 129 0.024812402 
210 553 23 30 0.024793323 
766 366 10 14 0.024724007 
384 234 97 125 0.024688652 
456 367 8 10 0.02466985 
40 240 9 11 0.024648497 
661 295 10 11 0.024601713 
761 319 9 11 0.024576036 
224 335 9 12 0.024550706 
767 427 13 16 0.024550205 
169 545 17 25 0.024516748 
524 429 13 16 0.024503987 
536 246 7 9 0.024503445 
767 295 8 10 0.024473578 
801 303 8 11 0.024404055 
265 463 10 14 0.0243438 
480 328 8 10 0.024338862 
789 425 14 19 0.024302246 
174 365 9 12 0.024287459 
794 369 12 16 0.024280978 
21 239 7 10 0.024253609 
969 252 11 14 0.024244841 
44 418 14 17 0.024233574 
596 361 19 23 0.024221301 
165 520 13 18 0.024219813 
341 340 10 12 0.024176935 
686 303 8 10 0.02416096 
37 332 9 13 0.02414357 
286 426 13 16 0.024128756 
911 352 9 12 0.02412579 
342 537 12 16 0.024058502 
448 457 13 19 0.024036678 
685 355 10 14 0.023961902 
331 544 13 18 0.02396027 
856 295 7 9 0.023949658 
507 306 11 14 0.023902608 
685 295 8 9 0.02387362 
958 415 20 24 0.02386403 
537 207 10 12 0.023853185 
764 354 11 15 0.02383908 
848 296 7 9 0.023829814 
479 351 10 12 0.023819517 
16 183 8 10 0.02381683 
405 436 11 16 0.02379068 
110 207 8 9 0.023768311 
1000 381 9 13 0.023761837 
36 412 13 15 0.023759171 
847 319 8 10 0.023758177 
125 330 12 14 0.023737064 
901 424 14 18 0.023733227 
991 218 12 14 0.02373297 
418 397 21 26 0.023724413 
56 215 7 10 0.023714717 
89 189 9 11 0.023714181 
750 342 8 12 0.023689933 
372 442 12 15 0.023687983 
493 351 10 11 0.023666952 
925 339 10 14 0.0236458 
738 424 15 20 0.023640834 
390 395 10 14 0.023610279 
598 323 9 11 0.023557266 
563 485 12 17 0.023543434 
119 382 12 16 0.023532785 
846 303 8 10 0.02351668 
759 303 8 10 0.023511969 
482 517 14 16 0.02350461 
68 441 16 20 0.023461817 
157 333 10 12 0.0234614 
984 366 10 13 0.023438742 
614 431 14 18 0.02342902 
88 389 10 11 0.023428705 
173 344 10 12 0.023413358 
341 350 11 14 0.023412347 
257 156 8 10 0.023393225 
990 483 11 14 0.0233408 
958 318 8 11 0.023323359 
749 437 15 20 0.023321984 
736 335 8 10 0.02330919 
238 374 11 14 0.02330548 
713 497 23 30 0.023298714 
801 270 8 10 0.02328783 
517 436 13 16 0.023283692 
299 532 12 16 0.02327221 
70 358 11 14 0.023247965 
656 326 8 10 0.023235014 
79 222 8 10 0.023228494 
784 321 9 11 0.023223162 
495 232 8 10 0.023212317 
969 444 15 21 0.023200685 
743 284 9 11 0.023187019 
655 319 8 11 0.023174118 
118 332 11 13 0.023172302 
749 373 10 14 0.023170738 
255 324 10 13 0.023147253 
469 356 11 13 0.023132218 
286 143 10 13 0.023113498 
99 422 15 19 0.02309099 
164 370 11 15 0.023065561 
861 333 9 11 0.023042725 
832 295 7 10 0.023039304 
207 200 8 11 0.023031704 
592 248 9 9 0.023027672 
696 334 9 11 0.023021407 
747 419 12 15 0.023015961 
336 356 18 24 0.023009853 
598 254 8 11 0.023007492 
700 327 10 11 0.02298822 
862 312 7 10 0.022983728 
488 276 9 11 0.02296854 
688 405 9 13 0.022924678 
789 434 14 18 0.022907263 
718 444 25 30 0.022759417 
688 272 9 10 0.02273822 
135 415 12 16 0.022713004 
84 486 15 20 0.022711532 
632 331 10 14 0.022668224 
391 499 12 14 0.022663362 
37 341 10 13 0.022645975 
215 294 10 12 0.022616133 
190 360 17 23 0.022596056 
493 272 9 11 0.02258411 
710 372 10 12 0.022552058 
340 333 12 14 0.0225505 
911 303 9 10 0.022550296 
806 318 8 10 0.022469753 
366 343 9 11 0.022450328 
494 295 9 11 0.022340367 
776 325 8 11 0.02234018 
799 357 10 11 0.022330152 
784 287 8 10 0.022320125 
241 335 9 11 0.022319896 
672 334 8 10 0.022316746 
871 326 9 11 0.022315722 
725 334 9 11 0.022265619 
319 522 21 29 0.022259615 
1014 324 9 13 0.022251396 
644 353 9 11 0.022211157 
799 342 10 13 0.022183474 
216 380 10 13 0.022149097 
150 534 39 51 0.02213836 
930 277 8 10 0.022134734 
719 427 13 16 0.022131918 
592 346 12 15 0.022124212 
120 184 7 9 0.022109091 
100 509 17 22 0.022096204 
115 350 10 12 0.022081245 
832 325 8 10 0.022043133 
622 262 8 11 0.02204028 
879 381 11 14 0.02202839 
413 358 10 12 0.022009594 
385 344 9 11 0.021989517 
845 429 20 26 0.02197338 
776 271 7 10 0.021968696 
750 327 9 10 0.021901052 
165 470 22 27 0.021897756 
624 326 8 11 0.021868136 
974 380 11 14 0.021864424 
2 370 14 20 0.021855636 
143 348 9 12 0.021853762 
357 435 11 16 0.021828271 
666 358 9 12 0.021826295 
180 459 13 17 0.021768576 
592 340 11 14 0.02176244 
479 309 9 13 0.021733714 
846 380 10 13 0.02172952 
23 463 15 19 0.02170441 
607 335 9 11 0.021699473 
824 364 9 12 0.021694751 
109 181 8 11 0.021687776 
56 299 9 13 0.02167038 
549 378 11 14 0.021641053 
479 294 9 11 0.021600962 
452 444 20 26 0.021537796 
45 316 13 16 0.02152441 
29 310 12 15 0.021521285 
202 302 9 13 0.021490522 
777 398 20 25 0.021439292 
543 198 9 11 0.021416364 
36 373 21 25 0.021371111 
1006 319 9 12 0.021367352 
313 318 20 26 0.021313144 
87 373 11 14 0.021282027 
697 349 9 13 0.021279497 
89 363 10 13 0.021236856 
536 333 10 13 0.02123315 
664 318 8 11 0.021204222 
918 364 10 13 0.021201173 
487 293 8 12 0.0211891 
1012 487 12 16 0.02117977 
134 424 14 18 0.021167003 
48 303 9 11 0.021154562 
359 531 20 26 0.021148141 
305 447 19 27 0.021146126 
445 514 13 16 0.021139001 
464 356 10 12 0.021118341 
704 366 9 11 0.021095177 
594 459 14 19 0.021088207 
283 310 14 17 0.021084616 
886 310 9 11 0.021059327 
870 343 9 11 0.02104536 
64 363 11 13 0.021037841 
508 436 22 27 0.020977516 
481 254 8 10 0.020953469 
320 396 11 13 0.02087515 
70 208 7 8 0.020855637 
519 427 12 16 0.020829227 
444 429 19 24 0.020818241 
554 319 17 24 0.020818105 
251 305 12 15 0.020778269 
348 484 12 15 0.020745708 
909 335 9 11 0.020741487 
104 190 8 10 0.020733455 
454 518 10 13 0.020713229 
270 374 10 12 0.020710737 
911 326 9 11 0.020707605 
402 279 14 18 0.020676237 
550 356 11 15 0.020676019 
30 383 12 15 0.020659473 
531 484 15 19 0.020630328 
687 333 8 10 0.020628324 
880 342 9 10 0.020614086 
457 465 16 18 0.02058396 
631 342 10 12 0.020577185 
290 404 12 16 0.020557024 
93 397 11 15 0.02053755 
770 435 14 19 0.020519353 
465 395 10 14 0.020490814 
1006 490 14 18 0.02048377 
292 434 12 15 0.02046822 
920 339 10 13 0.020458294 
159 327 9 11 0.020458266 
673 270 8 9 0.020445477 
837 366 9 10 0.020440934 
998 309 9 10 0.020421311 
45 397 12 13 0.020407131 
970 259 10 13 0.020383025 
806 303 8 10 0.020362714 
233 380 21 26 0.020358622 
553 246 8 10 0.02034767 
702 262 8 10 0.020329341 
415 388 18 23 0.020311847 
616 307 10 14 0.020296123 
830 349 9 11 0.0202862 
305 237 96 123 0.020270556 
197 387 11 14 0.020260327 
847 359 9 11 0.02023292 
863 318 7 9 0.020218166 
249 520 25 30 0.020214245 
990 477 10 14 0.020210072 
681 302 8 10 0.020177338 
503 349 10 12 0.020172043 
220 558 15 19 0.020159975 
592 358 11 13 0.020106362 
954 317 8 10 0.020098452 
270 358 10 12 0.020092 
183 435 12 15 0.020086715 
61 289 9 11 0.02007555 
679 328 8 10 0.020069536 
482 207 8 10 0.020067522 
672 263 8 9 0.020056266 
138 432 20 27 0.02001497 
998 432 15 19 0.020011 
