2_Demonstration_Demonstrators_2_712
86
889 426 35 44 0.99327236 
701 535 27 30 0.9698205 
648 531 48 59 0.95456344 
765 479 37 50 0.91053796 
994 376 30 42 0.77603996 
113 566 26 36 0.7081166 
554 269 17 21 0.26898068 
803 409 15 19 0.1621392 
683 491 12 14 0.14790311 
269 336 9 11 0.14619657 
741 40 43 43 0.13939863 
641 194 11 13 0.13466261 
685 521 16 20 0.11902885 
759 546 28 47 0.10466639 
772 425 14 17 0.09507838 
124 560 30 43 0.094577946 
135 536 11 14 0.08799616 
119 543 11 14 0.070884965 
71 204 423 495 0.06443721 
684 527 41 53 0.064093545 
42 98 9 13 0.06361154 
804 417 14 19 0.062359825 
862 436 15 18 0.05968452 
336 376 50 66 0.05819943 
455 588 13 15 0.05613462 
289 344 9 11 0.053268697 
321 368 9 11 0.04872316 
996 356 28 41 0.046900548 
351 327 10 12 0.04633225 
680 519 26 36 0.045461457 
822 369 12 14 0.045323584 
124 541 11 13 0.045259234 
620 192 11 13 0.044435635 
754 443 12 14 0.041122165 
693 562 32 37 0.04086201 
304 366 10 12 0.040255792 
128 532 10 14 0.03919098 
499 576 15 19 0.038190603 
666 525 34 46 0.037546154 
139 565 32 48 0.03662762 
749 411 16 20 0.03598897 
126 527 9 13 0.034026757 
365 536 9 11 0.033480257 
773 432 14 17 0.0317101 
348 371 9 12 0.031265114 
719 446 13 17 0.031176005 
188 503 54 67 0.03052369 
544 260 11 13 0.02947803 
901 18 65 80 0.029230673 
678 485 21 26 0.02890484 
866 419 24 32 0.028269138 
425 538 45 62 0.027687397 
266 338 10 14 0.027684303 
113 541 11 13 0.027394716 
768 432 11 16 0.026971713 
361 628 60 50 0.026257524 
632 209 9 12 0.0255872 
816 405 11 16 0.025433833 
779 459 13 16 0.02509614 
278 364 12 15 0.025074864 
601 370 10 12 0.024250675 
291 348 10 12 0.023886908 
673 514 25 28 0.023802297 
197 563 11 13 0.023678686 
778 435 13 17 0.022900175 
361 539 10 11 0.022804718 
344 368 10 13 0.022752767 
861 66 176 229 0.022696087 
325 370 8 12 0.022663722 
680 610 36 33 0.022485334 
590 219 13 16 0.022215368 
695 511 27 32 0.02205852 
434 540 26 38 0.022056524 
736 11 50 54 0.021585815 
141 557 13 18 0.021461407 
189 549 12 15 0.021284897 
376 534 8 11 0.021237612 
272 389 11 13 0.020774836 
592 214 10 12 0.020774182 
484 570 13 17 0.020701282 
575 192 11 12 0.020429118 
470 583 12 15 0.020424347 
336 368 9 11 0.020358784 
630 191 9 12 0.020187046 
6 587 32 61 0.02008042 
660 -45 398 445 0.020005362 
