2_Demonstration_Demonstration_Or_Protest_2_895
448
673 333 32 41 0.9990446 
486 347 56 71 0.99867404 
627 338 32 40 0.9867822 
276 306 22 31 0.98322326 
803 304 24 28 0.96641314 
138 272 15 18 0.9578232 
23 285 18 25 0.95262706 
67 283 17 22 0.9371321 
374 318 19 28 0.9255313 
198 272 13 18 0.8650261 
610 281 13 16 0.8071763 
992 323 23 28 0.79073215 
414 279 14 17 0.7857246 
926 310 11 14 0.7807112 
215 379 33 34 0.75733 
967 305 15 19 0.74882746 
383 275 13 15 0.67187285 
341 280 11 14 0.6695777 
115 285 15 19 0.6340407 
426 311 15 23 0.6210429 
522 293 12 16 0.6179446 
53 270 13 16 0.60366994 
616 331 25 37 0.57376695 
299 310 15 22 0.49913403 
0 284 10 15 0.4390928 
729 279 9 12 0.41612872 
549 303 15 19 0.41141114 
48 298 21 27 0.3818472 
725 418 61 68 0.3458427 
297 292 15 18 0.3276512 
206 307 23 28 0.3178747 
749 299 15 19 0.31195167 
532 277 10 13 0.30119392 
369 268 9 11 0.27600342 
459 304 24 30 0.25907457 
259 291 13 17 0.25504082 
785 425 33 55 0.24330963 
303 331 14 18 0.23987964 
256 268 10 12 0.23058036 
44 418 95 99 0.22841789 
926 286 10 12 0.22401159 
836 294 10 12 0.22243741 
603 504 29 43 0.21365345 
328 292 13 15 0.20925269 
756 301 13 16 0.20843251 
870 325 12 15 0.19891347 
133 315 26 28 0.19306616 
466 302 14 17 0.1910434 
558 263 8 10 0.19071573 
194 256 9 10 0.1787648 
703 320 15 20 0.1776598 
155 283 11 15 0.17417061 
455 287 10 13 0.17339353 
675 274 13 15 0.16434275 
709 283 10 13 0.1620996 
211 299 14 18 0.16165848 
551 250 7 9 0.15793717 
338 314 14 18 0.15719819 
834 335 24 26 0.15389231 
364 366 20 27 0.14802739 
229 316 20 27 0.14748392 
302 274 12 14 0.14481135 
885 269 11 12 0.14048342 
290 308 18 26 0.13664792 
175 279 11 15 0.12535319 
452 305 14 19 0.12242404 
867 329 17 23 0.121384874 
564 284 14 16 0.121341504 
213 283 14 18 0.11918584 
472 260 10 11 0.118490554 
121 286 16 20 0.11823538 
299 285 14 17 0.11820113 
361 377 16 23 0.11811651 
526 254 8 11 0.117725044 
829 255 8 10 0.1177137 
749 296 11 14 0.116294555 
855 291 9 11 0.114823185 
667 261 10 11 0.11348273 
862 256 9 12 0.11303221 
437 333 22 28 0.11299389 
567 281 9 11 0.11214806 
336 284 13 16 0.10845369 
613 334 16 26 0.106791206 
788 356 12 16 0.10662468 
814 256 7 9 0.10624522 
535 292 11 14 0.105948776 
521 242 8 9 0.105401196 
462 312 14 18 0.10202777 
816 310 17 20 0.10189118 
66 309 14 19 0.10047239 
689 300 14 18 0.10016977 
803 333 24 33 0.098550014 
925 303 11 15 0.09837371 
338 335 24 30 0.0981016 
764 301 10 13 0.09795292 
579 351 29 35 0.094723225 
614 262 10 12 0.09427526 
574 265 10 11 0.09340376 
327 288 11 13 0.0907955 
881 268 9 12 0.09047735 
306 337 15 18 0.09000923 
489 260 10 12 0.08960249 
976 271 7 10 0.087440215 
566 357 39 51 0.087061554 
665 256 10 11 0.08521994 
275 291 15 18 0.0841669 
778 262 7 9 0.08224043 
211 290 15 19 0.08054948 
535 248 7 9 0.07921649 
147 276 14 17 0.07885655 
293 295 20 27 0.07780819 
407 265 11 14 0.07714083 
136 357 38 46 0.07691313 
603 337 39 50 0.076487236 
612 -4 435 524 0.0756779 
921 292 11 13 0.07508232 
591 263 7 10 0.073413394 
178 279 14 19 0.07305072 
175 297 12 17 0.07299385 
403 418 52 68 0.072535045 
192 260 12 15 0.07191441 
668 298 11 14 0.071736306 
1014 302 10 15 0.0715854 
295 274 12 14 0.07049894 
857 260 10 11 0.06965545 
535 283 12 15 0.069246106 
294 270 10 13 0.06772107 
368 292 14 18 0.067616634 
395 301 14 15 0.06744141 
409 282 11 15 0.0658231 
232 90 24 32 0.06581188 
943 296 11 12 0.065758206 
302 254 9 12 0.06514514 
942 270 8 10 0.0650253 
830 299 14 18 0.063644916 
788 344 24 30 0.063158 
864 364 55 50 0.0627245 
477 285 12 15 0.06256868 
336 320 22 28 0.06255098 
469 292 14 17 0.06251716 
451 344 16 21 0.062304158 
410 450 66 80 0.06201322 
215 310 23 30 0.061876155 
630 292 14 16 0.061597046 
476 308 12 14 0.061374 
204 389 49 50 0.06127711 
269 291 14 17 0.061152317 
793 255 7 9 0.060813345 
785 361 11 16 0.060465455 
696 424 58 67 0.060032934 
783 353 21 28 0.05891199 
797 353 13 16 0.058835186 
47 294 16 20 0.058672417 
274 297 20 27 0.058379773 
310 300 11 16 0.057878107 
412 330 12 18 0.057471476 
861 287 10 12 0.05741683 
863 330 28 35 0.05739281 
826 364 34 42 0.057079017 
219 308 14 18 0.056258712 
467 321 13 18 0.055817522 
686 270 11 13 0.055774365 
148 345 31 45 0.05549203 
155 267 12 15 0.055397432 
897 312 9 11 0.05478434 
577 351 16 25 0.05460031 
421 348 12 18 0.05437504 
372 268 11 12 0.05418939 
27 400 50 73 0.054096527 
29 416 22 35 0.053736564 
631 247 8 10 0.05341656 
553 271 9 12 0.053239435 
404 337 17 23 0.05307406 
831 347 29 31 0.05280966 
903 315 10 11 0.052615527 
126 434 56 79 0.052559033 
308 270 10 12 0.05227806 
309 277 10 13 0.05225409 
439 265 13 16 0.051822662 
485 308 9 12 0.05159894 
558 290 14 16 0.051420957 
598 290 11 14 0.050841566 
801 297 42 49 0.050600596 
525 286 12 16 0.050258137 
550 275 10 13 0.050147444 
137 309 18 21 0.05010477 
47 271 15 20 0.050012708 
874 268 9 11 0.049709395 
766 278 10 11 0.049696468 
535 253 8 10 0.04948779 
711 256 9 12 0.049386594 
844 334 24 29 0.049140103 
557 269 8 11 0.047775183 
169 277 12 16 0.047760803 
319 284 10 13 0.04731645 
527 247 7 9 0.04692949 
709 312 11 14 0.046486743 
120 259 10 14 0.046420168 
532 298 13 16 0.04602203 
428 347 12 18 0.045978967 
220 300 13 17 0.045314733 
810 256 8 10 0.04509757 
412 344 15 22 0.04499856 
980 319 39 54 0.044865586 
946 323 14 16 0.044405404 
205 281 15 18 0.044401754 
669 280 17 19 0.044369847 
559 278 9 11 0.044303577 
462 314 25 34 0.044286318 
471 287 12 15 0.0439111 
799 278 9 10 0.04361187 
545 255 8 9 0.043321513 
566 380 13 19 0.043126382 
614 257 8 10 0.042829115 
1 288 14 18 0.042732175 
777 254 9 11 0.042539183 
590 267 9 12 0.042458583 
441 224 10 12 0.042381685 
415 287 14 18 0.041910667 
631 458 14 22 0.041857105 
1 256 9 12 0.041682683 
636 288 10 13 0.04135949 
635 301 11 13 0.04129864 
836 371 49 57 0.04083959 
803 350 16 20 0.040793832 
873 285 9 11 0.0407743 
242 346 25 33 0.04052962 
724 341 40 48 0.039829865 
805 316 26 36 0.03978567 
316 301 12 15 0.039607387 
206 371 25 36 0.039391264 
619 267 11 13 0.039282337 
638 269 10 13 0.0391705 
140 323 30 35 0.03916592 
258 354 13 19 0.038947254 
370 359 21 29 0.03883735 
294 265 9 11 0.038803 
598 246 7 9 0.03864132 
686 251 11 13 0.038594335 
564 377 25 38 0.038559526 
848 285 10 13 0.038484257 
669 269 16 18 0.03839657 
414 252 9 11 0.038331248 
477 256 10 13 0.03827588 
610 261 9 11 0.03823728 
834 361 19 25 0.03813711 
444 226 11 14 0.03787881 
48 255 11 14 0.037842736 
535 308 11 14 0.03771636 
76 299 20 27 0.03765217 
951 268 9 12 0.03744402 
368 323 16 22 0.037237816 
699 323 22 29 0.03721127 
838 240 9 10 0.03720162 
56 270 17 21 0.036888275 
136 255 9 10 0.03682577 
862 335 15 20 0.036821485 
930 313 13 17 0.036787 
846 281 9 11 0.036745794 
969 270 9 11 0.036726523 
196 96 25 34 0.0365436 
126 275 14 18 0.036343377 
461 293 13 17 0.036052164 
113 282 10 12 0.036028657 
765 362 16 19 0.03591743 
200 399 31 35 0.03557887 
738 351 41 49 0.035282377 
572 277 11 12 0.03523823 
608 257 8 10 0.0352061 
982 270 8 10 0.035068814 
975 293 11 14 0.034880783 
542 261 9 11 0.034660265 
253 348 15 20 0.034493227 
249 262 9 11 0.034456518 
799 292 12 13 0.034289192 
705 260 10 12 0.03426083 
907 311 11 13 0.033936065 
308 387 44 48 0.03384636 
412 318 19 28 0.033646386 
254 272 13 17 0.033293795 
450 190 8 10 0.033279065 
147 267 15 19 0.033236153 
324 307 14 17 0.03315248 
313 339 14 18 0.032676242 
61 311 22 28 0.032633744 
260 338 15 21 0.0326145 
193 267 13 19 0.032552227 
744 305 14 17 0.032451347 
920 311 19 22 0.032428045 
526 287 20 24 0.032362018 
763 338 12 17 0.032158446 
109 350 45 56 0.03163222 
218 90 44 51 0.031373255 
389 351 23 29 0.031295303 
655 260 9 12 0.03112874 
543 299 14 19 0.030946948 
404 323 16 22 0.030879935 
872 263 8 12 0.030842127 
672 385 44 62 0.030830713 
939 303 17 19 0.030742114 
1014 295 9 13 0.030547168 
759 361 28 34 0.030523947 
254 284 15 19 0.030171458 
808 350 43 52 0.03012787 
789 315 45 52 0.029983766 
820 300 23 28 0.029940583 
233 328 28 32 0.029928101 
269 298 17 21 0.029637804 
736 381 54 65 0.029593522 
849 262 8 10 0.029148646 
559 257 9 10 0.02910778 
424 340 21 28 0.029080147 
255 295 12 16 0.028971156 
777 248 8 10 0.028849376 
221 280 8 11 0.028784 
388 282 11 15 0.028781148 
746 263 8 10 0.028678082 
429 262 10 13 0.028645802 
728 273 9 12 0.028520772 
316 380 28 35 0.028466215 
662 257 21 27 0.028433846 
819 378 17 22 0.0282573 
169 288 22 29 0.028127905 
226 307 13 17 0.027835013 
681 248 10 13 0.027700236 
197 296 26 31 0.027682431 
359 328 13 19 0.02750294 
127 270 12 15 0.027372072 
571 270 8 10 0.027302671 
717 255 8 11 0.027091507 
185 273 22 28 0.02708263 
624 294 13 14 0.02697491 
911 264 9 10 0.02693391 
364 119 10 13 0.026864605 
289 274 11 15 0.026754789 
253 348 22 34 0.026722377 
451 290 22 28 0.026556756 
102 346 36 43 0.026383933 
798 263 7 9 0.026321342 
593 360 20 23 0.02620293 
151 272 19 25 0.02610223 
426 317 20 31 0.026020026 
634 333 18 20 0.02601062 
460 408 46 62 0.025977684 
528 273 11 14 0.025795322 
920 299 13 16 0.025738047 
535 287 19 25 0.025733327 
764 399 45 71 0.025628103 
781 248 7 10 0.025567321 
46 259 21 27 0.025562875 
307 293 12 16 0.025519935 
473 312 15 19 0.025430547 
832 333 45 50 0.025198616 
920 287 18 22 0.025074339 
676 299 14 17 0.024732701 
317 307 13 17 0.024719663 
198 97 49 56 0.024661975 
580 310 14 18 0.024628777 
495 310 11 12 0.024470156 
999 446 27 52 0.024440076 
784 333 42 53 0.024431689 
302 261 11 13 0.024383266 
542 313 12 16 0.024335396 
885 299 10 12 0.024214583 
525 241 7 9 0.024171447 
429 206 8 10 0.024092067 
757 360 16 21 0.024061378 
306 307 14 20 0.024006426 
548 295 14 17 0.023948627 
943 275 9 10 0.02394722 
510 263 8 11 0.023859195 
945 299 13 17 0.023820965 
412 262 10 13 0.02381998 
325 331 14 17 0.02362449 
654 255 9 12 0.023590395 
916 270 9 11 0.023406317 
192 400 46 60 0.023291657 
588 314 15 20 0.023239955 
463 325 15 22 0.023059478 
481 279 10 13 0.022934815 
549 283 12 15 0.02291527 
932 302 12 14 0.022902416 
721 278 10 13 0.022744196 
310 263 10 12 0.022690127 
316 280 11 13 0.022661641 
704 279 12 14 0.022635527 
982 315 12 16 0.022587696 
991 262 7 9 0.022579253 
535 314 13 16 0.02254683 
164 340 23 40 0.02248539 
791 302 10 14 0.02242472 
589 257 9 10 0.022317199 
636 306 13 15 0.02231385 
693 248 9 11 0.022291947 
272 311 17 21 0.02229159 
0 403 11 19 0.02228551 
228 69 50 54 0.022173898 
128 264 21 26 0.022165917 
327 369 23 32 0.022159563 
569 263 9 11 0.022118967 
799 284 11 13 0.02208285 
512 247 8 10 0.022082275 
749 364 43 55 0.02192232 
247 256 10 12 0.021742333 
552 384 31 40 0.021679701 
725 277 18 24 0.021660006 
240 254 10 12 0.021541128 
333 331 16 21 0.021367846 
442 428 57 61 0.021331206 
632 275 10 13 0.02132794 
455 247 8 11 0.02131838 
640 240 7 9 0.021304168 
123 294 16 20 0.021226924 
868 301 10 12 0.021224488 
608 525 19 25 0.021219073 
541 276 11 14 0.021213327 
846 229 9 12 0.021197941 
625 253 9 10 0.021156305 
840 278 9 11 0.021105204 
794 261 8 10 0.021097315 
930 285 10 12 0.021088896 
258 291 22 27 0.021049803 
305 339 23 27 0.021032438 
446 274 10 14 0.020987675 
772 351 23 31 0.020909172 
719 271 9 11 0.020850789 
913 268 9 11 0.020742426 
50 280 17 22 0.020734143 
984 263 7 9 0.020696413 
607 514 13 20 0.02069086 
167 277 21 25 0.020667598 
396 401 43 64 0.020667274 
127 309 13 16 0.020609133 
864 281 9 11 0.020576298 
126 262 9 13 0.020574838 
644 308 12 15 0.020548025 
742 304 24 28 0.020539746 
736 229 9 11 0.020394413 
643 269 11 14 0.020382974 
333 343 17 19 0.020369563 
574 308 13 17 0.02028434 
35 275 15 20 0.020243878 
728 262 8 10 0.020186933 
140 262 15 18 0.020177374 
214 95 30 35 0.020165838 
621 276 11 15 0.02012554 
640 350 19 24 0.020065127 
414 351 24 31 0.020021226 
