2_Demonstration_Political_Rally_2_867
222
915 370 27 37 0.99675155 
796 424 37 44 0.9965281 
649 498 30 38 0.9948179 
921 511 50 56 0.9704869 
130 489 16 19 0.9489474 
891 586 67 77 0.92770004 
69 523 44 45 0.9039463 
616 504 21 28 0.8902352 
946 371 25 30 0.862186 
71 453 17 19 0.82014877 
176 552 45 57 0.8132719 
854 380 12 15 0.7555446 
44 421 14 17 0.69677746 
173 515 33 44 0.6126569 
880 365 12 15 0.59098446 
827 406 19 24 0.5622217 
334 541 40 55 0.5434871 
78 398 10 13 0.37412214 
833 367 10 12 0.36842197 
818 388 14 17 0.31643993 
168 484 28 35 0.30518758 
837 366 9 11 0.2862217 
866 359 10 13 0.285738 
1 528 16 21 0.27508402 
797 370 10 13 0.25072715 
170 495 36 47 0.24768393 
496 461 51 71 0.23696527 
820 384 11 13 0.22138248 
874 394 16 20 0.21116126 
816 359 11 13 0.20425434 
301 509 13 15 0.19555628 
477 484 41 61 0.19426711 
53 398 10 11 0.18919083 
992 334 9 11 0.15520033 
94 390 9 12 0.14745535 
374 505 16 17 0.14654648 
847 612 77 66 0.14415075 
6 399 10 13 0.13730639 
191 385 11 15 0.13695836 
120 404 10 13 0.1319052 
64 507 39 43 0.13070351 
815 392 20 25 0.1299546 
127 523 26 30 0.12325225 
115 490 16 20 0.12099731 
957 366 23 31 0.1195944 
605 478 14 19 0.11909325 
891 365 10 13 0.11629086 
169 387 10 12 0.11077744 
24 501 12 14 0.106868826 
859 376 12 14 0.10587233 
767 358 9 12 0.105131015 
913 480 48 55 0.101735294 
885 367 12 15 0.09612386 
997 362 15 19 0.09425838 
868 363 10 13 0.09270646 
470 514 33 41 0.09263705 
877 392 24 28 0.09089628 
726 384 13 17 0.089105085 
641 480 25 28 0.089033626 
820 362 10 13 0.08750039 
885 361 11 13 0.08335438 
1 399 10 14 0.08037593 
458 532 26 30 0.07989334 
819 397 23 29 0.07687999 
891 392 16 19 0.07675698 
726 418 27 39 0.07647827 
765 375 10 11 0.07444051 
868 381 10 13 0.06613358 
0 419 8 13 0.064688794 
1007 344 10 13 0.06409297 
160 436 21 28 0.061166316 
107 509 23 35 0.058791783 
152 403 10 13 0.05830651 
123 621 58 58 0.057388194 
47 393 10 13 0.056387648 
989 359 23 32 0.054933537 
32 397 8 11 0.05440339 
732 429 15 22 0.05293771 
982 343 9 11 0.052314855 
171 383 13 15 0.052062903 
331 557 28 45 0.05195488 
846 348 9 12 0.049272213 
563 476 13 16 0.048961755 
179 536 36 49 0.048862875 
172 443 14 18 0.04765864 
983 351 8 11 0.046663806 
743 371 10 14 0.046654504 
1 535 20 32 0.046301257 
762 358 9 11 0.046181254 
1 518 18 22 0.044505548 
272 570 29 38 0.044470083 
814 371 10 12 0.043733433 
487 510 28 41 0.043118253 
11 398 11 12 0.041970138 
376 499 24 28 0.041693974 
870 352 9 11 0.041222516 
142 377 12 14 0.040580712 
204 470 17 24 0.04028421 
298 502 22 25 0.039928447 
726 375 10 14 0.03990175 
122 398 11 13 0.03979814 
899 558 63 74 0.039386958 
719 534 12 15 0.03937868 
774 377 8 10 0.03902945 
51 416 14 17 0.037957415 
903 350 9 10 0.037595812 
838 360 9 12 0.036497314 
39 392 9 12 0.036374245 
84 397 11 14 0.035444885 
329 535 29 44 0.03511096 
996 372 16 23 0.034764446 
862 353 18 24 0.03459956 
782 415 31 37 0.034535788 
772 360 8 10 0.034036685 
138 485 14 18 0.032735538 
913 468 39 43 0.032712907 
919 590 45 54 0.032617636 
156 373 9 12 0.032578826 
1012 394 12 19 0.032193203 
1013 343 8 13 0.031491805 
971 368 14 20 0.031349674 
137 399 10 13 0.030518105 
165 484 15 19 0.030488137 
964 365 16 20 0.030306421 
979 356 23 31 0.030269012 
817 430 30 38 0.030092271 
896 351 8 9 0.030069275 
43 428 16 19 0.029970728 
535 474 14 18 0.029758414 
73 393 9 12 0.029664902 
177 414 10 12 0.029580118 
865 353 9 10 0.029354809 
782 375 8 10 0.02919936 
945 349 10 11 0.029146459 
792 383 11 14 0.029123912 
162 458 34 40 0.029014343 
293 533 23 32 0.028827755 
784 368 8 10 0.0286607 
897 388 15 19 0.028595272 
879 353 9 10 0.028475659 
888 352 8 10 0.028460031 
3 393 20 24 0.028271275 
832 362 9 11 0.028255068 
977 344 9 11 0.02821691 
61 397 9 11 0.028061025 
776 381 9 12 0.027634302 
808 366 10 12 0.027533393 
171 21 471 490 0.027519906 
24 397 9 11 0.027296716 
169 437 25 28 0.027150711 
9 523 14 17 0.02714136 
847 343 10 13 0.027049758 
491 473 36 47 0.026804319 
556 470 22 28 0.026486676 
187 473 28 34 0.02648207 
780 425 18 24 0.026445141 
113 504 17 25 0.026366146 
807 371 10 12 0.026225796 
100 389 10 12 0.026114136 
731 381 13 17 0.025816483 
911 348 9 10 0.0257689 
176 533 21 30 0.025666723 
125 521 18 23 0.025534669 
47 403 11 14 0.025277337 
956 344 42 54 0.025221486 
413 530 29 36 0.025055414 
972 587 43 56 0.025039567 
409 509 28 35 0.024941213 
463 448 80 107 0.024914797 
495 494 35 49 0.024723873 
523 476 36 48 0.024564072 
786 352 8 10 0.024067946 
338 530 30 38 0.024046423 
165 456 15 20 0.023980377 
74 402 10 13 0.023921886 
998 308 15 18 0.023874767 
118 448 13 17 0.02376499 
158 388 11 13 0.023610098 
830 442 13 18 0.023602284 
878 356 18 24 0.023592046 
629 500 26 33 0.023500532 
832 360 19 24 0.023478942 
853 343 8 11 0.02327529 
201 542 43 57 0.023263358 
741 359 9 11 0.023117267 
110 478 40 45 0.023003891 
879 621 69 72 0.022991993 
155 405 12 14 0.02281973 
93 423 17 23 0.022743328 
774 403 24 33 0.0226912 
893 360 9 12 0.022672966 
991 328 10 13 0.022484234 
979 317 13 17 0.022438409 
736 356 8 11 0.022223692 
910 506 37 47 0.022199396 
89 391 11 13 0.02205626 
118 382 9 10 0.022020185 
904 528 60 64 0.022014394 
111 510 40 50 0.02195 
976 350 9 12 0.021946989 
1001 378 22 31 0.021873364 
603 482 24 30 0.021815844 
58 419 11 15 0.021784525 
16 478 11 14 0.021479651 
149 485 10 14 0.021411262 
407 496 10 12 0.021350807 
967 351 10 12 0.021118235 
833 434 24 34 0.020823576 
179 435 15 19 0.020806385 
606 498 14 20 0.020796264 
1014 321 10 14 0.020694435 
791 358 8 9 0.020668248 
167 379 23 26 0.02066396 
559 481 12 16 0.020626985 
810 358 9 12 0.020504167 
786 418 18 20 0.020430928 
-3 313 35 64 0.020356681 
156 398 10 13 0.020341784 
599 476 14 19 0.020279886 
779 397 13 17 0.020173218 
117 392 19 24 0.020079387 
749 369 9 11 0.020046556 
