2_Demonstration_Demonstration_Or_Protest_2_158
238
988 217 31 38 0.9893764 
516 186 43 54 0.9870581 
184 217 28 41 0.9704179 
473 232 26 34 0.9662537 
855 238 21 25 0.93934506 
9 192 25 39 0.8183847 
61 263 15 20 0.75210404 
694 259 10 12 0.7400121 
675 258 12 15 0.6898554 
173 248 32 46 0.56148356 
371 241 16 20 0.5482972 
522 135 16 19 0.47611347 
100 257 16 19 0.45050576 
279 252 13 16 0.41748548 
881 131 17 22 0.3679339 
302 253 10 14 0.36362198 
818 116 26 33 0.31993294 
760 260 39 40 0.28321797 
398 255 12 16 0.26998857 
814 426 187 209 0.26485503 
29 161 20 34 0.23734158 
851 122 17 24 0.2151664 
499 236 15 20 0.20427297 
749 269 43 48 0.18207309 
353 233 8 11 0.15526469 
630 243 14 16 0.1543032 
636 252 8 11 0.14352545 
293 252 12 15 0.13469304 
615 252 11 13 0.12164828 
284 248 14 17 0.118676744 
868 208 40 53 0.112315916 
887 132 21 26 0.103314415 
862 145 11 14 0.10188063 
31 246 11 16 0.10134251 
308 254 9 13 0.10133065 
648 247 9 12 0.09956863 
252 259 12 15 0.09931962 
18 165 25 39 0.09301811 
283 254 16 19 0.0883517 
270 257 11 15 0.08767869 
665 252 11 14 0.08711759 
810 230 23 29 0.08595598 
321 237 9 12 0.08294877 
858 222 38 50 0.08050637 
264 253 10 14 0.07915946 
869 22 9 10 0.077972844 
365 245 17 22 0.07738733 
729 244 15 19 0.07429866 
376 213 9 12 0.07327365 
822 84 14 19 0.07302244 
370 250 21 27 0.07266546 
805 238 21 28 0.06884097 
689 258 10 14 0.06683909 
361 221 7 9 0.06674903 
621 253 9 11 0.06513577 
668 245 16 20 0.06292808 
418 222 8 11 0.06206919 
814 18 10 14 0.06101104 
335 238 8 10 0.060428534 
356 127 12 15 0.05939916 
446 216 14 18 0.05888296 
320 224 8 10 0.0581183 
820 239 14 17 0.056374352 
61 255 12 15 0.0540509 
119 240 12 13 0.05364001 
308 149 9 12 0.05336099 
738 254 82 93 0.05331579 
252 267 12 14 0.05291575 
43 267 10 15 0.05204595 
320 229 9 11 0.05161724 
769 273 35 41 0.05143098 
140 246 13 18 0.050178844 
328 258 10 15 0.049985394 
342 341 36 37 0.049776062 
677 264 12 14 0.048475675 
116 248 21 27 0.04818744 
670 281 13 16 0.047203794 
468 238 20 24 0.046892393 
845 86 12 16 0.046613198 
523 145 14 17 0.04648718 
653 248 8 11 0.04553508 
397 223 8 10 0.045500744 
877 243 13 16 0.0452366 
654 280 15 19 0.04412501 
554 199 18 23 0.043977275 
391 252 13 18 0.04374271 
367 216 8 10 0.043527257 
94 264 14 17 0.043339577 
301 172 8 11 0.043100137 
377 209 9 11 0.042892765 
186 260 17 26 0.04261776 
98 255 13 14 0.042558666 
749 75 12 15 0.0423708 
382 208 8 11 0.04228636 
122 245 13 16 0.042114735 
431 191 9 12 0.041276667 
804 209 37 46 0.03998097 
767 74 13 15 0.039570704 
742 118 15 19 0.039397072 
896 134 17 21 0.038692355 
326 238 9 11 0.03838791 
543 152 10 12 0.03830045 
787 284 13 15 0.03822109 
127 247 25 31 0.037912615 
878 39 9 12 0.03723825 
357 231 9 13 0.037154358 
624 245 10 14 0.037079666 
229 97 216 253 0.03679112 
669 235 15 16 0.036720622 
379 239 10 13 0.035891898 
883 98 15 19 0.035304546 
521 154 16 19 0.035141237 
156 220 25 28 0.034366354 
533 189 34 40 0.034321014 
429 234 15 19 0.034174416 
877 16 9 11 0.033980057 
344 221 7 10 0.033733226 
5 197 39 54 0.03356218 
336 233 8 10 0.033010475 
631 257 12 14 0.032809768 
417 207 7 9 0.032779202 
845 156 22 30 0.032762818 
42 168 13 19 0.0325897 
620 238 20 26 0.03244258 
359 121 9 10 0.031725913 
701 256 9 12 0.031608738 
623 237 13 16 0.031077497 
718 230 10 11 0.030380664 
872 16 9 12 0.030234188 
881 71 9 11 0.030002572 
240 267 11 14 0.029986314 
654 252 9 12 0.029770767 
655 372 27 32 0.029739399 
775 263 23 24 0.028994381 
90 262 10 14 0.028629784 
417 228 10 13 0.028558241 
518 148 13 16 0.028425885 
754 68 14 18 0.028404526 
606 194 12 15 0.02788961 
667 289 17 20 0.027882371 
637 239 11 15 0.027435744 
264 240 10 12 0.027372187 
822 20 10 13 0.02713778 
269 246 12 16 0.02712013 
391 216 9 11 0.027102627 
378 260 17 22 0.027075043 
493 236 27 31 0.026894553 
607 251 16 17 0.02663906 
774 255 48 63 0.026602676 
383 221 8 11 0.02644513 
818 228 17 21 0.026297392 
334 243 9 13 0.026085477 
751 6 10 13 0.026006447 
187 212 18 27 0.02587599 
541 288 397 457 0.025860326 
288 237 11 13 0.025790852 
69 253 9 13 0.025536874 
325 230 9 11 0.02537491 
660 290 15 19 0.025302684 
436 218 16 19 0.025127081 
358 255 13 19 0.024994785 
690 254 19 24 0.024886118 
410 163 9 12 0.024859512 
424 235 10 14 0.024800945 
95 260 26 33 0.024761757 
286 191 8 12 0.024757175 
710 253 9 12 0.02467381 
803 84 13 18 0.024608143 
389 264 15 21 0.024547819 
796 244 25 31 0.024518799 
345 208 8 11 0.024223099 
837 83 13 19 0.024153132 
691 313 12 15 0.024078079 
815 83 14 19 0.023974739 
664 238 11 12 0.023925573 
664 304 13 17 0.023848066 
460 236 18 21 0.023801733 
813 71 12 14 0.023658149 
693 439 14 17 0.023647444 
260 277 11 15 0.023642778 
752 9 24 29 0.023562789 
646 238 9 12 0.023558293 
875 231 25 33 0.023555692 
862 46 9 11 0.023507943 
407 237 10 13 0.023471575 
868 76 11 13 0.023462232 
24 244 21 25 0.023424666 
744 25 10 14 0.023222048 
344 213 9 12 0.02318156 
261 267 12 15 0.023099463 
349 125 20 29 0.023058528 
89 255 8 11 0.023035804 
806 230 13 18 0.022798685 
660 384 15 18 0.022745684 
748 55 13 17 0.022709548 
370 271 17 20 0.022611838 
819 14 12 14 0.022546073 
309 156 9 11 0.022514958 
162 261 34 37 0.022408504 
794 229 22 30 0.022378877 
518 177 29 39 0.02232845 
245 266 12 14 0.022325858 
567 110 10 13 0.022257142 
124 262 17 24 0.022080919 
820 3 11 13 0.021978432 
621 231 11 14 0.021825304 
395 132 12 15 0.021817064 
336 222 7 9 0.021662597 
808 20 11 14 0.021661174 
675 230 13 17 0.021568522 
728 222 9 11 0.02156507 
727 239 13 16 0.021510737 
700 246 12 13 0.021428535 
512 148 11 16 0.02136427 
845 80 12 14 0.021346927 
614 245 20 25 0.0213097 
837 52 11 14 0.021043269 
342 236 9 12 0.020962683 
18 186 17 28 0.020957507 
343 232 8 10 0.020881977 
877 260 14 17 0.02083548 
382 229 9 12 0.020804457 
196 410 57 68 0.020797415 
431 224 21 26 0.020604169 
359 243 13 18 0.020530501 
740 6 11 13 0.020518586 
783 531 12 15 0.020395527 
1000 499 25 41 0.020378107 
174 227 15 18 0.02036143 
742 274 32 34 0.02032321 
288 230 9 12 0.020319194 
269 264 13 17 0.020266656 
36 260 14 18 0.020227216 
391 237 10 12 0.020213082 
312 229 8 11 0.020177212 
55 207 8 10 0.020081474 
163 225 51 55 0.020056352 
327 265 11 16 0.020009046 
