2_Demonstration_Protesters_2_840
72
915 156 21 31 0.97212267 
678 191 19 27 0.9483953 
793 171 20 25 0.89085746 
102 188 16 21 0.81225985 
324 174 17 20 0.8062095 
258 199 13 19 0.7210141 
954 218 16 21 0.57765734 
186 186 16 20 0.44586873 
176 181 22 27 0.13660508 
264 202 14 19 0.10718472 
228 215 11 14 0.09716712 
454 102 12 16 0.07087485 
1004 115 12 14 0.068796225 
1011 277 9 13 0.06649551 
70 198 10 14 0.066254266 
171 141 15 18 0.06503907 
96 186 15 21 0.06497371 
388 115 14 19 0.060761534 
310 217 13 15 0.057558764 
259 193 13 16 0.054372095 
805 232 12 15 0.052660815 
377 221 11 14 0.047481198 
49 23 54 70 0.04606574 
448 213 13 17 0.04590097 
864 169 17 19 0.044779155 
962 219 13 17 0.04204553 
879 165 10 15 0.04043994 
404 219 13 16 0.039667424 
170 144 24 27 0.033030573 
1012 252 9 14 0.03215774 
890 153 24 29 0.03204138 
232 230 11 15 0.03192525 
237 214 10 14 0.03184502 
52 242 10 13 0.0305708 
321 147 10 12 0.028916022 
990 197 10 14 0.028879385 
331 167 14 19 0.028598407 
919 151 13 17 0.028583964 
320 167 12 16 0.028378377 
1008 283 11 15 0.028088884 
1012 226 10 17 0.027966835 
1000 187 11 17 0.027732681 
481 353 8 11 0.027716769 
973 373 11 13 0.027039004 
713 173 9 14 0.02681007 
1014 210 10 16 0.026511949 
488 335 8 10 0.025825085 
909 143 9 11 0.025740687 
374 216 10 11 0.025475893 
178 148 14 16 0.025318693 
718 172 13 16 0.024523828 
1014 162 10 14 0.024062768 
136 134 8 10 0.023717722 
1005 413 10 12 0.023365976 
904 143 10 12 0.023001747 
189 142 12 15 0.022915931 
880 157 11 14 0.022806058 
844 270 11 14 0.02249871 
304 77 8 10 0.02211189 
392 172 13 17 0.02208572 
307 211 20 25 0.021960478 
231 210 9 11 0.021858836 
882 155 21 28 0.021757498 
275 195 12 16 0.021722917 
886 154 13 18 0.02141912 
662 430 9 11 0.021167494 
1013 269 10 17 0.020901132 
881 151 10 13 0.02089813 
354 139 107 118 0.020835433 
972 220 10 14 0.020533236 
802 220 25 33 0.020296615 
972 378 12 16 0.02015608 
