2_Demonstration_Protesters_2_54
257
21 211 22 27 0.99020326 
418 101 16 22 0.987219 
333 66 16 18 0.9861649 
521 68 16 21 0.9846811 
314 144 17 20 0.9791975 
296 86 13 18 0.9621332 
172 162 17 22 0.95905614 
150 208 21 24 0.9399983 
16 162 20 23 0.92698365 
808 106 17 20 0.9221756 
392 74 14 19 0.91135496 
679 126 17 21 0.91035646 
601 143 16 19 0.9071091 
440 135 16 22 0.8497283 
526 139 17 20 0.8496443 
548 58 15 17 0.8161006 
227 166 18 20 0.7916067 
873 139 13 18 0.7819964 
411 269 22 27 0.7039322 
364 78 13 16 0.6182548 
86 59 9 12 0.6165782 
279 54 9 11 0.52802205 
687 163 16 18 0.48299932 
73 99 12 15 0.46593407 
173 51 8 11 0.46038902 
328 108 12 15 0.34260917 
781 142 10 13 0.24099477 
103 86 10 12 0.22687311 
457 164 18 21 0.21734513 
207 105 14 18 0.21171208 
405 271 18 21 0.20679048 
372 149 11 14 0.19146799 
948 53 11 15 0.18920834 
348 106 11 14 0.16341965 
146 55 9 11 0.15626217 
347 226 23 30 0.15468562 
823 139 12 17 0.14736305 
524 146 20 25 0.14697391 
278 77 12 15 0.13768002 
632 182 11 16 0.13130578 
145 60 9 10 0.10568787 
590 106 12 15 0.104700334 
94 78 11 14 0.10324441 
144 168 17 21 0.1027366 
48 73 11 15 0.09939357 
250 143 17 20 0.09927694 
132 124 11 14 0.0899711 
429 224 14 18 0.08901231 
646 138 13 17 0.08886824 
459 316 17 20 0.086269855 
432 141 21 26 0.081919804 
159 65 8 9 0.079598345 
2 395 10 17 0.079136975 
620 163 15 19 0.068904765 
327 30 10 11 0.06870599 
287 29 9 11 0.066774674 
269 189 12 15 0.066519074 
312 30 10 11 0.0664479 
264 28 11 13 0.06512526 
784 137 9 12 0.06459032 
426 267 14 19 0.06394667 
107 87 11 13 0.06382019 
15 293 12 14 0.061166834 
279 28 10 11 0.06111985 
818 99 16 21 0.05904618 
80 83 12 14 0.058291238 
671 14 13 17 0.058142234 
798 117 12 16 0.057147786 
300 61 10 11 0.057026584 
100 79 10 14 0.05627979 
418 259 18 24 0.056269985 
502 111 12 15 0.055521805 
32 133 11 15 0.054745 
221 156 17 22 0.05464122 
712 184 10 12 0.052702215 
540 141 12 16 0.051060945 
604 113 13 16 0.05054077 
381 56 14 17 0.050357316 
397 268 17 22 0.049814418 
828 97 15 19 0.049686715 
61 227 11 14 0.0490081 
150 61 9 10 0.04885733 
543 90 11 14 0.04795772 
331 101 14 18 0.047232144 
83 55 9 12 0.047065236 
350 44 13 14 0.047061555 
230 117 10 13 0.04692147 
301 56 9 10 0.046531558 
87 67 11 13 0.04440749 
538 120 14 17 0.04386786 
96 189 9 13 0.043799184 
59 91 13 17 0.04358703 
79 77 10 14 0.04320969 
284 258 11 14 0.043205533 
274 77 9 13 0.043183543 
317 30 10 11 0.043150734 
543 146 13 20 0.042915314 
292 30 10 11 0.042901497 
153 160 22 29 0.042592876 
262 85 10 13 0.042584013 
75 104 13 17 0.04221161 
191 125 10 13 0.041784428 
84 81 15 18 0.04160942 
403 125 22 28 0.0414328 
854 107 11 13 0.041072953 
457 302 9 12 0.04064702 
369 76 16 18 0.03996032 
269 34 12 15 0.039614376 
316 23 9 11 0.03957085 
206 95 10 13 0.03948569 
273 61 9 12 0.039075285 
1001 71 8 9 0.038688693 
806 183 11 13 0.03851808 
59 300 11 16 0.038450323 
272 132 12 16 0.038412843 
303 35 11 13 0.038407627 
783 173 12 14 0.038388368 
186 189 18 22 0.038254194 
651 143 15 18 0.03824136 
277 36 12 13 0.03822698 
754 184 15 17 0.038040154 
134 130 11 13 0.037966784 
492 122 11 16 0.037920162 
90 59 11 14 0.03781012 
145 69 8 11 0.03772083 
326 34 10 12 0.03740874 
270 84 10 14 0.037378557 
283 77 12 15 0.037270796 
788 133 10 14 0.037054755 
71 87 20 26 0.0369186 
182 69 8 11 0.0362735 
262 53 9 12 0.036081936 
444 334 14 16 0.03578261 
547 141 10 14 0.035699934 
272 123 10 14 0.035553005 
597 133 16 21 0.03531653 
319 35 10 12 0.035206083 
820 166 9 11 0.03486098 
488 174 12 14 0.034820642 
322 176 16 19 0.033745896 
150 69 9 11 0.03324518 
92 90 13 16 0.03323888 
840 211 11 15 0.03316867 
309 242 15 16 0.033091877 
329 22 9 11 0.03303391 
262 108 13 15 0.032986984 
56 86 9 13 0.032872066 
554 98 16 20 0.032272205 
563 178 13 17 0.03177985 
363 85 15 19 0.03176325 
268 24 12 12 0.031691294 
262 180 14 17 0.031520877 
269 92 10 13 0.03143152 
549 91 11 15 0.0314185 
286 122 15 18 0.03133919 
459 329 14 16 0.030477233 
201 87 10 11 0.030467657 
854 224 13 16 0.03026445 
850 218 24 31 0.030044898 
339 238 16 20 0.029850742 
293 181 20 25 0.029759267 
946 82 15 19 0.02975137 
941 48 20 25 0.02968821 
667 115 24 29 0.0295592 
284 54 9 11 0.029530672 
660 108 15 19 0.029327122 
597 110 12 14 0.029274764 
609 138 15 20 0.029248694 
467 308 15 18 0.029237986 
430 343 10 12 0.029172247 
143 210 19 21 0.029053096 
275 73 19 24 0.028942538 
614 123 14 18 0.028771792 
448 137 14 20 0.028716108 
246 122 13 17 0.028621545 
343 123 12 15 0.02849067 
128 118 12 16 0.028244888 
396 170 14 18 0.028242402 
655 112 13 17 0.028212711 
716 188 11 12 0.028055474 
320 61 10 13 0.027975209 
82 56 19 23 0.027840158 
174 59 9 11 0.027792752 
629 172 11 17 0.02738477 
88 74 20 23 0.027286354 
343 101 12 18 0.027252018 
321 106 12 16 0.027249724 
854 233 26 33 0.027128255 
73 76 11 13 0.0270462 
420 252 13 17 0.026868444 
330 145 15 19 0.026539942 
423 223 24 30 0.026339201 
297 55 9 11 0.026313929 
287 36 11 13 0.026273765 
414 176 15 19 0.02622291 
287 69 9 12 0.026128072 
47 103 10 12 0.026099393 
93 71 10 13 0.026050206 
874 125 16 18 0.026019266 
271 48 9 11 0.0257101 
270 116 11 16 0.025698628 
183 133 8 11 0.025623247 
318 89 12 15 0.025356472 
182 65 8 9 0.025016977 
269 146 13 18 0.02480117 
262 193 15 18 0.02480094 
941 88 15 19 0.024596684 
46 55 9 11 0.024397494 
429 360 13 16 0.024366882 
341 330 13 17 0.024263943 
293 23 9 11 0.024155749 
305 23 8 10 0.024050139 
60 86 11 14 0.023888499 
177 71 9 11 0.023790814 
231 124 13 15 0.02364057 
334 37 10 12 0.023544189 
246 49 12 15 0.023471816 
168 60 9 11 0.02336088 
294 36 9 12 0.023037655 
748 239 11 13 0.02294531 
599 125 13 16 0.022760335 
153 268 14 16 0.022717481 
257 138 17 21 0.022556724 
560 131 11 15 0.02247089 
70 84 13 16 0.02223743 
991 55 9 11 0.02209589 
262 33 13 15 0.021924797 
213 70 11 12 0.021714127 
176 77 9 11 0.021606643 
813 96 13 16 0.021579152 
146 50 9 11 0.021498505 
342 38 12 14 0.021458443 
546 86 21 26 0.021425381 
452 332 16 17 0.02138938 
882 132 13 17 0.021256095 
470 299 12 14 0.021203192 
286 62 9 12 0.02118668 
751 174 11 13 0.021172723 
941 77 15 18 0.021143917 
190 109 9 14 0.021097887 
235 60 12 13 0.020972505 
840 151 9 12 0.020925196 
264 62 8 11 0.020922543 
866 139 13 16 0.020892397 
404 177 13 17 0.020864023 
10 149 25 31 0.020846782 
860 101 10 13 0.020805037 
261 234 14 17 0.02072578 
678 301 9 13 0.020572513 
860 94 10 13 0.020452112 
275 187 13 18 0.02044175 
359 71 11 16 0.020407142 
343 116 11 15 0.020127863 
574 117 13 14 0.020090193 
256 81 8 10 0.020087983 
780 153 14 17 0.020054352 
454 308 14 16 0.020001616 
