2_Demonstration_Protesters_2_583
64
810 238 59 75 0.9856375 
775 262 72 69 0.9811369 
903 127 12 15 0.70374256 
997 118 11 13 0.5708025 
818 128 8 11 0.30212924 
582 197 41 51 0.2981537 
896 112 7 10 0.28795582 
694 494 58 57 0.25868258 
865 118 8 11 0.25757256 
832 114 10 12 0.24170393 
-1 249 29 41 0.14208242 
833 226 34 51 0.10793863 
1013 642 11 18 0.08844287 
929 109 9 11 0.07918315 
601 202 50 58 0.07894757 
589 391 189 201 0.07469251 
999 55 10 13 0.072546594 
793 112 7 9 0.07184556 
508 260 347 418 0.061370485 
951 107 12 17 0.054424517 
992 140 15 18 0.04915831 
108 16 506 489 0.042484876 
736 0 15 18 0.04237855 
800 127 9 11 0.04089731 
888 128 10 12 0.0388644 
985 62 27 31 0.035106074 
663 460 97 94 0.033494428 
899 111 9 12 0.03197593 
799 118 8 10 0.031218331 
939 89 27 34 0.031194387 
940 98 17 21 0.03044608 
929 75 11 16 0.030267017 
982 70 12 16 0.029392013 
952 85 11 15 0.027755776 
997 58 14 19 0.027737305 
973 81 15 21 0.027459156 
994 133 16 18 0.027312422 
918 107 9 12 0.026647126 
793 115 9 12 0.026263066 
982 124 12 13 0.025389003 
928 83 10 15 0.024935221 
949 89 14 19 0.024871025 
806 120 9 11 0.02479483 
807 148 13 18 0.024785312 
990 122 12 14 0.024609715 
903 119 9 12 0.023829961 
928 50 13 16 0.022942653 
19 14 270 228 0.022883618 
785 142 11 14 0.02269337 
831 123 9 11 0.02244977 
988 68 16 19 0.022290256 
627 207 47 69 0.022035873 
950 83 23 33 0.02197561 
788 146 11 14 0.021920396 
1003 122 13 15 0.021869576 
980 122 37 49 0.021321734 
33 -11 340 427 0.021227688 
932 107 12 15 0.020777367 
0 207 33 34 0.020699421 
830 142 12 14 0.020691445 
911 101 11 14 0.02032619 
812 225 105 130 0.020293167 
796 112 8 10 0.020285666 
813 121 19 24 0.02008293 
