2_Demonstration_Demonstration_Or_Protest_2_54
266
443 133 37 46 0.99907553 
985 230 31 39 0.9982963 
731 164 31 39 0.99733835 
106 161 24 31 0.9972493 
775 136 34 41 0.99659806 
195 57 18 24 0.99102 
240 149 30 40 0.9902969 
323 206 41 48 0.98980814 
171 111 19 23 0.98526174 
567 152 21 27 0.98091024 
670 136 26 29 0.97882515 
858 130 41 53 0.9565042 
372 92 14 18 0.94889706 
171 148 23 29 0.9359926 
132 152 23 30 0.9334209 
317 154 21 25 0.9155822 
532 151 19 24 0.9090373 
181 174 21 28 0.9007021 
401 169 18 23 0.89720005 
267 143 19 25 0.894555 
576 202 31 43 0.89325416 
613 163 19 22 0.8602552 
506 143 20 23 0.8558831 
102 89 24 27 0.85504544 
643 155 17 21 0.7645667 
362 177 17 22 0.76424795 
271 192 23 31 0.6930365 
254 146 25 33 0.6705646 
117 155 24 32 0.6487751 
631 92 11 14 0.64279115 
242 117 14 18 0.5290492 
690 163 24 28 0.50497365 
126 96 14 20 0.44158635 
554 172 14 19 0.3345942 
622 126 13 16 0.31411925 
436 26 13 15 0.2936334 
613 101 11 13 0.25542438 
581 329 47 55 0.23742943 
379 68 11 13 0.2297487 
596 93 10 13 0.2074759 
650 182 17 23 0.20075849 
201 133 17 22 0.19814119 
492 55 10 13 0.17996462 
381 165 14 18 0.16803429 
592 95 10 13 0.163091 
487 10 10 13 0.15254629 
638 160 15 18 0.15198329 
906 147 22 31 0.14789125 
715 158 18 24 0.13428232 
599 155 14 17 0.13151044 
490 58 14 18 0.12651357 
9 429 45 42 0.12366356 
565 205 26 35 0.12186581 
1003 193 21 33 0.120494954 
535 124 11 13 0.11361663 
313 14 11 14 0.1132124 
724 137 17 21 0.10901487 
700 166 23 31 0.10710174 
486 32 9 11 0.10634048 
718 206 23 28 0.100709125 
477 164 24 28 0.09833 
-7 417 114 73 0.09405612 
586 195 19 22 0.09252693 
556 126 9 12 0.09032197 
583 94 11 14 0.090286195 
356 162 23 32 0.08948091 
403 117 10 13 0.08542445 
519 39 8 9 0.08437727 
395 61 12 15 0.08307822 
508 27 12 15 0.08027354 
510 22 10 13 0.079968706 
436 34 15 18 0.07771053 
601 142 11 14 0.075117745 
559 69 11 13 0.07201884 
613 129 13 17 0.07096881 
357 159 15 18 0.07093562 
144 162 14 18 0.06950818 
147 230 31 40 0.068150684 
652 109 10 12 0.0679975 
283 166 11 15 0.06369179 
581 53 8 11 0.062227987 
608 134 11 14 0.059171695 
57 657 32 30 0.058996655 
583 88 8 10 0.058496296 
661 164 12 17 0.057819452 
364 114 10 12 0.056593176 
559 157 21 28 0.05604443 
278 169 14 18 0.056025565 
147 136 15 19 0.05572633 
10 388 76 57 0.054040134 
893 143 24 29 0.053730793 
496 112 12 16 0.053504996 
622 24 9 10 0.05319407 
512 3 11 13 0.052626915 
602 148 15 18 0.052378703 
726 142 21 25 0.052171573 
623 107 12 16 0.05200084 
276 188 15 19 0.051433593 
358 171 35 48 0.05119727 
21 441 49 43 0.050133035 
513 150 15 19 0.049698316 
554 103 10 14 0.047826752 
718 148 14 19 0.04756978 
580 116 11 16 0.04719751 
704 176 24 31 0.045133002 
565 64 9 10 0.04509077 
512 36 9 11 0.044650838 
479 31 10 11 0.044228815 
402 170 29 38 0.042967472 
-5 401 66 57 0.042792756 
392 43 11 12 0.042150762 
611 137 13 17 0.042054176 
397 102 9 12 0.04188126 
558 75 11 13 0.04182362 
415 0 13 11 0.041073505 
628 164 12 17 0.04027927 
634 98 11 15 0.039705507 
694 158 15 20 0.038899653 
719 169 36 47 0.038323212 
230 137 15 20 0.037898555 
715 131 13 19 0.037773937 
170 152 36 46 0.03775986 
533 143 14 18 0.037613753 
503 151 15 19 0.037473638 
392 99 11 14 0.03731275 
455 30 11 14 0.03690366 
195 118 21 29 0.036480505 
397 55 11 14 0.03624585 
230 216 32 42 0.03602549 
470 27 10 12 0.035887375 
471 22 10 12 0.035813242 
198 107 20 28 0.035804152 
875 139 33 38 0.035351507 
333 39 9 12 0.035208125 
345 94 9 12 0.035205033 
648 170 22 28 0.035026774 
740 157 16 17 0.03485963 
326 64 10 13 0.034648877 
583 109 10 14 0.03446908 
649 160 16 19 0.0344476 
669 217 16 21 0.03384859 
488 21 10 12 0.03381352 
332 6 11 13 0.03367485 
312 211 35 39 0.033620834 
475 22 11 12 0.033449657 
539 119 11 14 0.03328049 
18 404 132 113 0.03321445 
668 127 13 16 0.033043418 
441 69 12 14 0.032498047 
389 165 21 26 0.031988136 
487 60 21 31 0.031987652 
669 153 15 18 0.031679004 
366 64 9 11 0.031645775 
472 15 10 13 0.030972093 
608 107 12 14 0.03059264 
342 175 39 53 0.030561505 
221 113 14 20 0.030337913 
264 161 24 29 0.029703468 
552 129 12 16 0.029596763 
609 126 11 14 0.029571773 
399 43 11 14 0.029530557 
578 47 7 10 0.029312123 
535 42 11 13 0.029244754 
614 121 18 24 0.029217856 
344 133 11 13 0.02888997 
437 15 11 14 0.028710948 
511 114 10 13 0.028648755 
257 165 17 22 0.028582772 
593 63 8 10 0.02818828 
575 39 7 10 0.028159328 
465 22 9 13 0.02798602 
381 73 11 14 0.02793312 
495 23 8 10 0.027887335 
478 13 11 13 0.02780666 
592 187 19 23 0.027756536 
631 23 9 12 0.02761617 
670 151 25 31 0.027540486 
462 29 11 14 0.027520072 
576 121 12 15 0.027220825 
610 148 14 17 0.02708614 
303 158 10 13 0.026949292 
507 134 16 20 0.026739474 
729 157 24 31 0.026577055 
535 32 9 11 0.026576046 
713 172 18 24 0.026535941 
702 221 12 15 0.026387319 
204 98 16 21 0.026170598 
591 88 9 11 0.026118828 
621 116 14 18 0.026075581 
478 35 13 15 0.026050327 
504 24 11 13 0.026003275 
581 219 35 42 0.025824776 
370 162 20 26 0.025810989 
291 181 12 17 0.025754048 
1004 458 13 18 0.025537143 
607 116 12 14 0.025452916 
667 133 18 22 0.025374169 
384 175 40 51 0.02523846 
492 80 12 16 0.025119029 
533 129 13 17 0.025041824 
848 135 24 32 0.024958745 
624 14 10 11 0.024856737 
398 150 14 17 0.024678918 
994 271 16 21 0.024534987 
571 38 7 9 0.024506092 
504 34 11 13 0.02445375 
551 53 10 11 0.024383152 
383 5 8 10 0.024358628 
709 203 17 22 0.024332805 
295 132 11 14 0.024191946 
232 142 26 36 0.024159258 
379 87 11 14 0.024100857 
431 13 12 14 0.023870362 
661 156 13 18 0.023806123 
313 160 13 18 0.023708636 
377 8 8 10 0.023662774 
512 15 9 11 0.023456201 
649 103 10 14 0.023249112 
1003 265 17 19 0.023244156 
141 139 23 30 0.023243047 
630 10 12 14 0.02324182 
333 70 9 11 0.023049077 
501 154 24 26 0.022980016 
278 177 19 27 0.022954334 
578 86 8 11 0.02288154 
403 154 15 18 0.022610383 
308 40 8 10 0.022604598 
600 77 10 12 0.022423035 
334 176 27 32 0.022419902 
613 180 25 31 0.022392865 
653 79 10 12 0.0223772 
368 181 17 21 0.02234381 
443 74 12 14 0.022326428 
974 230 27 36 0.022276994 
656 158 21 27 0.022114215 
995 491 13 16 0.021966968 
652 115 11 14 0.021946032 
711 127 12 16 0.021912307 
997 115 13 15 0.021793649 
345 88 8 10 0.02162784 
560 17 7 9 0.021623924 
274 28 9 12 0.021609228 
384 1 9 10 0.021532567 
729 213 16 23 0.021355007 
492 14 11 12 0.02123183 
540 44 10 12 0.021186417 
613 117 11 15 0.021147253 
502 15 9 10 0.021131532 
27 280 15 18 0.021048456 
557 53 8 10 0.020985734 
615 86 9 12 0.020976577 
96 158 25 29 0.020965522 
558 92 9 11 0.020819226 
616 22 8 11 0.020810068 
400 110 11 14 0.020704517 
639 118 9 14 0.020554394 
557 48 8 10 0.020520398 
970 68 7 10 0.020498483 
477 196 36 44 0.020421207 
708 161 16 21 0.020417385 
974 537 24 33 0.020232314 
518 21 9 12 0.020217046 
986 87 7 10 0.020177308 
1011 75 12 20 0.020157894 
18 651 14 17 0.020074857 
708 189 25 34 0.02006805 
