2_Demonstration_Demonstration_Or_Protest_2_102
293
424 607 24 32 0.9743303 
979 511 18 25 0.96552116 
672 543 21 27 0.93380547 
759 575 16 21 0.9240478 
952 488 17 20 0.8680256 
773 540 14 19 0.83398414 
403 605 22 30 0.80764234 
266 583 20 25 0.6617156 
77 605 27 31 0.62591 
1004 500 14 18 0.6256367 
313 579 13 16 0.5101587 
799 527 14 18 0.4066657 
332 543 16 17 0.37476933 
449 583 22 27 0.32016593 
777 516 11 13 0.2869117 
628 584 20 29 0.28424558 
785 554 14 20 0.28406787 
657 572 24 31 0.28181246 
243 590 15 21 0.22872598 
700 538 19 27 0.22576371 
439 578 20 27 0.22207595 
0 636 8 15 0.21539168 
757 531 13 17 0.21512076 
458 580 23 27 0.175486 
798 518 13 17 0.1676917 
235 602 16 20 0.1663339 
285 539 14 18 0.16393696 
839 497 18 20 0.15804084 
443 491 12 17 0.15330365 
62 645 14 19 0.13831651 
686 540 23 29 0.13697691 
362 518 9 12 0.13466364 
564 613 27 32 0.13414383 
907 515 15 19 0.13395539 
390 609 24 27 0.11907217 
439 574 11 17 0.11281807 
686 517 12 15 0.11158393 
772 438 12 15 0.10987981 
228 512 14 18 0.10704405 
840 525 12 14 0.107001625 
549 600 44 50 0.10591073 
631 568 14 20 0.10434525 
728 503 9 13 0.10353136 
270 551 10 13 0.099939264 
780 535 11 14 0.09765085 
235 467 14 18 0.097247936 
333 522 15 17 0.09250652 
606 587 13 16 0.09167039 
362 539 13 16 0.09043281 
14 667 14 18 0.08865172 
700 550 16 23 0.088595964 
835 583 18 23 0.07904629 
779 510 12 16 0.0784881 
901 521 15 19 0.07690936 
993 395 10 13 0.07677609 
421 488 9 11 0.07610217 
792 524 13 17 0.075250514 
834 552 17 23 0.07358118 
985 507 15 22 0.07288628 
248 585 21 28 0.07177081 
862 501 12 16 0.07150874 
1011 534 12 19 0.07089241 
707 560 13 19 0.06977233 
1003 475 10 13 0.069380365 
416 489 10 12 0.06923581 
728 614 21 29 0.06884896 
789 498 10 14 0.06847228 
862 545 14 18 0.063455746 
365 547 13 16 0.06297672 
1005 536 13 20 0.06244163 
771 468 11 14 0.061700262 
753 537 12 17 0.05960344 
779 544 14 21 0.05885529 
38 657 21 25 0.058621753 
572 612 16 21 0.058524743 
367 554 12 15 0.05830806 
561 625 26 33 0.058153346 
382 611 15 19 0.054345295 
827 522 14 18 0.05427831 
261 592 22 28 0.05354807 
888 504 12 17 0.053200062 
400 515 15 17 0.05122431 
798 497 11 15 0.05018608 
960 490 14 17 0.050185956 
994 569 14 17 0.04933866 
680 516 11 15 0.04907057 
751 568 20 27 0.048855197 
640 590 16 22 0.048365667 
813 571 20 26 0.047868833 
237 579 17 22 0.04781373 
610 583 21 27 0.047471605 
170 556 16 19 0.04738705 
5 660 12 18 0.046957094 
702 513 14 17 0.045325648 
788 538 13 19 0.045270544 
822 396 14 18 0.045228127 
949 348 13 17 0.043423064 
706 533 13 19 0.042786825 
249 552 15 18 0.04274177 
422 510 10 12 0.042493977 
899 430 9 11 0.042232744 
781 523 11 14 0.04200981 
621 586 17 25 0.041905455 
564 609 16 22 0.041654024 
708 511 13 15 0.040834695 
912 463 9 12 0.040535524 
622 641 26 33 0.040497396 
739 490 22 27 0.040480763 
68 641 23 31 0.04046001 
23 619 12 14 0.040317856 
48 633 13 17 0.04030332 
678 670 16 18 0.039840784 
189 495 24 31 0.03976074 
551 601 27 32 0.03967256 
624 662 17 20 0.039557017 
334 561 15 18 0.039513037 
824 413 11 13 0.039375164 
571 605 13 17 0.03935182 
758 524 226 210 0.03921184 
899 493 20 27 0.038506035 
333 532 16 18 0.038312484 
632 560 10 12 0.03761256 
799 509 13 18 0.03711575 
222 508 25 32 0.036729336 
352 537 12 16 0.036561523 
474 419 13 17 0.036084402 
718 547 12 19 0.03582781 
804 496 14 17 0.035406 
645 584 24 31 0.034870267 
91 592 15 20 0.034771785 
791 517 12 16 0.03474151 
784 495 11 14 0.034718014 
279 615 15 20 0.034632117 
839 479 22 29 0.034551967 
228 550 25 28 0.034517232 
914 438 10 12 0.0342906 
643 630 28 36 0.03416453 
762 530 17 23 0.034128863 
811 524 12 18 0.03336944 
437 486 22 28 0.033219278 
329 548 22 26 0.03319308 
843 578 16 23 0.033160355 
847 411 13 16 0.03284308 
770 337 24 32 0.032565836 
737 564 23 32 0.032411184 
59 430 27 34 0.032274023 
263 549 10 14 0.032188963 
596 595 16 23 0.032036632 
928 464 9 12 0.031929985 
665 367 16 19 0.031749953 
813 496 12 17 0.031672087 
973 487 9 11 0.03156218 
372 550 10 13 0.031548735 
827 420 10 14 0.031460408 
32 662 13 15 0.031301867 
206 565 14 20 0.031054843 
227 561 15 17 0.03086561 
843 559 13 20 0.030674966 
233 474 12 15 0.030500883 
847 495 20 27 0.030201582 
666 475 11 15 0.02998083 
468 574 16 21 0.029698117 
603 591 17 23 0.029643616 
589 656 15 20 0.029588157 
784 502 19 27 0.029574474 
771 492 13 16 0.029415641 
749 547 14 19 0.02926034 
458 596 19 24 0.029196115 
649 308 28 36 0.029169021 
636 577 24 30 0.029095694 
660 410 13 17 0.029084172 
732 553 23 33 0.029042292 
-36 75 159 261 0.02879292 
836 570 15 19 0.02865733 
716 509 11 15 0.028655907 
928 439 10 12 0.028049063 
432 570 13 18 0.028007051 
759 326 43 55 0.028002912 
994 430 9 12 0.02794335 
595 633 13 15 0.027743947 
19 673 12 14 0.02768953 
957 510 14 20 0.027638363 
595 620 22 29 0.027637048 
334 508 14 17 0.027394708 
254 467 13 18 0.027329689 
364 633 15 22 0.027154393 
450 572 17 21 0.027146103 
691 516 13 16 0.026899308 
492 572 13 17 0.026765145 
633 641 17 23 0.02675979 
445 634 17 24 0.026653817 
230 578 39 44 0.02661625 
601 320 40 53 0.026490487 
812 584 13 17 0.026381757 
53 648 19 26 0.026236437 
863 483 11 14 0.026096594 
90 584 16 19 0.026022328 
965 488 11 14 0.025950992 
672 518 11 13 0.025915263 
910 469 12 16 0.025813038 
216 555 28 33 0.025783265 
644 438 11 14 0.02574001 
908 497 15 19 0.025441337 
47 568 10 13 0.02528009 
701 565 16 23 0.025239738 
46 517 9 11 0.025233507 
6 658 20 28 0.025116825 
638 558 10 14 0.025025452 
942 483 12 16 0.024972586 
621 312 17 19 0.024762388 
160 514 12 14 0.024740534 
741 553 15 20 0.024736507 
762 525 13 17 0.024665378 
277 547 12 16 0.024454104 
175 471 11 13 0.024451874 
666 602 16 22 0.024448883 
401 617 19 25 0.02434461 
767 437 20 24 0.0241629 
1000 462 8 10 0.024159735 
557 608 16 19 0.024127027 
615 651 27 33 0.024069129 
838 447 9 12 0.024026388 
581 613 23 32 0.024024606 
797 536 13 17 0.023943828 
894 494 11 16 0.023927333 
577 624 16 20 0.02383525 
704 519 21 28 0.023834413 
230 595 18 20 0.023796724 
221 608 16 19 0.023735205 
865 538 15 20 0.023660835 
308 670 12 14 0.023608256 
582 633 27 31 0.023481928 
794 547 13 18 0.02340067 
838 373 12 15 0.023321144 
971 548 12 14 0.023312652 
633 398 23 28 0.023272153 
961 495 15 20 0.023169864 
42 518 8 10 0.023099486 
318 639 11 12 0.023093512 
844 571 14 20 0.023090255 
779 496 19 24 0.02289436 
220 538 13 17 0.022770714 
89 603 17 22 0.022763332 
125 512 13 17 0.022725271 
215 513 16 20 0.022692803 
217 610 11 15 0.022614155 
803 534 14 18 0.022523878 
727 531 13 17 0.022474034 
665 469 11 14 0.022467123 
403 123 31 37 0.022462279 
912 454 10 12 0.022451859 
312 659 13 15 0.022383843 
896 527 12 18 0.022372575 
904 400 9 11 0.022246292 
219 522 30 38 0.022196796 
365 490 13 18 0.0220667 
463 584 26 33 0.022026626 
990 500 13 18 0.021988876 
66 525 12 15 0.021899633 
797 470 16 19 0.02185071 
223 368 9 13 0.021848572 
977 447 11 14 0.021821856 
349 567 22 29 0.0218147 
723 546 15 22 0.021729194 
676 530 27 32 0.021712273 
732 493 20 26 0.021693753 
666 556 26 33 0.02162535 
990 563 23 30 0.02153551 
951 477 12 15 0.02152215 
738 625 13 18 0.021350577 
82 621 19 24 0.021218427 
243 25 106 130 0.021174887 
548 627 29 36 0.021159513 
682 510 10 14 0.021050982 
438 460 10 12 0.021001881 
453 491 11 16 0.020966863 
422 502 12 15 0.02087671 
612 583 13 16 0.020853544 
450 26 25 31 0.020839527 
767 356 26 34 0.02075561 
643 556 14 17 0.02064118 
776 520 21 24 0.02062581 
651 313 17 21 0.020576714 
536 604 28 32 0.020558078 
850 405 12 15 0.020364556 
217 537 28 38 0.02030183 
794 494 21 26 0.020284468 
870 478 10 13 0.020281062 
741 486 16 19 0.020266313 
713 601 25 32 0.020246906 
679 512 20 25 0.020227088 
588 640 16 18 0.020200673 
968 542 11 14 0.020171115 
