2_Demonstration_Demonstration_Or_Protest_2_453
98
60 308 34 43 0.99843794 
396 261 45 60 0.9975206 
476 234 82 108 0.9941943 
755 327 22 28 0.9910222 
573 324 30 36 0.98985505 
691 311 21 28 0.98686683 
607 294 25 33 0.98263836 
13 294 37 52 0.97770154 
737 311 17 21 0.9567678 
805 308 20 27 0.94785494 
648 281 21 28 0.93198967 
722 318 17 20 0.8594751 
718 338 18 23 0.8308444 
662 308 20 25 0.7744074 
268 335 21 25 0.692136 
196 277 56 71 0.6592307 
905 290 48 64 0.3788004 
910 316 23 31 0.37781173 
675 250 15 22 0.18757524 
637 287 15 20 0.18039921 
778 308 12 16 0.16549952 
804 273 14 19 0.13782522 
798 313 17 21 0.1204999 
336 314 28 33 0.113649085 
562 509 35 37 0.11196435 
550 145 29 38 0.105849296 
172 277 52 67 0.103755765 
807 347 13 17 0.093004435 
831 332 13 18 0.0906224 
96 602 33 34 0.090054266 
651 388 12 17 0.08957296 
916 307 28 40 0.084464714 
238 317 15 20 0.07380181 
286 323 16 20 0.07176361 
168 285 35 41 0.061338942 
557 323 11 16 0.05986459 
302 263 27 32 0.057144728 
714 74 15 21 0.055592496 
665 386 17 18 0.05257402 
156 310 12 18 0.051766556 
5 522 46 39 0.051576916 
810 341 13 17 0.0498716 
263 324 37 46 0.048636883 
799 279 14 16 0.047902346 
922 275 58 80 0.04471744 
812 303 14 19 0.04204365 
661 389 25 28 0.042000018 
785 354 18 21 0.041310474 
289 320 23 26 0.0403629 
29 320 29 35 0.039104704 
181 439 51 55 0.03909881 
709 78 16 23 0.038130596 
549 313 23 32 0.037998244 
555 152 17 21 0.03771306 
814 307 18 23 0.037556417 
828 296 23 33 0.037479665 
755 304 11 13 0.03722622 
731 314 19 25 0.036352005 
671 312 15 21 0.035737198 
716 362 15 17 0.035536762 
230 304 26 35 0.035412524 
746 319 23 30 0.035410658 
617 291 23 29 0.034831703 
660 299 15 21 0.034581807 
596 268 12 16 0.034060713 
684 236 13 18 0.033972904 
884 307 52 64 0.031560432 
148 302 21 30 0.030321421 
558 258 11 14 0.030101283 
561 316 26 34 0.030059092 
708 365 24 27 0.029471941 
747 307 15 19 0.028899997 
549 293 12 15 0.02812361 
847 302 83 103 0.0278312 
827 344 14 18 0.027393801 
299 281 29 35 0.02707844 
559 328 12 18 0.02698511 
710 11 16 20 0.026984906 
792 314 14 19 0.026663715 
741 363 13 15 0.02635947 
662 288 20 28 0.025873987 
42 328 16 22 0.025448337 
741 329 14 20 0.02518655 
650 387 21 28 0.024879355 
733 284 15 18 0.024505733 
655 306 18 24 0.024483737 
312 272 16 20 0.024292028 
692 369 13 18 0.02372769 
750 536 32 39 0.023649544 
675 262 15 19 0.023171354 
684 351 16 21 0.022427835 
805 270 23 29 0.022400972 
284 268 31 35 0.02239606 
84 312 24 33 0.022304673 
681 242 16 22 0.022223411 
786 365 18 22 0.021765484 
603 268 12 16 0.021416204 
712 276 10 15 0.0210367 
