2_Demonstration_Protesters_2_796
54
404 236 154 194 0.996743 
676 77 47 56 0.98291427 
608 134 34 40 0.98166156 
489 126 34 47 0.951228 
601 58 25 31 0.95065886 
524 99 23 27 0.88136333 
353 71 35 43 0.85575235 
353 126 28 32 0.85157245 
568 97 21 25 0.6289815 
581 140 22 31 0.35743713 
483 74 18 22 0.21112044 
340 75 31 40 0.15843906 
555 78 17 24 0.14738701 
388 19 26 33 0.14234284 
532 81 16 18 0.14128304 
476 185 36 49 0.12735426 
281 68 26 33 0.09983481 
312 161 24 30 0.08786387 
263 160 24 27 0.054516573 
525 83 23 29 0.051953185 
357 183 22 27 0.047905937 
572 83 15 20 0.045944203 
427 77 16 18 0.04448686 
82 386 30 38 0.044011727 
393 17 38 51 0.041625213 
802 362 16 22 0.041157626 
412 43 25 31 0.040698726 
394 5 30 30 0.039602406 
575 91 18 23 0.038851023 
253 111 24 32 0.03830681 
330 131 15 21 0.03390143 
-81 31 369 526 0.03247191 
604 53 17 23 0.030627502 
268 42 25 30 0.03021446 
225 275 33 36 0.027922077 
456 85 27 32 0.02717353 
566 104 29 37 0.026008897 
424 122 47 56 0.025902925 
506 77 20 28 0.025466958 
366 84 21 25 0.024807438 
617 156 387 457 0.02456976 
408 0 23 23 0.023936499 
492 70 21 30 0.023922054 
418 167 16 22 0.02307731 
564 89 19 26 0.02242538 
562 77 17 22 0.02237667 
118 383 28 37 0.021835867 
343 163 38 46 0.021106303 
1 139 15 21 0.02099184 
433 73 17 21 0.020970946 
516 87 24 32 0.020856436 
-4 0 176 236 0.020491637 
281 125 27 35 0.020384096 
535 98 17 22 0.020017534 
