2_Demonstration_Protesters_2_817
53
291 559 33 44 0.99278826 
377 536 41 53 0.9111001 
523 89 31 32 0.6379966 
297 608 43 59 0.1759728 
359 552 45 51 0.09127111 
585 146 40 46 0.08218281 
199 444 14 17 0.080568604 
345 562 43 50 0.06457374 
544 630 49 44 0.06416993 
558 622 13 15 0.06135898 
334 581 23 30 0.057520285 
193 456 18 21 0.05597943 
194 442 23 29 0.053447124 
559 553 12 15 0.051521804 
504 198 19 25 0.04860345 
204 440 11 15 0.04420014 
578 129 71 72 0.040969558 
665 565 10 12 0.038942326 
547 556 11 16 0.037998892 
599 612 14 19 0.03704717 
603 628 12 15 0.03694174 
546 625 25 28 0.036707018 
530 633 31 31 0.035968926 
525 101 33 35 0.035380136 
484 195 13 15 0.03528399 
320 545 41 53 0.033161473 
533 613 15 17 0.033066396 
482 182 27 31 0.03113046 
516 185 15 20 0.030873863 
344 583 48 52 0.03035758 
506 185 28 37 0.028651606 
450 118 192 203 0.027830835 
174 627 23 29 0.027535673 
496 541 45 58 0.027263384 
526 93 16 22 0.02707091 
306 565 29 38 0.026824681 
594 165 45 46 0.02579277 
675 592 27 32 0.025791986 
477 188 12 16 0.02526019 
566 626 56 45 0.024884827 
469 182 26 33 0.02432808 
540 134 34 37 0.023824893 
539 640 18 19 0.023212805 
570 641 18 22 0.022985421 
669 580 40 53 0.022903578 
511 172 43 50 0.022876356 
599 608 11 14 0.022860233 
494 609 28 33 0.022568328 
473 579 47 56 0.021651857 
523 105 48 54 0.02164886 
538 550 21 27 0.020789282 
524 541 42 56 0.020478128 
323 585 47 58 0.020192944 
