2_Demonstration_Protesters_2_577
32
809 546 25 31 0.99904627 
477 446 19 24 0.98082435 
608 559 18 22 0.96986616 
163 466 21 26 0.9493003 
101 453 15 18 0.21195363 
202 454 25 29 0.089769036 
327 378 16 21 0.07812747 
565 628 31 33 0.07522448 
93 457 22 26 0.05964499 
164 442 15 17 0.05375279 
85 460 16 18 0.051248115 
135 451 12 16 0.045490645 
344 539 12 15 0.0308557 
116 484 11 13 0.03003409 
855 526 10 12 0.029751228 
395 529 13 15 0.029740067 
218 445 13 17 0.028522395 
787 566 14 17 0.027786063 
781 548 12 17 0.027754998 
906 531 14 16 0.027607592 
570 637 33 37 0.02551969 
454 448 12 16 0.025366949 
1 408 13 22 0.02475576 
235 378 112 128 0.024354039 
655 542 13 14 0.023038713 
332 539 12 16 0.022055563 
723 740 31 28 0.021916095 
194 443 26 32 0.021607757 
871 534 11 13 0.020859854 
209 449 19 22 0.02024471 
443 712 25 32 0.020174405 
107 447 12 16 0.020029847 
