2_Demonstration_Political_Rally_2_456
221
397 310 29 36 0.99703324 
149 360 27 35 0.99432325 
83 373 24 35 0.76862407 
813 215 17 21 0.6542793 
642 307 15 20 0.63878655 
488 332 18 21 0.56448156 
708 251 13 17 0.3788991 
599 251 13 16 0.37803948 
356 209 13 19 0.37604457 
500 256 16 22 0.27773213 
630 215 8 11 0.26404145 
595 257 14 16 0.22714816 
618 283 11 15 0.20966657 
515 217 23 27 0.20425856 
199 245 13 17 0.20218407 
624 252 10 12 0.19882497 
662 217 12 15 0.17558196 
487 239 21 31 0.1608646 
636 230 10 12 0.15984374 
631 220 9 11 0.14973384 
468 240 13 17 0.14238647 
629 260 10 14 0.14235555 
558 245 10 15 0.13772717 
771 228 12 16 0.13547866 
662 258 15 22 0.13477485 
932 214 13 17 0.12639254 
629 253 10 13 0.12616968 
632 305 22 27 0.12381 
709 228 14 17 0.1183481 
712 274 12 15 0.11263049 
659 238 11 13 0.111670844 
857 231 11 14 0.10389871 
695 243 10 13 0.101921 
663 208 10 12 0.101875186 
467 270 20 24 0.09533197 
572 249 16 21 0.09186449 
525 249 13 17 0.08935951 
669 220 12 15 0.08774474 
663 287 12 14 0.08654057 
685 243 10 12 0.08213955 
702 247 13 16 0.08161903 
61 378 26 32 0.08111319 
713 249 14 18 0.08032377 
350 204 14 21 0.07691898 
765 215 18 20 0.07659129 
510 225 23 29 0.076337434 
426 247 18 24 0.07472668 
807 215 15 20 0.07412633 
950 227 14 18 0.07295808 
993 207 15 19 0.072162 
563 246 19 26 0.06587031 
94 386 24 34 0.06481965 
630 248 10 12 0.06374141 
502 234 23 30 0.0628949 
552 252 12 18 0.058156922 
292 245 13 18 0.05759694 
783 236 10 14 0.056511387 
566 238 10 13 0.0559124 
925 211 23 27 0.055599988 
679 244 13 15 0.05554608 
637 236 11 14 0.054808505 
669 253 12 17 0.0542808 
692 268 11 15 0.05337831 
978 269 13 17 0.05334158 
476 239 21 27 0.05329802 
654 265 15 18 0.050797883 
531 240 16 21 0.0503047 
702 235 13 15 0.050160006 
710 222 14 16 0.049003903 
668 213 12 14 0.04847374 
597 265 14 16 0.048249915 
800 217 11 16 0.046989784 
636 223 9 11 0.046785675 
461 240 15 19 0.046749435 
520 228 23 27 0.04662307 
939 214 12 17 0.04611998 
647 268 11 14 0.04594432 
622 300 10 13 0.04581427 
616 216 8 10 0.04554304 
825 192 10 12 0.044795755 
191 242 16 18 0.04453896 
828 194 10 13 0.043900233 
714 235 15 17 0.04371468 
700 299 15 16 0.04335207 
967 238 12 15 0.043231197 
637 242 12 15 0.04271824 
571 266 14 16 0.04243672 
972 237 14 17 0.042110443 
672 357 11 15 0.042008158 
648 214 9 11 0.041680228 
776 318 8 12 0.041656803 
508 355 12 15 0.03988935 
658 219 10 14 0.039795697 
704 255 13 17 0.03945003 
663 201 8 10 0.03877574 
696 310 13 17 0.038280074 
291 204 15 22 0.03772517 
670 227 11 13 0.037542693 
429 229 14 18 0.03579693 
649 310 15 20 0.03575209 
149 249 16 19 0.035519328 
913 209 25 33 0.035342436 
427 231 23 28 0.035180483 
580 268 11 14 0.03515865 
615 278 18 24 0.034902018 
631 208 9 11 0.034807026 
669 207 11 13 0.03425837 
361 205 15 21 0.034189213 
649 208 8 10 0.034181558 
640 285 11 14 0.033733346 
622 267 12 16 0.03344634 
625 208 8 11 0.03301329 
606 239 11 14 0.032915104 
661 228 11 14 0.032196183 
947 295 14 18 0.031975117 
959 300 12 15 0.0317485 
972 141 12 15 0.03171032 
460 223 15 21 0.031707775 
700 275 12 17 0.03169703 
464 240 22 29 0.03142838 
612 237 11 13 0.031286605 
675 221 10 13 0.030987393 
505 294 23 31 0.030362552 
655 251 14 17 0.030247984 
675 249 13 16 0.030065212 
646 252 11 14 0.030050777 
537 234 17 22 0.030023841 
923 224 15 21 0.030001665 
221 288 10 13 0.029807057 
616 289 11 17 0.029691465 
552 244 11 17 0.029470066 
628 353 15 22 0.029383834 
656 231 10 13 0.029323135 
672 200 10 12 0.029177792 
477 333 39 48 0.02916642 
725 330 12 14 0.028687341 
502 232 15 21 0.028530061 
695 274 12 16 0.028524017 
644 243 12 16 0.028323734 
597 299 16 19 0.028307987 
392 365 43 59 0.028167643 
719 214 11 14 0.02812722 
466 220 11 16 0.02809736 
683 309 21 30 0.028044922 
939 219 21 26 0.028020032 
870 215 9 11 0.027635017 
723 220 13 16 0.0272619 
458 247 15 21 0.027004916 
634 288 24 31 0.026944978 
628 342 11 15 0.026621351 
714 222 21 25 0.026612964 
980 208 15 20 0.0263189 
495 336 17 19 0.026288664 
78 381 17 23 0.026140962 
661 307 13 19 0.026027253 
815 198 11 12 0.025399307 
625 219 10 12 0.025250856 
710 280 12 15 0.02517238 
181 220 23 28 0.025081094 
941 235 13 16 0.024800535 
491 340 25 27 0.024723971 
692 261 13 16 0.024702776 
182 251 11 14 0.024608305 
639 290 12 16 0.024443287 
673 339 11 14 0.024348179 
670 236 10 13 0.024341224 
766 205 14 18 0.024231646 
678 230 10 12 0.02401711 
174 242 13 16 0.023990693 
676 213 10 12 0.023942832 
591 221 10 11 0.023780875 
636 252 11 15 0.023766642 
217 274 11 14 0.023610724 
734 222 11 14 0.02358767 
225 222 26 32 0.023386562 
268 269 18 22 0.023231821 
647 221 10 11 0.023216521 
695 250 13 17 0.023213418 
440 205 12 15 0.023200449 
615 250 10 14 0.023194809 
868 219 11 14 0.023159247 
879 214 10 13 0.023065958 
983 201 22 28 0.022989094 
863 224 10 13 0.02276114 
676 205 10 13 0.022651317 
219 267 13 16 0.02263802 
723 203 12 15 0.02253504 
554 243 19 26 0.022434168 
722 243 12 16 0.022321684 
821 256 17 20 0.022253947 
656 208 9 11 0.022192424 
723 211 13 16 0.022121582 
540 334 16 18 0.02206916 
530 217 17 21 0.021882305 
180 243 12 16 0.021836754 
714 186 221 227 0.02173345 
460 215 13 18 0.021728352 
382 204 11 18 0.021677295 
409 245 23 33 0.021628043 
637 206 9 11 0.02148568 
625 255 19 24 0.021450099 
654 234 18 22 0.021415567 
512 245 20 28 0.021370906 
613 245 11 14 0.02136083 
615 270 11 14 0.021256704 
466 227 13 18 0.021018686 
813 205 14 18 0.020986509 
691 306 23 29 0.02081682 
165 213 26 29 0.020693552 
351 215 13 18 0.020624384 
64 361 39 49 0.020607002 
623 306 14 19 0.020504849 
429 221 12 15 0.020342676 
571 238 12 13 0.020236123 
99 397 25 32 0.02023535 
175 151 41 53 0.02021391 
855 224 18 24 0.020170556 
820 205 14 17 0.020164426 
277 242 15 18 0.020091908 
855 215 9 11 0.02005615 
579 256 15 19 0.02003823 
