2_Demonstration_Protesters_2_714
39
399 480 54 65 0.99409854 
190 424 62 69 0.9908516 
623 382 67 84 0.9740801 
329 603 54 63 0.28997776 
419 288 18 23 0.16189957 
24 302 28 35 0.110418126 
412 262 29 37 0.07462588 
872 242 15 18 0.06803658 
378 352 18 23 0.06797335 
411 291 21 26 0.058484398 
676 158 18 23 0.056639206 
26 318 29 37 0.055443652 
671 458 88 130 0.046221737 
381 249 14 20 0.04545184 
615 298 69 83 0.04258306 
547 230 194 265 0.04257331 
602 320 95 110 0.040309675 
308 277 14 19 0.036841772 
715 375 51 67 0.03508539 
916 222 15 18 0.03386505 
366 159 14 19 0.033271674 
401 296 17 23 0.033147186 
358 476 27 35 0.032635566 
253 288 16 18 0.030410225 
485 158 375 418 0.028531687 
605 204 12 16 0.027368212 
470 551 52 58 0.02685673 
587 237 129 153 0.02677471 
594 475 16 22 0.024487467 
867 602 15 20 0.024283322 
561 407 42 49 0.02270821 
554 400 29 38 0.022698404 
351 236 12 17 0.022507522 
290 438 31 39 0.022168603 
567 308 96 105 0.022052668 
46 347 32 36 0.021571139 
266 530 28 34 0.020901315 
564 331 63 67 0.020563474 
557 460 15 22 0.020171028 
