2_Demonstration_Demonstration_Or_Protest_2_306
32
825 209 102 144 0.9998276 
668 212 60 85 0.99803203 
184 154 114 165 0.9767404 
357 182 54 64 0.9755921 
311 191 51 67 0.95643866 
585 234 49 59 0.88542384 
332 185 54 64 0.820899 
619 201 33 43 0.82028514 
341 323 73 84 0.66575694 
3 266 47 65 0.39228466 
748 248 42 75 0.26411745 
400 164 30 43 0.120567605 
790 232 95 133 0.08196179 
994 253 14 17 0.06317736 
444 205 56 61 0.06180911 
278 169 80 107 0.061110985 
25 262 60 67 0.05315864 
597 214 48 56 0.051488306 
444 288 47 62 0.04141424 
-8 271 362 488 0.033469453 
756 245 75 110 0.033085156 
41 117 54 82 0.031601433 
456 303 27 38 0.030624319 
628 212 32 44 0.028537588 
709 218 62 104 0.027551508 
740 264 33 49 0.027256405 
409 297 79 93 0.025143895 
230 178 76 110 0.024505857 
374 303 85 107 0.023878569 
409 271 51 68 0.023643829 
59 471 276 244 0.022816889 
383 174 40 52 0.021530455 
