2_Demonstration_Demonstrators_2_499
118
259 358 23 27 0.99426645 
760 340 25 28 0.98327106 
634 365 19 22 0.9804997 
813 347 21 29 0.948761 
601 364 22 23 0.9247043 
486 384 15 19 0.90279794 
455 364 19 22 0.8798499 
976 325 38 48 0.87956893 
426 360 15 24 0.879165 
697 379 17 21 0.8759525 
552 358 18 23 0.81895024 
363 366 19 23 0.6757898 
961 348 17 21 0.6751346 
966 341 26 32 0.4786909 
516 389 16 21 0.36211675 
831 327 22 28 0.2941831 
655 367 11 15 0.29185525 
526 365 10 13 0.27045247 
854 326 13 18 0.21117955 
832 323 14 20 0.16462544 
992 317 31 50 0.1263257 
907 353 26 39 0.12341545 
584 372 11 16 0.11613703 
864 305 12 16 0.10785452 
575 349 10 14 0.10434173 
302 349 14 17 0.09040891 
542 327 7 9 0.07725417 
876 331 12 16 0.070561655 
855 318 11 16 0.07046325 
844 330 16 21 0.06888571 
581 343 9 11 0.06790608 
757 618 17 19 0.06633344 
552 325 8 9 0.06323755 
519 374 11 14 0.060511664 
707 379 13 16 0.060358375 
622 326 9 13 0.058844734 
220 368 17 23 0.05374284 
849 327 24 30 0.05067948 
567 350 11 16 0.04795915 
523 323 11 14 0.047558013 
694 270 12 14 0.046704594 
906 366 17 25 0.045815997 
859 315 13 17 0.04428426 
702 286 10 12 0.043964174 
459 590 15 18 0.04389966 
678 277 9 11 0.043856017 
670 309 15 17 0.04249537 
750 345 16 20 0.04149805 
287 349 12 15 0.040710334 
415 362 23 30 0.03984525 
305 344 10 12 0.039493687 
933 359 25 32 0.038229488 
355 356 36 44 0.037125297 
867 324 21 27 0.03703191 
540 390 10 13 0.036893256 
518 341 8 11 0.03658591 
591 354 11 17 0.03588707 
563 355 15 20 0.03532095 
341 350 11 13 0.03405701 
578 379 11 14 0.033341434 
381 377 13 17 0.033060543 
606 344 11 13 0.032966323 
674 315 13 15 0.032871075 
743 347 11 15 0.032007948 
517 381 13 17 0.0318888 
571 352 13 18 0.0318124 
237 609 15 19 0.03131364 
227 373 15 22 0.030257344 
714 380 11 13 0.0302233 
692 293 10 12 0.029927824 
695 285 10 13 0.029730393 
705 292 9 11 0.029314997 
806 323 39 48 0.028874557 
878 316 13 16 0.028788015 
341 363 13 16 0.028193552 
996 470 12 14 0.027906045 
786 626 14 17 0.02747046 
364 351 12 15 0.027238756 
544 321 8 10 0.026558926 
736 350 10 14 0.026380222 
916 346 45 52 0.026155727 
685 416 19 20 0.0260303 
758 420 13 15 0.025598485 
537 333 10 13 0.025434647 
931 337 40 47 0.025118776 
838 333 25 30 0.024855345 
363 357 16 20 0.024688857 
527 351 10 13 0.024471791 
672 281 8 9 0.02437891 
431 331 12 17 0.024233123 
319 335 8 11 0.024154356 
860 301 21 25 0.024136245 
351 397 12 14 0.024134044 
878 410 15 18 0.024106748 
864 311 22 31 0.023483744 
424 331 10 14 0.02329172 
404 576 12 14 0.022990832 
909 355 15 23 0.022682922 
598 349 12 15 0.022582691 
333 341 11 13 0.022508958 
671 321 11 14 0.022340776 
334 348 12 15 0.022324245 
343 343 9 13 0.022104805 
341 354 14 18 0.022000743 
557 385 13 17 0.021899125 
469 389 13 17 0.021808675 
1002 339 19 28 0.021679718 
332 333 11 13 0.02142753 
536 338 10 13 0.021368736 
327 339 10 13 0.021182163 
320 340 8 12 0.020974608 
587 365 14 18 0.020915441 
349 339 11 14 0.020869333 
600 347 23 29 0.02085809 
573 343 18 24 0.020815728 
512 379 12 16 0.020320056 
573 366 20 27 0.020085115 
854 310 21 29 0.020045957 
