2_Demonstration_Demonstration_Or_Protest_2_140
926
952 637 28 34 0.99802446 
331 519 15 19 0.9959559 
764 624 15 20 0.99539244 
843 628 24 33 0.9910409 
493 476 13 17 0.99030465 
202 539 16 21 0.98979175 
806 569 14 20 0.98487246 
742 548 15 19 0.98326683 
382 476 12 15 0.982576 
413 561 17 21 0.97857636 
956 590 15 21 0.9764237 
785 561 15 19 0.9764058 
769 541 16 20 0.97396505 
138 585 18 22 0.97371304 
802 644 17 21 0.9735371 
531 490 15 20 0.97040445 
756 577 15 19 0.96646166 
637 383 13 16 0.96610916 
332 606 20 23 0.9646073 
616 526 18 22 0.9644336 
637 487 14 18 0.9593165 
430 619 18 21 0.9577893 
451 486 13 15 0.95689887 
763 597 13 16 0.9561973 
302 606 15 21 0.9529064 
558 501 14 19 0.95227015 
157 544 14 18 0.9496762 
548 475 14 17 0.94543695 
180 616 17 19 0.9406145 
455 397 11 14 0.94053805 
521 574 18 23 0.9397732 
245 607 15 20 0.92945033 
375 630 19 24 0.9271961 
834 543 13 16 0.9257528 
702 462 13 17 0.924871 
779 522 13 16 0.9177482 
860 601 15 17 0.91441905 
547 526 15 19 0.90566176 
559 355 10 12 0.89509547 
511 501 14 19 0.8911136 
564 468 14 16 0.88129765 
512 386 11 15 0.8737613 
624 623 20 26 0.8719577 
365 604 17 20 0.86822623 
413 478 15 18 0.8642469 
915 602 16 19 0.86157775 
713 572 12 17 0.86095124 
630 470 13 16 0.8551169 
299 517 16 19 0.8534821 
523 527 13 17 0.8526375 
601 380 11 15 0.8491303 
685 504 15 17 0.8468268 
591 458 14 17 0.84427685 
740 395 11 14 0.83655006 
545 397 10 13 0.8292332 
682 477 13 16 0.81410587 
725 476 12 15 0.80096465 
572 537 15 19 0.7879149 
304 557 16 20 0.78546137 
711 389 9 12 0.78094304 
375 509 14 20 0.755053 
280 526 13 17 0.75441146 
379 573 13 17 0.7480936 
183 651 21 20 0.74393535 
686 415 12 16 0.7249268 
412 652 19 21 0.71944034 
623 378 10 13 0.7162594 
231 463 16 20 0.71332943 
644 461 13 16 0.7024111 
823 272 9 12 0.6969074 
903 641 28 28 0.69653594 
575 328 13 17 0.6961712 
721 627 17 21 0.67717713 
611 434 12 15 0.6771124 
527 621 21 27 0.6544634 
854 265 8 10 0.6303836 
249 563 15 21 0.6261672 
721 311 10 13 0.6134895 
453 643 15 20 0.5988311 
694 357 11 14 0.5708025 
388 615 15 19 0.56229085 
552 419 10 12 0.56193084 
557 387 11 14 0.55540514 
671 318 11 15 0.5431532 
743 240 8 10 0.5314773 
721 255 8 11 0.53104395 
670 540 15 21 0.530598 
692 269 10 13 0.5078331 
609 653 20 20 0.50597817 
232 485 13 17 0.5041847 
759 256 9 12 0.50163746 
698 591 15 19 0.47071093 
668 248 9 12 0.4682683 
221 621 15 19 0.4594481 
460 556 14 18 0.43309927 
362 548 15 18 0.41051582 
803 301 10 14 0.4104423 
160 592 15 19 0.40801874 
656 333 10 12 0.3971772 
459 533 13 16 0.39650252 
923 639 23 27 0.38010877 
702 216 6 9 0.3796972 
784 263 10 12 0.36456266 
661 638 22 24 0.36176527 
857 288 10 13 0.36037192 
652 556 14 19 0.3523507 
654 270 8 12 0.34402305 
673 367 12 15 0.34123558 
485 634 16 18 0.33918288 
838 97 11 12 0.33705008 
653 598 16 21 0.3323629 
751 287 9 11 0.32884294 
769 235 8 11 0.32693517 
490 629 17 20 0.31181026 
860 324 12 13 0.31033567 
910 581 16 20 0.30580467 
872 237 7 10 0.3047742 
798 238 8 10 0.28641233 
490 531 17 21 0.2794084 
686 196 8 11 0.2794057 
794 237 7 10 0.2737421 
695 651 15 18 0.26668715 
304 581 12 16 0.26606056 
751 293 8 10 0.25226882 
648 530 14 17 0.23360844 
562 245 11 13 0.22696224 
876 578 13 16 0.2236503 
468 389 13 16 0.22119716 
571 445 12 15 0.21685807 
736 271 8 9 0.21297877 
522 275 11 13 0.21001327 
629 281 11 15 0.20919178 
676 299 10 13 0.20912382 
999 220 8 10 0.20875509 
630 463 12 15 0.2063484 
744 175 8 10 0.20599914 
671 390 10 14 0.20458503 
693 448 10 12 0.20362209 
655 204 10 12 0.20344305 
692 543 16 18 0.20099369 
697 239 8 10 0.19287826 
781 214 9 11 0.18919761 
687 287 9 13 0.18494473 
896 279 10 12 0.18317015 
358 553 16 20 0.18243033 
888 229 7 9 0.17886281 
571 436 11 13 0.17664708 
604 311 10 12 0.17509508 
746 651 18 21 0.17103878 
540 255 10 12 0.1705103 
788 318 10 12 0.16442274 
469 583 11 15 0.16356939 
879 284 8 10 0.16328566 
432 589 13 17 0.16274966 
774 188 8 11 0.16197246 
527 374 10 13 0.16115013 
673 295 11 13 0.15934265 
804 296 10 12 0.15749227 
447 604 14 19 0.15401551 
678 389 12 15 0.15247644 
550 391 12 15 0.15233266 
854 215 8 11 0.15219617 
758 207 7 9 0.15140347 
800 262 9 12 0.14958824 
985 263 7 10 0.14731231 
571 430 12 13 0.14566816 
494 430 9 12 0.1434878 
871 189 10 12 0.14281458 
534 259 10 13 0.1409743 
792 233 8 10 0.13768765 
419 503 16 20 0.1376093 
822 174 7 9 0.13638178 
799 214 7 9 0.12997085 
783 255 9 11 0.12834287 
140 611 12 16 0.12606473 
832 223 8 9 0.12603562 
582 313 10 15 0.12556346 
686 254 8 11 0.1250394 
592 346 10 12 0.1215896 
969 264 7 9 0.12044857 
842 238 8 11 0.11914721 
937 224 8 10 0.118751526 
597 548 16 18 0.117979206 
675 446 13 15 0.117103584 
934 279 8 10 0.11659496 
842 142 9 11 0.11426475 
834 185 7 9 0.11355262 
742 601 14 17 0.11217008 
764 256 9 11 0.11196837 
74 344 10 13 0.11110652 
912 178 9 12 0.11098511 
721 248 8 11 0.11003622 
700 237 9 11 0.10925797 
761 174 7 9 0.107179254 
145 648 23 26 0.105975896 
767 174 8 9 0.10518662 
689 452 11 13 0.10327715 
816 199 7 9 0.10327413 
768 168 8 10 0.102238424 
665 453 10 14 0.10171556 
743 212 8 10 0.10057015 
828 277 10 12 0.09991823 
615 280 11 13 0.09917786 
281 414 19 20 0.09831617 
166 513 13 16 0.09723007 
688 274 11 14 0.09719628 
725 253 8 11 0.09655566 
749 300 8 10 0.09561721 
976 248 6 8 0.0953405 
941 225 8 10 0.09517215 
685 349 11 13 0.09413246 
284 594 16 21 0.09349665 
595 565 17 19 0.09262362 
792 190 8 10 0.09259844 
681 383 10 12 0.091672175 
767 216 7 9 0.091376066 
569 287 9 12 0.091104254 
809 625 15 18 0.09041589 
701 483 13 16 0.09017994 
998 642 12 17 0.09016303 
686 522 16 18 0.0893489 
750 175 8 10 0.08909622 
770 149 8 11 0.08846685 
754 207 8 9 0.08675956 
962 232 7 10 0.08661603 
833 247 8 10 0.085638985 
669 450 12 15 0.08535944 
838 613 12 16 0.08485339 
807 611 11 14 0.084755905 
477 524 12 16 0.08453896 
777 214 9 11 0.08302783 
718 240 7 9 0.082778744 
413 537 15 20 0.0825457 
702 232 8 10 0.08232166 
927 311 10 12 0.082168356 
264 428 12 14 0.0812887 
606 406 12 14 0.08100354 
738 238 8 10 0.08077621 
739 206 8 11 0.080385946 
765 655 13 15 0.0800239 
730 232 7 9 0.07871885 
805 278 9 11 0.07824387 
634 476 14 17 0.077657074 
725 249 9 10 0.07759834 
791 197 8 10 0.076351956 
809 159 8 10 0.07581636 
403 535 20 24 0.075389914 
597 245 9 11 0.07526035 
683 387 11 14 0.075055964 
749 310 9 11 0.074636556 
461 545 22 28 0.07434578 
889 272 8 9 0.074046604 
697 167 7 9 0.0738004 
589 386 10 13 0.07376661 
587 521 15 17 0.07367915 
786 175 7 9 0.073590495 
849 216 8 10 0.07344673 
793 184 7 9 0.073317766 
874 284 9 11 0.073111616 
887 277 9 12 0.072871014 
839 217 8 9 0.072316 
562 351 13 16 0.07194946 
724 341 9 12 0.071895115 
592 326 10 13 0.071369834 
789 311 10 11 0.07123855 
783 287 8 10 0.071068384 
655 213 8 10 0.07089547 
735 231 7 10 0.07083561 
688 356 12 15 0.07060421 
741 200 8 9 0.07058778 
510 575 16 21 0.07049231 
820 319 9 12 0.0703271 
660 541 19 26 0.0703096 
781 209 8 9 0.07014794 
509 412 12 13 0.07003601 
533 299 9 12 0.06998724 
508 261 9 14 0.06968993 
791 173 7 9 0.06964653 
683 593 16 19 0.069487154 
683 343 12 13 0.06945917 
790 548 13 16 0.06930501 
638 214 9 11 0.06922744 
988 641 14 18 0.06911378 
805 317 10 11 0.068957455 
829 578 15 17 0.067558825 
749 241 8 10 0.06684132 
882 605 12 16 0.06647 
678 306 11 15 0.06641451 
735 276 10 12 0.06634908 
916 91 10 13 0.0661714 
734 265 8 9 0.06493246 
526 256 10 12 0.064642005 
634 183 7 10 0.06434804 
596 279 10 13 0.06425216 
928 318 10 13 0.06414351 
968 216 8 9 0.06395371 
839 245 8 11 0.063928016 
426 500 14 19 0.06366909 
281 544 12 17 0.06348537 
680 144 7 9 0.0630106 
622 278 13 15 0.06290916 
297 641 22 26 0.062463943 
435 114 13 16 0.0621883 
669 276 11 13 0.062049255 
816 206 8 10 0.061827037 
308 456 15 21 0.061044168 
691 293 10 13 0.06102933 
701 647 20 25 0.060771983 
877 189 7 10 0.06015202 
798 190 7 9 0.060145814 
460 388 18 22 0.059894174 
822 169 7 9 0.059879567 
642 207 7 10 0.05985876 
303 649 23 24 0.05982644 
744 181 9 11 0.05969569 
626 375 12 15 0.059547134 
822 214 8 10 0.059378855 
840 296 8 10 0.059234425 
520 627 12 17 0.059161127 
571 505 13 16 0.059017867 
751 535 13 14 0.058720764 
910 606 16 20 0.058564186 
648 207 8 11 0.058536988 
593 212 10 15 0.058495294 
180 475 10 13 0.05844813 
356 616 14 20 0.05791046 
954 215 6 9 0.05727971 
838 221 8 10 0.056528036 
785 240 8 9 0.056278016 
213 577 13 15 0.055660885 
663 647 23 25 0.055553917 
894 573 12 15 0.05528375 
397 546 15 19 0.054958735 
832 190 7 9 0.05494536 
687 238 8 11 0.054647192 
748 501 10 13 0.054416563 
825 245 8 11 0.0542857 
709 271 9 11 0.05390112 
782 246 9 10 0.053844612 
239 571 13 17 0.05371574 
838 183 7 8 0.05365208 
555 475 13 17 0.05363526 
624 384 10 14 0.053564698 
447 581 12 16 0.053452924 
896 216 8 9 0.051740788 
1001 247 7 9 0.05163199 
622 223 9 13 0.05115191 
762 574 13 16 0.0510554 
718 621 13 17 0.05094725 
623 612 14 16 0.050698135 
974 215 7 9 0.050178804 
934 292 11 14 0.050147943 
381 623 19 24 0.05014407 
359 608 15 20 0.04979208 
204 588 12 16 0.049678084 
929 292 9 13 0.04961194 
806 215 7 10 0.049457673 
704 199 7 8 0.049140565 
582 460 13 15 0.049090408 
799 145 7 8 0.04906671 
720 293 10 12 0.048777387 
850 221 8 10 0.04873988 
518 351 13 14 0.048598588 
916 177 9 11 0.048519917 
814 294 11 13 0.04849072 
632 381 12 15 0.048109423 
702 220 8 11 0.047878094 
793 216 7 9 0.047853097 
817 192 7 9 0.047786932 
282 611 16 20 0.0475115 
862 280 9 11 0.04741592 
299 444 25 32 0.047308885 
520 373 10 13 0.04718109 
682 254 8 10 0.047075905 
974 549 10 13 0.04702213 
378 600 16 20 0.046937935 
791 543 11 14 0.046700623 
773 233 8 10 0.04638346 
788 577 13 15 0.046193615 
776 247 9 10 0.045929484 
742 643 17 21 0.045905992 
682 239 8 11 0.045696158 
798 232 8 10 0.04568245 
750 181 8 10 0.045562923 
711 284 9 11 0.045418173 
475 581 11 15 0.04511422 
737 183 8 10 0.04506301 
937 200 7 9 0.04483375 
544 431 11 14 0.044827417 
680 208 7 9 0.044751093 
799 209 7 8 0.04457958 
754 256 9 11 0.04432367 
761 214 7 9 0.04419315 
629 456 12 14 0.044132344 
688 263 11 14 0.043988667 
685 527 21 24 0.043981332 
928 240 8 9 0.043968916 
688 231 8 9 0.043930534 
179 145 13 17 0.043877225 
463 527 20 25 0.043868583 
915 574 14 17 0.043764338 
636 219 10 13 0.043691758 
370 462 13 17 0.043615136 
862 177 7 9 0.04360732 
778 208 8 9 0.0435969 
487 585 15 18 0.043584675 
743 223 6 9 0.0435505 
798 184 8 10 0.04325056 
782 220 9 11 0.043212388 
801 319 8 11 0.043031793 
824 239 8 10 0.043002352 
800 243 8 11 0.04296355 
697 208 7 10 0.042896997 
114 609 18 22 0.04284265 
769 190 9 10 0.04281297 
545 358 10 12 0.04243114 
821 295 10 12 0.042259354 
718 183 7 10 0.042164695 
738 224 6 8 0.042135082 
679 500 14 19 0.041709397 
684 310 10 12 0.041688662 
725 294 9 10 0.041592985 
285 653 14 18 0.04154106 
752 224 7 9 0.0411508 
714 247 8 10 0.040913302 
725 391 10 11 0.040782873 
820 270 9 11 0.040707603 
680 214 7 10 0.040562816 
768 295 8 10 0.040503327 
715 633 22 29 0.040413897 
634 277 13 15 0.040380236 
805 285 10 12 0.040268533 
678 472 13 17 0.04017856 
777 253 8 11 0.040000074 
669 285 11 13 0.039947286 
728 271 8 10 0.03992192 
582 444 12 15 0.039778747 
205 579 14 18 0.039760582 
177 625 25 31 0.03966851 
268 422 11 13 0.039608642 
646 544 21 27 0.03935718 
146 611 16 20 0.039198313 
761 223 7 10 0.03897693 
688 537 15 19 0.038941506 
752 280 8 11 0.038924772 
773 534 13 17 0.0388969 
865 191 9 11 0.038819935 
759 296 8 9 0.038817722 
747 296 8 10 0.03878132 
634 188 9 12 0.038685646 
204 639 15 19 0.03868521 
676 585 18 22 0.038669385 
711 303 10 12 0.038653992 
695 172 10 12 0.038636442 
797 109 10 12 0.03860211 
662 269 11 14 0.03850021 
517 364 11 13 0.03849352 
515 495 13 17 0.03840675 
611 421 13 15 0.038320936 
793 169 7 9 0.03826403 
933 285 11 14 0.038240887 
773 237 8 11 0.03816249 
646 253 9 11 0.03812861 
371 502 17 21 0.038108733 
709 278 10 13 0.038103994 
232 494 14 17 0.038080208 
678 277 9 12 0.03807082 
617 632 23 28 0.03803743 
686 215 7 9 0.038009655 
896 241 8 10 0.037973184 
208 572 13 15 0.037903365 
513 363 10 13 0.03785532 
697 160 8 9 0.037689503 
827 270 9 13 0.037653293 
735 283 10 12 0.037561856 
749 316 9 12 0.037508257 
832 283 10 13 0.037393667 
202 650 16 18 0.037045296 
633 216 8 9 0.036889747 
866 652 17 19 0.036648467 
91 126 15 23 0.036637362 
858 320 10 13 0.036603 
817 167 8 9 0.036398884 
682 393 14 16 0.036378544 
889 191 6 9 0.03616342 
469 537 23 27 0.036128957 
760 248 9 11 0.036128085 
800 285 9 12 0.03604124 
855 231 7 9 0.035930265 
784 183 7 9 0.035899125 
817 145 7 8 0.035863034 
834 100 9 12 0.03582383 
594 571 24 27 0.035755217 
559 240 19 25 0.03571637 
880 215 7 9 0.03554801 
885 283 9 12 0.035387497 
738 213 8 10 0.03534364 
728 262 8 10 0.03530318 
760 200 8 10 0.035281677 
832 252 9 11 0.035173383 
248 612 17 22 0.03511711 
934 272 9 10 0.035078622 
712 650 17 20 0.034992255 
791 278 8 11 0.034807682 
607 248 10 12 0.03473547 
339 491 12 15 0.034734722 
824 231 8 10 0.03465941 
816 151 8 10 0.03455472 
687 363 9 12 0.03453808 
519 269 18 23 0.03438013 
902 601 13 18 0.034341574 
511 562 14 18 0.034218874 
789 268 8 10 0.03418849 
455 571 11 16 0.034170054 
928 231 7 9 0.03416316 
828 482 15 19 0.03415415 
610 412 12 14 0.03398224 
976 269 7 9 0.03397362 
881 206 8 10 0.033927727 
420 530 12 15 0.03387641 
761 300 8 10 0.03379016 
629 246 8 10 0.033642 
583 230 8 10 0.033617165 
927 199 6 9 0.033485893 
882 223 7 9 0.0332128 
691 560 16 19 0.03316304 
760 169 7 10 0.0331366 
844 622 17 22 0.0331068 
680 222 7 9 0.03304808 
718 394 10 12 0.032993782 
816 312 8 10 0.032971986 
761 192 8 9 0.032940544 
977 143 7 9 0.032904595 
725 336 8 11 0.032902595 
622 505 14 17 0.032897588 
552 357 9 12 0.032891244 
333 629 16 21 0.032823343 
989 263 8 9 0.032813773 
554 383 11 14 0.03277967 
912 651 20 22 0.032755367 
817 185 7 8 0.032744557 
677 269 10 13 0.032669872 
366 499 15 19 0.03258659 
87 605 11 16 0.03258145 
983 643 13 17 0.032559797 
292 641 16 22 0.032508124 
853 642 24 26 0.032330263 
1001 253 7 10 0.032223698 
215 624 13 18 0.032202523 
745 317 9 12 0.032185007 
596 651 24 25 0.03199585 
680 263 9 12 0.031911742 
897 199 8 10 0.031893186 
913 215 8 10 0.03186969 
847 280 10 11 0.031786554 
822 266 17 23 0.03173317 
854 141 7 10 0.031710964 
793 223 8 9 0.031708166 
766 245 10 11 0.031672806 
770 183 9 10 0.03166393 
514 565 21 27 0.03165215 
593 284 11 14 0.03161608 
456 533 21 24 0.031556327 
750 496 9 11 0.031530533 
898 206 7 9 0.03149746 
671 328 11 13 0.0314357 
651 516 15 18 0.031115472 
685 459 13 14 0.031104447 
975 264 7 10 0.031075638 
280 426 12 14 0.031044707 
757 250 18 23 0.030980675 
588 529 15 20 0.030967271 
670 499 13 18 0.030956864 
449 109 9 13 0.030934593 
792 152 7 9 0.030918883 
385 571 14 18 0.030779215 
966 236 8 9 0.030778592 
665 586 24 30 0.030739423 
752 326 10 12 0.030712133 
718 231 7 9 0.030568201 
684 316 10 13 0.030564979 
784 324 10 12 0.030560795 
624 277 20 24 0.03053601 
805 261 8 11 0.030498216 
840 191 8 10 0.030484444 
398 577 15 20 0.030471738 
912 231 6 8 0.030451892 
674 213 7 10 0.030392254 
709 384 18 23 0.030346105 
798 509 11 11 0.030221516 
866 232 7 9 0.029998368 
625 213 7 10 0.029964224 
693 396 10 12 0.02993937 
470 492 11 15 0.029916722 
776 302 7 10 0.029911282 
967 554 14 16 0.029904898 
817 213 9 11 0.029900063 
824 192 7 8 0.029890385 
282 518 16 20 0.029842235 
846 244 8 10 0.029744279 
822 208 8 10 0.029697279 
685 602 13 16 0.029691556 
192 633 23 30 0.029569697 
847 137 9 11 0.029551964 
671 241 8 11 0.029537005 
849 284 9 12 0.029483221 
725 394 12 15 0.029337192 
838 317 8 11 0.029135963 
807 222 8 9 0.02910823 
917 214 9 11 0.029089624 
836 606 13 16 0.029074708 
685 512 16 19 0.029041128 
767 566 11 14 0.028957264 
681 246 9 11 0.028889775 
567 406 11 13 0.028774109 
549 427 11 14 0.028756093 
381 584 14 18 0.028740702 
909 595 18 22 0.02873975 
752 332 10 12 0.028664645 
971 642 24 28 0.028640881 
666 389 11 14 0.028552337 
741 271 8 10 0.028499957 
719 223 6 9 0.028464654 
548 415 19 22 0.028376825 
830 602 14 16 0.028291674 
969 248 7 8 0.028268483 
752 271 7 9 0.0282468 
767 301 7 10 0.028165923 
856 209 8 10 0.028151607 
792 158 8 9 0.02813124 
831 159 7 9 0.028093908 
727 276 8 11 0.027977522 
718 306 17 23 0.027906628 
864 182 7 10 0.02788776 
452 619 11 14 0.027865715 
688 264 17 22 0.027822636 
635 459 18 22 0.027815925 
192 648 24 26 0.027714558 
840 233 9 9 0.02766244 
830 230 8 10 0.027662193 
841 137 8 10 0.027590912 
734 652 17 20 0.027533054 
220 578 13 15 0.02752182 
878 240 7 9 0.0274739 
792 245 8 10 0.027460694 
492 611 14 17 0.027425142 
789 254 9 11 0.027418558 
583 364 10 11 0.02738454 
335 484 11 15 0.027377047 
478 492 12 15 0.027358644 
927 192 7 9 0.027356803 
776 544 15 19 0.027352678 
903 610 15 18 0.027287992 
774 168 7 9 0.027234128 
715 254 8 11 0.027224137 
712 189 8 11 0.027191473 
664 243 18 22 0.027081437 
574 461 12 16 0.027072558 
833 217 8 9 0.026985796 
936 205 7 9 0.02698102 
645 572 83 100 0.026907695 
687 223 7 10 0.026900426 
782 304 7 9 0.026888944 
693 299 10 13 0.026869876 
589 309 11 14 0.02686165 
900 283 8 11 0.02685871 
925 570 14 16 0.026849153 
832 294 9 11 0.026846113 
716 384 11 13 0.026803613 
703 276 10 14 0.026782041 
722 470 12 16 0.026774263 
822 150 7 10 0.026742574 
619 380 9 13 0.026706306 
895 191 7 9 0.026601665 
777 328 9 11 0.026577596 
581 438 12 14 0.02654512 
916 501 9 12 0.026476318 
983 268 8 9 0.026456404 
774 294 8 10 0.026454935 
581 454 12 15 0.026388079 
766 270 9 11 0.026348472 
586 383 10 13 0.026278162 
821 311 10 12 0.026262859 
810 199 7 9 0.026179561 
886 199 8 10 0.026159456 
835 612 20 25 0.026083842 
678 357 13 16 0.026064256 
691 285 11 15 0.026016714 
352 604 11 16 0.026002362 
470 525 15 18 0.02593684 
729 168 7 10 0.025915563 
1004 586 16 17 0.025906181 
647 306 13 17 0.025892116 
800 257 9 10 0.025879083 
805 240 9 10 0.025870515 
857 320 18 23 0.025864359 
772 658 12 13 0.02584446 
607 283 12 15 0.025825681 
768 288 9 10 0.025803305 
558 293 11 14 0.025752423 
449 104 9 11 0.025679119 
740 609 15 18 0.025649125 
655 220 8 11 0.025618127 
769 144 7 10 0.025608206 
721 346 10 13 0.025603455 
832 317 9 12 0.02559338 
686 247 8 11 0.025536582 
816 223 8 9 0.025503641 
694 325 12 15 0.025428997 
960 215 7 10 0.0253737 
513 357 11 13 0.025357267 
277 653 13 17 0.02533918 
960 236 9 11 0.025325142 
929 223 7 9 0.0252951 
777 220 9 11 0.025262648 
782 258 18 23 0.025251955 
315 643 17 20 0.025250943 
760 134 10 13 0.025163278 
705 395 9 12 0.025158806 
694 141 7 9 0.025134841 
472 526 22 26 0.025104916 
808 164 8 10 0.025087282 
758 584 20 24 0.025070328 
571 303 21 29 0.02496247 
747 540 15 18 0.02492882 
703 284 9 13 0.02484703 
823 183 7 9 0.024829078 
405 552 19 24 0.024733 
784 311 8 11 0.024684988 
773 564 13 16 0.024655392 
575 398 9 11 0.024655078 
1006 254 8 9 0.02465413 
720 287 8 10 0.024653291 
625 238 10 11 0.024612525 
929 651 17 20 0.024606047 
584 358 10 11 0.024596643 
840 176 7 9 0.024503201 
219 629 17 21 0.02450171 
855 152 7 9 0.024428146 
895 222 7 10 0.024426885 
990 199 8 9 0.024412384 
588 315 11 15 0.024387406 
229 581 11 15 0.024379138 
984 136 7 8 0.024368206 
799 610 12 17 0.024296714 
368 512 15 19 0.024283197 
914 583 23 27 0.0242102 
520 517 20 24 0.024198027 
669 291 18 22 0.024174286 
387 471 11 15 0.024081355 
400 389 15 17 0.024078522 
213 592 14 19 0.024077283 
757 539 13 16 0.024047693 
640 197 7 11 0.024046464 
759 278 8 10 0.024035672 
685 406 14 18 0.024024075 
569 525 21 27 0.0240123 
558 257 14 16 0.024004484 
999 239 8 11 0.02399996 
952 158 7 9 0.023979975 
595 588 22 27 0.02394364 
436 599 15 20 0.02389449 
815 287 10 12 0.023851987 
793 563 14 18 0.023834035 
714 184 7 10 0.023812527 
382 602 20 26 0.023810068 
838 325 8 11 0.02380764 
352 562 14 18 0.023804527 
984 166 7 9 0.023794455 
485 525 13 17 0.023753528 
967 220 8 11 0.023747694 
872 244 8 10 0.023714453 
524 367 11 14 0.023711385 
976 209 6 9 0.02368689 
702 269 10 13 0.023683032 
656 183 8 11 0.023667092 
952 208 7 9 0.02364984 
753 201 7 9 0.023641942 
579 621 16 21 0.023614466 
840 197 8 10 0.023601294 
871 215 7 9 0.023581786 
324 585 13 17 0.02354484 
985 257 7 9 0.023538534 
701 157 9 11 0.023528112 
622 585 20 28 0.023505123 
940 293 10 13 0.023497842 
712 293 9 12 0.023437433 
741 232 8 10 0.023413511 
300 459 17 21 0.023356937 
704 152 9 10 0.023329604 
696 232 8 10 0.023329029 
473 554 14 17 0.023252292 
661 341 10 11 0.023189818 
858 177 7 8 0.023154382 
590 654 16 18 0.023144785 
609 577 14 20 0.02314222 
892 271 10 11 0.02297161 
858 191 7 10 0.022965731 
992 149 8 11 0.022905383 
500 436 13 16 0.022893883 
829 593 15 17 0.022884093 
970 167 6 8 0.022879414 
713 308 11 13 0.022874093 
600 403 11 15 0.022819025 
634 622 14 20 0.02274632 
750 214 8 9 0.022701465 
508 253 9 13 0.022670828 
308 439 15 18 0.022633579 
690 352 18 22 0.022562258 
599 314 12 14 0.022484321 
436 582 12 16 0.022473179 
744 159 8 10 0.022446755 
799 222 8 10 0.022405587 
943 199 7 10 0.022382582 
910 539 11 12 0.022382528 
334 478 11 14 0.022330265 
888 239 8 10 0.022313366 
690 609 17 20 0.022304837 
719 305 10 13 0.022296527 
854 606 17 20 0.022278301 
684 323 12 15 0.02223978 
694 136 7 10 0.022214985 
980 543 9 11 0.022195408 
654 583 24 32 0.0221632 
728 215 7 10 0.02213713 
285 644 14 17 0.022096818 
621 610 22 26 0.022092372 
985 119 7 10 0.022089262 
867 238 8 10 0.022082327 
707 476 12 16 0.022079045 
806 270 7 10 0.022070054 
136 565 11 15 0.022040125 
760 269 9 11 0.02203463 
729 236 8 10 0.021987198 
799 325 9 10 0.021987187 
286 500 12 15 0.021942634 
87 600 20 28 0.021898275 
660 593 52 57 0.021887166 
676 534 12 17 0.021843906 
569 471 15 18 0.021803336 
593 341 12 14 0.021746669 
210 628 20 25 0.021744514 
648 412 11 14 0.021735387 
489 422 11 14 0.021700215 
936 193 8 9 0.021668782 
864 214 7 9 0.02166683 
656 247 9 11 0.0216442 
617 223 10 13 0.021529377 
932 633 24 31 0.021526437 
864 209 7 9 0.021481818 
872 573 14 17 0.021473793 
693 598 17 22 0.021401072 
139 643 19 24 0.021364959 
885 572 14 16 0.021338824 
652 589 14 19 0.021338565 
546 434 13 15 0.021284413 
664 325 10 14 0.021280667 
617 576 20 29 0.021279933 
741 385 11 13 0.021279808 
962 224 7 8 0.021266472 
443 594 16 21 0.021251727 
647 248 9 10 0.02123801 
713 231 7 9 0.02120187 
766 199 8 10 0.021172209 
579 428 12 15 0.021165837 
728 173 8 10 0.021145683 
800 291 18 23 0.021143056 
846 193 8 10 0.021129197 
769 158 8 9 0.021105032 
632 301 10 14 0.021007521 
668 458 13 15 0.020997941 
814 560 11 14 0.020985492 
920 597 16 20 0.020932438 
824 223 8 10 0.020898042 
622 271 11 13 0.020893304 
992 256 7 10 0.020860327 
710 617 15 20 0.020842403 
599 506 13 16 0.020832215 
219 592 15 19 0.02082435 
766 535 14 18 0.020804219 
902 240 8 10 0.020768404 
905 324 9 11 0.020751191 
766 221 8 10 0.020697307 
742 507 12 16 0.020683248 
176 635 40 40 0.02067758 
712 137 8 9 0.020668957 
937 382 38 50 0.020659 
761 238 8 10 0.020618558 
976 149 7 10 0.020609599 
563 496 13 16 0.020600894 
752 230 7 10 0.02059158 
573 279 23 26 0.020589152 
372 517 15 20 0.020582614 
568 299 12 16 0.020576589 
508 417 13 17 0.020552393 
109 604 16 20 0.020533485 
900 626 26 32 0.020523887 
521 259 12 15 0.020500513 
612 247 10 12 0.020494048 
630 271 11 13 0.02047508 
499 427 13 16 0.020473937 
928 206 7 9 0.020470658 
164 478 10 12 0.020470265 
832 198 8 10 0.020426646 
822 282 11 14 0.020410584 
975 254 7 9 0.02040112 
740 513 13 15 0.020390298 
414 485 22 24 0.0203542 
928 244 8 10 0.020340133 
491 620 15 18 0.020280246 
269 654 15 19 0.020270778 
108 615 18 20 0.02022999 
374 565 15 19 0.020214306 
392 85 8 11 0.02020155 
673 208 7 9 0.020200873 
300 635 16 19 0.020189658 
584 223 10 13 0.020173023 
609 569 15 19 0.020160962 
740 233 18 23 0.020159943 
598 249 12 16 0.020147268 
833 143 7 10 0.020146077 
726 349 9 11 0.020105675 
884 599 13 16 0.020101639 
96 605 24 28 0.020097408 
975 166 7 9 0.02006836 
35 659 14 14 0.020060917 
