2_Demonstration_Protesters_2_12
80
921 328 52 64 0.99741614 
827 329 44 65 0.9968419 
374 320 45 61 0.9949456 
18 348 55 71 0.9942367 
52 305 50 64 0.99339265 
293 282 49 61 0.9930813 
635 348 49 68 0.99142504 
485 313 48 59 0.990586 
768 285 39 47 0.9842084 
398 266 36 45 0.9824722 
422 338 41 56 0.95985746 
681 275 45 56 0.9587653 
642 314 45 60 0.8725379 
664 582 30 52 0.7638844 
597 311 43 50 0.73253584 
543 571 14 20 0.5123684 
183 304 39 48 0.4732757 
635 534 11 14 0.37632698 
167 311 40 52 0.21102285 
473 587 18 22 0.18798772 
625 602 10 14 0.1609341 
907 318 29 39 0.13374749 
506 285 14 17 0.12733679 
476 260 16 20 0.12059259 
225 294 17 21 0.103579104 
1004 311 21 43 0.10247403 
682 592 41 51 0.097841784 
717 326 34 50 0.09334298 
769 338 45 59 0.08780077 
372 292 32 36 0.085184254 
549 263 20 28 0.08512797 
263 508 33 34 0.08034762 
342 314 40 56 0.07481736 
912 307 32 38 0.07432585 
911 327 40 47 0.071720496 
660 309 43 59 0.070963025 
595 571 25 27 0.070200965 
992 323 30 48 0.05924694 
961 298 37 55 0.05771478 
744 559 42 59 0.05312613 
764 316 45 57 0.051089514 
700 298 42 58 0.050788928 
455 335 28 39 0.04773932 
703 587 41 55 0.045808986 
159 319 29 48 0.045453127 
506 330 32 41 0.04541855 
940 302 44 61 0.04412048 
1011 334 13 25 0.042786706 
909 318 16 22 0.041482083 
965 297 16 19 0.040856406 
926 305 34 36 0.040457502 
733 318 40 55 0.03857903 
725 271 15 20 0.03781507 
941 303 29 34 0.037128963 
462 577 27 31 0.03682456 
895 340 24 33 0.03584134 
960 297 25 34 0.034104325 
607 328 36 51 0.03366967 
628 573 11 12 0.03287896 
722 574 35 54 0.031371675 
151 333 26 39 0.030767294 
504 278 12 17 0.029370017 
665 519 26 30 0.02851213 
551 262 12 17 0.028440893 
170 337 29 43 0.026601542 
768 361 34 52 0.026474481 
590 334 37 47 0.025790852 
632 532 18 22 0.02573498 
597 566 16 17 0.025492014 
440 338 35 43 0.024920259 
622 599 21 30 0.023840697 
717 381 45 63 0.023477914 
209 293 28 35 0.023044894 
597 583 15 18 0.02279912 
753 535 64 76 0.022179222 
629 586 26 34 0.02209792 
655 573 11 15 0.0214963 
970 293 12 16 0.020580707 
711 568 33 50 0.020517487 
335 317 30 40 0.020007074 
