2_Demonstration_Demonstrators_2_425
742
578 385 25 34 0.99837 
864 303 28 34 0.9976617 
792 422 66 84 0.9965683 
787 301 38 49 0.9955368 
635 392 33 45 0.9936521 
355 430 51 65 0.99216324 
566 462 41 61 0.99138546 
699 313 17 22 0.9894768 
434 568 67 101 0.9853382 
618 332 17 21 0.98526716 
224 423 35 54 0.9800821 
17 472 43 47 0.97447205 
727 337 22 28 0.9713103 
612 303 14 17 0.96411204 
701 373 27 34 0.9625095 
487 372 15 20 0.9537679 
402 370 16 22 0.950848 
528 330 14 21 0.94025636 
657 305 17 21 0.9310744 
156 425 12 16 0.9122538 
793 271 20 21 0.9093084 
865 271 22 28 0.8715137 
203 402 21 29 0.8651569 
620 388 17 22 0.8625355 
965 356 51 66 0.8549954 
641 306 11 14 0.8385166 
740 301 15 20 0.8291753 
510 350 11 13 0.8096336 
45 429 23 31 0.79913104 
467 409 23 31 0.7978422 
173 398 12 16 0.7497854 
708 277 13 15 0.73599726 
92 377 12 17 0.72919446 
255 371 12 15 0.64628464 
139 376 12 14 0.6321959 
450 350 13 17 0.5833924 
768 266 11 14 0.56953776 
276 415 22 34 0.5454337 
423 341 10 12 0.5135587 
190 356 10 11 0.49606714 
289 350 9 12 0.49356616 
503 288 7 10 0.48004788 
131 433 16 22 0.47004303 
468 348 8 12 0.4567691 
516 317 10 13 0.42725775 
846 285 13 17 0.42251092 
47 398 12 17 0.40608194 
486 315 8 11 0.39564934 
577 333 13 15 0.39412323 
111 379 13 18 0.35078472 
701 269 11 13 0.34555066 
487 295 8 10 0.34211543 
3 452 16 18 0.3400258 
731 278 11 14 0.33353165 
397 325 8 11 0.3307033 
348 359 9 12 0.327268 
176 366 8 10 0.31672153 
511 324 10 12 0.3090522 
362 342 8 11 0.30749995 
735 266 12 15 0.30618602 
457 288 8 10 0.30389848 
401 349 11 13 0.30207992 
284 371 10 13 0.29559582 
280 369 9 12 0.29433835 
646 269 9 11 0.2867495 
287 421 25 33 0.2739709 
696 266 10 14 0.2735097 
126 423 12 16 0.27208552 
232 368 9 11 0.26764607 
0 380 11 18 0.25946072 
518 312 9 12 0.23642361 
454 320 9 12 0.2350905 
156 351 9 10 0.23381156 
238 352 8 10 0.23089664 
226 328 8 11 0.23009248 
135 350 7 10 0.22573759 
592 310 10 12 0.22194748 
317 357 8 10 0.21613541 
629 280 10 12 0.21458335 
393 333 10 12 0.20932196 
608 285 9 11 0.19806959 
577 292 8 11 0.1936193 
493 348 9 12 0.19303973 
129 349 8 9 0.19246405 
957 366 39 42 0.1917095 
192 394 9 13 0.19063973 
201 366 8 11 0.19012995 
625 284 9 11 0.18680894 
576 288 8 10 0.18637119 
861 280 16 20 0.18448243 
58 389 13 16 0.18294314 
560 327 11 14 0.1825382 
449 323 9 13 0.18189512 
851 284 14 18 0.17940843 
739 261 11 14 0.17911309 
562 413 24 30 0.1774251 
873 401 43 48 0.175925 
677 263 12 15 0.17201133 
408 312 10 12 0.16948222 
399 343 9 11 0.16703972 
558 316 9 12 0.16631694 
536 462 30 47 0.16251968 
421 319 8 10 0.16212474 
591 302 9 10 0.15941146 
415 317 9 12 0.15652284 
82 452 24 34 0.15508793 
372 389 11 14 0.15263225 
686 263 11 14 0.15238115 
672 266 10 13 0.15171136 
527 302 8 10 0.15125862 
15 372 12 13 0.1511195 
514 312 8 10 0.15083355 
45 379 10 14 0.1492994 
202 389 13 17 0.14913177 
21 402 22 26 0.14797191 
551 302 8 10 0.14568028 
374 349 8 10 0.14407806 
415 324 10 12 0.14346042 
166 381 9 12 0.14146262 
560 289 7 8 0.13958605 
214 365 8 11 0.13889001 
640 288 8 10 0.13875331 
382 324 8 10 0.13752618 
84 357 10 12 0.13724186 
136 357 10 13 0.13678716 
94 400 12 16 0.13515222 
583 294 8 11 0.13206324 
543 312 9 10 0.1305651 
557 313 7 10 0.1305616 
232 372 12 14 0.13016331 
366 313 7 10 0.12941527 
167 374 8 11 0.12892155 
803 245 11 14 0.12720326 
378 319 7 10 0.1266186 
338 342 8 11 0.12574486 
535 390 12 15 0.12542397 
69 364 9 11 0.12367796 
723 253 11 13 0.122434065 
265 349 9 11 0.121636316 
553 310 8 11 0.12145439 
805 253 11 15 0.121422134 
116 375 10 14 0.12021643 
492 342 9 12 0.120207414 
157 358 9 11 0.12013342 
737 256 11 13 0.1188276 
939 311 12 17 0.118790105 
89 374 11 14 0.11807242 
539 332 12 16 0.11766826 
440 302 8 10 0.11751392 
592 332 10 14 0.11703737 
597 279 9 10 0.115584366 
231 378 12 14 0.11544513 
160 388 9 12 0.11459374 
168 367 8 11 0.11388242 
662 277 9 11 0.1135374 
254 344 8 10 0.113237076 
639 292 10 12 0.11311145 
591 285 9 10 0.11285569 
592 280 9 11 0.1119921 
160 365 9 11 0.11176164 
266 335 7 9 0.11037219 
34 419 15 21 0.10935581 
926 292 12 14 0.10918732 
269 348 9 12 0.108963124 
123 388 11 14 0.10774794 
141 359 10 11 0.107651636 
214 345 8 9 0.106767155 
454 409 23 34 0.10591291 
118 385 11 15 0.10539367 
625 385 28 33 0.10472919 
85 397 12 17 0.10470332 
181 366 7 9 0.1046888 
237 389 13 15 0.10453623 
329 329 7 9 0.10408302 
415 313 7 10 0.10368656 
234 351 7 10 0.103000015 
482 317 9 11 0.10211171 
940 264 12 17 0.10205464 
774 244 9 13 0.10123378 
150 363 10 12 0.10121537 
535 296 9 11 0.099591464 
179 457 17 22 0.09870228 
110 394 12 14 0.098323435 
89 444 27 33 0.09832319 
535 388 24 26 0.09754829 
573 311 8 10 0.09660587 
489 335 9 12 0.09606635 
631 296 9 12 0.095841005 
822 270 11 16 0.095767595 
99 379 12 16 0.09462343 
911 279 10 13 0.09404192 
656 288 9 12 0.09391287 
705 282 13 16 0.09355537 
334 329 8 10 0.093218386 
772 310 12 16 0.092922054 
543 296 8 10 0.09281733 
780 221 10 13 0.092429 
199 333 8 10 0.092008494 
219 404 15 19 0.091145694 
585 420 23 28 0.090581216 
726 262 11 13 0.090527676 
360 326 8 9 0.089973256 
447 313 8 9 0.0895821 
775 251 10 13 0.08916181 
414 334 10 14 0.08882276 
254 389 13 17 0.08798428 
461 294 9 10 0.08670226 
151 387 10 13 0.08658895 
659 324 14 15 0.086530454 
600 209 11 14 0.08641457 
440 296 7 9 0.08593074 
694 277 10 13 0.085641265 
149 382 10 13 0.08478114 
495 313 8 10 0.08439512 
647 287 8 11 0.084276855 
289 392 24 35 0.08357668 
143 365 11 13 0.08356952 
138 426 19 26 0.0834579 
289 344 7 10 0.08308344 
784 252 11 14 0.082453504 
193 479 27 35 0.08232495 
299 430 19 23 0.0821759 
688 277 10 13 0.082052454 
80 373 9 12 0.08199522 
417 339 10 12 0.081126966 
128 364 10 13 0.08062137 
776 240 10 13 0.08017126 
540 315 11 13 0.07973662 
93 369 10 12 0.079712115 
35 400 20 25 0.07944977 
689 245 11 13 0.0786204 
407 289 8 10 0.07859033 
590 296 8 10 0.078537695 
245 334 7 9 0.07768893 
472 297 8 10 0.07708585 
488 299 9 11 0.07652794 
919 285 9 13 0.07641108 
800 240 11 13 0.074748516 
453 345 11 14 0.07416305 
559 293 9 11 0.07412316 
508 329 11 16 0.07395968 
79 366 9 11 0.07382847 
2 442 26 31 0.07366967 
440 318 9 11 0.07363369 
620 302 11 14 0.07357059 
373 342 8 11 0.072860226 
778 306 31 37 0.07256835 
646 265 7 10 0.07156685 
336 333 8 10 0.07151827 
537 318 9 12 0.071075775 
990 351 34 63 0.071054995 
643 269 8 10 0.07096566 
103 412 11 13 0.07093986 
171 464 29 37 0.070742376 
422 311 8 10 0.07063346 
829 330 15 21 0.070523255 
833 260 10 12 0.06961827 
577 328 10 13 0.0692498 
153 344 7 10 0.06917762 
584 301 9 11 0.069009274 
608 294 9 12 0.06825084 
687 302 11 13 0.068030715 
551 297 8 9 0.06801627 
614 278 7 9 0.067927875 
440 310 8 11 0.06693962 
710 262 9 12 0.06635219 
658 330 16 21 0.06633612 
608 280 8 10 0.0661923 
695 285 9 12 0.066181526 
437 335 10 13 0.0661443 
594 417 16 22 0.065593146 
707 291 13 16 0.06475832 
584 288 8 10 0.0646573 
101 406 10 13 0.06439404 
525 310 9 11 0.06424158 
409 325 9 12 0.06333691 
232 343 8 10 0.063315 
586 309 8 11 0.06259109 
247 320 7 8 0.06221228 
375 359 8 10 0.062169474 
229 333 8 11 0.06214991 
824 242 11 14 0.062147625 
510 304 7 9 0.061987806 
36 423 21 29 0.061957497 
270 344 8 10 0.06166488 
96 470 25 30 0.061624 
104 351 11 13 0.061609186 
942 284 9 12 0.061071116 
174 350 7 10 0.061037324 
687 251 10 13 0.06075825 
593 324 10 13 0.06066292 
944 472 28 29 0.060422864 
161 337 6 8 0.060274977 
608 271 8 9 0.060245574 
401 309 9 11 0.059531532 
431 365 8 12 0.05939426 
554 314 8 13 0.059186034 
235 381 13 16 0.058867715 
174 370 10 13 0.058854207 
374 336 8 10 0.05880501 
613 296 10 12 0.058731437 
522 297 9 9 0.058717836 
478 332 8 12 0.058658406 
439 324 9 12 0.05850081 
591 314 12 14 0.058491256 
285 403 13 18 0.058373537 
224 351 7 9 0.058203906 
313 340 9 10 0.058110084 
320 336 8 10 0.05778668 
649 276 7 10 0.057587363 
242 328 8 8 0.057587117 
107 442 16 18 0.057270326 
710 298 12 16 0.057261214 
232 390 22 28 0.057189167 
286 328 7 8 0.056916833 
360 337 8 12 0.05685421 
128 360 9 11 0.056802604 
432 327 9 11 0.056779467 
523 303 8 9 0.05663069 
577 344 15 17 0.056193464 
158 343 8 10 0.05595375 
680 324 12 16 0.055855572 
506 327 10 12 0.05558882 
415 350 9 12 0.05544094 
249 342 8 11 0.055058353 
204 383 11 14 0.055038113 
1000 583 24 35 0.05473239 
546 302 8 10 0.054690234 
458 302 8 10 0.054671757 
313 351 10 12 0.054649632 
424 359 9 11 0.0542992 
263 422 24 33 0.05417677 
934 277 11 14 0.054009363 
367 337 10 13 0.0534986 
213 429 31 44 0.053444006 
345 321 7 8 0.0533711 
472 327 10 11 0.05294133 
789 247 11 14 0.052783735 
505 301 8 10 0.052227527 
866 281 28 35 0.052209854 
482 295 8 10 0.051998697 
511 386 13 16 0.051792167 
613 287 8 11 0.05164592 
820 261 10 13 0.05143623 
320 320 7 9 0.050949007 
168 343 8 9 0.050354566 
478 341 9 12 0.05019454 
183 335 7 9 0.049957763 
690 346 17 23 0.049897157 
207 366 9 13 0.049627636 
482 288 7 9 0.049520165 
478 359 10 12 0.049470257 
583 271 7 9 0.049094334 
298 389 14 18 0.04898775 
685 307 13 18 0.04855236 
210 345 7 9 0.04807404 
165 388 10 14 0.047247235 
545 452 30 41 0.046882987 
596 303 9 11 0.04664917 
1 383 15 23 0.04662248 
414 356 10 12 0.046556626 
715 300 13 17 0.046363603 
269 329 8 9 0.046264656 
80 400 12 15 0.046262793 
486 290 7 8 0.046237346 
448 344 10 13 0.046205625 
549 331 11 16 0.046006627 
208 350 8 9 0.045820054 
940 277 11 15 0.04577069 
535 287 8 9 0.04566976 
936 267 11 16 0.045622826 
409 375 15 18 0.045188777 
351 320 8 9 0.044799652 
663 272 9 10 0.044786766 
176 416 13 19 0.044484 
118 433 22 25 0.04401984 
772 312 21 29 0.043922015 
75 459 24 38 0.043357436 
256 318 8 9 0.043327022 
479 327 7 10 0.043172725 
639 279 7 10 0.043111645 
293 344 9 10 0.042938538 
460 352 13 17 0.042923126 
337 402 49 62 0.0427702 
190 3 43 60 0.042650606 
462 303 8 9 0.042644907 
505 354 12 15 0.04245664 
313 335 8 10 0.042347677 
455 311 9 11 0.042012103 
291 354 11 12 0.041979358 
430 333 11 15 0.041949857 
401 288 8 10 0.041564994 
689 240 10 11 0.041564796 
865 237 8 10 0.041556787 
177 402 13 15 0.04146181 
195 396 38 49 0.04119922 
286 335 7 9 0.041054748 
394 321 10 11 0.040873386 
320 363 9 12 0.040869407 
346 394 26 32 0.04078489 
162 372 9 12 0.040784463 
656 277 9 10 0.040753517 
265 329 8 10 0.040727496 
101 397 10 13 0.04041739 
576 281 8 9 0.040265176 
304 320 7 8 0.04023264 
216 349 7 9 0.04022209 
87 388 12 16 0.04006881 
377 365 9 12 0.04000064 
714 277 12 14 0.039612506 
200 371 10 12 0.039552025 
623 293 11 13 0.039506484 
433 295 7 9 0.039464492 
740 236 11 13 0.039432127 
289 321 7 9 0.039364334 
176 361 8 10 0.039277826 
642 263 8 11 0.039265726 
240 393 22 30 0.039169867 
643 312 14 17 0.03909563 
528 296 8 11 0.0389026 
168 360 8 10 0.038858876 
193 364 9 11 0.03884451 
336 358 9 12 0.03882051 
405 342 10 12 0.038753208 
160 420 15 19 0.038576696 
159 396 10 13 0.038374763 
566 319 9 11 0.038265884 
281 344 7 9 0.03820439 
562 331 12 16 0.03819159 
369 347 9 12 0.03814376 
9 391 22 30 0.0381415 
264 344 9 11 0.03782889 
104 386 11 15 0.037654243 
245 394 13 18 0.037561666 
65 361 10 12 0.03720006 
361 321 8 8 0.037108075 
343 327 7 9 0.0370613 
425 363 9 13 0.037002064 
813 273 14 18 0.036995202 
148 441 13 16 0.03683233 
926 261 11 14 0.03651369 
783 259 12 16 0.03646829 
11 376 14 19 0.036413077 
274 367 10 12 0.03639176 
194 328 7 10 0.036293406 
941 291 11 14 0.036251497 
542 272 7 9 0.0361589 
242 321 7 9 0.036085952 
177 473 38 49 0.036017 
53 383 13 16 0.035852283 
728 267 11 14 0.035614297 
724 297 13 19 0.03540171 
311 328 7 9 0.035223804 
575 301 9 12 0.035060477 
135 364 10 13 0.034843296 
292 371 10 13 0.03467132 
661 293 12 14 0.034621973 
258 367 10 13 0.0346063 
282 328 8 9 0.03448581 
422 381 10 13 0.034420397 
0 392 13 24 0.034406327 
252 390 21 27 0.034320597 
494 302 9 10 0.034228757 
255 361 10 12 0.03418045 
947 486 19 22 0.034164827 
224 344 7 9 0.03411777 
430 359 8 12 0.03396968 
625 381 19 22 0.033908427 
721 249 9 12 0.033852782 
184 359 8 10 0.03376779 
423 305 8 9 0.033642948 
460 402 16 24 0.033619028 
302 423 28 34 0.03361176 
318 418 13 19 0.033526532 
228 407 25 35 0.033490974 
148 376 10 13 0.03344911 
836 255 10 13 0.033416722 
152 336 7 8 0.03335599 
328 342 8 10 0.03333423 
488 326 8 10 0.033023678 
166 337 7 10 0.03301977 
322 328 8 9 0.032851335 
601 412 22 29 0.032785185 
216 362 8 10 0.032765854 
428 348 10 12 0.03266258 
198 359 8 12 0.03258753 
507 345 18 23 0.032321446 
446 302 8 9 0.03231939 
567 288 8 10 0.032271612 
829 270 10 12 0.0322473 
491 391 15 20 0.032241084 
757 293 13 19 0.03214898 
181 391 11 13 0.031909686 
927 267 12 17 0.031905845 
357 359 9 11 0.03179469 
409 334 9 12 0.031668935 
279 376 13 18 0.03165807 
225 365 8 11 0.031622324 
148 424 19 26 0.03152993 
815 266 13 17 0.031462003 
679 255 11 12 0.03138326 
365 326 8 10 0.031349935 
305 328 7 8 0.031275343 
724 288 15 19 0.031235393 
301 401 28 38 0.031190855 
823 232 9 12 0.031162303 
187 350 9 12 0.031158287 
246 380 12 16 0.03107293 
121 351 8 9 0.030961858 
221 5 50 55 0.03092333 
782 246 11 14 0.03091813 
598 284 9 11 0.030814815 
820 270 20 25 0.030731658 
480 301 8 11 0.030653346 
162 385 21 27 0.030584382 
495 354 11 15 0.03049362 
326 365 9 11 0.030339079 
505 342 9 13 0.03026718 
174 344 8 10 0.030177094 
220 406 21 29 0.030147284 
826 274 12 15 0.030056544 
157 415 12 16 0.030055638 
207 360 9 11 0.030000808 
280 350 8 10 0.029988363 
112 367 9 12 0.029834403 
530 288 6 8 0.029755943 
498 372 13 16 0.029738871 
133 345 9 10 0.029733924 
184 343 8 10 0.029709373 
610 410 16 21 0.029628413 
503 310 8 11 0.029580468 
46 387 13 20 0.029564219 
669 293 10 13 0.029533738 
318 340 8 10 0.02949493 
94 407 14 18 0.029483473 
736 335 23 32 0.029346133 
56 368 8 10 0.029280255 
87 367 9 11 0.02927724 
892 294 15 18 0.029208746 
402 293 8 10 0.029192194 
85 446 13 18 0.029017393 
102 368 10 12 0.028994432 
19 368 10 13 0.028992161 
720 259 10 13 0.028979914 
109 356 9 10 0.028936952 
169 349 9 11 0.028772252 
472 320 9 10 0.028764557 
574 263 8 10 0.028755622 
282 408 16 24 0.028718509 
543 439 26 39 0.02866633 
462 325 9 12 0.028488597 
233 384 42 51 0.028479507 
183 425 13 16 0.028379792 
20 397 17 21 0.02830484 
542 399 25 31 0.028297849 
512 311 18 23 0.028235387 
725 279 18 22 0.028208064 
352 335 9 10 0.028178804 
708 505 51 47 0.028134162 
95 359 10 12 0.028122334 
244 388 12 17 0.02807104 
44 402 23 29 0.027925143 
865 254 9 11 0.027816026 
246 350 9 11 0.027757777 
70 397 12 16 0.027677525 
248 367 10 13 0.027651425 
295 320 7 8 0.027630597 
856 264 9 12 0.027606586 
368 358 9 11 0.027595466 
470 373 10 13 0.027581528 
287 345 18 23 0.027546266 
777 229 10 12 0.027475445 
419 335 19 23 0.027410785 
561 456 31 44 0.027270162 
217 11 30 40 0.027182432 
231 357 9 10 0.02701632 
126 420 20 26 0.026992913 
141 352 8 10 0.026855638 
414 288 9 11 0.02666895 
682 331 14 17 0.026653545 
391 319 18 24 0.026620016 
92 443 17 20 0.026564898 
698 264 19 22 0.026552219 
350 351 10 14 0.026413757 
752 354 29 40 0.02638261 
941 298 12 17 0.026273226 
316 2 12 14 0.026246643 
238 344 8 10 0.026193285 
384 339 8 12 0.026173318 
931 298 12 15 0.026135065 
143 386 11 13 0.025986983 
352 325 8 10 0.025936633 
712 256 10 11 0.02590636 
726 256 19 23 0.025798174 
255 348 9 10 0.025762303 
252 428 28 36 0.025727687 
361 386 22 27 0.025680404 
51 432 32 34 0.025622766 
740 374 17 24 0.025589729 
749 293 15 19 0.025499208 
500 388 13 16 0.025479874 
573 317 9 12 0.025363242 
613 273 8 10 0.025271803 
228 362 20 23 0.025047157 
592 273 8 9 0.02500582 
543 287 7 9 0.024825333 
177 335 8 10 0.024808299 
592 354 12 16 0.024766294 
597 336 11 15 0.024745734 
393 347 12 14 0.024725834 
433 288 8 9 0.024701722 
341 353 19 23 0.024687491 
108 419 12 16 0.024555886 
454 385 14 17 0.024500392 
261 318 8 9 0.02447911 
601 263 6 9 0.024347967 
342 335 8 10 0.024328826 
662 286 9 12 0.024321066 
828 239 9 12 0.024315827 
296 328 8 9 0.02430252 
693 358 21 30 0.024245417 
641 256 8 9 0.02421666 
328 350 8 11 0.024109446 
799 257 22 27 0.024106275 
765 273 13 14 0.024104033 
306 395 15 19 0.024094522 
80 451 14 19 0.02408968 
995 340 30 41 0.024043057 
509 295 8 10 0.024015825 
190 344 8 10 0.02397207 
680 300 11 14 0.023965871 
839 248 8 9 0.02390578 
349 401 16 20 0.023836106 
568 293 7 10 0.023753209 
384 333 10 13 0.023694357 
269 401 14 18 0.02368427 
797 239 18 24 0.02368086 
446 360 13 16 0.023616856 
693 291 12 14 0.023602713 
98 465 18 22 0.023580536 
223 359 8 10 0.023480527 
817 316 25 34 0.023472259 
444 351 21 27 0.023439933 
397 344 19 23 0.023416115 
670 287 9 11 0.023412725 
679 293 10 13 0.023369335 
716 282 13 17 0.02335122 
118 367 10 12 0.023318864 
554 289 7 8 0.023283463 
272 372 12 14 0.02323278 
310 85 9 12 0.02315227 
845 308 11 16 0.02314307 
186 418 14 18 0.023140322 
884 297 16 21 0.023052625 
366 382 13 18 0.023046928 
802 248 19 23 0.023027757 
467 355 12 14 0.023024337 
5 375 12 16 0.022940949 
530 388 11 16 0.022883935 
42 376 10 12 0.022740778 
14 463 29 38 0.022602148 
887 296 24 29 0.022586571 
270 355 10 12 0.022546558 
708 358 28 37 0.022499897 
428 381 11 15 0.02231038 
43 419 15 22 0.022257507 
125 383 9 12 0.02225269 
529 383 20 27 0.022207377 
280 385 11 16 0.022205025 
418 396 14 17 0.0220766 
663 232 7 9 0.022019476 
798 262 13 15 0.022004468 
540 350 11 13 0.021965919 
560 280 6 8 0.02194835 
297 335 8 9 0.021935534 
847 252 9 11 0.021888498 
203 487 15 20 0.021874722 
335 347 10 13 0.021831347 
822 254 10 13 0.021753432 
344 393 14 17 0.021736963 
170 391 20 26 0.021730399 
814 244 11 14 0.021713093 
573 412 25 30 0.021710435 
494 326 8 11 0.021704061 
615 400 25 33 0.021692896 
521 332 12 16 0.021683082 
335 365 9 12 0.021654978 
27 431 42 52 0.021574618 
198 351 9 12 0.021499308 
109 405 11 13 0.021494372 
461 320 8 11 0.02135838 
457 398 39 49 0.021302542 
942 255 9 12 0.021294724 
432 370 9 13 0.021293113 
432 319 8 10 0.021154003 
412 330 19 22 0.021147527 
478 347 9 13 0.021143263 
188 433 13 15 0.021112353 
337 322 8 9 0.02107037 
187 451 24 33 0.021020373 
437 365 10 14 0.020990055 
374 313 8 10 0.02098628 
936 455 46 49 0.020936567 
570 270 8 10 0.02086766 
456 271 7 10 0.020866312 
193 333 8 10 0.020831259 
606 337 15 19 0.020831002 
77 367 21 26 0.020813044 
311 362 11 14 0.020811165 
404 353 13 16 0.020800548 
286 384 13 17 0.020759545 
279 403 12 17 0.0207024 
929 271 19 26 0.020660339 
540 406 17 20 0.02064224 
677 285 11 13 0.020618139 
48 474 28 39 0.02061758 
786 242 19 24 0.020617096 
172 461 18 24 0.020565234 
419 486 30 34 0.020523287 
85 408 14 17 0.020488307 
199 14 50 66 0.020387363 
172 482 17 22 0.02036143 
120 358 9 11 0.02032473 
489 278 8 10 0.020283343 
923 281 20 24 0.020281829 
163 433 13 17 0.020275647 
576 270 8 9 0.020266967 
302 350 9 11 0.020264886 
556 300 10 12 0.020257367 
998 299 15 18 0.020251503 
702 300 15 18 0.020229202 
433 303 8 10 0.020224024 
545 475 18 27 0.020159805 
784 269 10 14 0.02010915 
263 398 25 32 0.020086234 
903 285 12 14 0.020083461 
620 435 23 34 0.020081988 
686 295 12 15 0.020068109 
186 350 20 25 0.020019798 
499 282 18 22 0.020018578 
143 304 9 10 0.020005336 
104 414 20 26 0.020000227 
