2_Demonstration_Political_Rally_2_584
30
649 505 125 148 0.9996012 
206 188 38 53 0.9809194 
233 409 48 61 0.9319024 
253 675 111 194 0.52854383 
38 573 57 106 0.29540205 
9 579 98 154 0.23079266 
25 654 108 136 0.08121789 
164 659 181 236 0.067612305 
868 520 55 69 0.050112735 
92 671 88 115 0.044386975 
875 1025 47 76 0.040456984 
899 532 34 43 0.03771317 
82 716 66 81 0.033795968 
113 668 113 169 0.033557527 
771 611 44 56 0.032169994 
841 474 100 124 0.031199602 
46 549 96 135 0.030788934 
863 306 51 66 0.029967953 
591 373 15 18 0.02955917 
45 -23 215 233 0.029284932 
745 1133 50 76 0.028711865 
977 1091 12 17 0.027946327 
492 453 11 12 0.026512735 
288 712 64 131 0.026414813 
307 167 45 76 0.024986992 
101 520 55 81 0.024028078 
53 575 36 60 0.023855535 
851 555 55 64 0.021301344 
851 496 58 71 0.021232508 
472 983 107 151 0.020324526 
