2_Demonstration_Demonstration_Or_Protest_2_441
115
2 189 29 38 0.9993488 
287 186 32 41 0.99894756 
329 208 37 44 0.99865746 
932 153 35 44 0.9985006 
570 174 35 48 0.99849904 
611 174 40 49 0.99815696 
854 170 35 45 0.99785244 
232 152 41 49 0.9970662 
109 185 47 51 0.9961916 
402 166 37 45 0.994534 
789 156 43 53 0.9884871 
499 162 38 51 0.9881224 
720 166 24 32 0.8631779 
568 96 22 31 0.7871267 
146 125 23 33 0.7828547 
316 172 22 30 0.6397272 
854 352 28 34 0.37444806 
487 592 56 41 0.30443618 
684 87 18 23 0.2807581 
145 164 27 37 0.2652987 
898 583 59 59 0.22633868 
438 334 20 25 0.20239201 
481 107 22 31 0.18480892 
533 84 15 20 0.18369888 
994 77 15 20 0.1572505 
43 389 22 30 0.13107277 
134 174 32 38 0.12968607 
21 476 21 28 0.12516046 
531 328 14 19 0.115639515 
654 575 28 30 0.10787127 
678 163 21 30 0.1009214 
355 73 25 28 0.09819348 
345 572 17 20 0.09352329 
798 576 15 18 0.09296179 
466 332 9 12 0.08372429 
443 492 57 66 0.08271706 
157 157 27 40 0.08159001 
363 563 17 19 0.07531825 
4 444 21 29 0.071946375 
41 198 26 33 0.07129322 
39 438 26 32 0.06540617 
77 199 29 40 0.065087475 
699 118 17 21 0.06497203 
65 177 23 33 0.061740376 
743 59 15 18 0.057437982 
371 568 16 19 0.055337507 
495 330 11 12 0.053860053 
655 573 15 16 0.050065853 
510 303 14 16 0.04924814 
725 74 14 17 0.04668499 
499 100 23 31 0.042453386 
636 541 54 59 0.04198798 
142 132 17 24 0.041394852 
379 573 13 16 0.04136628 
352 562 25 27 0.040519603 
909 146 11 16 0.0398903 
631 346 13 18 0.036879893 
502 324 11 14 0.036518354 
472 574 94 81 0.0363767 
665 584 16 17 0.033588763 
590 540 61 67 0.032047443 
37 176 26 35 0.031980675 
624 340 25 31 0.031337775 
558 524 107 115 0.031182008 
741 63 23 29 0.030400803 
32 448 29 37 0.030047651 
170 328 14 15 0.029880626 
887 563 14 17 0.028914668 
460 518 37 43 0.028879108 
511 105 26 34 0.028849598 
726 170 29 42 0.028706506 
518 235 39 49 0.028609926 
0 456 21 34 0.0284709 
207 127 15 18 0.028393866 
661 554 108 109 0.027880369 
794 429 14 16 0.027179101 
681 27 13 16 0.02695939 
491 317 11 15 0.026876774 
691 120 23 35 0.026837155 
850 562 15 18 0.026708838 
467 484 63 73 0.026387546 
996 504 25 43 0.02623694 
10 479 25 35 0.026011895 
676 17 30 33 0.025872862 
703 569 14 15 0.025851415 
140 144 38 49 0.024969226 
859 349 17 23 0.02474974 
501 557 59 68 0.024230193 
619 322 28 37 0.023954999 
14 449 26 39 0.023871062 
595 135 19 23 0.023660881 
350 567 45 51 0.023627779 
799 530 46 52 0.02343897 
994 86 14 19 0.023289602 
364 569 26 28 0.02319996 
508 315 13 15 0.023164403 
574 99 27 33 0.023031574 
572 67 39 50 0.022976052 
507 298 23 26 0.022355119 
706 169 25 32 0.022333821 
734 597 11 12 0.022186551 
396 562 12 15 0.022062419 
728 67 22 28 0.022046601 
788 565 13 16 0.021965172 
71 185 27 39 0.021593895 
0 470 23 39 0.021451851 
425 127 27 36 0.021351026 
660 9 55 50 0.021289572 
922 550 64 79 0.021160876 
556 376 14 16 0.02105903 
705 588 64 64 0.020768728 
306 129 32 36 0.02063349 
740 49 25 30 0.020561026 
679 115 24 34 0.020496963 
59 174 21 25 0.020044228 
