2_Demonstration_Protesters_2_92
166
244 300 30 37 0.99785477 
259 430 57 74 0.9918264 
735 347 64 76 0.98505336 
345 331 22 30 0.9264021 
197 326 25 35 0.92564666 
88 513 72 140 0.9117952 
687 340 34 44 0.88609123 
428 301 15 21 0.8842143 
316 319 24 36 0.8564309 
381 312 23 30 0.81839854 
826 329 35 47 0.80829436 
497 322 27 31 0.73298883 
590 327 13 21 0.6767145 
116 310 19 23 0.67522454 
649 299 25 32 0.54007035 
938 314 24 34 0.51216525 
91 295 11 15 0.46296462 
61 340 42 54 0.45804307 
790 469 48 62 0.36391193 
97 325 18 20 0.33902073 
720 495 28 37 0.3361256 
5 387 49 77 0.3084155 
467 301 18 24 0.29951605 
923 727 47 38 0.2590219 
926 365 22 37 0.25623065 
189 295 16 19 0.2558634 
854 423 48 67 0.25489867 
1 312 33 47 0.25486144 
166 306 13 15 0.2511974 
70 419 56 73 0.23704992 
328 326 23 33 0.2109633 
422 458 10 14 0.14503676 
656 302 33 36 0.12529922 
295 379 40 50 0.12238685 
276 332 33 37 0.11829671 
196 526 53 61 0.106836475 
648 306 15 21 0.09849195 
146 374 24 40 0.09322625 
493 322 17 25 0.09182424 
725 484 33 40 0.09124695 
173 303 11 15 0.091218755 
666 437 50 67 0.091163665 
123 390 24 35 0.08764798 
129 376 36 49 0.0850767 
99 437 37 47 0.08483818 
7 324 49 66 0.08456211 
584 323 14 21 0.08383159 
21 397 56 74 0.082379624 
66 452 90 125 0.081690475 
140 316 13 17 0.08124355 
947 307 36 47 0.08059675 
377 314 39 48 0.07882583 
219 289 13 17 0.077279665 
132 314 12 17 0.074951656 
596 321 23 30 0.072289184 
980 390 33 46 0.0709908 
983 295 32 40 0.06772176 
185 292 13 17 0.06459147 
110 377 40 57 0.06223201 
119 439 31 47 0.061845265 
609 427 18 22 0.059438296 
487 330 12 17 0.059196442 
142 307 13 17 0.057395183 
392 320 18 23 0.056312952 
181 320 15 21 0.055103585 
473 299 23 29 0.050996684 
757 571 53 69 0.05021061 
38 356 51 64 0.050205953 
1001 436 23 35 0.048759464 
971 302 30 38 0.048757177 
585 317 24 32 0.04743048 
939 453 23 33 0.046262562 
289 320 35 38 0.046161093 
158 321 14 20 0.045545276 
980 357 50 69 0.044940524 
163 313 14 20 0.043508966 
118 304 16 18 0.043419845 
198 416 42 65 0.043385454 
375 313 15 21 0.04298362 
89 330 25 35 0.042206213 
496 296 30 37 0.04192535 
148 327 15 19 0.0411635 
148 303 11 14 0.0410489 
34 283 14 16 0.040636472 
15 425 99 104 0.04054496 
953 325 17 25 0.04046121 
832 336 52 61 0.040391535 
182 284 12 15 0.040339403 
48 392 55 76 0.040227633 
277 303 28 37 0.039678067 
363 554 14 18 0.03927715 
-1 338 36 55 0.03852608 
-2 492 62 86 0.038390733 
146 316 13 17 0.03838793 
727 462 43 50 0.0381422 
588 155 14 16 0.037755895 
91 295 20 25 0.037411746 
911 717 40 48 0.03695991 
564 346 10 13 0.036734387 
731 404 55 66 0.036542296 
165 294 9 12 0.03416387 
486 322 14 19 0.034150053 
366 302 10 14 0.033996653 
265 342 44 51 0.03347156 
633 482 16 19 0.033423536 
129 354 22 29 0.032913383 
957 329 27 36 0.03260509 
88 350 29 41 0.032146983 
672 311 20 23 0.032050945 
261 308 26 34 0.031778563 
280 329 21 26 0.031612504 
711 440 50 62 0.031364158 
820 367 26 37 0.031234398 
456 700 20 22 0.030988326 
13 307 30 36 0.030934561 
193 317 24 30 0.030735249 
306 399 18 24 0.030340964 
480 303 37 46 0.030286094 
532 459 13 18 0.030210117 
80 342 26 41 0.030067861 
99 389 44 66 0.029606681 
842 371 56 71 0.029235333 
49 346 38 40 0.02889133 
105 322 16 21 0.028406011 
401 313 17 22 0.02825726 
397 349 31 33 0.02795418 
973 395 26 35 0.02669171 
189 316 15 20 0.026388483 
604 329 26 30 0.026348231 
-1 391 31 53 0.026305927 
28 306 15 20 0.02577327 
31 491 102 125 0.025348304 
173 320 15 21 0.025122296 
266 313 15 21 0.025015207 
149 291 11 13 0.02479455 
99 295 11 13 0.024691567 
373 367 21 28 0.024363808 
740 440 49 57 0.02434765 
508 328 23 24 0.02433927 
544 430 10 13 0.024149666 
257 355 31 38 0.024081694 
908 357 37 52 0.023941835 
156 339 13 17 0.02389607 
33 279 11 13 0.02344932 
497 314 21 27 0.023125818 
989 410 31 46 0.02311799 
1010 442 14 23 0.022751475 
971 330 30 34 0.02270995 
750 544 44 59 0.022689313 
908 351 24 32 0.022406338 
683 540 27 40 0.022367164 
322 306 24 39 0.022195097 
74 371 51 77 0.021782385 
457 536 17 24 0.021639397 
163 321 21 29 0.021441203 
161 293 9 12 0.021427715 
608 540 22 29 0.021354223 
1 409 34 63 0.021312999 
111 318 24 28 0.021026563 
895 352 26 36 0.020990442 
112 351 27 33 0.020429872 
14 531 102 140 0.020185428 
166 408 46 65 0.020175027 
488 572 15 18 0.02014064 
827 370 32 43 0.020079253 
90 351 14 23 0.020030735 
