2_Demonstration_Protesters_2_542
41
603 169 66 89 0.99895763 
16 99 61 83 0.9960491 
856 87 17 21 0.8478843 
920 98 18 22 0.83018786 
204 347 58 49 0.26471543 
636 422 63 81 0.09322212 
6 565 82 157 0.07704315 
311 217 47 85 0.064461045 
215 152 8 11 0.059674416 
224 178 9 12 0.05827322 
36 605 55 95 0.039273188 
258 293 24 27 0.03915703 
311 179 48 85 0.038840823 
772 77 12 15 0.035679646 
510 128 9 11 0.034333117 
555 296 121 168 0.03427287 
439 140 10 14 0.03305233 
767 71 11 13 0.03214017 
610 386 99 137 0.031854454 
246 149 9 11 0.029795019 
515 65 13 15 0.027931178 
191 140 9 12 0.027517514 
928 102 16 22 0.02698004 
238 174 7 10 0.026606936 
197 134 9 11 0.02579924 
854 116 10 12 0.024836196 
528 102 11 13 0.02480006 
193 136 8 11 0.024547614 
545 130 9 12 0.023471404 
157 309 60 57 0.022942381 
543 103 9 11 0.02244798 
297 151 9 12 0.02227598 
977 109 10 13 0.022254145 
241 126 9 10 0.021971108 
535 95 9 11 0.021863315 
212 339 43 34 0.021673262 
186 328 62 56 0.0214802 
265 286 11 13 0.021052033 
181 -30 213 216 0.020761868 
273 151 8 10 0.020653395 
26 670 55 71 0.02064168 
