2_Demonstration_Demonstrators_2_330
33
482 402 117 162 0.9998116 
698 285 104 127 0.9996953 
643 353 53 75 0.9665542 
435 355 44 68 0.5015904 
935 187 102 153 0.12673752 
681 252 32 39 0.12610744 
661 321 80 106 0.116874844 
424 358 34 46 0.10643031 
443 155 43 56 0.097608104 
371 167 30 40 0.08725271 
412 149 23 27 0.08188314 
590 387 54 84 0.07437848 
477 357 34 41 0.06570008 
118 658 97 113 0.061815046 
137 684 59 69 0.05052307 
449 357 57 73 0.04418477 
616 364 60 78 0.039403148 
117 697 57 58 0.03752922 
980 716 29 28 0.035031054 
469 140 40 56 0.031856794 
491 351 19 22 0.030468708 
1001 689 17 23 0.02688542 
559 379 78 123 0.02553346 
974 703 46 50 0.025430458 
892 90 149 238 0.024638847 
585 400 36 52 0.0232149 
406 154 33 43 0.021773431 
975 221 54 108 0.021739237 
398 351 52 78 0.021261979 
164 654 34 43 0.02064136 
45 466 202 282 0.020292392 
154 707 31 44 0.020280492 
422 175 36 42 0.020058272 
