2_Demonstration_Protesters_2_268
63
395 239 32 37 0.99853027 
283 243 29 37 0.99504095 
844 212 35 44 0.9937401 
592 210 36 41 0.9918785 
74 208 41 52 0.98836064 
535 258 25 32 0.9786012 
189 216 28 47 0.78952795 
366 242 27 35 0.706799 
985 256 27 30 0.6736141 
689 231 25 35 0.36330312 
477 225 24 30 0.35793182 
752 212 23 33 0.32506543 
18 241 15 19 0.22372474 
460 235 15 18 0.19539872 
515 266 12 15 0.15266763 
238 238 29 33 0.13968083 
278 337 33 38 0.12953758 
252 239 19 25 0.09230893 
763 208 30 32 0.080971085 
695 188 22 30 0.078341804 
755 226 27 31 0.075670265 
512 276 11 14 0.07011563 
321 205 9 10 0.06885442 
468 228 22 28 0.06522995 
456 241 14 16 0.05855941 
200 278 39 49 0.057861928 
810 155 12 15 0.057842683 
373 236 45 54 0.056821797 
976 251 42 50 0.055695903 
284 316 47 56 0.04746934 
928 157 11 14 0.044564646 
511 257 19 27 0.041805234 
928 153 9 12 0.04169716 
635 239 15 18 0.04159209 
462 228 38 45 0.038527455 
169 221 38 44 0.037430618 
286 317 10 11 0.0367896 
487 226 17 22 0.036335032 
540 255 16 18 0.035832528 
1014 133 8 12 0.03386238 
781 211 21 35 0.03354913 
301 324 11 13 0.031769186 
44 669 14 15 0.031552117 
552 154 9 12 0.031149931 
688 563 14 16 0.03026445 
572 208 14 18 0.02962509 
224 242 33 34 0.028822064 
338 200 9 11 0.026516933 
305 328 36 40 0.026440613 
308 220 11 13 0.025806792 
705 187 16 23 0.025787128 
557 232 22 29 0.025565747 
1003 365 20 40 0.025137031 
252 320 12 15 0.024763636 
524 255 23 30 0.023572851 
742 565 13 17 0.023491768 
398 194 12 15 0.023076152 
769 223 27 32 0.022014149 
14 242 30 34 0.021700073 
686 555 23 28 0.021211248 
308 233 16 22 0.021087322 
1014 149 8 13 0.020302137 
526 260 44 49 0.020196851 
