2_Demonstration_Demonstration_Or_Protest_2_496
42
315 91 57 68 0.9996507 
944 78 51 68 0.99947685 
209 183 53 76 0.99878734 
731 252 65 94 0.99003637 
540 105 43 52 0.9582507 
676 158 52 56 0.8731266 
505 285 30 37 0.132495 
482 196 25 28 0.11548353 
66 -1 69 69 0.106972076 
540 73 14 20 0.06663428 
570 444 38 33 0.055208515 
101 10 54 53 0.055003975 
9 1 47 52 0.051397935 
419 300 47 61 0.05011984 
341 5 16 18 0.049939763 
353 305 71 111 0.048082113 
601 94 22 38 0.04497238 
32 0 55 55 0.042923316 
587 159 32 35 0.03759423 
540 436 116 98 0.03483356 
478 201 17 20 0.02949386 
497 261 26 37 0.029281773 
373 109 12 17 0.029157612 
860 141 18 23 0.027966062 
580 129 45 50 0.027320107 
713 93 28 34 0.027317042 
731 26 16 21 0.026095865 
467 249 41 53 0.025778648 
114 -1 29 21 0.0253832 
581 57 22 30 0.024504857 
42 37 25 40 0.022898842 
662 134 52 64 0.022896813 
450 100 15 18 0.022756407 
745 427 139 172 0.022199107 
649 124 47 58 0.022026733 
735 20 26 35 0.02185739 
117 -1 39 39 0.02153623 
495 203 17 20 0.021121696 
245 151 30 41 0.020585084 
730 352 35 48 0.020370904 
432 42 93 126 0.02010978 
271 149 11 15 0.020088725 
