2_Demonstration_Political_Rally_2_807
20
861 656 9 11 0.0780231 
493 189 189 264 0.07386829 
858 662 8 10 0.04903101 
785 654 9 11 0.04378374 
918 643 9 11 0.040504593 
77 616 10 12 0.038594633 
415 36 35 42 0.033046536 
898 656 8 11 0.03080855 
885 655 8 10 0.030722221 
3 581 12 14 0.030541392 
783 659 12 13 0.02638307 
426 49 356 433 0.026360633 
296 597 8 9 0.025816225 
356 94 11 16 0.025702642 
662 326 54 64 0.024395416 
561 276 129 152 0.024069835 
838 3 46 50 0.022094622 
282 356 24 30 0.021146955 
360 328 14 17 0.020817686 
287 362 14 18 0.020244617 
