2_Demonstration_Demonstrators_2_700
190
254 149 89 111 0.99827576 
639 53 11 12 0.1999463 
534 171 10 13 0.17992635 
551 104 10 12 0.16300836 
568 92 10 13 0.14995427 
536 55 9 11 0.14411598 
560 140 9 11 0.13230182 
416 233 394 526 0.12684527 
525 69 9 11 0.1137898 
510 72 8 11 0.10210075 
583 28 9 11 0.09674356 
544 102 8 12 0.09485807 
259 473 14 18 0.09102249 
569 70 9 12 0.090574674 
1004 336 13 18 0.08813067 
644 49 9 11 0.085682414 
197 1 14 16 0.076805934 
527 78 9 11 0.06717347 
535 80 8 11 0.063550286 
78 37 11 15 0.058983743 
524 62 11 13 0.05388238 
638 69 12 14 0.051998083 
482 343 235 346 0.051759765 
504 6 10 11 0.051508307 
177 40 15 19 0.051449474 
529 37 9 12 0.05128288 
542 47 9 12 0.050342847 
633 91 10 12 0.050009947 
527 103 7 10 0.049134105 
516 203 13 16 0.048937034 
519 26 10 13 0.048683442 
544 95 8 10 0.04682434 
435 511 64 58 0.046575382 
584 68 8 11 0.046250448 
552 87 9 11 0.04616615 
623 47 10 11 0.0458894 
560 60 9 11 0.04523096 
536 47 9 11 0.045140825 
527 56 8 10 0.045078937 
654 95 9 11 0.04506617 
622 86 9 12 0.044900067 
607 79 9 11 0.044154536 
553 52 9 12 0.044091605 
542 53 8 11 0.044001333 
573 152 9 11 0.04399155 
363 557 22 29 0.04383768 
704 45 11 14 0.043432016 
469 178 12 15 0.043115247 
244 467 11 14 0.043008707 
593 62 9 13 0.042649195 
955 381 13 18 0.042336904 
508 14 10 11 0.04165902 
585 92 9 11 0.041597087 
510 53 8 11 0.041133862 
557 54 10 11 0.041068867 
532 235 13 16 0.03957795 
567 63 7 10 0.038720008 
493 156 11 14 0.037447248 
518 47 8 9 0.03735167 
519 4 9 11 0.036733955 
519 94 8 10 0.036727536 
544 107 9 12 0.03643707 
179 50 16 20 0.036257163 
593 57 8 10 0.0362347 
506 -47 433 475 0.035929535 
537 102 8 10 0.03582844 
455 102 12 15 0.035619322 
583 36 12 15 0.035409927 
552 153 8 10 0.035044264 
687 6 9 12 0.034682672 
493 267 14 18 0.0345024 
524 291 12 16 0.034309108 
184 8 12 16 0.033789203 
511 40 9 11 0.03365179 
534 13 10 12 0.033617653 
568 38 9 11 0.03328267 
558 86 9 12 0.033255875 
551 92 8 11 0.033128504 
537 119 7 9 0.03302081 
988 366 9 12 0.032968786 
567 21 11 13 0.03275547 
517 183 11 13 0.032717243 
633 54 10 11 0.03266632 
486 181 11 14 0.03255122 
189 4 14 16 0.03243146 
652 79 10 13 0.032365788 
617 85 9 12 0.032006837 
525 29 10 13 0.031922895 
521 77 7 11 0.03172678 
504 54 9 10 0.03169735 
720 0 12 10 0.03056543 
506 72 8 10 0.03040835 
503 93 9 10 0.030059233 
543 79 9 10 0.02989698 
574 88 9 12 0.029809423 
521 55 8 9 0.029759157 
943 400 12 16 0.02928176 
543 39 10 11 0.029123746 
108 5 12 14 0.028643547 
945 344 9 11 0.028549254 
119 46 14 18 0.028514892 
652 85 11 12 0.02825824 
505 39 8 10 0.027953073 
650 96 10 11 0.027856844 
590 85 11 14 0.027829403 
379 64 411 472 0.027412444 
536 95 7 10 0.02730283 
518 87 8 10 0.027214184 
512 46 8 11 0.02685284 
700 66 11 12 0.026672041 
623 105 10 12 0.026497649 
305 462 9 11 0.026257716 
590 93 9 11 0.026171217 
616 64 10 12 0.026070308 
534 31 9 12 0.02591813 
565 142 9 11 0.025777252 
99 38 13 16 0.025666138 
582 63 9 12 0.025528628 
621 78 11 13 0.025457647 
542 119 7 10 0.02540718 
510 198 14 16 0.025348807 
572 14 10 13 0.024899118 
617 103 9 11 0.024852218 
561 79 8 10 0.024722844 
631 22 9 10 0.024715465 
151 72 14 17 0.024702042 
182 260 10 13 0.024671646 
497 47 8 10 0.024653243 
264 9 13 18 0.024649633 
109 131 15 18 0.024570275 
573 39 10 12 0.024483992 
653 7 11 13 0.024425145 
606 85 8 11 0.024371993 
578 55 8 10 0.024224594 
561 159 7 9 0.024157962 
559 37 9 10 0.024026498 
545 191 9 11 0.023891237 
573 21 10 12 0.023723977 
148 382 16 21 0.023688577 
598 55 8 11 0.023684561 
661 37 10 13 0.023647334 
549 77 9 11 0.023584753 
583 43 10 12 0.023395266 
621 65 10 11 0.023319362 
995 412 12 16 0.023240237 
513 172 9 11 0.0231781 
599 85 10 12 0.02308363 
926 367 9 10 0.023030948 
222 469 11 15 0.023004886 
566 29 9 11 0.022989491 
518 39 9 11 0.022838464 
1007 366 8 11 0.022694597 
687 1 10 10 0.022639802 
293 591 24 28 0.022562046 
529 167 10 12 0.022483112 
599 68 8 11 0.022328539 
582 1 9 9 0.02229584 
531 84 8 11 0.022157501 
591 13 9 11 0.022144563 
606 71 9 11 0.022122107 
509 103 9 11 0.022053562 
953 368 8 11 0.022045491 
285 467 14 18 0.021935565 
513 28 9 11 0.02189023 
631 76 10 13 0.021634752 
633 69 10 13 0.02161851 
618 46 9 12 0.021549067 
529 150 8 10 0.021516494 
623 37 10 13 0.021495862 
550 70 9 12 0.02146032 
512 143 9 11 0.021434871 
511 22 9 12 0.021408036 
984 384 13 18 0.021172514 
552 62 9 10 0.021126 
614 79 10 12 0.020891452 
537 127 8 10 0.020851504 
338 506 15 20 0.020762596 
606 53 9 11 0.020644754 
535 252 11 14 0.020609355 
926 351 9 10 0.020606294 
565 136 9 11 0.02057141 
484 8 9 10 0.020538678 
576 1 8 9 0.020512369 
507 230 12 14 0.020473996 
30 287 9 12 0.02038624 
526 127 8 10 0.020322679 
556 47 11 13 0.0203024 
637 59 12 15 0.020248938 
538 134 8 10 0.020217942 
140 52 11 14 0.02003207 
