2_Demonstration_Political_Rally_2_204
394
765 386 12 15 0.960429 
222 430 14 16 0.8817489 
405 390 10 13 0.8567837 
341 396 9 13 0.7878071 
57 407 9 13 0.70520973 
497 398 10 13 0.6847027 
136 434 10 12 0.6067147 
384 394 10 14 0.6021735 
204 420 10 13 0.5919901 
578 391 9 12 0.46365264 
749 404 10 12 0.45203888 
644 374 10 13 0.43652296 
800 390 9 11 0.4126737 
464 391 10 13 0.39975935 
839 391 9 12 0.37973234 
278 402 10 12 0.32038182 
673 391 8 10 0.29822075 
924 391 7 9 0.28978682 
526 400 10 13 0.2850364 
320 392 11 14 0.27551833 
101 422 8 11 0.25971267 
861 388 9 12 0.25508517 
640 379 11 12 0.2167682 
481 390 10 12 0.19897513 
22 404 10 13 0.19637217 
977 412 8 11 0.17892061 
870 375 8 9 0.17747003 
119 430 9 11 0.17111102 
866 406 8 11 0.16810167 
1000 388 9 11 0.15767102 
663 391 7 10 0.15705259 
782 389 10 13 0.15625034 
425 391 9 12 0.15344714 
248 423 9 10 0.15218669 
700 379 9 12 0.14871204 
821 415 9 11 0.14182717 
223 425 11 12 0.13851734 
745 399 10 14 0.13623677 
565 405 9 11 0.1341964 
429 386 11 14 0.13174573 
727 407 10 12 0.13163951 
689 412 8 11 0.13125882 
487 398 9 12 0.12916265 
150 429 9 11 0.1290044 
903 389 9 10 0.12802695 
807 397 8 10 0.12664872 
418 299 25 29 0.12453791 
96 431 8 10 0.124353886 
169 431 9 12 0.11915315 
140 430 10 13 0.1173427 
113 422 8 10 0.11533597 
693 414 8 10 0.112865046 
284 403 11 13 0.11177726 
896 382 7 9 0.1110613 
622 399 9 12 0.10969681 
615 76 11 16 0.109695114 
191 429 9 10 0.10312305 
254 423 8 9 0.1027341 
551 385 8 10 0.102044985 
849 368 8 9 0.10041972 
89 431 8 11 0.09968167 
616 396 9 11 0.0971174 
274 399 9 13 0.095835306 
550 399 9 12 0.0942285 
116 424 9 10 0.09413918 
566 399 8 11 0.08887663 
204 428 11 13 0.088313304 
40 423 8 10 0.087615654 
401 393 12 16 0.086309135 
388 391 9 13 0.08617319 
981 408 9 11 0.08541542 
800 395 9 12 0.08474846 
805 392 9 11 0.08395274 
872 383 9 11 0.08359478 
711 416 8 10 0.08199381 
446 398 9 11 0.07953951 
468 395 9 12 0.07790288 
878 390 9 11 0.07641307 
843 388 11 12 0.073716745 
904 385 7 9 0.072761945 
567 383 8 10 0.072735325 
101 428 8 11 0.072615065 
704 421 10 11 0.071194366 
645 369 10 11 0.070661925 
1004 385 9 11 0.06987655 
400 366 11 14 0.069320485 
160 423 9 12 0.069072396 
771 384 11 14 0.06808708 
545 398 8 10 0.066426225 
822 421 9 11 0.065748475 
824 405 8 10 0.06539046 
936 438 9 11 0.06457271 
248 429 9 10 0.064470075 
848 373 9 11 0.06346581 
840 384 9 12 0.06319763 
521 399 9 11 0.06281315 
129 422 8 11 0.062399153 
938 385 7 9 0.061674733 
411 288 26 31 0.06100936 
176 403 10 12 0.06023531 
663 381 9 11 0.05956429 
313 396 9 14 0.058666646 
726 399 9 11 0.0570662 
294 405 10 12 0.056043725 
191 423 9 11 0.05602362 
622 390 10 12 0.055682857 
694 420 9 12 0.05520523 
376 395 11 15 0.055185366 
613 89 13 17 0.054934517 
241 421 10 12 0.054456975 
130 415 9 10 0.054210365 
942 384 8 9 0.053442333 
576 385 8 10 0.052854158 
482 395 10 13 0.052621923 
207 437 9 11 0.052325804 
114 429 9 11 0.052122608 
302 414 9 13 0.05207493 
734 415 9 10 0.051749233 
815 391 9 11 0.05148088 
411 389 10 13 0.050906494 
111 438 9 10 0.049725883 
417 373 9 12 0.049544264 
638 388 12 13 0.04836986 
897 378 7 9 0.04796578 
501 392 10 14 0.04784124 
134 424 10 11 0.047814623 
294 396 11 16 0.04738862 
592 383 8 10 0.04701091 
172 434 10 12 0.046731837 
532 397 11 13 0.046485256 
561 400 9 11 0.045795232 
455 388 11 14 0.045620717 
501 402 10 12 0.04533285 
336 392 18 22 0.04495982 
658 391 8 11 0.044924587 
876 384 9 10 0.04492253 
306 467 10 13 0.044905193 
583 386 8 10 0.044498306 
437 289 14 19 0.044223595 
404 369 12 15 0.04415289 
127 430 9 12 0.04396562 
704 416 9 10 0.043601476 
567 94 11 14 0.0435871 
415 367 9 11 0.043441053 
769 413 9 11 0.04339436 
736 421 8 11 0.042766724 
247 417 9 11 0.042613603 
830 414 9 11 0.04209682 
791 389 8 12 0.042067174 
910 383 8 10 0.042050965 
832 397 9 11 0.041975148 
710 420 8 11 0.041703936 
407 360 10 11 0.041674893 
887 392 9 11 0.041626148 
16 410 12 14 0.041328177 
102 417 9 11 0.041270986 
895 389 9 11 0.041110635 
413 290 15 17 0.04086365 
143 425 9 11 0.040505603 
581 405 11 12 0.040434897 
590 388 10 13 0.040386498 
879 396 9 11 0.04028973 
945 399 8 9 0.04014882 
534 389 10 13 0.04014175 
992 423 9 12 0.040003456 
181 400 9 11 0.03985514 
134 382 9 12 0.03962651 
534 382 10 11 0.039580632 
223 416 8 10 0.039549045 
912 376 8 9 0.03951387 
428 292 13 16 0.039483286 
926 385 7 9 0.039396226 
639 396 9 11 0.039022163 
662 396 9 10 0.039008234 
430 376 13 15 0.037959993 
426 311 16 17 0.037805036 
369 363 10 13 0.037510734 
399 403 11 12 0.03743261 
111 366 7 9 0.037376232 
273 421 9 12 0.037277125 
705 141 9 11 0.03697251 
617 80 15 19 0.036940526 
393 365 10 13 0.03688646 
565 411 10 12 0.036829434 
792 384 8 12 0.036748208 
993 383 9 12 0.036690984 
582 414 11 14 0.03596689 
809 165 9 11 0.03594191 
641 358 8 9 0.03584492 
921 395 8 11 0.03574139 
87 423 8 11 0.03567822 
19 400 9 12 0.035675116 
81 423 8 11 0.03550116 
576 402 10 12 0.035267584 
192 437 10 11 0.035149712 
112 417 7 10 0.035127677 
829 182 8 11 0.03491894 
228 423 10 12 0.034715757 
609 396 9 11 0.03466475 
301 290 11 14 0.034508985 
246 437 9 10 0.034069367 
950 399 8 9 0.034009796 
423 366 9 11 0.03362118 
582 420 10 13 0.03339613 
729 367 7 10 0.03325876 
96 416 10 12 0.03317203 
284 411 11 14 0.033167567 
280 392 10 13 0.033124153 
641 367 10 12 0.032882616 
863 399 9 10 0.032748237 
624 382 10 12 0.032492723 
544 390 9 11 0.0322569 
921 440 7 9 0.03211483 
967 389 7 10 0.0320319 
768 406 9 12 0.03182277 
567 86 11 14 0.031730182 
993 376 7 9 0.031722017 
133 408 9 11 0.03171338 
135 388 9 11 0.031557236 
253 428 9 11 0.031548556 
509 397 9 11 0.03145802 
767 360 9 11 0.031359073 
531 404 10 12 0.03134381 
27 404 10 13 0.031245569 
184 429 8 11 0.031143663 
903 397 10 12 0.031038323 
240 437 9 11 0.030983265 
921 385 8 10 0.030970266 
840 206 9 11 0.030721087 
791 397 9 11 0.03053018 
654 128 8 11 0.030448373 
814 159 9 11 0.030447932 
176 422 9 11 0.030441457 
367 389 11 15 0.030400297 
944 389 8 9 0.030278455 
689 419 9 13 0.029983234 
999 421 11 14 0.029944897 
214 422 9 12 0.029880127 
622 355 9 11 0.029842276 
285 392 10 14 0.029793736 
297 413 9 13 0.029646734 
743 431 8 11 0.029571569 
94 436 8 10 0.029558973 
722 397 9 11 0.029353898 
399 360 10 12 0.029345613 
903 405 9 12 0.029248558 
528 391 10 12 0.029221263 
88 360 8 10 0.029149259 
926 406 8 10 0.029086867 
632 382 8 11 0.028892599 
373 359 10 12 0.028530417 
816 384 8 10 0.028473511 
910 399 9 10 0.028446995 
734 405 10 13 0.028436203 
300 403 13 16 0.02826791 
295 391 10 13 0.028240666 
381 398 14 17 0.028027143 
165 414 9 11 0.028020388 
518 481 8 10 0.027993757 
748 204 11 12 0.02798916 
640 370 17 21 0.027917068 
229 444 10 12 0.027844245 
741 382 8 11 0.027751137 
970 414 8 10 0.027691904 
609 75 10 15 0.027686728 
717 59 13 18 0.027683467 
240 416 9 11 0.027528778 
353 366 212 206 0.027406229 
511 381 10 12 0.02718516 
591 406 9 10 0.027174134 
575 386 17 22 0.02713988 
742 437 8 10 0.027030144 
433 413 10 13 0.027028307 
655 381 9 12 0.026970413 
918 375 6 9 0.026967866 
448 390 10 14 0.026502645 
429 360 11 11 0.026465934 
484 383 12 14 0.026199682 
167 406 10 12 0.026195679 
57 402 17 22 0.02595621 
729 357 8 10 0.025924535 
928 440 8 10 0.025898127 
657 397 9 11 0.0258578 
568 390 9 11 0.025837075 
113 456 9 12 0.025785053 
829 405 9 10 0.025760863 
960 385 7 9 0.025606608 
911 405 8 11 0.02546338 
857 384 10 12 0.025356913 
542 478 9 11 0.025311233 
745 395 18 23 0.02522741 
494 393 17 22 0.025221374 
482 404 10 13 0.025010476 
853 374 8 9 0.024922855 
598 397 10 11 0.0248638 
925 396 8 10 0.024828564 
518 391 9 12 0.024731515 
641 470 9 11 0.02459464 
1 712 54 63 0.024579437 
183 423 9 11 0.024382476 
701 173 10 13 0.024352396 
368 395 12 16 0.024308767 
815 396 8 12 0.02422228 
855 220 11 12 0.02421045 
318 391 18 22 0.024133181 
903 376 8 9 0.024076452 
907 54 14 17 0.024074135 
885 212 11 12 0.024056619 
1004 417 14 16 0.024055736 
81 427 9 12 0.023898706 
424 381 11 15 0.023808267 
559 383 8 10 0.023682922 
961 389 8 10 0.02364112 
390 415 11 13 0.023538094 
721 392 8 11 0.023526264 
1015 382 8 10 0.023312392 
510 376 9 11 0.02325273 
485 411 10 12 0.02324029 
609 91 10 16 0.023165243 
958 400 8 8 0.0230853 
597 383 9 11 0.023045069 
89 365 8 9 0.02303015 
632 389 8 12 0.022962734 
454 395 11 13 0.022918513 
39 427 10 13 0.022724861 
841 168 8 10 0.02270335 
432 480 8 10 0.022672862 
413 359 9 12 0.022645626 
128 436 9 11 0.02260898 
736 430 9 12 0.02252344 
734 397 11 14 0.022478376 
200 415 18 22 0.022474194 
968 368 8 9 0.02234028 
807 143 9 12 0.02233886 
654 374 9 12 0.022283364 
765 151 8 10 0.022256901 
710 38 9 11 0.022081574 
597 389 11 14 0.022035932 
870 437 8 11 0.02202755 
639 110 9 12 0.022020422 
557 477 9 10 0.021998383 
824 167 8 9 0.021985158 
510 389 12 15 0.021984356 
426 377 19 24 0.021979809 
866 368 8 10 0.021910166 
232 397 8 12 0.021848215 
297 419 9 12 0.021792186 
444 462 10 12 0.021776091 
535 377 8 11 0.0217326 
697 134 9 11 0.021704141 
743 422 7 10 0.021659756 
437 478 9 11 0.02165112 
1014 445 8 12 0.021633543 
381 420 12 13 0.021616705 
439 276 11 14 0.021587947 
240 429 10 12 0.021568375 
855 413 9 12 0.0215652 
103 438 9 10 0.021501169 
422 281 25 31 0.021495257 
463 384 10 13 0.021453172 
279 412 11 13 0.021243755 
716 45 10 13 0.02120284 
991 397 8 10 0.021192927 
559 390 8 10 0.02119269 
844 397 10 12 0.021190483 
224 455 10 12 0.021164501 
951 383 7 10 0.021131238 
452 383 13 15 0.021050343 
772 405 11 13 0.021037819 
894 454 8 9 0.020980246 
870 399 9 11 0.020956159 
771 392 13 16 0.02094757 
966 238 9 12 0.020872647 
437 389 10 14 0.020773381 
414 394 10 12 0.020682842 
415 412 9 12 0.020518063 
231 416 8 10 0.020460736 
434 380 11 16 0.020448029 
670 384 8 11 0.020417534 
152 381 9 12 0.020372141 
975 384 8 10 0.020252177 
67 406 9 12 0.020248717 
51 406 10 13 0.020229243 
793 143 8 10 0.020187229 
676 395 10 12 0.020163948 
998 443 10 14 0.020163285 
719 423 8 10 0.02010498 
853 368 9 10 0.020103378 
646 116 8 12 0.020100962 
807 414 9 11 0.020086847 
44 421 10 13 0.020065263 
719 85 9 11 0.020047033 
893 395 11 13 0.020014586 
654 405 9 10 0.020001747 
