2_Demonstration_Protesters_2_148
47
701 246 110 144 0.999782 
394 374 87 122 0.9985825 
475 191 50 57 0.9979036 
329 130 70 97 0.99393696 
666 217 60 87 0.99332833 
607 241 54 65 0.9928392 
155 225 28 45 0.98965245 
405 200 37 51 0.9824379 
973 177 50 105 0.9305132 
549 248 23 31 0.7510185 
647 227 53 73 0.503982 
47 235 21 33 0.18760145 
112 226 31 39 0.15302767 
583 252 22 33 0.14232951 
677 225 97 123 0.12023536 
7 232 44 61 0.1166233 
556 241 36 47 0.099182785 
258 625 40 37 0.09822112 
228 210 12 15 0.08022593 
123 221 44 49 0.07524097 
822 290 64 84 0.07251282 
247 622 69 70 0.06106455 
574 237 41 53 0.060563035 
29 236 32 36 0.05324928 
191 246 10 13 0.05047039 
-3 246 58 88 0.045908816 
-18 -31 197 217 0.03745953 
781 274 87 110 0.03643724 
365 163 73 90 0.036217324 
69 192 11 14 0.032534618 
224 207 11 14 0.030395629 
801 6 47 52 0.030212017 
541 358 12 14 0.029043961 
214 202 11 14 0.028832136 
869 193 44 62 0.027027503 
18 252 21 25 0.026728218 
236 210 13 15 0.02372433 
605 230 34 40 0.02341245 
243 210 12 15 0.02236673 
56 238 16 26 0.022279724 
578 225 34 39 0.022098867 
127 198 10 11 0.0218321 
595 240 34 41 0.021446716 
950 210 27 41 0.021327645 
42 335 42 59 0.020315122 
784 39 28 35 0.020258794 
171 237 25 33 0.020041741 
