2_Demonstration_Demonstration_Or_Protest_2_619
483
990 195 15 20 0.97154355 
907 117 16 22 0.953558 
526 125 12 15 0.94808483 
678 96 12 16 0.9053403 
807 86 12 15 0.8925216 
429 87 15 19 0.8754493 
432 174 25 30 0.8576038 
648 178 18 23 0.834457 
854 102 14 17 0.8265491 
250 230 18 21 0.82357967 
647 138 13 18 0.8083881 
203 149 15 19 0.803498 
781 149 13 15 0.79972535 
945 223 16 19 0.78779614 
494 132 13 17 0.7835983 
500 113 11 15 0.7792476 
413 399 24 34 0.7460251 
620 114 13 15 0.7225795 
868 260 16 19 0.70301515 
760 117 9 12 0.6941773 
736 137 11 14 0.68088996 
294 173 13 19 0.6422616 
459 204 16 20 0.62512535 
550 195 16 19 0.552687 
417 114 11 15 0.55042946 
572 130 12 15 0.54529536 
900 187 15 19 0.53931177 
705 206 22 27 0.51622933 
555 110 12 15 0.50893 
201 228 15 22 0.48016125 
593 26 10 14 0.45414683 
390 125 15 19 0.45250666 
817 138 14 19 0.43505582 
469 121 15 19 0.4339802 
872 364 14 17 0.43175742 
241 192 16 20 0.37117755 
788 183 14 19 0.32619098 
614 172 13 16 0.32481143 
982 256 14 21 0.32426754 
895 267 14 16 0.3219729 
255 129 14 18 0.3170179 
784 180 12 18 0.313137 
452 114 14 17 0.3062523 
496 177 21 27 0.2955657 
203 199 12 17 0.2921949 
553 84 12 16 0.28340435 
491 213 17 21 0.2815632 
283 258 22 26 0.27215752 
530 255 17 20 0.27035996 
474 545 19 21 0.2652884 
580 152 13 18 0.26386464 
797 114 11 14 0.26112413 
518 237 15 23 0.25369313 
734 50 11 14 0.2528229 
789 347 16 22 0.25191933 
320 307 27 39 0.25130093 
395 181 16 19 0.24703947 
428 180 18 22 0.24644351 
652 266 18 23 0.2448998 
736 119 10 13 0.24452776 
542 141 12 14 0.22604623 
826 327 16 19 0.22357948 
572 137 14 18 0.22250362 
600 92 11 14 0.21713075 
419 394 15 19 0.21634893 
550 20 9 12 0.19001648 
572 145 15 20 0.18727852 
341 107 16 19 0.18514897 
105 149 16 20 0.17047034 
933 283 14 17 0.1655399 
660 197 22 27 0.16415617 
308 355 22 27 0.15441704 
814 300 13 16 0.14767177 
548 231 15 19 0.14714502 
357 147 17 20 0.14582661 
433 288 17 22 0.14065492 
499 137 14 17 0.13844465 
766 103 9 12 0.13770397 
418 264 17 19 0.13762762 
849 251 14 19 0.1366116 
838 159 11 15 0.13515624 
599 170 11 15 0.13178644 
349 84 13 16 0.12983415 
462 121 15 21 0.12819804 
188 266 15 19 0.12720299 
443 175 20 25 0.12651552 
795 186 12 16 0.12599695 
629 131 13 16 0.12202486 
212 264 16 22 0.121634595 
868 129 14 17 0.1193147 
819 151 13 18 0.11777339 
157 198 12 15 0.117203474 
204 266 14 22 0.114209 
888 187 12 18 0.11290975 
507 139 12 16 0.10936338 
343 101 13 15 0.109356694 
195 267 15 20 0.107390575 
736 58 10 13 0.10578297 
500 144 16 20 0.1049759 
986 289 11 17 0.09839066 
787 297 14 19 0.09782042 
981 259 42 59 0.09777957 
415 292 29 40 0.09664187 
759 171 14 19 0.09575792 
881 147 15 19 0.09371888 
764 109 12 15 0.0936858 
603 215 16 22 0.091297336 
805 107 10 13 0.08811239 
156 203 15 19 0.08673588 
209 151 16 20 0.084837675 
484 175 24 29 0.08379446 
293 132 17 21 0.08096312 
845 168 13 18 0.07900402 
830 157 12 14 0.07807474 
588 233 13 19 0.07732339 
524 240 21 27 0.07162525 
758 166 12 15 0.07093451 
985 280 23 31 0.07046559 
293 122 15 17 0.069391795 
189 201 15 20 0.06902247 
425 395 15 17 0.06891449 
766 125 10 12 0.0687822 
140 354 15 18 0.06866886 
932 202 14 19 0.06825487 
555 191 15 18 0.06812053 
138 431 15 20 0.06791846 
753 164 10 13 0.06779663 
605 170 13 17 0.067782186 
596 212 16 22 0.067661494 
246 262 15 21 0.067054555 
876 139 14 19 0.06700204 
338 131 15 19 0.06682071 
761 102 10 12 0.066345595 
500 235 17 21 0.06593806 
212 168 17 20 0.06493987 
613 137 13 18 0.064854965 
925 200 14 20 0.06435291 
526 111 10 12 0.063327216 
975 321 13 18 0.06310879 
386 343 14 21 0.06262177 
775 143 14 18 0.062338334 
212 198 20 25 0.06136293 
973 265 13 18 0.061137367 
749 246 15 21 0.060950752 
755 117 10 13 0.06048087 
471 540 16 20 0.060077984 
793 111 11 15 0.05950747 
510 238 15 21 0.05933954 
475 170 17 23 0.05919097 
356 178 13 19 0.058727372 
590 217 15 21 0.05815394 
284 132 13 17 0.0579482 
442 286 15 22 0.05781119 
563 195 12 17 0.05775673 
519 119 13 16 0.0576968 
93 258 13 17 0.057313923 
893 180 14 21 0.057215936 
404 186 14 17 0.056926396 
212 377 17 22 0.056822073 
250 258 13 18 0.056811653 
459 116 14 19 0.056464653 
614 145 14 18 0.056429762 
648 187 22 26 0.055788517 
807 102 11 14 0.05538043 
276 163 13 18 0.054516476 
823 91 10 13 0.0541097 
751 189 11 15 0.053736344 
338 114 22 30 0.052923415 
922 188 14 16 0.05201423 
548 144 12 16 0.051247142 
343 86 12 15 0.050894964 
668 168 16 22 0.050536815 
650 201 19 21 0.049966898 
371 149 12 16 0.048928227 
946 213 17 20 0.04793168 
230 157 13 18 0.047913343 
999 195 15 19 0.047475964 
366 98 14 19 0.0472612 
863 227 12 18 0.046759143 
788 153 12 14 0.046745982 
268 122 12 16 0.04670712 
489 201 25 30 0.046633974 
219 205 18 22 0.04659631 
906 180 15 20 0.046463843 
544 170 13 16 0.04605912 
963 208 15 21 0.04560435 
208 156 22 27 0.045450933 
696 211 28 35 0.044592418 
805 297 23 27 0.044563692 
247 131 13 19 0.044542674 
410 195 14 18 0.044461604 
788 173 13 19 0.044455 
342 92 13 16 0.0444094 
873 357 17 19 0.044402953 
540 230 20 27 0.044042636 
532 131 12 15 0.04390676 
976 260 12 18 0.04328919 
657 259 22 30 0.04280502 
674 201 13 21 0.042783942 
403 297 31 41 0.04257723 
786 196 17 23 0.042447884 
266 283 15 18 0.04239584 
850 253 21 24 0.042317092 
182 202 15 21 0.042272337 
156 250 17 24 0.041974433 
788 144 12 15 0.041800324 
876 346 15 17 0.041476987 
144 252 22 27 0.041291673 
124 424 20 27 0.04109633 
426 162 26 32 0.041044816 
151 202 13 16 0.040674094 
334 111 16 20 0.040571466 
722 209 14 19 0.040458947 
888 315 12 15 0.040118508 
273 373 15 19 0.03967001 
868 233 14 19 0.039659087 
219 351 16 21 0.039389417 
236 375 15 20 0.03926429 
565 286 27 27 0.03896899 
813 318 25 31 0.038923513 
565 222 13 16 0.038352195 
498 121 15 19 0.038002077 
333 124 14 20 0.03775341 
776 185 12 17 0.037692484 
874 252 13 18 0.03731714 
414 93 11 14 0.03725292 
219 212 21 26 0.03661723 
8 133 26 32 0.036362477 
853 170 12 16 0.036205627 
790 165 13 17 0.036107693 
506 169 16 23 0.036066003 
421 280 25 31 0.035944324 
870 135 15 20 0.03582403 
508 160 16 21 0.035773877 
364 143 13 17 0.035645533 
626 110 11 13 0.035558052 
795 306 14 18 0.035314586 
867 242 15 20 0.035286993 
583 181 11 13 0.035024617 
139 257 17 21 0.034948524 
556 140 11 15 0.034773014 
682 212 22 30 0.0347061 
161 212 14 17 0.034689583 
223 370 23 32 0.03456322 
350 285 25 31 0.034269378 
132 418 16 20 0.034252044 
342 132 23 30 0.034035306 
838 209 11 17 0.033840984 
882 340 15 18 0.033823475 
508 116 11 15 0.033814717 
858 113 15 19 0.033655137 
860 241 15 20 0.033392563 
786 299 22 28 0.033188123 
550 26 10 14 0.03318711 
417 269 23 28 0.03308308 
846 301 24 28 0.03307445 
476 552 21 22 0.03303851 
117 421 16 27 0.032955453 
898 55 15 19 0.032886725 
284 163 13 19 0.032836486 
158 217 15 18 0.032722436 
619 176 13 17 0.03268258 
679 242 26 36 0.032649346 
852 244 15 20 0.03251303 
591 32 10 14 0.032469437 
311 212 13 15 0.032438073 
211 226 13 19 0.03239444 
416 553 18 19 0.032142796 
812 100 12 15 0.03209667 
317 359 21 30 0.03203874 
806 163 12 16 0.03200666 
289 176 13 17 0.031922355 
667 188 16 21 0.03191979 
485 137 15 17 0.031883243 
860 251 15 19 0.031871594 
123 275 14 19 0.031725302 
260 256 15 18 0.031717043 
390 391 45 59 0.031591643 
286 212 13 16 0.031558085 
460 109 12 17 0.031517003 
242 306 25 32 0.031454913 
426 262 13 17 0.031430762 
960 240 76 100 0.031335063 
627 233 15 21 0.03131204 
281 119 21 27 0.031043017 
251 138 22 30 0.030974878 
833 325 14 17 0.030936522 
599 177 13 16 0.030895216 
571 196 13 17 0.030807555 
596 204 14 17 0.030691897 
227 349 13 18 0.030668417 
119 268 13 17 0.030483881 
929 353 19 23 0.030472327 
775 335 20 29 0.030441407 
455 127 15 19 0.030389419 
342 85 22 25 0.030380193 
104 143 11 16 0.03027302 
843 158 12 16 0.030074693 
948 309 13 15 0.029981859 
818 293 13 17 0.02991765 
994 204 16 19 0.029908573 
557 211 12 15 0.029764416 
807 308 26 31 0.029634276 
937 287 17 18 0.029539932 
545 195 13 19 0.029492563 
552 80 11 14 0.029299058 
190 232 16 20 0.029296685 
620 137 12 18 0.029283347 
927 207 15 21 0.0290514 
350 182 15 20 0.02901149 
405 199 22 27 0.028995838 
479 237 13 17 0.02886423 
343 106 26 31 0.028755648 
595 223 15 22 0.028650645 
363 178 12 18 0.028398314 
287 148 13 16 0.028371094 
885 374 11 14 0.028348275 
172 234 15 18 0.028253803 
291 144 16 19 0.028232014 
510 123 12 15 0.028211927 
474 534 18 19 0.028106775 
289 268 19 22 0.0279852 
755 184 14 18 0.027919684 
692 257 16 23 0.027889652 
362 265 22 26 0.027781786 
357 337 24 31 0.027575664 
616 122 12 14 0.027574468 
354 489 16 21 0.027417311 
919 200 14 19 0.027341327 
939 201 14 18 0.02728474 
947 282 15 18 0.027111247 
271 221 13 16 0.027079614 
257 240 16 19 0.027055299 
862 124 13 17 0.02703948 
419 118 14 18 0.026940802 
79 194 15 19 0.026825054 
656 169 20 25 0.026822701 
271 201 13 16 0.026757333 
569 225 15 19 0.026661849 
898 105 20 27 0.026595064 
130 258 21 27 0.026588887 
205 194 19 26 0.02658071 
348 123 26 32 0.026511688 
411 380 22 33 0.026480054 
794 169 15 20 0.02617637 
782 116 11 14 0.026029913 
479 152 24 28 0.026000395 
326 210 13 17 0.025990207 
519 109 11 13 0.025944455 
335 99 15 19 0.02582507 
937 131 99 120 0.02578812 
595 234 14 21 0.025769368 
603 240 15 20 0.02576306 
460 239 15 21 0.025704252 
157 222 23 25 0.025636833 
520 104 8 10 0.025595244 
758 113 17 22 0.025533706 
596 76 10 12 0.025490524 
696 164 11 13 0.025451086 
556 180 13 17 0.025294382 
991 287 30 38 0.025284082 
426 301 19 24 0.025200829 
350 146 16 21 0.02520069 
566 103 10 13 0.025162475 
329 132 11 15 0.02511331 
563 108 11 13 0.025087938 
269 153 15 20 0.025048753 
474 161 16 21 0.024942735 
730 45 12 15 0.024892043 
140 418 14 20 0.024859928 
729 123 12 16 0.024762684 
206 482 21 34 0.024742575 
185 465 26 41 0.024630368 
326 264 16 24 0.024535606 
958 203 14 21 0.024530284 
237 137 13 18 0.024426974 
239 403 14 19 0.024355525 
183 321 28 33 0.024284558 
780 206 14 22 0.024266284 
729 134 11 15 0.024238402 
355 89 13 17 0.024221515 
241 494 17 22 0.024218408 
794 147 12 14 0.024194043 
451 190 22 28 0.024184959 
592 87 9 12 0.02411977 
425 408 17 20 0.024094746 
926 279 15 18 0.02407574 
598 36 11 12 0.024071772 
798 103 11 13 0.024052992 
139 439 17 21 0.02401648 
435 394 14 16 0.024001786 
471 521 15 18 0.023974745 
984 197 15 20 0.023964668 
717 221 24 31 0.02393722 
169 200 23 29 0.023914734 
193 188 23 31 0.023856917 
876 236 12 16 0.023833599 
447 111 14 18 0.023784168 
565 231 14 19 0.023780793 
987 293 16 23 0.023757637 
179 260 18 24 0.023703746 
869 107 11 15 0.023516594 
121 402 24 31 0.02347145 
150 192 12 14 0.023432206 
895 91 14 15 0.023345185 
842 283 15 18 0.023328857 
675 228 25 37 0.023304379 
435 154 17 21 0.023254024 
774 109 10 13 0.023182796 
677 207 14 21 0.023105778 
985 255 26 36 0.023060724 
349 96 21 26 0.022999026 
62 139 14 18 0.02290504 
843 203 15 20 0.022820732 
887 267 14 17 0.022793384 
827 194 16 21 0.022666162 
610 212 15 21 0.02262744 
734 81 12 14 0.022593668 
217 381 18 23 0.022583129 
198 143 15 19 0.02257005 
374 410 32 43 0.022419227 
730 201 16 18 0.022387551 
516 140 13 17 0.022367915 
606 218 22 29 0.022302682 
413 98 13 17 0.022196729 
542 79 8 11 0.022153813 
893 381 11 12 0.022137111 
297 131 23 27 0.022114389 
170 256 16 23 0.02208459 
940 212 14 19 0.022055568 
947 313 25 33 0.022044435 
954 218 15 21 0.021891555 
277 136 15 18 0.021845818 
592 92 10 14 0.021844372 
763 184 14 17 0.021765295 
261 124 21 26 0.021735651 
232 378 23 31 0.021728434 
455 556 14 17 0.02170859 
910 37 11 13 0.021641172 
347 138 14 18 0.021640467 
492 152 16 19 0.021586465 
942 306 14 17 0.021560192 
715 198 15 18 0.021522103 
773 133 12 14 0.021474605 
122 419 16 21 0.02144802 
760 324 28 37 0.021421565 
878 192 15 19 0.021406706 
481 146 16 19 0.02137651 
424 164 11 17 0.021274133 
369 341 22 29 0.021249017 
551 104 11 14 0.021217883 
563 213 12 15 0.021204496 
542 102 9 12 0.021189367 
152 209 14 18 0.021187421 
406 216 23 30 0.021163613 
340 192 14 17 0.021145208 
975 242 23 35 0.021100176 
828 185 15 20 0.021014534 
753 254 16 20 0.020820202 
590 239 13 19 0.020807618 
394 184 24 30 0.020800354 
449 287 15 21 0.020775348 
381 349 17 25 0.020766243 
105 216 16 18 0.02075993 
402 261 26 26 0.020740833 
195 279 17 22 0.020595372 
433 79 17 19 0.020588689 
309 170 14 20 0.02051863 
558 132 11 15 0.020490436 
771 341 15 20 0.020430535 
724 197 14 19 0.020415379 
258 161 14 18 0.020379242 
411 227 21 28 0.020361919 
513 154 14 18 0.02035044 
906 132 16 21 0.020342246 
83 367 24 33 0.020293942 
661 215 16 17 0.020271484 
441 161 17 22 0.020253794 
492 234 18 21 0.020157738 
893 255 15 19 0.020156927 
562 274 26 30 0.020083923 
812 80 12 14 0.020049881 
437 388 13 16 0.020008007 
