2_Demonstration_Protesters_2_486
41
816 116 112 124 0.99991095 
43 382 134 178 0.9989825 
26 536 37 47 0.9968605 
450 110 148 182 0.99528545 
232 427 56 61 0.97776127 
619 239 54 75 0.6257259 
814 316 16 20 0.11963874 
420 501 36 35 0.090811975 
838 310 12 14 0.076316506 
0 617 15 20 0.057091985 
815 317 23 33 0.04975724 
816 313 11 14 0.046297736 
731 611 52 54 0.044393733 
50 223 29 34 0.04132061 
891 572 64 61 0.04037275 
421 516 33 36 0.039662607 
404 107 13 17 0.03929877 
351 501 48 54 0.03776675 
402 99 14 17 0.03533896 
0 430 27 45 0.035019897 
41 232 53 62 0.031265683 
969 6 47 51 0.030389171 
195 421 60 76 0.030279694 
808 321 12 17 0.030195447 
403 114 15 19 0.029419903 
322 479 17 21 0.029023759 
577 233 95 117 0.02874005 
603 300 132 150 0.02757349 
0 510 25 36 0.026847735 
335 473 12 16 0.026348403 
773 319 15 20 0.025107546 
3 256 56 80 0.02480738 
826 310 22 29 0.024125846 
593 279 216 238 0.023712737 
27 263 18 23 0.022447594 
46 452 15 20 0.022057831 
778 315 15 20 0.021897377 
832 314 12 15 0.02093732 
393 538 19 20 0.020399876 
390 530 53 53 0.020187994 
0 508 13 23 0.02009357 
