2_Demonstration_Protesters_2_460
119
884 201 28 39 0.99962854 
787 67 31 40 0.99957985 
841 67 29 37 0.99944097 
34 66 27 32 0.9992976 
483 238 33 41 0.99909365 
484 97 35 44 0.99834836 
804 176 38 50 0.9968087 
75 89 25 33 0.9960174 
163 82 17 22 0.9927573 
272 232 42 53 0.9925679 
641 57 39 51 0.9917385 
133 74 16 19 0.99010324 
954 93 22 34 0.9839729 
434 73 23 26 0.9593627 
707 64 22 30 0.937074 
283 75 12 16 0.8679086 
996 88 14 17 0.7408359 
749 92 13 15 0.515311 
146 192 23 25 0.3261261 
1011 196 12 15 0.18386431 
681 18 29 33 0.113735616 
1012 58 10 18 0.11009713 
255 146 9 12 0.08814113 
0 69 11 18 0.08802641 
264 143 10 12 0.07477865 
200 105 13 17 0.0681277 
695 67 25 29 0.067947805 
68 132 32 39 0.066597626 
208 131 12 16 0.061162993 
162 148 11 15 0.057613134 
328 177 9 12 0.05715507 
1001 85 13 17 0.057133548 
183 75 14 18 0.05675179 
223 121 10 11 0.056036018 
990 116 13 18 0.055598795 
237 142 8 11 0.055082243 
974 74 12 15 0.053293016 
630 287 13 15 0.052338272 
291 195 11 12 0.05211595 
1 69 19 29 0.05187963 
925 274 16 19 0.05175895 
456 264 18 22 0.05125079 
221 228 15 17 0.050662853 
742 83 20 27 0.05007725 
151 203 24 27 0.047098335 
244 190 12 15 0.045556337 
326 207 8 10 0.044901613 
430 58 34 48 0.044215117 
679 66 13 17 0.042700928 
950 106 15 23 0.042007778 
508 242 28 33 0.041789666 
212 127 10 13 0.039705906 
246 119 7 11 0.038735364 
969 77 9 13 0.03590429 
245 125 8 10 0.034937974 
142 188 16 22 0.034684345 
280 62 9 12 0.034401592 
103 107 21 27 0.034186363 
968 64 9 10 0.033879478 
328 191 8 12 0.03366004 
67 75 14 19 0.033518963 
239 136 8 10 0.03263102 
963 89 32 47 0.03254622 
997 61 10 14 0.031898603 
336 199 8 10 0.031696264 
162 211 17 20 0.03141654 
446 77 24 34 0.031215021 
997 123 12 16 0.030298406 
203 187 13 17 0.029677387 
721 73 14 20 0.029315371 
231 119 8 11 0.028296972 
955 84 16 23 0.027722687 
239 192 14 18 0.027486963 
1004 50 20 29 0.027365686 
680 239 26 30 0.027175067 
160 194 16 20 0.027146809 
1007 203 12 14 0.027096935 
964 85 12 19 0.026991839 
908 68 11 14 0.026684958 
977 219 15 18 0.026285477 
521 247 18 23 0.026215004 
935 205 14 18 0.025696909 
278 158 12 16 0.025533779 
1001 219 10 15 0.024831897 
115 152 25 31 0.024441388 
109 170 15 21 0.024318082 
327 213 8 10 0.024258722 
332 175 10 11 0.024171896 
907 216 15 20 0.024035744 
269 148 9 12 0.023999836 
239 118 9 12 0.023582807 
147 182 17 21 0.023434322 
180 82 14 18 0.023348073 
225 235 32 41 0.023229174 
972 68 21 28 0.023168532 
224 157 9 11 0.023040492 
1003 213 12 15 0.022996036 
670 61 26 33 0.02244461 
248 148 11 14 0.022142015 
1003 128 12 17 0.022138942 
262 65 13 17 0.022022773 
46 71 18 22 0.021987606 
215 174 9 12 0.021838322 
334 168 8 10 0.021764828 
70 89 19 26 0.02173374 
3 63 16 20 0.021572951 
219 225 25 31 0.021560775 
186 89 13 17 0.021468712 
969 69 11 15 0.021414595 
586 316 18 22 0.021152377 
237 146 10 14 0.021056917 
980 101 24 34 0.020941949 
-1 77 13 23 0.020940363 
306 151 8 11 0.020856299 
326 196 9 12 0.020540942 
206 182 11 15 0.020244539 
919 69 12 14 0.020216843 
215 179 10 13 0.020041076 
198 191 14 17 0.020006878 
