2_Demonstration_Protesters_2_370
33
700 180 61 71 0.9987196 
504 214 59 75 0.9928221 
577 238 68 75 0.9919152 
43 269 43 53 0.98898286 
125 247 38 48 0.9813285 
259 239 56 60 0.9548515 
453 224 24 31 0.9163699 
210 239 26 32 0.80548984 
335 221 46 73 0.6325495 
414 234 29 41 0.18143731 
525 510 63 60 0.10885941 
307 224 45 67 0.09610101 
352 239 57 72 0.08626533 
451 220 19 22 0.060172338 
679 221 13 18 0.056278598 
438 211 36 46 0.05597447 
422 217 37 49 0.050883163 
203 215 41 55 0.045021433 
1009 368 14 25 0.041783463 
562 827 33 31 0.036130995 
445 316 25 31 0.035619255 
458 282 25 29 0.034777306 
622 323 128 129 0.03364742 
445 222 18 26 0.031321827 
658 219 41 57 0.031271957 
999 356 22 40 0.031088443 
532 226 71 85 0.029408917 
581 305 100 148 0.024301406 
571 240 39 41 0.023094697 
570 192 34 42 0.022734936 
-44 497 385 427 0.020849919 
648 236 18 25 0.020473823 
464 272 40 51 0.020068804 
