2_Demonstration_Demonstrators_2_654
81
451 157 37 41 0.9959686 
585 167 36 40 0.9958812 
294 141 37 50 0.9600137 
711 130 23 26 0.930708 
717 188 31 40 0.8430788 
826 126 25 29 0.6319889 
242 117 26 33 0.6106893 
152 133 46 71 0.58619237 
357 142 26 34 0.45609394 
955 186 29 36 0.41907015 
595 112 24 31 0.38815597 
368 138 24 37 0.24128306 
492 314 125 204 0.13834354 
351 150 21 25 0.11164346 
401 273 18 22 0.10450144 
964 98 53 70 0.10115815 
993 109 32 43 0.087794036 
706 141 27 31 0.081972115 
155 113 33 47 0.07775702 
462 115 33 38 0.07651749 
29 223 50 76 0.059298154 
256 111 25 35 0.05421518 
1010 290 13 22 0.052736886 
234 103 42 56 0.048788834 
822 92 12 16 0.04868242 
456 130 43 52 0.047918603 
855 74 10 13 0.042197388 
196 107 14 19 0.040365197 
953 163 45 58 0.03878008 
219 162 27 34 0.03764236 
53 413 163 237 0.037500206 
269 114 14 21 0.03749405 
147 109 30 35 0.03667095 
953 123 55 67 0.03488511 
46 557 117 93 0.034630824 
142 101 11 15 0.03394237 
619 64 28 35 0.032794718 
803 89 38 51 0.032755416 
162 101 16 20 0.03213415 
145 143 32 46 0.032125797 
872 95 42 56 0.032089982 
589 117 19 23 0.03097377 
577 617 30 30 0.030631104 
892 85 10 14 0.03058413 
235 87 14 17 0.028826527 
144 118 81 110 0.028623288 
928 139 43 57 0.02749717 
74 123 15 19 0.027465215 
610 63 24 31 0.027406113 
600 47 29 37 0.02673925 
175 133 53 69 0.02660007 
237 121 21 24 0.026061146 
607 72 15 19 0.025933197 
930 94 15 21 0.025745274 
121 106 14 18 0.024953887 
320 59 11 14 0.024901088 
963 91 28 32 0.024781236 
227 99 28 36 0.02441641 
1004 293 20 31 0.024331369 
911 92 28 32 0.024291473 
477 128 29 40 0.023350906 
823 129 45 59 0.023338672 
342 48 10 12 0.023136584 
141 96 25 29 0.022964023 
259 24 15 19 0.022747034 
968 101 33 41 0.02240819 
170 110 25 34 0.022393236 
970 164 28 33 0.022219662 
936 161 42 54 0.022017637 
939 193 34 42 0.021902915 
229 87 24 32 0.021473842 
66 115 26 34 0.021444771 
815 61 9 11 0.021428451 
708 88 14 18 0.021401405 
178 122 13 19 0.021137498 
250 118 39 52 0.0209267 
171 68 12 14 0.020694958 
347 127 32 39 0.020353902 
915 90 14 18 0.020352239 
135 106 11 16 0.020305201 
456 297 53 81 0.02006951 
