23_Shoppers_Shoppers_23_22
69
417 289 37 48 0.9976526 
615 256 49 70 0.9689418 
343 288 39 48 0.9598635 
238 242 35 60 0.9295944 
330 248 40 62 0.7105051 
25 109 29 51 0.42867297 
998 0 24 29 0.2645313 
976 49 32 35 0.24833524 
197 259 37 50 0.23000576 
720 250 27 46 0.22885664 
71 103 28 49 0.18782921 
625 53 8 10 0.103838354 
756 205 12 16 0.07878319 
746 93 12 14 0.0777333 
135 0 37 34 0.06953385 
48 109 46 59 0.067464404 
734 210 13 15 0.06695368 
713 261 25 45 0.06232654 
531 319 14 18 0.060229912 
811 283 14 19 0.05900971 
654 63 11 14 0.048005644 
840 245 27 33 0.048001055 
218 250 44 59 0.046246536 
852 321 22 29 0.04535828 
14 60 12 18 0.04384199 
251 248 42 65 0.043646026 
764 205 16 18 0.042965412 
753 210 11 15 0.04188226 
728 214 10 13 0.041805733 
635 75 14 16 0.038465355 
687 140 12 16 0.037114944 
792 280 43 56 0.037101448 
692 84 11 14 0.036979523 
0 280 11 16 0.036948852 
739 203 13 17 0.035153143 
733 116 11 15 0.03261934 
803 278 24 33 0.03232452 
659 90 13 16 0.03184693 
752 107 14 17 0.030605681 
729 254 35 58 0.02961227 
71 112 43 63 0.028834913 
713 199 8 10 0.028131044 
719 214 9 12 0.027816774 
692 110 27 32 0.026618421 
776 263 47 65 0.026377555 
36 46 13 15 0.02492466 
766 193 15 19 0.024886725 
20 67 11 16 0.023702854 
691 220 12 14 0.023573741 
730 200 21 26 0.023484824 
378 308 27 36 0.023470765 
821 319 49 63 0.023422595 
613 62 9 12 0.02340115 
988 -8 38 51 0.02329556 
664 76 10 13 0.023132568 
10 299 14 19 0.022944594 
634 262 57 73 0.02290954 
700 230 12 15 0.022873586 
584 264 85 89 0.022816205 
607 325 39 38 0.022705967 
704 245 30 47 0.022664078 
710 227 51 72 0.022278786 
689 214 11 12 0.021554805 
671 128 14 16 0.021546302 
536 315 24 29 0.021280602 
613 70 8 12 0.020901028 
840 342 11 14 0.020572312 
543 256 11 14 0.020296227 
747 196 13 17 0.020176794 
