23_Shoppers_Shoppers_23_43
125
356 231 63 80 0.9989843 
166 231 57 72 0.99894387 
158 392 66 87 0.9959357 
941 122 27 31 0.995622 
572 146 45 58 0.9955107 
64 147 39 50 0.98981595 
925 199 48 68 0.9747347 
72 212 38 62 0.91309017 
790 133 38 50 0.88992846 
862 148 37 47 0.79371345 
605 124 31 42 0.78031254 
24 146 24 32 0.7588127 
723 341 41 46 0.62543106 
960 86 30 38 0.4940972 
969 108 28 41 0.37646404 
441 327 41 54 0.37567326 
376 139 32 42 0.33932513 
746 223 23 32 0.27914384 
679 227 22 29 0.23283166 
230 151 29 39 0.19402508 
832 398 23 33 0.17064698 
100 158 25 37 0.15266205 
355 353 44 47 0.116692856 
687 236 21 30 0.10910987 
824 195 59 56 0.10705398 
547 131 27 38 0.1034158 
455 104 32 41 0.102285594 
189 501 44 56 0.096213005 
751 334 48 51 0.095612206 
212 148 25 39 0.09448084 
793 35 10 12 0.089014366 
340 133 26 36 0.08419855 
449 94 25 38 0.07727076 
883 149 25 35 0.07170706 
823 382 52 62 0.06625607 
841 162 60 62 0.065648146 
890 139 23 30 0.065526314 
956 120 26 32 0.065334074 
672 104 17 20 0.06349818 
741 177 13 18 0.061080545 
796 31 11 14 0.060770035 
944 88 30 36 0.056963567 
959 301 51 71 0.05665632 
311 216 50 62 0.05036057 
984 119 16 23 0.045960754 
816 135 48 53 0.045834858 
234 148 18 24 0.045791775 
489 334 31 41 0.045358215 
975 93 18 24 0.04535386 
469 113 31 35 0.04413039 
245 451 48 54 0.0435596 
54 141 29 38 0.043183833 
808 370 79 110 0.040917315 
322 162 15 20 0.04039186 
168 130 22 33 0.039200973 
773 102 11 14 0.037858106 
281 270 44 59 0.037626397 
35 143 26 34 0.037234418 
696 244 23 30 0.036048513 
742 214 39 52 0.033946153 
772 14 9 12 0.033216197 
438 390 34 56 0.032694627 
701 94 26 28 0.03260302 
200 156 39 49 0.03254855 
703 350 50 59 0.032482885 
1003 65 15 20 0.03222838 
942 250 81 115 0.032212306 
166 127 16 24 0.032085452 
162 145 38 52 0.03182631 
252 152 30 32 0.031585902 
682 251 21 29 0.030900033 
309 149 22 28 0.030665198 
256 202 59 72 0.030535717 
442 91 22 31 0.030301811 
736 251 22 31 0.030264676 
305 147 18 22 0.029236937 
856 139 32 42 0.029145973 
73 160 43 59 0.029062768 
2 473 50 92 0.028998114 
44 218 56 77 0.028629903 
551 133 14 19 0.028375695 
520 130 27 30 0.028179629 
427 337 38 50 0.027901571 
923 92 24 31 0.027653001 
906 137 18 22 0.02760493 
615 121 20 25 0.027547432 
265 153 19 21 0.027538827 
531 125 37 49 0.027302157 
345 134 45 54 0.026771748 
984 113 28 35 0.026596213 
549 118 30 37 0.026532853 
851 377 37 35 0.02646553 
739 168 22 30 0.026059402 
530 136 15 19 0.02595432 
584 121 49 60 0.025104977 
682 353 50 60 0.025084423 
258 235 57 75 0.02483512 
695 362 28 37 0.024749944 
171 139 26 37 0.023907704 
43 148 44 56 0.023780875 
105 155 17 24 0.023747798 
653 104 16 17 0.023572763 
17 156 34 42 0.023457382 
517 471 28 46 0.023176651 
831 215 37 38 0.023159591 
324 432 38 35 0.02263111 
465 328 40 53 0.022564095 
-2 186 37 60 0.022184161 
81 146 31 41 0.021711087 
180 165 34 42 0.02160255 
301 141 15 18 0.021564225 
560 117 47 57 0.021060614 
951 218 55 73 0.020879801 
117 276 45 60 0.020832703 
332 128 25 35 0.02080464 
253 170 56 66 0.020667154 
228 128 25 33 0.02065497 
549 100 25 33 0.020567302 
704 272 41 47 0.020559633 
789 124 28 40 0.020502813 
446 62 25 30 0.020453772 
278 220 56 71 0.02027938 
3 97 28 37 0.020076582 
112 161 18 24 0.020047104 
756 0 11 13 0.020028606 
