23_Shoppers_Shoppers_23_708
20
334 114 506 502 0.21917905 
398 37 36 54 0.18737018 
569 21 89 126 0.095934756 
218 118 46 57 0.059192963 
618 34 101 113 0.055300537 
-32 156 377 484 0.04051261 
277 74 11 14 0.034422982 
942 531 46 48 0.033667296 
399 15 58 86 0.03041569 
226 145 47 56 0.028671587 
166 128 349 478 0.025887176 
527 62 459 422 0.024438335 
219 125 28 36 0.023552192 
-2 135 89 140 0.023365717 
390 -2 103 139 0.023351066 
185 49 96 136 0.022299012 
232 244 205 291 0.021752134 
252 132 18 21 0.02101771 
404 37 15 19 0.020602241 
273 71 10 14 0.020051146 
