23_Shoppers_Shoppers_23_599
83
145 28 39 78 0.8560254 
658 50 35 51 0.77669644 
607 530 25 32 0.6636182 
572 431 20 26 0.40036917 
961 171 18 23 0.350323 
803 467 22 27 0.3277584 
790 219 25 32 0.27161428 
497 406 25 29 0.1809913 
670 48 39 44 0.16868617 
93 45 54 72 0.1641233 
482 413 12 15 0.16099416 
644 428 14 18 0.11597739 
263 54 11 13 0.099993 
607 423 23 30 0.09665353 
312 55 9 11 0.0823372 
220 29 14 20 0.08005785 
264 49 9 12 0.07162403 
546 412 13 17 0.071540184 
117 35 53 79 0.070984975 
538 210 28 29 0.060724225 
532 421 16 18 0.059564322 
388 88 11 13 0.05704828 
570 542 25 30 0.055998728 
588 471 18 20 0.05575966 
685 425 16 18 0.05542907 
359 244 11 14 0.054516684 
673 105 53 82 0.050878685 
548 406 10 13 0.050545193 
604 412 13 15 0.048706677 
662 50 55 76 0.04651277 
172 100 31 44 0.042582132 
579 404 11 13 0.041718125 
480 408 12 14 0.03752366 
467 524 12 14 0.03514839 
650 429 13 16 0.03482539 
995 237 25 37 0.034417715 
259 52 21 25 0.032713275 
578 589 18 20 0.03187527 
785 370 16 20 0.031555057 
507 451 22 26 0.030591704 
493 410 18 20 0.030308088 
699 526 12 16 0.030059477 
786 358 13 15 0.029856244 
701 458 14 18 0.029453577 
-2 137 35 62 0.0291567 
836 498 23 29 0.028455064 
455 405 24 28 0.028380664 
638 551 14 17 0.028341271 
571 217 52 58 0.028319018 
310 72 8 11 0.027364703 
600 404 12 14 0.02698569 
271 77 10 13 0.02644977 
268 47 10 12 0.026245296 
464 411 14 17 0.024842381 
695 531 11 13 0.024371838 
874 500 18 20 0.023977317 
156 57 43 71 0.023764614 
572 422 16 18 0.023019418 
343 53 11 13 0.022994772 
536 410 20 24 0.022863472 
615 399 10 12 0.022557784 
505 237 27 33 0.022542806 
615 510 12 13 0.02245249 
320 78 8 9 0.022197524 
613 515 13 15 0.022163963 
203 36 10 14 0.022039058 
403 186 15 19 0.021775393 
88 6 30 44 0.021551672 
931 247 86 131 0.021384599 
611 412 14 15 0.021334877 
700 436 12 16 0.021271255 
258 238 17 20 0.021010948 
345 11 12 15 0.020990672 
352 243 13 17 0.020963425 
437 408 13 18 0.020939939 
501 535 15 18 0.02090888 
500 421 17 20 0.02083907 
468 420 12 17 0.020818094 
410 93 9 12 0.02066643 
607 525 12 16 0.020554818 
653 468 15 18 0.020455068 
250 211 30 35 0.020433698 
515 411 14 18 0.0202329 
