23_Shoppers_Shoppers_23_25
48
451 61 41 66 0.99355906 
268 161 26 33 0.7050722 
365 113 13 18 0.45544514 
906 37 34 43 0.4253633 
887 78 19 28 0.17245395 
618 94 15 19 0.1403532 
370 111 13 17 0.12959993 
271 130 11 14 0.11928045 
897 18 34 38 0.10114871 
-1 485 47 80 0.09585067 
935 92 12 16 0.07306678 
318 344 13 17 0.07269673 
221 162 354 478 0.068643324 
823 103 22 28 0.050982703 
4 485 16 21 0.048416194 
230 257 58 70 0.046021435 
259 158 46 49 0.04422562 
909 44 43 59 0.039610717 
339 96 16 19 0.038438305 
720 122 224 311 0.03571348 
274 126 14 16 0.035637453 
233 462 80 124 0.034965556 
933 135 12 15 0.034625676 
78 446 10 13 0.033493396 
1 485 24 38 0.032539796 
293 273 215 302 0.031688806 
267 128 21 25 0.03168405 
934 276 11 13 0.030573795 
922 47 17 23 0.028158318 
438 92 29 45 0.02797421 
262 170 17 21 0.027500033 
13 355 14 18 0.02737122 
905 62 28 37 0.026984276 
359 118 15 19 0.02677122 
895 82 18 22 0.025967726 
265 127 12 14 0.024633806 
755 110 155 183 0.024561685 
5 364 14 17 0.024016295 
891 91 17 22 0.023780206 
323 485 10 12 0.023562748 
661 88 12 15 0.021592917 
-10 449 85 122 0.021512767 
268 138 29 38 0.021502867 
792 182 123 153 0.020852815 
250 166 30 33 0.020747168 
938 94 14 20 0.020539246 
356 167 29 30 0.020535585 
947 532 42 39 0.020032305 
