23_Shoppers_Shoppers_23_607
351
238 297 181 240 0.99969125 
170 1219 12 15 0.46857256 
175 1433 12 15 0.38857508 
189 1225 13 16 0.36045218 
89 1455 9 12 0.28796133 
212 1417 10 12 0.26183262 
477 1482 12 16 0.24993983 
884 450 66 47 0.22892556 
148 1238 11 13 0.21859562 
116 1268 10 13 0.1986348 
206 1199 8 11 0.19819067 
206 1382 9 10 0.17624326 
229 1411 9 12 0.16642927 
713 639 405 426 0.16465928 
609 995 446 580 0.15346776 
317 1206 9 12 0.15134287 
129 1236 9 12 0.13198619 
175 1284 10 13 0.12954652 
348 1290 11 15 0.12723428 
373 940 10 12 0.11716366 
102 1309 10 13 0.11650115 
368 1305 12 15 0.11399006 
453 916 11 14 0.113455124 
445 1276 10 13 0.10893933 
370 920 9 11 0.104720496 
232 1342 10 11 0.10311956 
151 1269 9 12 0.099466965 
391 926 9 11 0.098256074 
136 1219 10 13 0.095938854 
96 1309 10 13 0.09061605 
516 1286 13 16 0.08702026 
173 1200 9 11 0.082690984 
330 1177 13 17 0.082260475 
536 1341 12 15 0.08047341 
453 1270 10 12 0.0792182 
503 1333 10 13 0.07816235 
215 1193 9 11 0.07640722 
271 1269 10 13 0.07458002 
421 948 8 11 0.07448398 
543 1292 13 16 0.07129264 
143 1200 9 10 0.070818745 
129 1415 9 11 0.06826863 
160 1226 10 13 0.06761363 
277 1268 11 14 0.06759152 
113 1262 11 13 0.06669887 
119 1220 9 12 0.066623345 
112 1254 9 11 0.06647207 
847 646 47 58 0.06446493 
467 1333 12 14 0.064303815 
191 1415 10 12 0.06358518 
103 1454 10 12 0.06278364 
169 1206 9 11 0.062585935 
133 1415 8 11 0.062549196 
225 1408 10 12 0.06200598 
418 1253 9 12 0.06114195 
472 935 9 11 0.06058795 
103 1230 10 13 0.056825716 
199 1453 11 13 0.055314686 
134 1238 9 12 0.05404447 
448 1271 10 13 0.052035734 
88 1415 9 11 0.051759038 
304 1228 8 11 0.051741127 
168 1199 9 11 0.05116196 
246 1303 9 12 0.05083608 
352 1204 10 12 0.050471302 
377 1277 9 12 0.049961306 
144 1496 8 11 0.049842298 
175 1413 10 11 0.049567565 
135 1299 11 14 0.04953619 
392 920 9 10 0.04938919 
254 1422 7 11 0.048546407 
417 943 9 12 0.04829147 
489 924 9 11 0.048186373 
432 1309 9 12 0.047740273 
225 1357 8 11 0.04658932 
262 1277 10 12 0.046220154 
309 1222 10 13 0.046045046 
72 1427 8 12 0.045884874 
173 1423 11 13 0.045849487 
253 1368 8 10 0.045003798 
134 1320 10 13 0.044699762 
236 1279 10 12 0.044133123 
199 1443 11 14 0.044077963 
106 1412 12 14 0.043379053 
398 918 7 10 0.043310285 
349 909 10 11 0.04327487 
387 926 8 11 0.043126278 
89 1421 8 10 0.042874232 
238 1205 9 12 0.04252093 
449 917 9 12 0.042223826 
174 1363 11 13 0.0419887 
240 1302 9 12 0.04195216 
385 1228 8 11 0.041562602 
326 1290 11 15 0.041198052 
112 1248 9 11 0.041176338 
358 1203 9 12 0.041147772 
229 1302 11 14 0.04107388 
175 1316 9 11 0.04084243 
116 1255 9 12 0.040769268 
208 1192 9 12 0.040268984 
193 1406 9 10 0.040030226 
266 1429 8 11 0.039309606 
352 1199 8 11 0.039054986 
95 1511 11 13 0.038810037 
198 1406 9 11 0.03877964 
336 1245 9 12 0.038703416 
301 1482 10 13 0.038673177 
108 1407 10 13 0.03865983 
266 1271 9 11 0.038644366 
142 1302 8 11 0.038291372 
424 1471 8 12 0.03798819 
136 1430 9 12 0.037934493 
483 1482 11 14 0.037519813 
222 1245 9 12 0.037499744 
159 1445 9 12 0.037469376 
124 1389 12 13 0.03737707 
214 1397 10 12 0.037219703 
132 1230 10 12 0.036710657 
262 1238 9 12 0.036614325 
441 918 8 11 0.03660228 
184 1182 8 11 0.036573473 
327 1230 8 10 0.03650464 
192 1373 8 11 0.03641107 
329 1224 8 10 0.035701524 
93 1269 9 13 0.03558265 
117 1247 8 10 0.035298016 
424 912 7 9 0.0351209 
249 1367 8 10 0.035097 
231 1286 10 11 0.034960683 
109 1231 10 13 0.034523 
156 1469 10 14 0.034519915 
127 1205 8 10 0.03362029 
174 1239 9 11 0.033386182 
128 1256 9 11 0.033108 
333 1223 8 11 0.032976687 
104 1293 8 11 0.03285812 
548 1270 11 15 0.032770753 
143 1308 8 11 0.03276942 
175 1271 11 13 0.032606166 
384 1453 9 12 0.032529518 
489 1317 10 12 0.032373372 
424 1316 10 12 0.03217423 
370 935 9 12 0.032031346 
141 1216 9 11 0.03199981 
497 1333 10 12 0.031905703 
159 1191 8 10 0.03168088 
170 1286 9 11 0.031562887 
88 1448 10 13 0.031402346 
103 1251 10 12 0.031354945 
172 1243 11 13 0.031328283 
201 1253 9 13 0.031298295 
245 1485 10 11 0.031174023 
94 1429 11 15 0.03102949 
401 1431 9 12 0.031007744 
416 1331 11 14 0.030982517 
429 1470 10 11 0.030916266 
221 1192 9 11 0.03078128 
176 1454 10 11 0.030769492 
230 1262 9 12 0.030678367 
149 1198 8 11 0.030551417 
432 1368 9 12 0.030446908 
71 1447 8 11 0.030231133 
377 1428 9 12 0.03021382 
150 1232 9 12 0.030028598 
184 1504 9 11 0.029837089 
255 1261 8 11 0.029469451 
480 1454 10 12 0.02924956 
256 1302 9 12 0.029205725 
238 1438 10 12 0.029165152 
118 1199 8 10 0.029157026 
183 1221 11 15 0.029144285 
94 1263 8 11 0.029142141 
143 150 11 14 0.0290176 
128 1324 9 12 0.02892231 
456 1289 10 12 0.02845199 
190 1190 10 13 0.028373497 
206 1253 10 15 0.0283093 
150 1262 11 14 0.028219117 
224 1287 9 11 0.028161613 
351 1225 8 11 0.028094964 
544 1519 10 12 0.027792472 
165 1443 10 13 0.027666466 
200 1432 8 11 0.027637145 
127 1200 8 10 0.027465926 
127 1404 10 12 0.027315851 
111 1399 8 11 0.027296918 
224 1300 12 15 0.02726242 
190 1341 9 11 0.027245512 
221 1213 9 11 0.027240412 
208 1398 9 12 0.027232876 
134 1287 10 13 0.027193252 
98 1224 7 10 0.027055694 
320 1231 9 10 0.02701028 
190 1233 11 14 0.026802782 
509 1340 10 12 0.026724268 
470 1511 10 12 0.02667275 
143 1500 8 10 0.026586715 
269 1430 10 12 0.026572509 
277 1306 10 13 0.02635917 
191 1197 8 11 0.026309922 
93 1413 11 13 0.02627002 
111 1219 9 11 0.026220191 
183 1396 9 12 0.0261794 
473 1480 12 14 0.026149575 
447 924 9 12 0.026042357 
199 1375 9 11 0.025978608 
380 1373 9 11 0.025930515 
383 910 8 10 0.02589385 
232 1346 11 13 0.025862949 
215 1430 9 10 0.025739266 
119 1228 9 11 0.025717154 
182 1360 9 12 0.02570134 
257 1222 9 11 0.025681013 
196 1222 10 13 0.025645422 
168 1364 10 13 0.025564218 
430 919 7 9 0.0255141 
311 1284 8 11 0.025483508 
124 1396 12 14 0.025473433 
98 1228 9 12 0.025428405 
352 1360 8 10 0.025339149 
136 1342 9 11 0.025271812 
507 1333 11 15 0.025225231 
310 1279 8 11 0.025172345 
238 1199 9 12 0.025081463 
225 1293 10 12 0.025036318 
258 1245 8 12 0.02503547 
295 1213 9 10 0.02501996 
430 1315 9 13 0.024914756 
406 912 7 9 0.024871161 
276 1286 10 13 0.024857437 
233 1432 8 10 0.024827491 
437 1307 10 12 0.024801672 
301 1335 9 11 0.024788272 
149 1255 11 13 0.02469498 
262 1245 9 11 0.024672758 
234 1199 8 11 0.024546653 
237 1237 12 14 0.024469221 
262 1221 9 12 0.024443595 
420 1351 9 10 0.024346225 
233 1436 10 12 0.024268355 
103 1418 14 18 0.024259929 
135 1421 9 11 0.024134101 
246 1479 10 12 0.024034385 
439 1283 10 13 0.024024628 
305 1414 8 11 0.023939295 
239 1212 8 10 0.023867698 
367 1296 10 12 0.023767844 
184 1340 10 13 0.023746608 
126 1214 9 12 0.023734597 
408 1411 10 12 0.023712289 
224 1262 10 12 0.023705943 
296 1221 9 12 0.023571579 
103 1221 9 13 0.0235631 
191 1279 9 12 0.023561155 
298 1228 8 11 0.023423338 
154 1446 9 10 0.023413733 
272 1324 8 11 0.02337014 
297 1335 9 11 0.023368288 
166 1224 11 14 0.023337757 
191 1245 9 11 0.023334527 
119 1302 8 11 0.023332486 
238 1255 9 11 0.023328466 
249 1414 9 12 0.023314366 
305 1223 9 13 0.023308568 
190 1333 10 12 0.023270117 
137 1199 8 10 0.023208141 
261 1301 9 12 0.023126949 
169 1316 9 11 0.023106694 
303 1274 9 13 0.023067784 
206 1386 10 13 0.023066377 
145 1232 9 11 0.023032777 
420 1328 10 12 0.022985207 
105 1215 9 11 0.02294658 
352 1341 10 13 0.022934452 
151 1183 7 9 0.022902993 
198 1333 9 11 0.022883972 
264 1253 9 11 0.02279639 
133 1487 7 10 0.022719843 
465 1325 10 13 0.022702275 
168 1435 11 16 0.022692775 
232 1214 9 11 0.022654375 
208 1219 9 13 0.02264556 
144 1261 9 13 0.022636784 
87 1370 10 12 0.02260632 
112 1274 10 12 0.022584869 
273 1319 9 11 0.022538533 
103 1479 8 10 0.0225109 
414 936 7 9 0.022497421 
114 1197 8 11 0.02238712 
360 1277 10 12 0.022368228 
272 1263 10 13 0.022360144 
375 1269 10 14 0.022276789 
340 1245 9 11 0.02223874 
190 1399 10 13 0.022226678 
193 1349 9 12 0.0221924 
360 1254 10 12 0.022177652 
152 1191 8 9 0.02217687 
153 1274 9 12 0.022153229 
185 1333 10 13 0.022133378 
128 1183 7 9 0.022029499 
135 1435 10 13 0.021950997 
383 934 8 10 0.021909066 
190 1215 9 11 0.021880437 
177 1183 8 10 0.021817014 
88 1311 9 13 0.021799138 
249 1461 9 11 0.021739688 
73 1491 10 12 0.021672726 
97 1304 9 12 0.021659376 
466 934 9 11 0.021655729 
183 1316 10 12 0.021628002 
110 1236 10 12 0.021492869 
527 1519 10 11 0.021448798 
547 1295 13 17 0.02130706 
449 912 8 11 0.021183537 
409 1455 8 10 0.021180436 
449 1263 8 10 0.021086466 
206 1405 8 11 0.021071676 
216 1437 10 12 0.02106474 
596 1446 15 19 0.02106319 
108 1455 9 11 0.02101228 
169 1421 9 11 0.021010034 
142 1179 10 13 0.020983746 
489 1277 9 12 0.020948028 
144 1240 11 14 0.020915488 
239 1335 9 11 0.020877635 
135 1308 10 12 0.020867031 
77 1422 9 13 0.020837013 
159 1438 11 15 0.02079675 
471 918 9 10 0.02072721 
314 1201 8 10 0.020646065 
320 1438 9 12 0.020643627 
414 1405 11 14 0.020588651 
453 1265 10 11 0.020542871 
112 1336 10 12 0.020525215 
297 1272 9 12 0.020462342 
196 1413 9 12 0.02039853 
157 1464 10 12 0.020378733 
198 1191 11 13 0.02035771 
254 1372 8 10 0.020352896 
240 1326 9 10 0.020339495 
101 1517 10 12 0.020286195 
472 912 8 10 0.020246921 
92 1457 11 13 0.020244012 
401 913 7 10 0.02023773 
336 912 7 9 0.020170622 
185 1177 7 9 0.020088658 
126 1221 10 12 0.020081744 
120 1183 7 10 0.020062018 
256 1428 7 10 0.020047024 
431 1339 10 13 0.020033306 
400 1309 9 12 0.020027906 
