23_Shoppers_Shoppers_23_511
452
501 316 12 16 0.8126157 
56 301 10 13 0.7930623 
70 362 16 21 0.56414247 
479 322 12 14 0.54264045 
788 638 13 16 0.536338 
843 324 16 20 0.44605815 
245 162 12 15 0.3996317 
749 573 9 12 0.3580162 
530 14 9 11 0.33261904 
706 603 15 22 0.31383064 
728 194 13 18 0.31157312 
323 209 12 15 0.30825737 
12 220 13 17 0.29876694 
459 550 22 29 0.27313587 
484 24 11 13 0.24522765 
343 216 11 14 0.24395302 
450 302 8 10 0.23972337 
384 251 9 12 0.22542249 
894 342 10 14 0.218602 
830 239 9 12 0.21291204 
160 93 11 13 0.21148498 
647 303 12 14 0.2053786 
748 275 11 14 0.20104252 
418 284 8 10 0.19597954 
742 215 9 13 0.19477311 
852 619 13 17 0.19094047 
828 259 13 16 0.187132 
739 321 13 16 0.18160288 
243 121 12 17 0.17615646 
617 360 10 12 0.15874062 
219 582 14 17 0.15367167 
52 322 12 14 0.14136037 
588 332 12 17 0.13539918 
16 294 8 10 0.13285972 
65 283 10 13 0.12909737 
698 341 10 13 0.12677728 
483 319 12 15 0.12563774 
127 92 13 17 0.12349089 
293 140 13 19 0.12236947 
101 60 13 17 0.12086984 
100 580 29 37 0.11290595 
652 307 9 12 0.11183381 
837 254 11 14 0.10730759 
129 356 14 18 0.10692312 
853 561 8 10 0.10512227 
6 303 9 12 0.10359578 
22 294 9 12 0.103409946 
560 33 9 10 0.099220686 
606 341 9 12 0.0981317 
137 48 9 11 0.09798934 
315 202 22 28 0.0972525 
718 335 10 14 0.09716715 
1 293 9 12 0.09682613 
166 582 13 16 0.09378846 
478 52 13 17 0.089881495 
164 54 10 13 0.08932775 
806 189 9 12 0.0889237 
75 317 12 15 0.08878682 
337 215 22 33 0.08799475 
93 67 12 16 0.083620906 
591 68 10 12 0.08286353 
671 367 9 12 0.080787875 
743 612 10 12 0.08007216 
144 345 14 17 0.079877034 
236 195 11 14 0.078979775 
334 211 53 74 0.077028245 
111 377 16 19 0.07634341 
718 636 15 19 0.07519156 
250 497 106 121 0.07440073 
49 40 9 11 0.07389556 
749 629 9 12 0.0737859 
235 101 10 11 0.073757455 
126 122 10 12 0.073157094 
787 631 13 15 0.07279275 
171 625 13 15 0.07238324 
903 325 9 13 0.071852855 
52 58 16 21 0.07173214 
260 430 46 64 0.07165599 
83 91 11 15 0.070982 
842 229 10 13 0.07070311 
6 294 9 11 0.07038143 
714 339 10 12 0.06992915 
701 397 12 14 0.06952262 
152 361 29 40 0.069236234 
800 271 9 11 0.06898196 
23 350 12 13 0.0684048 
551 374 10 12 0.065865256 
129 524 22 30 0.065782316 
477 9 8 10 0.06508228 
159 60 10 12 0.064291015 
640 301 10 13 0.063289836 
912 329 11 15 0.062244006 
845 225 9 10 0.061231125 
859 639 12 15 0.060470983 
779 42 13 17 0.060445603 
312 199 54 74 0.059840765 
847 624 14 18 0.059731036 
559 324 12 14 0.059312735 
51 52 15 18 0.05862649 
747 310 14 17 0.057532337 
833 276 12 16 0.057236973 
40 350 11 13 0.057016484 
23 299 10 13 0.056243762 
69 298 12 16 0.05619596 
872 341 9 12 0.055901982 
740 268 22 27 0.055703253 
282 482 29 42 0.05556391 
586 326 9 13 0.05522722 
130 521 14 19 0.054374672 
140 530 16 21 0.05422107 
737 220 11 13 0.053964917 
39 316 10 14 0.053837255 
823 256 13 15 0.053151984 
52 379 15 19 0.052525565 
171 636 16 19 0.05219316 
630 332 9 12 0.052151453 
809 260 9 12 0.05154334 
183 22 13 15 0.050403796 
748 576 12 15 0.049647678 
784 220 10 12 0.04927906 
213 29 9 11 0.049071502 
247 38 11 13 0.04895415 
232 96 10 13 0.048747655 
126 86 11 15 0.048508894 
802 188 8 12 0.04834547 
150 346 49 63 0.04758989 
42 431 20 21 0.04741335 
715 608 15 21 0.047201294 
821 23 10 11 0.04717387 
59 303 13 16 0.04691655 
133 58 14 15 0.04688369 
816 572 10 13 0.046717122 
536 36 8 11 0.046694774 
858 617 13 18 0.04648512 
46 590 11 15 0.046357743 
94 338 15 19 0.046266038 
164 99 10 13 0.04579148 
824 264 12 15 0.0452618 
270 457 51 75 0.044008598 
114 308 13 16 0.043766394 
41 51 22 27 0.04339263 
845 234 10 13 0.043391097 
76 50 11 15 0.043087013 
700 334 10 14 0.04304507 
96 37 9 11 0.04296609 
520 55 9 12 0.04287925 
545 333 11 14 0.042757917 
582 425 10 12 0.042410452 
228 31 10 13 0.04235039 
794 637 13 17 0.042337663 
138 450 29 38 0.04231226 
778 636 11 15 0.04161583 
745 569 10 13 0.041413255 
798 16 9 11 0.04125087 
696 318 9 12 0.041073 
350 516 12 15 0.040749952 
98 33 7 10 0.040539496 
7 332 11 16 0.040294696 
719 269 11 16 0.040060136 
200 119 9 13 0.039875563 
101 37 8 10 0.039614454 
849 561 12 16 0.039540607 
478 13 9 12 0.039389335 
59 64 15 20 0.039319746 
861 611 11 16 0.039304234 
405 466 17 21 0.039176255 
251 521 65 77 0.03881016 
526 56 11 14 0.038790077 
8 328 10 12 0.03873142 
55 48 21 26 0.038550768 
284 186 16 20 0.038387205 
119 84 10 15 0.03819118 
197 547 13 16 0.037972137 
478 329 12 13 0.037767168 
123 527 16 23 0.037714448 
161 47 10 13 0.037572403 
63 325 9 12 0.037567064 
542 37 9 11 0.037533365 
220 531 110 120 0.03752215 
52 43 12 16 0.03737499 
121 550 60 68 0.03728068 
36 611 13 16 0.03722696 
444 533 41 57 0.036350925 
296 23 9 10 0.036287505 
237 591 62 64 0.036116462 
7 288 9 12 0.03603967 
236 108 11 14 0.035877246 
589 45 10 12 0.035586793 
265 414 37 52 0.03502702 
803 637 13 16 0.03487047 
95 60 14 19 0.034780204 
180 638 15 17 0.03458133 
572 366 10 11 0.03448356 
557 277 14 16 0.034426797 
853 606 13 15 0.034307946 
563 331 16 18 0.034109034 
61 369 15 19 0.03405069 
860 625 13 16 0.033959433 
758 284 9 11 0.033900674 
2 299 10 14 0.033900462 
489 47 21 28 0.033895306 
22 288 8 11 0.033815846 
111 77 9 12 0.033792403 
663 300 11 14 0.033541586 
848 605 10 13 0.033270627 
109 68 9 13 0.033214144 
120 334 10 12 0.03308287 
838 39 11 15 0.032796953 
484 51 13 17 0.032614395 
774 261 9 11 0.03231508 
115 556 14 16 0.032202564 
770 299 16 20 0.032156415 
7 314 11 15 0.03193317 
359 237 11 15 0.031780835 
739 316 22 26 0.031737126 
45 348 10 14 0.03171195 
522 59 9 12 0.031492252 
550 325 10 13 0.031468134 
559 330 13 16 0.031320438 
132 548 16 21 0.031249033 
724 333 10 13 0.031217223 
454 296 10 15 0.031097338 
248 355 12 16 0.030940369 
4 238 14 19 0.030802887 
101 33 8 9 0.030715419 
847 60 10 12 0.030661378 
734 229 10 13 0.030433109 
494 47 11 14 0.030248936 
464 336 8 12 0.030216616 
47 318 11 15 0.030000173 
13 593 44 54 0.029949313 
576 40 9 11 0.029825589 
331 89 13 17 0.029707832 
598 338 12 15 0.029587131 
96 556 60 66 0.029459294 
19 636 15 17 0.029439658 
281 23 8 9 0.029430512 
838 248 11 13 0.029417744 
325 21 8 11 0.029306995 
825 245 10 12 0.029301852 
799 576 10 13 0.029166583 
111 525 52 66 0.029053932 
804 269 10 13 0.028917681 
15 299 9 13 0.028916828 
831 343 10 12 0.028677417 
861 348 10 12 0.02860741 
667 298 13 15 0.028590692 
127 80 10 13 0.028577264 
166 557 27 30 0.028544582 
70 322 11 14 0.028487353 
119 80 8 12 0.02828465 
167 620 23 26 0.02827485 
599 47 8 11 0.028262759 
204 588 12 14 0.02807562 
541 357 11 14 0.027996613 
750 362 12 14 0.027966069 
86 316 11 15 0.02793264 
67 279 10 13 0.027886428 
606 54 9 12 0.027869862 
742 207 10 13 0.027839674 
464 23 10 13 0.027812649 
558 317 13 15 0.027745549 
87 311 10 13 0.027594075 
448 550 25 32 0.027499108 
830 251 20 24 0.027456464 
792 20 11 13 0.027367553 
566 47 11 14 0.027308676 
788 6 10 12 0.027285531 
848 586 10 13 0.027283007 
108 54 10 14 0.027195076 
138 52 12 14 0.027193638 
228 225 25 29 0.027186397 
131 87 11 13 0.027050471 
687 342 9 11 0.026987936 
625 333 9 11 0.02683394 
94 299 10 12 0.026674636 
164 87 10 13 0.026669886 
273 32 8 11 0.026666544 
90 41 8 10 0.026533812 
930 247 29 39 0.02649219 
815 224 8 9 0.026158698 
324 28 11 14 0.026081666 
614 413 12 14 0.026065296 
212 550 12 14 0.026061691 
724 610 11 15 0.025976377 
792 301 10 13 0.025975382 
145 502 10 13 0.0259485 
278 31 9 11 0.025850141 
703 374 8 11 0.025828643 
753 9 8 10 0.025681611 
152 69 9 13 0.025606282 
736 610 12 16 0.025573667 
789 221 8 11 0.025542416 
697 422 11 14 0.025529103 
550 390 10 12 0.025482278 
83 491 102 130 0.025461795 
894 334 13 17 0.025419386 
92 315 10 14 0.025376078 
792 29 9 12 0.025373671 
64 237 98 123 0.025309987 
241 38 11 15 0.025247518 
742 634 13 15 0.02523827 
549 60 11 14 0.02519418 
585 44 10 13 0.025114419 
148 374 25 34 0.025099423 
576 254 11 13 0.02509632 
14 468 13 18 0.025087807 
353 232 49 66 0.025041377 
117 304 10 13 0.025024462 
632 351 10 12 0.024983007 
791 14 10 13 0.024945572 
35 37 38 46 0.024862198 
135 462 23 34 0.024777653 
46 382 24 26 0.024733841 
133 67 13 14 0.024716115 
500 638 15 15 0.024623932 
156 68 11 13 0.024564471 
77 311 12 15 0.02451414 
296 29 10 12 0.024446325 
638 353 9 11 0.02441549 
203 123 11 15 0.02429442 
292 174 10 14 0.024263153 
102 333 12 17 0.024256364 
12 602 13 18 0.024250623 
645 317 10 12 0.024234422 
888 345 10 13 0.024221556 
157 519 52 63 0.02409005 
835 267 14 18 0.024019457 
544 403 12 16 0.024006495 
109 522 25 32 0.023977099 
128 352 10 13 0.023968814 
801 185 8 10 0.02396316 
165 572 24 27 0.023931995 
822 285 11 14 0.023871606 
707 397 12 15 0.023817608 
741 282 13 15 0.02375722 
243 127 15 20 0.023736497 
484 69 11 15 0.023724832 
447 305 11 14 0.02364183 
269 386 45 66 0.023599127 
271 363 23 39 0.02359105 
827 265 15 19 0.023576166 
841 318 12 17 0.023508511 
156 563 15 21 0.02349664 
153 556 50 63 0.023482084 
33 316 10 13 0.023436561 
568 339 15 16 0.023428997 
704 600 12 16 0.023353612 
784 624 10 12 0.023341518 
816 229 9 10 0.02321598 
93 51 13 17 0.023210619 
744 303 10 13 0.0232091 
529 31 9 12 0.023208564 
189 533 27 35 0.023206308 
767 276 10 13 0.023142204 
776 632 22 26 0.023021268 
152 62 10 12 0.023009807 
35 59 16 21 0.022936705 
876 341 12 15 0.022803545 
135 348 22 27 0.02263898 
518 46 9 11 0.022612333 
726 324 13 16 0.022600377 
600 62 9 12 0.02258835 
823 580 9 13 0.022504989 
829 275 20 26 0.022478182 
297 142 16 23 0.022470329 
286 143 16 20 0.022391118 
700 325 10 13 0.0222969 
574 46 10 12 0.022285977 
263 366 41 60 0.022281453 
546 339 12 14 0.022269832 
361 76 10 13 0.022217343 
69 308 12 16 0.022106783 
815 259 10 14 0.02209965 
733 30 9 10 0.02209378 
736 252 46 56 0.02209035 
601 292 10 12 0.022083396 
206 474 172 201 0.022082541 
573 79 8 10 0.0220671 
138 518 26 32 0.022065321 
862 342 11 14 0.022056103 
475 320 19 21 0.02204873 
808 610 10 13 0.022039438 
558 80 8 9 0.021980248 
63 366 23 28 0.021919765 
530 59 12 14 0.021915196 
312 55 8 10 0.021912262 
16 620 27 32 0.021902438 
480 19 18 22 0.02184039 
275 172 28 34 0.02179353 
57 542 28 32 0.021755837 
686 336 9 12 0.021748006 
318 67 10 13 0.021730248 
142 105 46 58 0.021678632 
27 299 11 14 0.021610573 
743 620 12 16 0.021593189 
517 308 10 12 0.021548174 
586 68 10 13 0.021496072 
614 312 9 12 0.021493185 
614 406 11 14 0.021481588 
733 632 15 18 0.02145339 
770 212 11 14 0.02145046 
806 43 9 12 0.021432362 
755 630 10 13 0.021425962 
496 267 95 116 0.021384599 
800 253 9 11 0.02137552 
70 46 14 18 0.021349946 
287 29 9 11 0.021341693 
343 488 50 71 0.021248087 
657 24 7 9 0.021237915 
124 537 23 31 0.02119688 
551 36 10 13 0.021187942 
768 204 11 13 0.021121042 
266 548 15 18 0.021120865 
735 39 9 12 0.021095848 
478 309 12 15 0.021059766 
707 196 13 16 0.021008437 
475 50 22 27 0.020992745 
707 611 17 25 0.02098157 
269 485 62 81 0.020961143 
232 347 16 20 0.02091634 
36 52 14 17 0.020875093 
219 589 16 19 0.020828245 
568 71 9 11 0.020819966 
140 60 11 13 0.020800497 
581 211 14 17 0.020752627 
152 100 10 13 0.02075165 
269 79 9 11 0.02074554 
223 22 10 13 0.020741463 
271 446 96 138 0.020724898 
680 341 8 11 0.020659216 
560 44 12 14 0.02063497 
473 12 10 13 0.020602481 
689 349 9 11 0.020574497 
146 352 15 18 0.020556917 
153 561 27 36 0.020542424 
728 237 11 13 0.020480573 
469 21 11 14 0.02039989 
0 455 24 41 0.020393679 
485 17 10 12 0.020328213 
839 235 11 14 0.020312777 
382 255 11 17 0.020282947 
189 589 14 17 0.02026267 
577 193 8 9 0.020222308 
110 550 24 27 0.020159699 
123 514 22 32 0.020115532 
738 194 12 15 0.02011274 
472 318 13 15 0.020107958 
286 24 8 9 0.020102894 
209 24 10 12 0.02005206 
125 260 11 14 0.020044468 
749 633 12 15 0.020011947 
