23_Shoppers_Shoppers_23_122
21
728 3 112 111 0.9982621 
263 48 64 80 0.99635375 
881 71 26 34 0.18324086 
139 253 378 460 0.15752065 
941 526 50 51 0.13018924 
0 57 16 21 0.07691438 
504 116 194 315 0.062064793 
178 292 94 117 0.058596827 
433 89 32 36 0.046485517 
854 67 28 37 0.04142105 
998 40 15 18 0.034255546 
405 46 24 28 0.033935554 
463 -11 434 549 0.033775117 
276 23 57 78 0.032111272 
-1 3 20 28 0.030078024 
92 60 41 47 0.028418727 
757 605 41 41 0.02676353 
792 9 101 113 0.025937509 
104 15 44 54 0.022477427 
7 57 23 31 0.022458486 
436 63 28 33 0.021415746 
