23_Shoppers_Shoppers_23_65
36
352 167 30 39 0.98931074 
477 100 38 53 0.91131735 
288 90 21 26 0.24964684 
238 108 20 27 0.20622954 
229 111 18 23 0.08470176 
596 96 19 30 0.08390035 
262 186 15 22 0.07973697 
347 339 16 20 0.06829039 
299 82 16 21 0.06821788 
559 125 25 31 0.059926722 
219 114 26 29 0.055683445 
366 416 14 17 0.055118866 
342 385 16 20 0.04461991 
945 530 41 42 0.043987077 
605 102 21 26 0.043953083 
637 90 15 22 0.043791443 
372 120 27 32 0.04055903 
416 196 47 47 0.04003136 
343 181 30 41 0.03937537 
242 99 16 25 0.038039874 
211 107 24 33 0.033672 
249 110 15 23 0.03343045 
278 47 14 20 0.030586274 
374 108 24 28 0.028687673 
378 142 18 21 0.028137203 
264 180 24 32 0.027522434 
262 136 23 32 0.026350483 
286 84 15 21 0.026048161 
125 214 14 18 0.025280362 
234 154 28 35 0.025049975 
415 404 14 16 0.024928596 
201 103 24 35 0.021632394 
295 358 34 38 0.02103589 
285 100 18 22 0.020708675 
368 149 26 32 0.020440139 
374 138 16 17 0.020334627 
