23_Shoppers_Shoppers_23_10
101
468 333 27 34 0.99937266 
638 298 28 33 0.99246395 
276 312 35 43 0.9874248 
64 384 36 52 0.9836038 
348 491 14 19 0.39444068 
998 332 19 26 0.38964403 
758 324 21 28 0.31118706 
785 321 21 28 0.26539993 
567 313 31 42 0.2235726 
891 327 14 17 0.2053521 
938 37 10 12 0.14531074 
767 324 22 28 0.13023645 
610 111 9 12 0.12653631 
624 115 10 12 0.120166354 
542 80 8 10 0.116072506 
737 106 29 38 0.11584653 
849 313 21 25 0.113460444 
5 168 52 77 0.10986433 
28 586 47 85 0.10025757 
535 299 21 28 0.09797814 
692 22 8 11 0.0771287 
112 344 9 11 0.075977765 
633 470 29 41 0.0742873 
596 93 9 13 0.07353209 
217 386 16 19 0.07307585 
520 70 9 12 0.062447727 
36 413 26 33 0.061450347 
676 298 26 30 0.0601778 
-2 385 24 48 0.05766822 
428 478 12 15 0.05731525 
44 411 15 17 0.05641853 
816 40 9 12 0.056115147 
717 78 8 11 0.05373475 
614 114 9 12 0.05314688 
778 325 18 23 0.052045114 
841 42 7 9 0.04993587 
843 311 17 23 0.046708435 
919 70 9 11 0.04589055 
377 455 28 32 0.045388207 
838 306 14 21 0.04488094 
299 543 23 31 0.044695932 
551 80 8 10 0.04226173 
641 107 9 12 0.041981984 
676 6 9 11 0.040479653 
584 86 7 10 0.0396062 
554 87 7 9 0.039295394 
686 293 25 29 0.039088145 
645 103 9 12 0.03775158 
512 79 8 12 0.037352286 
537 79 9 10 0.03729727 
660 154 94 123 0.03691471 
557 88 8 9 0.03645045 
533 501 12 15 0.036279976 
0 403 31 40 0.03205802 
671 24 8 10 0.030867962 
997 339 25 37 0.030277453 
527 87 9 10 0.030098833 
889 331 18 23 0.029843753 
858 311 22 30 0.029799866 
989 330 17 21 0.028916437 
946 440 25 30 0.027963476 
518 74 11 14 0.027777357 
694 103 7 9 0.027702138 
335 578 12 17 0.027682737 
599 113 7 9 0.027406022 
629 112 8 10 0.027118819 
953 481 16 21 0.026177699 
793 315 16 25 0.025812266 
997 612 28 58 0.025690084 
18 379 37 53 0.025538797 
954 306 22 29 0.025338795 
389 414 9 12 0.024826676 
645 94 9 11 0.024714384 
103 320 9 10 0.024464287 
390 -51 393 485 0.024402766 
1008 334 13 23 0.024392197 
698 296 17 23 0.024191508 
592 87 9 11 0.024096098 
794 321 21 32 0.024007501 
705 216 15 19 0.023459123 
529 333 26 33 0.023451079 
591 113 8 10 0.023444394 
529 500 10 14 0.02299962 
935 42 13 15 0.022932278 
536 72 8 10 0.022805111 
536 321 37 49 0.022764673 
535 84 9 12 0.022741955 
528 122 11 15 0.022315832 
597 117 8 10 0.02215258 
420 636 13 16 0.021900386 
285 588 9 12 0.021311004 
127 305 8 10 0.021213979 
262 333 11 14 0.021011762 
553 92 9 11 0.02098118 
1012 453 12 21 0.020947825 
897 324 12 16 0.020866595 
530 430 118 168 0.020748325 
712 96 7 9 0.020694928 
285 582 9 12 0.020430634 
229 569 17 18 0.020302113 
719 96 8 10 0.02015675 
