23_Shoppers_Shoppers_23_817
68
468 658 616 407 0.55346584 
97 424 213 362 0.3792556 
365 15 378 509 0.21698444 
356 611 12 15 0.16421098 
461 668 12 16 0.12733665 
414 653 16 21 0.11637888 
353 540 12 15 0.112323254 
382 606 14 17 0.11025047 
410 524 499 436 0.082378805 
111 629 410 486 0.07950803 
642 13 205 289 0.07534622 
334 604 12 15 0.07282358 
300 565 11 15 0.07052025 
415 631 24 31 0.06517207 
327 544 12 16 0.055494737 
411 405 15 20 0.053486627 
369 385 17 19 0.05189652 
347 409 24 32 0.047922846 
365 586 15 18 0.045830477 
372 675 21 29 0.04486511 
398 655 15 20 0.041007392 
404 649 20 28 0.040740594 
334 583 11 15 0.040135775 
691 520 11 12 0.038934674 
455 599 16 20 0.037244987 
468 645 29 36 0.037226792 
393 490 14 16 0.03664873 
381 626 15 19 0.036472376 
561 -90 339 445 0.035710886 
134 376 390 487 0.035101347 
402 364 14 17 0.034972027 
321 447 17 19 0.034717362 
462 654 25 35 0.033924736 
365 623 22 29 0.033796147 
404 396 25 33 0.033225175 
554 492 18 23 0.031825017 
570 347 381 514 0.031502582 
-32 497 426 545 0.031217538 
337 690 451 533 0.031187927 
318 637 11 15 0.030934896 
619 5 136 238 0.030608328 
387 620 15 19 0.030142987 
769 30 183 224 0.02980984 
423 597 12 15 0.02931797 
324 495 16 21 0.029313345 
341 443 15 19 0.028418766 
286 554 27 37 0.02819815 
427 475 14 17 0.027537962 
428 566 11 15 0.027427144 
334 403 40 51 0.02706938 
402 383 16 20 0.026880192 
318 748 120 190 0.026437089 
535 487 244 327 0.026065217 
333 541 11 15 0.023939017 
397 366 24 31 0.02392114 
326 439 24 30 0.023579601 
319 573 12 15 0.022582453 
439 550 11 14 0.022276234 
717 622 10 12 0.02227288 
456 664 22 27 0.02198007 
326 568 8 10 0.021857016 
426 635 16 21 0.02111584 
449 523 13 17 0.021047397 
533 469 15 17 0.020778377 
362 612 12 15 0.020663517 
311 572 11 16 0.02060663 
230 872 468 519 0.020542111 
393 382 28 33 0.02031496 
