23_Shoppers_Shoppers_23_197
488
447 106 141 177 0.99948645 
695 200 350 444 0.6062642 
418 1081 37 41 0.546994 
54 1494 14 19 0.5167076 
429 1504 17 20 0.46329057 
812 515 203 304 0.36288705 
50 1149 16 20 0.32904607 
290 426 38 62 0.29750896 
12 1336 14 17 0.27987307 
899 1005 130 161 0.27925152 
336 1462 13 16 0.27558503 
776 408 346 470 0.2622303 
7 1499 12 17 0.21907946 
132 1500 14 22 0.213973 
259 666 15 19 0.21009092 
277 641 11 14 0.20639685 
7 1414 11 14 0.20279533 
421 1476 13 16 0.20201758 
77 1383 10 12 0.20154649 
820 942 208 268 0.20055561 
114 1146 13 16 0.19344918 
209 1500 15 19 0.17116669 
860 1002 123 124 0.16800642 
354 1465 17 19 0.1627248 
28 1432 14 17 0.16244532 
343 1386 14 20 0.15861566 
86 1412 12 14 0.15778336 
354 1474 16 18 0.15313208 
42 1359 12 13 0.14869891 
316 675 10 13 0.14630973 
367 1494 13 15 0.13655153 
407 1511 12 15 0.13620669 
384 1398 11 14 0.13595884 
405 1490 15 16 0.13321914 
144 1300 12 16 0.12958641 
14 1310 11 14 0.12760527 
86 1308 13 15 0.124859184 
363 1469 15 18 0.12355209 
104 1370 11 14 0.12110353 
162 1258 11 14 0.11995996 
287 1253 13 15 0.11755809 
31 1460 13 18 0.110166185 
120 1226 13 17 0.10667342 
293 669 24 27 0.10418331 
141 1211 10 13 0.10331748 
38 1497 13 17 0.10127718 
245 1470 11 15 0.09601141 
814 1472 8 12 0.09598049 
113 1506 14 17 0.09534601 
45 1390 10 13 0.094893694 
2 1419 11 15 0.09216843 
69 1148 11 14 0.09213879 
94 1471 14 19 0.08871513 
894 624 126 186 0.08810802 
469 1450 13 16 0.08805683 
173 1310 13 17 0.08775924 
101 531 417 488 0.087688535 
308 674 15 18 0.08768549 
37 1395 12 15 0.0860209 
340 1503 11 13 0.08551458 
61 1398 11 13 0.08469034 
663 1379 12 14 0.08413136 
352 1480 13 16 0.082868434 
396 1475 11 14 0.08276955 
274 1474 13 16 0.081054635 
133 1330 13 15 0.08001621 
54 1342 10 14 0.076905094 
358 1455 12 13 0.07643969 
36 1380 11 12 0.07528261 
68 1479 13 17 0.07513596 
372 1492 12 15 0.074076846 
71 1459 12 16 0.07384259 
380 1486 11 14 0.07301202 
307 714 30 40 0.07255849 
175 1378 12 16 0.07226643 
57 1366 9 12 0.07134884 
4 1427 12 15 0.0712273 
323 1501 12 14 0.07030255 
313 1354 10 13 0.07002918 
235 1373 12 14 0.06925954 
322 1508 14 15 0.06871968 
69 1276 10 13 0.06853999 
55 1405 10 12 0.067822225 
16 1267 12 16 0.066660374 
59 1094 11 14 0.06621251 
411 1483 14 16 0.065492734 
133 1155 13 17 0.06536226 
317 1358 10 12 0.06533036 
30 645 32 37 0.06526691 
430 1438 12 14 0.065191224 
71 1341 12 15 0.06385672 
187 1368 15 22 0.063530095 
61 1391 9 11 0.06304654 
654 1407 13 15 0.06299962 
217 710 31 40 0.06296402 
5 1366 13 17 0.06101527 
147 1344 14 17 0.06056005 
370 1470 13 15 0.059421055 
342 1242 11 13 0.058383986 
367 1186 12 16 0.057761826 
15 1110 10 13 0.057696886 
21 1403 11 14 0.057610307 
333 1517 15 15 0.057452943 
25 1428 12 17 0.05722664 
57 1154 14 18 0.0571702 
48 1474 12 16 0.057082202 
401 1444 12 14 0.05696901 
732 277 128 175 0.056351278 
70 1405 10 12 0.05575176 
61 1148 13 17 0.055577952 
53 1413 11 15 0.054678444 
457 1481 16 19 0.053817097 
39 1390 11 14 0.053694274 
335 1508 13 15 0.05281228 
359 1111 20 28 0.05253747 
288 1212 11 13 0.052143328 
1 1443 12 17 0.05160984 
426 794 49 62 0.0514957 
145 1246 15 20 0.051350806 
369 1362 13 15 0.051169425 
273 692 15 20 0.050844073 
33 1397 11 14 0.050657302 
6 1308 12 16 0.050571974 
96 1449 13 17 0.049592905 
1 1117 9 13 0.04937529 
120 1440 10 11 0.049167022 
286 1497 14 17 0.048904266 
444 1059 11 13 0.04853494 
132 1167 16 19 0.048297733 
44 1495 14 19 0.04824624 
861 1007 67 73 0.04816184 
1 1437 10 15 0.04815097 
301 1458 12 15 0.04802985 
158 1233 14 18 0.047810026 
79 1430 10 11 0.047787443 
31 1126 11 14 0.047653366 
12 587 17 22 0.047540933 
316 1385 16 19 0.047358222 
5 585 13 19 0.04703571 
182 1029 24 30 0.04648501 
292 1283 11 14 0.04643794 
72 1441 12 14 0.04614501 
77 553 42 54 0.04600247 
47 1141 13 15 0.045866527 
606 834 11 14 0.04540604 
268 1451 14 15 0.045180112 
52 1485 15 19 0.045170445 
457 830 51 81 0.04506533 
70 1411 11 15 0.045028564 
67 1399 11 13 0.045019962 
284 1367 15 19 0.04501787 
5 845 10 13 0.04492174 
76 1362 12 14 0.04424059 
157 1468 10 13 0.044216137 
348 1114 12 17 0.04414158 
59 1480 20 24 0.043983344 
92 1156 13 17 0.043629795 
30 1345 13 17 0.042876005 
35 1434 14 18 0.04282283 
732 890 365 444 0.04182446 
260 1338 12 14 0.041128926 
131 1371 12 16 0.04086562 
36 1413 12 14 0.040780872 
388 1160 10 13 0.04077045 
9 1314 12 15 0.04074281 
236 1358 13 15 0.040691093 
18 1339 12 16 0.04057033 
806 1452 9 12 0.040481836 
101 1421 11 14 0.040108453 
631 1355 14 15 0.039913747 
94 1422 10 12 0.039889917 
30 1422 11 13 0.039758753 
111 1356 11 13 0.039703235 
47 1420 11 15 0.03962372 
282 663 43 53 0.039341852 
0 1518 13 18 0.0393208 
397 1501 13 15 0.039102662 
358 1372 14 16 0.038959097 
249 1308 12 16 0.038862012 
459 1438 12 17 0.038328554 
294 789 13 15 0.038306706 
80 1405 11 14 0.037971035 
46 1407 10 12 0.03791838 
230 1359 11 14 0.037856545 
77 1373 13 15 0.03784467 
177 1185 11 15 0.037718017 
494 1223 24 32 0.03760767 
259 1431 13 16 0.037457995 
172 1292 13 16 0.037349444 
40 1307 10 12 0.037285767 
291 1402 14 15 0.037269212 
35 1463 14 17 0.03716363 
80 1411 12 15 0.036753964 
60 1236 14 18 0.03672875 
4 1499 21 26 0.036728352 
130 1338 14 17 0.03664663 
180 1373 16 21 0.036505554 
325 1313 9 10 0.036197703 
12 573 11 14 0.036120348 
340 1493 11 14 0.036105394 
336 1455 10 13 0.03609585 
279 1349 10 12 0.036080558 
5 1358 12 15 0.035824057 
369 1419 11 14 0.0357275 
133 1276 11 16 0.035496086 
933 1075 87 102 0.03535277 
352 1462 12 15 0.03534512 
103 1294 10 13 0.035289418 
456 823 109 169 0.034963515 
169 1315 14 19 0.034944735 
450 1278 16 20 0.034798637 
355 1406 16 21 0.03464728 
9 1492 15 18 0.034491178 
535 1368 9 10 0.034482714 
52 1451 12 15 0.03430955 
33 612 51 60 0.034098476 
403 1498 15 16 0.03393461 
79 1278 12 15 0.03385966 
320 1495 10 13 0.03362844 
399 1294 10 13 0.033624347 
63 1186 14 19 0.033608302 
318 1430 11 13 0.03346844 
276 1323 10 13 0.033266924 
271 1470 13 15 0.033196725 
572 822 15 16 0.033078857 
379 1380 11 14 0.032907385 
146 1295 13 16 0.032844014 
37 1403 12 15 0.032585848 
56 1390 10 12 0.03254634 
532 1435 23 26 0.03253283 
364 1369 13 17 0.032369412 
363 1501 11 14 0.032249466 
150 1325 10 11 0.032209363 
36 1420 13 15 0.032157596 
159 1034 23 29 0.03215448 
648 1278 57 71 0.031939127 
164 1380 15 19 0.031731352 
196 1128 14 17 0.03168013 
357 1437 11 13 0.03149723 
185 528 25 30 0.031441983 
807 1011 123 109 0.031313963 
170 1034 25 33 0.031161878 
107 1366 12 14 0.03107518 
73 1387 11 12 0.031069444 
390 1126 11 15 0.03103544 
104 1415 10 12 0.030883294 
142 1326 9 13 0.030846534 
681 1348 10 12 0.030844836 
291 1340 14 15 0.030535378 
465 1115 29 35 0.03038879 
947 620 17 21 0.03035825 
104 1255 11 14 0.030344112 
669 1390 10 12 0.030323915 
343 1443 12 14 0.030293938 
112 1431 9 11 0.030251872 
127 1343 11 14 0.030081954 
76 1498 14 18 0.030045273 
97 1428 9 13 0.029849093 
0 1414 18 25 0.02982115 
264 1460 10 13 0.029736372 
93 1221 12 15 0.029637935 
462 1383 11 14 0.029585978 
21 850 11 14 0.029551812 
535 1373 9 10 0.029534603 
311 1387 13 16 0.0294076 
322 1270 12 13 0.02939066 
416 1473 21 26 0.02928657 
253 1497 13 16 0.02925979 
12 1326 12 16 0.029247053 
248 1094 9 12 0.029203547 
25 1422 10 13 0.029160306 
485 837 16 24 0.029114094 
180 1351 16 22 0.02905293 
347 1235 12 15 0.028935751 
0 1298 11 18 0.028934425 
150 1219 11 14 0.028920991 
32 1375 11 13 0.028772645 
390 1508 12 14 0.028744755 
160 1383 12 15 0.028630972 
285 1433 12 16 0.028521048 
47 1412 11 14 0.028420985 
96 1151 10 14 0.028380275 
340 1475 13 16 0.02830499 
196 982 397 492 0.028162453 
16 586 27 30 0.028016042 
654 209 208 308 0.02797668 
273 1320 10 12 0.027943077 
157 1325 11 13 0.027851716 
364 1411 13 17 0.02774289 
384 1364 11 14 0.027738055 
381 1477 11 14 0.027661875 
221 1107 10 12 0.027644213 
15 1263 21 27 0.027636986 
312 1301 10 13 0.027634446 
116 1152 13 17 0.027521655 
320 1290 12 15 0.027448382 
89 1474 13 17 0.02736748 
328 1466 14 17 0.027334208 
639 1428 10 12 0.027318005 
1004 599 17 20 0.027293852 
6 1229 14 19 0.027259719 
318 1484 10 12 0.027204575 
319 1496 19 24 0.027031852 
217 1499 15 21 0.0270208 
461 651 14 17 0.027005976 
282 795 15 17 0.02698934 
293 1348 13 14 0.02698812 
277 1499 15 17 0.026784666 
341 1485 11 14 0.026741615 
262 1293 13 17 0.026734645 
46 1307 10 12 0.026731005 
288 1234 12 14 0.026659211 
615 1390 12 14 0.026558653 
285 1120 22 28 0.026465198 
320 1411 13 17 0.026386095 
323 1364 12 14 0.02634657 
47 1347 11 14 0.026288517 
322 1382 17 19 0.026263384 
834 1472 9 12 0.026198313 
664 1387 12 14 0.026194328 
235 722 17 21 0.026147855 
671 1286 37 45 0.026096035 
327 1172 12 15 0.026049087 
0 1468 11 17 0.026031611 
275 1301 13 15 0.025959214 
302 1397 12 14 0.025892656 
69 1489 14 19 0.02588484 
566 860 11 13 0.025564536 
139 1275 11 15 0.025303194 
189 1124 15 21 0.025299298 
74 1195 13 16 0.02520901 
267 1508 14 15 0.025171967 
225 1359 11 14 0.025093872 
301 1350 12 13 0.025057942 
180 1360 18 25 0.024915913 
365 1484 13 15 0.024868391 
364 1504 14 17 0.024856552 
141 1351 13 17 0.024819637 
325 1495 11 14 0.024815533 
289 1123 12 18 0.024723416 
255 1323 11 15 0.024592634 
125 1376 13 16 0.024585204 
101 1146 11 15 0.02452221 
508 1438 10 12 0.024419125 
64 1459 12 17 0.024407689 
120 1343 10 12 0.024398923 
118 1196 13 16 0.024394276 
47 1384 9 12 0.02438757 
149 1033 22 30 0.024356397 
286 680 48 58 0.024353962 
52 1227 23 31 0.024121525 
129 1366 13 14 0.024120986 
502 658 14 17 0.024051381 
144 1317 10 13 0.024021156 
55 1371 10 13 0.024003785 
16 1405 10 14 0.02399021 
33 1389 11 14 0.023944356 
251 1468 13 16 0.023908325 
385 1126 11 14 0.023877779 
268 1286 10 13 0.023674255 
618 1282 99 100 0.023612482 
44 1459 13 16 0.023591692 
317 1436 10 13 0.02356628 
823 1050 28 33 0.023514872 
988 782 29 40 0.023467619 
825 1455 10 13 0.023462877 
513 1277 9 12 0.023441637 
334 1151 10 13 0.02337911 
212 1152 12 16 0.023344781 
133 1357 13 16 0.023252914 
59 1170 15 19 0.023248725 
215 1375 10 13 0.023168903 
474 827 27 41 0.023141498 
2 1370 11 16 0.023129912 
628 1348 15 16 0.023095632 
278 1342 11 14 0.022956472 
294 1237 11 14 0.022920437 
14 1102 9 11 0.022902774 
109 1488 16 17 0.022896487 
237 1111 11 14 0.022890503 
35 1349 11 14 0.022856822 
276 1446 11 14 0.022786103 
359 1493 12 15 0.022715047 
666 1376 11 12 0.022699969 
402 1509 21 24 0.02269526 
111 1285 11 14 0.02265146 
303 1446 11 14 0.022646012 
310 1484 10 12 0.022616826 
229 1431 15 17 0.02258356 
101 1429 10 13 0.022571994 
138 1228 12 14 0.022564491 
332 1472 15 17 0.022532128 
9 1101 9 12 0.022522466 
151 1234 13 17 0.022509148 
42 1437 13 16 0.022465456 
388 1003 15 20 0.022455534 
16 639 32 38 0.022450658 
149 1318 9 12 0.022401921 
285 1227 13 15 0.022376772 
287 1397 13 16 0.022327773 
117 1041 25 31 0.022323838 
339 1467 21 25 0.022322759 
103 1287 12 14 0.022320012 
60 616 48 59 0.022274064 
349 858 14 20 0.022224065 
133 1346 12 16 0.022217873 
417 1065 32 41 0.022206571 
63 1454 11 15 0.022179399 
414 1402 15 20 0.02217913 
101 1350 11 13 0.022096299 
114 1498 22 27 0.022090456 
98 1458 15 18 0.022041112 
23 1374 10 13 0.02203973 
388 1516 13 15 0.022033472 
311 1445 11 12 0.021986097 
0 1443 18 29 0.02192819 
285 1347 14 15 0.021915369 
333 1387 13 18 0.021909125 
334 1485 13 14 0.021873819 
806 946 15 20 0.021856695 
44 571 15 21 0.021851553 
567 536 106 118 0.021806372 
503 1325 12 15 0.021801736 
271 445 34 46 0.021767015 
127 1489 26 35 0.021725554 
72 1093 11 15 0.021656565 
312 1439 10 12 0.021646688 
424 1502 14 18 0.021641124 
93 1302 12 14 0.021610245 
336 1135 10 12 0.02158592 
346 1518 14 15 0.02150308 
148 1214 12 13 0.021480607 
103 1245 10 14 0.021472782 
381 1372 12 15 0.021469424 
144 1437 9 12 0.021455174 
358 1445 12 14 0.02145263 
245 1356 13 16 0.021364417 
19 1516 16 17 0.021335049 
335 1351 11 14 0.021280836 
425 1437 12 14 0.02127835 
134 1307 13 15 0.02127334 
435 1444 11 13 0.021270975 
111 1398 9 11 0.021257108 
373 1462 12 14 0.021242006 
381 1470 11 13 0.02117912 
285 1308 13 15 0.021156391 
4 1396 12 15 0.0211336 
379 1408 16 18 0.02112521 
173 1364 13 18 0.021114701 
293 1479 13 15 0.021112032 
385 1403 13 16 0.021109119 
167 1222 11 13 0.021075834 
108 1289 12 16 0.021030612 
13 1068 9 11 0.021027647 
383 1141 11 12 0.020985808 
231 1110 11 14 0.02096158 
192 1186 11 14 0.02091476 
4 1473 13 17 0.020913685 
109 1412 11 12 0.020884791 
361 1461 16 19 0.020847937 
179 509 32 40 0.020742 
63 1493 20 25 0.020735187 
241 1337 14 18 0.020719867 
516 1399 12 15 0.020692565 
-1 1352 8 11 0.02069222 
188 1199 10 12 0.02066197 
20 1344 13 17 0.020653915 
258 1495 12 13 0.020603316 
663 1399 10 12 0.020599078 
742 1410 12 14 0.020559002 
262 1516 14 16 0.020548405 
293 1244 11 15 0.020503173 
335 1211 14 16 0.020503137 
421 802 81 96 0.020494277 
273 640 20 24 0.020443598 
7 1485 12 14 0.020398766 
373 1412 14 15 0.020324927 
277 684 25 31 0.020289553 
455 797 214 298 0.020264108 
203 599 35 38 0.020253366 
87 1427 10 13 0.020218348 
157 1248 20 25 0.0201821 
75 1437 12 15 0.020150006 
174 501 13 17 0.020140048 
267 1149 25 32 0.020124856 
279 1307 10 12 0.020031294 
41 1156 11 16 0.020030404 
131 587 29 32 0.020022387 
