54_Rescue_rescuepeople_54_926
23
525 195 100 140 0.9997845 
153 94 99 114 0.9997458 
366 202 69 91 0.9948881 
744 213 374 485 0.099131934 
298 485 13 16 0.05887679 
242 485 11 14 0.044332985 
315 110 16 26 0.042968903 
11 495 19 21 0.040742822 
307 69 19 24 0.039779022 
710 283 276 310 0.036144387 
326 15 27 35 0.035546586 
17 487 18 22 0.035058428 
310 101 36 52 0.03455956 
5 497 16 20 0.029680563 
240 499 10 14 0.028636089 
199 14 30 33 0.027589787 
860 334 34 33 0.026959108 
298 77 23 28 0.024406092 
236 509 10 12 0.023680847 
317 55 11 14 0.023678374 
324 529 32 34 0.022502499 
280 461 12 14 0.021177636 
259 507 12 14 0.020119973 
