54_Rescue_firemanrescue_54_478
25
526 89 64 80 0.98723793 
742 347 29 47 0.084446326 
477 10 39 59 0.05268719 
697 205 34 48 0.05091775 
775 287 34 37 0.036584135 
727 317 54 71 0.03647523 
3 264 15 20 0.033543345 
2 293 8 12 0.029130396 
435 306 342 435 0.028719671 
827 595 50 65 0.0281327 
990 95 9 11 0.027163194 
858 593 63 83 0.026216282 
91 531 25 32 0.025524221 
694 276 46 56 0.025073323 
989 100 9 11 0.024858125 
985 136 9 10 0.023629023 
1 287 9 13 0.023327889 
508 9 15 19 0.022681357 
976 94 9 11 0.022331085 
984 95 8 11 0.022184819 
604 238 57 58 0.021883251 
710 222 39 45 0.02154732 
718 292 53 64 0.02136483 
944 125 9 12 0.021072198 
789 589 150 163 0.020383984 
