54_Rescue_rescuepeople_54_711
53
407 374 12 17 0.8630805 
485 308 13 17 0.84415424 
423 319 10 14 0.3794885 
438 349 8 11 0.3305355 
494 342 8 9 0.2504157 
428 323 9 13 0.23231739 
456 352 8 11 0.1706967 
495 334 9 12 0.10618447 
495 325 10 12 0.08822155 
424 312 10 14 0.071373366 
473 356 7 10 0.06872923 
497 368 9 10 0.065010905 
458 302 8 11 0.06177781 
542 284 15 17 0.06100432 
490 315 12 15 0.05511532 
480 335 10 12 0.053171918 
490 341 8 11 0.0526678 
512 295 9 11 0.051065944 
479 357 7 9 0.05068767 
475 386 13 15 0.044826392 
528 360 10 12 0.0436697 
421 317 19 24 0.043558426 
447 373 10 13 0.043217737 
463 367 8 11 0.04078643 
559 280 13 15 0.04009589 
507 213 44 59 0.03821904 
469 317 10 13 0.034375776 
446 369 9 11 0.032665487 
462 295 9 11 0.03230737 
488 294 9 10 0.030923445 
512 342 9 10 0.030352721 
445 343 10 11 0.028764077 
501 367 8 10 0.026485106 
469 324 9 12 0.026438441 
423 365 8 10 0.026196912 
488 337 9 11 0.026014902 
550 279 12 14 0.025934355 
444 419 14 15 0.024211233 
533 364 9 10 0.024155425 
437 356 9 10 0.023857716 
504 296 9 11 0.023769464 
461 308 10 12 0.02346645 
461 249 106 132 0.022443125 
446 349 10 12 0.02239868 
501 333 8 10 0.022128679 
422 358 8 11 0.021341702 
423 328 10 15 0.021237113 
537 336 8 10 0.021166043 
487 320 11 14 0.020612422 
527 327 9 11 0.020327197 
432 344 9 12 0.020324511 
575 283 12 16 0.020147268 
596 306 12 14 0.020040244 
