54_Rescue_rescuepeople_54_493
45
822 384 14 17 0.123646095 
703 319 10 12 0.09911728 
344 67 32 40 0.08920303 
406 84 10 13 0.0869115 
310 117 26 34 0.07108601 
713 310 8 11 0.05711565 
790 88 28 32 0.05514018 
1 64 17 36 0.051584695 
734 321 9 10 0.047307122 
680 502 21 34 0.046237577 
320 113 28 34 0.045698978 
53 200 12 15 0.04315782 
318 32 13 16 0.039928555 
687 383 11 13 0.039581794 
702 107 14 19 0.03808373 
804 413 13 16 0.036113095 
709 319 8 11 0.03581466 
62 201 13 16 0.033951387 
727 320 9 11 0.033071853 
716 310 10 11 0.03170813 
792 121 16 17 0.029737465 
710 325 8 11 0.029570457 
736 326 10 13 0.029487431 
875 86 34 34 0.028343227 
736 332 11 13 0.028041517 
726 383 9 13 0.027913524 
662 101 16 19 0.027740087 
718 320 9 10 0.027524048 
687 311 8 11 0.026329532 
306 122 15 21 0.025924644 
318 92 30 37 0.025507303 
697 302 9 11 0.025467765 
0 189 11 19 0.02512617 
431 151 22 29 0.025087249 
84 190 16 21 0.024774933 
667 285 11 13 0.023136819 
703 434 13 16 0.023132546 
724 342 9 11 0.021486111 
704 243 13 14 0.021167831 
702 296 9 10 0.021154942 
686 436 11 13 0.02113471 
353 121 25 37 0.02077887 
1 237 11 15 0.020767944 
65 -40 229 230 0.020706601 
0 212 10 16 0.0204394 
