54_Rescue_rescuepeople_54_1006
22
244 245 38 60 0.99707544 
619 158 50 65 0.9956683 
426 280 33 42 0.99430627 
312 257 32 48 0.98314744 
580 389 10 13 0.25948614 
550 354 15 20 0.12500554 
262 249 35 55 0.09116681 
553 349 14 17 0.09103201 
287 250 29 44 0.08911131 
577 415 9 11 0.048681144 
454 331 14 20 0.038029023 
541 389 10 14 0.037349045 
676 372 29 37 0.0316677 
547 365 15 19 0.030322907 
560 347 16 17 0.029165173 
403 336 58 74 0.027155446 
663 462 13 15 0.025334312 
564 339 15 19 0.025058957 
542 427 10 13 0.024594955 
664 455 11 13 0.022019112 
576 467 13 16 0.022001278 
-17 76 175 295 0.02047759 
