54_Rescue_rescuepeople_54_102
158
407 252 28 34 0.8955231 
548 236 9 11 0.7972095 
397 246 29 32 0.17060255 
534 221 9 11 0.15360786 
493 216 7 9 0.14653504 
510 212 12 15 0.12809661 
512 208 9 11 0.12396398 
1013 306 10 17 0.107095964 
233 236 10 12 0.098656684 
580 364 26 30 0.09637831 
174 199 11 13 0.092838384 
264 239 9 10 0.08828503 
405 253 16 19 0.08613275 
732 371 41 58 0.08423424 
990 231 8 9 0.074127264 
518 207 7 9 0.06887912 
157 192 9 12 0.06766148 
1009 228 9 12 0.062280223 
344 308 34 39 0.06205148 
201 208 9 11 0.06059409 
565 222 8 10 0.057428975 
490 219 8 10 0.05671548 
984 196 9 11 0.053794228 
792 288 43 39 0.052037824 
542 215 7 10 0.04965798 
183 234 12 14 0.048422758 
678 191 8 9 0.04769397 
944 241 9 10 0.047380656 
949 240 9 11 0.046939492 
725 356 31 45 0.046835892 
974 232 9 11 0.046278432 
506 214 10 12 0.045529798 
483 251 15 19 0.045417406 
268 240 10 11 0.04525089 
30 200 8 11 0.04409717 
552 214 8 9 0.044039253 
478 219 9 11 0.04386952 
454 241 12 17 0.043494962 
878 240 14 16 0.04263317 
694 175 8 11 0.042388767 
223 238 9 12 0.0420768 
559 157 8 11 0.0409025 
1014 236 9 16 0.04073193 
469 576 18 21 0.039703824 
505 255 10 13 0.039099846 
511 248 10 12 0.03897584 
289 287 10 15 0.038251128 
679 169 6 8 0.036258712 
551 208 8 10 0.035897676 
537 244 10 11 0.035836168 
238 232 10 12 0.035627514 
495 198 8 11 0.03540076 
177 190 10 12 0.03537175 
397 256 17 20 0.035370376 
968 233 9 11 0.03498932 
562 254 8 10 0.034971558 
167 204 11 13 0.034939807 
257 238 10 11 0.034770712 
662 183 7 9 0.034419164 
504 199 7 9 0.034232207 
205 259 28 30 0.033615984 
182 184 8 10 0.03340147 
519 201 8 9 0.033318397 
442 309 13 15 0.033084366 
300 282 24 29 0.03307768 
559 248 9 10 0.032647282 
560 196 8 10 0.032225147 
418 261 27 34 0.03211889 
88 233 8 10 0.03205524 
673 175 7 9 0.031907264 
663 168 7 9 0.03154698 
705 176 8 10 0.031028114 
53 166 15 17 0.030257482 
799 295 56 58 0.030203607 
54 172 24 29 0.030163478 
535 228 8 11 0.029237844 
536 199 8 10 0.029146943 
222 245 9 11 0.028994782 
332 523 13 17 0.028707769 
424 258 17 22 0.028524682 
998 230 10 11 0.02850679 
520 231 9 12 0.028418845 
169 198 10 13 0.028297728 
470 250 13 16 0.028116519 
160 204 10 13 0.028043332 
543 182 8 10 0.027777132 
472 219 10 12 0.027656334 
512 201 8 10 0.02761728 
688 184 7 8 0.027477322 
543 208 8 10 0.027425619 
59 169 15 18 0.027097486 
449 562 15 18 0.027073195 
244 239 10 11 0.02669026 
229 318 46 55 0.026635032 
454 216 8 10 0.026453737 
545 151 8 10 0.026351696 
541 219 10 11 0.026221685 
561 222 8 11 0.026040537 
754 370 53 71 0.026035376 
524 237 10 13 0.025956107 
153 195 11 13 0.025884433 
676 521 33 33 0.02578079 
446 231 10 13 0.025575183 
1013 224 9 13 0.025501978 
990 192 8 9 0.025499772 
182 188 8 12 0.025061425 
201 269 27 31 0.024985075 
506 206 9 12 0.024831768 
219 260 18 21 0.024475144 
544 231 17 22 0.02444406 
510 253 11 12 0.02438904 
424 329 25 30 0.024347048 
339 295 32 35 0.024309745 
662 198 7 10 0.024114203 
550 243 9 12 0.02410154 
551 152 8 9 0.023954906 
673 169 8 9 0.023863558 
959 239 8 10 0.023841308 
60 602 131 155 0.023778653 
390 258 16 19 0.023658779 
447 235 13 18 0.023645733 
679 247 9 12 0.023427598 
453 250 11 14 0.023339529 
744 359 45 61 0.023299258 
998 300 13 17 0.023295766 
551 252 9 10 0.023290025 
985 236 9 10 0.023190306 
543 255 8 10 0.022726387 
236 259 13 16 0.022672063 
231 242 11 14 0.02251375 
910 240 10 10 0.022218304 
576 208 8 10 0.022184871 
489 198 9 12 0.022104846 
657 177 6 8 0.02197038 
455 220 9 11 0.021943646 
518 387 30 34 0.021876154 
827 297 50 54 0.021848738 
145 277 8 12 0.02181098 
537 190 8 10 0.021687744 
529 215 9 11 0.021667127 
205 211 9 12 0.021541992 
546 0 436 506 0.021319196 
355 254 18 20 0.021291347 
165 292 14 15 0.021179348 
210 274 16 19 0.021082932 
492 253 11 15 0.02095043 
559 215 7 9 0.020871464 
703 193 8 9 0.020802025 
935 240 9 10 0.0207603 
990 235 9 12 0.020733953 
551 222 9 10 0.020681731 
1006 301 13 18 0.02066435 
542 190 8 10 0.020570919 
567 192 8 10 0.020524366 
514 190 8 10 0.020441353 
30 290 23 29 0.020394662 
496 348 12 14 0.020156069 
84 551 42 51 0.020097615 
