54_Rescue_rescuepeople_54_526
67
472 24 68 64 0.99428153 
3 899 19 24 0.3861295 
40 1174 24 31 0.138173 
982 814 13 17 0.12944643 
0 848 13 23 0.0957646 
0 865 13 21 0.08752632 
455 548 35 41 0.07793562 
995 808 15 21 0.07355118 
76 839 23 29 0.07260021 
1004 818 14 18 0.06514413 
762 226 31 41 0.063262105 
164 932 46 56 0.057397727 
684 419 16 21 0.05316191 
223 844 116 130 0.05258945 
13 1161 22 29 0.051749233 
353 804 123 169 0.050954264 
512 504 39 60 0.047540877 
0 1072 12 21 0.04462191 
196 738 198 247 0.04414109 
710 396 15 18 0.043505125 
18 1169 28 33 0.043036513 
185 917 46 64 0.04106407 
64 1038 18 25 0.0403163 
605 285 15 23 0.039704707 
69 824 26 34 0.039129537 
903 172 12 16 0.0361736 
60 920 14 20 0.03485236 
237 883 64 63 0.0338984 
19 1155 15 19 0.033405717 
63 884 11 14 0.03299664 
9 891 17 21 0.032658607 
496 3 60 66 0.032155048 
851 165 15 19 0.031988785 
715 410 25 28 0.031797595 
791 422 10 14 0.030601593 
228 965 390 486 0.029163547 
197 866 94 118 0.028745368 
738 421 14 17 0.028720964 
81 833 17 22 0.028288806 
2 1067 14 19 0.026871987 
1006 781 15 21 0.026224025 
894 501 27 32 0.025285637 
734 435 15 18 0.024955355 
9 897 24 29 0.024948774 
245 898 38 40 0.02490168 
668 379 12 16 0.024859512 
111 892 16 17 0.024727989 
663 372 10 12 0.024678115 
445 529 57 67 0.0244205 
0 1095 25 33 0.024295012 
712 398 25 28 0.024236215 
1 1196 11 18 0.023547094 
903 728 103 129 0.023157936 
18 1133 26 29 0.022891665 
119 693 62 57 0.022740658 
511 534 38 46 0.021799477 
39 1019 14 18 0.021743381 
418 867 83 120 0.021704314 
1012 644 10 14 0.02147168 
213 910 130 124 0.021449044 
51 912 21 30 0.02143592 
895 453 9 12 0.021386668 
115 1178 51 65 0.02112994 
14 1131 15 17 0.020995626 
18 1214 16 21 0.020861514 
72 842 15 21 0.020467445 
226 963 61 77 0.020168018 
