54_Rescue_rescuepeople_54_531
32
363 125 206 299 0.9998981 
288 842 175 277 0.65962934 
644 983 44 71 0.47410288 
626 914 84 127 0.21564214 
614 133 55 55 0.13895525 
655 543 208 274 0.11394426 
384 542 54 71 0.08832609 
624 441 116 122 0.08259036 
287 382 101 114 0.07322132 
677 915 88 121 0.060070794 
311 434 58 72 0.057881255 
810 610 70 72 0.05582889 
262 704 358 484 0.048661835 
718 920 83 120 0.047478408 
683 481 118 141 0.0458529 
374 553 82 95 0.044830218 
662 459 70 75 0.044695787 
623 470 64 79 0.039134216 
284 868 415 507 0.037255272 
676 1124 98 110 0.034443237 
326 932 103 183 0.03261456 
315 451 36 46 0.031508304 
305 830 109 181 0.031185146 
749 591 126 106 0.031168861 
710 545 132 107 0.028728612 
584 404 43 46 0.027178634 
-4 242 182 290 0.026525384 
564 380 101 109 0.025734322 
610 912 65 96 0.02452125 
335 533 91 122 0.022661028 
299 34 134 129 0.021937335 
581 487 364 426 0.020469597 
