54_Rescue_rescuepeople_54_1049
18
447 217 111 154 0.99991 
638 393 96 125 0.9996742 
110 89 136 155 0.78157175 
636 138 106 124 0.610521 
69 61 212 284 0.15536621 
517 50 129 154 0.15313803 
598 209 54 69 0.08380391 
607 172 95 111 0.06873577 
627 195 117 132 0.05810307 
580 75 135 152 0.048591193 
17 20 355 456 0.044736415 
611 218 16 19 0.037715882 
610 241 31 39 0.03351609 
606 217 32 40 0.025799 
71 221 36 44 0.022032687 
716 396 60 67 0.021932285 
524 -70 404 501 0.020151787 
617 70 188 240 0.020087615 
