54_Rescue_firemanrescue_54_908
25
854 295 35 47 0.9952909 
858 158 31 38 0.9886286 
620 185 21 28 0.9646467 
438 291 52 56 0.9016027 
437 58 392 442 0.1764353 
463 296 49 56 0.16827445 
798 309 22 31 0.06446082 
426 278 45 53 0.057538748 
525 179 48 61 0.050098527 
881 166 18 24 0.04893686 
1012 60 10 16 0.041556276 
508 196 48 65 0.03927152 
518 276 120 168 0.035377145 
688 221 10 13 0.032002993 
553 175 44 54 0.031895544 
850 254 15 18 0.03118377 
409 254 51 63 0.030034691 
279 481 32 31 0.02966185 
734 157 10 11 0.026265457 
871 166 20 25 0.02505438 
980 227 42 60 0.024393685 
566 221 13 16 0.023733549 
391 95 24 33 0.023521684 
505 210 33 42 0.022288628 
571 185 15 18 0.021382712 
