54_Rescue_rescuepeople_54_581
436
317 339 9 13 0.9082829 
1013 374 8 13 0.8785975 
287 190 9 11 0.87770814 
538 317 10 13 0.8584846 
436 182 8 11 0.83771545 
58 350 9 10 0.8346804 
624 185 10 13 0.83167315 
748 198 10 13 0.8175579 
973 422 13 14 0.79073733 
791 367 9 11 0.7512875 
507 181 9 12 0.7384659 
263 331 10 13 0.73844093 
691 373 9 12 0.72585946 
654 199 8 11 0.71534735 
841 367 9 12 0.65321594 
937 197 9 12 0.6529418 
959 195 9 12 0.647941 
96 358 9 11 0.6318719 
852 182 10 13 0.6288225 
691 190 10 14 0.6262178 
92 337 9 11 0.6254185 
406 180 8 11 0.61503935 
373 352 12 15 0.6114069 
167 352 11 13 0.6072321 
597 355 10 14 0.58142006 
383 188 9 11 0.5610876 
816 367 10 13 0.5603203 
882 197 9 12 0.53690255 
537 367 10 12 0.53274316 
886 352 11 14 0.50960255 
454 190 9 11 0.49034086 
908 370 10 12 0.46947768 
997 367 11 14 0.46682778 
918 315 9 11 0.4058206 
361 343 9 11 0.3968684 
887 312 9 11 0.38707182 
193 182 10 13 0.3802236 
399 175 8 11 0.3801413 
807 178 12 15 0.37363994 
912 201 8 11 0.3477172 
409 356 10 11 0.34673285 
482 355 9 13 0.33822232 
965 308 9 12 0.33116353 
812 179 12 15 0.3269618 
481 318 9 11 0.3258401 
305 191 8 10 0.32300606 
233 353 10 12 0.31135616 
209 331 10 12 0.30632198 
4 334 11 13 0.3031162 
709 182 10 12 0.28244853 
642 367 9 12 0.28058413 
323 199 8 9 0.27750194 
844 189 10 13 0.27676862 
741 373 10 12 0.26797408 
673 199 8 10 0.26702726 
421 332 10 11 0.26231056 
480 181 9 11 0.2601371 
105 193 11 14 0.25905436 
684 216 11 14 0.2579213 
879 374 10 12 0.23872407 
906 207 9 11 0.21759924 
395 176 8 10 0.21195956 
206 198 12 14 0.210289 
333 357 8 11 0.20717914 
927 208 10 13 0.20589 
360 358 11 13 0.20444036 
413 352 9 12 0.20253626 
979 367 10 12 0.19419451 
541 336 10 13 0.19009598 
428 205 9 12 0.18735375 
233 376 7 11 0.17894317 
966 189 10 13 0.17471585 
883 369 12 15 0.15631066 
820 365 10 13 0.15046944 
366 356 13 15 0.14133842 
270 354 10 13 0.13750136 
925 416 8 11 0.13382526 
801 194 11 13 0.1317849 
805 192 10 11 0.117367275 
389 181 10 12 0.117186435 
88 355 10 13 0.11649613 
836 457 12 15 0.11259885 
484 395 12 14 0.1114338 
796 367 8 11 0.10704605 
387 189 10 13 0.10672268 
240 341 8 10 0.10659289 
449 360 10 13 0.1013701 
265 355 10 13 0.09908469 
868 335 9 11 0.098143 
204 359 11 13 0.096763276 
698 357 9 11 0.0962587 
110 222 8 10 0.09606288 
249 188 9 11 0.09509828 
117 385 8 10 0.09444874 
477 188 10 12 0.09296106 
716 182 9 12 0.09139082 
549 182 9 11 0.08949633 
391 360 9 11 0.08908748 
12 190 9 10 0.08711753 
1006 394 11 14 0.08568302 
865 180 13 16 0.08441466 
908 407 9 11 0.08354852 
897 452 10 13 0.08346743 
452 364 9 11 0.08230524 
485 176 8 10 0.08130946 
848 178 9 12 0.081044056 
909 412 9 11 0.077896 
1010 383 13 19 0.07515246 
864 414 8 11 0.07216627 
768 336 10 12 0.071903914 
841 193 11 14 0.06878198 
786 372 10 13 0.06665996 
408 341 9 12 0.066418886 
433 186 9 12 0.065979235 
191 175 20 25 0.065032214 
823 361 9 11 0.06413966 
337 375 9 11 0.063895926 
1009 369 17 24 0.0638374 
98 363 12 13 0.063289665 
969 185 9 11 0.06318333 
95 371 12 14 0.062330257 
975 199 10 12 0.06169814 
884 192 10 12 0.061632223 
529 387 10 12 0.06092584 
704 186 12 14 0.0603725 
783 391 10 12 0.059998434 
903 212 10 11 0.059407286 
407 335 7 10 0.05929448 
532 381 10 13 0.05887373 
474 192 8 10 0.058586143 
885 332 10 12 0.058428045 
593 364 10 12 0.057072293 
757 214 9 12 0.05697075 
843 371 10 13 0.056732874 
366 348 15 17 0.056507166 
34 184 9 12 0.055711254 
185 173 38 49 0.055408854 
60 346 10 12 0.05430588 
862 185 13 16 0.05311414 
1014 314 8 13 0.051616024 
915 199 10 12 0.051431093 
81 351 9 12 0.05120691 
431 318 9 10 0.05059715 
959 430 10 11 0.05056101 
236 195 9 14 0.050502468 
399 357 9 11 0.050142072 
286 351 11 14 0.05002357 
377 348 14 17 0.04985127 
320 205 9 10 0.049637485 
191 358 9 12 0.048045855 
455 333 8 9 0.04775607 
795 209 15 18 0.047304064 
470 341 9 12 0.047288273 
692 368 11 14 0.047069363 
918 205 9 11 0.047064338 
853 427 11 15 0.04688052 
972 538 23 27 0.046809457 
440 327 8 10 0.046738338 
842 182 11 15 0.046712928 
552 318 9 12 0.046255875 
202 363 10 12 0.04580984 
857 392 9 11 0.045734283 
245 336 8 10 0.04570769 
905 225 14 18 0.045599505 
230 334 9 11 0.045540947 
310 197 7 10 0.04541702 
894 335 9 10 0.045404054 
605 381 11 13 0.044484485 
423 349 9 12 0.04445073 
962 390 9 11 0.04443275 
864 195 11 13 0.043864604 
228 326 9 13 0.043829687 
473 197 8 10 0.043557324 
207 374 9 10 0.04314765 
848 177 17 23 0.04268243 
114 389 9 11 0.042329326 
245 342 9 11 0.04207404 
887 180 11 12 0.042011175 
424 213 8 10 0.041994266 
765 357 11 12 0.041702084 
809 373 9 11 0.041426346 
486 313 8 10 0.040836714 
983 588 37 58 0.040586002 
893 316 11 13 0.040339936 
969 424 12 15 0.040258296 
978 387 10 15 0.040157102 
926 332 12 15 0.03997629 
617 357 10 13 0.03986525 
621 364 9 12 0.039821234 
456 328 9 11 0.039791565 
558 200 9 12 0.03964571 
255 344 9 11 0.03953533 
429 200 9 11 0.03951778 
11 332 11 14 0.039401907 
495 319 9 10 0.039141532 
593 351 12 14 0.039021887 
279 355 10 13 0.03850517 
60 355 10 11 0.03801209 
871 413 9 12 0.03750241 
318 344 9 12 0.037291877 
413 341 11 13 0.03715829 
761 366 10 13 0.036661807 
703 353 8 10 0.036437258 
884 202 10 12 0.03633945 
380 190 8 10 0.035881452 
909 398 10 13 0.03555102 
838 361 18 23 0.03541644 
673 373 10 13 0.035387337 
430 212 9 11 0.03525699 
874 376 10 13 0.035237327 
802 179 11 14 0.035094578 
919 332 12 17 0.035063162 
461 191 7 9 0.034987282 
188 334 10 12 0.034871485 
332 364 9 12 0.03486626 
333 381 10 13 0.034806002 
790 391 9 11 0.03471278 
921 419 10 12 0.03466395 
224 383 8 10 0.034577835 
719 186 9 12 0.034575995 
392 318 7 10 0.034561187 
662 415 7 8 0.034333963 
918 398 9 12 0.034268904 
797 192 21 28 0.03410569 
909 212 11 13 0.033906035 
432 176 17 22 0.033718333 
100 352 10 12 0.03340638 
422 339 10 12 0.03318468 
980 381 13 17 0.032894373 
991 358 11 13 0.03288121 
486 380 11 13 0.032846224 
429 350 9 12 0.03254825 
924 317 8 11 0.032441527 
745 193 16 22 0.032386634 
519 318 10 11 0.032133687 
495 389 10 13 0.032109644 
1005 366 12 15 0.03205633 
692 377 10 13 0.032049723 
433 177 10 13 0.032049034 
855 413 9 10 0.03203297 
453 342 9 11 0.031905953 
753 212 10 12 0.031867396 
510 341 11 13 0.0317551 
254 186 7 9 0.031696204 
414 215 9 11 0.031053355 
766 352 10 11 0.030889299 
855 367 9 11 0.030674823 
313 335 18 22 0.030587107 
358 342 20 25 0.030513378 
11 195 12 14 0.030341867 
747 366 10 11 0.030298525 
971 420 21 23 0.030283196 
24 188 10 11 0.030151969 
882 327 10 12 0.030085582 
1016 210 8 14 0.0299491 
1007 536 12 16 0.029922618 
535 359 12 16 0.029914785 
409 215 9 12 0.029886955 
245 347 10 13 0.029548386 
440 332 9 11 0.02954774 
964 195 10 13 0.029319003 
162 351 10 12 0.029315107 
970 188 12 13 0.02925737 
478 365 10 12 0.029233446 
954 190 9 13 0.029189026 
908 357 11 14 0.029105892 
701 371 10 13 0.029104855 
321 194 9 10 0.029073086 
593 372 10 12 0.028961677 
828 359 9 11 0.028837316 
782 380 10 14 0.028388942 
91 352 19 23 0.028377132 
284 185 19 23 0.028367676 
711 352 8 11 0.028347483 
809 367 10 11 0.028329255 
202 193 20 23 0.028167263 
477 196 8 11 0.028078483 
89 332 17 20 0.02806625 
669 228 11 14 0.028038235 
747 358 10 13 0.027918868 
954 196 10 13 0.0278571 
883 339 107 122 0.02767609 
791 362 9 11 0.02731026 
900 319 11 12 0.027287152 
847 211 12 14 0.027280875 
328 352 9 11 0.027165603 
507 349 13 15 0.027079215 
906 199 9 11 0.026789097 
777 388 10 13 0.026694726 
55 345 17 22 0.026690869 
599 382 12 12 0.026683819 
798 388 10 11 0.026548672 
737 378 11 14 0.026499163 
448 333 7 10 0.026242321 
657 415 7 9 0.026224252 
505 354 10 13 0.026101723 
592 240 9 11 0.026038634 
744 235 13 17 0.026027676 
773 339 11 13 0.025990171 
738 367 10 13 0.025928931 
999 342 9 11 0.025853071 
913 311 11 13 0.025790062 
399 352 8 11 0.025643988 
998 360 11 15 0.025600433 
543 385 14 16 0.025582086 
1003 483 14 17 0.025525985 
198 181 23 27 0.025480868 
903 348 11 13 0.025436202 
999 281 7 9 0.025363764 
621 183 17 21 0.02526003 
862 428 10 14 0.025234338 
391 196 9 11 0.025121128 
518 334 9 11 0.025035504 
846 205 11 13 0.025014838 
367 229 8 10 0.025003774 
982 343 8 11 0.024955634 
999 286 9 11 0.024934405 
862 373 10 13 0.024904866 
314 206 8 10 0.024770316 
808 390 10 11 0.024728376 
313 214 8 10 0.024724023 
967 439 12 13 0.024664596 
224 350 10 13 0.024600497 
788 362 18 23 0.024567738 
408 206 7 8 0.024529522 
797 371 10 12 0.024522435 
449 371 9 12 0.02445893 
199 196 14 16 0.024392093 
184 340 10 13 0.02434192 
549 439 8 10 0.024252072 
918 389 10 13 0.024214946 
673 192 9 11 0.024190774 
485 190 11 13 0.024190314 
495 381 10 13 0.024175946 
725 373 10 12 0.024133565 
894 339 10 13 0.024126852 
918 323 11 14 0.024107622 
202 373 10 11 0.024025103 
476 374 11 12 0.023931853 
373 344 14 16 0.023930795 
885 340 13 15 0.02391892 
329 383 9 13 0.023913532 
1000 298 11 14 0.02390399 
484 322 9 12 0.023893233 
991 351 10 12 0.023833487 
167 346 17 22 0.023819523 
998 350 9 12 0.023819275 
958 202 12 13 0.023792675 
825 342 9 10 0.023768028 
901 334 9 12 0.023623165 
918 212 10 13 0.023583801 
944 430 9 12 0.023512453 
3 327 20 24 0.023464471 
799 381 10 14 0.023450064 
774 349 10 12 0.02334295 
545 176 8 11 0.023301113 
369 199 9 11 0.023108648 
908 421 11 12 0.023080716 
602 356 10 12 0.02304264 
279 205 9 11 0.023026891 
928 196 11 14 0.023019949 
471 348 11 14 0.022981973 
877 397 11 12 0.022858825 
932 201 12 16 0.022812914 
872 374 20 24 0.022769371 
259 328 18 22 0.022758752 
709 195 10 12 0.022702591 
928 347 10 13 0.022652969 
385 318 8 10 0.022614611 
964 394 11 15 0.022612186 
783 359 9 11 0.022535706 
879 191 17 23 0.022535022 
680 210 18 24 0.022530658 
964 382 10 13 0.02242508 
565 199 9 12 0.022377959 
440 229 9 11 0.022372609 
470 335 9 10 0.02235154 
35 196 12 16 0.022321897 
678 191 10 11 0.02230291 
940 192 11 14 0.022179745 
550 177 8 10 0.022151886 
919 404 9 12 0.022124233 
708 175 19 25 0.022105062 
977 360 9 12 0.022099657 
448 215 8 11 0.02208013 
879 361 19 24 0.022059359 
798 359 10 11 0.0220454 
207 323 18 22 0.022039393 
897 214 9 11 0.022015791 
760 349 10 12 0.021945488 
406 328 9 11 0.021928128 
701 365 10 13 0.021914061 
375 198 8 10 0.02184056 
448 342 8 11 0.021772051 
495 375 9 12 0.021761471 
865 177 10 12 0.021748537 
633 383 9 12 0.021745428 
876 405 13 15 0.021743145 
201 177 15 19 0.021714415 
199 353 19 24 0.021702075 
925 190 13 14 0.021669343 
982 361 9 12 0.021545062 
14 214 11 12 0.021540234 
389 350 11 13 0.021512415 
293 344 9 11 0.021512177 
40 350 9 11 0.021508116 
805 358 10 11 0.02150092 
983 347 9 12 0.021476509 
819 180 11 14 0.021452442 
205 337 12 14 0.021373155 
494 215 9 10 0.021357788 
202 333 10 11 0.0213246 
764 363 14 15 0.021318171 
952 203 9 12 0.021164414 
678 373 9 13 0.021162635 
700 181 20 23 0.02110465 
291 194 11 13 0.021016857 
340 379 10 12 0.02090186 
104 215 10 11 0.020858968 
988 381 11 14 0.020851413 
78 335 9 11 0.020805037 
590 342 10 12 0.020756619 
335 343 8 10 0.020631094 
820 196 13 16 0.020586027 
501 390 8 11 0.020532545 
850 414 8 10 0.020478614 
566 204 8 13 0.020476127 
755 205 10 13 0.020455137 
976 361 17 23 0.020410841 
862 422 9 12 0.020405702 
931 339 12 16 0.020262508 
505 304 10 12 0.020147076 
621 348 12 15 0.02014692 
628 118 93 130 0.02011814 
903 366 18 23 0.020109696 
233 341 9 11 0.020080147 
