54_Rescue_firemanrescue_54_153
23
264 96 109 187 0.9980501 
411 396 86 87 0.9498943 
762 236 197 209 0.07670002 
476 417 127 186 0.062461093 
434 411 102 105 0.048255634 
735 290 11 15 0.04420052 
608 237 10 11 0.04290111 
398 336 172 213 0.0398616 
33 239 9 11 0.035268627 
38 245 8 11 0.030985007 
351 387 117 104 0.02981159 
342 129 106 157 0.029760694 
488 607 113 112 0.026711905 
89 400 9 11 0.026613938 
33 244 8 10 0.025206562 
725 323 52 61 0.02446844 
337 351 47 67 0.023630412 
594 257 42 51 0.023216149 
424 606 116 117 0.023179611 
41 254 10 13 0.022989567 
46 254 11 13 0.022820152 
192 417 103 109 0.020790782 
410 383 43 31 0.020304846 
