54_Rescue_rescuepeople_54_840
69
65 771 202 301 0.56283927 
647 548 44 57 0.3465017 
410 691 116 92 0.25861576 
327 685 209 347 0.20994247 
222 23 179 202 0.18667504 
116 813 122 177 0.16334033 
934 565 106 90 0.16270609 
127 980 106 180 0.09717999 
921 889 29 44 0.086797655 
230 830 44 59 0.08114594 
732 -6 233 298 0.078669995 
534 861 55 83 0.07639177 
136 743 303 392 0.07152641 
784 760 46 62 0.06746198 
-62 265 396 456 0.06588338 
794 837 92 107 0.063510634 
643 700 43 53 0.05990741 
320 1076 27 35 0.056460295 
818 50 113 135 0.052781124 
673 561 32 51 0.048449766 
310 51 109 147 0.045801375 
456 701 121 99 0.045389883 
196 857 58 81 0.044629157 
787 688 99 89 0.041298978 
560 708 81 109 0.040661044 
881 846 64 85 0.039519135 
266 842 49 56 0.0391045 
526 1026 59 72 0.03825027 
384 796 129 209 0.037743714 
329 995 17 23 0.037550773 
657 572 34 46 0.037264705 
282 551 89 124 0.037084952 
65 108 410 520 0.036976468 
440 713 47 43 0.03636734 
468 0 34 25 0.034682985 
826 872 44 48 0.034179922 
934 892 27 37 0.03342294 
75 1299 64 74 0.03322163 
848 198 39 47 0.032958828 
951 950 31 37 0.031192485 
908 513 111 115 0.030828675 
-1 724 335 474 0.030441169 
881 781 52 55 0.03030614 
214 502 374 399 0.029564569 
826 225 104 130 0.028494095 
118 866 165 287 0.027618991 
299 35 179 243 0.027412552 
851 796 111 126 0.027239215 
325 568 90 127 0.027168734 
321 942 31 35 0.026357116 
666 548 33 42 0.026301708 
806 513 224 189 0.026240267 
793 720 60 82 0.025844306 
281 850 29 35 0.024499534 
937 212 75 130 0.023693774 
410 730 73 65 0.0234555 
231 816 34 49 0.023049373 
215 848 55 70 0.022443583 
666 591 17 22 0.022223303 
449 801 125 161 0.022223279 
733 1405 245 223 0.022017404 
538 528 37 45 0.021972526 
684 427 40 37 0.021551503 
541 724 64 87 0.021492336 
688 695 35 45 0.021316078 
644 578 32 42 0.021283498 
607 535 46 61 0.021095809 
266 484 179 270 0.02072545 
798 679 61 64 0.020375462 
