54_Rescue_firemanrescue_54_939
60
158 109 77 105 0.99574393 
61 580 20 30 0.8586487 
578 599 15 16 0.32595375 
902 522 11 14 0.29690835 
421 475 35 51 0.22968063 
268 238 26 28 0.1341339 
924 562 15 18 0.12394114 
52 589 19 24 0.10678371 
627 542 15 20 0.10275801 
135 311 65 62 0.099118836 
133 608 26 32 0.09671123 
120 565 25 33 0.08623315 
898 525 10 14 0.08108272 
907 524 11 13 0.05875444 
127 574 29 34 0.04371094 
0 224 11 21 0.043021683 
704 30 33 44 0.041975044 
117 556 24 29 0.041270144 
945 561 12 15 0.03972434 
561 638 10 12 0.039544456 
471 619 9 11 0.038689587 
343 456 48 71 0.036995765 
900 530 13 14 0.03685578 
420 656 9 11 0.036651816 
917 524 11 13 0.035909705 
821 540 14 19 0.035579365 
941 513 11 15 0.033944577 
2 583 16 22 0.03372796 
651 9 45 57 0.03337451 
918 554 23 31 0.03217987 
5 605 16 21 0.03198107 
149 610 28 34 0.03171256 
562 631 9 11 0.029989732 
556 257 88 112 0.02885435 
159 669 25 31 0.027673626 
812 564 14 18 0.027489344 
367 109 32 38 0.027234985 
0 543 16 25 0.026341308 
581 593 13 14 0.026301814 
264 225 44 54 0.02466313 
182 690 12 15 0.024483936 
878 528 8 11 0.024314065 
901 518 19 23 0.023974562 
115 566 17 25 0.023892388 
704 646 7 10 0.023369752 
339 451 34 52 0.022968657 
691 482 116 155 0.02234819 
720 225 105 127 0.022282155 
533 678 9 12 0.02198938 
807 516 10 14 0.021684812 
628 530 15 19 0.02165492 
711 646 8 9 0.021610504 
418 659 9 12 0.021107322 
909 532 11 13 0.021070268 
7 624 22 29 0.021042556 
836 509 13 15 0.020936605 
907 153 113 167 0.020825459 
715 30 54 65 0.02061458 
730 663 7 10 0.02056288 
941 557 21 25 0.02051711 
