54_Rescue_rescuepeople_54_188
34
398 94 212 253 0.99970514 
291 99 95 110 0.9989171 
692 14 55 62 0.9976394 
950 167 47 46 0.8314349 
233 21 51 75 0.33263242 
596 1 45 38 0.23926169 
843 129 25 31 0.23800585 
850 120 22 32 0.14230631 
251 5 33 40 0.11860106 
855 272 58 76 0.076997906 
21 55 13 15 0.076436915 
380 25 25 37 0.061950322 
316 179 61 71 0.057023384 
84 224 47 60 0.056747723 
93 78 44 62 0.054914158 
853 117 14 21 0.05026083 
955 446 40 51 0.043712523 
229 388 55 75 0.042262398 
115 222 44 53 0.037972804 
859 122 24 36 0.034031607 
782 271 32 44 0.032144874 
443 137 404 522 0.032077692 
0 328 202 281 0.030404458 
753 -2 35 33 0.03024591 
2 81 27 33 0.027023554 
311 35 15 19 0.02597077 
56 22 83 116 0.0251516 
827 262 57 68 0.024839904 
82 49 16 18 0.024660617 
942 173 33 40 0.023528278 
577 -6 62 68 0.02311842 
4 97 17 22 0.022748085 
837 134 20 24 0.022256022 
171 180 67 78 0.02063071 
