54_Rescue_firemanrescue_54_814
18
385 155 119 112 0.9995278 
265 772 71 101 0.20822217 
136 627 10 13 0.06895976 
5 770 23 37 0.04505794 
37 790 11 13 0.034021355 
277 886 17 20 0.027413141 
736 169 134 147 0.026854033 
879 379 27 30 0.02655363 
292 757 62 78 0.026467148 
270 761 44 52 0.025585866 
162 1033 25 29 0.024670597 
145 615 8 9 0.023889972 
357 1165 9 10 0.022903847 
368 160 182 184 0.02186943 
452 142 104 122 0.021040991 
18 781 15 22 0.020322839 
327 1166 8 10 0.020223761 
417 1035 101 128 0.020047963 
