54_Rescue_firemanrescue_54_660
18
428 332 187 230 0.9994771 
830 127 77 95 0.9971194 
857 133 86 105 0.13482486 
926 213 85 142 0.115119375 
908 168 98 119 0.092353664 
694 28 82 98 0.08426541 
24 532 203 373 0.08369625 
176 9 47 56 0.08032796 
895 982 41 45 0.05293908 
644 16 93 116 0.050222177 
643 37 55 77 0.043515746 
124 555 41 52 0.037438557 
68 -5 78 60 0.027111655 
871 153 163 226 0.022347009 
678 191 14 18 0.021885063 
250 883 347 476 0.021279896 
893 132 94 116 0.021155253 
526 1141 131 153 0.020359648 
