54_Rescue_rescuepeople_54_208
37
249 21 115 225 0.99525875 
301 35 162 252 0.40375644 
632 98 14 18 0.10832883 
361 65 188 256 0.1004772 
184 440 30 41 0.07939558 
414 504 13 16 0.07119841 
1011 580 11 18 0.059325088 
617 68 10 13 0.048634723 
100 51 17 23 0.0485345 
151 373 13 15 0.046196513 
617 76 10 13 0.04612061 
197 595 10 13 0.043341268 
338 469 40 47 0.037373334 
964 14 63 79 0.03671919 
507 542 11 13 0.03617948 
508 534 10 11 0.03578002 
709 135 31 32 0.035410743 
448 518 10 13 0.03344525 
1003 610 14 17 0.031711478 
631 115 13 16 0.029316857 
509 548 10 13 0.028415067 
921 114 97 138 0.028318679 
474 498 24 29 0.02803665 
70 299 117 174 0.02787017 
505 528 8 11 0.026596488 
364 532 16 18 0.025610179 
0 0 29 24 0.025407143 
175 302 28 39 0.024974694 
112 371 12 15 0.024612712 
150 277 12 15 0.023772137 
108 63 14 18 0.02320519 
0 165 35 53 0.023021685 
312 451 209 213 0.022307875 
528 554 15 18 0.020826831 
470 549 10 14 0.020697355 
998 608 23 31 0.02029485 
194 591 10 12 0.0201821 
