54_Rescue_rescuepeople_54_135
217
874 480 63 78 0.9986155 
503 1 52 67 0.9913657 
868 208 28 50 0.9873059 
942 218 24 38 0.9668521 
329 46 34 50 0.9308164 
43 554 71 60 0.8704927 
997 230 24 32 0.47362363 
956 470 46 69 0.32896712 
962 367 36 44 0.30538034 
696 340 17 20 0.23003007 
434 369 27 40 0.21375956 
175 165 12 19 0.21095745 
452 0 45 51 0.20144784 
155 179 21 30 0.19131178 
73 229 27 32 0.18621942 
118 373 38 55 0.18343109 
453 378 16 24 0.1783054 
662 579 44 68 0.17819355 
148 210 15 21 0.17674191 
166 231 13 17 0.16294228 
29 579 70 58 0.16222143 
949 213 34 42 0.15119487 
176 57 16 22 0.14193748 
907 398 39 52 0.11936772 
643 28 10 13 0.11474792 
850 362 46 57 0.111589976 
1005 411 17 34 0.11068923 
743 44 10 13 0.09793665 
669 500 53 63 0.09770666 
75 184 15 21 0.09252434 
149 201 15 21 0.08881276 
831 351 51 60 0.08766865 
165 170 24 34 0.08675644 
603 266 23 32 0.08463616 
686 127 9 12 0.08439458 
155 63 15 20 0.08128051 
770 329 15 20 0.07245861 
968 370 48 60 0.06933697 
252 159 28 37 0.068604276 
66 224 22 34 0.068483725 
86 229 27 29 0.06762314 
587 271 25 36 0.06713553 
499 1 35 41 0.066924125 
984 228 37 55 0.065697424 
795 296 24 32 0.06565127 
795 586 54 62 0.06367857 
651 489 44 59 0.06229624 
100 171 13 17 0.06071951 
101 176 19 29 0.05853015 
877 383 44 53 0.058416434 
739 410 31 48 0.05776166 
700 432 22 30 0.05663123 
82 104 8 11 0.056275055 
793 377 55 65 0.056244 
414 25 28 36 0.05402581 
907 427 45 56 0.053327132 
825 320 49 59 0.053295925 
862 165 11 18 0.05277468 
922 414 32 46 0.050792437 
525 351 10 12 0.049645506 
763 323 18 23 0.04886412 
284 144 16 18 0.048322637 
213 352 36 56 0.048099805 
665 530 63 85 0.047560904 
76 271 17 22 0.047179744 
628 559 25 38 0.046972893 
780 326 59 78 0.046659783 
900 200 26 40 0.04636331 
150 548 28 41 0.04577288 
329 413 41 54 0.04557759 
413 17 45 59 0.045224424 
701 44 9 11 0.04509665 
737 318 10 14 0.045038596 
45 598 44 37 0.044369522 
684 578 95 97 0.043316938 
876 168 15 18 0.04299422 
963 219 41 53 0.042606004 
597 33 12 14 0.042069025 
835 334 28 31 0.041924622 
7 260 29 38 0.041890852 
868 169 14 17 0.04153564 
16 248 25 36 0.040797208 
623 29 8 12 0.040353972 
120 188 21 28 0.03822191 
123 306 32 35 0.037982054 
113 181 21 30 0.037703108 
878 220 33 37 0.03723845 
925 381 48 59 0.03711023 
953 464 32 48 0.0366649 
77 110 22 31 0.036219887 
84 107 11 15 0.03541933 
95 167 13 16 0.035057314 
476 333 11 13 0.03497712 
64 125 10 14 0.03485481 
57 210 16 20 0.03426624 
791 296 48 60 0.03393363 
159 221 22 28 0.03336093 
855 163 13 19 0.03333632 
849 213 42 59 0.033179313 
52 382 27 39 0.03260495 
100 222 22 32 0.03256801 
93 119 13 19 0.032556836 
742 319 9 12 0.03231692 
110 131 12 15 0.032186836 
811 340 86 98 0.031900585 
769 313 26 33 0.03151946 
159 177 12 15 0.031480443 
770 327 24 33 0.03137743 
923 276 38 60 0.031081025 
554 326 25 28 0.030739293 
925 209 33 51 0.030699454 
330 295 35 42 0.030687869 
282 23 48 63 0.030526342 
930 444 48 57 0.030352348 
0 309 40 59 0.030092096 
758 324 15 18 0.029869568 
112 139 11 13 0.02980461 
57 216 24 36 0.029650364 
71 166 11 16 0.029397134 
607 501 40 57 0.029157674 
991 391 32 49 0.029147472 
795 280 27 36 0.028915767 
36 359 45 61 0.028798355 
118 110 9 13 0.028258283 
811 297 51 63 0.02769013 
0 364 10 16 0.027450798 
149 211 24 31 0.02704451 
124 200 15 20 0.02701699 
134 250 23 27 0.026831258 
200 365 36 48 0.026617695 
779 334 29 43 0.026568582 
555 420 12 16 0.026515825 
804 401 47 59 0.02646696 
667 565 75 91 0.026320135 
947 362 79 94 0.026016032 
834 270 45 56 0.026000675 
132 209 27 31 0.025831174 
356 295 13 17 0.025731776 
298 136 26 30 0.025722483 
781 382 29 43 0.025624067 
127 197 23 27 0.025459196 
258 360 42 51 0.025402948 
233 169 45 54 0.02511308 
331 135 33 48 0.024983576 
60 260 15 20 0.024740638 
300 302 26 29 0.024668176 
846 385 47 64 0.02456486 
140 194 40 52 0.024407502 
276 125 48 54 0.024323363 
75 244 19 23 0.024207989 
748 317 12 15 0.024153085 
938 366 49 61 0.02412894 
71 247 28 33 0.024116386 
634 475 50 62 0.024058377 
167 394 30 35 0.02397934 
413 366 38 48 0.02396373 
595 281 15 21 0.02379955 
600 518 32 43 0.023777671 
688 234 32 33 0.023706643 
899 390 34 44 0.023701992 
899 458 54 71 0.023648046 
827 234 14 16 0.023644296 
1008 237 16 23 0.023592122 
787 306 15 18 0.02358194 
13 316 46 64 0.023483451 
83 130 13 14 0.023405602 
775 249 13 17 0.023303946 
11 586 58 60 0.02317931 
826 409 42 57 0.023071717 
578 266 23 36 0.02302663 
34 340 36 48 0.022836242 
973 394 34 48 0.02282897 
705 343 16 21 0.022813251 
252 154 46 55 0.022769371 
63 181 22 33 0.022700537 
500 0 20 20 0.02256002 
573 280 16 24 0.02223953 
202 170 44 55 0.02219981 
959 228 20 26 0.022177475 
175 163 29 38 0.022107331 
291 139 16 20 0.022055337 
556 325 16 18 0.02190753 
277 201 30 34 0.021611802 
934 491 52 70 0.021590278 
278 340 43 52 0.021520954 
776 305 27 33 0.021504333 
177 173 17 25 0.02146274 
860 198 14 19 0.021459982 
184 387 24 35 0.021391796 
780 281 47 59 0.02133256 
393 15 44 59 0.021321276 
67 115 21 28 0.021100517 
638 497 33 48 0.021071492 
922 405 18 27 0.021046963 
294 335 32 37 0.021001577 
516 416 17 23 0.020999674 
153 180 13 19 0.020922353 
76 169 12 16 0.020792317 
142 149 13 17 0.020761102 
346 294 24 32 0.02072779 
171 176 28 38 0.020616738 
117 139 11 15 0.020584784 
162 56 19 25 0.020564234 
344 364 36 50 0.020546502 
987 221 27 38 0.02053068 
796 249 25 29 0.02048719 
458 372 23 30 0.020352885 
397 21 26 36 0.020300811 
333 109 48 71 0.020289904 
0 300 26 46 0.020260176 
262 431 22 35 0.020222928 
239 411 41 57 0.02020139 
140 190 23 30 0.020081263 
976 359 29 41 0.02007265 
732 595 58 67 0.020072034 
54 204 14 20 0.020053152 
657 514 28 40 0.020007916 
