36_Football_americanfootball_ball_36_27
42
656 44 66 84 0.9766669 
189 207 55 70 0.30355304 
149 190 57 73 0.1992454 
384 284 47 66 0.1680884 
981 84 27 35 0.08369132 
336 289 26 38 0.07692822 
222 -19 382 522 0.075173564 
312 306 44 68 0.07128 
400 -1 18 18 0.06407816 
373 124 26 33 0.049816247 
398 266 50 69 0.04875347 
401 198 41 59 0.046746064 
13 12 53 62 0.043376327 
504 96 69 79 0.0382496 
371 253 79 113 0.03784314 
916 380 25 30 0.03734208 
510 0 34 27 0.03650385 
835 190 42 60 0.036481477 
563 293 97 115 0.033854738 
632 145 31 34 0.03296126 
-2 509 48 73 0.0318784 
802 56 36 45 0.02909107 
161 125 25 34 0.02868208 
392 188 80 110 0.02685294 
981 130 42 75 0.026758645 
170 4 35 36 0.025548328 
326 296 48 70 0.02486223 
689 303 93 147 0.024517419 
432 0 21 20 0.02406313 
-11 118 344 421 0.023431255 
433 221 53 72 0.023294289 
300 286 78 111 0.02324935 
984 612 36 54 0.023003103 
864 -2 21 19 0.02262258 
171 214 43 47 0.022159241 
616 60 88 108 0.021320371 
519 49 66 77 0.021000242 
394 232 54 76 0.02086863 
0 -3 29 35 0.020481512 
472 -2 23 19 0.020455442 
798 235 25 30 0.020144401 
358 74 31 36 0.020071818 
