36_Football_americanfootball_ball_36_693
35
265 117 80 80 0.9023209 
498 298 62 79 0.8971445 
558 161 75 93 0.8667195 
661 299 54 70 0.13833646 
431 133 39 44 0.13801624 
190 198 99 152 0.12048939 
468 288 61 80 0.114273995 
60 768 74 59 0.07740977 
293 129 52 48 0.07570189 
379 145 67 71 0.06276811 
543 156 121 146 0.062483653 
646 632 52 70 0.061598036 
610 470 52 54 0.05512607 
46 35 26 32 0.054883696 
169 0 26 23 0.052513786 
207 148 138 178 0.05203639 
368 378 67 91 0.050624486 
929 498 62 75 0.046129294 
670 330 39 41 0.042693656 
595 591 55 64 0.03760777 
186 234 61 100 0.037299246 
-26 73 321 423 0.033292934 
429 119 66 77 0.031646095 
530 298 53 72 0.03120854 
383 568 63 84 0.02877358 
459 303 42 54 0.024865003 
218 -1 38 37 0.022446748 
338 125 93 105 0.021705994 
495 254 371 453 0.02165089 
779 0 25 23 0.021179324 
450 135 62 75 0.021145348 
565 169 47 53 0.020972973 
1000 -4 22 30 0.020491693 
47 16 34 41 0.020308072 
927 -2 29 30 0.020264184 
