36_Football_americanfootball_ball_36_114
40
727 96 68 90 0.9959293 
45 27 31 38 0.99338126 
216 29 33 41 0.99033 
437 12 31 34 0.9765238 
603 22 32 41 0.9467619 
111 54 29 36 0.55824345 
54 252 99 124 0.47716767 
106 84 56 88 0.1755059 
68 87 56 76 0.17165859 
657 96 32 41 0.12741397 
905 26 34 50 0.10361803 
109 98 81 120 0.08127316 
620 77 42 51 0.067523964 
107 60 48 68 0.06698543 
502 112 47 61 0.058893345 
1 643 49 108 0.05333157 
19 107 58 77 0.05076859 
529 117 50 66 0.047249436 
93 112 56 79 0.046126578 
20 265 13 17 0.044179156 
24 211 32 39 0.043232374 
627 81 18 23 0.040262185 
622 71 30 36 0.038968194 
555 135 28 39 0.033052906 
641 71 46 59 0.03126209 
22 144 62 84 0.030086724 
456 292 45 61 0.02903487 
-2 365 36 75 0.026219593 
13 258 16 20 0.025815414 
436 112 56 70 0.025192609 
588 166 46 58 0.024773847 
0 125 53 74 0.024152635 
391 779 40 46 0.02252128 
95 44 44 60 0.022388408 
660 101 41 58 0.022317845 
460 110 52 65 0.020994553 
621 86 17 21 0.020902114 
573 91 49 58 0.020646457 
613 81 30 35 0.020219984 
602 87 44 53 0.020116635 
