36_Football_Football_36_110
36
506 145 32 37 0.999752 
290 158 34 45 0.99970514 
815 157 31 41 0.9996761 
781 271 36 46 0.9989195 
715 121 31 40 0.99886596 
130 316 37 44 0.9988508 
506 333 33 39 0.9986511 
78 156 34 42 0.9983936 
603 138 33 42 0.9983113 
383 306 33 42 0.998295 
398 151 34 39 0.99818367 
636 292 37 45 0.99772125 
222 311 36 44 0.9963013 
179 151 38 43 0.9949478 
1001 70 11 12 0.07249123 
605 15 9 11 0.06943156 
456 454 23 29 0.06698619 
602 16 8 11 0.059821244 
638 14 8 10 0.05223855 
663 289 24 34 0.041868534 
491 355 16 20 0.039196778 
653 9 8 10 0.033077408 
624 13 9 12 0.03199048 
1003 74 11 14 0.029694367 
553 15 8 10 0.028982233 
622 21 9 11 0.027495379 
541 6 8 10 0.026555868 
588 36 10 11 0.02645182 
592 7 9 10 0.026154635 
566 24 10 12 0.025685089 
213 44 9 12 0.024979377 
492 342 25 33 0.02394081 
360 459 57 50 0.023329955 
557 14 9 10 0.023147566 
223 8 8 9 0.020457705 
624 8 9 11 0.020433413 
