36_Football_americanfootball_ball_36_126
76
52 132 42 56 0.6336308 
780 95 38 42 0.4074563 
691 93 42 50 0.3732862 
925 57 29 51 0.2594207 
332 161 48 74 0.25717536 
792 87 33 37 0.21388003 
780 116 32 39 0.21319643 
331 319 19 21 0.15190905 
664 211 29 34 0.14541331 
1010 505 13 19 0.13702816 
963 58 43 59 0.11932796 
690 78 35 44 0.11576243 
203 171 65 64 0.08720657 
946 31 29 31 0.07321732 
674 74 30 39 0.072656125 
506 289 38 40 0.0721389 
340 149 34 50 0.069328696 
705 77 19 23 0.065303735 
123 191 26 30 0.061129298 
785 130 19 23 0.05319227 
646 218 33 39 0.052900985 
670 218 41 49 0.04925198 
709 102 33 44 0.048080813 
203 149 52 58 0.04213218 
926 162 35 36 0.041446235 
612 279 57 55 0.037448853 
131 188 16 20 0.03739062 
974 55 28 40 0.036980882 
920 134 14 18 0.036815 
808 95 17 22 0.034907848 
694 68 28 35 0.034472466 
38 117 26 34 0.034077454 
11 264 15 25 0.033430364 
645 227 13 15 0.033196475 
595 261 60 59 0.032545086 
329 305 30 38 0.032542888 
725 108 32 43 0.032073002 
111 191 43 51 0.029777832 
543 213 206 246 0.02968887 
34 190 25 31 0.02964483 
917 133 23 32 0.02958049 
710 126 35 40 0.02957302 
201 133 44 50 0.02931364 
950 36 15 18 0.029273424 
526 312 39 41 0.029254029 
678 87 38 46 0.028780987 
268 123 12 15 0.02762968 
326 191 42 52 0.026925193 
464 496 28 30 0.025911378 
772 101 25 34 0.025548922 
518 290 49 50 0.025292167 
571 247 59 54 0.025234645 
937 143 36 47 0.024791058 
932 55 48 67 0.02466051 
980 111 43 68 0.024660325 
22 199 27 29 0.023757072 
536 285 56 56 0.023674283 
966 88 49 67 0.023605172 
789 127 30 38 0.023382071 
635 216 30 34 0.023365121 
76 292 32 53 0.02313989 
10 172 42 49 0.02291251 
742 105 25 36 0.022558926 
38 115 73 94 0.02249738 
564 279 63 58 0.022423375 
0 406 21 47 0.02227913 
686 244 34 37 0.022041123 
41 124 36 48 0.021930985 
767 107 12 19 0.021480896 
714 76 15 21 0.021410441 
748 115 14 20 0.02127163 
7 231 12 16 0.02098933 
67 146 37 46 0.020973284 
320 163 39 50 0.020694159 
694 115 33 45 0.020137297 
946 119 45 64 0.020049658 
