36_Football_americanfootball_ball_36_510
33
573 142 68 77 0.99500054 
161 33 65 81 0.36358985 
968 74 42 58 0.31547377 
390 86 42 55 0.29843307 
564 28 48 65 0.2622538 
495 29 43 53 0.13897608 
104 39 105 100 0.09878886 
240 345 51 63 0.084302254 
203 13 35 45 0.08182713 
879 9 54 77 0.081635974 
391 110 44 55 0.078132965 
857 113 50 58 0.073781244 
954 86 40 52 0.06496231 
284 76 40 55 0.06413858 
1 0 37 47 0.054505724 
178 12 61 72 0.05419157 
908 44 53 74 0.050606303 
925 86 40 55 0.041375205 
710 0 27 21 0.036922913 
571 17 36 45 0.036114335 
862 572 15 19 0.035769206 
467 230 86 100 0.03474238 
351 86 47 59 0.032382246 
81 -4 159 186 0.030983295 
900 0 82 102 0.029717786 
970 32 49 81 0.027903108 
870 32 38 56 0.026065113 
187 56 59 75 0.024097906 
-97 325 393 433 0.023566667 
639 170 13 17 0.023037298 
245 56 16 22 0.020801002 
781 1 31 35 0.020747028 
634 497 31 32 0.020059446 
