36_Football_americanfootball_ball_36_257
70
629 135 52 70 0.9995459 
430 196 61 74 0.9995303 
72 226 68 88 0.9993993 
503 214 34 45 0.99897987 
100 169 56 70 0.99869734 
865 160 82 110 0.99569017 
287 168 57 68 0.98527795 
58 181 30 39 0.983309 
989 253 28 44 0.9264014 
386 193 33 51 0.8952973 
431 169 36 40 0.6591062 
190 180 24 32 0.3171984 
416 12 24 30 0.28595194 
765 181 84 120 0.22529602 
906 35 50 67 0.21210049 
660 609 35 39 0.15253526 
992 159 26 37 0.13263398 
185 133 16 21 0.09122481 
0 180 30 50 0.07284019 
0 160 12 18 0.07148027 
754 204 56 74 0.0698341 
822 175 88 119 0.066619776 
589 89 17 22 0.064216934 
188 175 41 60 0.06328316 
912 11 78 103 0.06288547 
962 55 56 68 0.061177064 
33 171 44 59 0.06064205 
566 94 43 66 0.059848122 
974 139 41 56 0.058840156 
361 177 48 63 0.057286054 
424 183 34 46 0.056923974 
385 -1 26 23 0.052965354 
740 352 50 57 0.052659664 
528 37 27 31 0.045426216 
968 101 29 36 0.0389205 
32 136 9 11 0.0382449 
755 222 33 43 0.03499602 
251 171 16 20 0.03488246 
936 64 87 113 0.03365225 
490 196 28 33 0.0327276 
234 171 43 59 0.031714898 
317 162 51 70 0.031481452 
275 183 41 41 0.031340003 
70 178 34 42 0.030852683 
294 130 67 94 0.02926034 
250 165 27 34 0.028720243 
418 27 29 35 0.027945895 
15 143 11 13 0.027799204 
24 241 41 58 0.026394486 
265 178 32 40 0.025799146 
958 261 28 37 0.025688654 
961 122 45 58 0.025416963 
593 163 26 36 0.024127027 
220 185 46 65 0.02384082 
973 77 52 71 0.023379223 
889 39 89 118 0.023325048 
982 226 44 68 0.023225773 
744 234 53 70 0.022967588 
530 49 87 127 0.022725465 
952 195 30 42 0.022229724 
422 42 27 30 0.022191826 
488 210 33 43 0.0216676 
935 186 53 73 0.021534516 
0 379 10 15 0.021147458 
398 195 47 57 0.021041766 
21 142 9 13 0.020587923 
718 141 174 223 0.020420788 
650 591 58 64 0.02028618 
187 123 18 22 0.020270206 
45 164 27 40 0.020259632 
