36_Football_Football_36_80
38
750 295 32 36 0.9965264 
192 231 26 31 0.9950889 
599 176 20 28 0.9816491 
845 193 27 49 0.9637189 
790 323 37 43 0.8137717 
92 221 23 32 0.29595098 
149 231 16 23 0.08287322 
768 261 14 17 0.07906616 
929 239 17 21 0.07285532 
673 383 14 17 0.060238604 
123 226 22 31 0.0518881 
141 222 20 34 0.037386853 
881 189 20 33 0.033892713 
64 253 10 13 0.031925667 
302 351 29 28 0.031912625 
844 190 18 35 0.029772377 
469 215 8 9 0.028946366 
63 196 10 12 0.02860761 
8 152 8 10 0.027137209 
466 215 7 8 0.02651356 
386 279 8 11 0.026412783 
98 235 28 29 0.025804264 
684 114 13 16 0.025314646 
408 263 9 11 0.025040848 
112 238 26 29 0.024156898 
423 281 9 11 0.022691205 
47 182 8 10 0.022581052 
40 184 7 9 0.021538414 
40 189 7 10 0.021256201 
622 262 12 14 0.021170959 
1 173 7 11 0.021080894 
926 226 23 30 0.021061106 
729 160 9 11 0.021014223 
340 270 9 11 0.020748693 
341 261 9 11 0.020597095 
110 221 28 32 0.020555485 
822 314 15 17 0.020445298 
712 157 8 10 0.020096147 
