36_Football_americanfootball_ball_36_615
108
378 143 25 34 0.9896287 
196 103 30 46 0.9887657 
83 135 15 18 0.901171 
450 155 21 27 0.8824539 
743 138 14 21 0.75460434 
861 151 14 19 0.7412351 
531 186 17 23 0.7217703 
925 99 22 31 0.61580855 
673 173 14 18 0.611072 
720 158 12 16 0.51945543 
688 159 10 12 0.38602433 
935 103 22 27 0.3217414 
619 154 13 19 0.24885413 
436 156 14 19 0.23444314 
517 156 15 17 0.16463315 
644 163 10 14 0.16218156 
637 164 14 16 0.1515813 
433 179 26 31 0.11850066 
442 188 13 16 0.10775505 
719 152 12 15 0.101354875 
629 164 12 16 0.09987675 
603 164 16 19 0.09487194 
516 177 12 16 0.08952642 
945 105 19 22 0.086712465 
755 156 14 17 0.07956265 
611 158 17 21 0.07605487 
956 91 15 23 0.07473406 
320 197 30 35 0.07408458 
919 100 14 22 0.07395977 
670 167 12 16 0.07115377 
725 151 10 15 0.06745163 
949 95 20 27 0.06619326 
438 153 23 28 0.06328814 
693 187 14 18 0.06312821 
214 231 9 12 0.057544928 
676 167 14 17 0.05459229 
712 165 12 14 0.054071598 
620 183 14 16 0.053761885 
691 163 11 14 0.053665157 
373 120 9 12 0.052344467 
702 158 11 14 0.051569056 
166 125 21 28 0.049332112 
627 157 14 17 0.047564894 
703 163 12 15 0.046523068 
716 166 14 18 0.046067066 
519 179 23 31 0.045592498 
791 169 12 17 0.045269348 
780 148 11 14 0.044278093 
682 170 13 19 0.04321191 
753 146 16 19 0.04224216 
741 185 11 15 0.041195728 
713 157 12 16 0.040834997 
158 -24 459 494 0.04036193 
443 162 25 35 0.03895327 
923 92 17 25 0.037084993 
510 169 22 28 0.03696414 
527 171 25 31 0.03630838 
485 233 15 18 0.034960568 
459 149 11 17 0.034436088 
692 171 12 14 0.034274895 
438 181 14 18 0.032584306 
587 199 23 28 0.031520423 
443 177 15 20 0.031475823 
508 160 18 20 0.031211697 
204 100 16 24 0.03092557 
628 181 14 16 0.03091393 
885 217 13 16 0.030223321 
451 172 14 20 0.030101933 
418 185 33 35 0.029537106 
586 210 16 18 0.029472316 
643 168 14 18 0.029220335 
701 203 15 18 0.029173754 
432 220 12 13 0.028837478 
522 160 15 20 0.028649827 
621 169 13 17 0.028521512 
943 205 44 54 0.028409999 
665 165 11 15 0.02798397 
952 205 10 13 0.027888453 
523 150 13 19 0.02735216 
507 212 14 17 0.026360983 
695 202 13 20 0.026252717 
1012 85 11 16 0.026058834 
614 178 14 17 0.025505152 
358 129 15 19 0.024967175 
761 161 14 17 0.024824228 
797 104 12 16 0.02473055 
331 210 14 19 0.024542727 
609 172 23 27 0.024296856 
735 140 18 25 0.023878153 
538 179 14 21 0.023760073 
665 170 13 19 0.023500446 
713 151 13 14 0.023481319 
599 157 12 19 0.022809196 
877 154 11 14 0.022461142 
388 135 15 20 0.022326535 
609 167 17 21 0.022303035 
763 228 15 19 0.022031832 
358 148 25 30 0.021911731 
967 220 32 38 0.021866677 
531 172 15 18 0.021679875 
634 178 15 17 0.02159926 
695 153 8 11 0.021502065 
1008 90 11 15 0.021494292 
985 239 26 32 0.021333484 
813 141 11 13 0.021065304 
106 140 14 16 0.021057218 
628 150 13 16 0.020475268 
363 138 16 21 0.020450711 
