36_Football_Football_36_202
23
629 180 58 64 0.9961629 
768 143 52 60 0.99333847 
471 189 58 63 0.9643965 
715 198 38 43 0.8236694 
325 186 56 71 0.71088356 
564 309 66 68 0.19282322 
572 325 39 41 0.13425757 
780 225 75 80 0.095906965 
287 233 59 76 0.08698198 
348 196 38 48 0.061894506 
482 362 420 435 0.042706717 
457 164 54 62 0.035171278 
590 290 65 63 0.03130356 
484 206 57 72 0.030455207 
280 265 54 69 0.029398073 
321 192 38 45 0.028991247 
445 177 36 46 0.028468167 
322 294 33 44 0.027911672 
453 204 59 78 0.023564097 
460 316 34 36 0.023076221 
403 345 36 35 0.022678625 
353 216 38 43 0.021885801 
358 259 14 17 0.020355798 
