36_Football_americanfootball_ball_36_81
61
169 66 63 73 0.99164635 
913 5 46 52 0.9803011 
473 42 49 53 0.95749795 
373 116 57 62 0.86114323 
284 0 33 34 0.52814305 
699 84 35 40 0.5084655 
339 41 35 35 0.34573123 
230 36 39 47 0.16321068 
578 9 23 28 0.15474613 
569 226 48 55 0.123575695 
818 132 81 128 0.11545628 
808 32 43 58 0.10770112 
883 -5 30 40 0.10478667 
623 -2 27 23 0.072701424 
592 225 37 41 0.067472994 
846 7 26 34 0.05931547 
829 101 56 71 0.0574409 
685 26 23 30 0.054401394 
338 190 18 25 0.053028926 
335 17 50 53 0.053005125 
516 126 42 53 0.050690494 
377 0 35 30 0.044911757 
638 305 54 61 0.040075596 
549 2 48 58 0.039382096 
900 455 17 22 0.037715163 
617 30 46 64 0.037186638 
888 0 43 51 0.036359783 
564 211 27 34 0.035085205 
635 -1 25 29 0.034209497 
557 207 44 61 0.033950612 
972 15 43 52 0.032629546 
682 -1 25 19 0.031782612 
349 -1 52 46 0.03146432 
89 194 52 85 0.031124413 
802 164 30 41 0.030978931 
358 134 60 69 0.029933179 
441 0 49 45 0.029738422 
158 -1 28 23 0.02953452 
607 30 29 35 0.029050676 
564 259 32 37 0.02861997 
572 44 23 28 0.028262047 
816 121 63 82 0.028181978 
994 125 16 26 0.027826425 
706 29 42 53 0.027374407 
334 44 51 55 0.026752876 
535 7 33 40 0.024908282 
581 237 54 61 0.024426514 
805 148 55 77 0.024320494 
979 0 41 49 0.02404647 
404 196 12 14 0.024023002 
335 120 30 35 0.023850802 
230 106 37 39 0.02365232 
340 113 52 59 0.022140678 
843 169 102 141 0.021620357 
571 198 54 60 0.021425292 
611 6 51 62 0.021343365 
598 200 54 61 0.021160392 
989 112 26 43 0.021077089 
806 100 54 66 0.020474968 
841 12 47 55 0.020449938 
646 28 24 32 0.020360537 
