36_Football_Football_36_157
634
739 218 31 34 0.99767536 
607 240 27 32 0.9954591 
48 128 23 29 0.99474573 
869 85 20 26 0.99251634 
606 141 24 29 0.99233186 
755 118 18 22 0.9909031 
163 201 21 27 0.9881462 
964 138 17 22 0.9874391 
876 171 20 26 0.9864764 
285 133 17 23 0.98494256 
95 238 24 27 0.9839851 
91 107 15 18 0.98107177 
564 104 21 26 0.9807725 
498 246 24 30 0.98042876 
662 252 21 26 0.98004514 
786 56 19 24 0.9749052 
41 256 22 26 0.9719268 
508 175 20 25 0.9712777 
581 185 23 28 0.9710948 
978 198 16 24 0.9685324 
74 195 21 27 0.96842873 
541 26 21 27 0.9666853 
144 96 18 22 0.96575856 
846 50 19 23 0.96381783 
546 192 17 22 0.96357775 
344 133 20 26 0.96334946 
493 6 19 24 0.9628303 
178 93 18 23 0.96174574 
150 150 21 25 0.9615068 
233 77 19 22 0.9607584 
339 103 19 23 0.96040285 
614 75 21 25 0.9582879 
392 82 20 23 0.95715886 
479 120 21 24 0.95475876 
907 217 22 28 0.9542566 
907 168 19 22 0.953584 
425 261 21 27 0.94998986 
115 200 18 22 0.9479446 
855 0 20 22 0.9451892 
461 33 21 26 0.944147 
535 74 21 27 0.9416647 
579 6 21 23 0.9400335 
0 181 20 28 0.9398786 
898 24 19 26 0.93954253 
544 107 19 24 0.9387079 
119 110 19 23 0.93658155 
184 183 22 26 0.93509644 
984 247 22 26 0.93472385 
229 173 19 23 0.93202156 
431 345 27 38 0.93061846 
579 84 18 23 0.9296488 
248 117 17 23 0.9292299 
303 159 19 23 0.9266161 
157 176 20 25 0.9258486 
361 114 17 22 0.9255672 
970 24 17 22 0.9208072 
411 140 18 22 0.9190468 
144 270 17 24 0.9160682 
632 188 24 28 0.915665 
113 134 19 26 0.9131434 
334 179 20 25 0.9119434 
666 31 21 26 0.90524864 
390 196 34 34 0.89793944 
903 103 18 24 0.8951458 
890 131 16 19 0.8888577 
432 217 20 26 0.8882298 
898 83 22 27 0.8801301 
897 192 17 21 0.8789941 
814 109 15 19 0.87218845 
234 247 29 33 0.8694722 
565 133 18 23 0.8656566 
833 108 16 20 0.8442974 
246 196 18 19 0.8442701 
336 43 19 23 0.8413267 
348 5 17 19 0.8380458 
197 0 19 20 0.82762814 
515 51 19 24 0.8260653 
516 145 19 22 0.82316434 
230 235 28 34 0.8230385 
415 7 23 27 0.81790453 
787 172 24 30 0.81756186 
293 92 19 22 0.81686425 
273 42 18 21 0.8154064 
424 98 19 21 0.8048998 
382 128 17 21 0.7968138 
299 219 20 23 0.79616493 
614 41 21 23 0.78833205 
413 53 16 19 0.7865577 
552 103 22 29 0.7836458 
44 186 19 22 0.7648975 
524 110 20 23 0.75821495 
15 117 20 25 0.7496042 
407 120 17 20 0.7417855 
642 -1 19 18 0.73776954 
942 95 14 19 0.7283651 
356 175 19 22 0.71889037 
489 88 16 20 0.71162 
229 128 16 18 0.7002726 
87 132 21 27 0.6987428 
873 215 23 32 0.6984476 
79 153 18 23 0.6854881 
102 169 20 23 0.6589223 
455 104 15 18 0.6508149 
319 78 22 25 0.6467019 
853 187 15 19 0.6227792 
851 165 16 22 0.61794853 
781 110 18 22 0.6167909 
483 358 17 21 0.59103805 
0 144 14 20 0.58842707 
585 159 18 22 0.5693852 
441 165 19 22 0.5550253 
819 18 14 17 0.5336398 
932 173 20 26 0.49317053 
149 49 16 18 0.49074712 
249 153 17 19 0.4373139 
216 158 17 20 0.43550447 
966 98 12 16 0.3885178 
142 198 20 26 0.38730946 
81 141 20 27 0.37504363 
300 120 20 24 0.36797863 
667 172 15 20 0.36271337 
265 26 16 19 0.35869953 
412 64 17 21 0.354754 
954 193 15 19 0.34157664 
841 188 17 21 0.33565482 
485 203 16 19 0.3307274 
271 163 15 19 0.33021912 
474 64 16 19 0.31961018 
750 186 23 28 0.31372607 
25 47 25 30 0.2770243 
23 167 20 26 0.27446386 
957 233 21 26 0.27015397 
418 0 20 21 0.26566052 
353 70 18 20 0.24784921 
363 97 16 18 0.2385498 
271 203 15 20 0.23081008 
153 19 14 17 0.2279544 
786 234 29 35 0.22640243 
926 6 11 13 0.22385727 
203 99 15 19 0.22121131 
186 146 17 20 0.22068721 
763 206 27 37 0.21804862 
276 184 17 20 0.2129297 
494 356 26 32 0.21050982 
583 245 20 25 0.20796908 
98 4 16 19 0.20709474 
186 171 22 26 0.1998191 
1 232 16 22 0.19893625 
329 152 19 21 0.19725168 
733 123 17 21 0.19246411 
293 63 14 18 0.18931952 
385 112 17 21 0.18916292 
635 168 22 27 0.18630733 
242 149 18 20 0.18609884 
45 193 22 28 0.18509004 
477 99 15 19 0.18184124 
33 175 23 27 0.17984758 
186 155 22 25 0.17862009 
15 106 16 19 0.17548586 
32 153 17 19 0.17547761 
935 165 15 18 0.17386086 
947 101 16 20 0.17256099 
766 149 16 19 0.16915292 
860 132 21 25 0.16838734 
1006 94 12 16 0.16683385 
306 258 20 22 0.15928833 
695 20 21 28 0.15874727 
952 20 11 15 0.15714028 
749 0 15 18 0.1533284 
267 35 19 22 0.15332426 
154 305 16 20 0.14725909 
980 159 13 18 0.14326122 
41 18 17 20 0.14289694 
814 13 15 18 0.14227358 
779 119 18 23 0.14038153 
957 199 16 20 0.13724788 
679 29 21 27 0.137228 
638 163 16 20 0.13661075 
321 69 18 22 0.13654138 
284 181 16 20 0.1351539 
484 94 19 23 0.13294072 
204 92 14 16 0.1316061 
804 229 31 38 0.12987174 
956 99 14 19 0.12920637 
165 131 15 18 0.1287074 
728 47 22 25 0.12609632 
28 125 16 21 0.12592985 
631 318 29 36 0.12581727 
900 198 22 27 0.12575689 
427 108 17 22 0.1255263 
1008 75 14 17 0.12509437 
754 -1 15 14 0.12480756 
166 65 15 18 0.124148786 
590 138 17 20 0.123898655 
850 177 18 23 0.12333526 
215 265 17 22 0.120145075 
398 118 21 26 0.11973755 
587 144 20 25 0.11972969 
685 126 23 27 0.11927557 
972 242 22 28 0.118460506 
483 215 16 21 0.1168137 
632 125 21 25 0.11559524 
925 14 16 20 0.11526943 
632 438 30 38 0.11490185 
65 0 18 19 0.11420767 
325 134 17 20 0.11338655 
964 237 21 27 0.10852524 
1004 198 14 18 0.107468754 
786 241 19 21 0.106176734 
273 214 20 25 0.1057521 
798 0 11 12 0.105014235 
223 167 20 24 0.10491445 
348 16 17 19 0.10470551 
389 124 22 26 0.10374055 
416 108 20 26 0.10207432 
113 298 24 31 0.10112592 
742 195 30 39 0.099780396 
31 122 23 30 0.09801032 
941 6 13 15 0.09678451 
999 137 12 15 0.09545201 
483 223 18 26 0.095437065 
578 339 15 19 0.09543122 
282 1 18 19 0.09238279 
957 209 17 21 0.09201935 
409 128 17 22 0.09174411 
223 256 24 29 0.09155176 
190 130 14 17 0.09135033 
501 125 13 17 0.09122528 
1012 109 11 17 0.08595208 
270 187 15 18 0.08472155 
826 188 23 25 0.08292178 
133 239 21 27 0.08264021 
0 63 11 21 0.082264856 
332 159 22 27 0.08100957 
208 1 15 18 0.077797495 
452 59 15 20 0.077626504 
327 122 14 19 0.07735808 
731 34 22 24 0.07565825 
988 217 17 21 0.07492333 
112 171 16 19 0.0746696 
131 196 20 27 0.07453104 
962 195 15 19 0.07421181 
931 5 14 16 0.074154526 
674 10 17 20 0.0737848 
258 171 14 19 0.073259294 
564 -2 13 12 0.072627686 
773 206 14 19 0.07221626 
964 198 19 25 0.07212024 
299 39 16 20 0.07186144 
949 216 16 21 0.07116811 
590 237 25 33 0.07101291 
303 211 18 22 0.07042289 
0 51 10 17 0.06880708 
321 91 17 21 0.06865641 
335 37 16 20 0.06740561 
163 91 13 16 0.06587659 
869 49 13 18 0.065659575 
877 27 14 18 0.06394911 
233 229 19 22 0.063911885 
1010 97 13 17 0.063569434 
276 196 23 28 0.063115545 
480 61 18 21 0.06271385 
657 0 17 19 0.06261258 
505 364 18 23 0.062469494 
952 0 11 13 0.061943695 
371 94 14 18 0.061725542 
28 159 22 25 0.061192937 
163 180 22 28 0.06075528 
708 142 16 20 0.060512673 
710 162 21 27 0.060277216 
252 177 17 20 0.05983579 
965 179 14 18 0.059820436 
924 61 16 21 0.05814052 
467 69 18 21 0.058138717 
152 33 17 19 0.05795619 
271 224 16 22 0.056594502 
903 178 20 26 0.055553254 
502 347 32 42 0.05553962 
603 110 21 24 0.054813985 
884 65 16 19 0.054797187 
784 101 21 25 0.054725558 
700 0 17 18 0.05461379 
290 122 23 26 0.054283205 
362 72 15 18 0.053847387 
183 50 15 17 0.05361406 
570 329 25 31 0.05326972 
669 18 22 27 0.05299926 
925 119 14 18 0.052631978 
971 96 11 15 0.052555617 
765 1 14 18 0.05247795 
725 392 52 65 0.052159943 
53 195 23 29 0.051765665 
767 7 23 27 0.051027197 
317 429 42 50 0.050616615 
230 163 21 23 0.05061006 
819 191 18 20 0.050422218 
917 15 14 20 0.05041914 
973 14 13 16 0.050333917 
434 204 23 28 0.050245322 
179 107 16 21 0.05007102 
553 170 21 24 0.049860924 
346 172 21 26 0.049831484 
332 129 21 26 0.049743168 
336 325 32 38 0.04951682 
451 -1 16 14 0.049361616 
470 175 14 19 0.048862033 
438 145 16 19 0.04817798 
19 215 22 28 0.048159603 
595 295 32 40 0.04750076 
699 12 16 19 0.04747818 
646 1 23 25 0.04686411 
391 211 29 32 0.04674193 
881 21 22 28 0.046335667 
287 185 22 28 0.046204805 
400 73 20 24 0.04579969 
308 197 12 15 0.04524745 
424 327 38 48 0.04505624 
514 154 24 26 0.044570856 
68 179 17 20 0.044367276 
261 80 17 22 0.044347968 
723 458 51 67 0.044300452 
132 185 17 21 0.044143617 
295 101 21 23 0.044101045 
746 68 24 28 0.043509383 
76 284 16 22 0.04283261 
752 213 30 37 0.042809397 
705 -1 16 14 0.04220438 
974 168 15 20 0.042096145 
891 64 16 18 0.041820534 
75 212 16 22 0.04144346 
148 -1 13 12 0.041270044 
478 132 17 21 0.04121491 
215 271 23 29 0.041145984 
1006 132 11 16 0.040974684 
270 123 14 18 0.040467106 
509 9 13 17 0.040406995 
708 29 15 22 0.040262036 
184 102 15 20 0.040259447 
268 194 15 21 0.039901257 
9 213 21 28 0.039820895 
906 78 21 27 0.039440818 
921 5 12 15 0.03937058 
828 12 13 17 0.03916372 
237 114 19 25 0.039122615 
307 202 15 21 0.039004035 
594 10 15 19 0.038825873 
921 166 20 26 0.038610846 
456 110 19 22 0.038246658 
793 247 16 21 0.038189523 
938 215 20 26 0.038175184 
692 505 15 20 0.038128637 
5 285 14 18 0.038069807 
483 363 29 35 0.03798624 
565 312 28 35 0.03795408 
623 35 18 23 0.037944023 
654 242 35 45 0.037935883 
2 216 16 21 0.037883215 
400 240 24 31 0.037714764 
156 107 12 17 0.037266105 
53 182 21 27 0.037166394 
1005 171 16 18 0.03703244 
486 230 21 27 0.03688168 
243 352 47 63 0.036641024 
0 133 12 19 0.036587406 
965 275 24 29 0.03654272 
955 0 14 17 0.036231156 
279 1 13 13 0.036225557 
575 130 21 25 0.03621869 
920 147 13 16 0.036138184 
227 117 16 20 0.036126994 
57 250 20 28 0.036076855 
527 0 11 11 0.036013402 
1001 99 11 15 0.036012843 
595 142 19 23 0.035650276 
237 259 31 36 0.03564187 
641 255 21 27 0.035565164 
949 112 15 18 0.035367303 
533 0 11 10 0.03521675 
453 87 21 25 0.035186004 
473 449 23 22 0.03508931 
485 311 28 35 0.035024125 
934 9 20 24 0.034929138 
185 139 14 19 0.03491847 
174 194 21 27 0.034861628 
850 33 20 25 0.03475567 
317 4 12 14 0.034747448 
609 216 26 30 0.034578398 
11 44 22 30 0.034225687 
156 84 15 18 0.034169033 
343 22 21 26 0.034086984 
951 233 17 22 0.03393653 
837 27 15 18 0.03391524 
626 131 22 26 0.03386512 
54 119 14 16 0.033830065 
519 125 22 27 0.03382346 
858 32 17 21 0.03374823 
380 396 38 39 0.03342768 
514 10 14 17 0.033395328 
803 4 15 18 0.033344463 
337 29 21 25 0.03326802 
34 23 26 33 0.033249658 
198 103 14 19 0.033174857 
295 254 25 29 0.033076163 
352 1 17 17 0.03299064 
319 21 13 16 0.032842517 
807 9 15 21 0.03277598 
529 145 15 20 0.032750074 
798 236 45 52 0.032742593 
628 296 35 43 0.032710336 
36 247 35 44 0.03270543 
587 126 23 27 0.03268 
953 121 14 17 0.032593783 
843 112 15 20 0.032506157 
342 72 15 19 0.032417044 
815 23 16 20 0.03234793 
223 124 16 20 0.032301772 
643 251 15 20 0.032296948 
989 168 15 21 0.032278296 
162 51 13 15 0.032254074 
254 49 13 17 0.03204203 
793 99 15 18 0.031934045 
615 52 21 25 0.031794447 
941 41 13 16 0.031750273 
690 28 18 24 0.031735137 
10 288 14 19 0.031708725 
484 345 28 35 0.031615436 
970 186 15 20 0.03156876 
456 78 23 25 0.031418186 
459 64 20 24 0.031332877 
235 137 16 18 0.031091714 
642 172 24 30 0.031072875 
612 321 29 36 0.03100682 
478 160 15 19 0.030968446 
611 348 15 18 0.030689191 
989 0 14 12 0.030669075 
517 224 17 21 0.03049638 
223 115 14 18 0.030462593 
699 133 20 27 0.030461228 
843 178 18 24 0.03044992 
931 21 15 19 0.030380433 
448 64 15 19 0.029999705 
327 198 24 31 0.029990211 
446 155 20 26 0.02986387 
293 191 23 29 0.02969919 
894 109 21 26 0.029641148 
307 268 18 21 0.02964057 
248 260 19 22 0.029604673 
308 0 12 12 0.029534835 
912 13 12 17 0.029469067 
812 6 15 18 0.029444203 
994 212 16 19 0.029271122 
458 148 15 19 0.02914616 
281 209 15 20 0.029041693 
164 96 14 18 0.029023593 
407 50 16 20 0.028748177 
539 61 15 18 0.028692005 
989 44 12 15 0.0286684 
948 13 14 18 0.028659264 
0 46 17 30 0.028517483 
9 128 23 29 0.028430104 
959 183 20 25 0.028366301 
195 285 13 16 0.028251434 
489 103 18 22 0.028147481 
264 44 22 27 0.028010143 
194 138 14 19 0.027920095 
307 110 15 19 0.027906355 
417 347 31 42 0.02780378 
853 107 13 18 0.027696755 
259 164 14 18 0.027684778 
409 249 25 32 0.027634773 
987 116 13 17 0.027598115 
408 206 18 22 0.02746322 
5 96 19 28 0.027448317 
951 14 19 25 0.027349526 
277 6 17 19 0.02734838 
479 70 21 23 0.027308263 
313 126 20 25 0.027261576 
667 -1 14 14 0.027185872 
744 3 15 18 0.027070649 
965 4 11 14 0.027062684 
313 255 22 28 0.027028995 
303 26 15 19 0.026959984 
271 27 17 20 0.02691293 
506 129 15 18 0.02690656 
456 162 15 21 0.02689016 
986 237 17 21 0.026793217 
255 196 19 24 0.026790919 
996 245 20 28 0.026746657 
976 31 14 18 0.02669254 
667 174 22 31 0.026689604 
66 255 17 22 0.026674371 
574 147 21 25 0.02658464 
325 0 12 11 0.026540084 
571 320 17 20 0.026459828 
437 154 19 24 0.02643398 
140 138 16 19 0.026406834 
360 256 32 37 0.026353199 
84 296 16 19 0.026336566 
868 32 15 19 0.026243608 
214 27 14 17 0.026243562 
517 330 32 46 0.02621941 
192 299 18 19 0.026169345 
194 125 15 18 0.02616405 
937 183 22 28 0.026076555 
995 168 23 26 0.025807925 
603 332 26 33 0.025716964 
617 141 25 28 0.025634015 
806 215 32 37 0.025236806 
497 90 14 18 0.025181094 
454 153 14 20 0.02515348 
246 29 12 16 0.025111537 
918 35 13 16 0.02498993 
973 116 12 16 0.024779383 
917 67 20 26 0.024750017 
374 372 45 52 0.024745844 
502 508 14 19 0.024742099 
817 235 18 23 0.024691338 
907 250 16 19 0.02465689 
372 210 14 18 0.024632383 
228 246 19 25 0.024600154 
128 133 21 26 0.024500553 
741 9 16 20 0.024368173 
129 315 17 22 0.024366127 
83 2 15 17 0.024351757 
907 21 20 27 0.024350777 
256 386 36 52 0.024301562 
158 129 14 18 0.024298051 
220 151 16 19 0.024242047 
738 388 33 42 0.024166914 
428 317 29 31 0.024048673 
650 242 17 22 0.023971014 
969 13 10 14 0.023952585 
147 140 16 20 0.02392781 
860 216 39 47 0.023859337 
291 275 25 31 0.023842564 
920 216 17 23 0.023823738 
156 75 16 18 0.023700304 
506 441 14 19 0.023549793 
1 129 21 30 0.023536636 
240 199 16 19 0.02353013 
334 29 14 19 0.023517916 
728 419 56 75 0.02346031 
665 2 21 22 0.02336714 
900 253 23 28 0.023329694 
363 137 15 19 0.023304151 
145 107 17 22 0.02329384 
0 100 11 18 0.023280948 
1003 208 16 18 0.023261504 
322 24 14 19 0.023224926 
352 183 24 30 0.023192294 
464 102 20 25 0.02319024 
489 115 18 22 0.023119539 
610 295 36 43 0.023066035 
810 194 30 33 0.023041874 
307 20 15 19 0.022971248 
876 154 15 18 0.022960685 
450 172 15 20 0.022918547 
530 129 16 21 0.022915943 
933 1 12 12 0.022914542 
252 0 12 12 0.022897655 
217 2 15 16 0.022896934 
572 303 29 34 0.02283469 
428 84 14 18 0.022773042 
104 10 13 17 0.022755846 
535 326 26 41 0.022696154 
495 539 35 30 0.022674467 
391 226 28 36 0.022650195 
139 179 14 20 0.022598535 
380 4 16 19 0.022592096 
549 178 17 20 0.022585087 
312 199 22 29 0.02256205 
602 11 14 19 0.022537587 
291 2 27 29 0.02248438 
573 158 16 20 0.022464916 
733 13 21 26 0.022422772 
85 158 20 25 0.022410875 
167 117 21 26 0.022386493 
155 55 15 18 0.022370646 
49 0 24 25 0.022361275 
981 214 17 23 0.022347068 
603 306 33 43 0.022250233 
607 40 16 19 0.022245659 
545 279 16 19 0.022229176 
957 86 13 16 0.022128183 
983 5 11 13 0.022073666 
326 158 17 22 0.022043481 
10 170 20 28 0.021936072 
197 85 15 18 0.021851134 
333 -1 13 11 0.021835867 
477 229 18 24 0.021823538 
452 71 17 20 0.021741888 
934 211 14 22 0.02171503 
817 103 15 19 0.021660637 
204 223 22 26 0.021659583 
295 112 21 25 0.021606926 
513 246 22 28 0.02152082 
517 0 13 11 0.021389509 
532 208 14 20 0.021255665 
236 92 15 20 0.02123397 
1008 112 11 16 0.021170663 
132 168 16 20 0.021154823 
443 140 16 19 0.02114813 
517 435 16 20 0.021118116 
1004 188 14 16 0.021101857 
844 100 13 18 0.021077963 
888 221 17 24 0.021056695 
195 74 15 19 0.021025704 
791 254 14 19 0.020944754 
237 176 19 23 0.02092008 
957 178 16 21 0.020864286 
222 154 21 23 0.020756742 
178 129 21 25 0.020744251 
835 194 20 24 0.020690057 
621 29 16 18 0.020670526 
926 184 15 22 0.020626742 
81 282 25 30 0.020543383 
776 214 17 23 0.020494921 
244 340 33 50 0.020493388 
142 0 16 17 0.02041121 
612 339 14 18 0.020391038 
255 255 17 22 0.020356365 
559 -10 25 24 0.02034164 
220 363 49 63 0.020319793 
730 27 19 21 0.020253055 
292 133 20 25 0.020239176 
340 236 16 20 0.020237297 
0 208 13 20 0.020235136 
631 170 16 19 0.020174978 
584 253 26 30 0.020166801 
572 342 27 35 0.020166429 
810 253 48 54 0.020121276 
915 154 17 21 0.020069716 
830 5 14 17 0.020061174 
950 137 15 22 0.020005506 
