36_Football_americanfootball_ball_36_38
38
369 18 64 77 0.9958813 
720 74 58 75 0.9908364 
523 57 53 59 0.9795393 
921 114 24 33 0.6808411 
961 101 21 28 0.39489892 
532 315 43 59 0.1719439 
749 98 52 63 0.15792005 
877 138 29 36 0.12671307 
153 108 26 30 0.12339257 
442 10 17 20 0.1063127 
929 108 20 25 0.09945625 
530 280 54 66 0.08794469 
435 4 26 35 0.071065895 
585 197 52 60 0.06749694 
327 14 22 32 0.05886796 
906 116 27 36 0.056680858 
385 252 56 43 0.051980834 
561 198 44 57 0.043516032 
775 107 33 47 0.040156588 
541 197 41 59 0.039106287 
463 287 43 49 0.03178794 
151 157 12 15 0.03157211 
696 55 58 76 0.03090613 
532 235 52 71 0.03014008 
146 89 41 50 0.029942734 
102 542 34 35 0.028538372 
961 91 19 22 0.0273331 
215 145 21 29 0.024742246 
594 221 52 62 0.024324566 
605 191 61 64 0.02395045 
194 174 39 50 0.02394111 
515 222 18 24 0.023839423 
431 8 42 51 0.023761228 
622 61 41 56 0.023723694 
941 105 27 33 0.022447279 
514 212 28 39 0.021358874 
554 230 49 68 0.021349603 
505 319 54 60 0.021190546 
