36_Football_Football_36_23
48
382 94 56 67 0.99955696 
736 54 56 73 0.9994123 
227 54 55 75 0.99916136 
600 46 61 82 0.9908228 
547 117 28 35 0.788017 
71 0 23 25 0.42783546 
140 5 20 24 0.40720984 
565 25 18 22 0.3310417 
180 25 19 22 0.29880294 
369 12 19 23 0.29505992 
228 -1 52 56 0.263719 
83 33 18 23 0.24042508 
361 13 29 38 0.17953742 
303 -1 27 25 0.17708266 
27 55 25 32 0.15784694 
801 13 19 23 0.12212375 
224 27 54 70 0.1024533 
494 34 17 22 0.07888163 
73 8 27 32 0.06815662 
640 5 30 36 0.05981939 
963 120 25 28 0.05269625 
14 114 34 40 0.051390518 
424 522 33 41 0.050408743 
349 20 36 48 0.04339674 
850 74 26 31 0.041555572 
10 0 29 29 0.040108174 
58 -2 29 31 0.038910918 
428 443 29 37 0.033736877 
954 101 41 48 0.030886421 
615 16 61 85 0.030249566 
554 74 17 21 0.029048666 
148 7 25 33 0.028413028 
195 42 43 62 0.027581496 
446 35 23 31 0.026494108 
207 1 49 55 0.025276316 
169 8 28 36 0.02459393 
485 3 17 20 0.024310617 
541 82 42 58 0.024137583 
934 114 27 33 0.024134245 
660 0 29 35 0.022393038 
413 2 27 33 0.021645818 
172 13 42 54 0.021279972 
819 77 23 29 0.02108605 
996 209 18 23 0.021063978 
556 54 11 14 0.020741787 
63 13 42 49 0.020690454 
552 36 72 102 0.020374272 
135 2 17 22 0.020311812 
