36_Football_americanfootball_ball_36_279
34
539 304 115 128 0.79907465 
80 92 121 174 0.18272789 
496 304 64 85 0.15721367 
-1 569 83 134 0.12125958 
601 308 102 128 0.11396552 
732 711 109 105 0.111298494 
369 670 188 179 0.0783208 
531 499 377 462 0.07557036 
446 174 67 84 0.07498616 
909 -2 41 29 0.07261055 
483 609 70 82 0.06545152 
372 152 48 71 0.06376075 
498 290 109 124 0.05803065 
126 102 71 99 0.054579124 
714 413 76 81 0.043300766 
339 132 92 124 0.036332868 
394 149 47 70 0.035545085 
677 606 203 247 0.035164375 
381 721 199 279 0.034045607 
727 460 39 53 0.03328489 
133 330 57 78 0.03183572 
417 141 84 106 0.02898008 
352 692 81 77 0.028577128 
458 262 112 132 0.02728865 
584 294 169 198 0.027213795 
394 874 131 168 0.025961602 
353 892 35 37 0.023462035 
246 66 193 245 0.022633145 
926 878 65 67 0.021659471 
574 347 39 39 0.021530759 
753 687 69 89 0.021483313 
327 637 167 175 0.020605335 
781 514 108 116 0.020541538 
488 343 59 71 0.02009667 
