36_Football_americanfootball_ball_36_6
191
938 153 14 17 0.9915324 
406 156 16 20 0.9865176 
610 251 16 21 0.9809651 
613 161 13 17 0.9703884 
652 160 14 19 0.96800184 
355 169 13 17 0.9623462 
300 173 14 17 0.96046907 
353 270 14 19 0.9581798 
596 216 13 17 0.95766675 
565 124 14 17 0.94058645 
251 171 14 16 0.9254633 
398 194 14 17 0.9183559 
377 217 14 18 0.91245675 
443 196 22 27 0.89061177 
492 168 15 20 0.8386195 
573 271 15 17 0.8266124 
24 152 15 18 0.7818799 
646 230 13 16 0.78088975 
969 259 13 16 0.75126207 
479 242 37 40 0.7216701 
548 221 12 15 0.53596836 
801 119 40 57 0.5296753 
994 154 13 17 0.526032 
166 155 30 32 0.39178318 
988 222 12 16 0.3860317 
121 101 41 54 0.3738206 
451 174 11 15 0.35083884 
318 202 11 15 0.2655453 
576 198 12 16 0.25733566 
764 135 45 55 0.22871722 
250 271 15 18 0.21850525 
1014 211 9 14 0.21618709 
643 279 28 33 0.21599919 
19 188 23 28 0.17465174 
949 245 11 15 0.15166433 
287 205 10 12 0.14549334 
295 224 10 12 0.14457043 
418 312 50 61 0.13653639 
544 226 16 18 0.12745252 
990 264 9 12 0.12301807 
493 194 15 18 0.12248488 
3 317 27 29 0.12224534 
157 161 30 41 0.109739006 
1001 251 9 13 0.10621172 
957 211 12 17 0.10459516 
637 321 22 31 0.1028709 
962 203 14 18 0.09484997 
267 231 10 14 0.0919044 
647 289 16 19 0.0866364 
974 221 11 14 0.0794694 
300 244 15 18 0.07635211 
824 126 35 43 0.072725885 
602 300 17 18 0.07231722 
344 212 11 14 0.0672436 
544 215 13 16 0.06667304 
558 294 15 18 0.06302547 
546 250 13 18 0.062365763 
957 219 11 14 0.059981026 
637 257 41 48 0.058295637 
0 206 9 16 0.05469473 
777 191 56 60 0.05447239 
721 184 29 38 0.05397626 
366 201 15 20 0.053660568 
926 212 10 14 0.053507105 
324 137 12 15 0.051258225 
507 268 13 17 0.049746167 
759 169 59 66 0.048857994 
790 126 31 49 0.04821735 
574 236 11 16 0.047548424 
73 192 30 34 0.04702462 
591 164 12 17 0.046629477 
983 261 10 13 0.0453577 
746 150 51 54 0.0452945 
14 192 16 19 0.045020416 
985 244 10 14 0.044945907 
959 326 11 15 0.044849355 
714 173 28 37 0.044679977 
996 143 12 15 0.04316013 
507 202 13 17 0.043080106 
534 192 13 17 0.042816468 
229 167 11 13 0.041984387 
911 231 24 27 0.040807642 
50 284 36 42 0.040606458 
499 200 16 18 0.040463094 
840 132 26 34 0.040343467 
562 249 15 16 0.039727464 
44 189 13 17 0.03952595 
448 169 10 12 0.038859077 
989 251 10 13 0.038691297 
709 173 52 61 0.03808937 
142 170 44 60 0.03753322 
498 173 16 21 0.03746163 
677 180 10 13 0.0365336 
956 244 12 16 0.03643752 
23 198 28 31 0.0360241 
321 139 10 13 0.035876274 
260 309 12 15 0.035876077 
868 154 25 29 0.03529857 
679 175 10 13 0.0349507 
0 237 10 16 0.034918424 
317 150 10 12 0.034897666 
4 191 23 31 0.034196842 
995 191 14 18 0.034018543 
19 320 14 17 0.033308316 
723 137 13 15 0.033294316 
554 219 12 15 0.033018984 
70 165 45 53 0.03279827 
1006 258 12 15 0.032520566 
1 367 10 16 0.032447632 
415 188 12 15 0.031785853 
959 199 13 16 0.030992825 
599 276 12 14 0.030874157 
613 343 14 17 0.03073031 
938 293 10 13 0.030586524 
0 238 21 31 0.029850286 
27 318 12 14 0.029676821 
304 178 13 16 0.029610302 
1013 259 12 16 0.029184204 
76 200 17 22 0.029173419 
409 285 46 55 0.028855596 
713 171 18 21 0.028831402 
6 195 12 16 0.028335681 
490 254 32 39 0.027857296 
628 323 15 20 0.027846038 
566 219 11 14 0.02781879 
995 167 13 17 0.02761872 
144 200 35 51 0.027269622 
982 215 13 18 0.02716767 
675 189 87 102 0.026947454 
353 463 11 13 0.026879406 
272 213 10 13 0.026653558 
919 211 13 16 0.026089977 
966 217 13 16 0.025756933 
658 289 16 19 0.025395798 
548 257 13 19 0.025291357 
565 152 16 19 0.02488086 
545 215 21 25 0.024732105 
558 119 12 14 0.024635639 
420 193 13 16 0.024327395 
771 137 20 25 0.02426048 
410 218 14 18 0.02418874 
597 269 12 16 0.024112621 
2 203 14 18 0.023873752 
983 253 10 13 0.023741378 
723 157 46 57 0.023566201 
247 230 10 14 0.02333765 
673 183 11 12 0.023291089 
143 126 43 58 0.023187473 
973 212 11 16 0.023092858 
279 175 11 13 0.02309103 
899 229 26 31 0.023079261 
883 153 15 20 0.023075994 
549 267 13 20 0.022917762 
624 143 10 13 0.022677965 
505 169 14 20 0.022664674 
877 219 14 18 0.022590613 
893 153 14 20 0.022416286 
325 158 12 15 0.022399906 
710 204 28 39 0.022284491 
542 163 14 17 0.02216849 
35 186 16 20 0.022141147 
997 261 11 14 0.022079142 
268 153 13 16 0.02193554 
984 237 11 14 0.021830695 
284 180 11 14 0.021651555 
548 228 23 27 0.021640223 
296 168 11 14 0.021511959 
542 238 21 26 0.021268763 
443 187 18 21 0.021266798 
136 123 31 39 0.0212659 
626 309 13 14 0.0212645 
110 103 32 38 0.021262866 
529 196 22 30 0.021137418 
855 127 41 56 0.02109774 
355 315 24 32 0.021011034 
79 188 12 16 0.020883707 
611 318 38 46 0.02069718 
350 325 11 13 0.02069433 
873 210 27 32 0.020678341 
925 275 10 14 0.020438364 
893 243 26 34 0.020364556 
345 317 8 12 0.020317683 
318 162 12 15 0.020242328 
955 324 22 28 0.020240918 
596 260 13 17 0.020183314 
297 251 20 27 0.020172568 
591 265 13 16 0.020143954 
754 114 80 97 0.020120513 
391 189 14 19 0.020117497 
313 150 9 12 0.020102758 
299 227 11 12 0.020057952 
