46_Jockey_Jockey_46_569
83
871 129 41 49 0.99433124 
275 155 43 54 0.99145424 
383 131 14 16 0.9046179 
316 129 13 18 0.89598495 
411 136 13 17 0.87353224 
698 12 40 55 0.869472 
189 132 12 16 0.8206806 
150 98 36 62 0.76476157 
444 124 30 36 0.6999245 
366 135 11 14 0.68878275 
226 138 13 17 0.6607401 
320 211 19 21 0.5799929 
460 123 28 31 0.25091767 
655 24 11 14 0.20893463 
532 27 10 14 0.1562262 
682 25 12 15 0.14996307 
781 37 8 10 0.13181636 
509 7 9 11 0.10768696 
525 72 38 46 0.105749965 
472 124 20 22 0.08618078 
846 183 10 14 0.08322905 
125 108 52 59 0.081307754 
809 43 9 12 0.076303065 
360 136 12 17 0.076055475 
216 137 11 16 0.075362414 
399 178 15 19 0.07398045 
448 142 28 35 0.06559604 
519 10 11 15 0.057535224 
525 11 9 13 0.05124492 
460 5 9 11 0.050278235 
700 167 11 14 0.048864156 
523 139 51 61 0.04702541 
529 22 11 15 0.046447694 
777 52 10 13 0.044055555 
760 65 8 11 0.04373621 
778 34 8 11 0.04119933 
459 139 33 40 0.041103527 
654 21 19 26 0.040838275 
602 12 8 10 0.040687222 
162 106 42 61 0.038828436 
813 41 8 11 0.0378157 
372 132 12 17 0.037682816 
353 158 9 13 0.035450768 
780 46 11 15 0.03482559 
393 179 25 32 0.03459448 
214 132 22 27 0.033464108 
808 54 10 14 0.03329111 
786 208 24 28 0.033178348 
88 135 55 70 0.032323133 
398 140 12 16 0.031976964 
372 117 11 14 0.031766936 
765 68 9 12 0.031604286 
678 21 20 27 0.03083919 
702 138 14 18 0.030835856 
516 6 22 28 0.030803336 
711 135 29 33 0.030602388 
774 111 10 13 0.029477095 
393 216 9 12 0.02879464 
822 189 11 14 0.02832216 
717 146 33 40 0.02787402 
649 22 12 15 0.026880905 
389 148 12 15 0.026534231 
849 178 13 18 0.025585832 
844 174 21 29 0.025324756 
710 156 12 16 0.025205284 
246 211 16 18 0.025003325 
412 211 12 17 0.02463151 
524 22 20 25 0.024619773 
386 136 13 16 0.024521587 
671 59 15 20 0.024414843 
71 111 11 14 0.023331579 
515 75 26 40 0.023247123 
136 94 34 49 0.023019208 
708 144 17 20 0.02294497 
504 9 10 14 0.02275644 
605 10 9 11 0.02247891 
532 33 12 15 0.021142913 
512 155 45 57 0.021055577 
43 230 114 149 0.02079422 
409 142 12 17 0.02078015 
255 167 26 41 0.020656656 
819 181 23 30 0.02037806 
198 215 9 10 0.020112589 
