46_Jockey_Jockey_46_779
73
539 120 52 65 0.99386555 
933 117 38 48 0.94519997 
657 293 38 57 0.56132174 
634 301 48 60 0.35303497 
989 119 27 34 0.33924884 
895 48 29 31 0.25641918 
625 313 35 45 0.25041488 
1003 198 22 35 0.17957641 
930 212 14 20 0.17456165 
116 329 19 22 0.14957695 
957 66 16 23 0.11326512 
483 439 9 12 0.111309655 
457 361 15 21 0.10662387 
493 288 16 19 0.10225204 
503 433 9 10 0.08709735 
526 432 9 10 0.08087353 
322 350 7 10 0.0806153 
922 11 14 19 0.080199264 
412 266 11 14 0.0712762 
995 117 17 23 0.068866655 
792 211 23 29 0.06868815 
496 356 12 14 0.066401236 
892 45 17 20 0.06367365 
501 437 8 10 0.060817055 
510 431 8 10 0.05330425 
490 297 15 19 0.052145734 
5 378 30 37 0.051268756 
497 282 18 21 0.051191714 
582 276 11 14 0.04953563 
980 131 31 37 0.047968775 
923 4 23 33 0.04712664 
626 331 48 52 0.045134995 
342 294 33 36 0.0427572 
949 124 31 43 0.041810088 
455 354 25 34 0.040609013 
1004 115 14 21 0.037301492 
497 438 9 12 0.036350865 
829 252 14 18 0.034354713 
930 206 25 32 0.03308644 
952 73 12 18 0.03270825 
366 333 44 51 0.03237878 
634 353 43 42 0.03180311 
513 440 8 10 0.031802427 
845 141 16 23 0.0317709 
888 43 13 19 0.03170867 
902 44 20 21 0.030802725 
886 49 47 55 0.030182106 
518 422 9 12 0.030125516 
981 101 42 57 0.029086933 
521 430 8 10 0.02885949 
500 406 11 15 0.028643414 
485 301 14 16 0.028395683 
977 25 24 35 0.026968647 
-56 182 428 516 0.026784291 
691 52 138 220 0.025967577 
628 322 17 24 0.025410252 
911 6 22 27 0.02507992 
682 105 15 21 0.02489533 
506 282 11 15 0.024847677 
519 415 8 11 0.024126783 
524 462 10 13 0.023737798 
407 268 12 16 0.023387706 
511 446 10 11 0.023013897 
598 319 15 17 0.022653583 
947 60 37 50 0.02215701 
988 135 19 23 0.022133786 
355 303 20 21 0.022082407 
190 318 18 22 0.021793138 
482 286 26 28 0.021707175 
209 284 27 30 0.02162886 
897 37 20 22 0.021375569 
629 305 15 22 0.020580923 
400 276 12 17 0.020124387 
