46_Jockey_Jockey_46_409
25
427 109 78 103 0.985069 
728 206 207 291 0.38733065 
192 367 94 136 0.381638 
401 360 49 42 0.26899257 
600 245 352 485 0.20453706 
820 254 122 213 0.15535462 
752 210 136 113 0.06469201 
751 234 85 68 0.059320435 
853 237 88 128 0.05517263 
366 442 44 59 0.044374943 
637 323 151 235 0.04308343 
139 280 157 231 0.03730449 
343 495 86 121 0.034089364 
348 427 81 111 0.033636484 
308 532 49 63 0.03292097 
327 541 36 42 0.027905153 
370 508 52 74 0.02778185 
504 487 27 28 0.02661337 
882 214 60 99 0.02658316 
-15 170 354 502 0.024267038 
240 387 110 122 0.023038305 
47 227 216 325 0.02250661 
192 419 61 96 0.0212004 
432 639 10 13 0.020534627 
558 654 8 11 0.020093203 
