46_Jockey_Jockey_46_444
31
409 169 34 41 0.9994941 
315 149 34 41 0.99943393 
616 139 33 43 0.9994024 
712 146 36 48 0.9992473 
219 139 32 38 0.9991817 
522 154 35 41 0.9991442 
218 336 34 43 0.99866533 
98 350 37 45 0.9969574 
484 333 39 49 0.9959137 
341 330 43 55 0.9953607 
814 131 35 48 0.99306136 
858 343 41 52 0.98988277 
666 362 38 47 0.989565 
866 170 17 19 0.10945765 
997 90 12 15 0.06963334 
723 498 45 40 0.066929676 
789 494 45 32 0.065747365 
160 445 32 30 0.058291376 
155 454 31 33 0.043854304 
144 479 41 40 0.043669775 
451 189 16 18 0.03597307 
302 511 42 31 0.032730374 
601 394 28 31 0.032520197 
1005 91 10 14 0.032054894 
447 193 15 19 0.029581262 
532 354 16 22 0.029183723 
144 201 7 9 0.026462002 
966 94 10 12 0.022566546 
422 397 36 47 0.022387102 
168 432 27 33 0.021319987 
299 165 15 21 0.02077372 
