46_Jockey_Jockey_46_130
30
561 95 58 73 0.9797816 
888 286 26 32 0.762115 
534 76 70 84 0.29563063 
166 230 405 444 0.08380124 
841 96 78 114 0.068703495 
25 400 124 210 0.06638061 
518 560 123 153 0.058141556 
276 336 18 19 0.056860514 
587 19 12 14 0.05377095 
227 360 119 155 0.0507141 
306 185 95 102 0.050123826 
443 183 44 67 0.04321245 
32 356 100 151 0.037107807 
636 661 12 14 0.033424877 
831 285 14 18 0.03336296 
929 726 9 10 0.029849844 
329 222 35 37 0.027401717 
951 729 10 11 0.026902296 
933 725 9 11 0.026553717 
228 187 239 299 0.025527406 
350 363 44 54 0.025319165 
272 338 27 33 0.024132 
966 21 11 13 0.023665639 
832 725 11 13 0.022992104 
498 207 29 43 0.022848092 
540 292 14 15 0.021883858 
297 277 217 286 0.021690303 
371 406 47 54 0.021250645 
272 350 36 41 0.02100213 
966 726 10 11 0.02067111 
