46_Jockey_Jockey_46_923
28
641 498 58 81 0.92878944 
229 556 30 51 0.2974056 
526 1047 10 13 0.09904213 
464 163 31 37 0.08667793 
543 1047 10 13 0.08595844 
520 1048 10 13 0.07187534 
548 1058 23 31 0.06779208 
448 180 16 21 0.056221735 
246 326 22 32 0.049008716 
416 1057 32 32 0.04334882 
467 164 19 23 0.04208543 
412 1059 460 497 0.03510031 
698 310 34 36 0.035079975 
615 462 100 116 0.03425759 
535 1046 10 13 0.033477195 
521 252 95 111 0.033116456 
513 1048 9 12 0.031712256 
449 1063 10 13 0.029793102 
744 522 30 38 0.029097958 
458 176 31 36 0.025752112 
466 165 49 55 0.02572997 
436 199 16 18 0.024871573 
692 525 10 14 0.023853341 
467 1220 73 57 0.022998909 
687 497 61 70 0.022344714 
481 1045 8 12 0.021207852 
453 1067 13 16 0.020818397 
460 1070 15 19 0.020526864 
