41_Swimming_Swimmer_41_843
30
776 63 86 119 0.9992982 
257 371 14 16 0.2727031 
462 206 12 15 0.23459895 
613 273 23 32 0.13785632 
454 256 23 27 0.078894526 
184 367 9 13 0.07874269 
457 252 17 20 0.07821004 
508 259 13 14 0.054048914 
526 417 227 233 0.052474782 
627 491 33 28 0.049291883 
611 483 58 45 0.03477168 
236 379 39 51 0.034664042 
498 304 31 32 0.029581763 
945 650 74 115 0.02946919 
245 393 14 18 0.029223751 
187 371 11 12 0.029030198 
37 431 11 14 0.02886107 
249 372 22 27 0.02797989 
330 383 10 12 0.02748219 
551 338 11 12 0.027016923 
562 254 9 12 0.026843283 
501 274 15 18 0.026842823 
642 492 15 16 0.026532656 
246 402 14 19 0.026514582 
507 264 16 18 0.025743805 
505 317 27 29 0.025376908 
517 260 11 14 0.023043178 
602 254 40 55 0.022663565 
517 279 14 18 0.021518478 
618 200 16 18 0.02032984 
