41_Swimming_Swimming_41_730
20
200 102 172 236 0.57692313 
355 116 225 285 0.28609627 
259 105 213 250 0.15271647 
449 207 58 69 0.08255826 
16 142 119 164 0.06428943 
149 -5 52 53 0.059476085 
13 28 111 141 0.049017884 
31 192 130 184 0.047050826 
746 634 19 24 0.037693996 
23 66 164 199 0.031758394 
433 196 94 111 0.029458134 
489 353 377 504 0.02890383 
35 10 52 75 0.028106783 
793 299 90 130 0.027814204 
557 150 67 85 0.026903512 
744 249 55 78 0.025665825 
811 339 52 73 0.02344655 
819 609 16 19 0.023005167 
636 779 42 44 0.020429714 
723 572 55 69 0.0202896 
