41_Swimming_Swimmer_41_1001
58
207 371 17 25 0.85006654 
54 421 17 23 0.3515747 
139 378 12 15 0.28632313 
79 369 15 17 0.19247343 
0 433 18 23 0.1783099 
4 369 14 18 0.12917803 
238 390 11 13 0.11212865 
148 368 12 16 0.10048689 
215 473 36 43 0.07896874 
606 343 24 33 0.072214946 
37 393 15 18 0.060192797 
190 389 30 35 0.055612516 
0 363 12 17 0.051981494 
389 346 10 13 0.04563384 
229 409 17 20 0.04550003 
124 375 10 12 0.04322123 
198 376 16 20 0.042489123 
14 381 9 13 0.04107201 
192 373 12 17 0.0388639 
291 405 12 15 0.038591858 
176 366 10 13 0.037550587 
65 360 15 18 0.034496754 
167 373 10 13 0.03399654 
138 394 14 16 0.033989917 
548 235 11 12 0.033388615 
192 356 12 14 0.033355776 
148 393 13 15 0.033302724 
0 358 10 14 0.032912865 
309 415 13 16 0.03261805 
158 372 9 12 0.031786457 
34 353 13 16 0.031631894 
240 358 11 14 0.031393114 
144 366 11 13 0.031218886 
180 364 12 15 0.03057134 
3 395 13 18 0.030197257 
203 380 25 35 0.029532654 
361 478 15 17 0.028704718 
544 206 10 11 0.02869112 
122 389 12 16 0.02864337 
116 366 10 12 0.027803073 
136 368 8 10 0.027347388 
3 389 13 15 0.026774013 
173 371 14 17 0.026609937 
84 420 15 17 0.02605866 
919 30 21 23 0.025004901 
172 378 14 17 0.024264768 
156 366 10 14 0.023774754 
174 352 9 11 0.02315599 
160 412 11 16 0.022763675 
940 56 43 65 0.022631371 
167 388 11 13 0.022547232 
22 382 11 13 0.022168893 
790 328 262 197 0.022082519 
558 202 14 16 0.021373112 
491 285 16 18 0.021109836 
811 449 14 18 0.020750364 
166 367 10 13 0.02035578 
532 214 10 12 0.0203296 
