41_Swimming_Swimming_41_243
66
93 109 146 124 0.998825 
903 243 61 72 0.9977679 
115 735 58 63 0.9972639 
744 236 54 66 0.990355 
506 785 38 51 0.9415977 
472 761 33 43 0.9409568 
251 643 23 28 0.8724082 
423 753 32 41 0.8258596 
758 900 64 66 0.722208 
546 808 40 55 0.63431007 
627 875 49 62 0.54073274 
459 892 58 62 0.5056459 
63 671 24 30 0.47878143 
256 605 21 26 0.41836733 
482 755 30 36 0.35655406 
236 597 22 28 0.31166178 
738 900 40 57 0.2774996 
197 576 15 20 0.26042122 
423 910 35 52 0.24444607 
680 869 27 31 0.16214786 
433 896 57 65 0.1305518 
74 671 23 30 0.11739776 
440 748 32 41 0.098771274 
755 92 24 30 0.08235482 
239 627 40 50 0.079843335 
496 754 20 25 0.079727255 
541 795 29 39 0.07968142 
55 665 24 31 0.07094233 
521 805 49 58 0.06541661 
236 587 37 47 0.06311859 
530 783 31 40 0.058253743 
240 643 13 17 0.05090624 
452 760 32 42 0.04226512 
232 598 14 18 0.038189355 
639 857 19 21 0.037092954 
751 494 28 33 0.034401413 
670 885 32 39 0.032651935 
577 820 34 39 0.032261606 
246 646 18 23 0.03071691 
984 226 33 41 0.03029996 
714 495 25 27 0.029356262 
575 804 35 37 0.027980603 
263 612 18 23 0.027775355 
455 916 57 64 0.026818907 
300 541 23 27 0.026237033 
516 770 25 32 0.026223576 
253 615 28 34 0.025726652 
92 679 13 20 0.025703203 
243 636 15 19 0.025183551 
751 893 93 118 0.024914563 
528 795 71 91 0.024835108 
231 654 24 29 0.024743209 
566 825 35 45 0.024561739 
60 662 16 20 0.024443254 
433 765 34 41 0.024333417 
553 801 20 23 0.02375743 
449 746 19 25 0.022962272 
601 861 56 69 0.021696588 
236 590 16 20 0.021696297 
505 752 17 23 0.021600727 
98 729 49 62 0.021266509 
712 730 35 45 0.021234937 
769 96 16 22 0.021229938 
258 598 17 21 0.020949848 
758 957 38 43 0.020764692 
770 250 37 46 0.020394756 
