41_Swimming_Swimmer_41_711
68
295 217 226 277 0.9999293 
117 601 25 30 0.19234525 
98 591 23 28 0.13442482 
805 311 12 16 0.10862385 
763 453 17 21 0.1043125 
788 321 15 19 0.09994692 
517 670 94 115 0.093837306 
244 1075 412 472 0.08313609 
820 326 16 19 0.081844784 
859 302 16 19 0.059144042 
835 347 47 59 0.05772025 
769 307 13 15 0.053631485 
785 524 211 300 0.05068181 
309 811 29 40 0.049368024 
107 594 27 33 0.048690747 
325 858 407 362 0.0469286 
280 847 30 34 0.04642924 
543 1359 9 11 0.046331644 
661 415 13 16 0.04512514 
0 628 10 16 0.039759472 
1006 973 18 39 0.038673237 
0 201 14 24 0.03797669 
642 235 179 241 0.03408302 
205 94 418 390 0.03400923 
765 312 15 17 0.03387624 
1 1056 15 23 0.03378661 
21 772 14 17 0.03352074 
674 -30 189 199 0.03339947 
534 1366 10 12 0.031584393 
769 340 13 17 0.0309942 
0 1111 30 40 0.030734118 
61 1455 20 31 0.030697256 
8 679 11 14 0.029150352 
33 193 24 30 0.02912779 
281 847 49 66 0.028613139 
888 941 47 59 0.028238961 
345 1231 115 120 0.027408237 
702 418 13 15 0.026547458 
866 298 17 20 0.026536977 
550 1363 12 12 0.026077593 
293 800 53 71 0.026049757 
302 896 29 39 0.02577509 
558 1363 12 13 0.025642993 
801 308 11 15 0.025587235 
962 63 10 12 0.025253998 
828 305 14 17 0.025179157 
1000 822 10 13 0.025021937 
303 50 15 17 0.024281597 
552 1350 11 10 0.023741826 
385 66 16 20 0.023705887 
680 1519 7 10 0.023151547 
62 1173 55 66 0.022796549 
4 1048 23 36 0.022691518 
26 776 14 16 0.02197147 
785 318 13 16 0.021658424 
124 651 14 18 0.021604294 
793 314 20 25 0.021365628 
29 149 251 252 0.021333408 
88 585 39 46 0.021246312 
1015 852 9 14 0.021180669 
22 1044 31 41 0.021051545 
209 881 357 482 0.020886784 
69 731 13 15 0.020676961 
105 598 41 51 0.020633893 
875 299 14 18 0.020399228 
664 319 387 482 0.020082595 
718 1302 11 14 0.020028457 
304 542 443 417 0.020001665 
