41_Swimming_Swimmer_41_471
124
469 105 114 163 0.99990153 
98 702 19 21 0.37253472 
764 250 11 15 0.20145927 
787 254 13 14 0.17102544 
74 721 15 17 0.14720984 
224 759 11 14 0.13251679 
195 723 24 32 0.12385236 
946 684 14 17 0.08172841 
793 270 27 30 0.08039175 
178 707 25 31 0.0668604 
276 748 20 26 0.063139975 
171 692 12 14 0.062107816 
66 722 29 33 0.061360803 
29 568 9 11 0.056990698 
64 718 12 14 0.056371987 
730 738 64 54 0.0554703 
1001 301 21 27 0.053723697 
783 391 199 239 0.051607925 
761 316 10 13 0.049777053 
204 726 14 18 0.048969734 
774 244 10 13 0.048317164 
31 572 9 11 0.047788482 
752 262 10 12 0.046112243 
964 689 18 20 0.045427836 
144 697 11 13 0.044643454 
35 725 12 14 0.04460482 
24 567 9 12 0.044434 
787 260 44 48 0.042666893 
953 685 26 28 0.042372722 
120 718 11 13 0.041446205 
1 565 10 15 0.039756916 
816 257 14 16 0.039432205 
796 235 15 15 0.037835278 
182 713 30 37 0.037797414 
186 712 14 17 0.037675545 
821 229 14 16 0.037543427 
712 270 10 12 0.037324887 
36 719 11 13 0.036774363 
784 258 11 13 0.036657143 
750 239 9 10 0.03613531 
739 276 10 12 0.03600493 
804 235 14 15 0.035987347 
814 229 12 15 0.035456903 
797 281 15 17 0.035421107 
196 777 11 14 0.035237424 
75 729 15 18 0.03422784 
797 270 15 17 0.034166995 
796 252 13 14 0.033747725 
744 435 21 30 0.03303529 
94 679 14 19 0.032913428 
68 728 42 49 0.032652766 
772 260 11 14 0.032633703 
776 269 9 13 0.03208834 
805 262 11 13 0.03202089 
769 350 11 14 0.03186634 
-49 43 395 407 0.031646315 
377 255 7 9 0.03117895 
780 270 10 12 0.030984126 
720 319 330 409 0.030377481 
748 340 14 17 0.03021602 
64 714 23 28 0.030075775 
942 680 25 28 0.029584706 
277 741 14 18 0.029553214 
47 725 8 12 0.028466536 
799 262 12 13 0.028215507 
759 310 11 14 0.02780993 
56 560 8 10 0.02744882 
775 277 9 12 0.027394932 
736 301 11 14 0.02711434 
728 269 11 13 0.02659022 
1004 319 18 22 0.026240516 
813 267 15 19 0.02591529 
43 858 417 486 0.025688257 
1 689 16 23 0.025624424 
698 270 12 13 0.025436137 
720 319 9 11 0.0249431 
108 542 7 10 0.024504187 
788 326 12 13 0.024337774 
749 242 11 13 0.024050038 
934 708 34 36 0.023586234 
15 572 10 12 0.0233333 
789 246 24 26 0.023315193 
224 752 10 13 0.023194278 
993 309 25 32 0.023053195 
32 729 13 16 0.022997567 
57 719 10 13 0.022962123 
222 754 18 23 0.02288113 
18 698 17 19 0.02284179 
271 751 15 20 0.02272374 
253 762 17 18 0.02258656 
943 694 30 32 0.022507112 
258 757 13 16 0.022446048 
759 301 11 14 0.022402558 
1013 588 9 15 0.022258528 
155 709 12 16 0.022135738 
238 774 10 14 0.022085367 
280 785 11 13 0.02207439 
169 689 10 12 0.022071322 
937 685 13 14 0.021884382 
870 781 56 65 0.021700993 
958 322 54 67 0.021654716 
681 269 10 13 0.021595124 
728 264 9 11 0.021566307 
771 411 134 161 0.02152278 
450 369 75 68 0.021489099 
945 692 46 51 0.021464169 
759 247 19 24 0.021424262 
78 712 10 12 0.021298662 
81 722 14 17 0.021050109 
745 239 9 10 0.021037912 
705 722 117 93 0.020987693 
6 691 22 27 0.02097548 
783 233 9 10 0.02094188 
100 691 18 21 0.020880364 
771 251 11 14 0.020819921 
47 567 9 11 0.02069899 
341 560 353 430 0.020646675 
807 230 21 24 0.020449998 
112 572 8 11 0.020432448 
90 550 7 8 0.020390477 
197 716 13 15 0.020323133 
208 730 14 19 0.020248776 
80 566 7 9 0.020186815 
967 697 18 20 0.020032099 
