41_Swimming_Swimmer_41_380
100
566 106 10 14 0.88388324 
465 226 18 20 0.85785836 
605 109 11 13 0.74825776 
592 201 15 18 0.58425564 
441 275 16 18 0.46145532 
460 264 14 18 0.29926708 
556 212 11 16 0.19350801 
584 175 12 15 0.16721219 
399 293 13 16 0.11816059 
601 114 11 14 0.11214275 
499 220 11 15 0.09029184 
527 295 14 15 0.08550392 
562 139 21 27 0.081215225 
416 261 10 12 0.07941318 
584 134 9 12 0.07898654 
623 143 10 13 0.0763371 
491 259 13 15 0.07610518 
574 129 11 15 0.07604605 
482 300 26 28 0.07498306 
572 107 9 13 0.07398255 
398 282 22 26 0.0710562 
505 192 8 11 0.06827831 
569 204 12 14 0.06793592 
403 273 16 20 0.06767871 
506 272 13 16 0.065873384 
908 187 33 38 0.058722936 
590 134 9 13 0.058399912 
510 134 9 11 0.05505069 
550 133 9 13 0.053125724 
561 117 9 11 0.051604986 
835 183 31 32 0.051309437 
567 129 12 17 0.050710164 
575 228 39 54 0.04872983 
503 195 12 17 0.04716817 
598 180 11 14 0.04654241 
561 248 29 37 0.043049645 
326 517 9 11 0.042903822 
409 290 16 20 0.042538386 
588 188 15 18 0.04181702 
601 258 12 17 0.041554797 
559 126 11 15 0.040599745 
467 266 13 17 0.040456746 
850 181 29 34 0.037525985 
422 470 12 16 0.035446562 
412 445 15 19 0.035205014 
599 487 25 35 0.034995474 
836 192 18 21 0.034578923 
597 187 13 17 0.033264264 
467 237 18 20 0.03323347 
906 150 13 14 0.033040505 
567 218 11 15 0.031931363 
471 302 26 28 0.031764306 
392 299 10 14 0.031749386 
518 315 52 55 0.031253483 
471 231 16 19 0.030655015 
571 198 12 15 0.030483572 
484 254 15 18 0.030300327 
494 207 20 30 0.030184757 
653 173 10 14 0.030053958 
417 308 11 13 0.030040061 
889 211 29 33 0.02996108 
602 105 18 22 0.029958822 
482 553 14 17 0.029699704 
438 303 12 15 0.029341226 
564 265 14 18 0.027434511 
867 184 24 36 0.027349323 
393 292 11 17 0.027084889 
478 293 13 13 0.026796214 
512 227 9 14 0.02468631 
384 381 10 13 0.0246399 
605 123 12 15 0.02452854 
597 132 9 13 0.024317808 
821 158 9 12 0.024057467 
570 150 14 18 0.024013424 
729 135 10 12 0.023793248 
412 266 13 18 0.02373357 
582 117 9 12 0.02364556 
815 156 11 15 0.023457699 
927 454 64 80 0.022929963 
875 412 13 14 0.022885788 
822 165 8 11 0.022701174 
550 140 9 13 0.022580022 
490 313 14 16 0.022578944 
461 299 25 27 0.02215389 
691 66 14 16 0.022090882 
460 253 16 19 0.022064537 
560 145 12 17 0.021753708 
886 182 33 40 0.021647908 
745 107 10 13 0.021453584 
525 291 23 24 0.02135944 
478 253 12 14 0.021329075 
494 352 14 18 0.021048447 
899 223 15 17 0.020965587 
510 220 11 15 0.020780195 
667 279 14 16 0.020715695 
877 201 11 16 0.020574935 
383 376 10 12 0.020513747 
491 295 17 19 0.020375708 
509 253 9 12 0.02035555 
599 151 10 14 0.020202259 
