41_Swimming_Swimming_41_822
52
300 698 30 39 0.9884432 
198 739 27 31 0.7689281 
642 437 14 18 0.711532 
720 449 14 19 0.3810941 
584 460 12 13 0.17908859 
875 565 16 19 0.08252879 
465 331 89 141 0.07329278 
531 387 12 16 0.07082686 
881 743 21 27 0.06703496 
730 526 12 15 0.06676486 
652 484 11 13 0.06594638 
646 603 8 11 0.049639408 
648 478 12 15 0.04293591 
597 602 14 17 0.041979358 
730 452 13 16 0.041361365 
649 440 14 17 0.03738 
689 439 10 12 0.036489148 
669 458 11 14 0.036242284 
724 455 15 19 0.03569022 
694 439 11 13 0.03527591 
598 598 10 12 0.033494685 
619 612 15 16 0.033011977 
757 459 13 16 0.033003945 
783 439 13 14 0.032223653 
611 596 17 20 0.03063879 
730 518 10 13 0.030013774 
726 468 14 15 0.029680206 
679 486 11 13 0.029618826 
740 461 13 17 0.028899312 
585 475 11 15 0.028226951 
757 562 12 15 0.028006988 
753 420 10 11 0.027869718 
606 602 14 17 0.027585387 
583 467 14 16 0.02734918 
710 438 11 13 0.026694689 
630 444 12 14 0.025560938 
671 477 9 12 0.024649214 
731 459 15 18 0.024486396 
663 454 13 16 0.024258677 
607 588 13 17 0.024254391 
306 694 17 21 0.023982551 
718 437 11 14 0.023583455 
725 475 13 15 0.02330602 
748 441 23 26 0.023041401 
617 472 9 11 0.022530308 
687 504 10 12 0.02246647 
596 609 15 16 0.022438891 
613 608 25 25 0.02190045 
708 485 11 13 0.021875624 
741 451 14 16 0.021822592 
776 438 12 13 0.021096453 
720 476 12 15 0.020027064 
