41_Swimming_Swimmer_41_755
39
878 288 22 27 0.402362 
879 196 19 22 0.24036977 
897 319 45 58 0.21528606 
875 275 24 27 0.17126077 
990 259 20 30 0.1626432 
340 380 136 149 0.13446581 
871 260 24 30 0.10093766 
871 257 16 20 0.093047865 
574 363 52 67 0.055689584 
866 227 16 18 0.052107442 
874 280 45 63 0.049011216 
919 226 13 18 0.04696224 
783 244 19 29 0.04683042 
512 205 11 14 0.038684845 
560 348 87 116 0.03728967 
389 315 204 251 0.03711178 
872 283 15 18 0.03509914 
853 362 31 40 0.034867335 
880 258 15 17 0.034483183 
799 333 24 30 0.028105436 
905 334 20 25 0.028095093 
219 327 368 466 0.027966764 
902 414 11 14 0.027921015 
557 348 52 70 0.026448738 
885 288 53 70 0.02449975 
990 628 14 21 0.024107303 
882 292 29 36 0.02316701 
554 438 71 69 0.022647526 
887 282 16 20 0.02254466 
574 403 44 39 0.022350382 
865 242 26 30 0.022285322 
879 192 12 15 0.022273887 
868 297 26 34 0.02210423 
990 256 14 18 0.021928377 
471 249 44 48 0.021280447 
981 263 16 23 0.0211442 
914 324 16 20 0.020419404 
862 234 16 20 0.020149548 
904 529 26 35 0.020037865 
