30_Surgeons_Surgeons_30_122
23
277 302 37 46 0.9187788 
526 295 34 36 0.7969154 
255 265 28 45 0.72231466 
129 311 40 53 0.44867876 
850 433 36 34 0.24985316 
741 280 33 34 0.100149006 
218 271 33 41 0.078546524 
105 326 43 48 0.06969722 
729 268 23 33 0.055806108 
502 348 33 38 0.053706158 
812 410 42 52 0.045768443 
304 340 45 70 0.03673583 
231 269 40 47 0.035370003 
967 425 57 66 0.032559328 
832 418 47 44 0.029748034 
860 544 34 38 0.028250007 
266 268 15 22 0.027695356 
149 311 35 55 0.024578951 
196 350 48 58 0.024320932 
926 370 46 56 0.023993252 
270 291 73 102 0.02168116 
849 451 37 37 0.020955946 
264 274 41 58 0.020805014 
