30_Surgeons_Surgeons_30_256
21
321 440 142 154 0.9918351 
430 45 121 116 0.9878776 
658 470 143 140 0.87121964 
688 194 146 128 0.38866487 
343 292 133 134 0.2724526 
266 259 188 138 0.11475247 
666 126 208 236 0.09494001 
328 265 197 254 0.06661216 
255 238 131 99 0.056988623 
785 119 58 58 0.04288717 
766 107 92 108 0.039947923 
506 204 73 71 0.03882563 
595 99 433 427 0.02936612 
722 206 27 36 0.027535236 
387 80 385 412 0.026089603 
697 226 86 70 0.02579447 
19 36 175 182 0.02572479 
681 491 87 84 0.022116268 
387 319 82 85 0.020887882 
467 384 66 73 0.020783307 
31 10 114 121 0.020254737 
