30_Surgeons_Surgeons_30_552
25
212 260 29 41 0.96138465 
386 226 28 33 0.9197795 
395 220 28 34 0.052161906 
412 353 15 18 0.04660455 
86 451 13 17 0.046398353 
249 311 10 13 0.039631676 
725 277 11 14 0.039204724 
204 259 17 25 0.0374657 
511 506 32 38 0.03454416 
203 272 49 58 0.0334106 
197 260 29 38 0.0323198 
410 229 17 23 0.029361924 
306 393 197 229 0.029008562 
221 372 203 241 0.029005907 
398 356 13 19 0.0289818 
401 348 24 28 0.028952383 
407 214 13 15 0.028778777 
976 577 47 78 0.02797823 
235 327 18 21 0.024286466 
247 315 14 17 0.023140721 
365 378 13 16 0.022971526 
324 7 15 18 0.021790005 
404 218 17 23 0.021274384 
528 72 212 320 0.020783333 
223 322 31 34 0.020391697 
