30_Surgeons_Surgeons_30_107
33
683 311 204 216 0.9997894 
524 813 116 93 0.90350866 
287 69 24 30 0.19391535 
721 949 182 242 0.1768153 
292 388 151 181 0.1641689 
509 590 12 13 0.13490638 
535 921 117 120 0.13317157 
430 603 15 18 0.080674686 
-45 813 341 442 0.07968787 
795 348 148 166 0.07455778 
501 776 177 173 0.073044375 
171 191 97 133 0.063411444 
211 380 122 158 0.049642254 
438 600 12 14 0.037368674 
368 118 9 10 0.033290815 
458 632 16 20 0.03316519 
192 224 217 302 0.03232473 
417 29 126 117 0.030580232 
443 601 13 18 0.029102772 
507 589 19 24 0.028420163 
153 591 344 461 0.028077746 
183 135 11 14 0.027767973 
276 694 43 52 0.02773011 
379 77 11 14 0.027193086 
156 63 10 12 0.025251636 
697 385 32 35 0.024297783 
70 925 170 245 0.023533547 
620 335 207 257 0.023204034 
69 709 320 487 0.022524448 
560 583 9 11 0.022317959 
524 847 137 144 0.020852257 
498 832 75 74 0.020522114 
99 350 25 35 0.020140836 
