30_Surgeons_Surgeons_30_533
20
496 260 49 57 0.99684757 
822 33 26 34 0.1863385 
564 246 9 13 0.11432953 
833 207 18 21 0.077075444 
559 269 11 14 0.065206826 
852 202 24 30 0.058075044 
835 257 18 22 0.050869726 
687 9 53 71 0.045690008 
931 210 15 18 0.043106973 
707 4 32 45 0.04041369 
838 201 23 29 0.033166315 
898 185 18 21 0.02953464 
917 221 27 36 0.028571004 
859 267 13 17 0.02626617 
925 207 24 31 0.025919802 
697 162 15 18 0.0245909 
180 386 15 18 0.024492636 
552 268 12 16 0.022898799 
818 430 25 28 0.02277596 
925 221 13 16 0.021054726 
