47_Matador_Bullfighter_matadorbullfighting_47_779
38
783 254 39 50 0.9844313 
803 117 35 48 0.98070896 
784 388 37 48 0.972725 
976 731 15 19 0.17718975 
47 306 21 32 0.13736372 
987 150 15 19 0.13114645 
941 146 11 17 0.11018111 
1012 287 11 18 0.054423828 
925 546 11 16 0.04773016 
0 49 13 23 0.039163623 
942 583 10 13 0.039039895 
981 489 12 15 0.037884746 
885 677 10 12 0.036264665 
954 142 21 26 0.03607897 
1007 148 13 19 0.034620162 
945 141 19 27 0.03408842 
949 153 13 18 0.03258826 
412 662 25 34 0.031497154 
978 744 14 18 0.030830355 
995 148 14 19 0.030361684 
0 316 39 66 0.029824106 
116 562 26 37 0.029781451 
981 669 11 14 0.029601276 
913 133 17 20 0.029172795 
974 148 12 15 0.027594462 
135 537 28 32 0.02543815 
2 405 23 35 0.025210166 
405 671 25 32 0.024064256 
981 533 24 35 0.023514993 
987 712 14 17 0.02323478 
962 145 16 20 0.022615053 
54 380 13 19 0.022595298 
982 547 11 16 0.021790307 
1013 143 10 15 0.021421092 
949 162 14 18 0.021404393 
976 547 11 15 0.02113026 
931 547 12 18 0.02071679 
967 740 13 17 0.020472236 
