47_Matador_Bullfighter_matadorbullfighting_47_354
20
920 425 18 22 0.082209066 
649 339 26 36 0.06864987 
283 288 47 41 0.0653807 
664 389 50 83 0.04474501 
19 287 360 475 0.040686645 
269 262 73 60 0.035737198 
792 384 58 99 0.03551737 
152 224 392 410 0.034467194 
241 257 68 62 0.033222657 
484 291 381 474 0.032395482 
624 369 26 29 0.032171525 
280 358 245 233 0.025060931 
245 281 118 103 0.024599906 
665 323 84 126 0.024282582 
909 447 10 12 0.024135582 
772 494 37 40 0.023791898 
898 419 17 23 0.021521868 
672 329 51 79 0.02135224 
292 245 431 471 0.021246264 
646 378 88 133 0.021236766 
