47_Matador_Bullfighter_matadorbullfighting_47_777
17
585 79 218 272 0.9999261 
232 550 94 133 0.082856864 
498 176 19 22 0.082300864 
58 -7 374 474 0.053239897 
791 408 248 252 0.04041003 
808 115 100 154 0.03611756 
905 485 128 169 0.034338288 
471 117 94 120 0.03400304 
790 97 199 252 0.031624515 
756 318 398 412 0.031599537 
21 360 175 220 0.028736442 
472 185 29 32 0.025283676 
518 152 31 41 0.024038333 
270 529 102 134 0.023597602 
427 281 106 135 0.021561489 
355 484 50 65 0.020576106 
-2 467 89 156 0.020009067 
