47_Matador_Bullfighter_Matador_Bullfighter_47_567
30
419 99 185 243 0.99947256 
304 557 9 12 0.1908282 
721 533 10 12 0.12519522 
837 406 14 17 0.10080631 
269 407 38 51 0.07528193 
749 532 10 13 0.058324058 
293 469 13 15 0.044149335 
62 352 243 296 0.041525748 
772 416 13 17 0.04039381 
347 567 12 14 0.035992716 
304 591 8 10 0.035041187 
672 550 10 13 0.033759676 
278 541 13 15 0.0335209 
716 563 12 14 0.030931333 
739 493 15 20 0.029537527 
59 1089 15 19 0.028266884 
867 405 15 16 0.027555063 
460 1243 36 42 0.024811983 
375 527 10 13 0.024719326 
768 412 12 16 0.02466102 
389 1029 187 290 0.024592547 
699 506 11 14 0.023283647 
646 719 10 13 0.023078652 
722 497 15 20 0.021781385 
773 530 13 17 0.021336548 
693 469 13 16 0.021263065 
731 490 19 27 0.020647975 
275 458 14 19 0.02055263 
748 504 12 15 0.020548893 
777 446 15 18 0.020316357 
