47_Matador_Bullfighter_matadorbullfighting_47_491
84
746 190 19 24 0.92445815 
317 197 13 16 0.92116994 
347 196 11 14 0.5792887 
894 139 10 13 0.5089193 
949 64 10 12 0.36839813 
4 153 12 17 0.29850608 
869 139 11 14 0.265929 
285 238 12 15 0.26583478 
342 239 9 12 0.26057148 
467 217 45 43 0.20263189 
100 193 14 17 0.18919133 
86 134 12 15 0.18239668 
187 157 12 15 0.16774024 
198 202 12 15 0.16283092 
804 216 15 19 0.13290505 
918 138 11 15 0.08557131 
217 203 13 17 0.08074612 
35 191 13 16 0.07914965 
822 211 12 15 0.06793023 
752 188 25 28 0.06354688 
918 131 13 15 0.060869742 
280 235 20 24 0.060649276 
125 190 9 12 0.05879115 
983 197 13 16 0.055972666 
912 139 11 15 0.055782765 
361 185 12 15 0.055740528 
444 255 30 31 0.051661674 
342 191 18 23 0.05120706 
404 192 15 18 0.05035141 
910 116 25 30 0.047573976 
716 115 12 13 0.04493011 
770 184 26 28 0.04396299 
876 140 10 13 0.043517448 
310 222 10 13 0.04312125 
230 187 11 14 0.040793944 
56 192 9 12 0.03877677 
199 195 21 27 0.03813205 
458 215 35 34 0.03667304 
205 198 11 14 0.036636107 
328 185 22 26 0.036079347 
246 186 13 16 0.033760495 
896 145 10 13 0.031111905 
740 253 28 29 0.031057553 
866 135 19 24 0.030945495 
135 206 8 10 0.03094171 
229 202 12 15 0.030736318 
363 168 13 15 0.030196952 
119 204 9 12 0.029866952 
459 202 413 495 0.02911466 
303 204 10 15 0.028855123 
823 186 10 12 0.028459575 
333 195 13 17 0.02811076 
197 191 12 14 0.028047673 
899 135 10 13 0.028019259 
363 138 26 32 0.028013024 
496 109 10 13 0.027294269 
889 134 11 16 0.025836619 
119 216 9 11 0.025374945 
45 190 10 13 0.02488794 
958 83 11 14 0.02363338 
28 188 22 27 0.023579612 
211 194 23 29 0.023223126 
890 134 19 24 0.023196487 
84 188 11 13 0.023120238 
118 194 12 14 0.023038574 
813 198 9 12 0.022680167 
807 184 9 11 0.022664841 
932 191 13 16 0.022535792 
49 228 10 11 0.021934915 
932 158 10 11 0.021623634 
197 182 39 45 0.021363324 
887 148 8 11 0.021352306 
500 165 11 13 0.021124467 
786 188 14 16 0.021105973 
913 132 11 15 0.021016007 
332 183 12 15 0.020834412 
106 195 12 14 0.020717792 
815 184 8 11 0.020372387 
82 137 12 16 0.020323174 
96 203 10 12 0.020301841 
912 123 13 16 0.020275407 
61 196 9 11 0.020232324 
691 197 26 31 0.020139325 
217 186 23 28 0.020009471 
