47_Matador_Bullfighter_Matador_Bullfighter_47_703
18
472 113 132 172 0.9998667 
202 93 37 54 0.5580791 
284 331 101 138 0.4843902 
133 109 56 96 0.29065207 
20 323 65 79 0.059591122 
842 197 106 135 0.041558858 
346 371 56 103 0.03985885 
176 105 48 65 0.038271673 
927 197 32 40 0.03817709 
367 30 41 58 0.034478337 
805 36 194 293 0.031076107 
918 201 51 57 0.029728802 
752 122 57 69 0.02870555 
7 37 32 39 0.024513429 
578 0 31 30 0.022551067 
400 356 214 213 0.022343384 
0 -2 25 28 0.021514358 
250 390 138 109 0.021290371 
