47_Matador_Bullfighter_matadorbullfighting_47_72
20
636 7 23 29 0.99564785 
508 11 28 33 0.97545063 
750 5 23 29 0.9716975 
687 -1 24 28 0.9617063 
572 9 24 29 0.8618345 
914 6 26 30 0.81323653 
327 59 55 63 0.79632336 
227 2 25 26 0.7235507 
974 13 21 26 0.61153334 
832 421 82 131 0.43998504 
783 414 103 143 0.12885562 
998 20 16 19 0.10068328 
311 125 498 469 0.041176304 
975 8 13 16 0.035593487 
915 19 19 24 0.03335424 
325 82 34 39 0.0321317 
565 23 25 31 0.026188904 
706 29 17 21 0.02518843 
372 317 40 35 0.022642603 
850 373 113 170 0.020767067 
