47_Matador_Bullfighter_matadorbullfighting_47_236
235
388 276 93 107 0.9987801 
67 196 17 21 0.9633439 
35 191 16 22 0.90585005 
828 126 25 28 0.89032656 
750 48 14 19 0.863668 
155 140 16 19 0.8499003 
112 195 17 21 0.83598983 
388 188 25 31 0.8267991 
717 108 19 22 0.81713593 
124 180 15 17 0.7544172 
351 195 20 26 0.75182235 
160 179 16 19 0.6906632 
387 138 17 21 0.6358898 
681 42 13 18 0.61961234 
265 206 19 23 0.61245114 
87 108 15 20 0.5991754 
603 191 17 20 0.5720485 
591 126 19 22 0.49586055 
795 117 15 19 0.49516466 
54 210 15 19 0.47375527 
993 97 18 22 0.47229162 
436 128 16 19 0.42502064 
365 178 21 28 0.42457476 
94 185 13 16 0.40925375 
417 122 15 20 0.40681827 
414 974 244 298 0.38284472 
945 48 15 19 0.35232192 
548 204 15 20 0.34791455 
160 175 12 14 0.34394926 
279 119 18 21 0.34246793 
357 189 21 26 0.29848793 
729 184 15 18 0.23997416 
225 256 9 12 0.21290597 
777 100 14 17 0.20997031 
854 156 13 17 0.2011095 
232 204 17 19 0.20084962 
156 257 11 15 0.17534655 
638 171 11 15 0.15031311 
638 185 12 16 0.14855497 
101 212 12 16 0.13850993 
85 148 10 12 0.13076109 
517 109 23 27 0.12515627 
645 169 13 16 0.12453173 
376 181 22 29 0.11708627 
80 147 10 13 0.10848814 
384 144 15 20 0.10704797 
97 157 10 13 0.10627049 
414 192 15 19 0.09524097 
121 175 13 14 0.092114925 
59 170 13 15 0.08953469 
795 127 16 19 0.08837141 
296 806 399 462 0.0861328 
929 86 10 13 0.08452441 
216 207 11 13 0.083954416 
129 185 13 16 0.081984065 
713 209 12 15 0.081508584 
706 178 13 16 0.08114119 
118 159 9 12 0.08018393 
424 122 20 25 0.07788966 
839 129 18 20 0.07267126 
263 182 40 47 0.071898445 
991 79 27 33 0.06808717 
238 118 12 16 0.06549092 
186 238 8 10 0.062075697 
164 203 14 18 0.06123283 
621 178 15 19 0.05826701 
443 126 12 17 0.055232286 
72 142 10 14 0.05522747 
342 198 16 22 0.052837778 
597 177 38 46 0.051990543 
876 92 40 53 0.05164766 
963 82 12 16 0.050843555 
419 189 12 16 0.05064605 
102 150 10 12 0.049716014 
437 150 12 16 0.048268247 
70 171 12 15 0.047833983 
322 200 17 20 0.047123034 
454 185 23 28 0.047110736 
815 165 13 17 0.04679129 
62 201 16 20 0.046657104 
400 193 17 22 0.046428256 
289 198 24 30 0.046388455 
682 69 12 16 0.046208292 
455 162 13 17 0.046153933 
384 132 16 20 0.046124533 
181 184 9 12 0.04574804 
152 188 10 14 0.045047995 
610 175 22 28 0.04490688 
112 156 11 14 0.044366933 
64 149 9 11 0.04421906 
629 194 12 14 0.042643413 
153 133 13 17 0.042272553 
283 179 27 29 0.04200725 
89 185 12 16 0.04160454 
414 138 15 19 0.041525025 
628 171 14 19 0.04128775 
95 150 10 12 0.0411056 
392 143 16 20 0.040585 
125 157 11 14 0.039695133 
109 148 11 14 0.039111644 
436 160 16 21 0.039084975 
113 163 11 13 0.039038327 
120 194 16 19 0.038650118 
155 186 23 26 0.037816655 
458 181 16 19 0.036897507 
824 130 16 19 0.03681575 
583 123 14 20 0.036481712 
562 141 15 19 0.03630885 
0 189 8 13 0.03570895 
515 118 17 23 0.03547795 
153 119 8 10 0.03532714 
542 105 14 19 0.035313 
86 157 10 14 0.034693085 
444 147 13 16 0.034638174 
740 90 17 19 0.034244083 
227 182 22 25 0.033799812 
230 191 22 26 0.03377151 
386 204 18 24 0.033509865 
307 108 15 17 0.033248365 
162 131 14 18 0.03315503 
582 138 23 28 0.032745972 
173 187 11 15 0.03255137 
748 210 13 14 0.032418534 
753 90 15 18 0.032206584 
157 128 14 17 0.032040134 
80 157 10 13 0.031845286 
143 133 10 12 0.031624842 
381 186 43 49 0.031255692 
775 123 13 16 0.031201044 
529 119 17 21 0.03118266 
682 188 13 17 0.031087248 
87 165 9 11 0.031040536 
326 169 13 17 0.030765494 
94 163 11 13 0.030734614 
4 265 12 15 0.030296246 
219 211 11 13 0.030162117 
612 186 25 28 0.030116964 
191 129 11 15 0.029717647 
108 141 12 15 0.029635686 
76 171 12 15 0.02931992 
487 284 12 16 0.029257664 
701 173 20 25 0.029247895 
190 110 9 12 0.029216226 
639 175 19 25 0.029174253 
608 497 27 32 0.029165544 
974 42 12 15 0.029124755 
438 132 21 26 0.029093923 
652 216 13 16 0.02903743 
980 94 25 33 0.028843889 
94 175 13 15 0.028742483 
724 205 15 17 0.028631782 
484 160 12 15 0.028467627 
702 203 10 15 0.02837954 
65 143 9 12 0.028218463 
580 148 15 18 0.028066475 
903 140 24 28 0.02800636 
751 205 10 12 0.02789778 
995 85 17 19 0.027739482 
152 126 10 13 0.027601557 
698 180 10 14 0.027392035 
223 126 12 14 0.027391762 
667 492 27 34 0.027250843 
372 216 15 18 0.027215334 
905 146 14 16 0.026946153 
779 128 13 16 0.026769375 
601 130 14 19 0.026476854 
119 150 10 13 0.026452087 
670 506 14 17 0.026389083 
433 882 379 472 0.026295798 
375 146 14 19 0.026273489 
764 162 13 17 0.026065394 
631 477 26 32 0.025966255 
635 167 19 24 0.02595055 
480 162 12 15 0.02577059 
725 194 15 17 0.025599126 
683 183 11 14 0.024988096 
152 251 19 24 0.024906317 
347 174 21 29 0.024859177 
802 92 14 16 0.024847066 
216 133 12 14 0.024299556 
781 117 21 26 0.02411359 
731 209 13 15 0.02409964 
226 130 15 18 0.024012025 
522 299 10 13 0.023991304 
77 178 12 16 0.02395635 
825 119 39 48 0.023461161 
290 123 13 17 0.02333717 
110 172 11 13 0.02329484 
670 481 24 28 0.023171138 
392 133 15 18 0.023112562 
124 163 14 15 0.023032296 
251 180 15 19 0.022874478 
434 144 21 28 0.022833658 
1000 99 17 23 0.02282706 
956 78 21 26 0.022620803 
381 209 14 19 0.022394013 
268 73 14 17 0.022294998 
143 139 12 15 0.022109745 
171 201 14 19 0.022072554 
718 76 12 14 0.022044085 
773 200 9 12 0.02201573 
228 122 14 17 0.021932118 
106 201 21 24 0.021712262 
358 363 53 72 0.021605426 
616 164 24 30 0.021575278 
654 99 12 15 0.021538794 
938 124 29 33 0.021518685 
143 187 11 15 0.02147852 
0 195 9 15 0.021444494 
741 182 12 15 0.02142512 
589 182 24 29 0.021393334 
453 162 22 27 0.021337667 
356 201 22 28 0.02131259 
157 168 12 14 0.021256512 
943 76 43 49 0.021222353 
171 570 17 17 0.021173356 
587 185 15 19 0.021112539 
599 246 14 18 0.021062827 
483 197 14 19 0.02105903 
625 181 20 26 0.02101137 
173 131 11 15 0.021001024 
158 119 9 11 0.02093271 
341 171 14 18 0.02092887 
349 171 13 19 0.020794787 
1006 131 16 20 0.02075279 
99 207 20 26 0.020741556 
192 161 12 16 0.020717902 
489 75 12 14 0.020716393 
957 46 11 15 0.020625098 
682 174 8 11 0.02058015 
655 482 15 19 0.02045911 
214 173 12 15 0.020262916 
616 489 28 32 0.02007266 
128 595 36 43 0.020065967 
139 147 14 16 0.020058906 
