47_Matador_Bullfighter_matadorbullfighting_47_300
97
817 339 32 32 0.99783045 
225 545 34 31 0.9924549 
839 98 27 32 0.9863468 
12 156 24 34 0.9821499 
927 359 30 39 0.97726554 
10 0 23 26 0.77283525 
93 476 31 37 0.69545704 
531 349 33 37 0.26573902 
173 -1 76 69 0.2628765 
442 117 139 120 0.24162021 
37 264 22 26 0.20198411 
125 546 34 27 0.18177082 
858 556 18 19 0.17574796 
827 16 27 32 0.1600461 
50 305 19 29 0.15089415 
996 298 25 35 0.14572641 
75 248 15 22 0.1387626 
122 303 19 22 0.11824555 
302 178 32 49 0.11465031 
900 436 13 17 0.10875138 
549 402 10 13 0.095048465 
615 389 31 40 0.093128785 
380 336 35 39 0.08075143 
233 1 54 45 0.06998959 
174 537 22 27 0.06703851 
60 345 17 23 0.066229194 
35 167 18 21 0.06612102 
144 555 17 19 0.06473106 
832 3 30 29 0.062209655 
638 49 62 59 0.059556983 
262 158 57 63 0.05789384 
943 357 31 36 0.056269076 
21 162 26 33 0.053866398 
41 315 22 28 0.05269273 
394 55 199 227 0.051361788 
123 175 45 70 0.047462355 
949 385 27 31 0.046053287 
18 392 15 21 0.045838505 
471 139 89 69 0.043939315 
128 299 17 19 0.043316074 
491 288 36 43 0.04176514 
890 71 24 32 0.036243953 
45 373 16 19 0.036239095 
576 448 39 40 0.035693813 
24 2 15 18 0.035570603 
234 187 48 58 0.03472993 
819 9 15 18 0.034257345 
628 41 93 99 0.034252405 
885 9 17 21 0.03368877 
942 373 28 31 0.03269323 
5 137 27 39 0.031334355 
376 202 52 63 0.031150665 
249 5 21 25 0.030450234 
134 535 47 44 0.029806541 
3 100 24 34 0.02948178 
10 104 16 20 0.029348737 
4 145 39 54 0.029331468 
123 130 53 61 0.02910433 
846 90 20 26 0.028571721 
903 19 57 62 0.028047133 
134 143 30 36 0.027608009 
165 161 54 73 0.027558232 
136 121 94 108 0.027556736 
334 374 25 40 0.02674248 
615 350 44 53 0.026114931 
17 148 19 26 0.026074316 
211 -21 351 424 0.025888486 
307 332 89 105 0.025838604 
587 0 44 48 0.02541788 
805 7 32 33 0.025251022 
28 318 25 27 0.025249287 
926 367 17 23 0.024752691 
178 532 17 20 0.024060393 
552 440 52 60 0.023850773 
173 135 59 69 0.023189962 
790 13 34 35 0.022876343 
363 185 51 64 0.022747563 
889 424 23 30 0.022686822 
250 176 54 63 0.022604283 
962 387 16 22 0.022498997 
1007 305 15 22 0.022388492 
892 7 56 52 0.02226714 
45 353 26 31 0.02226144 
899 433 23 28 0.021812811 
44 327 16 21 0.02170257 
47 271 17 21 0.021448638 
287 183 52 67 0.02144409 
888 11 32 30 0.021272765 
666 61 37 44 0.021203492 
822 103 16 20 0.021118034 
644 70 40 43 0.021096596 
8 204 27 41 0.020629836 
73 476 27 33 0.020618264 
71 490 45 42 0.020584015 
104 464 28 43 0.020538827 
44 258 22 27 0.020392183 
341 381 12 18 0.02023201 
