47_Matador_Bullfighter_Matador_Bullfighter_47_195
20
762 97 56 72 0.9996749 
566 114 59 84 0.9990994 
286 9 50 53 0.99890697 
898 235 64 96 0.9982406 
700 100 51 76 0.99529064 
742 99 50 73 0.15280958 
717 134 39 59 0.09982944 
197 61 369 439 0.0676757 
721 101 32 49 0.054467134 
699 331 58 62 0.052980844 
722 362 14 18 0.051216025 
553 194 379 518 0.050028868 
727 113 47 70 0.047517434 
223 55 35 38 0.040282253 
352 101 31 34 0.033606537 
564 689 15 18 0.025504824 
662 370 11 13 0.023908764 
662 312 103 109 0.022322709 
712 358 29 32 0.021249017 
740 102 26 42 0.020374093 
