47_Matador_Bullfighter_matadorbullfighting_47_572
18
233 28 26 29 0.98997796 
890 97 23 31 0.9781697 
195 190 45 51 0.95513994 
77 2 31 37 0.91441876 
649 105 22 28 0.19478063 
97 62 33 54 0.101283565 
75 43 24 32 0.056492727 
414 43 241 246 0.04212725 
355 512 83 64 0.04171675 
349 575 38 50 0.037688676 
57 37 24 33 0.03625488 
174 182 33 46 0.03239483 
338 82 13 17 0.02585486 
208 53 24 31 0.02514076 
56 32 42 56 0.021396028 
330 535 55 51 0.021278335 
304 292 11 14 0.020230884 
177 301 12 13 0.0200151 
