47_Matador_Bullfighter_matadorbullfighting_47_443
135
821 205 14 17 0.59879667 
973 195 13 20 0.5550717 
859 166 13 16 0.52168757 
350 198 13 17 0.50239986 
315 204 12 16 0.40629193 
902 203 14 18 0.30132526 
583 202 12 15 0.28840643 
460 327 26 30 0.24829094 
827 208 14 17 0.2142047 
195 251 18 23 0.19250454 
779 228 18 22 0.1874873 
836 205 11 14 0.17834455 
832 265 14 17 0.14746344 
670 265 14 17 0.13381602 
422 219 14 17 0.12701368 
828 259 23 29 0.12668397 
952 258 13 16 0.12317335 
538 254 25 32 0.1093546 
491 296 18 22 0.10076632 
538 252 17 22 0.09824646 
765 222 10 13 0.08954761 
816 204 12 17 0.08237836 
806 202 11 14 0.08087299 
74 179 27 30 0.07673855 
190 249 28 38 0.073663235 
780 207 10 12 0.073392585 
896 211 13 16 0.07102214 
687 261 11 14 0.0705418 
863 198 11 12 0.06711144 
313 199 11 16 0.06549192 
797 202 13 15 0.06532692 
507 247 19 23 0.06302192 
905 198 13 16 0.06107513 
563 310 10 14 0.06091628 
468 250 14 16 0.06019632 
510 338 24 31 0.05924296 
462 260 13 16 0.058501393 
371 214 12 15 0.05841239 
408 190 10 12 0.057840344 
579 226 15 17 0.05675907 
359 221 12 16 0.054966856 
385 228 12 15 0.05420633 
757 226 12 15 0.054194942 
792 204 12 14 0.05312257 
555 313 15 19 0.052468378 
749 225 12 16 0.05235317 
931 253 11 14 0.052111477 
428 174 11 11 0.051825356 
766 227 12 17 0.048466265 
21 309 434 328 0.047873702 
294 204 10 14 0.047532447 
872 252 13 19 0.044412084 
581 206 15 19 0.04323033 
495 286 13 17 0.04320303 
790 223 11 14 0.043100454 
427 215 13 16 0.042636402 
614 214 14 17 0.041080453 
313 209 10 14 0.040780496 
423 187 12 14 0.04023614 
781 224 13 17 0.039406903 
757 259 13 18 0.039313193 
388 224 11 13 0.039121017 
408 196 11 14 0.038447432 
345 197 11 15 0.03770883 
765 224 21 26 0.03749374 
820 242 39 49 0.03715662 
373 194 12 14 0.03671578 
294 211 9 11 0.036422223 
545 306 25 31 0.035355166 
516 243 23 30 0.034496173 
775 211 11 14 0.034239482 
412 188 11 14 0.034174502 
500 273 13 16 0.033927184 
844 206 10 13 0.03306704 
473 243 16 19 0.033030502 
392 308 12 15 0.032601397 
794 195 21 24 0.032109138 
390 244 15 19 0.03184125 
862 202 14 16 0.03162794 
674 257 20 27 0.031075029 
572 225 25 29 0.031040305 
467 256 15 18 0.030940067 
476 256 14 17 0.030472528 
774 222 13 16 0.030176675 
552 259 19 22 0.03016748 
884 214 12 14 0.02975463 
451 221 13 17 0.029100174 
881 220 11 13 0.028360723 
567 228 12 15 0.028199326 
427 181 14 17 0.02803354 
52 198 15 18 0.02780301 
933 199 10 13 0.027630161 
536 267 29 34 0.027319837 
421 196 10 13 0.027241189 
750 253 14 18 0.027227052 
918 203 12 15 0.027160052 
574 232 15 18 0.027128737 
532 243 16 23 0.026702864 
499 241 19 24 0.02644605 
926 197 11 14 0.026161036 
501 236 15 18 0.026159957 
861 210 16 18 0.026079671 
358 190 10 13 0.02586561 
943 242 11 14 0.02583385 
595 312 15 17 0.025563465 
494 290 25 34 0.025449095 
565 174 10 12 0.025269954 
935 203 11 13 0.024968777 
814 199 10 14 0.024444595 
454 237 11 14 0.024266448 
766 213 12 15 0.024185978 
437 283 14 17 0.023673492 
663 264 14 17 0.023563206 
745 222 21 25 0.023502039 
483 243 14 18 0.023434311 
892 181 12 15 0.023406187 
343 191 9 12 0.023166237 
575 212 11 15 0.02306127 
190 165 16 19 0.022874415 
787 237 14 19 0.022819877 
805 209 12 16 0.022527399 
757 232 15 19 0.022465048 
321 203 13 16 0.022284087 
324 243 13 16 0.021183666 
304 213 9 11 0.020995796 
862 232 13 17 0.020947821 
478 291 27 30 0.02086845 
357 212 12 16 0.020812983 
179 235 51 67 0.020479614 
706 353 15 19 0.020441335 
90 161 42 54 0.020334909 
797 235 12 15 0.020202653 
589 315 15 17 0.020167507 
990 182 14 17 0.02008803 
592 224 23 28 0.020059183 
