47_Matador_Bullfighter_Matador_Bullfighter_47_715
46
408 468 88 84 0.9958501 
668 418 44 62 0.17967826 
637 524 39 51 0.064993426 
740 1519 14 14 0.052767143 
652 377 38 35 0.052480794 
846 1524 10 10 0.04074727 
783 1520 12 14 0.040336248 
645 425 51 66 0.038807496 
5 730 22 31 0.03774392 
180 1240 10 11 0.037656642 
1013 1411 9 13 0.033303294 
775 1469 9 10 0.029977728 
970 1277 9 11 0.029130016 
886 1484 9 12 0.028670982 
863 1471 9 10 0.028517256 
764 1511 9 11 0.02810227 
549 819 13 18 0.027121693 
768 1495 9 10 0.026758593 
190 1231 10 11 0.02599647 
917 1445 9 10 0.025967257 
11 524 78 133 0.02488399 
833 1509 9 12 0.024824811 
798 1472 9 10 0.024733124 
798 1453 9 10 0.024252696 
21 614 50 72 0.024131607 
783 1358 12 13 0.023348426 
880 1479 9 10 0.023257734 
845 1242 13 15 0.0231655 
870 1470 9 11 0.022962779 
761 1495 8 10 0.02280662 
807 1271 11 12 0.022691889 
872 1464 8 9 0.022622073 
892 1277 13 15 0.022576498 
992 1343 8 11 0.022472844 
766 1480 8 9 0.022337716 
625 539 31 44 0.022263018 
796 931 55 66 0.021696297 
800 1511 8 10 0.021693299 
808 1478 9 10 0.021610593 
767 1207 10 11 0.021438502 
772 1494 10 11 0.02110013 
784 1511 9 10 0.020618182 
950 1283 12 14 0.020428613 
833 1469 8 10 0.02033173 
838 1470 8 9 0.020235784 
808 1495 8 10 0.020116964 
