47_Matador_Bullfighter_Matador_Bullfighter_47_761
75
74 33 30 37 0.9983494 
348 42 26 31 0.98716265 
183 39 30 35 0.97042567 
885 116 27 32 0.96520805 
472 29 29 38 0.9647825 
196 122 29 35 0.91175014 
593 47 27 32 0.8919931 
278 548 30 40 0.8893284 
41 119 27 36 0.88680613 
561 14 25 29 0.85044074 
237 28 32 40 0.8264825 
349 115 34 42 0.7098894 
699 44 30 34 0.6394687 
703 126 30 31 0.5458594 
278 550 55 59 0.39658955 
659 368 34 58 0.34942487 
475 135 30 37 0.20346734 
720 500 40 52 0.1609906 
635 352 52 71 0.0913866 
260 543 95 90 0.07679292 
617 338 54 74 0.0634111 
-86 294 424 456 0.059073325 
251 0 31 32 0.054684773 
239 6 36 43 0.052966896 
492 468 46 56 0.051542997 
746 -8 103 112 0.051412527 
869 109 47 49 0.04790165 
465 132 28 35 0.047633816 
392 133 28 31 0.047408305 
576 41 45 49 0.04074877 
828 145 26 30 0.040013954 
758 24 192 218 0.03776424 
432 512 52 48 0.035398647 
569 411 127 141 0.03374955 
279 299 372 459 0.032697264 
503 478 30 33 0.031878952 
489 138 30 35 0.03140474 
894 152 22 27 0.02944984 
459 493 27 26 0.02890613 
506 361 217 284 0.028623069 
470 116 48 51 0.028404905 
593 103 26 27 0.028338788 
181 135 32 39 0.02736094 
671 98 20 22 0.027327558 
432 501 29 32 0.02709374 
226 558 38 57 0.02704166 
694 56 17 20 0.026889667 
462 130 16 20 0.02674369 
389 542 95 98 0.026536958 
50 63 25 32 0.026473522 
363 116 41 49 0.026175661 
641 97 27 29 0.026082389 
656 94 28 30 0.025184901 
888 138 27 33 0.024268363 
469 147 18 24 0.024043536 
711 42 21 26 0.023339028 
586 335 79 109 0.023173349 
806 6 39 33 0.023034018 
237 0 29 31 0.02301524 
922 169 27 31 0.02299307 
571 21 29 36 0.022926781 
384 111 43 51 0.022645736 
192 27 28 34 0.022631595 
692 53 32 38 0.022208467 
627 337 28 44 0.02211987 
456 120 27 35 0.021905316 
251 578 136 143 0.021889167 
394 381 230 278 0.021282177 
491 120 30 34 0.0211903 
68 15 29 32 0.020938018 
390 94 45 50 0.020826308 
663 339 49 69 0.020557454 
331 140 27 32 0.020182513 
707 33 19 22 0.020140322 
301 564 33 39 0.020029115 
