47_Matador_Bullfighter_matadorbullfighting_47_536
191
476 317 20 24 0.92243457 
776 285 21 27 0.87583166 
113 413 23 27 0.85239524 
623 266 22 27 0.72019356 
898 339 20 25 0.7085999 
334 282 22 28 0.6869073 
403 219 19 22 0.52251893 
77 189 9 14 0.4017184 
968 339 17 19 0.33108234 
3 195 12 19 0.3236309 
835 325 15 17 0.25789544 
148 433 28 27 0.21422009 
583 301 15 18 0.20026536 
540 297 18 21 0.19541064 
933 350 22 27 0.18535593 
448 791 475 525 0.18287484 
545 290 17 22 0.16095397 
239 389 26 30 0.14260711 
467 226 11 16 0.11917031 
450 261 14 17 0.11201839 
4 432 21 33 0.09529812 
374 294 12 16 0.09333901 
85 189 9 12 0.091297336 
550 287 22 28 0.090310924 
2 192 9 14 0.08415188 
978 346 23 27 0.08411414 
-41 970 489 456 0.082469925 
917 354 15 21 0.08246653 
971 360 12 15 0.07283725 
562 537 29 31 0.07226835 
2 522 18 21 0.07085176 
448 200 9 12 0.06941956 
6 429 11 17 0.06779395 
412 381 15 19 0.067790486 
365 291 14 17 0.066788755 
442 233 16 20 0.065762654 
4 221 14 16 0.063130304 
552 300 23 28 0.06311479 
202 423 17 21 0.06250372 
550 529 26 32 0.06242665 
892 330 19 22 0.06148906 
667 242 13 16 0.06132028 
921 350 22 28 0.06081599 
701 195 9 12 0.059364222 
598 299 12 15 0.059237342 
160 439 17 18 0.058681715 
965 349 20 27 0.057561725 
665 216 9 10 0.056833964 
336 454 13 14 0.056097735 
128 418 14 18 0.055371374 
562 284 16 20 0.053377613 
647 292 13 14 0.05253255 
20 213 10 14 0.052242685 
862 261 11 14 0.05219158 
499 303 18 21 0.051683653 
952 315 11 12 0.049706906 
358 290 14 18 0.049353562 
12 219 11 15 0.04934763 
662 233 16 19 0.04812546 
89 224 10 12 0.04739451 
358 299 12 15 0.04672757 
883 273 13 15 0.04671937 
409 214 15 20 0.045850564 
935 436 11 14 0.04561363 
13 201 11 16 0.045150053 
522 290 14 17 0.044311278 
606 317 10 15 0.044259436 
885 297 12 14 0.04374608 
906 351 16 22 0.043608293 
984 315 10 12 0.04319033 
939 311 12 14 0.042302217 
1008 407 10 13 0.042000078 
575 300 10 15 0.041308135 
407 227 19 23 0.04125712 
2 226 9 14 0.040650927 
105 519 11 12 0.040649462 
379 293 12 15 0.037198327 
93 228 9 12 0.037165407 
180 415 9 12 0.03691071 
30 248 13 19 0.036156826 
649 305 12 15 0.03613719 
340 467 12 14 0.03593993 
594 417 12 17 0.03570576 
403 292 13 16 0.035379197 
421 309 15 17 0.035373367 
91 410 13 17 0.035254635 
507 314 16 19 0.035082653 
69 220 10 13 0.034720335 
31 222 11 14 0.034428302 
2 399 22 29 0.033783935 
15 441 17 20 0.033576537 
514 284 24 29 0.033376332 
491 345 14 16 0.033357866 
1009 396 10 13 0.033298224 
571 293 12 16 0.032031007 
348 460 11 13 0.03187435 
532 287 22 29 0.03174712 
105 221 8 11 0.03127397 
576 543 17 22 0.031072319 
536 304 13 17 0.030863468 
698 192 9 12 0.030678457 
338 278 16 18 0.03043209 
163 317 12 14 0.0302959 
731 322 12 15 0.029869977 
446 229 21 26 0.029669136 
438 229 12 17 0.029631177 
807 336 10 13 0.02960059 
106 399 29 34 0.02939569 
409 371 15 16 0.029246677 
561 312 15 18 0.029195193 
151 414 8 11 0.028833417 
710 295 8 12 0.02873338 
72 191 11 15 0.028702773 
381 347 10 12 0.028392473 
146 433 47 47 0.028285148 
341 457 12 15 0.027683865 
51 459 14 16 0.027582098 
144 412 9 12 0.027352951 
464 300 13 17 0.027340446 
89 255 15 18 0.027115466 
1007 421 9 12 0.027066965 
647 235 11 14 0.026787959 
116 254 11 15 0.026575759 
650 223 23 29 0.02654161 
110 220 8 11 0.026435237 
569 525 27 30 0.026409356 
104 416 14 17 0.02629811 
668 221 11 14 0.026083931 
23 229 8 11 0.026008934 
797 301 12 17 0.025945649 
855 203 10 13 0.025911799 
591 294 21 26 0.025858272 
346 290 13 18 0.025847685 
430 227 11 15 0.02581669 
862 254 11 14 0.025472118 
153 445 21 22 0.025273202 
85 404 22 28 0.025207426 
4 238 10 15 0.024922427 
30 241 11 15 0.024909925 
351 280 24 30 0.024874091 
459 223 19 24 0.024856333 
364 357 9 13 0.024701482 
662 219 22 28 0.024492271 
582 312 14 16 0.02441841 
571 294 20 26 0.024362981 
460 258 14 16 0.024358617 
863 221 9 12 0.024335116 
450 380 12 16 0.02428744 
543 286 15 18 0.024235649 
367 397 12 14 0.023863569 
362 309 12 14 0.02384991 
354 292 23 27 0.023652466 
944 352 15 19 0.023514587 
644 217 14 17 0.02344893 
144 408 8 10 0.023282988 
3 410 26 34 0.023039544 
683 221 14 16 0.023008114 
601 316 11 14 0.022918459 
977 338 14 18 0.022853767 
415 310 10 13 0.022755614 
643 216 24 28 0.022656744 
61 468 15 17 0.022542054 
562 296 16 20 0.022357505 
820 323 26 28 0.022126958 
410 323 14 16 0.021978524 
639 237 36 50 0.021830609 
150 422 13 17 0.021779422 
725 319 13 14 0.021762434 
250 495 9 11 0.02171565 
905 332 15 19 0.021704415 
718 324 14 17 0.021688208 
703 294 11 12 0.02165614 
721 316 24 29 0.021636216 
474 357 29 34 0.021597428 
238 427 12 17 0.02154209 
821 329 13 15 0.021502446 
43 438 23 30 0.02144677 
815 333 10 13 0.021302642 
526 337 14 20 0.021212101 
9 517 14 17 0.021209447 
6 195 19 27 0.02102344 
643 287 21 26 0.021010514 
499 319 22 27 0.020978002 
682 227 15 18 0.020951442 
407 318 11 14 0.020837903 
564 286 22 28 0.02080848 
164 423 25 30 0.020756654 
765 285 35 45 0.020478113 
23 219 8 13 0.020376014 
977 398 8 11 0.020360209 
7 423 28 34 0.020140652 
