47_Matador_Bullfighter_matadorbullfighting_47_710
124
514 333 59 61 0.9961481 
381 72 12 15 0.5392821 
427 28 12 15 0.46111307 
892 19 15 18 0.38595313 
387 16 12 15 0.38042587 
941 20 14 16 0.26749825 
88 67 443 542 0.25557598 
102 71 12 16 0.20931962 
987 34 14 17 0.14177257 
1013 20 10 17 0.102681 
932 28 14 17 0.10064721 
894 3 13 14 0.0986644 
451 0 15 16 0.09426139 
640 53 9 12 0.08974481 
962 164 16 20 0.08923009 
64 -59 387 452 0.08598127 
435 -60 433 512 0.08521513 
38 144 43 64 0.077203445 
925 28 13 18 0.07458112 
674 116 13 15 0.0702162 
211 267 426 520 0.06731929 
929 1 15 18 0.06565659 
976 72 9 11 0.063018546 
1001 4 12 14 0.060355015 
431 72 11 12 0.059918556 
822 20 10 14 0.059593316 
991 216 27 33 0.05852701 
870 13 10 15 0.055964436 
989 42 11 14 0.05551904 
961 53 10 13 0.054320782 
607 0 446 395 0.051510684 
287 74 11 12 0.05108143 
1001 72 11 15 0.049174186 
904 77 11 12 0.048505355 
863 14 10 13 0.048148878 
999 1 10 11 0.04730014 
934 9 15 19 0.04711331 
362 72 10 12 0.04635655 
357 -1 16 14 0.046235114 
935 59 15 19 0.045394573 
316 630 213 275 0.04509282 
982 220 14 19 0.044709772 
373 19 13 17 0.04203591 
302 36 390 499 0.041435447 
997 8 19 25 0.041300923 
898 23 14 17 0.04081173 
1005 15 14 20 0.040543836 
252 74 12 14 0.03993371 
679 47 8 11 0.03964721 
403 72 9 11 0.0393489 
604 89 15 17 0.03859566 
1006 148 15 18 0.037445556 
947 25 12 14 0.037165426 
956 155 15 20 0.036740396 
973 124 14 19 0.0366766 
497 28 13 15 0.036205664 
655 21 10 12 0.03577915 
885 56 9 10 0.032885797 
887 13 16 20 0.0327858 
699 87 13 14 0.032402977 
983 218 23 29 0.032180894 
309 72 9 11 0.031516258 
223 343 261 330 0.031206738 
575 285 41 61 0.031095421 
644 4 11 12 0.03103223 
772 38 10 12 0.030905511 
343 71 9 11 0.0302149 
599 54 10 12 0.029438838 
941 5 14 17 0.028787294 
671 111 13 15 0.028491396 
924 22 13 16 0.028445257 
946 11 15 18 0.028415537 
992 117 20 28 0.027832069 
931 43 13 16 0.02782226 
981 123 15 20 0.02765788 
1005 121 13 17 0.027574573 
988 22 21 26 0.027333664 
925 8 15 18 0.027123468 
1011 194 14 21 0.026822818 
23 137 23 30 0.026737636 
920 23 11 14 0.026705775 
562 94 10 11 0.026684076 
990 51 10 12 0.026603812 
1008 142 12 16 0.02655238 
907 82 14 15 0.026517794 
953 93 11 14 0.025716688 
678 0 14 12 0.025250403 
998 150 14 18 0.024904566 
981 195 42 59 0.024821492 
629 63 10 12 0.024658816 
476 0 15 16 0.024507342 
917 52 11 14 0.024130972 
878 61 13 14 0.024127422 
890 0 21 25 0.023925928 
888 24 12 15 0.023792196 
739 877 29 31 0.023638783 
67 73 8 10 0.023398066 
959 47 10 13 0.023199648 
999 162 14 19 0.023149705 
84 72 8 10 0.023082348 
628 21 11 12 0.022760417 
1004 199 20 33 0.022745594 
215 530 219 294 0.02239195 
390 35 13 16 0.02229452 
947 4 15 17 0.02212121 
594 69 14 17 0.021623824 
583 129 8 9 0.021584779 
591 308 26 45 0.021484185 
980 76 10 11 0.021342956 
508 343 36 47 0.020843742 
955 99 11 13 0.020831473 
874 12 15 18 0.020808255 
416 30 10 14 0.02073909 
600 133 10 12 0.020699771 
405 34 12 16 0.020569192 
918 30 14 19 0.020524204 
95 446 391 485 0.020346882 
436 126 11 13 0.020297326 
971 201 13 19 0.02027978 
673 93 10 13 0.020180382 
584 268 42 58 0.020178262 
382 25 12 16 0.020154685 
350 0 16 17 0.020147314 
899 0 12 14 0.020131722 
