47_Matador_Bullfighter_Matador_Bullfighter_47_583
35
379 155 256 334 0.99992204 
127 651 25 31 0.23686123 
804 828 17 21 0.17967701 
902 604 13 17 0.1585679 
118 608 16 18 0.13744698 
223 789 20 21 0.12171878 
325 501 25 31 0.11725667 
283 843 26 39 0.0944317 
212 588 13 16 0.08012925 
98 623 24 36 0.07140273 
100 711 41 60 0.064100556 
392 673 44 40 0.057690956 
326 648 14 17 0.05539807 
892 609 12 16 0.053283107 
651 501 27 40 0.04687863 
787 906 13 16 0.041642208 
382 686 59 59 0.03543556 
384 862 35 43 0.034676727 
673 512 27 33 0.03436489 
141 664 12 17 0.033948958 
332 510 30 37 0.032897525 
760 570 31 38 0.031147342 
290 853 405 523 0.02860628 
267 823 31 41 0.028259002 
334 530 12 15 0.027267592 
173 751 11 14 0.027125143 
293 560 12 15 0.025589189 
125 629 28 40 0.025073014 
287 553 13 16 0.02289801 
222 542 10 11 0.021731127 
341 501 30 37 0.02167139 
308 575 10 13 0.021051832 
772 925 9 12 0.020693002 
134 621 29 39 0.020638235 
109 630 30 36 0.020039119 
