47_Matador_Bullfighter_matadorbullfighting_47_152
110
192 216 31 42 0.9979056 
779 275 28 45 0.9895717 
118 10 16 19 0.85057503 
467 0 21 21 0.72724956 
678 52 13 17 0.4733512 
426 2 20 18 0.40665454 
174 20 14 17 0.38721657 
658 73 16 20 0.34948578 
147 28 13 16 0.3176429 
972 52 28 29 0.20183091 
628 11 13 17 0.15324672 
312 8 17 20 0.13011627 
695 58 13 18 0.1297794 
622 60 13 16 0.11730876 
919 22 12 15 0.10659081 
683 57 14 17 0.093888454 
468 38 15 18 0.09033541 
467 46 18 19 0.08299472 
685 46 10 13 0.08125274 
671 100 11 14 0.075969234 
971 17 19 20 0.07502555 
452 30 11 13 0.07266488 
1013 6 9 12 0.0699286 
480 3 14 14 0.06337659 
419 5 22 21 0.060455978 
517 386 54 78 0.05953468 
477 421 95 130 0.05917785 
173 3 15 17 0.05826499 
703 43 10 12 0.05483612 
530 439 29 36 0.05383153 
967 20 14 17 0.05278803 
284 0 17 14 0.052577533 
624 7 21 27 0.051442854 
174 1 11 11 0.048185308 
613 53 12 14 0.043777708 
468 29 12 14 0.043358613 
338 517 46 33 0.04145727 
985 53 17 20 0.04105404 
681 40 9 11 0.03935943 
175 11 18 22 0.03336371 
187 47 13 14 0.031987358 
653 46 10 13 0.03152238 
673 58 10 14 0.031103972 
155 28 12 16 0.031009754 
381 29 14 15 0.03085985 
679 65 10 14 0.030567762 
463 49 13 16 0.029662397 
686 64 13 15 0.029370693 
381 0 12 12 0.02872119 
608 68 12 16 0.02841304 
462 22 12 14 0.028212901 
652 53 12 14 0.02805714 
758 103 21 27 0.02804753 
462 28 13 14 0.028026454 
974 16 29 30 0.027647872 
153 516 32 33 0.027644228 
694 76 12 15 0.027455013 
168 21 13 16 0.02738224 
515 421 52 78 0.02727325 
700 53 21 28 0.02692978 
305 96 29 36 0.02633977 
678 45 21 26 0.025974337 
915 46 13 15 0.025875513 
145 24 11 14 0.025865141 
491 22 15 17 0.025860723 
707 42 13 14 0.025524598 
166 48 10 12 0.025392992 
271 27 22 28 0.02515311 
136 516 33 27 0.02511872 
507 451 55 81 0.024855133 
649 60 11 14 0.024664173 
303 104 44 51 0.024069935 
438 38 12 16 0.02400587 
117 53 12 14 0.023990244 
464 36 13 15 0.023973225 
258 105 15 19 0.023950474 
447 23 22 25 0.023928724 
626 54 11 15 0.023047052 
531 401 17 20 0.022732658 
508 358 55 77 0.022658981 
614 55 19 24 0.022618508 
873 14 11 16 0.022606453 
566 4 13 13 0.022546865 
433 0 18 15 0.022545729 
694 40 10 11 0.02248246 
420 16 17 19 0.022373604 
307 40 26 31 0.022292359 
512 100 13 16 0.022269942 
467 7 26 28 0.022206282 
144 4 12 15 0.02202797 
167 0 12 11 0.021951796 
110 228 154 202 0.02183141 
416 3 14 16 0.02176671 
290 -1 25 24 0.02163641 
468 19 14 15 0.021370623 
278 0 14 12 0.021254662 
984 62 18 21 0.02115459 
211 214 26 38 0.02101307 
959 39 45 52 0.020857733 
506 544 15 18 0.020839138 
748 67 17 21 0.020804701 
876 13 101 121 0.020770304 
417 29 11 14 0.020683963 
483 60 13 14 0.020646306 
255 25 15 19 0.020624943 
265 106 25 32 0.020619182 
686 40 9 11 0.02052526 
165 26 14 17 0.020396365 
998 59 13 18 0.02020155 
106 87 23 25 0.020094633 
