47_Matador_Bullfighter_matadorbullfighting_47_837
21
248 151 219 302 0.9999113 
943 561 20 27 0.5018552 
-150 972 439 508 0.1992522 
190 943 436 538 0.11502357 
1000 606 21 41 0.09427519 
58 1016 370 476 0.09164633 
1002 680 20 34 0.05161145 
316 108 300 432 0.047035925 
685 654 18 21 0.045289863 
630 812 44 49 0.043573655 
978 523 16 19 0.040370405 
904 614 26 33 0.037411697 
554 209 468 424 0.03723312 
-13 599 403 486 0.027869478 
731 658 19 22 0.02697975 
589 1193 376 478 0.026923815 
794 678 21 21 0.026545504 
509 41 226 263 0.021765977 
661 620 114 134 0.021751404 
864 681 26 30 0.021061396 
626 843 367 446 0.020681025 
