4_Dancing_Dancing_4_422
79
393 390 77 108 0.94959176 
500 86 77 119 0.8375742 
578 83 83 119 0.78928393 
255 29 348 460 0.7146498 
533 6 339 445 0.5445368 
318 401 70 97 0.5061192 
692 397 27 38 0.48568314 
352 387 79 115 0.35907236 
604 512 102 142 0.35096496 
170 432 296 304 0.2639815 
546 90 79 122 0.22806977 
420 700 14 19 0.15613633 
571 573 18 22 0.11831815 
636 619 18 21 0.11738546 
545 79 221 259 0.10011558 
424 381 81 116 0.08605825 
500 244 409 571 0.06450193 
971 614 16 21 0.06079866 
564 189 151 145 0.05741121 
598 65 132 176 0.056673862 
187 457 134 164 0.050155174 
406 71 101 139 0.048922878 
843 666 13 17 0.04716689 
844 440 18 21 0.04709133 
522 127 60 103 0.04509569 
605 564 14 17 0.04403705 
540 559 18 22 0.043347742 
599 522 67 96 0.040055513 
954 599 14 19 0.03742083 
579 677 28 29 0.036900304 
435 739 15 19 0.0366841 
434 725 17 19 0.036594246 
556 534 23 28 0.034870166 
597 678 16 19 0.034835182 
420 545 32 40 0.03472896 
563 610 14 17 0.034615695 
250 413 131 167 0.034406103 
440 699 13 17 0.03372151 
858 754 16 15 0.03365303 
708 399 24 34 0.033583716 
723 735 15 18 0.03211653 
483 617 17 23 0.03154717 
279 198 134 154 0.031347223 
253 667 14 16 0.031142859 
208 498 164 191 0.030693106 
647 531 78 93 0.029107543 
783 557 121 158 0.028908804 
523 591 18 22 0.027897393 
469 602 17 21 0.02753687 
548 182 38 59 0.027507469 
327 708 13 16 0.027146569 
668 611 16 21 0.026886942 
529 707 15 18 0.026842363 
965 613 27 35 0.026123717 
801 604 16 18 0.02578956 
741 392 13 15 0.025656592 
918 437 10 14 0.025554975 
673 401 28 35 0.025514718 
564 601 16 20 0.025071105 
486 65 181 248 0.024541106 
663 393 29 37 0.023586048 
678 641 39 49 0.023233257 
928 443 11 14 0.023023963 
330 661 18 18 0.02275207 
588 645 24 29 0.02269318 
569 683 26 30 0.02241147 
621 566 10 13 0.022372477 
781 679 15 20 0.022268863 
612 565 13 15 0.022203485 
529 78 67 101 0.022150729 
789 212 11 15 0.021986322 
514 662 17 20 0.021556238 
724 407 16 21 0.021385508 
743 659 13 16 0.020753719 
630 597 27 33 0.020593643 
546 513 16 17 0.02058269 
557 591 16 20 0.020487225 
540 736 15 20 0.020461261 
356 431 37 45 0.020102648 
