4_Dancing_Dancing_4_319
88
410 73 29 38 0.99968195 
148 63 29 36 0.99941874 
215 156 35 42 0.9992986 
344 44 30 38 0.9990181 
1 16 24 34 0.9989593 
593 -1 34 38 0.99891675 
732 52 32 42 0.9989127 
551 33 36 43 0.998887 
687 58 28 37 0.99859375 
954 26 29 37 0.9985869 
486 58 32 40 0.998073 
654 48 30 39 0.9977481 
199 89 24 31 0.997134 
320 9 24 29 0.9968659 
445 142 25 31 0.99666 
961 79 41 45 0.9938969 
448 54 30 34 0.9843834 
83 68 52 57 0.9791976 
328 244 33 39 0.9732722 
212 25 22 27 0.955002 
272 42 22 30 0.95048046 
614 141 57 49 0.9444652 
304 45 27 31 0.8803106 
247 84 27 33 0.8585772 
427 47 25 34 0.8428943 
192 56 24 30 0.7745002 
230 89 23 29 0.67141896 
430 42 16 20 0.391949 
232 60 23 26 0.37434772 
711 47 38 47 0.3719059 
712 34 32 40 0.3555801 
24 68 28 31 0.26446122 
270 171 21 27 0.26445735 
471 91 22 27 0.25681376 
42 2 16 20 0.17729722 
218 90 25 32 0.15911174 
998 29 25 34 0.15082297 
591 115 43 54 0.14492378 
234 85 16 20 0.13403632 
228 126 25 32 0.11986816 
-1 351 24 60 0.11272008 
435 63 17 21 0.10643591 
696 49 31 42 0.07639103 
615 128 37 48 0.065736994 
25 60 22 25 0.061394848 
284 41 27 33 0.06034304 
227 110 23 30 0.052406486 
378 241 27 41 0.04848057 
33 1 22 28 0.045917764 
264 84 18 24 0.044396985 
318 240 55 74 0.04289102 
49 4 15 17 0.04116809 
209 67 14 18 0.03850381 
0 288 22 36 0.03746015 
747 511 63 53 0.034408547 
324 151 42 50 0.032527953 
291 35 16 23 0.032452445 
344 239 48 63 0.031706404 
201 50 18 21 0.031484492 
866 41 52 76 0.031262886 
189 68 18 22 0.030678228 
815 4 30 38 0.02922549 
69 388 13 16 0.029165732 
800 12 52 66 0.028984169 
583 107 33 45 0.028510375 
250 98 18 23 0.026910167 
640 151 35 37 0.026483987 
956 44 45 56 0.026338749 
972 24 43 53 0.025521345 
-15 520 230 219 0.025412932 
819 0 20 19 0.024916839 
402 255 29 38 0.02488038 
533 140 36 37 0.024841204 
227 104 17 22 0.024804145 
200 36 25 31 0.02418255 
270 36 16 22 0.02375545 
860 218 25 30 0.023633158 
554 130 58 56 0.023163345 
537 116 47 54 0.023153266 
669 55 30 39 0.02242712 
555 16 25 29 0.022305239 
179 74 25 30 0.022071246 
583 130 36 47 0.021824412 
0 295 13 23 0.021368703 
397 187 24 35 0.02111662 
326 48 27 34 0.021074869 
642 57 33 41 0.02056086 
803 -30 197 225 0.02045412 
