4_Dancing_Dancing_4_715
276
487 470 37 45 0.9984145 
74 455 39 45 0.9975178 
417 444 31 35 0.9974476 
411 108 40 63 0.994021 
661 125 39 55 0.9840591 
295 464 31 38 0.9391678 
170 347 19 24 0.73593295 
627 451 32 39 0.6869028 
197 117 13 16 0.6641866 
424 12 16 18 0.59815335 
350 123 14 16 0.58702755 
153 453 29 38 0.5667166 
113 337 14 18 0.40763327 
141 388 16 21 0.31008017 
116 115 16 18 0.28902024 
241 45 10 13 0.26016915 
264 302 27 35 0.25672486 
862 675 14 18 0.25022453 
152 363 13 17 0.23100905 
199 98 10 13 0.2020659 
197 45 9 12 0.19749294 
525 661 39 44 0.19743454 
159 44 9 12 0.19648293 
298 654 41 48 0.18509743 
313 123 14 16 0.18358405 
260 111 10 12 0.17913513 
279 269 11 12 0.17272788 
159 3 10 11 0.17098652 
182 110 9 13 0.16871904 
194 344 13 16 0.16725127 
946 659 16 18 0.16347207 
920 642 10 12 0.1627556 
192 365 14 18 0.15999499 
635 253 17 24 0.15732163 
502 57 11 14 0.15456896 
518 1 14 18 0.15011075 
272 101 11 12 0.14658153 
464 14 15 17 0.14545406 
158 98 10 13 0.13881199 
268 277 29 35 0.13803318 
78 113 14 15 0.13631858 
613 397 61 79 0.13518323 
482 1 15 18 0.13296732 
115 397 21 27 0.13181372 
351 106 10 13 0.12262484 
556 6 15 18 0.119840585 
275 179 11 14 0.11526821 
120 96 9 11 0.10881412 
151 332 13 16 0.106828846 
841 28 13 15 0.105595574 
155 118 15 18 0.10535582 
142 107 11 15 0.10054057 
193 334 12 16 0.10007 
276 229 11 13 0.099957235 
463 287 12 17 0.09753712 
389 8 14 15 0.09462912 
461 408 13 17 0.0925505 
575 109 11 15 0.09207034 
503 16 14 17 0.09191182 
313 158 9 12 0.091049224 
619 499 17 19 0.089240745 
124 397 22 31 0.08820386 
423 348 12 16 0.083922386 
499 0 12 13 0.082387455 
295 111 11 14 0.081765115 
899 651 21 28 0.080178745 
444 0 14 18 0.078065746 
814 630 11 15 0.07628981 
313 179 12 16 0.07552162 
934 647 12 14 0.073405296 
785 645 11 13 0.072722286 
390 52 11 14 0.0713732 
237 5 12 13 0.070306204 
723 725 17 19 0.06862125 
233 119 11 14 0.06734404 
425 412 11 15 0.0667273 
81 96 8 11 0.06577134 
728 296 161 251 0.06465937 
465 55 12 14 0.06278578 
310 4 14 13 0.06252618 
349 688 17 22 0.062144052 
497 432 16 18 0.061637875 
836 70 10 13 0.060995236 
535 474 13 16 0.060617305 
199 3 14 15 0.06058271 
236 177 11 16 0.060186964 
123 43 10 14 0.058722805 
865 661 10 15 0.05852795 
539 60 10 13 0.05700179 
268 301 17 22 0.056055456 
761 625 14 16 0.055848982 
887 692 12 13 0.05342838 
196 62 10 13 0.052391484 
28 455 16 22 0.05229687 
257 115 11 14 0.05143563 
74 338 12 16 0.050284885 
152 338 15 19 0.04892139 
274 120 15 17 0.0486389 
234 286 12 14 0.04837774 
352 6 13 14 0.04735276 
204 100 9 12 0.047332715 
854 681 10 15 0.047273953 
185 383 26 33 0.04723806 
904 646 10 13 0.046830814 
190 367 20 28 0.046661556 
543 184 10 12 0.045799293 
124 94 10 12 0.044814743 
153 356 14 17 0.04383995 
575 60 9 12 0.043522544 
351 46 12 15 0.042591244 
294 0 14 13 0.042572428 
768 23 12 16 0.0423812 
275 46 10 13 0.041584928 
466 109 10 13 0.04150368 
262 91 11 14 0.041227493 
822 199 9 12 0.040968873 
313 101 11 13 0.040655926 
271 106 11 13 0.03994706 
238 40 12 14 0.039909493 
111 362 15 19 0.039777756 
236 111 10 11 0.039753374 
286 242 14 17 0.038915493 
511 1 14 16 0.038871985 
116 304 15 17 0.038640723 
489 -1 20 23 0.038361512 
458 457 15 18 0.038058165 
275 274 18 23 0.03795014 
422 425 14 17 0.03780146 
334 113 11 16 0.03711989 
444 659 49 55 0.0371042 
372 656 49 60 0.036669973 
704 724 16 17 0.036497436 
426 53 11 15 0.03637716 
156 662 28 33 0.03615654 
206 111 9 12 0.03612606 
149 100 13 15 0.035734236 
118 151 9 12 0.03549921 
373 2 14 13 0.035426144 
157 112 12 14 0.034694552 
268 465 14 19 0.03461696 
275 261 14 18 0.034305353 
505 189 9 12 0.03427347 
115 391 15 19 0.034270313 
191 427 16 19 0.03419524 
464 235 11 15 0.033981673 
298 113 12 15 0.033674974 
189 0 9 9 0.033524618 
184 0 10 9 0.033500493 
34 338 12 16 0.033453636 
628 364 76 115 0.03324249 
268 687 23 31 0.033123236 
255 32 12 16 0.033026155 
196 289 12 15 0.03292949 
38 147 12 15 0.032751713 
767 729 13 13 0.032507505 
335 92 10 13 0.032385655 
924 644 11 13 0.032336388 
144 388 24 32 0.03231642 
897 659 12 17 0.0321988 
909 649 24 31 0.032180816 
892 199 11 14 0.032147035 
430 5 21 26 0.032101143 
425 123 46 66 0.032005314 
221 0 11 10 0.031939805 
723 24 11 13 0.031659544 
294 31 12 17 0.031373385 
763 437 11 14 0.031293727 
193 400 16 20 0.031185802 
152 95 11 14 0.031062642 
885 30 11 15 0.030804904 
758 454 12 14 0.030536238 
268 288 18 22 0.030332683 
234 155 13 17 0.029986212 
250 292 45 54 0.029519407 
181 660 11 14 0.02940147 
275 235 13 16 0.029296415 
954 660 14 16 0.029125525 
163 97 13 15 0.029117206 
155 342 21 25 0.029100798 
782 16 12 15 0.029035244 
275 96 12 14 0.028907401 
466 35 13 15 0.02888205 
249 474 15 21 0.028841084 
158 62 11 13 0.028803576 
578 165 9 13 0.02873778 
28 437 40 50 0.028707916 
215 662 50 56 0.028605992 
258 0 14 12 0.028571498 
296 87 10 13 0.028460044 
215 109 11 14 0.028302137 
276 109 11 12 0.028186072 
146 108 14 15 0.028011689 
236 102 10 11 0.027787177 
865 200 9 11 0.027758164 
273 251 12 15 0.027570331 
33 302 12 15 0.027383612 
257 85 10 14 0.027370539 
203 30 10 12 0.027032444 
175 340 20 25 0.027012922 
177 114 10 13 0.02679836 
826 659 16 18 0.026738856 
372 96 25 37 0.026631089 
580 190 10 13 0.02631344 
541 16 15 19 0.026305873 
534 489 15 18 0.026225822 
315 107 12 13 0.02585217 
355 674 27 34 0.0256879 
466 165 9 12 0.025683628 
234 225 13 17 0.025626732 
652 21 13 16 0.02549714 
636 246 30 41 0.02544333 
920 649 23 30 0.025297545 
295 125 11 14 0.02495344 
332 0 15 16 0.024755778 
220 109 11 14 0.024749095 
309 427 16 18 0.024747785 
543 166 9 13 0.024571603 
230 346 10 15 0.024537807 
27 259 24 33 0.0245093 
295 132 11 14 0.024220727 
155 282 13 17 0.024156075 
351 157 12 14 0.024143519 
492 703 15 18 0.02412533 
192 306 13 15 0.02402351 
578 195 13 17 0.023955744 
457 431 16 19 0.023928266 
770 68 12 14 0.023748722 
392 32 10 12 0.023652412 
574 1 13 12 0.023536945 
637 246 14 17 0.023523742 
719 714 25 27 0.02348666 
459 398 12 16 0.023380574 
548 7 21 25 0.023364248 
595 83 12 15 0.023317564 
818 634 12 16 0.023291761 
158 454 14 21 0.023103196 
79 173 12 16 0.023063773 
526 123 9 12 0.023010364 
216 84 11 15 0.022982847 
145 379 16 20 0.022977976 
189 355 14 18 0.022776024 
557 245 14 18 0.022631105 
274 5 14 15 0.02260816 
113 425 16 21 0.022499586 
910 646 11 14 0.022422587 
180 39 11 15 0.022406852 
230 31 12 14 0.022271905 
929 656 22 26 0.022151075 
171 378 12 17 0.022088224 
573 433 15 20 0.022039585 
509 79 11 12 0.02191206 
833 75 12 16 0.02189464 
126 29 8 11 0.021731848 
900 663 13 18 0.021683658 
224 28 100 128 0.021455856 
366 408 50 62 0.021440942 
133 397 26 36 0.021391597 
652 60 12 15 0.021300169 
245 101 12 15 0.021174446 
847 682 14 17 0.02111619 
667 627 13 17 0.020989574 
463 279 13 16 0.020933531 
191 98 12 15 0.020921241 
942 655 13 17 0.020903971 
24 460 28 40 0.020832824 
367 113 12 16 0.020799736 
248 461 24 34 0.020671003 
914 641 22 27 0.020665934 
652 228 39 50 0.02058249 
274 239 19 27 0.020450942 
176 38 10 14 0.020445662 
223 115 10 13 0.020421552 
173 419 26 31 0.020369263 
260 449 25 33 0.020263884 
379 4 24 25 0.020052819 
312 46 12 15 0.020013852 
