4_Dancing_Dancing_4_84
76
478 135 38 50 0.9967656 
346 158 38 49 0.9966272 
852 108 38 49 0.9961874 
133 175 46 54 0.9936452 
274 137 16 19 0.99118537 
700 161 44 50 0.99109566 
536 198 30 46 0.98793167 
52 70 21 27 0.96268326 
605 83 19 24 0.95725846 
149 77 18 22 0.9440315 
221 72 19 24 0.9372522 
733 71 21 25 0.9293252 
790 67 19 21 0.84851265 
764 131 19 22 0.77250165 
452 140 17 22 0.71811473 
675 0 15 14 0.67943996 
403 216 39 55 0.19612773 
694 3 14 15 0.17154843 
112 107 12 17 0.15822348 
547 549 18 21 0.12393849 
661 14 12 13 0.092371605 
716 3 14 14 0.085938655 
85 151 16 20 0.07942129 
792 147 24 29 0.07107267 
710 76 13 16 0.06516199 
690 19 10 13 0.064917885 
732 6 12 13 0.060529053 
691 11 15 16 0.05567547 
591 138 15 17 0.05180062 
729 130 28 34 0.0455471 
230 210 12 13 0.04503424 
647 1 18 16 0.04383752 
755 72 17 20 0.03937581 
195 137 24 33 0.03838738 
746 72 15 19 0.038277626 
253 90 15 18 0.037649337 
189 124 12 15 0.037466455 
721 1 23 24 0.036397662 
683 1 14 17 0.031835392 
184 123 10 13 0.031514455 
610 204 24 34 0.03079292 
637 43 16 18 0.03026678 
662 25 13 15 0.030214349 
759 134 16 23 0.030131228 
199 83 12 14 0.029914467 
658 4 15 15 0.029819505 
744 135 27 32 0.02945405 
525 170 17 20 0.029101675 
797 4 16 18 0.027997866 
741 33 16 20 0.027862048 
882 120 26 33 0.026992634 
750 139 14 19 0.026518425 
529 178 16 19 0.02526952 
606 165 24 34 0.024692347 
639 36 14 17 0.02467616 
78 129 26 37 0.023923038 
240 133 10 13 0.023892917 
947 346 16 19 0.023168892 
765 0 11 10 0.023062078 
610 172 15 20 0.022819918 
116 113 11 16 0.022695336 
614 141 15 16 0.022604965 
520 558 9 11 0.022594234 
952 237 12 15 0.022567585 
713 11 11 14 0.022524294 
643 31 13 16 0.02209246 
149 107 13 15 0.0220088 
620 63 11 13 0.021954678 
205 147 12 18 0.021941986 
760 244 44 61 0.021691626 
788 274 27 43 0.02131123 
547 208 31 38 0.021189796 
661 40 16 20 0.020937983 
300 0 15 12 0.020913964 
198 150 15 19 0.020371893 
728 8 25 29 0.020203475 
