4_Dancing_Dancing_4_878
31
458 176 108 159 0.99987876 
677 116 13 16 0.45518228 
758 426 27 38 0.3796065 
616 1186 525 482 0.22210787 
138 116 16 19 0.110099055 
186 738 123 121 0.10605531 
744 991 29 40 0.10484591 
161 741 12 16 0.07135303 
742 993 49 71 0.06614374 
753 1028 60 88 0.05667182 
753 421 44 62 0.037839077 
682 120 16 19 0.03732422 
217 184 88 103 0.03730496 
929 540 94 126 0.036195695 
912 127 7 10 0.03560339 
-3 86 400 438 0.033128593 
-48 914 408 441 0.03252749 
-4 1072 465 501 0.03215449 
904 729 11 15 0.031860605 
997 139 16 24 0.02969104 
870 424 42 68 0.028651295 
-4 491 37 69 0.028260604 
183 129 117 134 0.026361933 
253 184 94 131 0.025686651 
903 722 25 31 0.025636833 
934 771 95 121 0.025241356 
932 116 12 16 0.023570513 
472 1160 358 443 0.020907547 
-7 1109 51 84 0.020791065 
985 839 41 49 0.02062425 
25 650 396 417 0.020409707 
