4_Dancing_Dancing_4_378
28
778 87 68 94 0.9982822 
680 48 71 97 0.9972928 
162 78 86 104 0.97182864 
320 138 55 92 0.93406206 
613 401 25 33 0.5930331 
96 18 445 468 0.3100714 
249 0 18 19 0.15999047 
104 85 61 83 0.1026517 
305 150 95 135 0.09649161 
220 10 15 18 0.07941687 
376 16 15 19 0.07699397 
147 9 18 21 0.055787038 
374 48 16 20 0.04720778 
392 6 12 14 0.041613776 
289 21 24 31 0.039972756 
136 82 71 93 0.036604755 
232 137 240 312 0.033186685 
573 484 13 14 0.03288154 
143 91 131 146 0.032233443 
197 59 57 87 0.031357307 
305 99 93 108 0.026245987 
358 0 15 15 0.025318023 
404 28 12 16 0.022068046 
92 95 98 128 0.021719662 
914 16 31 37 0.021619784 
145 10 32 40 0.021321079 
417 12 14 18 0.020685006 
577 433 34 44 0.020617297 
