4_Dancing_Dancing_4_240
21
111 158 56 73 0.99977285 
682 120 59 76 0.99966717 
257 191 54 73 0.9996111 
398 216 55 68 0.9995826 
530 163 60 80 0.9994199 
836 99 55 75 0.999326 
182 59 15 19 0.086324304 
969 444 31 41 0.0639509 
553 329 111 149 0.052747704 
404 138 17 19 0.05195429 
124 25 23 35 0.049921628 
259 15 14 18 0.049482923 
186 98 17 20 0.03934993 
174 90 30 35 0.035442553 
309 219 43 55 0.03380855 
308 249 37 43 0.029306894 
195 50 25 30 0.026245149 
126 29 14 21 0.024985285 
489 508 10 13 0.023864081 
162 74 49 60 0.022992602 
110 67 15 19 0.020256737 
