4_Dancing_Dancing_4_228
21
445 115 42 55 0.996908 
848 39 46 62 0.9930583 
611 101 43 55 0.96202433 
274 158 39 53 0.9381446 
575 145 26 42 0.1733049 
805 93 11 14 0.060271453 
569 363 47 65 0.043640997 
779 93 11 14 0.037713267 
799 94 13 15 0.034544203 
802 141 41 61 0.03290971 
792 93 10 13 0.030566687 
1000 175 11 14 0.02786166 
646 113 25 35 0.026839063 
551 115 12 14 0.026420325 
1006 174 12 14 0.026049044 
320 463 9 11 0.023623263 
1013 173 11 16 0.023534236 
821 161 16 22 0.023393665 
171 313 46 50 0.022693653 
811 92 11 15 0.02039333 
324 189 343 435 0.020030158 
