4_Dancing_Dancing_4_156
40
905 19 60 67 0.98862517 
157 9 39 50 0.9855892 
659 3 47 68 0.50820625 
459 120 54 67 0.3425864 
193 46 35 45 0.24139744 
863 45 100 141 0.2270378 
530 58 52 84 0.16784965 
103 4 27 36 0.14262006 
877 0 27 27 0.11631945 
628 1 65 86 0.11150986 
504 99 53 83 0.09890173 
556 53 56 90 0.09451267 
758 293 133 209 0.08538912 
80 10 42 56 0.0703412 
282 26 100 134 0.05909667 
224 5 41 51 0.05766719 
857 185 101 113 0.04677655 
763 7 26 26 0.045757823 
838 54 45 61 0.04463437 
1000 197 27 44 0.04442783 
879 202 61 63 0.044165667 
306 2 16 19 0.043487493 
177 28 40 51 0.035703823 
602 -9 71 78 0.035085473 
683 93 69 92 0.033371598 
301 202 28 30 0.03293131 
137 320 48 53 0.032666564 
512 108 27 48 0.03221778 
889 0 35 33 0.02953093 
788 171 190 278 0.02924114 
508 30 91 125 0.028442543 
984 302 40 93 0.02841574 
-17 -117 403 447 0.0274268 
496 81 93 131 0.026863234 
53 16 58 66 0.024631195 
245 11 27 36 0.022793937 
413 107 34 45 0.021706937 
623 33 51 82 0.021590319 
641 288 188 264 0.021284908 
109 515 23 28 0.020467598 
