4_Dancing_Dancing_4_53
18
288 192 73 85 0.99801826 
398 241 67 85 0.9965837 
562 280 70 89 0.98995715 
93 217 90 102 0.9103416 
454 45 432 534 0.26409027 
31 680 138 176 0.0492803 
252 234 32 46 0.049136277 
841 622 26 31 0.04697973 
313 258 49 70 0.042498883 
210 628 58 55 0.038886316 
244 415 129 153 0.0379655 
591 126 289 287 0.03190971 
493 270 57 74 0.024167027 
214 653 35 41 0.023944924 
183 631 53 57 0.02093711 
70 133 129 183 0.020723257 
421 625 27 32 0.020468278 
370 8 66 68 0.020341313 
