7_Cheering_Cheering_7_536
91
329 306 26 33 0.9810433 
515 333 39 63 0.9486521 
246 232 26 31 0.8969916 
333 259 27 33 0.8714939 
206 224 26 33 0.8512991 
931 290 41 44 0.7961034 
1 217 29 41 0.6878542 
0 343 19 32 0.6781158 
214 261 31 34 0.60387397 
176 255 28 32 0.5913157 
625 245 64 79 0.53630435 
999 239 24 41 0.515063 
895 243 29 33 0.4757874 
98 240 28 30 0.42060778 
254 310 28 39 0.39537627 
134 247 29 35 0.35918954 
876 265 26 32 0.30022174 
315 229 24 28 0.24443533 
645 260 39 47 0.19701084 
848 281 31 39 0.1898413 
-2 276 25 33 0.1698257 
507 256 41 48 0.16874468 
726 281 64 102 0.16848277 
43 216 30 33 0.14493151 
135 233 27 32 0.12523405 
126 332 27 30 0.11485873 
199 235 37 47 0.113121524 
266 253 24 28 0.09006847 
460 272 25 28 0.084984586 
356 239 22 26 0.08035078 
400 243 25 28 0.07309124 
603 248 54 68 0.069101214 
997 396 26 37 0.06787868 
433 248 26 29 0.05693204 
895 258 47 55 0.053922612 
1013 346 12 19 0.052454233 
190 245 30 36 0.05067019 
345 247 25 31 0.04912268 
974 475 42 55 0.046916444 
880 244 46 52 0.046893068 
87 355 28 34 0.04656728 
17 207 40 52 0.04562588 
525 268 31 37 0.044866838 
49 228 32 35 0.043235302 
598 282 34 45 0.04317255 
862 43 168 259 0.042663615 
23 294 25 31 0.03955758 
271 577 46 53 0.035803318 
995 415 32 42 0.035272826 
680 256 84 106 0.035240445 
315 222 19 22 0.03459249 
325 250 28 34 0.033846825 
828 125 11 13 0.03323411 
8 284 28 37 0.03237924 
33 224 33 36 0.030702794 
581 328 38 60 0.028484963 
852 265 43 51 0.02819534 
188 538 45 56 0.02746208 
121 307 41 45 0.026419092 
180 632 12 14 0.026348874 
531 335 46 68 0.026347607 
825 120 9 12 0.026194451 
62 237 28 32 0.025354125 
413 247 27 31 0.025033608 
372 270 26 28 0.025004175 
652 237 85 105 0.024763705 
364 241 26 30 0.024719212 
205 647 9 11 0.024686178 
513 488 36 45 0.024082202 
609 252 26 34 0.023967294 
120 285 43 49 0.02396062 
129 330 41 47 0.022827169 
565 338 42 65 0.022795742 
564 256 26 33 0.022529026 
258 261 27 33 0.022151709 
729 225 37 41 0.021878203 
589 295 32 41 0.021822033 
248 274 44 56 0.021802215 
79 315 26 31 0.021647597 
382 244 27 29 0.021548484 
232 264 29 35 0.021026215 
718 286 105 152 0.020961149 
143 288 43 48 0.020923536 
539 279 28 33 0.020922823 
77 280 28 33 0.020768061 
501 268 30 34 0.02067731 
553 488 32 42 0.02067222 
81 391 131 162 0.020568525 
119 249 30 34 0.020377317 
605 185 99 134 0.02026016 
189 535 22 35 0.0201552 
