7_Cheering_Cheering_7_542
29
255 290 212 301 0.9998853 
553 130 242 333 0.9996061 
136 347 48 74 0.7277669 
4 339 29 41 0.72438693 
102 342 54 72 0.2563385 
873 288 16 21 0.15385313 
991 250 32 48 0.14512818 
83 326 37 51 0.1396989 
419 139 330 435 0.0689349 
57 285 26 31 0.056130525 
954 288 13 17 0.056066558 
915 349 28 35 0.052077334 
0 285 23 39 0.049890336 
909 279 42 54 0.04922857 
58 349 23 31 0.046352778 
1 273 28 35 0.034484383 
271 193 392 484 0.027459932 
7 359 31 39 0.026934378 
900 285 26 34 0.026822241 
86 314 29 39 0.026174288 
0 272 47 58 0.025611814 
919 287 49 61 0.02483607 
154 350 53 79 0.024281679 
61 335 41 55 0.024228076 
272 155 17 20 0.0229549 
50 277 43 54 0.022896292 
928 283 27 36 0.022603707 
673 -11 69 61 0.021475345 
0 290 13 22 0.020649875 
