7_Cheering_Cheering_7_29
1413
443 170 14 17 0.99003345 
889 216 15 20 0.9839085 
811 370 14 17 0.9638658 
977 337 14 19 0.9448248 
908 127 13 18 0.9333585 
571 219 15 19 0.9194435 
899 351 15 20 0.91276324 
21 152 16 19 0.90554476 
271 106 12 15 0.88575107 
936 117 11 15 0.85475695 
205 93 11 15 0.848212 
590 97 11 14 0.8431579 
245 46 10 12 0.84260696 
962 300 13 17 0.8361595 
883 368 15 19 0.8294488 
533 139 11 13 0.8223389 
591 125 13 17 0.80472076 
605 83 10 13 0.7936641 
619 179 13 17 0.7864018 
278 87 10 12 0.7757853 
380 116 14 17 0.757675 
340 131 14 16 0.74370915 
678 118 12 14 0.73433363 
218 70 9 11 0.72461563 
803 278 13 17 0.7103745 
325 274 15 19 0.6942972 
880 249 12 15 0.69011414 
707 101 13 16 0.68534636 
679 178 14 17 0.65666544 
155 267 15 17 0.6423869 
822 98 10 13 0.6260982 
921 95 9 12 0.61929137 
904 83 11 13 0.6128458 
684 272 16 19 0.6077195 
622 112 14 17 0.6064436 
173 77 10 13 0.59170747 
224 141 11 14 0.5878203 
254 229 14 18 0.58781755 
410 200 14 17 0.5860906 
761 130 12 15 0.5852248 
255 138 16 19 0.57820743 
1003 333 15 19 0.575419 
766 326 14 18 0.5744877 
94 294 12 14 0.57378554 
802 101 9 13 0.5646527 
725 163 14 17 0.5589396 
1005 88 10 12 0.5571348 
41 357 12 15 0.53832877 
719 117 12 16 0.5274488 
1000 188 12 15 0.52426046 
436 126 12 17 0.5151825 
192 160 12 17 0.5148821 
193 119 9 12 0.50907356 
551 90 12 14 0.48380128 
44 307 14 19 0.47944862 
836 340 16 18 0.47615805 
517 86 11 13 0.46325818 
408 328 11 12 0.45869532 
68 277 13 17 0.45817253 
195 274 12 14 0.44652122 
705 291 23 25 0.43856475 
454 338 11 13 0.43218252 
76 75 10 13 0.42793086 
165 147 9 12 0.42261642 
664 55 10 13 0.41862777 
356 245 12 15 0.4183267 
972 93 12 15 0.4084837 
310 87 10 12 0.40817976 
823 166 13 16 0.40260187 
172 109 11 14 0.3990262 
669 77 11 15 0.3957315 
901 326 12 16 0.39185384 
211 243 11 13 0.3845424 
100 213 13 17 0.38406453 
994 222 14 17 0.37706554 
127 269 13 16 0.3765116 
968 92 10 14 0.37475535 
909 175 13 15 0.37328738 
788 213 13 15 0.37240613 
823 268 13 16 0.3688193 
855 212 11 13 0.3619266 
697 132 11 14 0.36108252 
151 114 10 12 0.35410345 
976 194 13 15 0.34553462 
950 252 11 15 0.33598313 
613 361 11 13 0.33585536 
415 352 10 13 0.33410093 
477 334 13 16 0.33313552 
479 308 12 15 0.33294716 
79 155 11 15 0.33055258 
936 295 13 16 0.31821787 
371 152 15 20 0.315209 
943 93 11 14 0.31141776 
40 94 10 13 0.30599764 
556 88 10 13 0.30507085 
927 226 12 16 0.30046844 
767 268 13 16 0.29821315 
844 96 10 12 0.29729366 
513 87 10 13 0.29650745 
111 129 12 15 0.29294565 
247 103 9 12 0.2843217 
888 173 11 14 0.28411204 
559 187 12 14 0.28209898 
445 80 11 13 0.2765501 
670 242 24 27 0.27619928 
103 331 11 15 0.27245927 
168 118 9 11 0.27021316 
922 285 13 15 0.27020156 
350 342 10 13 0.26958278 
515 279 14 15 0.26821944 
979 123 10 14 0.26811308 
607 100 10 13 0.26647162 
66 335 12 13 0.26638165 
372 296 11 13 0.26424593 
505 81 8 10 0.26330543 
319 276 13 16 0.26091835 
84 148 11 15 0.2597328 
403 295 11 13 0.25639805 
161 142 10 13 0.2559503 
270 161 24 28 0.25502178 
1012 205 10 15 0.25350633 
823 233 13 17 0.25314626 
466 358 13 15 0.25068945 
888 90 11 15 0.24995762 
289 208 14 17 0.24333693 
72 91 10 12 0.2375581 
331 57 12 15 0.23672289 
237 301 8 11 0.23577407 
166 325 11 14 0.22839871 
973 213 15 18 0.22782324 
622 207 21 27 0.22561482 
379 200 16 20 0.21837196 
249 292 11 14 0.21820782 
855 125 11 12 0.21590587 
949 165 9 12 0.21059112 
2 114 12 15 0.21012995 
766 284 10 12 0.20717253 
577 127 11 14 0.20617136 
200 462 25 30 0.20550898 
658 104 14 17 0.20545691 
504 215 10 13 0.20531002 
922 140 11 15 0.20376228 
708 96 11 13 0.19928308 
826 294 12 14 0.1991493 
119 245 11 15 0.197535 
536 102 10 13 0.1967814 
44 348 15 18 0.19222544 
766 487 25 24 0.19174248 
880 109 12 15 0.1910945 
960 117 10 13 0.18978488 
676 76 11 14 0.18971995 
98 312 13 17 0.1894815 
497 107 10 14 0.18848194 
620 133 14 18 0.18748847 
950 189 11 14 0.1870888 
312 112 10 13 0.18707849 
153 318 11 13 0.18406652 
909 100 10 12 0.18336195 
37 167 13 16 0.18277678 
523 155 10 13 0.18207084 
387 311 11 13 0.18188481 
624 87 10 12 0.18181925 
309 229 16 21 0.18072045 
62 361 12 14 0.18071301 
157 102 9 11 0.17852898 
880 55 11 14 0.1783522 
960 86 8 11 0.1781096 
990 100 10 12 0.17761768 
666 156 16 19 0.17733055 
318 109 10 14 0.17508744 
678 139 13 15 0.17495108 
366 363 13 18 0.17024152 
854 94 8 10 0.16907361 
469 310 13 16 0.1686389 
605 237 14 17 0.16827528 
90 91 9 13 0.16792811 
920 196 12 14 0.16354932 
368 299 11 13 0.16205291 
904 172 12 16 0.16105862 
737 106 10 13 0.15998916 
758 109 12 14 0.1594871 
845 233 13 16 0.1591855 
559 107 9 12 0.1585489 
355 88 14 16 0.15779316 
779 102 12 14 0.15770866 
479 169 12 15 0.15769096 
0 338 13 21 0.15732537 
262 92 9 12 0.15477346 
607 211 13 17 0.15429741 
73 126 9 14 0.15119015 
885 114 9 12 0.15099066 
17 294 14 16 0.1505491 
916 131 12 15 0.14875336 
253 73 12 15 0.147732 
422 306 11 13 0.14717525 
646 139 10 14 0.14680257 
925 384 12 16 0.14641957 
520 110 11 13 0.1449535 
611 242 14 15 0.14470477 
702 319 15 18 0.14467454 
160 295 10 14 0.14348361 
737 62 9 12 0.14141881 
353 182 10 13 0.14068937 
489 275 11 14 0.1395576 
101 205 12 15 0.13952503 
695 70 11 14 0.13936177 
807 211 11 14 0.13926987 
240 263 8 11 0.13646826 
351 92 12 14 0.13559827 
564 158 11 14 0.13478413 
837 202 11 14 0.13463227 
199 318 12 14 0.13165765 
999 262 11 14 0.13162552 
45 98 10 14 0.13059327 
775 310 11 15 0.12938768 
535 255 14 20 0.12902896 
192 152 10 12 0.12585947 
767 100 9 12 0.12403242 
615 420 11 14 0.12362243 
551 188 12 14 0.12346784 
200 70 8 11 0.12320313 
739 139 13 18 0.12310087 
670 100 11 13 0.12209981 
924 133 10 12 0.12021813 
774 316 13 18 0.12015188 
448 318 10 13 0.12006671 
85 316 13 16 0.11977671 
1011 92 12 15 0.11852397 
724 121 12 14 0.11839759 
648 243 12 15 0.11829566 
614 174 14 17 0.11743107 
652 63 10 13 0.11718912 
495 291 11 13 0.116558574 
524 115 10 13 0.116375625 
503 267 10 12 0.116120584 
507 219 13 15 0.11559753 
976 120 11 13 0.11514102 
582 124 10 14 0.114918634 
577 110 8 11 0.114785105 
821 215 15 17 0.114223875 
675 130 14 17 0.113515764 
869 92 9 12 0.112639084 
216 118 10 11 0.11258481 
84 333 13 16 0.11227519 
784 89 10 12 0.11189407 
473 253 11 14 0.1113843 
8 56 8 10 0.11131908 
120 101 9 11 0.1112644 
100 180 16 20 0.1109919 
262 300 12 15 0.11004397 
406 343 11 13 0.10972729 
919 191 10 13 0.109609306 
564 182 12 14 0.10921067 
675 306 15 21 0.10911079 
171 375 12 14 0.10860277 
888 270 11 14 0.10794899 
77 225 14 16 0.10789617 
612 280 24 28 0.10775631 
695 61 10 12 0.107317604 
352 402 12 15 0.10721442 
459 333 10 14 0.10703424 
378 46 10 13 0.106737316 
232 326 10 14 0.10631695 
862 249 13 16 0.10602684 
840 318 14 15 0.10458146 
280 243 12 15 0.104296066 
456 140 12 15 0.10316232 
725 79 8 11 0.10298839 
585 101 10 12 0.10281161 
341 145 15 19 0.1025366 
595 99 11 15 0.102272704 
860 212 11 14 0.10198831 
423 341 11 13 0.101680756 
457 120 10 12 0.10151075 
436 199 10 13 0.101344734 
985 100 10 12 0.10051323 
190 47 8 11 0.09983533 
933 352 15 17 0.09971673 
696 158 10 13 0.098624125 
42 171 12 14 0.09827063 
356 276 13 15 0.09819881 
486 204 10 13 0.09797009 
492 186 12 15 0.09659726 
45 71 11 14 0.09604752 
837 180 10 14 0.095878944 
125 102 9 11 0.09515686 
501 104 10 12 0.09460649 
325 103 10 13 0.094331145 
135 116 10 13 0.093588 
379 183 16 20 0.09345638 
442 131 11 13 0.09306167 
36 263 12 13 0.09283856 
244 70 14 16 0.092207275 
317 184 14 17 0.091805436 
480 84 10 11 0.09175487 
324 107 12 16 0.0915405 
741 62 9 11 0.09118153 
278 130 12 15 0.090892084 
941 134 9 12 0.09065859 
780 135 9 11 0.09065334 
827 229 14 17 0.090547554 
274 100 14 19 0.09021679 
961 123 10 13 0.08924626 
816 308 11 14 0.08903908 
652 38 10 13 0.08880066 
159 24 9 13 0.08867979 
813 212 11 14 0.088422626 
612 85 11 13 0.08831388 
255 108 8 11 0.08824968 
649 42 13 17 0.08798157 
215 124 10 12 0.08773692 
85 339 14 17 0.08752704 
672 125 13 14 0.08731713 
373 332 11 12 0.087149255 
680 243 17 19 0.08681672 
968 285 12 13 0.08647682 
302 71 8 10 0.086225934 
759 104 10 11 0.08603748 
966 87 10 13 0.08589703 
840 234 10 15 0.08567868 
285 130 12 14 0.0849121 
552 111 9 11 0.084911145 
135 134 9 12 0.084830865 
542 86 10 12 0.08473966 
57 80 9 11 0.084694035 
679 252 24 28 0.08410594 
169 319 10 13 0.08388302 
261 70 9 12 0.083747044 
884 326 11 13 0.083275355 
924 203 14 16 0.08318943 
914 177 14 16 0.08318123 
453 84 10 12 0.08287299 
289 51 9 12 0.08256998 
408 349 10 12 0.08251587 
777 106 10 13 0.08240872 
74 85 12 14 0.082274474 
660 285 12 16 0.08205385 
533 224 14 17 0.08165563 
864 103 10 12 0.081402496 
801 96 10 13 0.08136179 
630 370 13 15 0.08087849 
75 130 12 17 0.08079489 
664 304 24 30 0.080568604 
525 199 12 14 0.08028544 
308 264 13 15 0.08027496 
390 143 14 16 0.08009738 
390 161 13 17 0.08008566 
966 125 9 12 0.07995502 
311 181 13 17 0.07987252 
676 156 12 14 0.079804875 
626 136 17 20 0.07943083 
733 235 13 17 0.0793638 
21 125 10 11 0.07933875 
112 348 10 13 0.079295784 
372 278 9 13 0.079050034 
957 111 10 12 0.07887063 
848 291 12 15 0.07859109 
416 408 9 11 0.07858035 
6 141 10 12 0.078486286 
239 97 10 12 0.078411035 
265 109 11 14 0.07809378 
849 275 12 16 0.077977516 
923 98 11 13 0.07794523 
1007 98 9 12 0.07785925 
152 322 13 17 0.077584825 
118 406 13 17 0.07739393 
1003 195 14 16 0.077352345 
678 145 12 17 0.077339925 
883 332 11 14 0.07709744 
110 341 10 13 0.076765 
377 93 10 13 0.07672065 
183 79 9 12 0.07614241 
876 261 12 15 0.07584745 
384 405 12 14 0.07568044 
508 149 11 15 0.075529456 
726 180 13 16 0.07543157 
462 62 11 11 0.07536733 
441 83 11 13 0.0753326 
207 192 12 15 0.075090975 
485 181 12 16 0.07505941 
765 333 16 21 0.074835226 
581 108 11 14 0.074555725 
727 361 13 16 0.07445394 
137 111 9 12 0.07425054 
551 129 12 15 0.07409472 
856 131 12 14 0.074029885 
16 325 11 15 0.07360209 
956 335 9 12 0.073558636 
951 87 10 12 0.07349902 
49 143 8 11 0.07349568 
525 181 11 14 0.0733172 
284 254 11 14 0.07307198 
202 99 10 12 0.07293502 
189 79 8 11 0.072825864 
303 328 14 18 0.072570875 
618 288 15 17 0.07256741 
417 355 13 15 0.072560236 
903 93 12 16 0.07255446 
344 99 11 14 0.07245063 
239 70 13 15 0.07185051 
420 348 13 16 0.07164222 
158 136 11 13 0.07163194 
757 259 12 14 0.07139649 
959 275 10 12 0.07091157 
768 38 10 13 0.07064736 
158 117 10 12 0.07056776 
560 162 12 14 0.070516795 
545 93 11 13 0.070409484 
955 253 12 16 0.07039987 
620 121 16 19 0.07021983 
891 275 12 14 0.07009721 
222 109 10 12 0.06995698 
502 181 13 17 0.068941265 
635 138 15 18 0.068888955 
734 122 11 13 0.06795566 
716 188 10 13 0.06794012 
533 172 13 17 0.067684926 
479 177 14 17 0.067666985 
31 88 9 10 0.067634374 
799 159 10 11 0.067479685 
306 211 12 14 0.06731015 
399 344 9 11 0.06721124 
945 186 12 16 0.067208044 
30 93 11 13 0.06711317 
1002 93 9 12 0.06701333 
188 84 9 11 0.066703394 
544 189 11 14 0.0660712 
318 253 11 13 0.06604742 
414 343 11 14 0.065964274 
765 150 13 17 0.06589424 
303 205 11 15 0.06580046 
655 467 13 15 0.06557692 
965 118 9 12 0.06504204 
1007 116 8 11 0.064884156 
983 95 10 13 0.06474997 
173 318 9 11 0.06466813 
469 64 11 12 0.06452055 
509 264 10 12 0.0645103 
132 259 14 17 0.06388663 
660 125 11 14 0.063704476 
308 325 14 17 0.06370365 
145 155 9 11 0.06368184 
814 477 11 13 0.063552395 
170 73 9 11 0.063189335 
951 103 10 11 0.06318278 
685 149 10 13 0.06300419 
113 99 9 12 0.06298063 
144 95 8 11 0.06287476 
731 168 13 15 0.06264491 
660 140 13 14 0.0616119 
1002 183 15 17 0.061536547 
186 217 17 21 0.061312858 
691 291 15 19 0.061258346 
829 171 11 14 0.060759876 
272 79 9 11 0.060738016 
978 217 13 17 0.060602915 
80 322 14 16 0.060532402 
474 339 12 14 0.060413763 
618 252 13 17 0.060181614 
598 440 9 12 0.06007366 
502 114 9 12 0.05999805 
173 105 9 12 0.059973 
940 140 13 16 0.05995276 
803 234 13 14 0.059912108 
460 123 11 12 0.059665725 
949 269 10 15 0.059481468 
768 207 10 13 0.059410207 
718 168 15 18 0.059250146 
711 115 12 16 0.059118174 
206 249 14 17 0.058924425 
205 108 10 12 0.058917582 
785 494 12 13 0.058851518 
917 201 15 18 0.058789615 
481 203 10 13 0.058732968 
116 346 12 16 0.058522288 
206 239 19 23 0.058347613 
254 297 13 15 0.058320343 
893 206 12 15 0.05810376 
155 109 11 14 0.058052536 
835 116 11 14 0.057973843 
328 78 10 14 0.057578333 
117 119 10 12 0.05756722 
816 218 11 15 0.057338875 
134 94 9 12 0.057263076 
134 87 8 11 0.057223473 
240 296 10 13 0.057208195 
278 259 12 14 0.057189934 
628 89 11 14 0.057127334 
791 295 9 13 0.057087578 
492 200 14 17 0.056908183 
957 104 8 10 0.05669829 
80 331 13 15 0.056555577 
207 141 11 14 0.056542974 
925 146 10 13 0.056510303 
810 275 14 17 0.056485265 
483 166 11 13 0.056368187 
492 271 10 13 0.056198843 
927 125 10 14 0.056163803 
440 334 9 13 0.055988505 
113 109 9 11 0.055948935 
543 119 9 11 0.055574097 
380 158 14 19 0.05556216 
798 236 13 15 0.05549516 
457 60 11 12 0.055459727 
454 370 12 16 0.05521443 
382 333 11 13 0.05520093 
654 139 12 15 0.055112943 
293 131 11 13 0.055097613 
880 104 9 13 0.054937907 
317 259 12 14 0.054865047 
930 221 14 18 0.054740053 
535 95 9 12 0.054733604 
670 108 11 14 0.054552972 
991 149 11 13 0.05419829 
667 148 14 17 0.054131918 
418 136 15 18 0.05411063 
454 246 13 16 0.05402169 
481 338 15 17 0.053933013 
530 135 10 14 0.053927574 
685 298 12 17 0.053865984 
164 300 9 13 0.05384989 
998 201 13 17 0.053747382 
763 117 11 14 0.053354803 
350 186 14 17 0.05331971 
157 282 12 15 0.053309854 
450 339 10 13 0.05327416 
538 86 8 10 0.053216428 
221 123 11 13 0.0531994 
999 100 8 11 0.052960068 
313 131 11 15 0.052910533 
391 95 11 13 0.052746415 
520 104 9 11 0.052715592 
564 175 13 16 0.05266675 
375 268 9 12 0.052608162 
524 187 11 12 0.05260795 
351 318 10 12 0.052540567 
295 77 9 11 0.05250393 
338 165 14 17 0.052468672 
142 140 9 10 0.052262824 
791 125 9 12 0.052200157 
77 405 12 14 0.05213442 
184 149 9 11 0.052081898 
542 106 9 12 0.052039422 
566 108 8 11 0.052032482 
897 341 16 20 0.0520195 
399 116 13 15 0.05192386 
893 87 10 13 0.051916797 
852 297 13 15 0.05187541 
407 94 10 12 0.051848173 
616 109 11 15 0.05169106 
891 176 12 15 0.051544853 
345 347 11 14 0.051516585 
478 328 14 15 0.051491193 
717 180 13 16 0.051434074 
398 99 11 13 0.051325947 
796 219 13 17 0.051284883 
379 51 12 14 0.051101442 
967 68 9 12 0.051063534 
645 117 10 14 0.051057205 
638 123 12 15 0.051051654 
471 290 12 14 0.050981686 
639 107 9 12 0.050923973 
827 100 9 13 0.05089729 
78 138 12 15 0.05068024 
366 170 12 17 0.05064509 
13 92 8 12 0.05061824 
274 146 16 17 0.050577212 
535 235 11 13 0.050513983 
896 329 14 17 0.050048288 
185 116 9 11 0.050016586 
386 197 14 18 0.049915742 
1009 165 11 13 0.04977194 
110 77 12 16 0.04966322 
161 156 10 12 0.049519625 
96 69 10 13 0.04942658 
508 174 10 13 0.04941822 
804 272 13 15 0.04924017 
202 191 9 13 0.049199056 
610 204 19 25 0.048840564 
333 181 10 13 0.048831075 
563 439 10 12 0.04876966 
32 269 12 15 0.048679583 
54 261 12 14 0.048603922 
817 96 11 13 0.04853221 
544 156 11 14 0.048501432 
790 61 8 11 0.048280615 
368 283 11 14 0.048084315 
695 282 25 29 0.048029125 
741 359 13 18 0.047955252 
303 227 14 19 0.04784906 
323 348 11 15 0.047762357 
66 439 13 14 0.047541253 
197 241 14 18 0.047521543 
796 213 11 15 0.047510087 
452 380 12 14 0.047476996 
772 213 13 15 0.047392882 
655 310 22 28 0.047325376 
452 308 10 14 0.047323674 
69 259 17 18 0.04722145 
519 201 12 16 0.04715672 
166 122 9 11 0.047137406 
998 326 14 18 0.04707103 
41 77 8 11 0.04678826 
362 128 15 18 0.046612564 
188 261 14 18 0.046465956 
328 65 11 14 0.046424434 
454 347 11 13 0.046373334 
366 158 14 20 0.04621281 
972 203 15 17 0.046132423 
270 91 13 16 0.04569866 
89 296 13 17 0.045592543 
550 228 11 15 0.045456618 
947 91 12 14 0.04544725 
478 343 13 15 0.045315146 
174 188 10 14 0.045302283 
130 55 8 11 0.045287374 
388 332 10 13 0.045206547 
941 243 11 15 0.045185793 
763 138 12 13 0.045042433 
606 169 15 19 0.04503457 
668 289 14 18 0.045010082 
142 115 10 13 0.044996988 
303 181 10 15 0.04489051 
741 234 12 17 0.04456044 
430 120 13 17 0.04437508 
366 307 11 13 0.044358265 
850 230 13 16 0.044308893 
38 87 9 12 0.044196784 
68 268 17 20 0.044155236 
126 372 11 14 0.043832075 
315 84 11 14 0.043747537 
824 140 10 14 0.043738104 
248 233 13 17 0.043701366 
58 83 13 14 0.043687653 
0 317 8 14 0.043684587 
686 156 10 12 0.04354907 
830 131 13 16 0.043419123 
716 110 12 16 0.043403063 
151 95 8 11 0.043401595 
335 172 11 14 0.04332728 
691 235 16 17 0.043323286 
589 444 11 13 0.04323578 
303 221 12 14 0.04313716 
162 275 12 14 0.04312831 
870 211 11 15 0.043126322 
849 123 11 14 0.04302112 
357 106 12 14 0.042926814 
305 89 11 15 0.04291932 
17 126 10 12 0.042855397 
538 140 11 14 0.04257125 
835 125 12 14 0.042517077 
36 241 14 18 0.042510487 
1005 194 20 26 0.042468235 
712 124 9 12 0.042468198 
687 412 13 19 0.042412233 
92 329 14 18 0.042310078 
949 337 14 17 0.042274944 
373 98 12 16 0.04223377 
669 139 14 16 0.042163536 
894 294 13 16 0.042123307 
540 220 12 16 0.042042635 
375 109 12 15 0.042007808 
455 326 10 12 0.041937526 
0 324 8 14 0.041754283 
1011 86 11 14 0.041640002 
550 172 11 14 0.0416396 
384 267 11 14 0.041469797 
777 322 13 18 0.04146264 
749 146 11 17 0.04142454 
454 291 9 13 0.04129959 
233 245 11 15 0.04129908 
339 135 20 23 0.0412983 
378 148 14 19 0.04127469 
393 348 9 12 0.04122758 
868 100 11 14 0.041217692 
168 104 10 11 0.041114397 
344 188 11 14 0.0411002 
488 281 12 16 0.041072525 
480 91 11 13 0.04105942 
197 283 11 12 0.0409979 
395 371 11 15 0.040980533 
27 160 15 17 0.04087678 
661 146 15 17 0.040854372 
523 282 12 14 0.040832233 
671 73 11 13 0.040769562 
373 142 13 16 0.040737428 
247 166 11 15 0.040737193 
775 95 10 13 0.040701702 
945 158 9 11 0.04062111 
717 146 12 16 0.040586222 
876 205 11 16 0.04046729 
274 85 19 22 0.04035615 
577 118 10 13 0.04030227 
312 276 12 16 0.040203836 
894 167 11 15 0.04019546 
95 252 13 17 0.040155213 
370 367 14 17 0.040115573 
168 311 8 11 0.040084653 
796 370 14 17 0.04003591 
798 226 14 17 0.04001322 
760 329 15 19 0.03992834 
110 137 12 14 0.039896145 
5 146 12 15 0.03981439 
88 99 9 12 0.03978123 
325 181 11 15 0.039767846 
176 407 10 13 0.039738685 
180 317 9 12 0.039730538 
344 124 16 20 0.03968721 
723 289 15 19 0.03965222 
459 135 11 13 0.03959217 
393 367 10 13 0.039494965 
848 283 12 17 0.039482724 
688 404 12 17 0.039470498 
947 170 12 14 0.039458297 
432 443 11 12 0.039379183 
100 193 15 19 0.039296098 
40 301 12 16 0.039284896 
486 118 12 14 0.039271057 
664 412 11 12 0.039266936 
807 124 12 14 0.039255083 
668 252 18 22 0.039209284 
183 94 10 13 0.03908982 
733 402 16 20 0.039088603 
364 101 13 17 0.03898906 
473 134 11 14 0.038940612 
654 310 11 15 0.038874265 
462 101 10 12 0.038850415 
349 192 14 19 0.03881667 
578 224 14 16 0.03879421 
798 293 11 14 0.03878086 
176 436 12 15 0.038723633 
585 361 9 12 0.03870574 
1010 188 12 15 0.038669083 
1007 138 11 14 0.03861273 
303 383 10 13 0.038609322 
136 102 9 10 0.03855294 
917 167 11 13 0.03832122 
93 348 12 15 0.03817061 
233 260 10 13 0.038143627 
909 292 11 13 0.038140506 
120 269 14 15 0.038097132 
207 69 9 12 0.03784826 
118 97 9 12 0.037817813 
217 146 10 13 0.03777973 
803 216 14 19 0.03774996 
526 164 10 14 0.03768306 
125 185 14 19 0.03766387 
30 274 13 16 0.037624206 
870 88 10 12 0.037605304 
158 96 9 11 0.037573684 
211 92 12 16 0.037513286 
594 119 15 18 0.03745473 
542 213 11 15 0.037432063 
863 220 9 12 0.037237514 
422 336 11 13 0.037206966 
376 87 9 12 0.037179638 
782 216 15 17 0.037142016 
0 201 10 16 0.037097074 
55 133 8 10 0.03690961 
523 87 9 11 0.03687691 
911 206 12 15 0.036706936 
335 126 13 18 0.03668564 
174 287 10 15 0.03664475 
737 135 11 14 0.03659139 
217 292 9 12 0.036573272 
437 364 10 12 0.036542352 
690 242 15 18 0.036503628 
884 98 13 16 0.036496878 
918 379 15 19 0.036447268 
550 165 10 12 0.036342926 
689 265 23 27 0.036192633 
297 70 9 11 0.036142655 
980 237 11 14 0.03612893 
766 287 13 18 0.03612392 
741 124 9 12 0.036110587 
111 243 14 19 0.036090203 
854 99 10 13 0.0360864 
614 445 8 10 0.03596957 
846 298 12 16 0.03592713 
471 139 13 18 0.035864633 
658 282 22 29 0.03580388 
478 70 9 11 0.035774335 
940 497 14 14 0.03558959 
181 259 12 17 0.035507113 
566 193 12 14 0.035465285 
570 187 12 15 0.03545048 
758 147 13 18 0.035405375 
10 266 14 17 0.03540114 
611 164 14 20 0.035385843 
836 318 20 26 0.035380736 
509 80 9 12 0.03520947 
237 318 12 15 0.03518143 
675 276 20 27 0.035176575 
183 112 9 12 0.035147265 
643 326 12 15 0.035140634 
991 325 12 15 0.035127047 
769 325 19 25 0.035119057 
332 109 12 17 0.03506546 
93 371 14 17 0.035010435 
461 325 11 14 0.034992237 
683 306 13 20 0.034957577 
165 282 11 14 0.034881815 
815 233 13 16 0.034850832 
619 204 17 22 0.034847226 
477 239 12 14 0.034829475 
196 404 11 13 0.034766022 
39 195 14 18 0.03472326 
128 95 9 12 0.03457568 
822 316 10 13 0.03454766 
527 218 16 19 0.03454588 
540 134 11 14 0.034525525 
761 266 12 16 0.03442823 
883 339 14 19 0.03433794 
232 252 10 13 0.03431001 
856 177 13 15 0.034294013 
770 260 15 18 0.03417061 
718 157 12 17 0.034168135 
528 172 11 17 0.03405748 
869 251 12 16 0.034020934 
646 340 10 15 0.033993486 
792 246 10 13 0.033992358 
190 113 19 24 0.033986446 
783 127 10 13 0.033974014 
720 83 9 11 0.03397211 
519 123 10 14 0.03391233 
535 274 13 17 0.033888247 
698 163 11 15 0.033863373 
79 100 10 12 0.033842638 
944 202 11 15 0.033834297 
940 238 10 14 0.033818584 
557 173 14 16 0.03381458 
205 257 14 16 0.033765867 
391 341 9 13 0.03373579 
1008 238 12 14 0.033700213 
355 348 11 14 0.033667877 
1004 333 22 30 0.033643313 
134 69 9 12 0.033621337 
536 126 10 13 0.033565406 
693 94 10 13 0.033492673 
782 293 12 14 0.033420254 
353 282 11 13 0.0333667 
519 242 13 18 0.033338867 
460 250 11 15 0.03332189 
999 118 9 11 0.033314236 
688 101 10 11 0.033260964 
8 102 9 11 0.03305379 
742 330 12 16 0.03303283 
653 50 12 15 0.032985695 
32 256 21 25 0.032972824 
343 144 23 28 0.032871127 
668 171 13 17 0.032847427 
753 109 11 13 0.032762393 
320 104 11 14 0.032737497 
103 69 10 13 0.032733362 
555 228 13 16 0.032704785 
548 194 13 16 0.032541513 
342 107 12 15 0.03253382 
1013 158 11 15 0.03253007 
958 165 10 13 0.032513443 
929 156 10 13 0.032432143 
335 327 10 13 0.032383535 
221 102 10 12 0.03236197 
360 357 11 14 0.03234163 
952 108 11 13 0.032162186 
214 98 10 13 0.032037765 
737 84 11 13 0.032014973 
750 228 12 17 0.03200536 
618 245 13 16 0.031965822 
110 70 10 15 0.031946316 
463 65 13 14 0.031861704 
776 138 10 13 0.031805906 
646 283 12 16 0.031784542 
505 154 12 16 0.031752642 
368 326 12 15 0.03169902 
25 92 10 13 0.031661328 
237 236 13 17 0.031610694 
144 196 11 16 0.031488862 
169 72 19 23 0.031431384 
742 40 8 11 0.031399466 
901 286 11 14 0.03136604 
461 166 10 15 0.031323418 
1013 141 9 13 0.031158168 
220 468 14 18 0.031141587 
845 444 13 20 0.031140199 
774 253 12 14 0.031128813 
71 71 19 22 0.03108106 
901 147 10 14 0.031039914 
93 76 12 14 0.030918844 
902 167 11 14 0.030909883 
105 84 9 13 0.030908415 
236 253 11 14 0.030906145 
629 290 13 16 0.030867094 
142 100 9 12 0.030864533 
567 151 11 14 0.03082334 
871 266 12 15 0.030791156 
233 101 9 12 0.030648649 
504 223 13 17 0.030637825 
731 357 15 18 0.030585686 
699 235 13 16 0.030501045 
351 175 11 14 0.030484881 
237 171 14 16 0.03046846 
936 138 12 15 0.030446742 
60 259 14 16 0.030396812 
534 144 11 15 0.030310584 
803 105 12 15 0.030232072 
966 111 10 12 0.03022943 
454 98 11 15 0.030215384 
736 57 9 11 0.030199753 
453 301 10 14 0.030190466 
471 128 10 12 0.030134622 
413 132 15 19 0.030093113 
940 113 11 13 0.030089105 
169 83 10 12 0.03004742 
657 322 26 30 0.030020826 
336 421 11 13 0.030011162 
670 299 13 17 0.029980777 
89 318 19 24 0.02991875 
182 335 10 14 0.029893642 
155 29 10 13 0.029885905 
495 212 11 14 0.029859858 
833 204 11 15 0.029854622 
405 287 12 14 0.029795278 
97 326 19 24 0.029783288 
895 251 11 15 0.02977173 
896 412 13 16 0.029756859 
569 125 9 13 0.029684354 
540 172 12 16 0.02966878 
398 122 12 16 0.029646907 
40 293 10 14 0.029640263 
693 108 11 14 0.029593058 
454 236 13 15 0.029513733 
997 255 13 16 0.029469514 
454 328 18 24 0.029429885 
911 158 10 11 0.029408984 
118 150 12 14 0.029390255 
770 284 13 15 0.029306382 
700 127 13 16 0.029284079 
47 117 8 11 0.029247178 
814 268 14 17 0.029184764 
871 300 13 18 0.029144745 
975 224 12 15 0.029087244 
393 156 16 19 0.029082075 
242 42 18 22 0.029041499 
669 405 14 17 0.029034944 
463 303 9 13 0.029028438 
684 110 12 14 0.028979944 
731 186 12 14 0.02897082 
656 74 11 15 0.028889548 
432 94 8 10 0.028881893 
975 268 10 13 0.02878648 
388 121 13 16 0.028778348 
633 213 18 22 0.028764784 
688 279 17 22 0.028764572 
65 356 14 17 0.028759595 
975 128 11 15 0.028679846 
840 309 14 16 0.028674072 
118 485 10 12 0.02865657 
220 74 11 13 0.028653175 
407 320 11 12 0.028636442 
150 262 16 19 0.028633868 
638 299 11 15 0.028602375 
660 113 12 16 0.028551823 
361 189 23 29 0.02848219 
966 279 10 12 0.02846019 
196 243 22 27 0.02843083 
316 127 12 14 0.028390834 
315 173 13 17 0.028355926 
752 115 10 14 0.028335124 
240 189 11 13 0.028307881 
209 126 9 11 0.02829317 
724 413 14 19 0.028235039 
975 181 13 17 0.0282237 
422 177 11 15 0.028222881 
471 169 12 16 0.028205635 
844 253 10 13 0.02820283 
822 189 12 16 0.0282003 
672 177 14 19 0.028158415 
733 280 13 21 0.028064152 
158 378 14 15 0.028043723 
447 350 9 13 0.02801513 
886 340 21 27 0.027998125 
1014 148 10 14 0.027985387 
649 85 9 12 0.027956787 
43 260 15 16 0.02788723 
937 93 9 12 0.027882438 
860 299 11 14 0.0278769 
761 278 12 15 0.027835129 
366 350 11 15 0.02780552 
226 134 14 18 0.02779852 
601 79 18 21 0.027774638 
869 117 12 15 0.02777345 
798 409 13 17 0.027749944 
98 355 14 17 0.027728142 
530 135 19 22 0.027715446 
246 292 18 23 0.027704746 
571 155 11 15 0.027663173 
29 299 12 16 0.027646827 
372 359 14 16 0.027610445 
390 133 12 14 0.027595695 
756 234 13 16 0.027584016 
880 86 9 12 0.027544765 
1005 206 14 19 0.027474256 
690 251 16 19 0.02747413 
293 48 8 11 0.027459675 
347 434 15 18 0.027411375 
263 64 9 11 0.027403792 
1006 227 12 14 0.027399072 
535 246 12 16 0.027381053 
86 86 19 25 0.02736957 
182 251 11 15 0.027354142 
780 253 10 13 0.027318321 
469 274 10 13 0.027314395 
933 237 14 17 0.02724393 
916 209 14 17 0.027184837 
304 198 11 16 0.027158283 
531 212 16 20 0.027135422 
656 95 10 13 0.02707293 
62 173 10 12 0.02704958 
682 290 21 29 0.026968341 
472 307 20 24 0.026943076 
43 247 15 19 0.026937798 
12 140 11 14 0.026924519 
751 223 8 11 0.026901456 
284 364 11 13 0.026894938 
805 118 11 14 0.026885917 
748 62 10 12 0.026821496 
269 194 16 20 0.026782602 
142 252 13 17 0.026721714 
402 109 15 17 0.026684742 
128 117 9 13 0.026645606 
168 106 18 23 0.026633542 
300 131 11 14 0.026625538 
440 91 10 13 0.026624134 
730 62 9 12 0.02660838 
263 114 11 14 0.026588567 
638 318 10 12 0.026581846 
269 70 9 12 0.026570749 
498 86 8 11 0.02655588 
174 312 10 13 0.026500503 
533 197 11 16 0.026478766 
400 276 11 14 0.026469324 
386 144 21 25 0.026452977 
541 124 11 14 0.026423145 
159 71 9 10 0.026392883 
558 141 10 13 0.026369873 
902 317 12 17 0.026360443 
427 347 11 15 0.026358569 
939 219 12 16 0.026272545 
830 158 10 14 0.026223667 
281 145 16 19 0.026138015 
197 479 16 19 0.026118245 
694 150 11 13 0.026094964 
176 149 8 11 0.026085835 
31 249 103 118 0.026059754 
31 354 12 15 0.026049897 
450 165 16 20 0.025962891 
373 205 16 19 0.025949629 
760 179 11 14 0.025938798 
484 211 13 15 0.025912631 
869 219 10 13 0.025876043 
860 148 13 16 0.025840512 
816 364 15 21 0.025829125 
478 185 13 16 0.02576209 
205 76 9 12 0.025761936 
318 93 9 12 0.025705235 
350 107 12 14 0.025667712 
1015 115 8 12 0.025654886 
784 205 12 15 0.02563535 
45 295 10 13 0.025631784 
601 241 12 16 0.025629364 
414 319 10 12 0.025622202 
668 275 14 20 0.025606096 
221 299 11 15 0.025580281 
312 257 21 25 0.025548896 
88 109 8 11 0.025541494 
196 259 16 18 0.02553527 
996 210 16 20 0.025528817 
73 157 11 14 0.025514442 
306 82 18 22 0.02551396 
510 144 9 12 0.025511244 
518 150 18 23 0.025498696 
334 185 12 17 0.025494926 
302 240 13 18 0.025412114 
782 197 10 13 0.025394596 
181 213 17 19 0.025351493 
275 129 21 24 0.025320778 
623 290 24 30 0.025294537 
327 96 9 11 0.025292547 
795 242 13 16 0.025287881 
484 78 9 12 0.025287459 
1006 126 10 11 0.025269657 
381 372 12 14 0.025266053 
993 196 12 15 0.025254555 
748 333 13 16 0.025236463 
201 321 15 17 0.025196262 
351 261 10 13 0.025172183 
936 70 9 12 0.025162457 
933 325 9 13 0.025142135 
740 166 11 14 0.025137367 
968 211 13 17 0.025104057 
678 420 11 15 0.025090642 
52 92 12 14 0.025008295 
714 323 15 17 0.025007425 
187 222 21 28 0.024976512 
648 307 9 13 0.024938997 
655 339 11 16 0.024923718 
190 128 12 15 0.024901472 
415 302 10 13 0.024894208 
381 347 10 14 0.024891928 
614 91 11 15 0.02488282 
587 236 11 14 0.024881903 
726 305 13 18 0.024825908 
404 121 15 17 0.02482396 
994 260 11 14 0.024777643 
213 201 13 16 0.024775788 
128 140 10 12 0.024738336 
725 95 9 12 0.024734749 
951 233 12 15 0.024714563 
447 93 11 13 0.024706896 
515 208 15 19 0.024678055 
309 240 14 18 0.02466177 
623 365 10 13 0.024656322 
55 149 8 11 0.024648888 
70 99 11 13 0.024601568 
635 202 16 21 0.024586843 
735 144 14 17 0.024579238 
52 342 12 15 0.024507282 
263 170 13 17 0.024492912 
207 117 10 11 0.02446437 
104 76 11 16 0.024451226 
390 380 9 13 0.024445096 
818 95 18 21 0.024443293 
149 150 10 13 0.02443767 
153 141 9 11 0.02442259 
109 409 13 16 0.024349123 
339 277 11 14 0.024323666 
151 71 8 11 0.024317088 
837 211 12 15 0.024316607 
627 222 16 19 0.02429504 
577 114 19 23 0.02428178 
6 165 12 15 0.024274198 
980 270 10 13 0.024262322 
958 235 11 14 0.024247542 
214 64 18 23 0.02422407 
465 220 10 13 0.024213353 
63 334 19 22 0.024197295 
901 80 18 22 0.024127552 
399 290 18 22 0.02412752 
315 104 18 23 0.02410273 
948 326 13 16 0.024092952 
54 282 14 16 0.024083378 
53 355 11 15 0.024036733 
25 88 9 11 0.02403657 
713 285 18 21 0.024025053 
851 133 20 25 0.02402346 
934 188 12 14 0.024012974 
1004 183 21 25 0.024007808 
358 317 10 13 0.02398752 
15 133 9 12 0.023983574 
555 131 12 14 0.023970937 
102 410 14 16 0.023962481 
805 196 14 16 0.023949126 
439 327 10 12 0.023914449 
181 381 11 13 0.023905065 
190 242 12 17 0.023898378 
53 274 14 17 0.02388197 
51 301 13 15 0.02387805 
839 161 12 16 0.023830198 
448 302 10 15 0.023822464 
406 155 13 17 0.023812767 
214 86 10 12 0.023810284 
137 422 10 12 0.023807056 
376 40 9 10 0.023732321 
189 466 26 32 0.023722313 
312 151 10 13 0.02371196 
997 316 11 15 0.023710016 
806 299 12 15 0.023681311 
158 328 13 17 0.023671469 
921 280 11 14 0.023648635 
263 127 12 15 0.023641402 
271 219 12 17 0.02363087 
526 92 9 12 0.02361356 
9 286 21 29 0.023605514 
134 125 10 13 0.023576735 
599 361 8 10 0.023543805 
540 246 12 14 0.02353141 
396 132 14 16 0.023501972 
365 195 13 19 0.023498258 
365 85 10 13 0.023486977 
811 260 14 16 0.023481833 
80 347 14 17 0.023474963 
52 143 10 12 0.02344777 
567 142 11 13 0.023434127 
459 410 15 19 0.023386868 
60 345 16 18 0.023385681 
632 421 12 14 0.023363112 
805 165 11 14 0.02336168 
539 178 14 17 0.023357764 
110 477 8 12 0.023355732 
119 109 10 13 0.023351427 
174 180 13 18 0.023325553 
268 291 12 16 0.023321629 
645 108 10 14 0.023301246 
644 309 23 29 0.023289353 
161 261 15 19 0.023257583 
46 156 12 14 0.023244912 
354 149 21 28 0.023233613 
16 149 15 18 0.023205288 
693 100 9 12 0.023194375 
630 120 21 26 0.02317809 
45 320 14 17 0.023173517 
295 244 11 14 0.023088668 
16 159 13 17 0.023086857 
681 121 13 16 0.02306079 
60 268 14 19 0.023058126 
671 283 21 29 0.02300031 
506 187 12 16 0.022990316 
477 127 10 13 0.022989698 
908 167 14 15 0.022984223 
227 469 11 14 0.022966743 
636 236 13 17 0.022932619 
653 461 21 25 0.022919685 
348 335 20 24 0.022916079 
796 253 11 13 0.022831498 
429 357 11 14 0.022830714 
902 157 10 12 0.022829682 
312 250 12 15 0.022816718 
504 163 11 16 0.022804134 
708 218 15 20 0.022788782 
441 75 20 23 0.022785027 
1005 81 20 25 0.022769837 
175 259 12 17 0.022718826 
624 81 9 11 0.022699768 
1004 253 13 17 0.022686977 
894 96 12 15 0.022676252 
612 370 11 16 0.0226288 
105 131 12 14 0.02262542 
366 314 12 15 0.022621302 
910 106 11 13 0.022608047 
411 93 11 13 0.022581937 
102 92 10 13 0.022541415 
399 331 11 13 0.022527054 
765 179 13 15 0.022518532 
402 98 15 17 0.02250559 
542 147 11 15 0.022498343 
501 182 21 25 0.022476638 
103 140 12 13 0.022463001 
512 82 19 22 0.022445532 
133 181 9 14 0.022437153 
765 234 12 16 0.022424217 
980 226 12 16 0.022422578 
64 131 11 13 0.022399975 
346 203 15 19 0.022396306 
333 146 21 28 0.022386817 
507 149 17 25 0.022349596 
112 484 9 12 0.022266993 
524 237 14 16 0.02225507 
226 398 16 18 0.022254996 
385 179 16 20 0.022250945 
125 108 10 13 0.022248335 
265 102 10 14 0.02223757 
824 322 11 14 0.02218141 
580 130 13 15 0.022164203 
53 266 13 16 0.022161298 
704 114 12 17 0.022156412 
272 261 13 15 0.022151789 
966 261 11 13 0.022144997 
31 170 14 16 0.022143036 
342 326 12 14 0.022114068 
753 103 10 12 0.022106111 
239 116 11 14 0.022076497 
332 82 10 13 0.02207537 
708 249 13 17 0.02206888 
216 112 10 12 0.022051731 
459 369 13 15 0.022048395 
797 205 13 16 0.022043692 
775 96 19 23 0.022043405 
306 110 10 14 0.022005644 
270 140 12 17 0.021994628 
773 439 10 13 0.02196187 
877 53 19 23 0.021930052 
603 95 20 24 0.02192093 
799 96 16 22 0.021920135 
271 126 10 14 0.021919196 
918 301 11 14 0.021906648 
729 159 15 18 0.021897102 
0 311 7 13 0.021891719 
580 250 17 20 0.021870289 
789 483 13 16 0.021869186 
609 356 19 23 0.02183972 
543 81 9 12 0.021830061 
4 201 14 18 0.021829376 
947 140 12 16 0.021813676 
534 186 12 15 0.021811763 
6 153 13 17 0.021806745 
368 79 8 11 0.021783473 
618 236 14 17 0.021726264 
123 250 13 17 0.021714926 
405 325 18 22 0.021688066 
305 263 23 27 0.021681022 
727 453 11 12 0.021672776 
519 82 10 12 0.021652222 
694 319 16 21 0.021637926 
1009 91 19 25 0.021621568 
679 268 14 20 0.021603428 
896 142 10 15 0.021603227 
3 356 12 14 0.021601709 
220 242 12 16 0.02159933 
791 118 11 14 0.021591978 
768 308 13 17 0.021589208 
855 242 13 17 0.02158315 
222 65 10 12 0.021574156 
961 205 10 14 0.021559708 
420 361 11 14 0.021545148 
767 437 10 13 0.021538295 
274 197 20 24 0.021534896 
697 323 23 26 0.021526216 
461 352 12 14 0.02152216 
368 327 21 24 0.021487013 
991 187 12 17 0.021480722 
776 245 10 14 0.021480286 
27 292 13 17 0.02144356 
625 307 12 14 0.02138713 
661 337 17 20 0.021366872 
653 277 15 20 0.021365589 
468 101 10 13 0.021359034 
354 94 20 25 0.021348 
189 112 9 12 0.021330522 
506 202 19 24 0.021306649 
775 126 10 12 0.02129088 
985 148 10 12 0.021280656 
201 88 10 12 0.02125022 
166 374 20 22 0.02124406 
991 108 10 12 0.021214088 
750 166 11 15 0.021208473 
1000 125 8 10 0.021204447 
877 63 12 15 0.021203548 
188 93 10 12 0.021200148 
161 124 10 11 0.021195335 
351 276 21 24 0.021165533 
294 251 10 15 0.02115197 
133 61 9 12 0.021056497 
93 141 9 12 0.021052465 
658 293 38 47 0.021050492 
500 204 13 16 0.0210131 
232 295 19 24 0.020994524 
1000 414 9 12 0.020986274 
218 382 9 12 0.020975126 
641 282 23 31 0.02096424 
115 74 12 17 0.020952811 
397 202 14 17 0.02095275 
609 444 9 12 0.020922823 
86 77 10 13 0.020921037 
895 79 10 12 0.020913262 
482 199 20 24 0.020893268 
423 275 11 13 0.020874636 
935 149 9 13 0.020869039 
316 166 11 13 0.020868484 
675 318 15 20 0.020864768 
47 388 14 15 0.020758836 
623 397 12 14 0.02072216 
930 259 15 19 0.0207109 
893 258 13 16 0.020689633 
487 102 9 12 0.020650683 
845 132 12 15 0.020645853 
676 93 11 15 0.020644967 
839 164 22 26 0.020638036 
404 308 12 14 0.020608438 
862 229 11 13 0.020586522 
270 157 15 18 0.02055668 
831 195 12 16 0.020543268 
621 170 20 26 0.020505553 
93 96 11 14 0.020477114 
944 274 11 14 0.020464882 
484 147 11 15 0.020442963 
0 121 11 14 0.020440876 
151 312 11 13 0.020439541 
244 267 11 14 0.020422341 
611 295 16 19 0.020412752 
932 316 10 13 0.020395154 
688 94 11 14 0.0203708 
637 436 14 16 0.020350676 
408 423 10 11 0.02033953 
461 95 10 11 0.020325806 
664 248 15 19 0.020322679 
444 140 12 14 0.020317674 
205 199 13 18 0.020316403 
3 249 11 15 0.02031058 
461 57 10 11 0.020275319 
329 174 9 14 0.020273227 
491 340 13 15 0.020248204 
37 263 24 26 0.020236189 
855 89 9 12 0.02023516 
627 375 14 17 0.020234235 
835 137 14 17 0.020234177 
917 157 10 12 0.020233274 
368 380 11 14 0.020227715 
35 331 13 16 0.020201182 
127 124 10 13 0.020180523 
28 243 21 27 0.02016434 
415 276 10 12 0.020142416 
355 335 12 15 0.020128684 
982 295 10 12 0.020114921 
362 161 22 29 0.020090926 
796 478 11 13 0.020080796 
674 161 14 18 0.020050706 
133 174 9 13 0.020048974 
527 251 15 19 0.020044852 
825 262 21 26 0.020040797 
478 110 11 13 0.020024797 
539 198 20 25 0.020019783 
927 299 12 15 0.020013161 
196 212 12 15 0.020002052 
