7_Cheering_Cheering_7_687
113
571 80 53 76 0.9985904 
818 211 35 43 0.9979232 
677 378 18 24 0.79386824 
73 493 8 11 0.14851014 
224 462 10 12 0.13553862 
44 445 11 13 0.117863946 
20 479 10 13 0.1088661 
894 445 14 19 0.100557715 
778 310 27 35 0.09573919 
852 186 26 28 0.092451856 
812 442 28 30 0.09037892 
552 88 21 40 0.08161535 
814 455 32 30 0.081560545 
510 93 42 54 0.07996307 
791 469 13 15 0.07496977 
186 522 12 15 0.0741729 
47 489 9 10 0.07151943 
203 474 11 15 0.06991916 
189 464 10 12 0.06541928 
228 437 10 13 0.05959254 
157 456 9 12 0.05769518 
22 504 8 10 0.05741753 
753 446 10 13 0.05484543 
928 520 12 16 0.054443073 
96 425 10 11 0.053269897 
101 462 9 12 0.052080933 
93 487 10 12 0.04880974 
495 75 40 63 0.04727071 
199 428 9 12 0.04636856 
538 90 30 52 0.04588739 
56 463 9 11 0.044165492 
133 453 9 12 0.044094764 
83 469 10 13 0.043539483 
64 504 9 11 0.042137783 
78 428 9 10 0.041863568 
61 430 8 11 0.041373577 
153 459 10 13 0.04005122 
216 414 9 11 0.039883327 
31 463 8 10 0.039670136 
31 494 9 12 0.039362077 
31 470 10 11 0.03832164 
77 487 9 12 0.037488285 
703 333 22 31 0.037186995 
53 518 10 13 0.0371059 
80 477 10 11 0.035925873 
132 272 10 12 0.035204824 
776 327 17 23 0.033605933 
16 504 10 12 0.033071335 
711 498 13 16 0.032496184 
89 487 10 13 0.03217116 
23 509 10 12 0.032143448 
136 475 12 15 0.03180722 
70 445 9 11 0.030598 
6 480 9 11 0.030374546 
295 453 9 10 0.02942855 
41 440 9 11 0.029372776 
487 64 29 51 0.029189816 
298 492 9 11 0.028999265 
93 310 13 17 0.027794903 
30 455 9 10 0.027679425 
39 476 8 10 0.0272897 
24 454 9 11 0.027283728 
630 232 40 47 0.02716736 
718 356 13 19 0.026765779 
88 414 9 10 0.026537335 
25 462 9 10 0.025714206 
124 502 10 12 0.025647633 
986 504 26 32 0.025075564 
152 487 10 13 0.025041632 
117 472 9 12 0.024787825 
85 464 8 10 0.024716841 
62 438 9 11 0.024606599 
8 446 9 11 0.024550764 
239 526 9 11 0.024489386 
220 414 10 11 0.024404658 
0 485 8 12 0.024333289 
103 501 11 15 0.024187902 
214 430 9 12 0.0240951 
81 465 8 9 0.024068026 
6 495 8 12 0.024025636 
191 487 11 13 0.024002295 
205 447 11 14 0.023814911 
818 467 19 21 0.023606317 
6 485 9 12 0.023578638 
537 477 31 33 0.02327568 
317 455 9 11 0.023229174 
63 456 8 11 0.022875544 
200 451 11 13 0.022424553 
756 449 15 20 0.022364067 
87 503 9 11 0.022271698 
31 447 9 10 0.02189658 
182 510 9 10 0.021860288 
996 514 13 16 0.0218331 
661 501 16 21 0.021769278 
752 365 26 31 0.02163416 
529 38 19 22 0.02161524 
112 471 10 12 0.021469833 
56 438 9 11 0.021436956 
220 301 10 13 0.021408848 
142 485 10 12 0.021376958 
168 437 9 11 0.02113079 
730 110 12 14 0.02085862 
55 469 9 12 0.020598724 
144 503 10 12 0.020566616 
1 461 8 12 0.020503078 
178 510 8 12 0.020405684 
23 449 9 9 0.020379432 
0 493 9 14 0.020335713 
61 461 9 11 0.020240644 
232 416 9 11 0.020234887 
190 424 9 11 0.020112947 
30 475 10 12 0.02010963 
230 433 10 11 0.020104686 
