7_Cheering_Cheering_7_426
123
308 1007 64 75 0.995641 
855 1183 39 48 0.975657 
498 1016 56 70 0.56760186 
772 1134 27 37 0.41510776 
3 1328 47 56 0.40651253 
586 1051 59 63 0.40385097 
856 321 25 30 0.18600698 
556 1037 74 72 0.16630277 
379 510 28 36 0.13719232 
915 1194 17 26 0.13689394 
570 1328 47 60 0.13139258 
70 1084 45 60 0.12755494 
886 1104 10 13 0.10890677 
88 1343 43 45 0.10082973 
454 162 47 54 0.09786197 
25 1325 48 55 0.09745405 
372 359 41 70 0.093459055 
613 866 56 54 0.09214473 
873 1131 11 15 0.08713828 
757 116 8 11 0.081491426 
524 1024 71 75 0.07719076 
3 989 15 20 0.07002063 
892 344 15 20 0.06616536 
608 1037 58 72 0.06567002 
722 102 8 9 0.06465047 
304 1317 36 48 0.06425813 
57 1275 64 59 0.063002706 
409 511 24 33 0.062499683 
977 1091 12 17 0.056441486 
415 465 21 28 0.05622965 
722 96 9 10 0.056147557 
329 1330 42 52 0.05604326 
241 1229 10 13 0.055386648 
705 100 9 12 0.05527959 
788 1204 28 42 0.05524542 
821 1101 11 14 0.052987743 
791 1031 9 12 0.05183567 
421 464 10 13 0.051383615 
746 1211 24 37 0.048928313 
724 1172 24 33 0.04842944 
44 1081 48 63 0.048385654 
520 1040 45 45 0.048292264 
806 1061 10 13 0.047563378 
347 1355 37 37 0.046866454 
316 78 11 13 0.04677254 
914 1151 15 21 0.044531796 
356 1013 56 66 0.044281192 
789 1049 11 15 0.043087617 
693 1252 37 45 0.04257062 
389 332 74 117 0.041461438 
599 1328 55 62 0.040330563 
30 1268 71 53 0.0396881 
369 1354 27 37 0.03939112 
37 1022 10 12 0.038649272 
470 1011 73 102 0.037212424 
804 1206 22 38 0.036809664 
699 269 12 15 0.036679205 
754 43 10 14 0.036593664 
3 991 22 31 0.035725433 
135 1130 43 45 0.035160236 
839 133 12 14 0.03431602 
626 21 8 11 0.03376022 
315 71 11 13 0.03315432 
258 1242 12 15 0.032914456 
765 1139 41 55 0.0328405 
79 1357 39 36 0.032782987 
444 118 11 13 0.030569443 
160 1024 10 13 0.029860672 
372 888 63 70 0.029433224 
861 360 13 16 0.028628657 
718 111 9 10 0.028559485 
633 152 7 9 0.0284391 
154 1042 15 20 0.028356176 
397 865 14 15 0.027806217 
775 124 14 17 0.027714467 
154 1140 14 15 0.027584398 
512 917 39 54 0.027566219 
171 85 54 67 0.026893716 
894 151 8 11 0.026568329 
259 1024 45 65 0.026378097 
914 149 10 12 0.026345981 
638 116 8 9 0.026073178 
396 31 16 19 0.025945075 
-1 977 35 53 0.02592645 
710 97 8 10 0.025871404 
39 1305 54 61 0.025566222 
307 17 123 146 0.02537536 
754 113 8 11 0.025341226 
718 117 8 10 0.025309788 
699 323 11 16 0.025231399 
331 303 101 141 0.024415262 
920 116 9 13 0.024109805 
778 1208 26 37 0.023795344 
426 1340 47 55 0.02366996 
722 89 7 9 0.02343844 
319 1040 61 73 0.02329707 
389 502 46 65 0.023062922 
163 1026 13 16 0.023020143 
532 930 28 37 0.022974126 
76 1305 54 62 0.022926873 
771 1179 41 62 0.022896942 
800 1059 12 15 0.022798356 
452 975 77 112 0.022796975 
764 1207 28 39 0.022590308 
876 1137 11 15 0.022389352 
164 84 12 15 0.021993855 
876 1125 14 20 0.021879883 
796 1038 10 12 0.021826625 
815 1106 12 14 0.021791974 
491 452 11 14 0.021781938 
194 97 29 35 0.021676037 
884 1128 13 17 0.021483583 
883 1113 13 17 0.021363376 
282 996 55 70 0.021295263 
918 1134 10 13 0.020731624 
710 261 11 13 0.02065779 
882 1107 12 16 0.020605108 
627 882 55 63 0.020386478 
781 120 9 12 0.020377373 
127 69 89 106 0.020335093 
739 234 11 14 0.02025775 
695 87 8 9 0.020151814 
711 180 8 10 0.020034775 
