7_Cheering_Cheering_7_413
88
428 362 32 40 0.9992669 
927 380 58 73 0.99919444 
485 428 58 87 0.9986966 
270 339 27 39 0.99777716 
735 362 30 36 0.9974929 
542 347 32 41 0.99737144 
843 376 37 44 0.99658257 
728 451 84 103 0.9959453 
618 370 37 49 0.99269485 
168 335 22 31 0.992207 
343 414 42 57 0.98962045 
37 334 22 27 0.9866195 
382 339 16 19 0.9830199 
45 386 32 36 0.98155105 
68 331 21 26 0.9716144 
250 333 13 19 0.9449274 
750 385 42 52 0.9431272 
319 348 22 28 0.92274386 
155 380 32 55 0.91173685 
203 332 12 17 0.8718942 
353 283 11 15 0.8492768 
6 342 25 32 0.7057812 
496 391 35 36 0.5979323 
992 371 32 46 0.5736495 
339 330 23 27 0.56735206 
228 435 30 33 0.23604211 
961 368 50 62 0.13166885 
246 502 50 67 0.12505874 
4 339 17 21 0.124956235 
740 370 39 48 0.124935806 
42 371 16 19 0.114879355 
509 383 33 37 0.097121336 
204 360 15 20 0.0847107 
0 462 13 20 0.067741595 
1008 382 15 26 0.06582271 
154 371 23 35 0.062443502 
442 472 42 54 0.06146108 
238 373 20 27 0.056864798 
296 452 51 55 0.0542899 
1 341 12 16 0.052493922 
0 491 12 18 0.050091814 
27 390 13 18 0.04630647 
219 430 47 54 0.04223182 
37 374 25 31 0.04187979 
768 383 31 39 0.040053394 
168 382 39 51 0.03960979 
315 360 23 32 0.03734689 
-1 454 22 32 0.035281345 
316 339 16 20 0.0343094 
498 388 21 26 0.03375587 
177 335 24 29 0.033593003 
641 85 11 12 0.033541735 
629 87 10 11 0.03342917 
19 347 24 31 0.032456126 
488 350 13 17 0.031648062 
326 433 46 54 0.031388912 
353 334 17 22 0.031160755 
18 338 17 22 0.03065191 
334 331 18 22 0.029834867 
30 335 18 24 0.028610118 
694 132 9 12 0.027654491 
321 341 19 22 0.027176937 
464 438 50 70 0.026761519 
24 385 24 31 0.026611038 
29 377 13 17 0.026603626 
686 85 14 15 0.025817584 
35 364 44 52 0.024825979 
667 123 56 77 0.024565712 
244 365 14 19 0.0244035 
210 357 15 18 0.024052836 
703 429 31 39 0.023899216 
651 374 26 36 0.023697732 
479 393 45 59 0.023234349 
195 368 23 29 0.02309503 
647 198 9 11 0.02283033 
196 350 20 25 0.022802975 
0 361 10 19 0.02262337 
184 402 33 38 0.022204537 
230 357 11 15 0.02219705 
22 333 13 16 0.022113362 
405 346 13 17 0.02158908 
484 390 29 38 0.021482809 
631 136 9 11 0.020927299 
385 351 24 31 0.02085115 
659 65 14 17 0.020786934 
355 370 17 22 0.020694658 
745 356 28 32 0.020349381 
186 382 29 40 0.020188216 
