7_Cheering_Cheering_7_118
109
875 290 110 152 0.9999503 
294 232 97 117 0.9998 
567 246 95 123 0.999767 
30 289 95 122 0.9996164 
779 221 98 131 0.9995389 
416 237 97 114 0.9992918 
16 226 51 55 0.92680585 
384 114 17 22 0.6475359 
925 93 22 27 0.61610246 
788 140 20 26 0.5410036 
102 214 28 34 0.50298333 
410 92 22 29 0.50036335 
10 222 37 43 0.49860016 
852 120 19 26 0.4917683 
382 162 22 29 0.48281604 
853 73 24 32 0.47953892 
953 28 26 32 0.41978705 
580 24 13 18 0.41742155 
835 0 26 29 0.33586192 
240 161 16 22 0.32201546 
160 178 41 51 0.3101278 
824 146 23 29 0.29007903 
598 36 15 19 0.20676306 
287 62 24 29 0.2031561 
106 209 18 21 0.19972728 
222 338 41 50 0.19509625 
285 148 17 20 0.1659847 
1000 201 22 37 0.1568165 
763 159 19 24 0.13799414 
984 137 17 22 0.1251649 
753 180 21 28 0.12069628 
423 151 23 33 0.11718466 
1010 109 14 22 0.113515235 
884 165 22 33 0.11270583 
296 429 49 58 0.09511101 
283 388 30 36 0.09280518 
231 160 33 50 0.0858155 
177 195 31 41 0.08534275 
935 25 32 38 0.07129721 
1004 174 21 33 0.0640095 
935 123 21 27 0.06370983 
332 112 16 22 0.060408838 
880 175 29 42 0.059402294 
460 -2 43 39 0.057700206 
901 47 24 31 0.05750347 
936 176 27 32 0.057275843 
53 203 27 37 0.053609464 
435 111 17 22 0.052134585 
211 206 16 20 0.052005842 
944 125 29 36 0.050691366 
662 30 12 14 0.049658906 
438 84 16 22 0.048560206 
757 165 24 33 0.048238415 
388 101 22 29 0.046681758 
927 103 24 28 0.046600275 
660 33 21 27 0.04648548 
303 52 24 32 0.04590692 
539 32 16 22 0.04389729 
1004 626 17 17 0.043449536 
818 258 105 133 0.042764086 
42 216 33 44 0.04266618 
821 182 15 20 0.038826 
692 54 16 20 0.037605863 
270 324 29 37 0.03744739 
214 259 47 61 0.037351567 
96 217 45 55 0.036090393 
427 -3 57 45 0.035803262 
522 16 14 18 0.035383686 
424 98 21 29 0.03493769 
937 8 44 48 0.034760367 
652 23 11 12 0.034321558 
178 147 15 18 0.033928737 
583 201 34 40 0.033212643 
988 177 34 59 0.032759145 
337 123 22 30 0.031845782 
990 166 23 31 0.0303369 
890 50 41 47 0.029780416 
201 201 23 30 0.029172162 
34 243 39 47 0.028566089 
396 93 24 30 0.028338999 
389 45 14 18 0.027110342 
584 20 16 19 0.026481692 
4 213 79 94 0.025930412 
162 189 22 26 0.025045807 
327 98 24 31 0.024785612 
938 37 19 23 0.024523703 
771 132 14 19 0.023833245 
667 28 12 15 0.02381693 
111 256 60 77 0.023523249 
654 35 14 18 0.023091447 
896 169 17 23 0.02307163 
192 175 38 52 0.023050876 
4 233 29 43 0.022763843 
589 29 21 25 0.022750003 
653 30 12 13 0.02259258 
12 254 56 75 0.022234295 
60 221 46 58 0.022024488 
460 224 90 115 0.022015225 
442 292 68 89 0.02180747 
50 185 16 23 0.021790521 
219 176 27 39 0.021564225 
323 143 17 23 0.021410061 
333 164 15 21 0.02135811 
312 45 25 33 0.021356048 
269 313 25 31 0.021030523 
930 166 26 34 0.020909198 
211 233 45 62 0.020558836 
287 406 51 57 0.020498766 
844 76 39 50 0.020031968 
