7_Cheering_Cheering_7_655
153
383 767 243 351 0.9998305 
43 1353 13 17 0.29029313 
103 1285 14 17 0.28582808 
29 1333 14 18 0.24448116 
868 1369 13 16 0.22773491 
933 1496 15 19 0.19569826 
66 1299 13 16 0.18397005 
12 1346 13 18 0.16990675 
27 1296 14 17 0.16442475 
994 1433 13 18 0.13401614 
977 1307 10 14 0.13342808 
451 633 61 72 0.13197267 
920 1228 10 14 0.1310709 
960 1366 13 16 0.12010408 
990 1304 11 12 0.116711214 
982 1279 12 16 0.11544444 
924 1386 13 15 0.11527787 
936 1491 16 19 0.10305699 
82 1494 14 19 0.099578544 
919 1332 12 15 0.09801698 
990 1260 10 12 0.09239436 
957 1417 16 19 0.08900197 
987 1230 11 13 0.08587573 
883 1309 11 14 0.084432684 
934 1512 16 20 0.081740454 
934 1419 12 16 0.08155244 
-2 1066 58 99 0.07714864 
119 1388 14 18 0.07684997 
877 1399 14 16 0.07572278 
24 11 24 29 0.0737117 
970 1445 21 28 0.07242391 
934 1377 12 16 0.070298254 
951 1269 10 13 0.06977512 
920 1475 13 16 0.067938685 
108 1280 14 17 0.06439178 
963 1411 16 20 0.06374284 
55 1308 14 16 0.062926024 
952 1297 11 15 0.062124517 
440 583 102 136 0.061719205 
830 1391 12 14 0.060546055 
93 1346 16 21 0.060259096 
919 1307 10 12 0.05984321 
75 1414 15 20 0.05897405 
0 1455 14 23 0.0586483 
413 519 185 271 0.058446135 
860 1402 12 16 0.055578716 
843 1310 11 14 0.055528633 
23 1417 13 17 0.054075483 
545 43 15 19 0.053270306 
896 1264 8 10 0.051895946 
168 1375 13 16 0.051415212 
903 1355 11 14 0.050188717 
467 466 199 257 0.04934203 
942 1334 12 15 0.04871943 
984 1234 12 13 0.048707362 
949 1228 11 13 0.04832917 
0 1299 10 15 0.048172068 
20 1337 15 18 0.048099946 
143 1287 12 14 0.047218494 
935 1121 10 12 0.046342853 
955 1462 15 18 0.045132972 
1007 1333 14 17 0.044725273 
6 1367 16 21 0.044575516 
982 1304 13 15 0.044405628 
545 20 62 66 0.043705907 
843 1330 13 17 0.041982677 
925 1393 14 16 0.041714046 
883 1489 16 20 0.041370638 
63 1295 13 15 0.040486015 
919 1444 13 16 0.039888494 
885 1315 12 14 0.03911611 
32 1483 22 28 0.038731903 
988 1373 11 14 0.036527615 
957 1275 10 13 0.036437616 
939 1373 11 16 0.036385056 
987 1280 13 16 0.036062274 
-1 1387 9 16 0.035909854 
872 1394 14 19 0.035649136 
36 1436 15 18 0.034692515 
133 1375 16 20 0.03427928 
985 1260 10 12 0.034163233 
76 1503 16 18 0.033765264 
583 392 131 102 0.03372871 
855 1404 12 15 0.0329724 
551 34 29 34 0.032339677 
952 1265 9 11 0.03170877 
44 1285 12 15 0.031407695 
49 1346 13 17 0.030988865 
93 1338 14 18 0.03075776 
159 1353 15 18 0.030729627 
103 1279 12 16 0.03071059 
667 1042 45 63 0.030528406 
876 1234 12 14 0.030328866 
1006 1374 15 20 0.02997402 
996 1516 17 19 0.029848006 
178 1480 62 61 0.029376697 
912 1332 13 15 0.029122397 
955 1374 16 19 0.028583502 
18 1506 15 18 0.028377566 
138 1485 17 20 0.028318705 
974 1347 13 16 0.027894275 
904 1428 11 15 0.027630242 
344 1045 403 494 0.027026977 
981 1346 14 18 0.026966704 
959 934 12 16 0.026736492 
19 1402 15 19 0.026449414 
127 1349 13 18 0.026392464 
988 1347 13 17 0.025989579 
92 1321 13 16 0.025798425 
813 1318 11 13 0.025752146 
879 1498 14 19 0.02562504 
835 1388 11 15 0.025374118 
977 1279 11 14 0.02533918 
921 1382 12 15 0.025243634 
120 1457 16 22 0.024896355 
994 1478 22 32 0.024858635 
1000 1223 11 13 0.024733683 
819 1372 12 16 0.024692178 
20 1324 14 17 0.024219979 
986 1393 14 18 0.024013154 
526 0 127 142 0.02333117 
933 1331 14 17 0.02329175 
38 1278 11 14 0.023266932 
901 1510 11 14 0.02310296 
138 1371 15 19 0.023020688 
876 1452 14 17 0.022965126 
879 1486 12 15 0.022950215 
93 1332 12 17 0.022878122 
945 1470 24 29 0.022479082 
134 1396 12 15 0.022312924 
892 1318 11 14 0.022158612 
133 1324 13 17 0.02203746 
145 79 117 167 0.02188936 
877 1346 14 17 0.02186738 
887 1478 13 16 0.021772284 
935 1339 12 14 0.021674221 
880 1304 11 15 0.021423621 
1012 1220 10 15 0.021382935 
141 1317 12 16 0.021368131 
930 1322 14 17 0.021325802 
951 1372 13 16 0.021256413 
720 150 207 267 0.021184307 
55 1286 11 14 0.021065824 
899 1516 13 14 0.020985968 
85 1488 14 17 0.0209726 
974 1254 11 14 0.020809824 
926 1412 14 18 0.02080673 
16 1395 14 16 0.020622147 
989 1518 15 17 0.020514207 
948 1437 13 16 0.020479979 
987 1493 17 22 0.020346599 
18 1407 21 26 0.020230424 
880 1310 22 27 0.020094937 
