7_Cheering_Cheering_7_835
18
345 182 306 405 0.9987104 
368 1123 506 405 0.8067862 
412 833 352 510 0.6481897 
20 407 381 514 0.310845 
715 724 209 325 0.20044398 
-3 46 101 177 0.07104858 
388 767 249 408 0.061909005 
-42 1071 382 490 0.057106603 
585 790 334 498 0.046407554 
103 278 367 478 0.032669216 
675 682 349 489 0.031949934 
62 431 63 94 0.028257476 
403 1148 279 284 0.025774337 
188 70 317 454 0.025125073 
631 -50 367 475 0.02417191 
46 386 112 139 0.021866431 
26 5 209 259 0.021144267 
115 1064 395 531 0.02111448 
