7_Cheering_Cheering_7_391
175
710 175 15 21 0.95906633 
310 329 15 21 0.911974 
217 349 22 32 0.7820788 
105 471 67 78 0.7434603 
194 440 57 75 0.6241725 
479 339 14 20 0.5801953 
305 365 17 24 0.5479276 
663 272 12 16 0.49976972 
404 315 13 17 0.3890244 
356 368 14 19 0.32669646 
307 114 40 51 0.2957099 
368 306 11 16 0.27040273 
510 324 19 29 0.26624393 
737 373 29 36 0.23086056 
761 254 10 14 0.22169097 
111 402 33 35 0.22038718 
916 374 102 103 0.21989927 
540 337 15 21 0.18329541 
365 359 14 23 0.18152626 
112 266 25 35 0.16266392 
485 330 13 22 0.1588769 
727 151 8 10 0.14988695 
648 167 10 12 0.14875226 
411 323 15 18 0.1401326 
2 414 28 46 0.13151963 
95 401 49 62 0.12462889 
332 656 68 102 0.11326876 
173 456 64 72 0.103223175 
585 381 16 20 0.10256789 
422 315 10 14 0.09983841 
504 386 30 42 0.09137371 
496 316 21 32 0.086609505 
371 354 15 22 0.08638201 
629 250 11 15 0.0857909 
88 270 28 40 0.08295068 
901 363 86 76 0.08280384 
133 462 80 83 0.07953978 
931 421 62 92 0.07745833 
734 359 23 39 0.07416978 
702 292 11 18 0.07097221 
638 270 10 13 0.07048688 
657 269 11 14 0.065109126 
77 405 43 61 0.063551396 
645 294 13 17 0.06310419 
205 353 28 31 0.061421815 
811 279 22 34 0.060863066 
629 286 13 17 0.059646327 
515 331 26 29 0.05632585 
351 329 13 16 0.055955864 
410 316 13 16 0.05535139 
402 318 21 28 0.054471146 
484 318 21 31 0.054061376 
742 382 35 36 0.052533004 
234 439 57 63 0.052202016 
692 304 15 20 0.05200809 
654 274 13 17 0.051222757 
758 253 20 26 0.0506457 
734 371 14 22 0.050409388 
62 359 40 61 0.049825087 
564 285 10 13 0.04882959 
758 295 10 13 0.048689496 
384 326 9 11 0.046645585 
462 316 11 14 0.04646365 
650 281 14 16 0.04592973 
90 274 42 56 0.045787856 
719 258 11 14 0.04374692 
726 258 12 15 0.040161252 
677 249 24 28 0.03996837 
313 368 15 23 0.039665386 
707 286 21 31 0.03877256 
624 284 11 15 0.03805844 
501 263 15 19 0.037948582 
630 276 12 15 0.037134092 
693 292 21 29 0.037080508 
721 156 9 12 0.037069425 
517 204 9 11 0.035325956 
717 288 16 24 0.035150226 
673 207 8 10 0.03511995 
458 413 57 67 0.03485173 
322 370 16 23 0.034489464 
637 291 14 19 0.034465067 
758 301 12 15 0.034055755 
437 322 11 15 0.033355806 
430 315 11 15 0.032799564 
118 405 16 20 0.03278208 
485 308 10 14 0.03208337 
365 348 16 22 0.03154725 
478 309 9 14 0.031295933 
412 311 12 14 0.031187125 
502 328 21 30 0.031183008 
73 381 39 54 0.031056808 
307 338 16 24 0.031004913 
530 329 25 31 0.03079762 
389 333 9 13 0.030499132 
127 326 12 16 0.030482307 
534 340 28 32 0.03002008 
165 471 104 104 0.029928584 
819 289 12 17 0.029537907 
383 331 10 14 0.029472295 
697 229 10 14 0.029331468 
434 370 19 21 0.029293068 
418 322 12 16 0.028544048 
549 391 42 49 0.028368568 
444 259 13 14 0.028159296 
197 401 46 60 0.027958458 
484 178 27 33 0.02791465 
477 350 23 29 0.02767734 
559 279 10 12 0.027360838 
456 314 12 15 0.027229004 
470 314 23 31 0.02698067 
734 177 12 16 0.026844228 
739 177 14 18 0.026817253 
471 308 12 16 0.026811583 
472 345 16 17 0.026305327 
512 202 11 14 0.026261447 
189 347 13 18 0.02617823 
19 279 84 114 0.026060726 
501 251 15 19 0.025890319 
647 278 12 15 0.025837021 
656 263 10 14 0.024897987 
724 397 14 16 0.024745423 
96 373 46 62 0.024349451 
255 366 11 15 0.024166834 
121 273 15 22 0.02406616 
469 317 40 48 0.023957409 
821 299 11 15 0.023933366 
401 311 12 16 0.023926228 
130 331 12 15 0.023918469 
546 331 14 23 0.02381413 
703 285 11 17 0.02379109 
754 301 23 27 0.023679702 
446 360 11 14 0.023653898 
335 615 114 164 0.023446653 
439 559 48 56 0.02341507 
685 288 16 19 0.02332621 
893 349 62 65 0.023043029 
481 283 10 13 0.022848379 
723 151 9 12 0.022847304 
340 366 23 27 0.022830833 
359 346 14 20 0.02283006 
277 438 13 14 0.02270496 
677 305 38 45 0.022645436 
340 368 40 45 0.022437088 
948 396 76 144 0.02220765 
436 331 11 16 0.021995855 
308 352 23 36 0.02188919 
574 377 24 32 0.021878155 
53 324 51 77 0.021833027 
444 315 12 16 0.021726537 
632 270 21 25 0.021715948 
820 349 17 23 0.021714551 
431 321 12 17 0.02161491 
777 -5 58 68 0.02161195 
814 308 14 17 0.021576252 
484 394 47 54 0.021542057 
63 280 87 108 0.02150376 
437 310 9 13 0.021454673 
85 431 56 82 0.02127027 
730 385 34 42 0.021106731 
709 283 13 20 0.021058839 
204 348 17 23 0.020990564 
159 630 132 121 0.020949028 
995 376 27 37 0.020891335 
687 306 13 20 0.020857956 
377 359 16 20 0.020854896 
478 303 24 34 0.020735933 
483 266 13 18 0.020677183 
115 284 17 23 0.020559805 
973 381 16 18 0.020440333 
485 307 38 49 0.020324841 
625 244 19 25 0.020300739 
10 413 43 56 0.020256732 
75 285 53 70 0.020137396 
388 325 10 14 0.020046072 
520 339 30 33 0.020000352 
