7_Cheering_Cheering_7_469
53
579 338 86 102 0.99112016 
902 648 42 54 0.97559005 
289 706 24 29 0.8768124 
996 588 28 58 0.86417466 
151 776 15 21 0.37935913 
739 676 29 32 0.14354187 
992 1144 33 43 0.14222112 
365 592 59 67 0.14014126 
0 907 77 141 0.13021943 
264 803 16 20 0.12654077 
765 728 55 48 0.12505513 
890 661 36 51 0.10547706 
961 591 27 36 0.096436545 
488 486 27 32 0.09139691 
990 943 36 89 0.09077624 
908 191 15 18 0.07602375 
232 293 26 32 0.07293419 
880 672 29 42 0.07082841 
74 715 14 19 0.07010636 
710 288 24 32 0.062331006 
495 493 35 37 0.06184654 
222 770 16 20 0.06165335 
263 763 16 20 0.056734893 
964 595 36 55 0.051160134 
966 1141 51 50 0.050359078 
953 1213 44 43 0.04734314 
368 602 37 42 0.046841677 
36 612 16 20 0.04617607 
238 258 215 264 0.045121763 
184 815 24 28 0.04482691 
220 814 17 20 0.044528794 
139 823 21 27 0.041679148 
179 306 18 21 0.039671335 
677 1025 51 61 0.03880285 
832 669 26 40 0.037763212 
838 194 13 16 0.037594467 
819 627 23 31 0.036733545 
121 882 17 21 0.03417015 
225 776 17 22 0.03338323 
782 725 37 32 0.03251382 
308 299 45 55 0.02988769 
3 683 16 23 0.028406091 
212 778 25 30 0.025462084 
466 737 41 44 0.022680923 
214 798 26 29 0.022304775 
173 805 24 30 0.022001421 
747 717 87 82 0.0219627 
40 616 17 20 0.021300446 
228 295 19 23 0.020846378 
60 709 27 31 0.020694086 
934 601 43 53 0.020136887 
924 608 19 21 0.020131756 
460 930 28 32 0.020119667 
