7_Cheering_Cheering_7_558
185
445 677 151 179 0.99942005 
658 528 162 191 0.99839264 
606 274 15 21 0.21544527 
1 771 16 21 0.17821172 
820 152 15 22 0.1561851 
928 20 30 34 0.15063149 
1011 956 12 19 0.15009123 
646 257 17 23 0.11483007 
100 727 12 14 0.11340059 
998 965 26 44 0.10262606 
350 728 52 74 0.09969115 
677 253 15 21 0.09621208 
580 306 15 18 0.09553892 
54 717 11 12 0.09452922 
811 35 28 34 0.09360516 
514 139 12 14 0.08432004 
788 413 100 123 0.084142126 
360 712 81 118 0.08262795 
120 803 14 18 0.08232924 
53 829 28 37 0.07713816 
206 771 437 504 0.07608039 
588 307 17 19 0.07294102 
812 79 39 52 0.06915553 
274 731 19 19 0.06614856 
43 816 28 35 0.06535553 
857 457 33 39 0.063187376 
74 436 14 15 0.062105816 
3 879 26 35 0.05995751 
416 -9 431 519 0.059950367 
580 309 25 31 0.058438823 
794 29 31 37 0.05818511 
609 303 24 26 0.056770656 
593 304 22 26 0.05593035 
628 392 17 21 0.055644322 
38 719 11 14 0.05376799 
1005 52 16 26 0.05347043 
46 -27 404 473 0.051490426 
604 303 16 21 0.048776384 
56 709 12 15 0.04701998 
344 695 22 30 0.0467741 
619 312 18 20 0.04535734 
816 473 64 94 0.045119174 
189 405 9 11 0.043180685 
132 437 10 13 0.040934563 
484 149 13 15 0.04064176 
608 274 24 26 0.04058088 
692 0 32 31 0.038902283 
52 740 12 17 0.038512293 
788 22 26 33 0.037881225 
47 719 10 12 0.036590233 
146 447 9 12 0.036159385 
457 523 57 57 0.036052067 
17 132 25 29 0.0359798 
998 952 25 33 0.03571016 
764 177 26 31 0.035308637 
944 679 23 27 0.035222556 
21 697 15 19 0.035043977 
45 820 16 21 0.034939226 
329 729 26 33 0.03482787 
251 718 41 46 0.034673844 
256 764 57 71 0.034606572 
0 619 25 37 0.033836752 
115 406 11 13 0.03378138 
893 137 22 26 0.033268932 
315 805 14 18 0.033032265 
341 713 27 36 0.03297553 
365 741 13 18 0.032894567 
128 444 10 13 0.032191865 
728 41 32 39 0.032003887 
63 758 11 15 0.031896364 
235 695 17 20 0.031813674 
4 725 14 17 0.031424373 
128 418 12 15 0.031069962 
715 277 27 28 0.030564157 
875 120 15 18 0.030444477 
657 300 17 20 0.030310359 
946 527 31 36 0.030273044 
529 313 16 22 0.029933158 
183 438 10 13 0.02986133 
610 286 18 22 0.029853867 
660 312 13 16 0.029853722 
844 437 51 67 0.029814342 
53 735 12 15 0.029725667 
1009 909 14 22 0.029685931 
601 183 25 29 0.02954132 
-39 252 407 446 0.029485658 
526 148 13 17 0.02944171 
273 735 24 28 0.02884322 
849 462 49 74 0.028525926 
977 1323 51 54 0.028519807 
151 452 10 14 0.028500514 
19 817 23 32 0.028343529 
683 203 12 16 0.028280169 
0 852 13 21 0.028130282 
21 528 449 487 0.028070351 
980 564 24 26 0.028007967 
640 313 17 20 0.027889635 
88 758 11 13 0.027845971 
6 559 12 16 0.027521912 
89 348 10 12 0.027474856 
134 799 11 14 0.027184775 
70 787 25 34 0.027096594 
111 799 22 27 0.026903473 
1 436 9 13 0.026833385 
281 738 14 16 0.026545657 
118 520 8 9 0.026339572 
76 813 26 36 0.026299737 
104 1091 174 229 0.026180657 
84 730 14 18 0.026116246 
331 745 16 22 0.026093882 
721 -1 35 31 0.026046718 
335 -63 365 391 0.02600922 
600 273 15 19 0.025980825 
999 955 15 19 0.025880776 
110 504 10 12 0.025821978 
524 299 12 17 0.025703784 
115 787 12 13 0.025491407 
388 710 109 132 0.025246028 
83 725 13 15 0.025172757 
4 737 15 20 0.025169833 
588 373 16 22 0.02510227 
851 141 24 29 0.024923556 
9 810 25 33 0.024819877 
135 518 9 12 0.024738666 
868 452 16 24 0.024732262 
696 206 10 12 0.024660248 
352 693 27 37 0.024659026 
0 776 22 36 0.024616601 
707 304 14 16 0.024550278 
141 470 10 12 0.024386924 
955 883 19 23 0.024298798 
257 739 16 18 0.024288004 
165 425 12 15 0.024115631 
348 724 14 20 0.024058603 
802 76 32 41 0.024010768 
13 706 12 14 0.023685522 
118 421 11 13 0.023561537 
65 845 18 22 0.0235207 
129 733 14 16 0.023475245 
348 731 29 38 0.0233144 
316 741 14 17 0.023247447 
826 40 15 20 0.02289759 
601 267 11 16 0.022685928 
109 423 11 11 0.02254408 
95 725 19 23 0.022466727 
13 729 15 19 0.022355186 
358 738 14 20 0.022306517 
283 747 15 19 0.022207558 
994 519 16 20 0.021932496 
652 305 17 21 0.021891158 
594 368 15 22 0.021822171 
335 738 29 38 0.021817308 
101 812 15 19 0.021662094 
140 461 10 12 0.021583404 
20 591 23 30 0.02154402 
120 446 9 12 0.021291992 
144 400 9 10 0.021287035 
134 791 9 11 0.021267857 
1007 890 14 19 0.021261238 
699 303 15 18 0.02125235 
796 11 15 19 0.021237958 
72 357 10 12 0.02122058 
1004 1155 14 22 0.02118857 
862 462 14 20 0.021106139 
175 846 12 14 0.021058062 
303 693 25 29 0.020919912 
708 201 23 28 0.020802094 
144 406 9 10 0.020797892 
127 782 9 11 0.020791283 
183 432 11 12 0.02072773 
604 118 14 17 0.02070328 
4 799 24 35 0.020594671 
776 185 14 17 0.020542176 
898 100 25 32 0.020430576 
31 373 13 17 0.020376192 
767 51 13 15 0.0202489 
356 55 28 29 0.020222234 
658 283 26 26 0.020200286 
0 101 10 14 0.020188926 
186 400 8 10 0.020169873 
594 285 25 30 0.020163981 
278 765 37 43 0.02015721 
735 114 13 14 0.02003581 
161 713 11 12 0.020027006 
564 362 14 20 0.020011056 
