7_Cheering_Cheering_7_345
250
451 155 26 40 0.9919195 
229 376 23 32 0.9863819 
550 351 27 31 0.98511475 
253 371 23 29 0.976385 
2 311 20 31 0.9358293 
803 395 25 34 0.8723535 
581 391 25 30 0.8386394 
601 191 27 35 0.8207042 
856 359 23 31 0.81001043 
355 402 23 28 0.78847677 
265 394 22 28 0.7872078 
238 373 23 31 0.7423133 
458 391 23 31 0.71917516 
877 378 17 21 0.6382754 
755 376 26 30 0.5737336 
903 358 24 30 0.46724206 
87 380 24 26 0.4135011 
210 413 15 18 0.3936083 
863 353 20 27 0.3086952 
870 348 16 20 0.27661297 
331 419 21 34 0.27319658 
467 386 25 37 0.22393261 
201 385 18 22 0.21859182 
915 333 12 16 0.20370255 
860 406 20 26 0.20183635 
339 386 13 21 0.19858307 
290 414 18 24 0.19175541 
146 408 23 31 0.18261328 
883 375 23 29 0.17761652 
866 369 24 30 0.17407547 
541 346 25 33 0.16968182 
27 369 15 19 0.15898676 
19 371 25 28 0.14771116 
185 372 16 20 0.13808833 
979 425 32 43 0.118130185 
974 304 14 20 0.11735101 
754 386 31 39 0.11614158 
480 394 30 39 0.11227575 
159 408 21 30 0.10157858 
194 377 20 25 0.10044821 
889 368 25 30 0.099997036 
947 314 14 20 0.09853852 
433 156 34 41 0.09142954 
448 138 25 42 0.089954175 
200 397 24 29 0.08990867 
453 392 39 48 0.087426096 
683 235 14 23 0.08706125 
788 397 30 35 0.08520989 
40 427 28 28 0.08519244 
924 353 12 19 0.084827304 
915 357 14 20 0.08259233 
102 420 38 41 0.079708934 
587 72 30 36 0.076847196 
7 478 13 20 0.06463826 
186 401 15 20 0.064224906 
25 365 13 15 0.061808635 
403 191 26 36 0.061406214 
43 418 18 20 0.060773674 
940 299 13 17 0.059835102 
779 363 13 16 0.05972096 
642 315 17 18 0.059578512 
612 322 14 17 0.05804733 
979 275 12 16 0.057971913 
357 398 16 20 0.05730917 
912 328 10 12 0.056669634 
475 75 34 47 0.0555965 
92 374 17 20 0.054466553 
82 379 41 43 0.05409069 
890 390 17 23 0.053826857 
54 394 14 18 0.053632785 
170 410 15 24 0.05300217 
176 404 22 32 0.0519904 
815 397 17 24 0.05169334 
460 133 12 19 0.05112753 
690 431 15 18 0.05095198 
339 370 14 19 0.050136346 
326 56 42 53 0.049991567 
435 170 16 22 0.048957456 
332 367 16 20 0.047676083 
534 501 10 12 0.046607606 
768 383 18 22 0.04636102 
525 366 14 19 0.045337986 
261 382 23 31 0.045305885 
587 379 24 32 0.044761498 
311 653 8 9 0.04449719 
98 436 33 32 0.044206265 
685 436 13 16 0.04371162 
27 393 12 16 0.0430313 
16 384 26 31 0.0426895 
437 386 26 37 0.041674152 
173 380 11 16 0.0414207 
185 368 11 14 0.040530466 
719 383 41 57 0.040514372 
196 493 28 33 0.03995425 
35 377 13 19 0.0396867 
350 407 17 21 0.039238065 
148 424 16 21 0.038810138 
593 86 28 35 0.038215816 
362 414 15 19 0.0378047 
165 364 12 14 0.03760531 
775 395 29 36 0.03746797 
941 305 14 20 0.03724554 
990 318 13 17 0.037062388 
674 429 29 32 0.037033904 
571 336 13 18 0.0367556 
44 382 12 16 0.036640555 
237 433 18 25 0.03641458 
186 394 40 47 0.036393777 
348 392 15 22 0.036009416 
333 377 17 24 0.035964508 
749 406 24 35 0.035864815 
175 372 10 14 0.035666604 
458 139 26 45 0.035611365 
197 435 17 23 0.035530783 
158 424 25 35 0.035245802 
750 421 13 23 0.034801647 
799 445 28 33 0.034464076 
13 384 16 21 0.03424874 
108 376 14 19 0.034086034 
478 490 12 17 0.03313474 
315 482 14 17 0.032668173 
173 402 14 23 0.032564405 
611 455 25 34 0.032233242 
395 376 24 32 0.03212565 
941 347 15 19 0.031882558 
643 416 14 19 0.031680778 
443 395 29 37 0.031648304 
810 388 18 24 0.031611715 
780 369 15 20 0.031400215 
284 411 18 22 0.031380706 
957 306 15 23 0.03093289 
165 384 15 19 0.030717995 
168 415 21 35 0.03067406 
965 304 15 24 0.030603543 
338 432 28 39 0.030249484 
15 364 12 14 0.029795803 
201 480 45 58 0.029727928 
26 379 22 27 0.029724034 
133 487 18 23 0.029532049 
181 395 15 23 0.029423133 
592 372 16 18 0.029367147 
836 418 18 21 0.029249195 
967 376 24 36 0.029145759 
993 324 13 16 0.029110817 
533 349 16 23 0.029012168 
403 400 16 23 0.028847292 
146 430 23 31 0.028584402 
901 415 23 30 0.028336622 
437 181 29 34 0.028319834 
734 377 41 52 0.028087847 
195 373 13 17 0.028016295 
828 419 16 20 0.02789363 
340 397 15 22 0.027659258 
668 441 33 39 0.027601762 
329 364 11 15 0.027594635 
326 389 24 27 0.02757568 
216 410 15 19 0.027338183 
907 349 16 19 0.027069284 
0 468 10 20 0.026927587 
305 417 24 32 0.026745087 
814 675 15 18 0.026521992 
84 389 20 24 0.026516724 
811 672 24 29 0.026516415 
978 378 16 22 0.026402637 
790 343 11 13 0.026300604 
157 361 14 16 0.026242103 
171 391 21 29 0.026169157 
876 358 13 19 0.02616779 
901 349 14 17 0.026062913 
164 370 15 17 0.025905617 
1012 606 12 20 0.025848797 
754 494 10 12 0.025837583 
867 396 25 31 0.025754819 
925 416 27 36 0.025654567 
762 398 18 23 0.025637725 
951 363 23 36 0.025635947 
501 393 25 33 0.02558758 
895 363 16 19 0.025571164 
173 366 9 14 0.025305508 
798 387 15 20 0.025253033 
749 395 14 22 0.025184792 
444 245 17 22 0.025117924 
197 410 14 18 0.025037454 
388 526 10 13 0.024988458 
810 406 26 32 0.024568742 
938 387 16 19 0.024549164 
172 427 23 36 0.024374602 
898 393 17 21 0.02410273 
651 317 16 21 0.024011785 
316 419 25 32 0.023969676 
658 320 15 21 0.023662016 
325 63 27 32 0.023639994 
406 398 24 30 0.023622427 
823 404 23 28 0.023421565 
423 164 31 35 0.023375759 
510 359 27 33 0.023339704 
442 385 16 24 0.02332589 
689 233 17 23 0.02330653 
778 552 15 16 0.023175843 
152 362 12 16 0.023075469 
356 498 19 20 0.023008788 
720 532 13 15 0.022993058 
49 400 17 20 0.02281235 
807 413 39 45 0.022750996 
161 389 23 31 0.022732448 
374 476 10 13 0.022455512 
939 380 25 30 0.022407494 
453 135 16 25 0.02240682 
512 525 11 14 0.02239782 
311 404 12 15 0.022309514 
876 388 17 23 0.022253668 
779 415 15 20 0.022222139 
244 402 14 19 0.022219937 
271 404 20 24 0.02214323 
589 154 12 16 0.022016045 
156 385 16 19 0.022004569 
167 376 21 26 0.021995142 
826 422 26 30 0.021905523 
445 377 39 49 0.021903679 
136 396 23 32 0.021896755 
349 465 14 17 0.021855107 
475 379 16 22 0.02179403 
160 533 32 39 0.021754824 
88 420 29 30 0.021562837 
276 415 25 32 0.021543136 
142 413 16 24 0.021464076 
133 392 14 19 0.02138958 
463 366 28 35 0.021178031 
906 401 16 21 0.021111077 
345 378 15 19 0.02108512 
282 401 15 19 0.021038102 
957 385 31 45 0.021002248 
43 438 18 20 0.020948911 
339 80 30 33 0.020920696 
603 188 18 23 0.020848738 
340 403 22 34 0.020788588 
685 52 104 121 0.020742498 
5 376 17 23 0.020639982 
280 685 11 12 0.020540552 
796 693 15 18 0.020273691 
343 400 36 47 0.020244965 
451 201 15 22 0.02022036 
0 444 8 17 0.020196935 
531 362 13 18 0.020187572 
855 409 16 22 0.020178962 
533 677 45 52 0.020156741 
934 403 37 49 0.020102432 
154 403 18 25 0.020097075 
693 232 26 29 0.020080192 
920 498 45 56 0.020033091 
