7_Cheering_Cheering_7_57
132
33 161 38 51 0.99522203 
431 338 45 56 0.9937092 
0 305 46 56 0.98785746 
129 298 48 53 0.9869984 
553 346 45 51 0.9844775 
669 315 34 40 0.9800862 
797 285 46 52 0.9683527 
331 312 40 47 0.9132149 
746 339 43 50 0.89097965 
351 205 14 17 0.74311423 
602 180 17 22 0.66205347 
885 298 33 51 0.48540637 
105 325 34 41 0.3959235 
677 257 23 31 0.31350717 
953 370 34 53 0.23658666 
1000 337 27 61 0.23274674 
89 159 26 33 0.21616194 
388 224 32 40 0.20978178 
491 337 40 51 0.19946986 
880 122 36 45 0.19859986 
514 251 13 16 0.19309366 
493 711 30 42 0.15164734 
577 241 8 10 0.11796414 
540 227 15 18 0.11241694 
300 238 16 22 0.112363756 
542 221 11 14 0.107913435 
688 204 11 15 0.09840533 
880 210 49 73 0.09785427 
690 198 11 14 0.09306827 
582 239 8 11 0.09011736 
486 236 13 15 0.08708978 
72 83 17 18 0.08634125 
537 708 27 41 0.080592915 
575 244 8 11 0.07868261 
964 382 34 46 0.07729339 
734 151 46 47 0.07684759 
269 213 12 14 0.07212487 
907 107 13 16 0.071512505 
351 201 24 28 0.06938161 
361 203 14 18 0.069378026 
968 744 27 34 0.06785014 
701 249 16 20 0.06718515 
534 231 16 20 0.063926 
227 322 53 58 0.06018773 
583 244 8 11 0.05985166 
492 242 11 14 0.057443015 
611 351 39 53 0.05165778 
470 334 44 57 0.05136924 
326 214 9 12 0.0513065 
277 222 12 15 0.04915268 
981 210 24 28 0.04806487 
326 226 12 16 0.04628845 
382 237 29 35 0.045145962 
302 221 8 10 0.044477064 
700 268 25 30 0.042776503 
510 703 50 71 0.041702 
269 219 13 15 0.041292313 
149 265 27 32 0.040755 
688 201 20 27 0.040360034 
275 211 12 16 0.038790725 
539 240 15 17 0.03864931 
567 262 23 28 0.03863053 
569 247 10 11 0.038257305 
886 104 44 52 0.03778159 
690 248 23 31 0.03708142 
737 171 43 47 0.035958223 
723 463 50 48 0.035677683 
357 289 17 19 0.035522435 
791 279 28 38 0.03545845 
209 310 49 59 0.035246804 
332 224 13 16 0.034847945 
546 225 13 17 0.034682304 
504 326 36 48 0.03466746 
588 381 26 33 0.034572717 
606 227 14 20 0.03423225 
628 237 11 16 0.034122027 
507 247 21 27 0.033879988 
117 309 40 48 0.033330202 
68 80 28 34 0.0332256 
709 196 10 13 0.03296639 
305 246 17 22 0.03282622 
906 101 12 16 0.032568935 
402 231 28 43 0.032545272 
337 290 46 59 0.03133712 
666 357 30 39 0.031161198 
107 75 25 35 0.031037647 
535 222 13 16 0.030983308 
617 241 19 29 0.030960232 
479 312 42 55 0.030764941 
692 216 25 34 0.03047712 
486 237 21 28 0.030252796 
740 202 30 40 0.029193843 
521 251 13 15 0.02882977 
936 376 33 47 0.02843481 
705 192 9 11 0.028203899 
380 254 25 33 0.028077904 
399 304 37 50 0.027195122 
684 264 28 36 0.026678644 
655 737 30 31 0.026545726 
339 218 13 16 0.02635556 
902 104 22 27 0.025395729 
737 270 32 37 0.024917742 
757 188 39 38 0.024519114 
277 196 9 11 0.024223981 
587 245 10 15 0.023779353 
567 251 11 13 0.023737673 
297 220 11 13 0.023688883 
115 75 14 19 0.023687609 
538 216 21 24 0.023632225 
984 213 11 17 0.023626124 
401 226 20 24 0.02342793 
704 257 19 22 0.023316497 
715 221 13 16 0.023151703 
247 313 51 57 0.022945106 
698 208 15 18 0.022732414 
134 230 31 32 0.022651432 
1006 336 15 23 0.022571802 
486 701 53 71 0.022508519 
265 208 21 25 0.022194194 
350 281 27 31 0.022131883 
1003 419 15 21 0.021803407 
700 238 24 26 0.021790115 
581 249 13 19 0.021536587 
303 230 11 15 0.021488417 
668 264 25 34 0.021304417 
269 225 16 18 0.020932935 
388 231 19 25 0.020903619 
81 88 15 18 0.020826023 
577 263 17 22 0.020710055 
146 232 17 20 0.020441812 
704 221 25 29 0.020343335 
264 337 37 37 0.020067701 
