7_Cheering_Cheering_7_171
1023
339 317 16 22 0.9892351 
292 268 18 23 0.9889714 
222 61 14 18 0.98261833 
349 270 15 21 0.9819025 
580 249 14 18 0.97887266 
419 147 13 18 0.97874475 
389 253 14 18 0.978733 
435 282 17 21 0.9781358 
628 227 14 17 0.9778535 
426 311 16 21 0.9764563 
555 294 17 20 0.97565186 
550 264 13 17 0.9754657 
510 260 15 19 0.97465885 
57 83 15 21 0.9732233 
117 5 14 18 0.97076553 
773 163 13 17 0.96877444 
935 217 13 16 0.96717215 
924 235 14 17 0.9661438 
423 65 13 17 0.9627989 
619 296 14 17 0.95940113 
462 129 14 19 0.95681965 
690 249 14 18 0.95528895 
461 228 16 20 0.9552138 
622 67 12 16 0.95478314 
812 163 12 16 0.94838685 
57 59 17 21 0.9477047 
270 68 13 16 0.94494 
602 262 16 20 0.9445131 
330 4 11 15 0.9410441 
664 140 13 16 0.94058603 
535 186 14 18 0.9392564 
515 106 13 16 0.9372606 
95 159 19 22 0.9366507 
974 299 13 16 0.9365003 
346 97 13 17 0.936267 
611 237 13 18 0.93125135 
274 89 14 17 0.9297233 
613 186 14 17 0.92912304 
723 308 13 18 0.92862195 
714 233 13 17 0.9285693 
331 56 14 17 0.9282519 
907 252 12 15 0.9271545 
553 219 15 19 0.9249383 
509 130 12 16 0.92138106 
485 101 13 15 0.92124355 
472 180 15 19 0.92031354 
320 242 14 19 0.9197542 
597 138 12 16 0.9197176 
472 25 12 15 0.91394114 
497 160 16 19 0.9130095 
601 219 13 17 0.9113945 
524 65 13 17 0.91066736 
52 19 14 17 0.91059333 
546 101 13 16 0.90794134 
795 195 15 20 0.903104 
735 85 11 14 0.90089595 
349 237 15 21 0.8954297 
958 280 14 16 0.8925063 
18 77 18 22 0.8910378 
442 145 13 16 0.8901672 
305 218 15 20 0.8852662 
461 102 10 13 0.88470703 
147 114 18 22 0.88169265 
942 275 11 15 0.879243 
752 258 14 17 0.8790152 
201 35 13 16 0.87851566 
635 204 13 17 0.87825686 
962 260 12 14 0.8768121 
491 68 13 15 0.87594765 
288 41 14 17 0.8700822 
584 161 14 16 0.86661696 
657 212 12 16 0.8647831 
666 189 13 16 0.8639233 
791 167 14 18 0.8629568 
491 126 12 16 0.86288315 
400 109 13 17 0.8614363 
522 208 15 17 0.858593 
753 210 13 18 0.85720026 
478 81 13 16 0.85056627 
87 88 17 23 0.84996665 
295 17 13 15 0.8404351 
129 142 16 20 0.8362868 
291 74 13 17 0.83600956 
991 308 13 18 0.83307576 
873 195 11 14 0.83197147 
741 119 11 14 0.8301406 
651 246 13 17 0.82994944 
3 9 14 18 0.8221329 
384 122 16 20 0.8200912 
262 183 15 20 0.8195739 
32 160 15 20 0.8190605 
881 293 14 17 0.81715566 
188 0 11 14 0.8125161 
156 204 16 23 0.8106264 
160 30 13 17 0.80925983 
619 155 12 16 0.8071914 
153 92 16 20 0.80219287 
384 405 21 28 0.7986813 
132 171 18 21 0.79430455 
450 211 14 17 0.79401934 
997 245 10 12 0.7843443 
751 174 12 15 0.7815458 
325 78 12 16 0.7802835 
495 213 15 18 0.77918947 
553 244 15 19 0.7762353 
541 167 12 15 0.7737786 
499 237 15 18 0.77325535 
475 206 12 17 0.7659278 
221 10 12 16 0.76513237 
250 24 12 17 0.7638892 
365 11 11 14 0.76362664 
784 143 11 14 0.7623073 
699 233 13 17 0.7622573 
361 30 12 15 0.761262 
512 33 11 15 0.76034445 
384 315 21 28 0.75809103 
304 1 11 13 0.7562365 
492 31 11 14 0.7425944 
876 170 13 16 0.7423693 
691 93 11 14 0.7379574 
954 242 12 16 0.7369212 
534 245 14 18 0.7329171 
25 389 17 20 0.72993606 
356 52 15 19 0.72553116 
862 227 11 14 0.724451 
103 116 15 19 0.72232807 
442 76 14 17 0.7190586 
901 325 13 17 0.71750915 
782 124 13 17 0.708614 
854 292 11 14 0.7082049 
1011 269 10 15 0.7074278 
724 192 14 16 0.7052963 
651 164 13 15 0.70430773 
853 210 13 18 0.69609135 
154 146 15 18 0.6954359 
884 226 13 17 0.69519687 
424 112 14 17 0.6801899 
242 59 14 17 0.68013054 
568 134 13 17 0.6789616 
726 156 14 15 0.6754838 
139 -1 11 12 0.67020696 
312 88 13 17 0.66301435 
589 69 10 13 0.6569851 
239 79 13 16 0.6536125 
383 30 13 16 0.63953567 
892 368 15 17 0.63879377 
639 300 14 17 0.63409233 
105 67 13 17 0.6317378 
596 46 9 11 0.63059527 
783 309 12 15 0.6246239 
400 155 13 17 0.6200552 
662 89 11 14 0.6187846 
593 182 12 17 0.610653 
237 43 13 15 0.6086379 
528 45 12 14 0.60687625 
954 328 13 16 0.60332733 
578 113 13 15 0.6026364 
477 47 12 14 0.5869034 
680 80 11 15 0.58260274 
929 261 13 17 0.57671475 
699 277 14 18 0.5749195 
697 122 13 17 0.5748632 
549 127 14 17 0.56884867 
65 138 17 22 0.56681615 
572 46 11 12 0.56439525 
386 60 12 16 0.56421137 
421 16 9 12 0.5507513 
635 110 11 13 0.5504598 
634 182 12 15 0.547858 
154 8 13 17 0.5296078 
761 116 12 16 0.52882993 
74 422 18 23 0.5260527 
760 108 12 15 0.5130327 
801 148 10 14 0.51241565 
176 11 12 16 0.49845815 
720 107 13 15 0.49652937 
753 317 12 18 0.487844 
470 66 11 13 0.4826956 
344 216 16 18 0.4817474 
586 296 16 19 0.47454047 
669 60 9 11 0.47340205 
332 28 12 14 0.47314167 
877 219 12 17 0.46765965 
448 29 10 13 0.4393463 
708 257 14 16 0.43817762 
884 250 13 15 0.43764606 
270 307 17 22 0.4322167 
935 329 12 17 0.42439827 
618 88 13 16 0.41850474 
124 415 15 20 0.4148032 
390 19 11 14 0.41297188 
415 186 15 17 0.40864426 
558 59 12 14 0.40122905 
438 180 13 18 0.38910306 
574 110 13 15 0.38819388 
647 52 10 12 0.3864979 
422 41 12 14 0.3809738 
850 173 12 15 0.38087967 
648 77 13 15 0.37863532 
746 238 12 14 0.37708086 
685 177 12 15 0.36512166 
807 134 11 13 0.36341533 
563 190 17 20 0.35746616 
635 326 17 23 0.35452393 
716 135 12 15 0.3472964 
743 137 11 14 0.343293 
83 423 21 24 0.3431597 
908 230 11 15 0.34219992 
644 92 12 15 0.3403834 
977 267 11 15 0.3395474 
990 287 13 15 0.3389688 
115 402 15 18 0.33869597 
985 372 14 17 0.3339859 
997 267 10 14 0.32831594 
169 420 16 21 0.32745764 
417 19 10 13 0.3247721 
597 117 13 15 0.31301603 
756 163 10 14 0.30433875 
506 187 14 17 0.30315036 
601 85 11 14 0.30033478 
722 214 12 15 0.29875237 
695 129 12 16 0.29659507 
836 197 11 14 0.29635438 
773 286 12 15 0.28366005 
126 174 26 32 0.28244168 
405 205 12 16 0.27214235 
66 28 15 20 0.27025777 
728 284 13 17 0.26629382 
419 98 16 18 0.26135194 
99 92 16 20 0.25876933 
383 327 16 22 0.25775978 
451 50 11 14 0.2526062 
219 35 12 16 0.2519068 
732 162 12 14 0.24684286 
718 114 13 15 0.2459835 
814 185 11 14 0.24537027 
238 51 15 19 0.24487251 
900 214 11 14 0.2367938 
788 425 13 17 0.23679158 
861 196 9 13 0.23637076 
951 366 12 13 0.23502617 
427 98 15 19 0.23342897 
784 189 12 16 0.22987364 
665 57 9 12 0.21972631 
696 195 12 15 0.21850449 
337 129 14 17 0.21771213 
662 297 13 22 0.20989896 
694 180 12 14 0.20726748 
624 45 9 12 0.2051984 
674 28 8 10 0.20113583 
558 115 11 14 0.20046711 
175 42 13 14 0.19984777 
565 59 11 13 0.19053817 
444 23 11 13 0.1897899 
530 94 12 15 0.18950433 
124 220 16 23 0.18680356 
749 280 14 17 0.18639387 
571 103 11 13 0.18172695 
141 389 10 13 0.1809392 
730 195 11 15 0.17527093 
698 189 12 16 0.17183843 
752 167 13 15 0.16964841 
141 398 10 15 0.16915524 
975 245 11 14 0.16790631 
281 376 16 23 0.166742 
850 166 13 15 0.16419023 
605 1 12 15 0.16234374 
418 285 12 16 0.15963873 
387 310 15 18 0.1574796 
852 376 11 13 0.15303285 
932 405 13 16 0.15284698 
795 369 15 23 0.15174425 
867 425 14 17 0.15136471 
389 90 12 16 0.15034907 
716 121 13 16 0.14995195 
437 172 14 17 0.14781974 
984 253 9 11 0.14574568 
651 83 13 16 0.14523676 
631 52 10 11 0.14348935 
653 238 14 17 0.14181417 
574 60 10 12 0.14049499 
564 219 14 17 0.1358348 
473 51 11 14 0.13348505 
853 189 12 15 0.13027276 
820 406 17 23 0.12967181 
366 227 16 19 0.12925681 
0 83 9 16 0.1255784 
678 64 9 10 0.1252983 
347 229 15 18 0.12321909 
664 117 11 14 0.12179993 
107 155 14 20 0.12043909 
748 134 11 14 0.12014778 
860 240 13 18 0.11906051 
980 262 11 14 0.11898097 
968 225 8 11 0.11651159 
800 420 9 14 0.11452914 
77 29 14 19 0.1142232 
572 51 11 14 0.11417224 
532 116 12 15 0.111938566 
685 70 9 11 0.111572064 
635 131 12 15 0.110330686 
653 72 10 13 0.10928138 
412 203 14 18 0.108071536 
698 23 8 10 0.10784301 
537 179 14 19 0.10636637 
716 64 11 12 0.10626866 
460 94 12 15 0.10360358 
809 347 25 31 0.103591114 
1014 334 11 16 0.103269845 
1000 357 13 15 0.10116677 
440 54 11 14 0.1007585 
852 324 12 15 0.09967769 
442 186 14 18 0.099198684 
338 286 15 18 0.09918155 
850 435 13 17 0.09828679 
776 260 13 16 0.09766697 
223 0 11 12 0.09759212 
417 193 16 18 0.09728541 
126 59 12 15 0.09701401 
814 140 10 14 0.096637 
383 23 11 14 0.09635028 
639 100 11 14 0.09628512 
248 -1 9 9 0.095767766 
836 364 15 20 0.09539046 
25 324 23 33 0.09434627 
567 53 12 15 0.093047895 
679 178 12 15 0.09248043 
852 155 14 16 0.092360504 
495 52 12 15 0.092191786 
445 59 12 14 0.09168421 
783 217 12 15 0.0898842 
677 25 8 10 0.08891131 
117 409 15 20 0.08674067 
704 53 9 11 0.086472906 
890 227 13 18 0.08646062 
328 25 12 13 0.086406946 
473 83 10 14 0.08637005 
462 85 12 14 0.086365186 
569 107 12 16 0.08629122 
602 139 12 16 0.086036764 
354 132 14 17 0.08603553 
996 291 9 12 0.08599633 
990 255 8 10 0.08434699 
453 35 11 13 0.083486654 
1011 315 11 16 0.083054066 
567 156 11 14 0.0825852 
684 54 9 10 0.08171902 
992 262 9 13 0.08127244 
902 232 14 18 0.081110395 
592 117 10 13 0.0797978 
635 311 14 20 0.07833839 
998 250 10 12 0.07784918 
484 76 11 15 0.07602351 
581 212 11 15 0.075926706 
848 430 12 15 0.075816 
808 159 12 15 0.07517 
831 235 13 17 0.07505234 
359 66 13 17 0.07494981 
265 36 11 15 0.074749626 
805 138 11 15 0.07467839 
456 94 10 12 0.07464038 
361 74 11 14 0.07439391 
667 136 11 14 0.07403313 
762 101 11 14 0.073264934 
614 109 11 15 0.0730504 
818 354 15 18 0.07291255 
545 130 11 15 0.07212013 
959 265 14 17 0.07131575 
319 36 13 16 0.07115819 
666 302 15 20 0.07101564 
531 213 12 15 0.07101326 
676 117 11 13 0.07078778 
948 276 12 16 0.069703095 
429 43 10 12 0.06932341 
254 0 9 9 0.069007345 
773 279 12 15 0.06861198 
146 190 26 33 0.0686053 
1004 145 17 25 0.0676511 
379 201 14 16 0.06756273 
389 303 14 17 0.06755032 
302 -4 18 21 0.06723454 
534 100 11 14 0.0663119 
981 247 10 12 0.06617087 
990 276 13 16 0.065861925 
315 96 13 17 0.06518761 
417 39 10 13 0.06477199 
821 143 9 12 0.06413152 
486 118 15 18 0.06391824 
848 372 11 15 0.06367747 
974 212 10 12 0.063659064 
528 256 13 19 0.063445486 
92 402 12 16 0.06293337 
815 148 12 15 0.06291982 
679 69 10 13 0.06267609 
633 376 17 20 0.06257909 
984 224 9 13 0.062189355 
402 117 14 18 0.06104629 
475 59 12 15 0.060926054 
613 135 10 13 0.06059741 
994 239 10 13 0.060561668 
329 81 13 18 0.060392693 
685 62 9 11 0.06017364 
186 393 25 29 0.05979324 
180 15 13 17 0.05918481 
293 354 11 13 0.05900656 
-1 58 9 14 0.058778454 
695 64 10 12 0.058192063 
845 330 12 15 0.057851616 
531 39 11 14 0.05722494 
564 202 14 17 0.057205077 
562 397 12 14 0.057063226 
806 463 17 19 0.057005446 
783 236 11 13 0.056638412 
680 47 9 12 0.056196105 
364 17 13 16 0.05618552 
727 241 12 16 0.056112997 
859 287 11 14 0.05603594 
671 45 9 12 0.05566806 
629 48 10 12 0.055536244 
716 257 11 16 0.055472277 
929 331 11 15 0.055052757 
463 121 13 15 0.0549726 
400 209 14 18 0.054819938 
724 236 12 16 0.05480613 
873 216 12 15 0.054668345 
376 96 11 17 0.05455964 
135 -7 19 22 0.054339845 
27 60 12 16 0.054326173 
502 126 11 14 0.05423377 
593 50 11 14 0.054128647 
348 84 13 15 0.05390256 
416 94 13 17 0.05371373 
505 234 14 20 0.053661793 
799 134 11 14 0.053527653 
583 63 8 11 0.052886307 
380 91 14 18 0.05269063 
428 139 13 18 0.052545633 
926 255 11 14 0.05246935 
192 72 13 17 0.051749375 
654 89 12 16 0.051589 
568 126 12 17 0.051567473 
205 60 11 13 0.0515404 
20 69 17 21 0.051487062 
571 213 14 17 0.05124918 
944 205 10 12 0.051226694 
531 68 11 14 0.05104205 
645 109 12 14 0.050489523 
427 119 14 16 0.05048478 
312 62 11 14 0.050423235 
669 117 12 14 0.050332274 
120 139 21 28 0.04996252 
732 201 11 15 0.049946915 
362 7 11 13 0.049617387 
772 332 12 14 0.04921053 
786 130 12 15 0.04884376 
710 100 12 15 0.04878838 
1013 324 11 16 0.048687875 
640 4 10 13 0.048684847 
102 82 15 20 0.04861788 
752 78 9 12 0.04845696 
693 285 19 27 0.04826387 
397 29 9 12 0.04813949 
439 16 9 12 0.0480117 
465 62 10 13 0.04789691 
431 14 9 12 0.047833737 
390 109 13 16 0.047773518 
789 245 14 17 0.047687776 
597 40 11 13 0.047548965 
604 123 10 12 0.04754229 
76 414 15 20 0.047260266 
500 226 15 19 0.047234535 
787 210 14 18 0.047168124 
332 45 14 18 0.04711934 
466 102 11 14 0.04705833 
159 398 11 14 0.047021516 
647 160 12 16 0.046972122 
918 362 12 14 0.046875734 
469 119 11 14 0.0468568 
372 321 17 22 0.04683406 
340 355 11 16 0.046411388 
798 354 25 34 0.046365727 
796 248 13 16 0.046213776 
658 241 14 19 0.04615194 
527 98 11 15 0.045990855 
627 299 13 17 0.045846745 
700 253 13 16 0.045735817 
325 33 13 17 0.045652855 
606 133 11 16 0.0455118 
701 60 10 12 0.04540672 
820 225 13 15 0.04521924 
6 72 21 28 0.04493295 
713 69 11 14 0.044854645 
724 199 15 18 0.044626396 
718 96 11 14 0.044481233 
820 369 14 19 0.044443764 
446 17 9 12 0.044314682 
636 333 25 32 0.044267513 
461 38 10 13 0.04423035 
435 100 11 15 0.044095375 
911 359 11 14 0.044079956 
518 63 14 16 0.043968022 
744 173 11 16 0.0439335 
779 253 13 16 0.043929104 
894 219 13 16 0.043758012 
741 113 10 12 0.043585528 
252 16 12 16 0.043556478 
654 133 10 13 0.04340354 
978 294 13 15 0.043333676 
696 112 12 15 0.043298826 
392 117 19 23 0.04328841 
956 368 15 17 0.043155417 
871 176 15 18 0.0431549 
958 229 10 11 0.042847425 
700 202 11 15 0.04279945 
773 327 10 12 0.042770118 
592 135 13 15 0.04256914 
291 24 15 19 0.042452347 
755 371 14 17 0.04239947 
214 30 13 17 0.042311255 
927 317 12 14 0.042291585 
344 12 11 14 0.04217283 
613 2 12 15 0.04211604 
787 303 11 14 0.042103343 
831 361 14 20 0.042032175 
512 114 11 15 0.041972727 
498 149 15 17 0.04180121 
735 134 12 14 0.041565865 
1011 428 12 23 0.041420177 
548 84 13 16 0.04138826 
117 393 21 28 0.041327965 
805 436 11 14 0.04115496 
416 59 10 15 0.04085091 
150 102 21 26 0.040731896 
132 328 12 14 0.04053164 
626 155 13 15 0.040525813 
668 292 14 21 0.04039343 
808 70 10 12 0.040386923 
952 230 10 12 0.040325873 
190 113 14 19 0.040320486 
774 378 15 17 0.04026739 
512 63 11 14 0.039973095 
477 288 12 15 0.0397245 
756 237 13 15 0.039694533 
318 69 14 17 0.03958547 
74 143 14 20 0.039582577 
486 13 12 13 0.039449263 
605 80 11 14 0.039446153 
860 340 12 15 0.03939595 
704 148 11 15 0.039276477 
255 243 10 12 0.039231766 
536 217 12 16 0.038881123 
416 8 9 12 0.03865956 
845 356 12 15 0.038557664 
671 39 9 11 0.03850983 
188 414 16 20 0.038496625 
655 48 8 10 0.03839058 
508 228 13 17 0.038387988 
263 2 12 14 0.038369272 
830 166 10 13 0.03826478 
815 225 12 15 0.038257986 
10 141 21 27 0.03814857 
734 170 13 17 0.03813386 
579 364 14 19 0.03804153 
911 337 12 16 0.037941813 
63 420 23 31 0.037913397 
503 140 10 14 0.037602287 
675 298 15 21 0.037389375 
699 140 11 14 0.03732848 
631 139 13 15 0.037297215 
292 62 14 16 0.03712258 
753 159 11 13 0.037122566 
998 228 12 14 0.037069798 
224 52 18 23 0.03706152 
420 136 13 16 0.036991138 
111 436 10 14 0.0369841 
157 2 11 12 0.036974665 
831 199 14 19 0.036871623 
974 222 9 12 0.036848128 
73 425 27 34 0.036832813 
791 70 9 11 0.036735274 
960 223 10 12 0.03630693 
942 196 11 14 0.03625976 
136 401 12 17 0.03624413 
403 149 14 18 0.036231786 
688 32 8 9 0.03616332 
684 47 10 11 0.036117736 
541 213 12 16 0.03604741 
534 139 12 16 0.035906702 
349 123 13 17 0.035839822 
600 3 12 15 0.035793684 
782 137 17 23 0.03569112 
337 217 13 18 0.03568717 
687 202 12 16 0.035670593 
653 278 12 16 0.035512824 
556 65 13 15 0.0354938 
492 106 12 15 0.03538576 
335 134 14 19 0.035334706 
751 311 12 17 0.035205748 
415 26 10 13 0.03512564 
808 181 13 17 0.035120826 
600 79 10 13 0.035014674 
731 150 12 15 0.034960933 
876 200 12 16 0.034921523 
907 332 13 16 0.03489691 
589 146 15 18 0.03476516 
157 21 14 18 0.03476058 
995 273 12 14 0.034692205 
617 45 9 12 0.034676913 
630 150 13 15 0.034664866 
700 267 16 20 0.0346424 
917 334 12 15 0.034637615 
356 123 12 16 0.03460176 
782 432 13 17 0.03458736 
695 45 9 11 0.03455546 
454 85 10 14 0.034478877 
90 409 16 20 0.034391865 
969 206 8 12 0.034144577 
759 96 11 13 0.034107383 
395 16 11 13 0.03409983 
853 383 14 17 0.03391014 
372 6 11 13 0.03389671 
640 52 10 12 0.033847358 
726 139 11 14 0.033823323 
901 398 11 14 0.033737455 
567 39 11 14 0.033715248 
725 257 13 17 0.033661805 
729 349 10 13 0.033656936 
84 412 15 20 0.03356747 
590 111 10 14 0.03348153 
734 256 12 18 0.033440378 
604 90 10 13 0.033438176 
430 178 14 19 0.03343768 
528 243 14 19 0.0333051 
781 319 13 16 0.033074547 
551 117 13 15 0.033020932 
445 101 10 13 0.03296881 
777 119 10 13 0.03279055 
762 236 12 16 0.03273134 
253 254 11 14 0.032717176 
188 55 14 18 0.032706298 
387 172 14 17 0.03266072 
624 52 9 11 0.032644797 
116 186 25 30 0.032476164 
365 121 13 17 0.03246325 
872 387 10 14 0.03244308 
580 133 11 14 0.032419384 
342 261 13 17 0.03239258 
858 149 13 15 0.032360468 
630 176 14 17 0.032349184 
543 77 10 14 0.032336466 
207 99 13 18 0.032300454 
370 222 15 18 0.03222774 
386 420 17 21 0.03206702 
619 3 12 14 0.032065835 
730 277 14 17 0.03204537 
716 84 11 13 0.032032326 
775 107 10 14 0.031997163 
527 30 10 13 0.03194614 
659 205 13 18 0.031859364 
85 130 13 17 0.03183373 
353 99 12 17 0.03169204 
814 370 14 20 0.03168528 
798 69 10 12 0.031444326 
1008 310 12 16 0.031434942 
814 359 15 21 0.031431705 
279 19 12 14 0.03140972 
320 30 11 14 0.03139415 
832 243 14 19 0.03136129 
297 0 10 11 0.031324547 
321 483 10 14 0.031313192 
734 70 9 12 0.031307086 
187 18 13 16 0.031300355 
748 289 14 16 0.031192934 
677 282 14 18 0.031150755 
870 298 12 15 0.031027786 
688 22 8 10 0.030911842 
653 295 17 25 0.030881384 
574 157 11 14 0.030767929 
229 386 13 19 0.030713385 
462 15 10 12 0.030699732 
981 275 13 16 0.030635213 
452 60 11 13 0.030590603 
866 224 13 18 0.030574685 
198 57 12 15 0.03055931 
500 203 15 20 0.030558296 
644 6 10 12 0.030528441 
715 73 13 16 0.030497545 
591 15 9 12 0.030378828 
594 297 14 19 0.030347211 
582 303 17 20 0.030345935 
643 342 26 33 0.030276714 
778 315 10 13 0.03020462 
514 254 13 19 0.030021895 
405 195 15 20 0.03000179 
701 27 9 11 0.029940616 
956 358 16 18 0.029897997 
273 63 15 18 0.029813316 
376 22 11 13 0.029771827 
641 203 14 18 0.02965719 
308 299 14 19 0.02964836 
399 35 9 13 0.029550439 
862 299 12 15 0.02951807 
390 194 12 17 0.029470198 
446 90 11 14 0.029445074 
992 126 32 52 0.02943076 
45 524 25 34 0.02939908 
334 309 16 21 0.029395785 
507 221 12 15 0.029378459 
671 66 12 14 0.029354742 
533 22 11 13 0.029336466 
704 99 11 14 0.029300133 
397 193 13 18 0.02927508 
900 334 16 19 0.029157214 
585 65 18 22 0.029064571 
664 14 9 11 0.029056536 
988 222 12 15 0.02897958 
407 185 14 19 0.028928196 
480 106 13 15 0.028922824 
676 123 11 14 0.028863743 
916 251 11 15 0.028835675 
664 21 10 12 0.028828159 
300 62 12 16 0.028803907 
832 100 9 11 0.028767155 
704 76 11 13 0.028752256 
87 398 12 15 0.028737955 
628 73 11 16 0.02854591 
216 54 11 15 0.028537517 
647 131 10 14 0.028496958 
583 206 11 16 0.028492948 
1014 280 10 14 0.028462682 
288 20 11 14 0.028455997 
480 125 11 14 0.02841647 
387 72 12 15 0.02835272 
5 146 12 17 0.028210646 
436 93 11 15 0.028172512 
509 22 11 13 0.028153954 
382 6 10 12 0.02812266 
565 181 15 18 0.02809607 
22 149 20 26 0.028043201 
255 3 11 13 0.028033704 
696 16 8 11 0.02801378 
515 186 12 16 0.028003616 
685 282 13 18 0.02798257 
377 451 14 21 0.027969355 
452 197 14 19 0.027940122 
23 56 20 26 0.027893683 
18 138 15 19 0.027849419 
586 243 15 20 0.027802156 
99 233 13 17 0.027794555 
586 170 14 16 0.027781589 
144 10 12 15 0.027755566 
597 20 11 15 0.027707275 
483 44 11 15 0.027686173 
618 191 14 18 0.027672302 
803 403 22 32 0.027512502 
293 94 13 19 0.027484516 
683 296 15 23 0.02741486 
525 197 13 17 0.027342113 
334 117 15 17 0.027057813 
344 239 14 21 0.02692928 
654 53 9 12 0.026807098 
494 24 11 14 0.02674515 
421 9 10 11 0.026724556 
833 227 15 21 0.026707422 
180 99 14 18 0.026662875 
983 285 12 15 0.026642317 
65 64 15 20 0.026562033 
778 291 13 14 0.026498388 
483 51 12 15 0.0264969 
551 7 10 11 0.02649363 
326 44 13 15 0.026439618 
768 327 10 12 0.02638677 
783 244 13 17 0.026349481 
728 306 14 19 0.026322952 
131 188 17 22 0.026313953 
568 15 9 11 0.026284903 
91 96 21 25 0.02628244 
893 250 10 13 0.02622265 
81 18 16 18 0.026174052 
476 36 13 15 0.026118187 
797 60 10 13 0.026078846 
548 75 13 16 0.026059244 
849 424 21 25 0.026027579 
413 114 13 17 0.025995614 
494 220 15 21 0.025903279 
22 381 17 20 0.02589298 
747 392 16 19 0.025861695 
270 95 14 18 0.025858572 
568 114 11 15 0.025851643 
469 106 11 15 0.02582288 
871 358 11 13 0.025680138 
742 232 13 16 0.02566701 
677 109 11 14 0.025660405 
246 3 11 14 0.025645716 
633 198 13 17 0.02563943 
862 306 11 14 0.025627222 
669 156 11 15 0.025611434 
366 131 11 16 0.025583716 
441 71 12 14 0.025556924 
622 40 10 13 0.02551926 
504 1 9 10 0.025467006 
759 47 9 12 0.025439996 
647 146 12 15 0.025426952 
932 255 11 15 0.02539971 
361 354 15 20 0.025355775 
159 426 15 17 0.025350697 
875 381 13 17 0.025341367 
636 174 13 16 0.025336837 
20 91 16 21 0.025272798 
812 438 12 15 0.02526604 
958 253 13 16 0.02525463 
542 43 11 14 0.02524054 
200 401 17 22 0.025194224 
907 319 11 14 0.025182562 
861 388 10 13 0.025133504 
340 5 12 15 0.02511379 
545 170 12 16 0.02510981 
503 23 10 12 0.025080226 
712 118 10 14 0.02507876 
572 94 11 13 0.025067475 
800 404 10 15 0.025055613 
111 409 14 19 0.025046702 
859 164 13 16 0.025046516 
269 44 11 14 0.025006728 
180 402 23 28 0.024958745 
672 8 8 10 0.02493725 
372 410 26 31 0.024857137 
802 427 12 17 0.02481665 
756 332 12 13 0.024809243 
710 181 11 15 0.024724672 
536 0 9 10 0.02471967 
756 310 12 17 0.024604522 
437 45 10 12 0.024583217 
597 11 12 15 0.024510318 
534 29 9 12 0.02449338 
765 309 13 16 0.024483157 
162 196 15 21 0.024471946 
894 166 10 13 0.024448289 
615 53 9 11 0.02444422 
765 380 12 15 0.024442663 
227 5 11 15 0.02443325 
880 365 10 13 0.024420958 
855 144 11 13 0.024419956 
819 164 11 15 0.02439934 
590 191 13 18 0.024385378 
576 0 10 12 0.024362814 
700 174 11 14 0.02434226 
787 188 17 22 0.024321364 
273 52 11 14 0.024316696 
711 107 12 15 0.024305018 
744 352 10 13 0.024303513 
599 365 23 29 0.024303017 
554 101 11 13 0.024295973 
62 426 14 19 0.024291938 
621 116 10 12 0.024248462 
0 101 9 15 0.02421935 
982 213 9 11 0.024140682 
858 202 13 18 0.02410347 
769 63 108 124 0.024067078 
492 13 11 13 0.024018878 
696 27 10 12 0.023986854 
844 337 13 16 0.023983875 
328 189 11 16 0.023967892 
212 97 15 20 0.023955632 
499 60 10 14 0.023869291 
318 210 12 16 0.023859465 
667 85 12 16 0.02385717 
1013 255 11 14 0.023856001 
702 48 10 12 0.023836002 
541 0 10 9 0.02382663 
107 110 14 19 0.023723518 
485 179 12 16 0.023700343 
372 208 16 18 0.023684708 
789 258 12 15 0.02367825 
731 237 12 15 0.023661895 
816 37 8 11 0.023657013 
789 176 13 18 0.023639958 
872 375 9 12 0.023546005 
479 90 12 16 0.023542412 
494 43 12 15 0.023528283 
446 225 14 20 0.02352004 
800 372 18 22 0.02350378 
541 158 13 17 0.023498988 
422 30 10 13 0.02349377 
32 392 15 19 0.023464603 
733 371 15 19 0.023448763 
791 76 11 12 0.023393717 
606 108 12 15 0.02336081 
262 29 10 15 0.023331724 
458 205 13 16 0.023221014 
195 3 12 14 0.02317424 
797 42 13 16 0.023155462 
640 314 15 20 0.023139525 
590 91 11 13 0.023057122 
662 39 10 11 0.022984691 
846 183 18 24 0.0229832 
388 98 14 18 0.022977222 
127 418 21 27 0.022903696 
417 294 21 26 0.02288456 
217 0 10 10 0.022877946 
268 104 14 18 0.022877814 
163 114 14 18 0.022826152 
621 183 12 17 0.022816794 
878 373 10 14 0.022816394 
589 203 12 17 0.022801325 
346 207 17 18 0.022795772 
772 35 23 26 0.022794819 
809 169 13 15 0.022780813 
348 78 12 14 0.02277027 
20 369 28 33 0.02274854 
860 375 10 13 0.02272853 
900 208 11 14 0.02272248 
269 364 11 15 0.022715926 
946 364 10 13 0.02263355 
405 139 13 16 0.02256216 
573 14 9 11 0.022543838 
216 42 12 16 0.022465367 
830 132 11 14 0.02238711 
948 299 13 16 0.022344498 
85 12 13 15 0.022310667 
1005 255 10 12 0.02230393 
370 156 12 15 0.022295158 
541 226 13 17 0.022263931 
515 125 13 16 0.02224437 
217 312 27 38 0.022216203 
700 95 11 13 0.022214733 
286 79 14 19 0.02219055 
919 181 11 14 0.022007518 
608 101 11 14 0.022004614 
520 44 11 14 0.021913214 
582 102 12 14 0.021904048 
500 29 11 14 0.02187358 
501 107 12 15 0.021853454 
134 428 25 29 0.0218526 
603 9 13 16 0.021760141 
687 38 9 11 0.021728417 
455 15 8 11 0.021707442 
180 417 14 19 0.02170257 
740 80 11 13 0.021696478 
478 5 10 11 0.021685962 
663 183 13 17 0.021672687 
136 139 17 22 0.02154331 
576 67 10 11 0.021517089 
503 183 14 16 0.021472849 
896 207 10 14 0.02146227 
994 302 12 17 0.021451851 
765 132 10 14 0.02135936 
751 83 11 14 0.02134741 
705 281 13 17 0.021334365 
410 21 9 12 0.021327365 
791 282 11 14 0.021319285 
609 261 14 17 0.021311605 
996 140 17 19 0.021294931 
531 262 13 17 0.021294916 
528 87 11 13 0.021205181 
860 431 16 20 0.021194126 
324 104 12 15 0.021174073 
846 388 14 16 0.021165242 
470 5 11 12 0.021151911 
551 12 11 12 0.021144459 
308 22 11 13 0.021124946 
997 23 8 10 0.021117914 
787 234 15 18 0.021103904 
916 385 14 18 0.021078182 
783 203 14 18 0.021067597 
932 240 10 14 0.021067142 
20 398 17 20 0.02101431 
842 325 11 15 0.020980483 
684 165 14 17 0.020959444 
464 21 11 12 0.020941503 
702 70 10 12 0.02093258 
509 202 12 16 0.0209255 
823 134 11 13 0.020913878 
160 94 16 21 0.020864204 
213 332 28 42 0.02085138 
453 23 10 13 0.020773578 
35 41 15 19 0.020771518 
859 411 24 31 0.0207701 
631 335 15 21 0.020758092 
533 146 14 17 0.020739982 
792 62 11 13 0.020732839 
607 298 13 18 0.020712076 
243 33 14 17 0.02069993 
161 200 22 30 0.020697562 
100 402 13 17 0.02068355 
845 309 11 14 0.02067335 
151 381 10 12 0.020658275 
1 148 20 28 0.020656949 
239 0 11 11 0.020633351 
565 321 12 15 0.020559138 
174 48 13 18 0.020551594 
752 68 11 13 0.020549895 
792 83 11 14 0.020526273 
487 210 14 19 0.020510102 
733 30 8 10 0.020506626 
777 219 11 15 0.020506606 
674 361 26 32 0.020479063 
113 159 15 20 0.02047759 
518 215 15 18 0.020471811 
430 85 13 15 0.020439276 
486 6 10 11 0.020432238 
367 2 10 11 0.020423017 
832 190 11 15 0.020367393 
626 382 20 23 0.020341862 
395 90 12 16 0.020338137 
475 68 12 15 0.020316852 
156 382 11 13 0.020281846 
544 252 16 23 0.020279696 
636 155 12 15 0.020261377 
83 136 14 20 0.020220587 
118 422 14 19 0.02021747 
173 27 14 17 0.020195162 
721 14 7 10 0.02017729 
893 317 23 27 0.020175038 
113 114 15 19 0.020174267 
314 242 13 19 0.020146117 
611 219 13 16 0.020144979 
261 219 15 18 0.020144021 
216 434 12 14 0.020112468 
997 29 8 10 0.020071236 
431 171 13 17 0.020056026 
1013 302 10 14 0.020042775 
669 173 13 16 0.02003356 
