7_Cheering_Cheering_7_427
53
471 86 62 74 0.9991825 
123 77 64 82 0.99850285 
830 75 70 83 0.99657106 
412 501 11 13 0.1568543 
430 502 9 12 0.079533495 
751 494 11 14 0.07859813 
918 521 12 16 0.068743825 
757 496 10 13 0.061790776 
378 478 13 15 0.059548605 
435 486 11 13 0.058694333 
438 519 12 15 0.05707273 
417 485 10 12 0.05668857 
936 534 9 12 0.052738886 
433 491 10 13 0.049699396 
422 502 10 13 0.047971558 
393 462 9 11 0.047034044 
389 493 11 14 0.040684726 
432 520 11 13 0.039884992 
850 487 8 10 0.03731061 
408 505 11 15 0.03647523 
261 154 15 20 0.03556678 
394 468 9 12 0.035090145 
789 495 9 11 0.03449037 
444 467 10 12 0.033279296 
620 501 11 12 0.032734625 
766 477 9 12 0.03197634 
824 462 8 11 0.03128035 
390 487 12 14 0.03006536 
407 471 10 12 0.029967442 
463 455 42 58 0.029679477 
486 431 10 12 0.029200595 
888 493 9 10 0.028899264 
855 493 9 11 0.028520241 
913 486 8 9 0.028243221 
959 500 9 13 0.026972672 
424 520 9 12 0.02541657 
431 429 9 12 0.025249572 
435 390 9 12 0.024947144 
399 471 9 11 0.024749342 
802 503 9 11 0.023992477 
415 407 9 11 0.02346877 
864 503 7 10 0.023057856 
871 486 8 11 0.022592422 
918 486 8 9 0.022305282 
413 413 10 11 0.022015523 
853 487 9 12 0.021905748 
877 503 9 11 0.021884374 
257 175 17 23 0.021701338 
45 756 12 11 0.021056002 
413 462 9 10 0.020853644 
444 408 9 12 0.020736074 
407 491 20 26 0.020467406 
449 392 8 10 0.020434074 
