7_Cheering_Cheering_7_530
188
303 163 13 17 0.9852792 
9 105 22 25 0.95981145 
956 209 15 20 0.93602943 
722 143 21 29 0.93359077 
141 142 13 16 0.8427223 
400 30 32 58 0.80378306 
817 176 18 27 0.6965522 
80 133 13 17 0.6088678 
261 176 9 11 0.29938278 
359 60 11 14 0.28997782 
858 165 20 29 0.26945642 
616 108 21 39 0.26917997 
550 195 8 10 0.26340404 
366 182 7 9 0.18656108 
118 185 10 15 0.1807594 
921 245 10 12 0.15726762 
116 146 12 14 0.13705882 
158 165 10 12 0.12797618 
869 141 12 16 0.12496662 
332 77 10 13 0.12045415 
112 164 10 14 0.10969364 
249 239 11 15 0.10680108 
116 161 12 15 0.10440863 
222 186 6 8 0.10217756 
382 67 9 12 0.09439354 
71 230 11 12 0.09180707 
712 145 20 30 0.09176919 
855 154 12 17 0.09068476 
353 77 10 13 0.08845644 
651 131 27 36 0.08435201 
369 263 9 11 0.083629765 
348 259 9 11 0.0797671 
728 149 26 31 0.07836847 
358 197 9 10 0.07736827 
112 182 11 15 0.07111331 
898 222 8 11 0.06932432 
409 33 44 59 0.06878542 
218 184 8 9 0.06520398 
627 119 15 25 0.06354166 
903 195 10 14 0.059284642 
257 198 9 11 0.058130834 
109 170 10 13 0.057724956 
546 192 10 11 0.057318907 
300 126 12 16 0.056317803 
260 180 8 11 0.056110248 
908 285 29 36 0.054622147 
76 186 12 16 0.054441523 
46 241 9 13 0.05290636 
522 184 12 15 0.051578302 
312 186 13 15 0.050903175 
247 192 7 9 0.04979896 
914 237 8 11 0.049623307 
852 173 17 24 0.04941504 
914 233 7 9 0.04867402 
919 176 9 12 0.047853325 
128 198 9 13 0.047290646 
919 240 10 11 0.046102233 
361 247 8 11 0.045946956 
590 214 10 12 0.045815233 
861 147 14 20 0.04442038 
133 235 13 15 0.044268988 
805 154 15 20 0.044148438 
678 145 15 19 0.04400189 
62 188 10 14 0.04389851 
166 173 8 12 0.04247696 
867 166 15 21 0.041427482 
809 161 20 29 0.04105043 
355 83 12 14 0.040861577 
701 147 12 18 0.040134065 
134 127 9 11 0.039787572 
942 206 9 11 0.03963216 
913 176 9 12 0.03889389 
744 147 18 22 0.038804255 
933 260 10 12 0.038228635 
885 237 11 14 0.03714778 
257 205 9 10 0.036659922 
853 162 15 23 0.036174823 
908 198 9 12 0.035955165 
901 217 9 11 0.03561238 
237 198 10 12 0.035386015 
808 222 22 31 0.035167135 
297 247 10 12 0.03471859 
677 148 23 30 0.034231465 
293 123 15 19 0.03419757 
727 172 26 35 0.03417449 
822 181 24 26 0.03416019 
333 212 9 12 0.034005657 
687 188 10 13 0.03398657 
632 125 28 37 0.033182472 
240 193 7 8 0.03262822 
160 170 10 13 0.03261295 
691 146 17 22 0.03230983 
366 188 9 12 0.032220826 
111 134 9 12 0.032181386 
517 205 9 11 0.032158166 
362 39 8 10 0.031943005 
865 180 17 22 0.031454455 
294 190 9 12 0.031230727 
623 133 26 38 0.031206826 
360 192 9 11 0.03112877 
257 191 8 10 0.031021083 
166 181 9 12 0.030864026 
86 240 8 11 0.030862303 
727 196 28 38 0.03050646 
415 110 90 96 0.030386081 
919 232 7 10 0.030369544 
217 189 9 11 0.03017898 
668 144 14 19 0.029748928 
737 96 17 23 0.02968052 
377 47 9 11 0.029417126 
662 138 23 32 0.029410291 
343 7 8 9 0.029223438 
587 126 10 11 0.028658614 
362 23 8 9 0.028567797 
660 181 21 31 0.028260678 
77 174 12 14 0.028154455 
337 155 11 14 0.02808339 
189 199 10 12 0.027857618 
943 211 10 13 0.027426342 
550 220 9 10 0.027341226 
40 239 10 13 0.027309485 
159 181 10 13 0.027114185 
431 37 48 64 0.027079076 
183 199 12 14 0.027056783 
900 164 9 12 0.026712582 
352 71 10 13 0.02659656 
73 181 10 15 0.026491975 
918 238 18 25 0.026212215 
336 32 8 11 0.026104394 
309 229 10 11 0.025841387 
93 246 9 11 0.025801836 
905 182 8 11 0.02550034 
320 159 9 13 0.025481803 
78 164 11 12 0.02505049 
173 190 10 13 0.02494561 
391 20 9 12 0.024894172 
62 172 9 13 0.024787866 
90 201 25 29 0.024681637 
910 275 25 30 0.02456262 
71 178 22 26 0.024444457 
239 202 10 13 0.024380112 
874 171 11 18 0.02428847 
598 142 10 13 0.024114074 
76 193 13 16 0.02410446 
271 191 7 9 0.024065347 
172 287 11 13 0.024060907 
113 179 19 25 0.023806283 
925 182 8 10 0.023378538 
262 191 8 10 0.023366315 
123 188 11 14 0.023358164 
165 167 9 12 0.023318311 
366 197 10 12 0.023269057 
7 151 25 30 0.023262199 
362 65 12 16 0.02311562 
188 323 10 12 0.023033606 
588 189 11 16 0.023032999 
102 132 10 14 0.023026906 
536 206 8 11 0.022778975 
285 174 11 14 0.022596711 
264 247 9 10 0.022574704 
329 229 9 10 0.02253325 
101 230 11 12 0.022330148 
9 255 10 13 0.022317898 
362 30 7 10 0.022283413 
105 166 10 13 0.022084272 
92 131 12 15 0.021874424 
536 215 8 10 0.021837331 
141 151 13 15 0.02130588 
364 54 10 12 0.02116724 
168 291 11 13 0.020948479 
272 215 8 10 0.020928377 
949 181 10 13 0.020894924 
309 133 10 13 0.02088792 
677 160 15 21 0.020833954 
216 85 11 14 0.020799031 
754 154 16 22 0.020738041 
296 183 9 12 0.020679895 
943 254 24 26 0.02059977 
866 150 15 20 0.02051776 
543 214 8 11 0.020447606 
71 174 10 13 0.020407747 
54 156 13 17 0.020381683 
610 134 25 36 0.020351497 
558 221 9 11 0.020342167 
376 63 11 14 0.020163136 
345 182 8 11 0.020093849 
100 100 10 12 0.020027703 
897 228 8 11 0.020018276 
