7_Cheering_Cheering_7_692
20
492 538 76 83 0.9948543 
264 570 73 98 0.9814668 
619 757 14 16 0.14107446 
596 742 10 12 0.09696471 
565 738 11 13 0.07421627 
712 212 149 184 0.039847277 
145 474 33 47 0.0363026 
542 735 9 10 0.033003345 
541 532 52 62 0.031376395 
502 1033 149 235 0.030825598 
383 86 14 19 0.02872164 
335 1200 43 49 0.027489234 
983 917 51 74 0.027368516 
616 752 13 16 0.02703842 
696 759 214 248 0.025965672 
245 577 29 45 0.025793878 
419 508 14 18 0.024872035 
393 186 129 171 0.022071926 
609 758 9 12 0.021786522 
591 741 19 24 0.020437343 
