7_Cheering_Cheering_7_462
86
548 128 70 102 0.9952219 
821 364 32 42 0.99447495 
275 357 37 43 0.98679245 
67 554 26 45 0.98445433 
719 337 25 41 0.9709914 
200 367 28 36 0.9240609 
360 591 36 65 0.9043824 
-1 547 18 35 0.88981897 
60 420 23 31 0.69174963 
11 421 17 22 0.620627 
98 416 18 23 0.5303651 
893 508 20 33 0.45787498 
899 522 33 39 0.44590262 
31 432 15 20 0.30637905 
936 245 66 92 0.2684163 
442 587 41 65 0.22586265 
190 372 40 54 0.20049766 
0 394 13 22 0.17502944 
950 221 53 73 0.13547325 
424 591 37 58 0.12845288 
148 384 19 22 0.0992783 
211 418 42 53 0.09791209 
758 569 16 19 0.09565095 
378 374 30 38 0.08721269 
75 399 14 17 0.071359836 
403 314 30 41 0.06313992 
18 426 19 25 0.061457243 
375 595 41 61 0.05837527 
354 229 424 480 0.049741384 
85 418 25 32 0.048433617 
141 369 37 48 0.047185656 
377 379 46 58 0.041280743 
49 458 17 23 0.04108139 
198 388 41 55 0.040377814 
809 396 23 29 0.03953 
398 409 48 65 0.039100457 
401 327 47 60 0.038750403 
926 277 69 95 0.03819458 
68 562 41 55 0.036040414 
367 440 52 67 0.034806915 
852 378 16 21 0.03336317 
128 409 27 35 0.032200135 
665 6 418 438 0.031998917 
946 196 52 65 0.03195073 
409 414 30 38 0.03175397 
823 327 14 18 0.030944549 
223 384 27 36 0.030527571 
77 461 14 18 0.03047097 
163 369 42 51 0.03037978 
816 183 113 171 0.030205492 
1012 522 12 19 0.029737605 
103 412 17 21 0.029573975 
136 11 429 481 0.029261153 
841 373 25 32 0.028245771 
871 557 10 12 0.02793956 
375 387 86 105 0.027917705 
-7 131 424 520 0.027586127 
405 595 37 51 0.027484236 
887 504 40 47 0.027155953 
385 216 49 55 0.02700501 
694 232 119 132 0.02657431 
617 319 44 51 0.02628912 
182 392 25 35 0.02453966 
856 383 17 22 0.02436373 
-2 542 14 22 0.024173431 
378 433 30 37 0.023242401 
206 421 30 38 0.023097223 
911 522 22 24 0.023001334 
896 538 31 37 0.022668308 
92 424 28 37 0.022415848 
0 463 19 32 0.02200514 
41 463 25 35 0.021873197 
386 422 32 39 0.021565342 
222 423 49 63 0.021363279 
739 289 18 20 0.021330656 
331 402 89 108 0.021127233 
715 282 16 19 0.020927073 
453 565 53 76 0.020902712 
949 201 32 41 0.020813854 
418 316 51 68 0.020800741 
261 328 15 19 0.020702565 
74 375 16 20 0.020582248 
217 401 30 37 0.02037651 
49 338 13 17 0.020354062 
218 417 20 23 0.020158285 
574 3 16 18 0.02006234 
