37_Soccer_soccer_ball_37_698
30
42 388 83 101 0.97653234 
889 453 48 59 0.96348476 
683 456 45 61 0.93057346 
500 473 72 89 0.9271206 
302 451 108 142 0.8641888 
618 350 27 38 0.10859275 
744 454 39 51 0.0806177 
593 346 26 38 0.06566945 
711 455 46 60 0.04917855 
203 330 41 53 0.04464182 
616 691 11 15 0.043381177 
301 513 111 142 0.0433334 
710 529 46 55 0.041090693 
596 534 11 14 0.03800092 
852 435 40 49 0.036234155 
760 472 26 36 0.03403619 
551 710 11 13 0.02917204 
216 437 39 53 0.02815349 
839 445 37 47 0.026671192 
774 467 28 36 0.02648014 
773 504 15 17 0.02645758 
690 489 48 67 0.026402477 
145 365 9 12 0.024591347 
788 470 24 30 0.02193099 
598 351 40 53 0.02176721 
840 495 45 51 0.021542238 
149 359 8 10 0.021348037 
816 461 27 35 0.020944143 
672 539 42 50 0.020731015 
785 534 26 31 0.020531854 
