37_Soccer_soccer_ball_37_818
21
52 56 126 183 0.9988795 
641 3 82 108 0.99735093 
560 97 62 84 0.9960311 
477 60 64 87 0.5383696 
793 155 97 127 0.5364136 
41 384 266 294 0.18714035 
257 8 399 489 0.10488786 
130 157 332 420 0.04419972 
381 589 35 56 0.04225296 
526 80 70 97 0.041891064 
512 239 336 458 0.0418077 
209 335 339 435 0.031499483 
213 405 98 126 0.031431176 
820 466 105 117 0.028742786 
340 36 227 302 0.027664185 
738 74 176 222 0.027011734 
406 137 57 67 0.024284909 
755 489 63 81 0.021261329 
722 16 51 69 0.020329652 
616 4 60 85 0.020233383 
500 86 55 75 0.020156909 
