37_Soccer_soccer_ball_37_583
607
795 252 45 56 0.9963074 
668 257 43 53 0.9943553 
285 287 45 56 0.9926373 
405 79 42 56 0.9919526 
796 98 40 54 0.9908375 
669 89 38 51 0.9907995 
272 97 38 50 0.9907761 
563 102 40 53 0.9844706 
417 266 41 52 0.98307264 
185 74 41 53 0.9780983 
527 274 42 52 0.9773399 
137 45 10 11 0.27749363 
117 100 16 19 0.25943303 
98 47 8 10 0.22076651 
6 3 10 13 0.19260308 
129 7 8 9 0.19160047 
463 23 8 10 0.18651153 
856 87 8 10 0.17222825 
78 63 8 10 0.16713569 
121 78 8 10 0.16276744 
145 6 9 10 0.15484168 
432 23 7 10 0.15204512 
31 111 9 12 0.1426059 
65 76 8 11 0.13923062 
901 8 9 10 0.13753206 
119 96 10 13 0.13350652 
85 8 8 9 0.13089457 
65 71 7 10 0.124550655 
1008 85 8 10 0.122564964 
128 63 9 11 0.12184972 
121 47 9 10 0.12175753 
64 8 8 11 0.11953182 
646 55 6 8 0.11501693 
52 86 8 10 0.11323215 
716 103 14 17 0.113133766 
398 2 8 8 0.10871199 
351 79 8 10 0.10838957 
334 427 14 15 0.10810898 
1 38 8 12 0.10646121 
366 71 7 8 0.10643876 
377 56 8 10 0.10331378 
48 88 9 11 0.10173882 
536 65 7 9 0.101348676 
535 2 8 8 0.10108771 
176 2 8 9 0.10014905 
494 15 7 9 0.09904798 
13 104 7 11 0.09888252 
310 41 6 8 0.09853489 
382 14 8 10 0.09662087 
656 40 6 8 0.0953171 
46 92 9 11 0.094300635 
82 7 7 9 0.093825616 
126 55 7 8 0.09364825 
367 24 7 9 0.09134594 
1001 70 7 9 0.08969469 
906 96 7 10 0.088664725 
681 53 8 11 0.08814113 
97 31 8 10 0.08770872 
279 14 7 9 0.08659582 
608 117 11 14 0.08596884 
576 14 7 9 0.08321071 
354 55 7 9 0.08314906 
327 71 7 9 0.08231332 
519 16 7 8 0.08139987 
671 16 6 8 0.080852926 
181 2 9 8 0.08080592 
440 23 8 10 0.08073841 
855 92 8 10 0.079142086 
505 32 7 8 0.0784873 
258 14 8 10 0.07834697 
544 85 9 11 0.07757028 
528 64 8 10 0.07729266 
330 39 7 9 0.076424405 
128 86 9 10 0.07600141 
311 69 7 9 0.07514944 
840 69 9 9 0.07457859 
143 2 8 9 0.07414229 
57 65 8 10 0.07321576 
681 48 7 9 0.073140085 
1005 61 8 11 0.07298601 
447 21 7 10 0.07289386 
160 37 7 9 0.070958436 
696 30 7 8 0.07061478 
352 39 7 9 0.070252664 
74 63 8 9 0.06978669 
537 29 7 10 0.06928544 
432 27 8 11 0.06723452 
345 32 6 8 0.06711384 
109 23 7 9 0.06705655 
328 31 6 8 0.066850245 
522 47 8 11 0.066297196 
353 9 7 10 0.06620125 
639 93 10 13 0.06619904 
664 39 7 9 0.066133335 
38 78 8 9 0.065895975 
121 0 8 9 0.06554281 
141 96 8 11 0.065386154 
494 71 8 12 0.065341644 
366 0 7 8 0.06504015 
111 55 7 8 0.06497126 
518 85 9 11 0.06478612 
54 81 7 9 0.06473902 
62 64 7 9 0.0646798 
742 95 10 12 0.06378077 
302 16 6 8 0.06374506 
600 57 7 9 0.06355271 
165 54 8 10 0.06310602 
136 95 9 11 0.06299214 
289 48 9 10 0.06153517 
69 78 8 10 0.061482787 
413 28 9 11 0.061169647 
957 98 8 9 0.061159074 
294 53 8 11 0.061136506 
141 40 8 11 0.060561977 
968 86 7 9 0.060260963 
135 22 7 9 0.05997832 
1014 79 8 11 0.059711915 
368 78 7 10 0.05890576 
394 0 8 9 0.05887619 
489 23 7 8 0.0584545 
258 8 7 9 0.05763715 
289 15 7 9 0.05749492 
363 24 7 8 0.05748912 
5 39 8 11 0.05745718 
361 1 7 7 0.05741415 
575 10 7 9 0.057264265 
537 114 14 18 0.05717582 
679 6 8 8 0.05624022 
712 64 10 12 0.055553142 
110 15 8 10 0.055521116 
1001 64 8 10 0.055472083 
98 39 8 10 0.055031765 
128 13 8 11 0.054659046 
335 9 6 7 0.054136313 
981 95 8 10 0.054107483 
357 86 8 10 0.05381948 
155 21 6 9 0.053486224 
559 8 6 8 0.053416755 
102 38 7 10 0.05336244 
125 1 9 9 0.05311698 
512 87 9 12 0.052830197 
992 48 6 9 0.052825496 
52 109 12 14 0.052591532 
504 86 8 11 0.05248131 
592 9 6 8 0.052371915 
513 17 7 9 0.052075025 
113 6 7 9 0.052050598 
543 16 7 8 0.051994693 
310 46 7 8 0.051817473 
134 86 8 10 0.05155074 
398 5 9 10 0.051512346 
270 0 7 8 0.05137922 
329 45 8 10 0.051304527 
666 33 7 9 0.051114455 
152 16 8 9 0.05082767 
738 69 8 10 0.05067375 
17 33 7 9 0.050206155 
77 115 10 12 0.050041888 
495 39 6 9 0.05001058 
490 15 7 9 0.049953517 
70 71 8 11 0.049901035 
873 96 8 9 0.049627896 
929 95 7 9 0.049395014 
125 79 9 10 0.049205154 
568 54 6 9 0.049106333 
1 60 9 11 0.049082916 
39 45 7 9 0.049027715 
904 62 8 10 0.048987117 
87 63 7 9 0.048942696 
26 76 8 11 0.048941873 
447 17 7 9 0.048913337 
8 78 8 9 0.047732886 
32 64 7 9 0.047696244 
336 14 7 9 0.047595773 
458 23 7 10 0.047573432 
105 15 8 10 0.047522865 
537 25 8 9 0.047025025 
56 8 8 10 0.046936713 
69 94 8 10 0.046692196 
47 71 7 9 0.046660665 
110 106 14 17 0.04659576 
86 88 9 10 0.046398457 
74 25 7 8 0.046297118 
136 116 13 18 0.04588229 
71 87 7 9 0.045868278 
167 49 8 10 0.04578275 
505 93 9 10 0.045637567 
85 14 8 11 0.045613583 
321 63 7 10 0.045426693 
959 71 9 11 0.04541987 
161 48 9 10 0.04531787 
16 38 9 10 0.0447349 
88 119 8 11 0.044686243 
519 32 7 8 0.04462978 
441 16 7 10 0.044207174 
121 86 8 11 0.044082787 
34 38 8 10 0.044020247 
495 584 11 15 0.043730788 
488 300 27 34 0.043692224 
630 54 6 9 0.04366445 
7 119 9 11 0.043020133 
47 16 8 10 0.042904846 
495 9 7 9 0.042763125 
382 9 8 10 0.042727627 
536 6 7 9 0.042648077 
318 16 7 9 0.04264806 
358 56 7 9 0.042641383 
553 70 8 10 0.042538278 
360 62 7 8 0.042355448 
657 1 6 8 0.042232987 
687 31 7 9 0.04206497 
474 6 9 11 0.041760463 
82 46 7 9 0.041715246 
650 33 6 8 0.041706517 
40 72 8 10 0.041435987 
953 97 7 9 0.041356638 
111 38 9 10 0.041207656 
1007 104 9 11 0.04112945 
632 9 7 8 0.040873557 
103 52 8 9 0.040554922 
849 95 7 9 0.04047334 
648 141 10 12 0.04044047 
32 31 9 10 0.04036479 
63 40 8 9 0.04032552 
352 47 7 8 0.04017196 
312 65 8 9 0.04015021 
86 93 10 12 0.040081087 
88 55 7 9 0.040041734 
393 24 6 9 0.039573688 
47 22 9 10 0.039489836 
153 86 9 11 0.039479032 
975 87 8 9 0.039477345 
982 114 9 10 0.039471 
38 40 7 9 0.03925074 
343 56 7 9 0.039130736 
111 87 10 12 0.03911381 
351 73 7 8 0.039035853 
325 64 7 10 0.039034877 
125 94 21 25 0.0390344 
664 46 7 9 0.0389929 
89 69 7 10 0.038955983 
410 45 8 10 0.038942453 
479 544 22 29 0.038882103 
543 23 7 10 0.038839452 
158 0 8 7 0.038782474 
261 30 8 11 0.038540915 
1005 56 8 10 0.038489707 
170 2 7 7 0.0382522 
134 98 12 15 0.038204942 
431 16 8 9 0.037862312 
553 1 7 7 0.037838276 
464 38 8 10 0.03777794 
95 64 7 9 0.037708383 
157 16 8 10 0.03764659 
330 77 7 9 0.037554353 
97 51 8 10 0.037123077 
234 446 18 24 0.037084986 
896 31 8 9 0.037075095 
103 93 9 11 0.037062295 
520 9 7 8 0.036980044 
945 97 7 10 0.03694444 
782 263 14 20 0.036853243 
372 109 16 20 0.036712576 
72 57 7 8 0.03666706 
31 21 10 12 0.036632363 
125 94 11 13 0.0365314 
10 108 9 11 0.036490574 
81 40 6 8 0.036070995 
377 15 7 10 0.03605465 
702 52 7 9 0.035990063 
329 8 7 8 0.035988282 
63 54 8 10 0.03583486 
472 94 9 11 0.03567081 
149 7 8 9 0.035581 
33 102 9 12 0.035503376 
337 56 7 8 0.035437785 
567 22 6 8 0.03528836 
30 16 9 10 0.035148267 
1001 111 8 10 0.03483871 
472 1 9 9 0.03475799 
128 31 7 10 0.034694623 
495 76 9 12 0.03463655 
534 94 9 11 0.034580216 
177 40 9 12 0.03453214 
864 48 7 9 0.03438103 
73 30 8 10 0.034240957 
178 366 23 34 0.034230676 
137 50 9 11 0.034110136 
863 144 9 12 0.034035243 
102 32 7 10 0.03392539 
698 48 7 9 0.0338824 
40 87 8 11 0.03376677 
145 13 8 11 0.033742283 
88 122 11 14 0.03373478 
95 94 8 11 0.03373284 
386 22 6 9 0.033639073 
134 78 9 12 0.03359624 
521 64 7 9 0.03344181 
410 40 7 10 0.033422783 
409 29 8 11 0.033283606 
718 55 7 9 0.033150993 
561 15 7 8 0.0331501 
440 614 26 26 0.033147737 
333 46 7 9 0.03271557 
24 71 10 12 0.032668445 
679 3 7 7 0.032577436 
41 94 8 11 0.032553434 
47 47 6 8 0.0325351 
670 39 6 9 0.03249644 
511 92 8 10 0.03246811 
586 46 7 9 0.032328017 
446 7 7 9 0.03221928 
48 7 8 10 0.03220863 
272 39 8 9 0.032157853 
929 32 6 9 0.032129623 
511 0 9 8 0.032116134 
607 55 7 8 0.032055106 
359 15 7 9 0.031854305 
784 56 7 9 0.031808447 
703 48 7 10 0.031692214 
49 79 8 9 0.03168959 
56 13 7 10 0.031476475 
961 78 8 9 0.03145109 
131 67 11 14 0.031399146 
79 67 9 10 0.031315256 
394 6 8 10 0.031314652 
111 61 8 10 0.031292107 
346 79 8 10 0.03125559 
2 71 8 11 0.031248057 
314 15 7 10 0.031221017 
880 40 7 9 0.031110924 
296 15 8 9 0.031068826 
93 119 11 13 0.03104644 
134 6 7 9 0.030820983 
95 24 7 9 0.030814487 
918 79 7 10 0.030786965 
934 96 7 9 0.030620681 
458 31 6 9 0.030443199 
134 108 11 14 0.030430261 
537 86 9 10 0.030407956 
279 9 7 9 0.030264115 
886 101 8 11 0.030255118 
256 30 10 12 0.03024436 
673 22 7 9 0.03012518 
552 46 7 9 0.030123023 
495 47 7 9 0.03010475 
591 47 6 8 0.030104319 
584 15 6 8 0.02988233 
358 7 8 10 0.029844789 
992 88 7 9 0.029784624 
288 32 7 10 0.029752396 
81 87 8 10 0.029742338 
296 9 7 9 0.029699089 
666 14 7 10 0.02969537 
545 40 7 9 0.029689064 
271 74 15 17 0.02967902 
16 63 8 9 0.029663125 
80 23 8 9 0.029447272 
868 438 14 18 0.02939777 
624 15 7 9 0.029353775 
716 67 9 13 0.029320499 
1002 55 8 9 0.029240767 
321 56 6 9 0.029089868 
527 41 7 8 0.028996225 
965 71 8 10 0.028992735 
861 84 8 11 0.02885114 
936 39 7 9 0.02881873 
943 79 6 9 0.02879372 
0 86 8 12 0.028791063 
991 64 7 10 0.028758043 
407 16 7 8 0.028667608 
655 7 8 9 0.02865238 
327 25 7 8 0.028644336 
56 31 7 8 0.028537938 
903 32 7 9 0.028530622 
390 95 9 13 0.028520837 
721 101 13 16 0.02849601 
177 60 9 12 0.02844614 
335 108 13 15 0.028118463 
111 30 8 10 0.028054472 
984 47 7 9 0.027990507 
69 14 8 10 0.02797921 
849 88 7 9 0.02789721 
362 69 8 10 0.027864477 
480 38 8 9 0.027859239 
191 30 9 11 0.027817292 
103 115 11 15 0.027810948 
975 56 7 8 0.027692832 
966 79 7 9 0.02762997 
881 71 7 9 0.027552404 
767 56 7 9 0.027515812 
470 24 7 9 0.027506037 
142 79 9 11 0.02745952 
308 453 11 15 0.027455397 
663 1 7 7 0.027451593 
258 99 22 33 0.027409902 
593 56 7 9 0.027404796 
976 63 7 9 0.027340064 
390 101 12 16 0.027328927 
913 86 8 10 0.02729412 
425 23 8 10 0.02725872 
559 1 6 7 0.027221099 
857 81 8 10 0.027188774 
903 39 7 8 0.027126716 
113 76 10 12 0.027123587 
817 46 8 10 0.027099203 
896 15 9 9 0.027063502 
70 8 7 9 0.027002435 
374 23 7 9 0.026907584 
326 55 7 9 0.026885083 
548 86 10 12 0.02687228 
499 277 28 35 0.026846474 
158 6 8 9 0.026827171 
665 8 7 9 0.026777871 
87 22 7 10 0.026737235 
640 16 7 9 0.026727578 
8 23 8 10 0.02651138 
976 47 7 9 0.02649861 
982 118 9 11 0.026498357 
511 31 7 9 0.026448905 
944 49 6 8 0.026431333 
0 32 7 11 0.02638934 
639 64 8 10 0.026323233 
912 32 7 9 0.02628643 
510 273 15 19 0.02620495 
306 45 8 9 0.026170915 
495 64 7 9 0.026083829 
969 56 7 9 0.026070619 
32 77 8 10 0.026019743 
705 38 7 9 0.026017925 
440 7 9 10 0.025965413 
6 61 8 10 0.025906144 
585 10 7 9 0.025875812 
545 47 7 8 0.025856337 
887 46 7 9 0.02569331 
909 7 7 9 0.025665866 
335 79 7 8 0.025632601 
698 15 7 10 0.025587257 
6 73 8 10 0.025513835 
574 72 9 11 0.025480855 
143 86 8 11 0.025473496 
262 24 7 9 0.02539344 
862 80 8 10 0.025217371 
607 91 10 13 0.02521126 
837 451 25 28 0.02507583 
454 114 16 18 0.025024973 
342 61 7 9 0.024979142 
78 30 7 10 0.024910783 
2 77 8 12 0.024847481 
711 46 6 9 0.024827883 
542 63 7 10 0.024799716 
257 21 8 10 0.024797019 
553 7 7 9 0.024754357 
205 5 10 11 0.024713656 
992 94 7 9 0.024700101 
546 56 6 9 0.024667202 
64 32 6 8 0.024561824 
504 16 7 8 0.024452606 
389 79 8 10 0.024451923 
480 55 9 12 0.024451317 
160 32 7 9 0.024396857 
394 64 7 9 0.024342917 
939 79 7 8 0.024272455 
904 25 7 8 0.02426681 
128 22 8 9 0.024229042 
2 0 10 12 0.024162961 
440 2 8 8 0.024117922 
269 61 11 13 0.024021601 
15 87 8 10 0.023964655 
519 22 7 9 0.023859493 
166 78 9 12 0.023852088 
604 111 21 27 0.02384859 
840 86 8 9 0.023805944 
287 63 9 11 0.023740333 
339 470 12 13 0.023579601 
709 40 7 9 0.023558695 
737 65 8 9 0.023540804 
48 103 10 12 0.023538236 
652 285 11 15 0.023514489 
849 102 8 9 0.023486715 
94 69 8 11 0.023477882 
920 33 6 8 0.023445075 
407 6 8 9 0.023380693 
455 16 8 10 0.023351237 
625 49 7 10 0.02334591 
943 31 6 8 0.023316057 
104 62 9 10 0.023297466 
1001 79 8 10 0.023288315 
26 15 9 11 0.023278909 
79 56 8 9 0.023257034 
448 172 15 17 0.023209563 
438 28 8 9 0.023204718 
136 2 9 9 0.023201711 
912 16 7 8 0.02316496 
170 6 8 9 0.023163062 
505 37 7 9 0.023145925 
289 22 8 9 0.02310677 
929 88 7 9 0.023081327 
1001 103 8 10 0.023067117 
872 64 6 9 0.023061186 
111 48 8 9 0.022981899 
862 40 8 9 0.022933694 
895 24 8 10 0.02290354 
347 38 6 9 0.02287738 
616 65 7 8 0.022846071 
705 65 10 10 0.02281255 
593 0 7 8 0.022790445 
494 22 7 9 0.022774456 
322 31 7 8 0.022760274 
479 14 7 9 0.022708114 
30 70 8 11 0.022706853 
471 46 7 9 0.022611883 
137 107 21 28 0.022556383 
1004 69 9 10 0.02246608 
937 47 6 8 0.022370022 
353 1 8 8 0.022304224 
592 14 7 8 0.02227237 
558 64 8 9 0.022263417 
504 0 8 8 0.022240687 
985 70 8 10 0.022201933 
615 16 6 8 0.022121869 
574 292 12 16 0.022119345 
650 38 7 9 0.022117043 
680 40 8 9 0.02209349 
385 71 8 10 0.022085037 
58 54 8 9 0.022068635 
35 44 8 11 0.02204169 
954 72 7 10 0.022016969 
951 120 8 10 0.021981185 
601 0 7 7 0.021966174 
716 92 13 15 0.021942746 
140 0 21 25 0.02193758 
303 21 7 9 0.021926431 
366 29 9 9 0.021895127 
999 32 7 8 0.021863393 
501 79 9 12 0.021817463 
909 95 8 9 0.02181742 
502 55 8 9 0.021781974 
959 47 7 8 0.021749197 
705 69 12 15 0.021733673 
6 123 10 13 0.02170893 
314 8 7 8 0.021700148 
320 23 7 9 0.021678166 
33 86 7 10 0.021647157 
990 69 8 10 0.02164449 
737 7 8 10 0.021592086 
673 1 7 8 0.021591477 
111 92 11 14 0.021580614 
678 16 8 9 0.021576652 
747 100 10 14 0.021554708 
679 22 9 10 0.021520171 
344 85 8 11 0.02146673 
632 49 7 9 0.0214667 
361 29 8 10 0.02144665 
863 53 7 9 0.021433862 
600 41 7 9 0.021307694 
490 8 7 10 0.021304099 
641 22 7 9 0.021295281 
506 24 7 9 0.02127451 
293 71 8 10 0.021195082 
159 79 10 13 0.021187996 
449 39 8 9 0.02113247 
314 297 30 45 0.021130612 
893 86 7 9 0.021086415 
734 90 21 26 0.021073269 
156 90 12 16 0.021049595 
817 15 8 9 0.021045307 
954 100 8 11 0.021044925 
332 428 21 24 0.021016901 
230 4 9 12 0.020963421 
112 71 9 12 0.0209614 
550 24 7 9 0.020959811 
49 31 7 9 0.020951044 
984 64 8 10 0.020916173 
262 6 8 10 0.020910403 
119 40 8 10 0.020865222 
868 119 11 12 0.020861082 
311 86 9 12 0.020846302 
13 119 9 11 0.020832138 
345 72 7 9 0.02080072 
522 39 7 9 0.02077143 
377 47 7 9 0.02073031 
451 571 14 17 0.020698668 
63 47 8 10 0.020651566 
431 8 8 9 0.020615486 
356 116 12 14 0.020591643 
498 83 9 12 0.020431722 
983 88 7 10 0.020389901 
366 64 7 9 0.02038782 
257 53 8 11 0.020361573 
921 95 6 9 0.020329181 
200 2 10 10 0.020273019 
706 0 7 8 0.020252248 
346 47 7 9 0.02024245 
147 115 13 16 0.020231085 
275 80 17 18 0.020189947 
142 110 13 17 0.020184334 
241 17 7 9 0.020174462 
748 95 8 11 0.020162381 
289 10 7 9 0.020137532 
975 80 7 9 0.02011395 
710 0 8 8 0.020081103 
57 39 7 9 0.020050434 
322 68 8 10 0.020046687 
639 47 7 9 0.020019857 
585 56 8 10 0.0200126 
978 113 8 9 0.020011831 
