37_Soccer_soccer_ball_37_341
21
396 186 19 22 0.46710038 
396 232 24 35 0.43432397 
451 94 48 71 0.2516994 
364 266 27 30 0.23087001 
543 223 235 239 0.19517145 
596 338 197 265 0.18975976 
979 480 42 63 0.1540278 
379 183 12 16 0.108480796 
381 184 25 31 0.05627819 
627 459 130 159 0.0534116 
353 259 47 53 0.047864147 
521 144 55 78 0.045020744 
375 262 28 38 0.03234771 
464 127 57 78 0.029117852 
389 239 28 45 0.026136072 
492 143 56 71 0.025118485 
13 362 13 16 0.023437835 
434 120 353 421 0.023339447 
354 251 15 20 0.022387087 
58 259 488 448 0.02022937 
375 181 21 26 0.02009248 
