37_Soccer_Soccer_37_52
27
378 437 64 91 0.998988 
739 391 48 64 0.2606924 
472 982 51 59 0.10102256 
477 1012 62 56 0.08717166 
914 187 25 33 0.081165664 
753 378 32 56 0.070725136 
706 404 70 78 0.064831235 
284 487 56 66 0.06359239 
869 82 12 17 0.0621606 
859 348 17 19 0.042834196 
916 85 10 14 0.036237787 
750 82 56 68 0.035558905 
923 189 29 36 0.03536678 
992 133 10 14 0.033990968 
670 407 104 148 0.03132339 
900 27 16 20 0.029868213 
290 576 214 204 0.027367722 
297 850 204 266 0.026651999 
899 51 104 156 0.026061207 
156 127 101 122 0.02558668 
809 67 9 13 0.025061369 
261 509 60 71 0.024969725 
750 101 13 15 0.024863794 
87 -1 356 460 0.024187095 
710 80 97 115 0.022470538 
697 108 12 14 0.02163652 
1000 149 11 13 0.020030597 
