37_Soccer_soccer_ball_37_345
124
714 163 16 21 0.9973569 
490 171 16 20 0.99595827 
622 179 16 20 0.9951866 
555 166 16 21 0.9941705 
363 179 16 21 0.9937512 
426 183 15 19 0.991422 
818 168 14 19 0.98890746 
383 92 11 15 0.9787901 
1001 189 15 19 0.97784424 
969 182 16 20 0.9064856 
141 317 16 22 0.66761786 
414 284 12 16 0.5425944 
432 336 21 24 0.5425085 
837 252 14 18 0.31306955 
446 281 12 16 0.31006 
351 279 11 15 0.29749298 
949 275 12 15 0.29492036 
621 246 17 18 0.22236606 
439 209 14 17 0.22021379 
576 284 10 13 0.20126891 
476 281 12 15 0.18228294 
541 282 12 15 0.1663406 
705 136 8 10 0.16508049 
489 238 17 19 0.16304557 
552 209 21 24 0.16222726 
385 281 11 15 0.15249912 
370 158 9 13 0.14553252 
736 253 13 17 0.13995112 
428 253 14 15 0.10016612 
511 282 10 13 0.09401841 
412 234 11 14 0.09400013 
697 255 13 18 0.09318636 
367 243 15 16 0.08786535 
485 212 21 25 0.07876529 
391 235 11 13 0.07506547 
602 233 14 17 0.072966926 
609 289 11 14 0.069524355 
565 201 14 18 0.06946111 
982 198 10 13 0.06937658 
328 135 8 11 0.066379786 
400 158 11 15 0.065129854 
647 235 12 14 0.0627875 
368 126 9 11 0.058677893 
141 444 39 57 0.058462374 
414 210 13 16 0.05734558 
374 129 21 27 0.05584639 
983 288 13 15 0.05576642 
440 341 18 21 0.052456677 
265 135 8 11 0.049826626 
375 209 12 15 0.048845682 
796 136 9 11 0.048499644 
423 334 16 22 0.048101008 
347 277 10 15 0.047135945 
134 322 17 21 0.046427358 
654 134 9 12 0.04338388 
437 133 8 12 0.04309199 
80 56 9 11 0.04223048 
504 138 14 16 0.04223012 
548 205 16 21 0.041704554 
368 119 8 11 0.040844817 
503 203 13 16 0.039382856 
599 137 12 15 0.039238874 
691 218 11 16 0.03886609 
617 233 24 27 0.037339363 
423 246 11 14 0.03696418 
532 134 10 13 0.036526315 
387 88 11 14 0.036118638 
433 128 8 11 0.035417195 
354 283 11 14 0.035226367 
605 211 13 18 0.035091564 
345 128 8 10 0.03446245 
487 221 23 26 0.033848383 
449 337 14 20 0.033502486 
726 189 13 16 0.033414062 
467 225 13 15 0.03282981 
613 212 13 16 0.032558184 
350 129 8 10 0.031859636 
805 256 13 16 0.031661034 
367 271 9 13 0.030687088 
422 227 13 15 0.030275272 
328 129 7 8 0.030107353 
512 227 13 16 0.030072367 
965 237 12 15 0.029710857 
146 433 30 43 0.029559076 
346 231 14 17 0.029065192 
581 222 12 16 0.028895756 
134 328 21 28 0.028884746 
966 192 12 15 0.028693747 
371 162 12 15 0.028050827 
86 59 10 11 0.02754949 
108 469 26 25 0.026905488 
630 209 14 17 0.02683721 
687 134 10 12 0.026356673 
406 132 9 12 0.025822444 
0 274 8 17 0.025130806 
802 217 13 18 0.025096098 
828 195 12 14 0.025056824 
959 232 24 28 0.024874091 
736 134 9 13 0.024776628 
431 275 9 12 0.02436526 
944 270 13 17 0.024039607 
621 225 17 19 0.02383305 
989 203 10 13 0.022736914 
610 224 23 26 0.022724718 
373 125 10 13 0.022276795 
579 279 10 14 0.02217804 
453 127 9 12 0.022060063 
836 150 17 20 0.021909269 
361 102 8 10 0.021811947 
360 127 8 10 0.021803478 
387 98 12 13 0.02175808 
413 217 13 17 0.021504816 
136 345 12 16 0.021436946 
972 259 11 15 0.021286448 
180 132 12 15 0.020625444 
552 218 24 26 0.020591944 
406 117 8 11 0.020430252 
349 270 12 17 0.020391786 
484 284 10 14 0.020317405 
959 196 12 15 0.020207893 
368 130 10 15 0.020190125 
527 137 13 16 0.0201563 
483 206 15 18 0.020068722 
427 219 14 17 0.020028371 
