37_Soccer_soccer_ball_37_88
20
519 164 62 66 0.9936376 
642 28 22 29 0.9895437 
380 171 50 50 0.95379966 
86 32 21 26 0.85018706 
301 6 24 30 0.8465636 
195 21 16 21 0.7642882 
937 9 15 18 0.40017015 
601 57 26 30 0.07154383 
319 102 11 13 0.054431632 
125 173 12 16 0.05044464 
419 160 31 42 0.04567212 
365 148 30 44 0.036234688 
676 155 12 16 0.035724387 
181 88 9 11 0.029691083 
507 149 54 61 0.02927117 
158 93 10 11 0.02256198 
103 129 13 16 0.022028208 
930 29 44 58 0.021104693 
177 93 10 12 0.020471396 
684 157 12 15 0.020058852 
