37_Soccer_soccer_ball_37_60
27
849 481 30 39 0.99846554 
509 229 52 80 0.9855033 
229 447 30 35 0.9845287 
402 403 111 145 0.3098817 
412 291 52 60 0.29366866 
113 510 10 13 0.22191459 
373 456 108 111 0.13598454 
245 444 28 34 0.124080144 
539 699 46 32 0.113073215 
423 284 29 51 0.08586126 
804 45 183 250 0.06548722 
520 703 38 33 0.061068527 
774 557 12 16 0.058969222 
328 383 33 36 0.041704595 
509 684 36 37 0.03836674 
119 531 12 15 0.032763343 
323 399 18 23 0.0297152 
396 271 85 102 0.0292935 
318 394 58 58 0.028478432 
249 458 19 26 0.02805147 
786 480 25 31 0.023377428 
396 332 70 75 0.022300912 
467 854 12 15 0.021818416 
543 258 59 66 0.02169587 
530 709 41 34 0.020779599 
449 129 56 54 0.020415075 
817 457 24 27 0.020049367 
