37_Soccer_soccer_ball_37_512
33
497 62 70 109 0.99502736 
256 344 53 71 0.29608333 
979 180 30 37 0.16340147 
910 10 38 51 0.13593581 
95 280 42 50 0.0838548 
44 328 41 51 0.07948425 
410 448 58 71 0.07411172 
257 53 51 77 0.060799565 
288 -1 29 31 0.058388885 
241 -3 89 118 0.051956475 
820 234 42 56 0.04920167 
894 360 41 50 0.04811025 
267 9 53 75 0.04363073 
796 60 81 122 0.042363588 
977 14 45 74 0.041216847 
4 -1 25 20 0.039155744 
1011 407 13 28 0.03804982 
-1 426 37 63 0.037528463 
572 383 39 52 0.036824208 
717 312 30 41 0.035676572 
413 286 117 123 0.035172448 
740 59 31 38 0.034846134 
0 72 23 33 0.032498628 
977 229 44 67 0.025514418 
195 383 38 52 0.025208415 
985 260 28 34 0.024901235 
977 187 46 66 0.024613261 
189 330 30 33 0.023959748 
732 293 42 54 0.023824556 
156 4 61 55 0.02258577 
650 428 45 56 0.022489382 
631 0 30 27 0.02150764 
467 10 22 29 0.020418504 
