37_Soccer_soccer_ball_37_238
22
758 289 25 31 0.99837554 
617 297 24 33 0.99635196 
414 248 24 30 0.99401915 
66 142 20 26 0.98501194 
778 320 28 31 0.10278712 
579 52 469 521 0.054124393 
6 322 520 565 0.047688678 
61 206 15 21 0.04106875 
754 460 25 34 0.04095859 
769 330 30 34 0.037928 
783 331 29 28 0.036083195 
26 -29 397 514 0.032507733 
81 225 24 33 0.032303333 
731 341 13 16 0.029754302 
99 302 12 16 0.026561169 
801 354 18 22 0.025826616 
760 312 42 44 0.024966171 
784 344 31 30 0.023916475 
767 441 109 170 0.023638804 
725 338 12 14 0.021940753 
760 298 31 35 0.02176623 
749 340 14 16 0.020216165 
