37_Soccer_Soccer_37_655
39
22 85 29 36 0.9970306 
358 18 36 53 0.97549576 
614 125 20 28 0.97288007 
734 119 20 28 0.7071537 
883 276 11 15 0.21750167 
570 183 14 18 0.11683379 
484 30 25 42 0.11641569 
831 228 9 12 0.07364032 
881 205 9 11 0.069832444 
861 267 10 13 0.06818129 
745 129 22 30 0.0673538 
55 76 31 40 0.06107158 
570 194 14 17 0.058178514 
611 176 15 19 0.056521103 
755 136 16 21 0.052262954 
718 278 8 10 0.051649682 
305 -1 38 31 0.04841239 
347 213 16 17 0.04075642 
-1 80 12 23 0.038507357 
740 110 17 19 0.031824503 
771 137 16 22 0.031377286 
84 79 27 33 0.031007191 
825 229 10 13 0.029977713 
752 189 30 37 0.02883845 
854 242 12 14 0.025524383 
70 34 25 31 0.025034562 
878 211 10 13 0.024127055 
871 220 10 13 0.023773631 
878 272 13 16 0.023571825 
740 131 17 23 0.022447394 
570 176 13 16 0.022269676 
804 206 11 14 0.02215352 
616 236 12 16 0.021863548 
466 17 43 65 0.021650327 
758 132 23 30 0.021407753 
556 217 10 15 0.021104533 
315 8 43 54 0.020981243 
607 261 9 14 0.02083261 
417 147 41 57 0.020157184 
