37_Soccer_Soccer_37_618
31
488 333 83 112 0.99900633 
10 308 70 91 0.99815035 
249 321 69 92 0.99803406 
816 351 82 127 0.9976763 
452 293 56 73 0.92309487 
685 334 54 72 0.8787171 
0 439 45 99 0.8140798 
945 350 46 64 0.6169283 
465 307 75 100 0.16471164 
327 391 43 57 0.15828727 
446 299 35 54 0.15526699 
659 156 117 122 0.13782854 
709 316 53 69 0.11285077 
734 323 48 60 0.095238715 
685 433 37 45 0.069938615 
382 249 40 50 0.06817774 
673 107 134 140 0.0632956 
925 361 50 80 0.048564732 
446 133 14 17 0.043785464 
709 353 50 64 0.04081774 
729 376 34 42 0.03983232 
304 458 17 25 0.03628964 
687 233 56 77 0.032377362 
859 343 85 122 0.032194797 
480 39 35 32 0.028160762 
572 365 14 21 0.02656879 
706 81 118 117 0.024828631 
476 289 57 68 0.023417393 
579 125 27 31 0.02220688 
905 328 82 95 0.021199303 
512 270 34 37 0.020438861 
