37_Soccer_Soccer_37_170
26
945 66 67 79 0.9991074 
466 220 69 79 0.9982766 
619 89 71 88 0.9976497 
602 1 25 30 0.9965733 
743 77 41 49 0.9963456 
516 0 15 12 0.24784315 
730 0 15 15 0.1264758 
0 0 10 12 0.08861563 
615 5 20 25 0.088560164 
641 33 25 29 0.05358145 
29 0 11 9 0.047171656 
975 13 46 53 0.035184015 
754 267 28 38 0.03017387 
499 36 17 22 0.029878626 
645 6 23 30 0.029764254 
643 18 26 32 0.029417466 
716 111 31 38 0.02794686 
625 1 17 21 0.027917884 
645 27 15 18 0.027760847 
629 4 23 30 0.023693133 
522 1 13 15 0.023204912 
440 0 12 12 0.02162997 
633 54 433 527 0.021540834 
633 0 16 18 0.021254405 
787 389 19 19 0.020123636 
499 34 28 35 0.020010099 
