37_Soccer_soccer_ball_37_867
212
685 108 49 64 0.99878675 
386 206 33 44 0.9984989 
251 238 48 62 0.9977825 
518 219 48 67 0.9960097 
507 58 52 68 0.99598515 
85 290 29 36 0.9816722 
900 226 42 54 0.937853 
480 256 26 36 0.45021072 
443 373 15 20 0.3346379 
7 240 8 10 0.21373832 
575 304 37 52 0.1297797 
23 300 9 12 0.12643996 
153 363 12 16 0.12601967 
50 281 8 9 0.11911739 
16 312 9 12 0.113707915 
64 288 10 12 0.11195833 
451 385 18 23 0.10456914 
64 438 12 13 0.09968328 
33 266 8 10 0.098467484 
485 312 15 18 0.09342418 
792 271 8 9 0.08717077 
79 276 9 11 0.08379039 
105 370 13 15 0.08297099 
20 228 10 11 0.076917276 
6 298 9 12 0.07518221 
31 280 9 10 0.074549265 
150 289 8 11 0.06607309 
471 337 16 20 0.06553341 
753 269 15 17 0.06344159 
3 240 8 11 0.06336762 
53 278 8 11 0.062039744 
844 277 10 11 0.0613225 
120 209 8 10 0.059962947 
21 308 10 13 0.059760895 
513 545 38 39 0.052272737 
356 322 26 31 0.05225038 
13 239 8 10 0.05194224 
123 386 13 17 0.05125222 
36 191 391 518 0.0511637 
261 111 8 10 0.05021002 
94 185 8 10 0.049730908 
24 280 8 11 0.04705283 
17 299 11 13 0.046778467 
88 184 8 9 0.04575728 
215 184 7 9 0.04433864 
25 247 8 11 0.044151433 
557 152 47 58 0.043888863 
240 128 8 10 0.042970207 
447 378 19 22 0.042666126 
120 231 8 10 0.042213075 
814 273 9 11 0.04221027 
31 128 6 8 0.041552573 
50 112 6 8 0.040995557 
459 687 13 15 0.04062697 
101 390 10 12 0.04040116 
125 379 26 34 0.040083617 
29 247 9 10 0.039373077 
175 287 10 11 0.038997423 
178 229 7 10 0.038855582 
31 150 6 9 0.037950087 
266 137 8 9 0.03777131 
200 273 8 11 0.037253655 
239 133 9 12 0.036984958 
135 375 27 36 0.03661769 
14 183 7 10 0.035699647 
242 261 9 13 0.03521078 
797 270 8 11 0.03519704 
19 370 13 15 0.03518176 
126 175 8 10 0.03510973 
169 304 9 11 0.03509246 
17 111 8 10 0.034965113 
9 314 10 13 0.034960646 
253 209 9 11 0.0345144 
178 142 8 9 0.034235816 
17 223 10 12 0.033530444 
108 262 9 11 0.03330626 
126 208 7 9 0.03291114 
71 208 8 9 0.032833986 
23 332 12 15 0.032775015 
138 159 8 10 0.03261546 
840 251 12 15 0.032391377 
73 277 9 11 0.032368716 
105 159 7 9 0.032318156 
47 183 8 10 0.03228069 
333 342 10 13 0.03210791 
24 341 13 15 0.032063153 
32 200 8 11 0.031933773 
15 246 7 9 0.031721115 
80 185 7 8 0.031715877 
186 239 8 9 0.03153654 
110 167 7 10 0.031313986 
144 272 8 10 0.031198917 
22 160 9 10 0.031101085 
301 167 10 12 0.030748095 
39 167 7 10 0.03074436 
63 279 9 11 0.030454293 
152 245 9 12 0.030382764 
914 252 33 40 0.030316219 
285 156 8 11 0.030257652 
137 312 9 11 0.030199727 
77 166 9 10 0.029897815 
55 166 8 10 0.029797334 
63 183 7 9 0.029718796 
80 111 7 9 0.029692195 
810 276 10 11 0.029561544 
2 299 9 13 0.029353123 
834 230 8 9 0.02914998 
54 112 7 9 0.029091321 
137 189 7 10 0.028919475 
135 184 8 10 0.028714007 
22 112 7 9 0.028687857 
786 269 8 11 0.028559718 
24 127 8 10 0.028519833 
48 158 8 9 0.0282481 
112 207 8 10 0.028083092 
95 167 8 10 0.028039075 
15 191 8 11 0.028006796 
539 427 14 17 0.027994266 
79 207 8 10 0.02795938 
22 192 7 9 0.027913492 
47 152 8 10 0.02763175 
150 369 12 17 0.02761103 
36 268 9 11 0.027575267 
58 191 8 10 0.027569283 
72 272 9 11 0.027549632 
485 396 10 14 0.027239677 
144 133 8 10 0.027229156 
822 290 12 13 0.027019227 
21 316 10 11 0.026828341 
183 255 8 10 0.026810195 
39 191 7 9 0.026756128 
53 284 9 12 0.026381195 
249 183 7 9 0.026327763 
280 153 8 11 0.026227575 
182 142 8 9 0.026220286 
731 269 10 12 0.026111523 
10 183 7 10 0.025936726 
224 177 7 9 0.025852412 
24 253 9 11 0.025711183 
105 167 8 10 0.025557768 
22 166 9 11 0.025414115 
38 279 9 11 0.025187729 
64 129 7 8 0.025158696 
125 255 9 10 0.024928372 
38 284 9 11 0.024862587 
420 277 14 19 0.024842296 
65 160 7 9 0.024703352 
41 128 7 9 0.024588613 
126 376 11 14 0.024475077 
833 224 8 10 0.024371976 
25 174 9 11 0.024290413 
57 199 7 9 0.024196113 
55 160 7 9 0.024145322 
103 201 8 10 0.024006136 
34 192 6 8 0.02391661 
57 183 8 10 0.023747718 
153 310 10 12 0.023709275 
96 216 8 9 0.023705492 
92 285 15 19 0.023539037 
73 135 8 9 0.023522887 
209 200 7 9 0.023308821 
40 173 7 10 0.023294143 
120 191 8 10 0.023239685 
542 419 13 15 0.023118349 
231 119 8 9 0.023039205 
24 182 8 10 0.02281065 
63 272 7 9 0.02263584 
178 224 8 10 0.022544209 
64 207 9 11 0.022267677 
121 292 12 15 0.022188855 
152 223 8 9 0.022108722 
139 318 9 11 0.022104865 
120 129 7 9 0.02206637 
165 232 8 9 0.021929724 
41 159 7 9 0.021904413 
356 452 14 16 0.021843161 
129 223 7 9 0.021789303 
113 212 8 11 0.021771673 
337 321 11 17 0.02170028 
42 315 13 15 0.021333223 
136 273 9 10 0.021326577 
94 279 12 13 0.021274457 
262 116 9 11 0.021170778 
88 167 8 9 0.021159977 
62 197 8 10 0.02114042 
102 459 12 14 0.02106311 
88 159 7 9 0.021060152 
104 239 8 10 0.021036865 
194 191 7 9 0.0209991 
45 485 13 19 0.020994784 
126 231 8 10 0.02095066 
269 141 8 9 0.02094885 
25 262 8 10 0.020926742 
62 191 8 11 0.02083048 
47 135 7 8 0.020810794 
191 260 8 10 0.020810153 
192 143 7 9 0.020774899 
61 436 23 25 0.020695146 
79 135 7 10 0.020613994 
182 230 7 10 0.020578269 
90 189 8 10 0.020543229 
254 149 8 11 0.020538777 
161 175 9 12 0.02043291 
136 223 8 10 0.020389365 
839 273 11 12 0.020347044 
281 127 8 10 0.020268323 
233 160 8 10 0.02023709 
129 246 8 11 0.020169102 
145 112 7 9 0.020141875 
147 364 23 31 0.020129986 
129 238 8 10 0.02007237 
96 160 7 9 0.020031987 
