51_Dresses_wearingdress_51_914
56
814 758 126 172 0.9998436 
454 44 52 72 0.9994411 
628 81 31 39 0.99911517 
126 52 63 84 0.9989003 
823 90 61 80 0.9970726 
554 759 70 96 0.9954514 
445 259 38 50 0.9845675 
70 268 163 284 0.31435266 
436 613 17 20 0.13575268 
784 1315 15 17 0.12901677 
445 468 26 38 0.11699519 
558 852 472 583 0.103403606 
776 1302 10 12 0.100175306 
200 1021 11 13 0.09819543 
403 1061 24 30 0.07521832 
556 504 13 18 0.069007635 
187 1075 15 19 0.06686894 
782 1295 10 12 0.05736889 
159 1045 9 12 0.053258114 
172 1172 16 19 0.053108096 
402 1111 25 29 0.053049926 
254 777 401 486 0.05080807 
30 211 300 403 0.050283693 
180 1267 14 16 0.04989987 
875 1299 13 16 0.04650763 
775 1295 11 12 0.04548918 
598 1332 30 46 0.042817563 
164 1083 14 14 0.042175572 
162 1186 14 16 0.040900514 
190 1180 14 15 0.040218942 
542 1329 16 19 0.038990166 
751 1292 12 13 0.03641072 
538 1347 16 20 0.03556664 
55 1155 38 38 0.035359103 
540 1337 17 19 0.034317706 
215 -1 58 64 0.033999454 
761 1177 15 19 0.03360708 
182 1247 26 32 0.03231124 
179 1151 16 17 0.032036453 
98 848 107 139 0.029215595 
733 3 97 118 0.029201126 
182 1143 27 26 0.028388225 
771 1148 16 21 0.028195528 
394 1106 18 20 0.027556034 
417 581 10 11 0.026917264 
200 1047 11 14 0.026554603 
761 973 160 127 0.026504282 
545 481 25 41 0.02473647 
684 65 397 470 0.024694268 
768 1292 10 12 0.024627708 
394 1097 38 49 0.0222496 
885 1298 11 13 0.021507276 
317 1173 12 14 0.021197561 
91 823 180 232 0.021147281 
496 626 15 17 0.020048102 
771 1285 12 13 0.020030947 
