51_Dresses_wearingdress_51_830
39
933 36 29 39 0.9989574 
563 25 63 86 0.99746656 
998 19 21 34 0.8780016 
257 10 105 67 0.87777174 
819 16 59 66 0.36411566 
838 28 58 73 0.23698251 
856 54 48 68 0.07220827 
855 18 33 36 0.06989904 
523 248 48 59 0.06879807 
377 609 30 37 0.05010067 
796 24 33 43 0.047026776 
482 120 41 53 0.042645987 
278 605 22 30 0.04235948 
196 668 14 17 0.039549332 
899 58 28 36 0.035905063 
79 207 133 142 0.035809923 
198 631 25 32 0.035749525 
96 429 368 478 0.034216236 
872 76 46 57 0.03365281 
875 44 43 63 0.032100618 
511 168 12 17 0.029136617 
538 169 44 49 0.028723728 
764 307 14 18 0.028639147 
917 26 25 31 0.028530018 
198 641 15 19 0.027626282 
103 121 206 272 0.027378172 
268 591 39 49 0.026977753 
790 345 18 21 0.025853725 
900 102 13 16 0.024732 
872 24 19 23 0.023655495 
822 14 35 39 0.023300754 
565 237 47 58 0.023220005 
777 13 190 214 0.022666406 
892 99 27 32 0.022326706 
900 528 26 33 0.021637682 
516 169 12 15 0.021090383 
253 194 143 189 0.020691816 
546 155 37 41 0.020274932 
371 613 18 21 0.020186588 
