51_Dresses_wearingdress_51_388
35
601 323 173 223 0.998796 
361 137 81 71 0.59451693 
123 224 27 39 0.120501466 
8 599 47 61 0.09521842 
22 84 417 550 0.091041036 
27 135 17 20 0.07632856 
168 503 109 164 0.06932376 
89 217 31 41 0.06336081 
-1 442 23 34 0.057684112 
599 98 326 440 0.056570135 
102 214 38 48 0.042841855 
0 117 11 17 0.03836204 
22 424 29 38 0.037906192 
195 317 109 132 0.03577654 
347 107 57 65 0.032935336 
494 365 16 17 0.02917354 
143 280 14 21 0.029052788 
752 143 226 312 0.029008176 
127 192 16 19 0.027704965 
1 169 17 23 0.026839161 
244 37 124 114 0.026118526 
368 76 88 122 0.025155794 
102 150 13 15 0.0251441 
359 168 44 45 0.025045179 
319 142 131 107 0.024473073 
29 177 23 28 0.024251025 
0 450 13 21 0.023160033 
346 47 154 214 0.022327987 
184 450 17 21 0.021943545 
21 142 16 19 0.021691559 
330 87 61 67 0.020687219 
379 182 205 224 0.020572698 
116 471 220 270 0.020561699 
380 151 41 51 0.020532189 
220 225 28 40 0.02011552 
