51_Dresses_wearingdress_51_77
36
410 239 22 28 0.9525019 
801 53 191 246 0.36688972 
148 297 16 19 0.16233109 
523 314 171 246 0.13134119 
797 103 109 129 0.08081733 
743 147 26 42 0.07830463 
777 145 51 51 0.05663349 
876 98 143 157 0.051756863 
164 334 12 16 0.05101955 
565 298 119 138 0.04413237 
557 112 9 11 0.040523566 
201 294 10 12 0.034661286 
141 302 18 19 0.03465632 
271 133 389 463 0.033761706 
-18 -15 409 496 0.03286656 
44 49 213 298 0.030239623 
501 85 8 11 0.028543992 
813 156 12 16 0.027794912 
411 134 14 16 0.02762654 
804 143 28 38 0.026813183 
802 135 56 65 0.025130257 
427 203 343 454 0.025086436 
50 199 35 42 0.02505665 
372 107 16 19 0.02474301 
542 93 8 11 0.024098603 
557 393 116 136 0.02389665 
136 325 27 32 0.023488643 
779 163 33 44 0.023254957 
731 598 57 66 0.022298189 
781 126 30 33 0.021882622 
140 292 19 22 0.0216648 
413 271 17 18 0.021561353 
482 175 16 20 0.021471648 
121 279 101 129 0.02146173 
406 235 17 26 0.020936044 
139 306 26 30 0.020069325 
