51_Dresses_wearingdress_51_340
51
565 345 70 97 0.9979101 
46 319 16 22 0.30643257 
43 310 14 16 0.10377953 
190 964 12 16 0.091752015 
55 1012 36 41 0.0787425 
197 1022 14 19 0.07372319 
0 458 9 16 0.0672686 
93 349 13 17 0.066234626 
48 292 11 14 0.06153992 
98 512 14 18 0.048772763 
50 288 10 12 0.0474151 
125 1006 21 25 0.03662141 
315 703 135 185 0.035346534 
206 935 9 11 0.03528722 
44 299 14 17 0.03420425 
118 1009 11 14 0.03389286 
191 1005 12 14 0.03361325 
102 1013 10 13 0.03269644 
35 432 15 17 0.0320416 
189 999 11 14 0.031256877 
185 964 11 15 0.031064939 
498 -12 105 176 0.03076588 
200 940 9 12 0.030009337 
351 968 9 11 0.028245619 
137 1013 13 16 0.026918124 
44 1014 53 66 0.026522225 
780 1004 119 179 0.026502063 
78 5 15 18 0.025379708 
753 538 24 31 0.024754528 
365 1172 11 14 0.02452132 
196 1013 11 13 0.024307773 
99 355 12 15 0.024000205 
95 462 12 16 0.023979796 
153 994 53 65 0.023755822 
244 1085 105 123 0.023356523 
229 1042 179 223 0.023257842 
235 177 355 483 0.023220297 
58 322 13 17 0.02319883 
188 958 20 26 0.02284043 
219 1144 102 126 0.022468796 
72 1012 30 33 0.021913126 
232 1059 13 16 0.021666694 
1 303 10 13 0.020987429 
185 1004 11 14 0.020895135 
4 307 10 13 0.020869205 
160 1000 10 11 0.020545196 
365 1179 11 12 0.020339156 
174 965 10 13 0.020285785 
46 1001 33 40 0.020230727 
95 1021 12 14 0.020073526 
38 302 10 13 0.020026352 
