51_Dresses_wearingdress_51_327
242
460 146 135 184 0.9997769 
827 350 14 18 0.27945668 
809 1679 33 48 0.1922842 
15 96 29 42 0.1876969 
979 1647 17 21 0.15584396 
362 292 31 42 0.15118644 
1005 666 17 21 0.13942961 
837 1610 24 31 0.10314988 
92 1575 12 14 0.09997441 
189 1659 18 22 0.09441459 
876 1397 11 12 0.091485 
300 1648 33 34 0.08657142 
619 135 15 18 0.08505395 
1011 732 12 20 0.08445282 
119 1580 10 13 0.08289921 
682 1550 71 79 0.08236744 
772 218 15 19 0.078376934 
854 1395 13 17 0.07593493 
1011 147 12 20 0.068163134 
600 -2 33 32 0.06805463 
278 8 46 51 0.06755943 
237 1638 13 17 0.0659513 
205 1649 14 16 0.065812595 
61 1644 12 16 0.06579238 
89 1579 11 14 0.062979504 
813 1437 16 18 0.061709017 
71 1584 7 10 0.06043453 
876 175 13 15 0.058827225 
398 1659 11 12 0.058511544 
1012 558 12 20 0.05671521 
797 360 17 21 0.05508657 
837 1409 17 21 0.054598268 
903 1390 10 13 0.05375563 
969 649 23 28 0.052958176 
148 1596 10 14 0.05288219 
0 247 46 93 0.05159674 
160 33 27 36 0.05147019 
870 1391 13 15 0.050356824 
846 1588 51 56 0.04960963 
130 1567 25 31 0.04950429 
85 1646 10 12 0.048558418 
130 1552 25 28 0.048397522 
156 1533 11 13 0.04610142 
17 889 32 34 0.04541161 
234 607 16 21 0.04507488 
825 238 9 12 0.04444686 
117 1569 14 18 0.043322526 
347 1629 26 30 0.043256372 
353 1644 15 18 0.04290757 
629 68 13 17 0.04262693 
112 1552 10 12 0.041595817 
1011 129 12 20 0.04156376 
211 1580 16 19 0.040730115 
115 1606 13 17 0.040697526 
765 1028 17 22 0.040554505 
142 119 15 20 0.040428452 
496 36 46 55 0.039983597 
245 425 16 21 0.039857697 
167 1589 25 27 0.039408732 
689 119 10 13 0.039080407 
741 287 11 14 0.038683932 
89 84 48 59 0.03862991 
112 1554 23 28 0.037686102 
78 1583 8 10 0.037128083 
951 203 13 16 0.03663414 
839 292 12 15 0.03662275 
815 313 11 15 0.036440685 
930 165 13 17 0.03612742 
711 212 14 17 0.03596314 
946 723 26 32 0.035777066 
848 321 12 15 0.035658427 
100 102 49 57 0.035492368 
893 169 25 37 0.035288714 
120 1587 10 12 0.03525459 
577 489 16 20 0.035241228 
482 1692 26 31 0.03495103 
75 1571 10 12 0.03481409 
722 1414 16 20 0.034481924 
868 164 41 57 0.034467187 
971 761 41 57 0.03441067 
998 1649 15 17 0.034042235 
654 106 12 15 0.034037497 
335 1622 13 15 0.033965066 
1011 701 13 20 0.03378562 
1007 1611 14 18 0.03314236 
75 101 47 59 0.033135284 
203 1625 12 15 0.032179676 
635 77 12 14 0.03200292 
1 1542 10 14 0.031348854 
257 1517 14 15 0.031203339 
120 1561 26 29 0.031160863 
1006 219 14 18 0.03103517 
4 100 29 44 0.030979637 
276 1568 12 16 0.030674364 
761 335 18 21 0.030673418 
205 1518 27 31 0.030668315 
828 1390 13 19 0.030501304 
195 1618 16 20 0.03049699 
72 1589 8 11 0.030191988 
663 133 8 10 0.030126603 
27 105 380 440 0.030076185 
305 9 32 43 0.030008053 
607 105 11 15 0.029842235 
283 258 14 15 0.029791525 
0 1590 6 12 0.029573824 
704 103 10 12 0.029550418 
141 1594 13 17 0.029506762 
872 1342 9 10 0.029461516 
211 1557 15 17 0.02939391 
270 1549 23 31 0.029361963 
289 1382 27 38 0.02887088 
123 1578 27 36 0.028664244 
854 1380 14 15 0.02866202 
95 1567 9 11 0.02837957 
880 332 13 16 0.028288543 
899 316 16 19 0.02780467 
839 124 12 15 0.027491363 
84 111 29 37 0.027465202 
612 102 11 15 0.027431585 
887 759 44 57 0.027143648 
1013 458 9 14 0.026991436 
275 1560 14 18 0.026984137 
844 1410 24 28 0.026939234 
64 1582 8 10 0.026806252 
79 1590 9 12 0.026789859 
176 1601 16 20 0.026749698 
828 132 11 14 0.026553145 
235 1645 16 19 0.026544975 
788 144 26 31 0.025939075 
127 109 32 39 0.025938762 
885 1396 10 12 0.025898589 
137 1570 16 19 0.025767807 
827 284 12 14 0.025750663 
48 59 40 55 0.025665998 
699 219 14 17 0.025649944 
10 34 13 17 0.025576964 
397 1712 10 11 0.025559003 
619 65 25 29 0.025538098 
761 220 23 28 0.025484988 
103 1567 11 12 0.025480404 
271 243 10 12 0.025194349 
812 285 9 13 0.025130382 
126 1588 11 14 0.025110943 
941 662 13 15 0.025009837 
141 1541 26 30 0.02500574 
726 36 12 14 0.024838943 
185 1651 17 20 0.024781087 
135 1615 12 13 0.024738502 
85 1588 12 14 0.024665458 
13 100 43 64 0.0246305 
998 141 13 18 0.024474302 
97 1527 9 11 0.024291383 
882 133 15 20 0.024198432 
879 171 24 33 0.024195043 
1011 1077 11 16 0.024104258 
813 236 10 14 0.024102649 
271 1508 13 15 0.024076305 
192 1603 22 27 0.023912601 
56 1581 9 10 0.023903688 
797 334 10 12 0.023795253 
908 1391 9 10 0.0237945 
197 1436 29 31 0.023774771 
47 106 45 62 0.02368152 
213 1277 32 40 0.023676319 
55 1605 11 14 0.023656968 
896 1408 10 11 0.023653917 
177 1450 18 19 0.023643373 
806 222 9 12 0.023632286 
697 1591 61 63 0.023609197 
750 232 26 30 0.023600096 
166 1566 11 13 0.023557084 
77 1566 11 13 0.023500452 
262 1543 10 12 0.02342576 
1014 1701 8 14 0.02332049 
266 1535 40 51 0.023311935 
833 347 15 18 0.023265747 
593 30 26 30 0.023209883 
997 1701 14 19 0.023116034 
253 1542 9 10 0.023103971 
347 2 49 51 0.023068137 
206 1584 14 16 0.023044573 
696 103 9 11 0.023027908 
267 1569 14 17 0.022948043 
295 1556 11 15 0.022902768 
894 705 11 14 0.022864088 
791 341 13 16 0.022810208 
235 1590 15 18 0.02277765 
984 1655 15 18 0.022770071 
116 1550 12 13 0.022764111 
999 1670 11 13 0.022722708 
105 9 46 52 0.022712931 
28 93 41 54 0.0227109 
936 672 19 21 0.022666989 
293 1544 28 37 0.02265705 
248 1541 10 12 0.022529446 
818 1369 16 18 0.022497049 
859 1389 14 16 0.022492483 
844 1404 15 19 0.022451496 
63 71 30 34 0.022292858 
703 109 11 12 0.022277052 
191 1513 45 49 0.02226448 
809 351 21 27 0.022016037 
846 1389 22 27 0.021954251 
638 475 49 66 0.021894064 
896 1390 12 14 0.02184639 
611 122 23 30 0.021685064 
204 1428 13 15 0.02164395 
1 1615 9 13 0.021498023 
290 283 28 34 0.021470949 
731 195 12 15 0.02144398 
806 323 11 14 0.02127291 
902 247 11 14 0.021231906 
188 1427 30 35 0.02113994 
391 1658 13 15 0.021121278 
860 1420 11 14 0.021069502 
204 1447 17 20 0.021050112 
111 1543 10 11 0.02104825 
135 1593 13 16 0.021022506 
144 44 43 50 0.021022081 
64 118 52 66 0.020999433 
674 -32 216 223 0.02098759 
111 1561 13 17 0.020967672 
102 1588 9 11 0.020855457 
185 174 99 140 0.020832215 
100 1572 12 15 0.02077806 
148 1545 16 19 0.020770015 
85 1636 11 13 0.020748565 
644 143 9 11 0.02059991 
294 239 96 109 0.020575171 
621 158 457 497 0.020554112 
798 253 11 14 0.02051186 
54 1590 10 10 0.02044372 
348 1616 26 29 0.020437308 
113 1582 9 12 0.020430949 
89 1608 8 10 0.02042597 
291 1688 26 31 0.02040954 
647 103 12 14 0.0202423 
860 1414 11 13 0.020158961 
159 1563 11 13 0.020155765 
637 99 12 15 0.020144623 
257 22 29 32 0.020070788 
950 1626 11 13 0.020054426 
