51_Dresses_wearingdress_51_1012
40
516 169 113 143 0.9999447 
1 536 45 63 0.9971317 
120 470 36 46 0.9932199 
39 509 34 44 0.9913986 
230 426 34 43 0.97569644 
82 497 36 49 0.97356623 
165 467 34 45 0.95192134 
245 439 30 38 0.6252242 
284 498 17 23 0.1939474 
103 721 28 32 0.17958634 
175 432 30 38 0.1489519 
111 611 30 40 0.09328987 
293 535 19 24 0.08563286 
754 920 354 466 0.079634964 
68 511 43 56 0.061561693 
196 634 105 107 0.061180383 
59 1004 359 489 0.04107632 
257 453 20 29 0.039912395 
91 657 26 35 0.036366068 
627 1210 16 19 0.036125276 
259 852 451 606 0.03461041 
142 634 15 20 0.034557365 
783 105 141 203 0.034508996 
123 622 26 34 0.029274441 
307 557 25 31 0.028901009 
-1 784 13 26 0.028506143 
442 1478 33 44 0.027544176 
6 867 33 41 0.026083292 
42 490 29 35 0.024874333 
116 633 48 58 0.023896737 
116 729 25 37 0.023275761 
388 1260 388 514 0.023108708 
390 438 26 32 0.022896923 
203 690 61 81 0.022875395 
144 649 59 55 0.022722172 
51 526 44 58 0.022469306 
116 739 46 55 0.02200962 
286 535 17 24 0.020824973 
287 494 25 32 0.020764321 
25 527 43 61 0.02061515 
