51_Dresses_wearingdress_51_7
22
294 16 64 87 0.9993112 
490 86 29 35 0.99747497 
777 10 70 98 0.99554837 
953 120 37 51 0.97772574 
377 91 30 41 0.9170151 
168 84 17 22 0.89280695 
8 57 20 30 0.8784836 
55 62 22 30 0.87842417 
529 58 31 48 0.81218237 
118 71 16 22 0.4247608 
111 107 16 19 0.20051098 
198 80 16 21 0.16124554 
241 40 39 57 0.13181429 
536 56 19 26 0.0483965 
175 87 16 20 0.04541033 
387 103 31 38 0.03625826 
16 65 19 25 0.033249658 
901 132 16 19 0.03006637 
163 56 14 18 0.027453912 
222 128 48 60 0.024701525 
982 134 24 34 0.022609042 
203 136 53 64 0.021807067 
