51_Dresses_wearingdress_51_306
33
424 151 96 135 0.99988854 
374 22 57 73 0.15113212 
586 738 459 602 0.089321084 
595 39 404 514 0.08120167 
81 340 26 30 0.07599108 
184 333 12 14 0.073157 
156 346 23 27 0.06586089 
86 273 15 19 0.052469447 
82 253 14 20 0.048026163 
1008 71 9 12 0.043335892 
212 353 13 16 0.041520473 
413 43 13 16 0.03891125 
334 591 326 448 0.035917647 
1001 613 10 15 0.03543954 
83 323 27 31 0.03348904 
-2 761 102 160 0.03346217 
449 1071 43 56 0.03333047 
149 370 24 28 0.03293901 
188 338 11 15 0.032139514 
59 227 13 18 0.031053813 
83 265 16 20 0.031050345 
383 12 43 47 0.024854543 
75 340 18 20 0.02402972 
124 344 14 16 0.023576837 
347 188 15 22 0.022020772 
487 616 359 486 0.021650767 
1 1246 11 15 0.021165993 
278 307 11 15 0.02090232 
90 279 14 18 0.020790827 
56 265 12 16 0.020542977 
990 24 13 17 0.02046408 
395 28 35 40 0.020390589 
141 775 11 12 0.020281326 
