51_Dresses_wearingdress_51_398
48
400 232 375 459 0.99954504 
196 920 382 483 0.56609315 
178 1019 13 17 0.063491374 
38 861 13 15 0.06329186 
178 1012 13 16 0.051280458 
38 762 12 14 0.04351877 
174 1036 10 14 0.043410253 
46 979 20 27 0.040879223 
37 461 14 18 0.040841978 
29 861 14 17 0.037270736 
312 1376 39 44 0.0355819 
175 1026 13 16 0.03452777 
207 1026 12 15 0.033832915 
12 764 10 13 0.033308882 
181 1034 13 16 0.032792933 
85 996 13 17 0.032365788 
175 1002 15 18 0.031025229 
-22 1160 436 500 0.03044941 
188 994 15 18 0.030388238 
45 852 13 17 0.030126257 
75 965 15 18 0.02866044 
188 1029 11 13 0.02834106 
150 1022 11 14 0.027875625 
200 1028 10 13 0.027233519 
54 836 12 15 0.026872946 
95 762 15 20 0.026095781 
36 1075 64 75 0.025820041 
111 1005 12 15 0.02515689 
166 990 11 14 0.0250627 
12 841 14 17 0.024921754 
158 995 11 14 0.024397 
67 852 14 19 0.024157932 
45 819 13 17 0.023957899 
32 788 11 15 0.023708768 
23 865 14 17 0.023540033 
46 883 12 15 0.02304348 
363 898 385 503 0.022332635 
222 998 11 14 0.021996466 
168 1036 11 15 0.021851059 
315 1393 43 53 0.021815306 
156 1071 21 25 0.021770598 
154 1028 13 16 0.021343483 
156 1022 10 13 0.021214208 
118 980 12 15 0.021163246 
126 958 10 13 0.021160314 
144 1027 11 15 0.020813327 
61 781 13 17 0.020746345 
174 1044 10 13 0.020300593 
