51_Dresses_wearingdress_51_739
61
440 104 128 188 0.9995443 
256 170 27 36 0.9988079 
906 277 35 44 0.99876654 
865 240 33 43 0.99862397 
268 294 35 43 0.99805236 
638 259 32 40 0.9972554 
223 239 30 37 0.9961499 
573 290 53 63 0.9938332 
726 214 75 99 0.99365616 
999 253 26 38 0.98944527 
683 180 31 41 0.98933756 
354 226 30 39 0.47173208 
39 253 54 96 0.4310063 
196 185 25 29 0.19516283 
196 196 27 32 0.18822664 
325 248 41 49 0.14764771 
885 279 23 30 0.12599146 
993 338 27 51 0.1255188 
265 224 31 36 0.120056026 
665 158 12 15 0.09817036 
848 297 32 36 0.097164765 
337 235 41 50 0.09549576 
220 301 29 38 0.075655594 
273 216 26 29 0.0737921 
956 282 16 20 0.06941555 
35 634 18 20 0.068591416 
51 700 12 17 0.061867867 
58 263 64 96 0.06119624 
315 253 31 46 0.057182714 
186 107 12 16 0.055187028 
204 316 42 56 0.05350056 
548 259 47 61 0.050556656 
56 1036 220 349 0.048191108 
366 224 11 14 0.047649547 
1003 605 15 24 0.04195992 
200 211 18 22 0.041493647 
966 268 12 17 0.038236693 
651 189 23 29 0.038220476 
959 271 20 26 0.035807528 
395 243 15 20 0.035460815 
677 268 14 19 0.03428486 
973 296 23 29 0.030648181 
180 176 14 18 0.029548012 
72 262 95 115 0.029387176 
41 358 56 71 0.029060949 
335 230 30 36 0.028910762 
989 304 14 18 0.028807497 
225 167 16 19 0.026999239 
655 178 14 18 0.025971426 
859 287 30 36 0.025165576 
694 245 30 45 0.02512737 
958 288 27 33 0.02431087 
7 628 103 152 0.023923885 
324 270 38 50 0.02357249 
204 216 23 30 0.022276409 
365 232 20 24 0.022177836 
673 262 24 31 0.021836655 
198 292 43 57 0.021582048 
217 286 29 37 0.020965934 
321 288 32 43 0.020930102 
997 594 25 40 0.020594431 
