51_Dresses_wearingdress_51_13
17
286 216 276 341 0.9997814 
267 688 375 435 0.17989908 
352 804 241 262 0.13075459 
409 482 449 505 0.112667255 
199 714 227 290 0.056079574 
832 1078 28 40 0.054278374 
643 606 241 302 0.042531025 
377 1342 27 32 0.042247087 
417 1351 32 38 0.034776695 
678 938 95 117 0.034773935 
700 968 63 70 0.0318792 
606 522 125 116 0.025726683 
568 496 447 381 0.024765134 
276 1346 48 55 0.02430322 
977 1091 12 16 0.022305591 
311 993 380 509 0.02213187 
645 977 61 67 0.021115305 
