51_Dresses_wearingdress_51_464
77
389 225 266 342 0.999678 
19 381 141 172 0.99935013 
741 417 64 76 0.99124676 
894 389 25 33 0.87232065 
704 361 26 32 0.8186424 
785 272 24 29 0.6204014 
847 518 52 77 0.537644 
910 445 26 34 0.31750733 
991 311 29 40 0.3108702 
352 629 391 387 0.26718247 
51 1066 81 70 0.25399908 
183 970 132 143 0.24406773 
614 489 52 90 0.24304023 
153 941 218 254 0.1912024 
115 1083 474 450 0.15189905 
804 324 22 30 0.13148175 
1001 425 23 55 0.11519445 
609 1145 174 248 0.111087844 
835 444 35 49 0.10859246 
837 427 36 45 0.107929975 
909 508 43 60 0.08537763 
990 442 35 73 0.07641737 
707 422 84 112 0.06371934 
918 452 26 36 0.06308829 
632 485 66 95 0.058692094 
796 375 43 55 0.05243416 
967 372 43 56 0.05094384 
930 427 38 52 0.050596863 
994 608 29 40 0.0490049 
761 381 52 58 0.048796367 
49 909 410 457 0.048778977 
810 317 17 19 0.04790016 
890 397 40 50 0.040700544 
987 385 35 43 0.040146887 
780 371 44 51 0.039070748 
955 537 44 54 0.037436306 
706 386 25 33 0.03529555 
861 521 86 110 0.033867564 
776 261 38 47 0.03288062 
952 300 32 40 0.032085042 
946 317 34 44 0.030919617 
581 463 93 134 0.030727385 
224 797 392 494 0.029560717 
239 431 67 88 0.028763957 
818 392 42 56 0.028578734 
876 510 42 70 0.028319074 
232 145 106 121 0.028042305 
837 519 41 60 0.027566843 
920 427 30 38 0.02731828 
834 408 33 46 0.02716106 
751 446 62 87 0.026879176 
792 248 29 34 0.026237214 
61 1002 68 54 0.026027374 
902 426 30 39 0.026009781 
35 1024 107 81 0.025748799 
1013 13 12 19 0.025709383 
981 419 40 71 0.025687551 
982 554 16 23 0.02566428 
971 312 40 52 0.025496835 
890 484 76 104 0.025439883 
999 300 29 42 0.025255138 
838 467 33 41 0.025194082 
986 651 13 18 0.024609072 
719 396 27 34 0.024132786 
635 508 93 116 0.023876386 
922 574 46 59 0.023594262 
817 503 87 116 0.023517072 
0 1044 70 74 0.022562562 
1004 318 21 41 0.022289896 
792 316 39 50 0.021850843 
966 531 14 18 0.021798635 
710 354 22 26 0.02150176 
885 472 29 35 0.021262996 
945 391 49 64 0.021082569 
985 295 30 40 0.020813983 
1010 434 15 34 0.020736331 
178 983 92 85 0.020101316 
