51_Dresses_wearingdress_51_492
20
357 164 254 327 0.99985456 
270 154 137 199 0.9854453 
745 375 74 90 0.9181123 
286 138 208 305 0.8197784 
0 426 38 89 0.4405843 
314 671 513 560 0.18239419 
547 584 448 575 0.107771166 
388 397 411 533 0.075181045 
551 611 216 303 0.074320495 
344 1040 527 455 0.05133687 
775 383 65 72 0.047215197 
262 847 406 498 0.046341233 
864 1049 129 112 0.043158732 
230 281 370 499 0.040372256 
61 859 183 226 0.036103018 
594 256 474 556 0.03297015 
948 366 76 157 0.028699249 
232 434 207 289 0.025150048 
0 421 23 50 0.022964722 
60 499 90 151 0.021087227 
