51_Dresses_wearingdress_51_451
27
384 213 183 237 0.9997303 
217 683 393 488 0.28305635 
-44 185 455 504 0.15133366 
353 716 224 239 0.13838576 
409 746 107 111 0.13222194 
5 710 105 165 0.088915884 
639 349 373 463 0.06443432 
518 769 59 70 0.052425064 
303 856 242 359 0.04979648 
966 1171 22 29 0.04701429 
485 733 108 119 0.03929108 
535 811 466 449 0.03733292 
396 633 212 224 0.03670214 
609 996 280 278 0.035081547 
534 47 379 467 0.034962606 
520 702 12 14 0.033552933 
430 689 122 148 0.033122763 
244 31 379 494 0.033097547 
524 563 376 489 0.031060603 
989 26 10 13 0.027754018 
494 666 189 289 0.025252067 
543 136 41 45 0.024596905 
-38 293 201 298 0.024097158 
45 202 207 291 0.023806754 
2 532 51 83 0.022266744 
79 12 355 466 0.02186003 
-7 122 104 155 0.021286517 
