51_Dresses_wearingdress_51_339
32
443 186 170 233 0.9994392 
659 309 112 153 0.9989139 
152 368 26 35 0.44246432 
864 368 41 62 0.36629936 
194 51 84 123 0.15342307 
717 348 81 123 0.1202235 
756 281 19 23 0.09361887 
971 376 41 60 0.06477459 
880 369 51 68 0.061423022 
953 267 25 35 0.054355036 
949 275 53 66 0.0521587 
751 379 55 84 0.047521267 
213 379 116 133 0.04523528 
1011 400 14 27 0.04467523 
267 636 25 38 0.038098324 
150 370 45 53 0.035508335 
905 346 40 55 0.030244907 
325 1162 395 483 0.028345814 
921 374 50 70 0.028250962 
927 265 90 115 0.027986148 
170 259 193 259 0.02722445 
649 1132 155 150 0.027070595 
0 355 12 20 0.02624024 
873 343 48 68 0.023981089 
989 389 34 43 0.023741439 
182 361 25 33 0.022934832 
-110 1083 420 479 0.022844912 
40 1 335 499 0.022354394 
944 315 86 132 0.021870648 
932 108 103 138 0.021836815 
848 365 73 93 0.021604223 
932 298 26 32 0.02030191 
