51_Dresses_wearingdress_51_150
55
190 60 80 112 0.9977246 
724 62 67 102 0.99744606 
11 77 18 22 0.510362 
35 117 23 28 0.42956796 
85 96 13 16 0.312122 
13 532 12 14 0.18468378 
28 477 14 18 0.1578246 
322 98 15 18 0.14862312 
11 130 14 19 0.08131495 
92 94 12 15 0.07568771 
79 73 15 19 0.07055247 
11 10 25 30 0.061175235 
784 327 30 34 0.05626024 
42 194 18 23 0.05585958 
73 419 32 37 0.052010253 
146 93 15 21 0.051052157 
356 104 18 21 0.04933663 
78 41 14 18 0.045580756 
81 137 16 21 0.03907194 
108 567 12 16 0.036752246 
44 592 17 19 0.036073156 
16 526 16 19 0.034569595 
136 87 21 27 0.0344178 
46 620 16 18 0.03410085 
117 101 13 16 0.032914527 
12 22 26 34 0.03289332 
169 357 30 36 0.032157708 
305 111 9 12 0.03213391 
103 566 10 15 0.03209275 
35 652 14 16 0.03078203 
83 102 17 22 0.0302128 
53 3 17 18 0.028641086 
867 505 12 16 0.028484447 
776 340 17 20 0.026977677 
108 601 14 19 0.026393285 
99 191 23 31 0.026133625 
61 10 12 13 0.025508482 
91 202 13 17 0.025278093 
77 78 22 27 0.0249833 
190 592 50 57 0.024280885 
84 528 24 29 0.023816185 
789 335 17 21 0.023631835 
124 97 13 17 0.023196427 
900 54 14 18 0.022987338 
857 504 24 36 0.02294578 
30 118 18 23 0.022881815 
79 7 11 13 0.022792751 
93 85 13 17 0.021663152 
135 87 12 15 0.021343097 
7 526 20 27 0.02125369 
369 107 15 20 0.020748321 
70 14 10 12 0.020695135 
661 327 55 76 0.020667464 
91 138 14 19 0.020444633 
800 330 17 21 0.020236198 
