57_Angler_peoplefishing_57_251
54
539 223 38 53 0.9952495 
418 299 41 53 0.9951127 
727 238 12 15 0.64888585 
458 301 25 35 0.30264586 
1007 201 17 34 0.16034955 
709 230 10 12 0.10393016 
773 721 28 32 0.09523715 
726 736 42 33 0.07478565 
712 244 12 15 0.066864714 
703 269 14 20 0.06115037 
854 190 17 20 0.05833211 
1000 188 27 39 0.0380089 
872 727 25 30 0.037374172 
708 263 11 15 0.03704436 
903 184 23 33 0.031747956 
211 320 48 60 0.030567732 
886 209 15 18 0.02881846 
154 566 9 12 0.028655821 
149 592 10 11 0.027172523 
642 555 14 20 0.026622107 
662 254 12 14 0.02623092 
67 325 26 30 0.02621419 
816 730 30 35 0.02612748 
50 338 52 64 0.026046019 
931 505 35 39 0.025710996 
146 605 11 14 0.025656065 
937 31 8 10 0.025224645 
252 322 56 61 0.025199583 
134 319 41 58 0.0250124 
227 316 31 36 0.024824975 
42 332 92 102 0.024173707 
721 237 12 16 0.024161799 
891 206 12 16 0.02406765 
281 613 28 30 0.02400642 
746 244 10 13 0.023477962 
237 316 49 59 0.022532292 
150 365 51 62 0.022375798 
777 235 15 17 0.022164036 
775 671 33 38 0.02174187 
797 241 14 19 0.021718604 
63 584 11 13 0.021618038 
322 474 61 62 0.021359304 
195 341 54 69 0.021119038 
94 645 11 13 0.021097548 
77 320 43 58 0.020947982 
725 716 39 37 0.02089992 
253 644 15 16 0.020891028 
628 740 17 23 0.020571928 
596 420 30 44 0.020547433 
657 541 97 129 0.020510457 
837 261 14 16 0.020322006 
53 306 43 62 0.020230023 
6 539 48 91 0.020020407 
120 606 13 16 0.020019794 
