57_Angler_peoplefishing_57_566
43
422 436 9 12 0.9209765 
471 383 12 14 0.7634312 
263 413 13 17 0.5703289 
328 416 10 13 0.500211 
251 407 13 16 0.30171382 
503 221 8 10 0.18459032 
459 423 10 12 0.1765219 
506 447 16 23 0.15355586 
287 454 9 12 0.12058128 
508 438 12 17 0.079756215 
500 421 13 16 0.077029474 
486 415 23 26 0.07339732 
239 453 9 14 0.05156733 
566 464 7 9 0.04794773 
327 424 11 14 0.047868896 
407 432 8 10 0.04442202 
460 437 11 16 0.043963972 
431 461 9 11 0.042745017 
484 413 17 19 0.037660617 
291 453 10 12 0.03702302 
413 462 9 13 0.035362903 
395 303 14 15 0.03460896 
527 486 8 11 0.030889018 
478 400 27 32 0.030492399 
605 410 14 20 0.029256357 
254 414 15 18 0.027008336 
451 533 14 17 0.026636826 
484 399 12 14 0.02662654 
419 431 17 22 0.026284806 
504 456 13 17 0.025114773 
433 424 9 12 0.024721345 
410 378 97 119 0.024258472 
480 418 15 18 0.023920784 
417 431 11 14 0.023869267 
314 455 8 10 0.022712985 
326 455 15 17 0.02257815 
508 429 10 13 0.0225318 
437 462 8 10 0.02206808 
542 172 13 17 0.021882482 
332 426 12 14 0.021796346 
423 456 10 12 0.021108791 
424 460 12 14 0.020854225 
506 420 11 15 0.020084566 
