57_Angler_peoplefishing_57_120
22
479 334 58 63 0.9949833 
374 979 45 61 0.53634256 
420 986 33 56 0.45983893 
233 1080 51 77 0.24870564 
159 157 242 301 0.09824066 
251 166 19 21 0.08324595 
115 561 122 105 0.06555513 
225 1037 84 110 0.05785843 
452 470 26 30 0.048130043 
67 136 223 252 0.046566993 
355 983 45 63 0.039076217 
219 997 254 212 0.037355453 
441 552 48 57 0.03669709 
649 1002 13 16 0.027670633 
247 1015 110 126 0.027250843 
464 822 31 33 0.025294643 
-8 535 451 454 0.024625244 
463 325 40 54 0.023904502 
17 16 347 441 0.023250425 
765 93 55 69 0.022129482 
453 475 15 17 0.0218985 
701 897 13 15 0.02146941 
