57_Angler_peoplefishing_57_924
33
495 323 25 30 0.8279634 
189 318 25 32 0.5525401 
729 168 34 39 0.43193537 
207 281 12 14 0.13213857 
299 428 19 23 0.12430306 
201 327 16 21 0.055867694 
186 409 33 32 0.04343148 
321 230 9 11 0.034811083 
411 69 13 17 0.032726225 
328 240 8 10 0.032580584 
330 247 9 10 0.030851439 
321 236 9 11 0.03069157 
231 277 13 16 0.030611472 
448 73 11 15 0.030468356 
345 240 8 10 0.029110067 
320 224 9 10 0.028602684 
311 248 8 9 0.028418621 
305 245 9 10 0.024381097 
514 329 17 22 0.024255268 
739 154 15 15 0.024050307 
334 223 8 10 0.023810677 
359 240 9 11 0.023521947 
342 246 10 12 0.023134317 
199 294 10 14 0.022463994 
305 239 8 12 0.022080723 
350 207 11 13 0.021757793 
334 247 10 12 0.02143711 
239 272 8 10 0.021198615 
387 97 22 27 0.021122204 
310 240 8 10 0.020733131 
396 204 14 18 0.020387774 
346 232 8 10 0.020205507 
619 388 61 80 0.020106215 
