57_Angler_peoplefishing_57_206
68
285 804 37 38 0.9639341 
618 677 15 18 0.7935734 
171 718 23 26 0.6523179 
985 615 10 13 0.5360162 
742 683 11 14 0.4886292 
797 667 15 18 0.43474314 
397 693 25 31 0.23796758 
0 498 14 22 0.20164621 
233 421 20 22 0.19140202 
366 929 235 312 0.18053895 
172 492 12 15 0.13747999 
920 706 23 25 0.13123916 
821 699 16 18 0.11643308 
119 386 34 41 0.06727497 
736 681 13 17 0.06726302 
801 661 13 17 0.062298357 
916 756 17 20 0.05725834 
796 673 23 26 0.05477499 
820 767 16 17 0.054367933 
894 743 10 12 0.053882964 
690 696 13 16 0.049804807 
468 695 13 15 0.049471196 
162 749 28 41 0.04934687 
739 676 19 24 0.048980664 
178 934 396 398 0.045142762 
982 615 19 24 0.044240285 
605 696 12 17 0.04133545 
800 737 28 42 0.040836733 
198 422 26 27 0.039085902 
461 693 14 17 0.03819788 
138 592 16 19 0.037443746 
796 726 25 37 0.036683116 
95 1154 227 262 0.03635439 
812 754 28 31 0.034359515 
800 658 10 12 0.03406509 
634 613 13 15 0.03405508 
319 488 8 10 0.033314344 
140 154 15 18 0.032487243 
57 1042 388 402 0.032129418 
200 655 9 10 0.030656304 
449 719 27 35 0.029846894 
909 694 38 46 0.029712843 
462 731 35 32 0.029707724 
617 724 10 12 0.029497763 
999 625 26 39 0.026987968 
677 635 14 16 0.026240516 
637 699 9 12 0.025714356 
316 696 30 34 0.024778184 
973 651 16 21 0.02345299 
795 723 17 25 0.023392456 
579 474 136 133 0.023119314 
452 722 16 21 0.02310888 
382 1017 163 176 0.023087813 
612 682 22 27 0.022648226 
625 677 12 15 0.022067692 
685 781 493 527 0.022062555 
627 610 22 26 0.02201934 
728 682 12 15 0.02194159 
601 677 10 12 0.021603243 
465 707 42 45 0.021430815 
215 648 7 10 0.0213233 
912 706 13 19 0.02130811 
940 694 12 14 0.021101994 
709 612 14 17 0.020749105 
225 626 10 16 0.02061571 
477 725 13 15 0.020270081 
605 627 15 18 0.020216102 
819 765 34 33 0.02013332 
