57_Angler_peoplefishing_57_402
42
335 122 64 63 0.9680539 
681 61 45 45 0.90231115 
760 121 234 378 0.3375728 
574 358 21 26 0.17682435 
575 356 14 17 0.12132443 
596 351 17 21 0.113834776 
383 76 39 62 0.107498035 
636 405 23 28 0.10253039 
675 380 25 38 0.0961284 
556 400 31 45 0.08093398 
426 370 240 227 0.075569615 
590 354 14 18 0.07531191 
562 331 14 16 0.06332526 
602 358 17 20 0.054780077 
655 107 83 120 0.05260331 
535 252 30 31 0.05255969 
677 174 61 73 0.039781854 
807 162 149 223 0.03846869 
674 199 29 40 0.038457233 
387 296 24 31 0.0380798 
586 362 17 22 0.036230724 
701 69 38 41 0.034858357 
459 237 16 19 0.033892293 
651 408 15 21 0.031418346 
578 350 13 16 0.030994844 
549 373 14 17 0.028251342 
664 58 27 39 0.02576245 
296 287 406 408 0.025733383 
683 209 14 18 0.02547882 
304 295 13 15 0.024155598 
595 367 15 19 0.023670763 
512 250 31 32 0.023011805 
603 368 16 18 0.022826863 
636 356 13 17 0.022407353 
526 287 34 37 0.021597011 
437 425 35 33 0.02144136 
517 295 45 52 0.021205042 
669 258 13 16 0.020837039 
609 355 15 18 0.020796347 
626 354 16 19 0.020591974 
970 479 46 67 0.02056847 
693 104 60 74 0.020260502 
