57_Angler_peoplefishing_57_661
80
102 427 14 19 0.9000158 
203 414 13 15 0.8460631 
364 410 11 13 0.52607983 
244 387 10 12 0.39871356 
402 409 9 11 0.33528927 
233 412 10 11 0.278357 
282 419 9 11 0.20802706 
447 414 9 12 0.1687545 
36 419 12 16 0.16473828 
0 389 10 15 0.1266027 
244 392 12 16 0.12215126 
496 405 9 11 0.10873927 
368 383 9 11 0.10232145 
446 409 9 11 0.069366954 
452 414 9 12 0.067979805 
324 404 10 12 0.06295348 
579 352 25 34 0.05701056 
208 417 13 16 0.053283703 
304 403 11 12 0.053113632 
322 383 9 12 0.048957504 
0 437 11 14 0.046752427 
82 456 9 12 0.04275616 
320 397 11 13 0.04185192 
7 421 11 15 0.038991917 
308 396 9 13 0.038768616 
344 397 11 13 0.036950737 
97 432 12 15 0.03655338 
73 420 9 13 0.03613576 
142 439 11 13 0.03373422 
143 298 27 33 0.03355223 
287 384 11 13 0.033217657 
14 456 9 13 0.032619074 
1 430 9 14 0.032352913 
6 428 10 13 0.028453916 
442 414 10 13 0.028371138 
391 448 9 11 0.027653757 
308 406 9 12 0.02623007 
232 445 13 15 0.02606187 
16 388 10 12 0.02603944 
72 415 9 13 0.02571808 
237 419 11 14 0.025582306 
215 395 11 16 0.025393134 
456 395 9 12 0.02539098 
350 391 8 11 0.02519639 
311 413 9 11 0.02490168 
92 227 14 17 0.024789693 
566 344 46 52 0.024411686 
13 419 14 19 0.024312695 
390 421 11 13 0.024264071 
381 436 11 13 0.023973966 
220 396 12 17 0.023719475 
415 384 9 12 0.023637826 
338 398 8 12 0.023621934 
51 404 15 19 0.023559913 
83 254 17 21 0.023528803 
55 384 8 10 0.02324574 
13 469 9 12 0.023245536 
8 456 11 13 0.02282071 
663 447 68 75 0.022692142 
391 412 10 13 0.022104207 
571 360 25 32 0.022026367 
85 399 16 21 0.021991933 
343 402 11 14 0.021932568 
365 161 98 140 0.021746248 
295 422 11 14 0.021531487 
415 394 11 13 0.02134372 
408 388 10 13 0.021336205 
227 301 165 204 0.021287981 
440 419 11 14 0.020987624 
273 412 10 12 0.020983541 
6 413 11 15 0.020940516 
360 403 18 23 0.020598069 
90 488 44 48 0.02054247 
408 438 10 12 0.020445943 
613 478 184 240 0.0203995 
350 406 9 11 0.020311031 
277 407 10 12 0.02027441 
501 401 8 10 0.02026106 
664 398 106 129 0.020111686 
244 401 12 14 0.020066107 
