57_Angler_peoplefishing_57_515
38
394 392 17 20 0.08579519 
297 312 15 22 0.07960692 
34 37 199 328 0.07279555 
630 113 11 14 0.058269456 
421 428 12 15 0.05796168 
390 401 15 19 0.051330555 
349 407 11 14 0.05110976 
433 423 8 11 0.050163787 
334 119 10 13 0.047054626 
481 343 10 13 0.04431115 
480 349 9 12 0.04317771 
438 416 10 12 0.04105399 
24 16 351 497 0.0371883 
466 397 15 18 0.031794183 
479 355 9 11 0.03143406 
487 389 11 15 0.029083472 
388 403 121 160 0.029083014 
567 264 446 503 0.027276952 
608 115 10 13 0.026595293 
448 355 10 10 0.026496569 
289 309 27 35 0.026402608 
369 429 10 12 0.026371846 
454 356 10 10 0.025471006 
379 286 15 19 0.02471743 
347 247 13 17 0.024666104 
396 408 13 15 0.024537899 
412 357 11 14 0.024152866 
414 384 14 21 0.023184605 
317 614 15 19 0.02280444 
485 346 11 13 0.021909729 
486 373 9 11 0.021790842 
407 351 11 14 0.021468382 
433 352 8 10 0.02117622 
349 418 13 14 0.020838762 
389 409 14 16 0.02041126 
754 451 15 20 0.020277658 
403 392 14 20 0.020188048 
433 415 10 13 0.020042952 
