57_Angler_peoplefishing_57_868
40
619 676 179 233 0.9993856 
579 221 218 349 0.50754523 
642 922 330 482 0.31343287 
644 319 115 194 0.17818522 
127 544 55 62 0.16620834 
403 205 180 274 0.13717175 
-8 178 106 178 0.09362698 
536 980 108 104 0.0846215 
532 1041 57 59 0.07512391 
345 182 165 269 0.06802422 
864 1364 65 63 0.065051466 
751 312 95 135 0.058043674 
391 1424 197 205 0.051614225 
6 216 58 115 0.051547345 
564 983 69 62 0.049630072 
986 364 37 74 0.042221192 
683 184 193 289 0.03800187 
862 1412 94 99 0.037525382 
464 231 198 273 0.037514463 
567 1137 30 39 0.035297297 
377 501 65 90 0.035113167 
144 562 56 60 0.031074274 
608 1161 58 62 0.029263712 
686 1098 48 42 0.028640155 
699 314 100 152 0.028564995 
127 467 45 64 0.028145919 
857 85 183 288 0.027503941 
757 80 188 305 0.027140196 
143 193 59 91 0.026560504 
353 115 286 459 0.026307272 
343 137 118 186 0.025630957 
581 1128 91 106 0.025341192 
146 525 57 69 0.025037063 
187 70 54 73 0.024257146 
693 358 61 102 0.024001457 
525 1035 93 101 0.022648307 
54 869 49 73 0.022280179 
258 183 97 123 0.020855831 
28 184 135 171 0.020736735 
457 490 349 453 0.020312872 
