57_Angler_peoplefishing_57_401
27
619 213 22 26 0.9696165 
103 279 28 34 0.15856037 
254 399 9 10 0.112197734 
459 368 17 24 0.08862304 
785 301 42 56 0.08376016 
491 361 390 435 0.06755848 
437 367 49 48 0.058244564 
643 218 14 19 0.04540598 
425 381 31 30 0.040949766 
244 411 10 13 0.035264388 
442 377 17 20 0.031236608 
254 393 10 12 0.03047682 
635 215 15 21 0.029392146 
784 330 49 60 0.028996687 
453 374 16 21 0.027866207 
618 288 483 503 0.027015058 
75 365 29 33 0.02553994 
417 359 50 48 0.025029786 
110 334 29 36 0.024313498 
457 372 28 33 0.0242054 
450 376 55 50 0.023678485 
878 222 10 12 0.022896651 
681 220 11 13 0.022852281 
869 211 10 12 0.022359649 
641 231 16 19 0.021862445 
103 285 14 19 0.021827647 
177 366 30 34 0.020662645 
