57_Angler_peoplefishing_57_15
18
437 159 16 23 0.42641526 
576 285 22 26 0.3857933 
674 165 21 30 0.26320186 
686 165 24 29 0.102059186 
697 159 20 31 0.09635743 
419 154 26 29 0.079782605 
434 183 15 18 0.061825875 
724 290 13 17 0.044859894 
485 167 9 11 0.043802686 
409 148 26 30 0.033158533 
3 475 13 17 0.029156243 
653 269 10 13 0.028306996 
585 292 17 21 0.027208101 
596 283 13 19 0.023077654 
68 238 450 486 0.022252506 
411 161 25 28 0.021605685 
715 228 16 23 0.021098712 
734 272 9 12 0.020503925 
