61_Street_Battle_streetfight_61_22
38
175 34 121 182 0.9996965 
871 451 94 107 0.39932337 
950 202 10 12 0.16180447 
846 207 14 17 0.124683715 
746 154 18 24 0.09112362 
436 364 120 100 0.087895125 
349 23 185 242 0.081673875 
920 411 87 138 0.05183713 
977 200 9 10 0.050906394 
783 211 14 17 0.04979287 
946 204 10 12 0.04439037 
792 385 110 120 0.04191306 
896 202 13 18 0.04157615 
676 428 139 119 0.0398257 
842 141 16 21 0.036722407 
899 206 16 19 0.0356377 
485 0 62 68 0.034050636 
784 217 16 19 0.033083715 
756 431 115 113 0.031440895 
1008 97 13 17 0.031172851 
804 437 111 116 0.02838056 
793 55 17 24 0.027155926 
862 203 12 16 0.026915228 
308 558 57 59 0.026212422 
778 201 23 31 0.024944765 
692 464 71 63 0.024623383 
797 147 20 27 0.024561115 
707 156 15 20 0.023676947 
968 198 10 10 0.023468269 
642 461 38 48 0.023363546 
359 276 204 179 0.023082027 
952 132 10 13 0.022688895 
998 177 9 11 0.022614319 
385 363 66 64 0.021927677 
443 339 79 78 0.021009201 
919 238 13 16 0.020843595 
227 20 155 216 0.020812001 
965 90 10 13 0.020305946 
