61_Street_Battle_streetfight_61_546
27
425 151 22 31 0.78645337 
526 151 22 31 0.7809884 
827 5 30 32 0.072064385 
75 127 17 20 0.06939141 
534 143 25 35 0.06493837 
434 144 18 28 0.05562436 
114 130 16 21 0.05050214 
531 139 19 22 0.04859713 
130 163 24 29 0.036841717 
995 480 20 33 0.03080697 
31 94 17 22 0.03067502 
104 121 22 30 0.02972473 
412 144 29 37 0.027949803 
429 198 15 20 0.027576048 
109 115 15 20 0.026985906 
100 127 16 24 0.02656501 
114 120 17 22 0.024873838 
581 114 12 17 0.024127133 
709 32 15 18 0.023207147 
90 118 23 32 0.022495061 
520 148 38 48 0.022138566 
520 160 15 22 0.021886665 
526 195 24 29 0.021756597 
512 219 25 30 0.021649884 
436 130 23 33 0.021627225 
644 257 32 40 0.020936698 
598 97 16 19 0.020205455 
