61_Street_Battle_streetfight_61_558
18
147 359 207 265 0.99982566 
702 535 35 44 0.98965704 
173 266 56 62 0.21926971 
248 148 25 29 0.14613347 
513 621 99 118 0.09593231 
617 807 21 21 0.049857367 
754 462 102 122 0.046508987 
531 457 185 272 0.043378163 
218 178 52 60 0.040179443 
696 682 192 269 0.036125176 
605 800 31 36 0.030198358 
64 504 426 473 0.02929584 
301 218 335 487 0.02786352 
744 562 46 53 0.025817458 
682 639 32 39 0.02375398 
172 254 40 47 0.021112693 
176 227 59 63 0.02040533 
110 107 371 470 0.020250235 
