61_Street_Battle_streetfight_61_913
92
231 314 29 35 0.9856737 
894 130 113 119 0.95207965 
109 306 42 52 0.5227805 
987 114 26 32 0.44707727 
142 462 10 12 0.31297895 
128 314 38 44 0.2696786 
143 202 15 19 0.25097948 
198 202 22 28 0.1718805 
316 164 15 20 0.11592367 
836 229 54 64 0.11376797 
131 99 30 37 0.08993858 
132 215 12 15 0.087726116 
271 464 8 10 0.0747037 
180 105 12 14 0.07346754 
191 126 11 17 0.07268276 
198 197 12 15 0.071398035 
119 39 26 30 0.06993093 
847 239 32 43 0.06692286 
824 217 88 103 0.06562711 
229 206 11 13 0.06548297 
146 209 16 19 0.065160856 
406 485 12 14 0.061487876 
205 148 12 15 0.060003433 
239 205 12 15 0.059188846 
177 207 15 17 0.056846336 
190 198 21 28 0.05666349 
800 159 41 52 0.047843117 
267 268 14 17 0.04356705 
171 129 12 16 0.042041775 
728 437 18 19 0.04188063 
240 306 25 32 0.04157001 
192 197 11 14 0.03864098 
707 172 17 20 0.038319003 
500 388 22 25 0.036881514 
453 350 14 19 0.036535386 
798 162 27 35 0.036171425 
301 449 11 14 0.036019403 
872 165 110 128 0.03559785 
513 389 13 17 0.034455262 
973 142 16 21 0.03349824 
996 120 25 40 0.033175234 
389 293 15 19 0.033052135 
109 238 14 18 0.032985352 
648 197 30 36 0.03272242 
875 228 56 66 0.031754628 
401 486 11 14 0.031568058 
999 121 17 22 0.03134064 
119 63 30 34 0.031314667 
123 107 28 36 0.030068139 
143 478 8 10 0.029235277 
133 209 21 26 0.028425831 
832 141 40 57 0.0278695 
168 106 12 15 0.027498398 
301 67 13 18 0.027491642 
634 66 158 218 0.027155913 
244 299 16 20 0.027057538 
416 538 12 15 0.026688628 
939 396 13 17 0.026318448 
497 377 23 26 0.026136437 
280 345 15 21 0.02601494 
238 198 11 14 0.025818028 
263 206 10 11 0.025467727 
160 191 11 13 0.02490095 
103 495 10 12 0.024615081 
186 121 20 28 0.024351979 
110 230 11 14 0.024197135 
167 219 13 16 0.023938105 
817 154 41 54 0.023817252 
135 94 49 58 0.02321332 
810 156 27 34 0.022539737 
266 464 9 10 0.022180904 
99 321 32 45 0.021994337 
173 91 12 14 0.021956813 
190 116 13 17 0.021544093 
388 489 10 11 0.021480815 
226 203 22 26 0.021466784 
362 154 20 26 0.021329882 
973 129 25 33 0.021136615 
916 483 36 38 0.021034773 
885 141 77 80 0.02095771 
218 317 31 38 0.020929873 
225 478 8 10 0.020905761 
676 135 14 18 0.020720713 
190 66 11 13 0.020620897 
249 121 10 15 0.020613778 
244 210 10 14 0.020570606 
230 477 9 10 0.02055994 
170 100 21 25 0.020490523 
964 588 27 31 0.020435844 
723 527 133 136 0.020430248 
381 441 12 15 0.02035493 
287 278 9 12 0.020128554 
