61_Street_Battle_streetfight_61_936
28
832 382 36 42 0.9919045 
129 265 34 44 0.98314255 
497 217 35 52 0.9519676 
671 326 32 37 0.8038687 
705 328 35 33 0.5713721 
970 260 37 45 0.36095235 
846 278 30 31 0.17431277 
956 313 65 92 0.15178876 
195 262 27 36 0.13212015 
484 265 24 29 0.058302894 
361 334 27 30 0.053040873 
380 529 27 33 0.04235695 
546 208 23 35 0.04057996 
148 272 31 36 0.03748387 
346 308 39 46 0.032093152 
675 312 51 55 0.030546604 
868 390 22 30 0.029699065 
52 257 14 17 0.026069872 
1006 206 16 20 0.024843091 
987 236 17 19 0.02414239 
355 344 20 22 0.024012428 
958 209 15 17 0.023609862 
995 265 29 37 0.023409994 
120 267 28 37 0.02301938 
867 215 99 116 0.022156809 
672 88 126 194 0.020733329 
964 273 55 78 0.020673003 
190 242 29 38 0.020007288 
