61_Street_Battle_streetfight_61_4
23
810 0 45 39 0.99901545 
388 47 53 81 0.9976591 
680 188 45 42 0.8795226 
791 2 28 25 0.6580725 
854 554 40 50 0.64035606 
638 631 125 105 0.1019981 
75 295 35 43 0.07935892 
868 570 41 44 0.072558686 
184 105 19 23 0.040299848 
947 444 78 135 0.04002589 
678 169 33 49 0.034062468 
664 644 75 61 0.03402066 
330 360 28 31 0.033852875 
0 8 95 124 0.033818584 
1 277 42 47 0.033104196 
184 333 389 441 0.029940963 
699 167 47 53 0.028944768 
0 143 10 21 0.025424354 
53 40 12 16 0.025130115 
399 306 24 27 0.0242574 
768 56 44 57 0.020957123 
645 0 16 14 0.020626146 
755 61 33 46 0.02030916 
