61_Street_Battle_streetfight_61_50
41
453 155 40 51 0.90423024 
509 145 39 58 0.29089835 
195 57 34 42 0.20117888 
864 165 107 142 0.19658163 
713 380 106 135 0.15169114 
100 62 34 37 0.15015273 
406 139 41 57 0.11769759 
893 146 73 97 0.097436264 
418 91 43 61 0.07024662 
823 161 57 91 0.068479605 
924 470 60 61 0.06144462 
219 214 28 34 0.059171923 
831 150 90 131 0.05761194 
84 84 24 33 0.043173946 
262 126 27 34 0.041309454 
194 20 34 39 0.04076244 
306 56 15 20 0.04017049 
405 105 44 66 0.040170252 
245 89 22 25 0.0399296 
533 130 41 55 0.038785446 
294 52 23 29 0.03793762 
95 77 48 55 0.0379296 
524 125 13 15 0.034617275 
852 173 184 237 0.03335295 
188 24 48 59 0.032681845 
958 415 53 63 0.031317342 
374 114 47 73 0.030323956 
436 101 26 37 0.029359251 
79 83 13 19 0.029199831 
445 297 32 36 0.026851382 
23 194 47 57 0.025873808 
273 46 26 33 0.024939004 
158 24 85 111 0.024772866 
397 70 21 28 0.024473518 
417 122 17 18 0.024015255 
941 405 53 58 0.023956984 
86 0 198 247 0.023475476 
172 93 14 17 0.022716742 
181 116 16 19 0.022047885 
90 88 35 35 0.021766039 
720 309 108 113 0.020077921 
