61_Street_Battle_streetfight_61_12
26
494 214 33 41 0.9988656 
157 243 29 37 0.99790925 
603 154 67 92 0.9968784 
262 278 24 30 0.9936987 
407 196 68 101 0.99225396 
224 259 32 41 0.9912725 
12 135 76 107 0.9902682 
92 226 36 50 0.98489964 
729 113 73 96 0.9715749 
18 614 39 77 0.3081484 
294 274 19 26 0.09632137 
49 241 36 52 0.04975239 
0 590 65 122 0.042107277 
461 249 30 42 0.041427854 
463 200 21 32 0.039294153 
247 235 22 30 0.033963785 
527 191 26 31 0.02909751 
525 266 29 36 0.027056724 
452 199 23 32 0.02603439 
82 221 30 41 0.024274403 
299 234 23 32 0.022695154 
290 441 14 17 0.022620147 
502 251 26 32 0.022217447 
54 196 34 40 0.021763308 
758 158 66 80 0.021076908 
530 268 17 22 0.020575948 
