61_Street_Battle_streetfight_61_432
159
645 320 26 34 0.99928445 
178 149 28 37 0.9972512 
637 518 33 43 0.99668866 
148 234 37 46 0.99610704 
101 152 29 39 0.9959858 
806 416 30 41 0.99530315 
846 324 23 29 0.9941292 
740 322 26 36 0.9906213 
621 271 23 29 0.98868775 
761 248 15 19 0.98782593 
966 374 28 33 0.9840322 
500 297 27 34 0.9834515 
586 218 17 23 0.9790573 
794 287 18 25 0.9767944 
899 283 16 20 0.9724504 
142 299 34 45 0.9646596 
845 273 18 22 0.96392584 
855 401 24 30 0.9554081 
652 201 14 20 0.9545456 
824 268 12 15 0.95121706 
632 216 17 22 0.949052 
708 396 35 45 0.9475753 
263 174 18 23 0.9357837 
524 209 18 24 0.8974571 
796 263 13 18 0.8945743 
887 324 22 26 0.8880708 
833 287 17 22 0.8853931 
548 237 24 32 0.87486637 
414 530 30 40 0.8087054 
499 506 34 38 0.761803 
212 209 29 43 0.7255819 
262 210 29 34 0.6282191 
187 109 12 15 0.5611457 
319 150 23 32 0.5475394 
934 271 9 12 0.5076055 
403 162 37 51 0.47757947 
507 185 17 23 0.4173195 
225 106 16 21 0.41589022 
615 244 12 16 0.3892306 
221 202 29 38 0.3839573 
715 349 20 28 0.37220418 
424 164 27 51 0.27165166 
952 372 25 32 0.2599752 
960 617 41 64 0.25070333 
921 384 22 32 0.2172184 
833 347 15 21 0.20472468 
875 297 15 22 0.19836897 
229 196 26 31 0.1776759 
367 169 32 41 0.17134744 
224 313 31 33 0.16336621 
205 194 25 37 0.15928628 
156 124 23 28 0.15503486 
442 180 26 40 0.15373924 
793 358 24 31 0.1530398 
205 191 17 25 0.14224175 
324 167 23 34 0.14020824 
121 121 17 19 0.12961338 
382 167 45 56 0.12163771 
458 178 15 19 0.12098823 
320 117 11 16 0.108622395 
837 372 16 21 0.108424194 
763 356 21 25 0.10473364 
451 176 24 34 0.099041216 
157 170 15 19 0.09721399 
320 149 14 20 0.09380103 
596 299 12 17 0.0927676 
468 170 11 15 0.08447191 
940 295 15 18 0.0801913 
941 374 22 30 0.07861688 
238 204 28 35 0.07385342 
946 333 19 22 0.0720174 
830 302 14 19 0.067425385 
281 193 15 19 0.06741582 
298 212 23 27 0.06731711 
981 380 23 31 0.06418578 
942 330 16 18 0.06327137 
217 300 31 36 0.062485274 
510 175 12 17 0.061684188 
248 220 13 16 0.061377577 
275 213 26 34 0.060703598 
929 393 14 19 0.05973533 
250 208 28 33 0.05943939 
630 241 14 17 0.05905365 
372 176 17 22 0.05792731 
213 188 24 32 0.052488204 
543 248 25 36 0.052012194 
789 388 23 30 0.05155086 
214 323 47 53 0.051386144 
930 276 11 16 0.04990924 
733 234 12 16 0.04910629 
218 226 18 25 0.048439164 
513 180 14 19 0.0471666 
452 196 15 22 0.046479687 
948 326 16 18 0.045054577 
837 317 23 31 0.044828095 
307 205 15 18 0.04453303 
801 267 13 16 0.044526983 
926 282 13 17 0.044419732 
911 389 25 34 0.044084143 
983 316 14 18 0.043855585 
281 248 16 19 0.04029675 
825 308 20 28 0.037962876 
907 278 12 16 0.037400104 
643 248 14 19 0.03671123 
131 123 13 17 0.034126278 
187 226 24 35 0.03406046 
277 187 15 19 0.033589628 
132 116 10 13 0.033443127 
980 342 15 19 0.03341431 
823 286 19 27 0.03216722 
466 177 13 19 0.03200087 
182 107 20 24 0.031729873 
463 166 13 15 0.031559926 
822 305 15 20 0.031197036 
954 331 13 17 0.031079967 
349 115 10 14 0.030980581 
813 289 15 20 0.030978363 
218 211 17 24 0.030928263 
625 307 11 15 0.030413484 
339 175 14 20 0.029222751 
832 359 22 29 0.027242685 
278 200 14 19 0.027230728 
283 218 15 21 0.027140148 
417 521 44 61 0.026861053 
617 246 17 21 0.026857737 
918 291 12 15 0.026045756 
965 275 12 16 0.025998713 
325 187 16 22 0.025740331 
197 210 24 36 0.025731353 
371 161 13 19 0.025022008 
913 308 23 28 0.024900466 
458 163 21 30 0.024647249 
437 637 12 16 0.024562003 
313 148 38 50 0.02433482 
166 195 16 21 0.024160665 
162 157 24 31 0.024088658 
411 661 15 16 0.023673914 
82 290 18 20 0.023666078 
736 267 12 17 0.023210218 
336 170 26 34 0.022852203 
149 168 25 32 0.022833044 
852 305 14 17 0.02274601 
270 294 41 51 0.022041809 
741 263 11 15 0.021998178 
495 182 25 33 0.021927714 
211 287 32 38 0.021919943 
468 184 13 20 0.02174782 
727 232 14 20 0.021721257 
615 255 25 31 0.021274406 
391 154 34 43 0.021027392 
219 174 18 21 0.02090767 
141 126 11 15 0.020736841 
317 111 18 26 0.020676835 
676 619 21 34 0.020676322 
924 379 16 23 0.020405427 
329 160 17 25 0.020359494 
285 218 27 33 0.020293513 
213 162 15 21 0.020054912 
377 645 10 12 0.020001382 
