61_Street_Battle_streetfight_61_123
28
196 119 116 156 0.9998394 
777 120 111 184 0.9705935 
815 262 130 168 0.0834608 
796 155 144 206 0.071991436 
30 449 27 29 0.05453088 
567 131 13 15 0.034985974 
570 126 13 17 0.02917066 
554 210 16 21 0.028982805 
564 91 12 16 0.028781967 
579 248 24 30 0.027741807 
557 100 11 14 0.025255516 
874 138 90 147 0.024698079 
555 47 15 19 0.024639145 
857 239 121 149 0.024280682 
542 258 14 19 0.023853399 
591 101 10 13 0.023522176 
558 93 12 15 0.023253197 
605 164 195 276 0.02165709 
646 112 13 17 0.021619039 
606 235 16 19 0.02160435 
563 216 15 18 0.021363875 
576 111 9 12 0.021188911 
560 161 12 15 0.021044841 
589 108 11 13 0.021001963 
582 109 9 12 0.020630347 
583 103 9 11 0.020515341 
597 94 12 14 0.020463722 
581 40 192 241 0.02005493 
