61_Street_Battle_streetfight_61_430
186
139 450 17 21 0.99574333 
570 471 24 34 0.9944852 
916 581 23 29 0.98236096 
795 458 15 18 0.9767934 
234 462 18 24 0.9727085 
863 486 19 22 0.9649169 
952 434 20 25 0.96232617 
839 459 19 22 0.9563258 
289 452 18 23 0.94937855 
453 451 19 22 0.9227884 
905 431 17 22 0.9167588 
198 461 17 20 0.9069459 
91 463 16 20 0.88852733 
622 463 22 27 0.88637036 
271 459 13 16 0.873966 
691 452 16 22 0.87151474 
914 429 22 27 0.8696161 
912 390 15 19 0.867528 
519 459 19 22 0.8453944 
164 457 17 22 0.84379625 
428 477 14 19 0.8197458 
965 534 40 74 0.7376424 
860 454 14 17 0.6994758 
372 461 22 34 0.695834 
36 453 18 22 0.66952777 
477 452 15 18 0.6478774 
66 444 15 18 0.5443728 
552 469 15 19 0.41697344 
596 445 14 19 0.39714792 
672 444 10 14 0.39681938 
309 463 16 19 0.36162218 
413 440 10 12 0.30805907 
975 451 17 19 0.2811702 
756 443 23 29 0.24499553 
119 465 11 13 0.24215174 
136 416 16 18 0.23475361 
214 433 16 20 0.21546358 
140 381 12 14 0.20342264 
918 437 26 30 0.18798475 
51 456 14 17 0.18203929 
895 488 18 21 0.16783546 
1003 391 17 22 0.16619748 
379 476 15 23 0.12181544 
267 570 14 17 0.114352874 
553 472 23 30 0.11181748 
847 456 19 23 0.10476322 
937 481 24 28 0.09712704 
423 460 11 15 0.095434226 
994 437 16 22 0.0954159 
590 515 42 55 0.08805372 
764 103 22 30 0.085630484 
319 430 11 15 0.08385807 
1013 450 11 18 0.08337556 
674 437 12 16 0.08169233 
358 459 26 31 0.07876312 
268 510 12 19 0.078519195 
549 425 15 16 0.07765678 
214 448 15 18 0.07687864 
496 544 9 12 0.07687684 
708 451 15 21 0.07522319 
590 478 20 26 0.07012715 
849 431 10 13 0.069031276 
69 459 14 18 0.065146156 
728 445 13 19 0.06468374 
746 34 16 20 0.061609652 
171 463 13 19 0.059118144 
429 454 12 14 0.058238965 
972 455 22 27 0.057205588 
462 430 10 11 0.056998596 
499 468 13 16 0.05257154 
750 28 12 15 0.05206942 
518 469 17 21 0.051613968 
750 440 17 22 0.05159539 
737 459 18 20 0.05109076 
728 448 21 26 0.050086435 
405 424 9 11 0.049962103 
98 500 11 14 0.048928667 
279 552 14 19 0.048902776 
855 480 21 26 0.0485699 
260 513 14 18 0.048114207 
411 533 14 18 0.047805876 
733 42 22 26 0.047087867 
63 439 14 16 0.0462766 
310 465 23 27 0.04574024 
957 418 14 17 0.045415644 
380 451 15 26 0.045309678 
255 516 13 18 0.04503188 
91 477 16 21 0.04299822 
666 445 11 13 0.042474948 
592 448 22 28 0.04076521 
389 444 11 15 0.04044044 
985 408 16 19 0.040419847 
20 468 13 18 0.03997182 
572 419 11 13 0.03978827 
416 468 11 14 0.0392092 
676 450 12 15 0.038915824 
434 421 8 10 0.038355254 
238 491 14 17 0.037576754 
679 430 11 15 0.03718077 
299 456 19 26 0.036107484 
727 482 52 57 0.036043167 
767 87 25 30 0.03598026 
745 449 25 30 0.03466036 
557 518 23 32 0.034470253 
715 445 13 17 0.03334821 
180 467 13 18 0.033213843 
758 109 16 22 0.032845344 
244 491 15 18 0.032761715 
388 499 13 16 0.032502707 
972 420 13 17 0.03165336 
709 456 23 28 0.031388633 
323 473 14 18 0.031304587 
552 414 12 15 0.0312754 
168 420 12 16 0.031247217 
972 397 13 16 0.031139228 
465 448 18 24 0.030486692 
511 421 12 13 0.03029626 
253 564 11 14 0.03009711 
613 455 24 29 0.030067563 
79 414 10 12 0.029939877 
657 477 14 18 0.02898188 
841 470 17 21 0.028707305 
1005 444 18 26 0.028471902 
941 430 22 28 0.028347373 
368 475 27 36 0.028194427 
674 557 13 15 0.027754031 
127 540 13 17 0.027635025 
842 479 16 22 0.027487952 
726 460 25 28 0.027411394 
189 491 13 15 0.027183257 
261 568 23 28 0.026881726 
236 455 16 19 0.026855065 
923 452 18 21 0.026680674 
460 434 13 15 0.026402226 
726 50 25 31 0.026168335 
110 467 11 15 0.026131412 
59 457 14 17 0.025573408 
425 449 20 25 0.025360797 
96 428 10 13 0.0252159 
63 426 13 15 0.025119169 
431 429 10 13 0.0245478 
395 511 16 19 0.024340838 
996 427 17 22 0.02433233 
738 440 23 27 0.024304496 
386 451 14 21 0.024275035 
0 415 9 12 0.024249827 
814 484 14 19 0.023950338 
402 428 10 12 0.023730492 
254 612 14 20 0.023592621 
1004 381 15 20 0.023566509 
93 489 15 18 0.02349748 
281 544 22 32 0.023419475 
984 412 24 28 0.023337997 
386 478 14 21 0.02329674 
173 444 12 14 0.023005754 
127 535 12 14 0.022975005 
496 473 13 18 0.022969455 
317 454 22 31 0.02287642 
187 596 11 12 0.022814712 
339 467 28 30 0.022779582 
199 279 9 12 0.022595802 
417 459 12 15 0.022490555 
455 438 13 15 0.02231525 
224 575 10 13 0.022162724 
627 455 17 20 0.022021206 
269 556 22 26 0.021942656 
45 447 13 16 0.02170715 
39 404 13 16 0.02166901 
777 96 18 22 0.02165464 
288 446 14 19 0.021422783 
475 461 17 20 0.021357274 
568 414 12 15 0.021231385 
26 465 14 19 0.021225326 
75 465 12 17 0.021114944 
413 452 14 16 0.02099657 
416 422 9 11 0.020980768 
55 427 11 14 0.020969 
261 475 14 19 0.020960608 
492 428 11 13 0.020937497 
959 521 33 59 0.020751983 
354 469 31 36 0.020744232 
96 438 10 12 0.020523464 
913 360 15 18 0.020504039 
219 457 15 20 0.020398766 
13 469 15 19 0.020106394 
783 556 13 18 0.020055313 
