61_Street_Battle_streetfight_61_640
20
694 112 129 175 0.9965321 
663 673 26 31 0.87018645 
625 244 107 119 0.094016925 
406 53 168 266 0.0898316 
679 678 17 22 0.07899275 
643 138 143 187 0.07280748 
612 115 80 125 0.046911594 
633 699 13 16 0.041672625 
696 267 32 34 0.041249033 
601 677 16 19 0.03739304 
283 557 110 142 0.032065034 
668 667 38 44 0.030453779 
540 121 47 63 0.029696262 
302 760 29 38 0.029573923 
457 133 101 126 0.027874164 
546 89 194 242 0.027721189 
614 382 122 138 0.021181703 
308 396 398 467 0.02058848 
685 670 23 31 0.020517034 
369 186 392 490 0.020488812 
