58_Hockey_icehockey_puck_58_692
34
444 68 61 73 0.99882907 
566 89 57 69 0.8509851 
592 108 57 61 0.18436767 
418 81 15 22 0.113362685 
250 51 41 62 0.09465461 
563 112 36 47 0.09094945 
138 46 38 48 0.084132314 
147 37 31 36 0.068815306 
413 72 26 39 0.063002594 
333 282 25 28 0.060503904 
389 89 14 19 0.055679083 
700 161 30 38 0.055247676 
321 101 30 33 0.054149702 
324 107 17 20 0.051118404 
394 70 40 56 0.050890323 
388 90 24 36 0.048869368 
707 171 33 36 0.043077312 
791 7 53 58 0.036112 
394 252 17 23 0.031126842 
155 47 18 21 0.030771924 
107 61 28 35 0.03003509 
693 150 29 35 0.029037835 
582 67 64 85 0.028873527 
380 81 43 57 0.02838589 
613 46 63 82 0.027630752 
105 152 46 63 0.026671859 
318 114 16 20 0.025917431 
318 112 45 52 0.025472017 
386 75 27 36 0.024529053 
401 49 46 64 0.02403527 
123 55 39 50 0.023384266 
645 42 53 76 0.02280239 
376 258 33 39 0.02228275 
615 123 39 41 0.021383043 
