58_Hockey_icehockey_puck_58_384
156
224 204 33 34 0.98699737 
607 227 27 30 0.98465884 
425 495 24 30 0.93240625 
529 440 35 39 0.83970016 
850 25 14 18 0.7732014 
552 300 25 32 0.75822973 
600 195 20 26 0.6873845 
281 456 28 34 0.6548615 
347 573 35 40 0.42184076 
629 72 23 25 0.23319419 
818 4 26 31 0.22135207 
474 207 15 18 0.20985124 
136 534 40 32 0.20845374 
-3 494 44 60 0.19008294 
671 67 19 28 0.18824506 
232 492 31 28 0.15917139 
768 58 28 32 0.15519662 
738 123 25 32 0.12905799 
537 254 26 31 0.12632084 
249 488 21 23 0.111900344 
550 258 18 21 0.10777545 
929 17 13 17 0.10280585 
274 628 62 50 0.09435967 
466 203 26 27 0.09062871 
600 178 26 34 0.075684406 
751 63 37 41 0.07185309 
331 343 57 58 0.06580446 
253 618 16 20 0.0630692 
537 295 29 35 0.06062184 
518 284 26 35 0.058550287 
459 243 13 15 0.058261227 
602 200 28 31 0.05769233 
425 359 26 32 0.057104692 
403 271 44 49 0.05549219 
834 75 45 67 0.053478755 
525 260 31 38 0.052932557 
503 334 33 37 0.052625988 
845 66 13 17 0.05015622 
70 429 58 59 0.048705906 
850 14 23 26 0.047116116 
214 494 26 29 0.047109377 
212 497 15 22 0.046934344 
351 476 22 34 0.046416786 
403 247 53 56 0.045992117 
435 247 30 31 0.04424306 
494 176 31 38 0.04364115 
463 288 37 47 0.043399885 
279 456 15 23 0.04312396 
557 259 27 30 0.042813156 
894 8 55 64 0.04274153 
395 290 37 36 0.04204943 
678 67 27 31 0.04183982 
582 164 49 58 0.04180483 
559 315 22 25 0.04071894 
254 638 39 38 0.04049423 
645 233 23 32 0.03944604 
611 180 18 23 0.038718678 
659 186 25 29 0.038235176 
634 77 28 30 0.03741464 
596 332 13 16 0.03732445 
735 79 50 60 0.036854774 
489 341 32 34 0.03666015 
731 115 25 32 0.036404748 
657 69 27 34 0.035892665 
156 533 49 47 0.0351551 
723 106 26 34 0.03512695 
526 160 16 22 0.03503822 
616 79 27 30 0.034974515 
2 505 18 21 0.0347879 
0 493 24 42 0.034525562 
419 279 43 50 0.034078836 
591 170 26 36 0.033592716 
839 25 14 20 0.033251844 
671 305 10 15 0.03279546 
419 290 18 22 0.03237408 
526 160 27 34 0.032338288 
573 261 28 32 0.032274537 
517 162 51 52 0.03148312 
256 482 19 23 0.031130044 
298 613 56 58 0.030945811 
274 439 31 43 0.030404303 
832 52 24 31 0.030341318 
828 54 15 21 0.030321734 
896 0 19 19 0.030170567 
511 418 14 19 0.029563827 
532 126 16 20 0.029538816 
521 325 44 42 0.029503826 
784 64 16 21 0.029036941 
807 17 30 36 0.029034551 
417 234 52 54 0.028749814 
307 457 15 19 0.028722597 
518 133 11 16 0.028698655 
449 248 18 19 0.028330939 
334 346 89 89 0.027391227 
644 122 18 20 0.027385505 
457 628 34 40 0.027328208 
511 250 33 41 0.027301665 
840 57 25 31 0.027103921 
465 243 13 16 0.026859907 
655 227 13 18 0.02684564 
350 477 13 20 0.026258921 
660 170 15 18 0.026115637 
867 17 15 19 0.025608405 
591 209 43 49 0.025466815 
694 152 45 63 0.025194272 
214 196 26 34 0.025043702 
659 168 25 32 0.025016425 
728 103 46 58 0.02461252 
480 288 38 46 0.024508616 
87 443 33 38 0.024464477 
877 17 12 17 0.024224022 
788 40 94 117 0.024144378 
321 599 59 72 0.023911461 
563 269 32 37 0.023795998 
621 72 16 22 0.023786217 
464 175 48 54 0.02373297 
833 11 22 29 0.023553902 
441 231 31 35 0.023503017 
126 537 29 35 0.022852115 
614 80 14 19 0.022800984 
634 114 30 33 0.022714607 
488 348 44 48 0.022654684 
273 466 30 38 0.022514023 
275 624 36 38 0.022442488 
458 246 51 62 0.022029944 
547 241 26 31 0.022028467 
507 339 46 46 0.021671824 
160 219 460 520 0.021600384 
754 89 37 40 0.021474278 
580 230 21 30 0.021446235 
726 50 82 95 0.021365128 
457 235 25 30 0.021353677 
824 29 49 56 0.021318639 
450 207 51 58 0.021165837 
539 317 34 37 0.021129511 
488 373 25 32 0.021123556 
856 4 12 14 0.021078965 
532 270 31 41 0.021067139 
571 269 17 21 0.021057008 
425 506 29 32 0.020865038 
450 249 28 30 0.02080899 
332 610 16 23 0.020784544 
267 606 99 94 0.020685595 
0 500 13 22 0.020640919 
398 583 29 43 0.020463116 
839 68 30 37 0.020332985 
661 199 18 21 0.020302087 
517 230 53 60 0.020274013 
515 154 26 35 0.020272447 
586 331 25 31 0.02026317 
706 107 31 43 0.02020761 
343 428 45 53 0.020069413 
255 487 26 33 0.020059047 
-20 479 69 99 0.020034814 
844 32 27 30 0.020021861 
869 44 12 15 0.020014789 
