58_Hockey_icehockey_puck_58_262
848
383 238 12 16 0.9784676 
324 236 11 15 0.97728556 
269 319 13 17 0.97129446 
350 248 10 13 0.9689765 
567 213 11 14 0.9477408 
207 237 10 14 0.94149107 
550 226 11 14 0.941442 
49 329 14 18 0.8716858 
470 188 11 15 0.85908145 
429 203 10 14 0.8397835 
206 332 15 21 0.706139 
467 254 13 16 0.6967561 
347 273 12 16 0.6877896 
324 330 11 15 0.6522282 
15 628 28 47 0.58454585 
423 47 13 17 0.5607046 
800 80 8 11 0.5387323 
538 245 13 16 0.5303365 
774 491 15 17 0.4978214 
320 413 10 13 0.43273813 
560 23 8 10 0.39179873 
295 324 14 18 0.36264163 
529 31 8 9 0.3597711 
831 76 10 12 0.35508406 
365 37 11 14 0.33920124 
723 45 8 10 0.33835703 
100 627 40 34 0.33664343 
836 7 8 10 0.33212698 
865 89 10 12 0.3176147 
24 46 11 15 0.3149555 
445 70 13 17 0.31312 
775 84 9 12 0.29337642 
101 310 10 12 0.28323263 
479 7 9 10 0.26792496 
535 7 8 9 0.2509836 
777 23 9 11 0.2459972 
270 365 9 12 0.2432113 
789 47 9 12 0.2398586 
339 2 11 14 0.2370609 
505 238 8 11 0.23015718 
754 20 9 11 0.22942662 
494 48 10 12 0.22257137 
558 45 7 10 0.2149375 
847 88 8 10 0.21233551 
46 47 9 12 0.21169767 
423 230 11 13 0.21151058 
2 29 8 11 0.19150034 
882 73 8 10 0.16989045 
565 22 8 10 0.16935526 
512 32 7 10 0.16544262 
485 8 9 10 0.16417584 
750 72 8 10 0.15264185 
756 16 9 11 0.14865752 
837 73 8 10 0.14812909 
579 32 7 9 0.14577797 
308 293 12 15 0.1452928 
230 25 8 10 0.14420767 
429 7 12 13 0.14292206 
324 0 11 12 0.14229026 
770 7 8 10 0.13951564 
591 22 8 10 0.13658455 
567 8 7 9 0.13658078 
452 197 14 16 0.13213968 
839 25 9 12 0.1300558 
436 238 11 14 0.12927972 
752 56 7 8 0.12845562 
421 235 10 12 0.12700267 
625 39 9 10 0.1239349 
323 316 13 15 0.12328396 
658 6 8 10 0.122252986 
567 14 9 11 0.11805042 
776 28 9 12 0.11669656 
352 311 8 10 0.11589464 
600 31 8 10 0.115516454 
737 15 7 9 0.11441934 
632 72 7 9 0.11232894 
440 308 10 12 0.111023776 
286 223 9 12 0.11028113 
438 92 9 12 0.10688553 
182 16 8 9 0.10535056 
461 220 8 11 0.10428355 
382 277 9 11 0.10333278 
473 5 9 13 0.103051096 
946 0 9 9 0.1028832 
180 48 9 11 0.10275053 
324 416 12 17 0.10233624 
502 22 8 10 0.10050848 
446 20 10 13 0.100032054 
766 37 8 10 0.0986154 
56 63 9 12 0.09744488 
374 315 11 12 0.09702761 
261 14 8 11 0.09679182 
508 240 9 11 0.09661442 
533 45 10 13 0.0964309 
553 15 7 9 0.09572216 
503 47 9 11 0.09566702 
336 286 9 11 0.09553801 
662 64 8 10 0.092646874 
333 357 12 15 0.09198314 
424 172 8 11 0.09167883 
369 343 9 12 0.09129628 
218 7 9 12 0.09045434 
433 238 9 12 0.08923821 
328 353 12 17 0.088564344 
768 33 7 10 0.088417366 
426 199 10 14 0.088380165 
695 52 8 10 0.08693066 
368 255 10 11 0.08613747 
782 14 9 9 0.08601922 
610 14 7 10 0.08575691 
37 64 8 10 0.08572919 
765 48 9 11 0.083920114 
926 30 10 12 0.083817974 
663 31 8 10 0.08290308 
303 346 10 12 0.081898004 
54 0 8 9 0.080941804 
33 17 7 10 0.07987911 
720 8 7 9 0.07917211 
375 269 9 12 0.07902724 
725 40 8 11 0.078477286 
673 5 7 9 0.07841083 
621 93 9 12 0.07836923 
104 72 9 12 0.077012554 
703 64 7 9 0.07644373 
417 262 8 11 0.076258175 
484 37 9 11 0.07602748 
215 32 9 11 0.075978085 
417 237 10 13 0.0758502 
487 13 9 11 0.075745285 
206 23 8 10 0.075527504 
678 31 8 9 0.0754295 
366 268 10 12 0.07514379 
793 29 8 11 0.07502895 
672 54 7 10 0.0747364 
980 0 10 12 0.07456427 
608 46 7 9 0.07447169 
616 80 7 9 0.07389562 
752 6 10 10 0.07314963 
336 341 9 13 0.072843224 
54 54 8 9 0.07210309 
447 14 11 15 0.07179857 
240 362 13 16 0.071705714 
769 13 8 11 0.07160451 
857 32 8 9 0.071327545 
15 40 8 10 0.07050633 
884 76 9 11 0.06981371 
903 88 8 10 0.06978807 
830 85 9 10 0.06914435 
158 56 9 11 0.06910989 
328 395 9 12 0.06890247 
496 23 8 10 0.0689022 
631 33 8 9 0.06866495 
77 54 10 12 0.06734395 
733 57 8 10 0.067137316 
48 7 8 10 0.06695566 
447 46 10 11 0.066871025 
318 271 9 12 0.06679829 
734 62 7 10 0.06668602 
120 70 10 11 0.06668347 
510 47 7 10 0.06657116 
786 69 8 9 0.06627186 
66 621 60 51 0.06613887 
570 217 12 14 0.06613024 
552 9 7 9 0.06611882 
289 366 10 12 0.065782756 
368 261 11 14 0.06563638 
785 64 8 10 0.06548949 
320 357 9 13 0.065398484 
729 1 7 7 0.06518366 
911 32 8 11 0.064835824 
727 8 8 9 0.064791575 
553 39 9 11 0.06468891 
248 0 12 12 0.06467601 
541 240 10 13 0.06457876 
45 41 9 11 0.06399519 
763 47 7 10 0.06348171 
607 70 7 9 0.063468724 
428 1 12 11 0.06285786 
105 76 11 14 0.06272795 
26 102 17 20 0.062178347 
477 1 9 9 0.061452083 
49 22 8 10 0.06144348 
659 32 7 9 0.06139334 
779 495 15 17 0.061226554 
386 339 10 13 0.061127238 
307 13 10 12 0.061123084 
366 277 8 11 0.061108638 
2 68 12 15 0.061017837 
743 31 8 10 0.060733017 
729 54 8 10 0.060657285 
770 84 8 11 0.06050648 
461 192 14 17 0.06013706 
399 270 10 12 0.060082216 
279 346 13 17 0.059999514 
353 408 10 13 0.05999623 
277 391 12 15 0.059903126 
565 242 10 12 0.059812613 
89 64 8 11 0.059787 
41 47 9 12 0.059613112 
294 371 13 16 0.059440855 
210 324 19 22 0.0591182 
526 278 7 10 0.058970053 
640 30 8 10 0.05892801 
321 311 10 13 0.058417127 
310 243 10 13 0.058365114 
1000 0 9 9 0.05826157 
869 0 9 8 0.05817114 
327 268 12 15 0.057743467 
709 39 8 10 0.057397388 
800 56 7 9 0.057315357 
159 61 9 11 0.057213668 
6 635 24 42 0.05702076 
424 662 9 11 0.05670399 
206 374 8 11 0.0561448 
581 7 8 9 0.056032963 
502 233 7 10 0.055783495 
462 293 8 11 0.055782538 
607 65 8 10 0.05558336 
614 6 7 10 0.055406254 
863 24 8 11 0.055277374 
456 219 9 12 0.055274114 
680 56 9 10 0.055267405 
530 36 8 10 0.055217963 
554 222 12 15 0.055155646 
34 63 8 10 0.055060275 
790 70 7 9 0.05504238 
848 104 10 12 0.055011608 
512 13 8 11 0.054989226 
696 70 8 10 0.05494145 
582 229 11 13 0.054024152 
32 31 7 10 0.053302232 
196 260 11 15 0.053119965 
559 28 8 9 0.053110756 
648 55 8 10 0.052657783 
705 8 8 9 0.05254541 
624 33 8 9 0.052535817 
1 44 9 13 0.052409004 
898 39 8 10 0.052100156 
616 71 8 9 0.051827382 
253 3 11 14 0.0517652 
760 108 9 11 0.051617492 
585 289 7 9 0.051392257 
582 37 7 9 0.05137356 
446 203 13 15 0.051210403 
607 31 7 9 0.051095057 
766 96 8 9 0.050940853 
528 26 8 11 0.050795544 
560 8 8 9 0.05061124 
623 73 7 9 0.0505098 
622 79 7 8 0.0503426 
865 0 9 8 0.04990626 
633 55 7 10 0.04990029 
710 8 8 10 0.049835525 
31 52 9 11 0.04975902 
230 381 9 12 0.049746886 
327 275 10 13 0.04941874 
729 72 8 9 0.049416665 
687 55 8 9 0.04933936 
265 54 7 9 0.049332913 
472 2 9 9 0.0493195 
647 85 8 10 0.04915638 
372 347 9 12 0.048740312 
6 39 9 11 0.048564084 
805 86 9 10 0.048503518 
229 309 9 12 0.048477218 
622 22 8 10 0.048405122 
341 374 8 10 0.04767079 
18 45 10 13 0.047522433 
645 23 9 11 0.047496878 
639 9 8 9 0.04723898 
296 272 9 11 0.047222555 
444 7 10 12 0.047130894 
530 7 8 10 0.047086157 
761 39 8 9 0.047047295 
422 224 11 13 0.047046084 
177 350 8 11 0.04691584 
609 41 7 8 0.04676178 
416 29 9 12 0.046709284 
591 64 7 10 0.046681795 
278 40 10 12 0.04666262 
470 24 8 10 0.046379074 
992 20 10 11 0.046285417 
633 88 7 8 0.046264037 
392 262 10 12 0.04603493 
774 7 9 11 0.045978006 
424 168 9 11 0.04590239 
713 79 7 9 0.04583292 
672 47 7 10 0.045818094 
719 87 7 9 0.04572708 
416 243 11 14 0.045645878 
378 276 9 11 0.045462143 
533 40 9 11 0.04536492 
727 102 8 10 0.045241844 
665 48 7 9 0.045101605 
674 39 7 10 0.045031488 
849 1 8 8 0.044995487 
655 47 7 9 0.044967465 
749 94 9 11 0.044833206 
578 37 8 10 0.04462792 
39 52 9 11 0.04460739 
790 94 9 11 0.044603188 
560 64 9 10 0.04455485 
617 23 8 9 0.04440612 
551 63 9 11 0.044283394 
782 7 9 10 0.044262774 
109 84 14 18 0.04414631 
263 41 9 10 0.04395864 
276 364 10 12 0.043679547 
610 1 8 9 0.043651957 
272 44 10 13 0.043372486 
579 252 10 12 0.043209713 
633 78 8 10 0.043202084 
373 253 9 12 0.04292827 
827 78 7 10 0.04288848 
403 276 11 13 0.04279087 
32 334 8 9 0.042734917 
689 15 9 11 0.04270629 
737 22 7 10 0.042671554 
208 28 8 11 0.04254404 
455 259 11 13 0.042540118 
664 24 8 10 0.04253829 
656 40 7 9 0.04248511 
854 103 8 10 0.042431545 
239 397 12 14 0.042413406 
690 39 7 9 0.042379305 
776 35 8 11 0.042330563 
156 4 13 16 0.042232975 
891 18 11 13 0.042069074 
577 47 7 9 0.04194811 
873 110 8 10 0.041931402 
178 14 9 10 0.041931055 
416 253 9 12 0.041926857 
340 293 12 14 0.041914053 
663 15 8 10 0.04162014 
563 213 9 12 0.041608788 
594 30 7 10 0.04153919 
493 84 11 14 0.04146898 
1 74 11 16 0.04146813 
800 25 8 10 0.04144293 
80 626 27 34 0.041433193 
689 306 13 16 0.04133338 
615 31 8 9 0.04124491 
448 190 9 12 0.041217044 
448 255 8 12 0.041159596 
177 7 9 12 0.041115124 
704 23 8 10 0.041029975 
631 15 8 10 0.040926535 
104 84 11 15 0.04089946 
830 94 9 10 0.04083447 
453 191 12 14 0.040799115 
299 320 12 14 0.0407201 
502 1 9 9 0.040637426 
440 212 11 13 0.04049736 
31 38 7 10 0.04045732 
736 1 7 7 0.040402025 
334 40 8 11 0.0402966 
497 29 7 10 0.040288948 
641 80 7 10 0.0402423 
78 60 10 12 0.04022999 
263 349 10 14 0.040202737 
62 333 9 13 0.040044785 
897 88 8 10 0.039914146 
808 93 9 11 0.03988723 
489 20 8 11 0.039825097 
519 47 8 10 0.039740704 
784 39 7 9 0.039701622 
437 6 12 14 0.039603133 
616 85 8 10 0.039535318 
377 242 11 14 0.039527435 
320 240 13 16 0.039521888 
534 11 10 11 0.03932822 
536 2 8 9 0.039326664 
890 116 9 12 0.039215468 
457 244 9 11 0.039186865 
783 1 8 8 0.038979124 
336 383 9 10 0.038955 
1000 4 10 11 0.038867176 
719 63 7 10 0.038851734 
638 96 8 9 0.038771737 
887 1 11 9 0.038676042 
729 14 7 9 0.038497403 
689 48 8 10 0.038479555 
339 357 10 14 0.03832199 
785 53 8 10 0.038305596 
31 68 8 11 0.038225472 
296 337 11 15 0.03819907 
263 20 9 12 0.038173713 
753 62 8 9 0.03810531 
48 13 8 11 0.03807792 
775 70 7 9 0.03798907 
384 363 10 13 0.037935752 
479 21 8 11 0.037875734 
456 238 9 13 0.037858743 
263 357 11 14 0.03783236 
575 227 11 15 0.03771971 
798 74 18 23 0.0376884 
437 232 10 12 0.037631113 
517 7 9 10 0.037588663 
610 79 7 10 0.037357915 
730 62 7 10 0.037231952 
432 242 12 14 0.037188943 
777 54 6 8 0.0371449 
469 28 9 12 0.03712388 
303 298 11 15 0.03700531 
153 47 8 10 0.036918607 
637 102 9 10 0.03679173 
311 324 9 13 0.03664035 
439 187 10 13 0.03661882 
253 47 9 11 0.036577724 
856 38 7 9 0.036443308 
287 38 7 10 0.03620819 
639 13 8 10 0.036203586 
53 22 8 11 0.036190122 
594 39 7 9 0.036143865 
800 92 9 11 0.036103897 
504 30 8 10 0.036064547 
565 56 8 10 0.03593106 
289 370 12 15 0.03592468 
625 45 7 10 0.035867997 
198 254 10 14 0.035858672 
603 71 8 10 0.035819814 
943 4 10 11 0.035742983 
721 24 8 9 0.035729982 
696 32 8 9 0.035702545 
904 39 7 10 0.03558908 
466 312 9 10 0.035578005 
429 68 13 17 0.03552212 
184 1 11 11 0.03549588 
744 1 8 8 0.035484694 
54 5 9 11 0.03540069 
2 38 9 13 0.035391062 
153 54 10 12 0.035384037 
145 46 8 10 0.035125922 
541 6 9 11 0.035087086 
365 287 11 12 0.03504749 
622 89 8 9 0.034938134 
432 87 12 14 0.034907207 
798 29 8 10 0.03478306 
109 324 15 20 0.03473373 
758 63 7 8 0.034601554 
703 46 10 11 0.03459813 
614 55 8 10 0.034555454 
221 11 9 11 0.034544367 
765 102 9 11 0.03451523 
47 102 13 17 0.03451477 
760 31 8 10 0.034476664 
294 4 10 12 0.03443753 
229 314 10 15 0.034417845 
655 87 8 9 0.034398425 
471 312 8 10 0.034177195 
904 102 9 10 0.034176763 
16 303 8 10 0.034143973 
264 46 9 11 0.03411673 
72 83 10 12 0.034093823 
893 112 11 13 0.03391998 
568 2 7 7 0.03386361 
341 284 12 13 0.033789974 
649 41 7 9 0.033751894 
306 340 13 16 0.033741202 
760 86 8 11 0.03372339 
809 0 8 8 0.03366292 
857 119 8 11 0.03360056 
336 371 11 13 0.033590063 
555 22 8 10 0.0335736 
662 69 9 10 0.033460055 
302 239 11 14 0.03344508 
553 31 7 9 0.03323222 
436 205 11 13 0.033191714 
586 23 7 9 0.033152156 
769 64 7 9 0.032990325 
703 31 9 10 0.032848768 
303 7 12 13 0.03280675 
447 27 10 13 0.03278575 
285 79 9 11 0.032730155 
712 55 8 9 0.032677535 
1006 5 9 11 0.032633096 
879 47 7 9 0.03258871 
815 0 8 8 0.03258579 
673 31 8 10 0.032554474 
712 71 7 9 0.032471556 
784 96 8 10 0.032441825 
639 39 8 10 0.032435298 
905 69 10 13 0.032403875 
462 288 7 10 0.032377448 
599 23 8 10 0.03237404 
327 284 11 13 0.032320026 
614 63 8 10 0.032312457 
795 79 8 10 0.032182947 
837 11 9 12 0.03204624 
153 39 8 11 0.031947426 
735 9 8 9 0.03190862 
311 48 9 11 0.031896546 
729 78 8 9 0.03177641 
680 61 8 10 0.03170122 
390 253 10 11 0.03169728 
927 6 10 13 0.031595137 
975 4 9 11 0.031570274 
910 87 8 10 0.031535845 
794 130 16 17 0.031441722 
790 124 14 15 0.03139114 
750 101 8 10 0.031340625 
278 356 10 13 0.03130924 
332 261 12 15 0.03128721 
358 277 8 11 0.031285487 
429 60 11 13 0.031238297 
599 16 7 9 0.031136995 
126 61 8 11 0.031045929 
632 46 7 9 0.030981636 
559 16 8 10 0.030937081 
226 23 9 11 0.030920997 
253 64 9 10 0.030912843 
415 268 8 11 0.030844493 
741 15 8 10 0.03076774 
695 8 8 9 0.03075933 
575 14 9 11 0.03072028 
381 272 9 11 0.030706342 
648 47 8 9 0.030642059 
733 71 8 10 0.030631807 
623 16 8 10 0.030569201 
439 48 9 11 0.03055335 
601 65 8 10 0.030551575 
422 263 10 12 0.030476514 
970 5 9 11 0.030459452 
63 7 10 11 0.03041117 
190 1 13 14 0.030405115 
761 95 8 9 0.030369164 
842 94 8 10 0.030297931 
654 54 7 9 0.030291032 
242 438 9 12 0.030243494 
935 5 10 11 0.030200405 
872 103 8 11 0.030145168 
774 14 8 11 0.030139843 
726 30 8 10 0.030135397 
608 23 7 9 0.03013141 
291 365 14 16 0.03012298 
77 79 12 15 0.030119795 
70 336 9 11 0.030101184 
591 286 8 10 0.030031951 
610 7 8 10 0.029988531 
423 41 12 14 0.029959967 
465 23 8 10 0.02983194 
457 286 9 10 0.02978772 
103 56 9 10 0.029712308 
671 23 8 10 0.029687462 
694 38 8 10 0.029375076 
250 54 9 10 0.029368406 
298 403 14 15 0.029266907 
758 2 8 9 0.029252404 
2 629 8 13 0.029248882 
117 622 13 14 0.029230231 
703 87 7 9 0.029179158 
742 23 8 10 0.02916121 
461 279 8 10 0.02913526 
53 15 9 10 0.029020416 
543 1 8 8 0.028994882 
582 0 8 9 0.028958565 
790 40 8 10 0.02895215 
464 4 10 13 0.028923072 
92 69 10 11 0.028791495 
752 39 7 10 0.028700124 
293 359 11 13 0.02867861 
786 101 9 12 0.028668858 
721 13 7 9 0.028621683 
463 248 11 13 0.0286164 
968 94 8 9 0.02860969 
448 39 9 11 0.028522514 
199 39 9 12 0.028443703 
825 71 8 11 0.02840209 
344 389 9 11 0.028327184 
865 63 8 10 0.028325226 
256 18 11 14 0.028300827 
705 13 7 10 0.028291255 
246 37 8 11 0.028257273 
858 23 8 11 0.02825201 
420 28 10 13 0.028238103 
424 10 12 15 0.028234893 
782 80 8 10 0.028225005 
815 78 9 11 0.028100383 
499 237 9 12 0.028088616 
746 55 7 9 0.028042888 
342 382 9 11 0.028027883 
184 19 9 11 0.027960276 
712 63 7 9 0.027932957 
319 363 9 13 0.027910741 
552 264 9 11 0.027886856 
280 21 9 12 0.02786194 
906 77 8 10 0.027838243 
436 197 11 14 0.027800582 
271 2 14 14 0.027735395 
441 19 11 14 0.0277252 
593 16 8 10 0.027698772 
49 70 9 11 0.027678497 
863 99 9 12 0.02767796 
124 55 10 12 0.02766414 
727 24 7 10 0.02763086 
703 69 7 9 0.027564358 
717 80 8 9 0.027562728 
339 364 10 12 0.027552836 
357 390 12 15 0.027508244 
1005 1 9 9 0.02749802 
560 245 10 12 0.02749568 
663 2 8 9 0.027453454 
120 628 31 33 0.027419163 
536 288 6 7 0.027396226 
332 333 11 14 0.027370205 
948 3 9 12 0.027316555 
490 52 9 12 0.02728975 
97 313 11 15 0.027273072 
611 84 7 10 0.02726402 
614 14 8 10 0.027245412 
853 0 9 8 0.027187064 
456 229 9 13 0.027152285 
141 62 10 12 0.027119515 
245 11 12 15 0.027101088 
327 253 10 13 0.027089266 
656 24 8 10 0.027074948 
574 301 8 10 0.027042279 
808 101 10 12 0.027034037 
504 17 9 11 0.026996903 
745 37 7 10 0.026992036 
21 325 10 13 0.026954867 
592 0 8 8 0.026952306 
770 20 8 11 0.026921745 
494 16 8 10 0.02690328 
287 217 9 11 0.026901929 
25 332 9 11 0.026733756 
422 23 10 12 0.026731243 
118 616 10 12 0.02665541 
647 15 7 9 0.02660775 
229 2 14 14 0.026588392 
639 46 7 9 0.02655169 
533 24 10 11 0.026534677 
110 61 8 10 0.026506213 
260 8 10 11 0.026500957 
277 384 10 13 0.026365045 
518 13 9 12 0.026356967 
405 271 9 12 0.02631145 
6 53 10 11 0.026285538 
559 338 10 13 0.026265616 
270 22 9 12 0.026208375 
371 620 11 12 0.026198696 
553 334 10 12 0.026188955 
425 267 9 12 0.026162365 
23 63 8 10 0.026124531 
536 261 8 10 0.026045438 
519 31 8 10 0.026015634 
689 21 8 10 0.025969246 
559 253 10 11 0.025931414 
528 12 9 11 0.025914315 
593 47 7 10 0.02590387 
221 315 13 17 0.025864433 
214 375 9 11 0.025834968 
106 309 14 18 0.02570029 
343 299 9 12 0.025644917 
444 310 9 12 0.025635442 
693 15 9 10 0.025610715 
599 1 8 8 0.025604159 
678 25 9 10 0.025594695 
720 1 8 8 0.025562404 
542 279 9 10 0.02547336 
17 78 10 13 0.025419379 
334 389 9 11 0.02539743 
370 310 10 13 0.025330765 
359 270 10 12 0.02532632 
243 639 13 14 0.025325814 
475 193 11 14 0.025306905 
677 38 9 11 0.025290957 
808 28 9 11 0.025279364 
418 173 9 12 0.025276743 
115 629 17 18 0.025267027 
297 348 10 12 0.025218366 
568 295 9 11 0.025199812 
242 31 9 11 0.02515719 
359 300 9 12 0.02512867 
703 0 7 8 0.025123367 
63 339 11 13 0.0251181 
656 81 7 9 0.025058001 
289 33 8 10 0.025004629 
679 46 8 10 0.024980748 
833 23 10 12 0.024947084 
39 333 10 12 0.024946319 
398 302 8 11 0.02493496 
624 616 9 11 0.024916627 
287 358 10 13 0.024879819 
330 237 10 14 0.024787415 
321 1 11 15 0.024781065 
253 357 10 14 0.024760162 
657 70 8 9 0.024728598 
600 6 8 9 0.024707627 
583 55 8 8 0.024662584 
429 171 9 12 0.024661293 
600 48 7 10 0.02459773 
809 15 8 10 0.024587436 
16 63 9 11 0.024574528 
845 23 8 11 0.024371404 
775 64 7 10 0.024360238 
229 375 10 13 0.024347447 
813 94 8 10 0.024340307 
872 24 8 11 0.02425802 
878 103 8 10 0.02424676 
351 84 10 12 0.024243442 
641 85 7 10 0.024190497 
41 39 8 10 0.024145398 
367 55 11 13 0.024134802 
623 7 7 8 0.024097515 
528 1 9 9 0.023949062 
445 217 12 15 0.02392624 
945 124 9 12 0.02386336 
665 96 9 10 0.023853574 
561 54 8 10 0.023831755 
219 357 13 17 0.023819467 
1006 34 11 15 0.023817671 
599 53 7 9 0.023748778 
511 36 8 10 0.023666894 
765 124 13 14 0.023591649 
486 32 9 12 0.02348392 
567 39 7 10 0.023454553 
646 81 8 10 0.02344211 
110 315 13 17 0.023386212 
422 107 11 13 0.023373976 
74 61 10 12 0.023356045 
709 46 9 10 0.02334624 
282 340 12 16 0.023318449 
807 23 9 11 0.023314824 
880 40 7 8 0.023308728 
671 78 7 10 0.023287738 
87 37 10 11 0.023236092 
38 349 10 12 0.023220968 
292 362 22 25 0.02317818 
950 119 8 12 0.023153465 
599 37 7 9 0.023140041 
73 49 10 12 0.023119379 
727 87 8 9 0.023108406 
439 27 11 15 0.023081236 
87 606 62 53 0.022957409 
575 23 7 10 0.022938903 
775 49 7 9 0.02290103 
443 93 10 13 0.022843303 
291 222 10 13 0.022824077 
70 640 27 37 0.022762252 
497 1 9 9 0.022723017 
768 119 10 13 0.022708453 
879 86 8 11 0.022706259 
47 358 8 10 0.022685884 
648 70 7 10 0.022675682 
36 341 12 14 0.022671137 
519 39 7 9 0.022666331 
647 62 8 10 0.022650566 
351 390 11 14 0.022635087 
53 48 9 11 0.0225098 
511 1 8 8 0.022496656 
583 293 8 10 0.022437142 
881 93 8 10 0.022432249 
887 94 8 10 0.022430062 
444 199 21 24 0.022416517 
245 32 9 11 0.022410028 
317 409 17 23 0.022398887 
790 64 8 10 0.022396497 
526 271 9 12 0.022374734 
105 90 11 15 0.02236451 
678 6 8 9 0.02232102 
794 85 8 11 0.022263525 
219 337 13 16 0.022250472 
709 31 8 11 0.022243915 
331 325 11 14 0.022215871 
593 279 10 11 0.022203919 
429 17 12 14 0.022195175 
162 328 7 10 0.022189979 
779 85 9 11 0.022089463 
575 269 10 12 0.022083312 
457 293 9 12 0.022045111 
104 61 10 11 0.022026116 
120 64 9 11 0.0220221 
24 384 9 12 0.022021078 
989 36 11 14 0.022018807 
122 45 9 12 0.022013491 
353 251 12 15 0.021994034 
164 55 8 11 0.021979485 
663 37 7 10 0.021953268 
319 647 9 11 0.021938173 
350 107 11 12 0.021934021 
249 63 8 10 0.021898773 
125 39 9 11 0.021872902 
489 47 9 12 0.021831837 
428 270 12 12 0.0218282 
209 239 14 17 0.021804051 
737 30 8 10 0.021784361 
672 73 7 9 0.02177337 
449 260 9 12 0.021725098 
345 309 9 12 0.021723574 
351 301 8 11 0.021675607 
56 359 8 9 0.021668158 
723 258 11 14 0.021666234 
275 399 16 19 0.021661773 
208 36 10 13 0.02162946 
935 1 10 9 0.021616885 
430 236 20 24 0.021577287 
418 231 10 12 0.021555858 
870 63 7 9 0.02151932 
722 30 8 10 0.021512793 
493 67 11 12 0.021454751 
367 247 10 12 0.02138974 
78 67 12 14 0.02138407 
846 29 7 10 0.02134459 
791 1 9 8 0.02134425 
897 93 9 10 0.021331731 
487 278 9 12 0.021267362 
727 96 8 9 0.021241562 
838 2 9 10 0.021198252 
886 63 7 10 0.0211802 
183 4 10 12 0.0211542 
272 383 11 12 0.021070821 
0 648 11 21 0.021033753 
245 357 21 27 0.02102968 
430 188 12 15 0.020965083 
448 317 9 11 0.02092556 
768 3 9 9 0.020904556 
418 49 14 17 0.020891562 
801 61 7 10 0.020874977 
425 161 8 11 0.02081293 
556 270 9 11 0.020770034 
849 40 7 9 0.020750603 
799 38 8 11 0.020729842 
376 363 10 14 0.020690117 
720 52 8 11 0.020624356 
432 5 20 24 0.020592488 
461 229 9 11 0.02054964 
786 238 13 15 0.020507991 
475 254 10 13 0.02048637 
824 63 7 10 0.020484108 
355 309 10 13 0.020433439 
746 75 10 11 0.020425653 
429 223 11 13 0.020416647 
577 2 9 8 0.0203657 
582 47 8 10 0.020355579 
862 83 18 23 0.02033631 
341 348 11 14 0.020320848 
776 607 12 14 0.020311136 
157 38 9 12 0.02028353 
324 302 12 14 0.02026495 
332 254 12 14 0.020262962 
601 78 8 10 0.020261686 
240 351 11 14 0.020257322 
775 91 9 11 0.020242007 
0 11 7 13 0.020210907 
864 69 9 10 0.02011479 
505 39 8 10 0.020081503 
240 12 10 13 0.020034935 
