58_Hockey_icehockey_puck_58_895
43
80 743 73 89 0.9895331 
615 293 375 500 0.9682246 
185 783 58 85 0.7919637 
377 818 27 32 0.7727908 
389 873 33 33 0.34781903 
319 811 27 35 0.34288388 
430 758 23 29 0.19194274 
392 779 27 29 0.18395428 
647 80 379 535 0.18072572 
297 806 40 49 0.14464614 
364 801 44 50 0.0634411 
375 772 46 53 0.05498028 
736 481 246 366 0.051782425 
431 769 26 34 0.050782543 
307 832 17 22 0.046984266 
331 783 18 19 0.045800526 
292 804 13 16 0.043831095 
69 415 34 43 0.043211445 
715 419 15 18 0.040845953 
442 763 15 18 0.040422976 
560 187 313 440 0.04002855 
547 -27 367 449 0.03967482 
374 418 30 39 0.039279513 
442 787 16 21 0.039071467 
444 518 102 142 0.035372414 
452 764 13 16 0.03329462 
278 799 10 14 0.032178357 
139 763 76 103 0.0319249 
-2 724 81 137 0.031427614 
389 784 18 20 0.029605472 
14 760 53 81 0.02853088 
365 779 14 16 0.02780494 
443 757 27 30 0.027658045 
340 800 48 52 0.02632819 
145 775 35 54 0.026018769 
467 875 27 30 0.0251144 
0 -31 429 502 0.02340611 
323 825 18 26 0.022396931 
441 784 28 35 0.02192547 
374 824 20 21 0.021733755 
847 530 202 322 0.02101683 
781 171 24 30 0.020576322 
391 823 16 23 0.020197079 
