58_Hockey_icehockey_puck_58_753
47
887 376 54 99 0.99565154 
344 508 36 40 0.6057626 
561 300 27 32 0.6005623 
896 186 19 27 0.46512038 
177 543 51 71 0.43200088 
359 498 38 42 0.18814361 
765 159 12 17 0.16749686 
819 525 45 59 0.15914118 
558 288 23 35 0.13463098 
585 328 49 57 0.10769707 
530 396 27 32 0.10329424 
1003 158 17 25 0.08631133 
169 109 11 13 0.08033245 
328 487 42 57 0.07147194 
368 482 42 51 0.05209279 
455 122 11 13 0.049471777 
567 287 41 48 0.049004678 
91 -5 401 516 0.043822072 
502 622 129 131 0.03822328 
138 512 42 39 0.03611766 
830 500 30 49 0.035339054 
340 442 37 33 0.032958075 
825 237 17 20 0.032499168 
525 154 12 16 0.03035952 
937 149 25 30 0.030080492 
572 303 46 49 0.02922007 
313 591 25 30 0.028702293 
698 337 42 51 0.02570727 
676 331 41 51 0.025565488 
903 188 24 28 0.025472105 
815 238 27 32 0.024935048 
135 521 58 66 0.023970615 
301 597 26 34 0.023930782 
676 549 113 129 0.02311093 
593 323 32 40 0.022971446 
841 499 49 66 0.022848656 
315 585 17 20 0.02268419 
947 148 18 22 0.022648476 
407 249 367 461 0.022066183 
741 219 30 41 0.021931011 
809 218 85 121 0.021727175 
490 132 56 78 0.021621738 
172 112 11 14 0.02100497 
993 150 23 33 0.020782866 
709 355 27 30 0.020662192 
940 98 11 13 0.020440083 
520 384 45 52 0.020121995 
