58_Hockey_icehockey_puck_58_244
32
706 469 31 38 0.99947697 
235 481 34 42 0.9994586 
494 416 26 30 0.99936765 
402 470 28 35 0.99927455 
361 270 29 39 0.99927455 
460 252 27 36 0.9992669 
588 464 24 31 0.9982286 
629 458 29 38 0.99735224 
451 453 27 34 0.9971311 
535 407 23 30 0.99691963 
799 482 33 37 0.9968811 
518 507 28 34 0.99647516 
455 502 28 34 0.9956666 
408 419 28 34 0.99440527 
673 437 26 31 0.99397695 
540 277 27 35 0.99284256 
569 593 12 17 0.49479774 
622 398 16 23 0.1331738 
569 555 12 16 0.09989231 
590 524 12 16 0.08078418 
517 302 15 21 0.07675747 
511 491 14 18 0.075046845 
556 448 18 20 0.048846666 
520 493 25 30 0.036852475 
188 544 45 54 0.029996756 
832 522 26 28 0.029928066 
495 555 13 20 0.027991908 
530 554 14 19 0.024811143 
120 278 11 15 0.024571229 
528 511 27 33 0.021810401 
357 593 17 18 0.021206547 
100 292 10 12 0.020089127 
