58_Hockey_icehockey_puck_58_493
142
653 54 33 41 0.99855155 
250 47 34 42 0.99830866 
110 14 30 41 0.9976857 
906 125 33 43 0.99673057 
600 -1 34 36 0.9966223 
111 130 37 47 0.9958847 
471 82 74 98 0.9943389 
227 0 30 31 0.9939752 
721 0 29 31 0.9928035 
608 138 37 48 0.9899216 
775 141 36 43 0.98763925 
1 0 37 36 0.98589677 
808 -2 30 35 0.9843568 
440 54 27 39 0.9809337 
237 107 40 50 0.96241575 
346 0 35 27 0.95504564 
483 -1 40 39 0.9085146 
750 61 27 35 0.8030799 
158 129 31 41 0.7768909 
318 179 61 65 0.7638657 
936 21 26 31 0.69458336 
308 0 18 22 0.57886404 
877 25 16 18 0.51807296 
-1 120 17 36 0.23443456 
373 86 24 29 0.1919892 
702 -2 25 27 0.16211773 
309 78 26 28 0.16053753 
829 90 17 21 0.14077461 
156 146 36 42 0.124923296 
725 80 17 23 0.1164845 
753 74 28 34 0.1130735 
308 12 21 28 0.11088563 
143 193 31 40 0.110222146 
284 53 21 28 0.1032908 
443 332 88 123 0.09702721 
827 102 22 28 0.08774676 
843 69 26 30 0.08403676 
992 198 24 33 0.07947446 
587 32 24 30 0.07418167 
433 104 19 26 0.069761716 
379 74 24 30 0.06913086 
755 48 27 32 0.059998836 
412 122 26 33 0.059972644 
850 63 31 30 0.058125384 
389 71 15 19 0.0575165 
301 4 18 23 0.050801966 
795 70 18 23 0.049944084 
770 73 18 22 0.04949131 
780 120 26 28 0.049182363 
385 96 16 20 0.04514105 
231 179 53 61 0.045081925 
161 208 42 49 0.04443389 
419 114 27 34 0.04405981 
871 70 24 27 0.04356206 
733 91 21 29 0.042772625 
825 1 25 32 0.041756283 
492 313 16 18 0.040771805 
784 74 23 28 0.040669106 
188 225 16 21 0.040483464 
341 87 26 29 0.04034686 
851 54 19 22 0.040321637 
537 -1 28 27 0.040270355 
873 10 25 29 0.039952222 
735 105 21 30 0.039875917 
907 103 24 28 0.038049813 
332 10 15 18 0.03732562 
836 79 26 29 0.03703059 
125 201 44 52 0.035559118 
752 60 16 21 0.035120632 
493 8 44 42 0.035042502 
882 75 17 21 0.03464146 
757 1 17 19 0.03419499 
558 111 42 55 0.03299178 
278 119 14 22 0.032896355 
860 107 18 20 0.032851472 
317 1 24 25 0.032676056 
305 107 24 30 0.03264516 
789 171 46 52 0.031943176 
61 203 33 44 0.03139679 
333 0 28 27 0.031369794 
35 207 38 54 0.031233609 
154 201 33 40 0.030976046 
778 78 16 22 0.03059148 
183 222 27 33 0.030388547 
414 193 52 70 0.030231826 
416 121 43 56 0.030144038 
29 137 23 28 0.029852286 
830 190 32 41 0.029553926 
394 6 23 28 0.02849292 
146 59 26 33 0.028010156 
320 12 23 28 0.0279882 
745 118 27 33 0.027882002 
327 194 75 79 0.027284164 
865 228 37 35 0.02722737 
571 95 385 473 0.027008312 
786 198 47 52 0.026769713 
53 177 25 29 0.026691042 
913 111 28 37 0.026079256 
1004 33 17 21 0.025992675 
229 506 33 39 0.025953222 
212 161 43 53 0.025732221 
323 156 60 61 0.02546962 
793 121 18 20 0.025334062 
313 71 18 21 0.02504023 
380 76 39 47 0.02481637 
827 29 17 22 0.024463262 
329 91 45 49 0.024440747 
314 85 27 33 0.024171423 
839 6 18 24 0.024102112 
336 112 19 23 0.02410154 
90 219 47 54 0.023864513 
862 81 30 32 0.02379655 
365 0 21 20 0.023733381 
551 110 29 36 0.023430115 
74 201 46 53 0.023388164 
523 348 14 18 0.023331556 
43 10 29 33 0.023053711 
735 72 25 33 0.023028957 
256 112 30 39 0.023004802 
896 61 26 29 0.022928225 
660 111 27 33 0.02290185 
1010 137 14 26 0.022822928 
946 131 21 28 0.022529436 
286 156 32 41 0.021862192 
25 2 32 35 0.021793833 
882 19 24 30 0.021395558 
28 181 25 31 0.021283718 
321 88 15 20 0.02108043 
12 163 21 29 0.02099852 
853 210 45 46 0.020936493 
567 107 27 34 0.02081424 
167 119 27 37 0.020676421 
878 167 27 32 0.020624379 
481 310 29 31 0.020590372 
750 38 24 28 0.020493995 
743 86 25 32 0.020462783 
865 65 21 23 0.020439235 
396 107 47 57 0.02026303 
590 128 42 53 0.020216577 
879 136 21 28 0.020201957 
0 168 12 21 0.020123132 
49 218 99 126 0.02006628 
