58_Hockey_icehockey_puck_58_248
62
494 187 39 42 0.97786444 
566 68 22 27 0.9148096 
85 44 18 19 0.615994 
407 239 35 43 0.54680103 
384 240 45 51 0.5393381 
81 129 9 12 0.271124 
337 523 55 68 0.2658524 
365 241 39 51 0.16867664 
449 220 14 18 0.1597536 
244 491 56 50 0.15870942 
554 194 17 23 0.15864754 
409 463 26 29 0.15592875 
497 146 17 19 0.14833656 
366 472 36 39 0.14707638 
487 282 15 20 0.124446906 
534 135 34 39 0.123023875 
225 34 12 15 0.10559132 
366 31 13 17 0.08394355 
431 214 26 35 0.057405863 
565 119 12 17 0.05647728 
350 517 100 86 0.055329863 
251 485 41 34 0.055154778 
566 37 12 16 0.047344122 
495 140 29 32 0.04643276 
327 53 12 14 0.04488448 
575 0 359 415 0.044126794 
541 186 27 35 0.04175041 
417 248 22 26 0.038839344 
316 27 16 20 0.038212504 
399 254 36 48 0.037475504 
422 223 32 41 0.0368593 
417 428 29 34 0.036361698 
495 142 15 17 0.034366064 
499 323 25 30 0.033946764 
487 274 25 33 0.03282256 
573 103 11 15 0.030720795 
559 120 13 18 0.030568654 
408 415 27 34 0.030122915 
407 537 39 32 0.030096844 
308 27 17 19 0.028723782 
412 433 17 20 0.027520005 
11 108 10 13 0.026800197 
532 111 42 51 0.025704456 
677 36 23 33 0.024316624 
548 102 26 33 0.024168286 
690 18 13 17 0.02395453 
221 31 20 25 0.023777366 
508 197 47 54 0.023519373 
711 22 47 62 0.023356147 
577 79 15 19 0.023068279 
549 100 13 15 0.022691326 
566 107 14 20 0.022137476 
407 405 22 30 0.021914087 
529 209 48 59 0.021852568 
387 224 40 44 0.021791691 
596 131 13 14 0.021460436 
594 447 31 31 0.020993842 
670 33 41 56 0.020933913 
344 494 64 70 0.020892974 
226 474 92 84 0.02069167 
84 52 16 21 0.020629345 
555 132 13 16 0.020121781 
