58_Hockey_icehockey_puck_58_365
24
800 27 57 75 0.9953902 
478 211 64 72 0.9950488 
155 54 61 73 0.76801884 
230 13 35 41 0.24184829 
96 116 56 65 0.15246816 
460 203 54 70 0.10258412 
133 34 69 76 0.09202782 
182 72 38 47 0.08454574 
750 88 46 61 0.08381533 
629 855 430 515 0.0424605 
947 -1 45 42 0.03959283 
764 97 53 80 0.038109276 
197 817 436 509 0.037738077 
134 27 43 48 0.036502317 
328 112 57 55 0.03528089 
689 108 54 60 0.033682644 
115 144 38 46 0.03315529 
728 29 27 32 0.03275259 
461 167 13 13 0.027705977 
36 916 463 466 0.025748111 
112 48 82 109 0.024422891 
859 1 41 48 0.022948204 
707 97 61 68 0.022279205 
727 842 39 35 0.021293098 
