58_Hockey_icehockey_puck_58_785
79
481 340 32 38 0.99927944 
376 341 34 46 0.9992138 
447 354 34 42 0.9990846 
525 340 30 35 0.9990264 
130 328 37 44 0.9989636 
657 303 29 38 0.9986621 
793 307 33 41 0.9982016 
422 293 34 42 0.99817383 
625 360 31 40 0.99777466 
244 360 34 41 0.9973815 
729 336 33 42 0.9969188 
283 363 36 42 0.9966239 
684 336 33 39 0.99623114 
328 332 35 44 0.99494743 
280 308 35 40 0.99266887 
917 309 35 46 0.9911165 
609 326 24 32 0.9668611 
310 548 15 20 0.386602 
710 464 32 35 0.37369692 
834 450 18 20 0.32456008 
757 475 16 20 0.29690963 
541 583 12 13 0.2832964 
802 432 18 22 0.19425195 
284 506 23 30 0.16464962 
684 459 29 35 0.1400395 
3 479 30 36 0.1187285 
567 528 12 16 0.10828804 
613 312 22 30 0.104240865 
872 471 10 12 0.09017124 
38 461 35 50 0.08992004 
139 710 15 20 0.08502465 
25 484 13 18 0.08228739 
616 307 16 20 0.08119182 
615 333 28 32 0.07537725 
19 488 15 18 0.053922843 
485 535 12 16 0.05360228 
367 556 23 31 0.053058136 
227 501 15 20 0.041083124 
793 334 30 41 0.038711406 
691 461 17 23 0.03767493 
276 553 13 15 0.037598625 
565 311 11 14 0.03527977 
135 660 9 14 0.03444335 
556 454 15 16 0.033548664 
984 511 16 21 0.033305753 
418 367 22 30 0.032763544 
799 441 14 18 0.032401416 
1012 435 10 17 0.032371927 
455 333 14 17 0.032160494 
283 292 31 38 0.031777915 
478 532 13 16 0.03096097 
861 493 11 14 0.029366074 
553 573 9 11 0.029241234 
545 296 9 11 0.028612053 
571 496 14 19 0.027797246 
538 586 11 14 0.026645876 
757 465 26 32 0.026205147 
725 325 29 36 0.02614495 
905 586 38 61 0.02556287 
260 361 39 44 0.025232308 
661 386 22 25 0.024660055 
773 319 27 35 0.02458052 
885 457 12 14 0.02457989 
528 290 10 12 0.024194637 
552 569 8 10 0.0240793 
570 295 8 10 0.024015445 
331 321 17 21 0.023633985 
461 308 14 18 0.023620928 
600 329 14 20 0.023533307 
245 337 38 47 0.023299929 
836 433 15 18 0.02228922 
410 301 30 37 0.021685064 
437 542 9 12 0.020974707 
662 366 12 17 0.020674035 
561 311 9 13 0.020665662 
237 506 11 16 0.020399267 
547 580 12 16 0.020298995 
862 464 11 13 0.020271625 
247 619 12 16 0.020096939 
