58_Hockey_icehockey_puck_58_182
23
376 171 52 63 0.9964149 
819 124 32 35 0.9523449 
622 93 28 32 0.9263188 
612 164 46 52 0.7596666 
873 191 41 54 0.161058 
820 211 27 36 0.06551406 
857 211 52 68 0.05206761 
641 141 42 58 0.046715166 
668 140 38 55 0.045258638 
412 295 12 13 0.03728587 
617 206 32 35 0.035686657 
885 177 37 53 0.033364426 
678 235 36 44 0.029195802 
468 40 50 73 0.029193774 
613 223 31 39 0.027785292 
508 270 42 38 0.027297447 
837 164 38 51 0.026568037 
837 230 88 124 0.025336517 
678 63 43 62 0.024110248 
856 196 35 45 0.022679687 
632 158 33 46 0.02247498 
641 96 18 24 0.022315755 
871 271 59 83 0.020415256 
