58_Hockey_icehockey_puck_58_835
75
310 412 35 44 0.997988 
164 398 36 47 0.99796814 
677 250 30 38 0.997806 
149 246 31 37 0.99761766 
444 239 32 38 0.99748516 
357 177 29 37 0.99743843 
515 243 30 36 0.9969068 
770 257 30 40 0.99675214 
246 245 32 40 0.99670714 
355 239 34 41 0.9966731 
439 410 37 50 0.996555 
852 407 37 47 0.99653095 
216 181 29 39 0.99643046 
876 306 32 39 0.99629587 
561 404 37 46 0.9953744 
702 404 36 43 0.9953067 
450 179 27 33 0.9944806 
600 247 30 36 0.9943416 
553 184 28 34 0.99412125 
290 174 29 37 0.9938438 
52 308 38 49 0.9927759 
626 197 25 32 0.98565555 
693 202 26 32 0.98471814 
762 213 26 34 0.9843759 
573 270 11 15 0.22146344 
549 257 16 22 0.20170411 
663 180 13 18 0.174053 
597 324 12 16 0.14088464 
406 446 14 17 0.1058226 
652 359 30 32 0.08484782 
621 326 12 16 0.08059169 
362 550 18 20 0.056562737 
799 347 12 17 0.048210397 
767 331 23 30 0.04238452 
968 224 7 8 0.041898333 
661 228 14 18 0.03741615 
532 247 23 31 0.036954716 
668 228 15 19 0.034915574 
276 193 13 20 0.03307402 
489 512 32 42 0.03170892 
657 228 12 16 0.031077133 
421 444 12 16 0.030983042 
627 431 23 30 0.03061286 
616 428 24 33 0.03038047 
256 540 26 33 0.03036256 
569 264 19 25 0.030271275 
558 256 22 27 0.02966676 
957 214 8 9 0.028121408 
392 360 28 32 0.027483447 
77 482 16 20 0.027219608 
676 328 12 17 0.027073158 
350 504 12 17 0.02663268 
575 329 11 14 0.026457964 
816 206 8 10 0.02634356 
647 443 13 16 0.02524409 
688 319 28 36 0.02478875 
701 191 26 30 0.024239209 
641 538 24 32 0.02397521 
205 493 11 15 0.0238681 
714 209 15 21 0.023763618 
905 553 30 32 0.023605052 
795 341 20 27 0.023418754 
831 207 7 9 0.023126803 
690 408 29 37 0.023087243 
841 206 7 10 0.022466486 
1000 213 7 9 0.022462193 
277 184 22 31 0.022254042 
269 194 14 19 0.022091707 
415 438 20 27 0.021713473 
301 422 28 36 0.021592375 
563 361 30 33 0.021429438 
704 206 24 32 0.021187196 
828 416 22 34 0.021153025 
525 222 11 16 0.02104265 
580 178 12 17 0.020959808 
