58_Hockey_icehockey_puck_58_671
72
307 241 23 29 0.97991633 
570 251 27 30 0.95954025 
271 256 28 47 0.9483099 
394 260 16 22 0.8577018 
413 259 14 18 0.1954964 
525 275 31 36 0.18027754 
628 326 25 33 0.1596744 
630 332 15 20 0.10638195 
596 245 12 17 0.103755295 
291 243 34 49 0.07305021 
282 249 25 40 0.06416247 
579 243 25 32 0.052961037 
623 320 41 54 0.051457737 
521 383 211 231 0.04887655 
1001 238 8 12 0.048543047 
782 149 78 133 0.039921574 
392 251 36 45 0.038888272 
668 201 16 18 0.038735148 
618 316 25 31 0.03859674 
645 317 47 57 0.038102776 
673 195 17 20 0.033761024 
414 414 53 60 0.03345916 
318 321 34 38 0.033274904 
636 221 24 29 0.032839578 
367 293 12 15 0.03230558 
524 286 17 20 0.031751826 
742 141 82 124 0.030819798 
659 144 14 17 0.030361287 
793 288 33 33 0.029255584 
633 324 17 21 0.029230427 
557 315 17 21 0.02820057 
386 436 56 54 0.028087022 
402 265 385 396 0.027610915 
621 335 27 35 0.027437355 
640 213 11 15 0.02685593 
481 223 29 32 0.026002316 
646 332 29 36 0.025801891 
465 219 10 15 0.025508316 
598 281 24 30 0.025359629 
676 189 13 16 0.025150899 
433 203 15 19 0.0249305 
629 14 22 23 0.024894696 
288 263 30 44 0.024759537 
588 271 25 35 0.024688307 
321 268 42 51 0.024453942 
372 351 61 55 0.024362164 
664 204 12 15 0.0243155 
630 245 12 16 0.024313848 
630 221 10 12 0.02401102 
624 338 12 17 0.023617353 
349 172 17 19 0.023280177 
937 391 9 11 0.023242531 
151 -14 126 123 0.023206338 
546 299 38 45 0.023153886 
465 277 26 32 0.022394478 
496 361 41 50 0.022221435 
546 249 17 22 0.022215158 
658 336 29 34 0.021745732 
321 73 56 87 0.021316847 
503 260 12 15 0.021102466 
634 233 24 30 0.021069787 
509 273 15 20 0.02102513 
338 284 16 20 0.020896645 
484 241 16 20 0.020865064 
306 0 48 41 0.02084973 
560 132 14 18 0.020743309 
869 414 9 11 0.020646356 
508 265 14 17 0.020632843 
340 189 15 17 0.020595614 
337 40 83 113 0.020585857 
491 226 19 20 0.020025255 
572 260 30 39 0.020012684 
