58_Hockey_icehockey_puck_58_475
32
568 235 34 47 0.96763235 
318 241 39 56 0.9497401 
681 428 17 22 0.17619401 
393 151 10 12 0.080819346 
782 290 45 51 0.07701139 
421 166 9 11 0.05576387 
152 153 7 9 0.049048934 
280 428 10 13 0.04175804 
795 402 16 22 0.040961772 
243 273 17 21 0.04002636 
300 420 10 13 0.03977719 
416 165 11 13 0.03788361 
423 139 9 11 0.037438557 
646 266 54 42 0.036518957 
168 306 11 14 0.033346873 
396 155 10 12 0.0328286 
223 282 14 16 0.031654734 
385 168 8 11 0.03011748 
415 136 10 11 0.029624982 
678 433 29 35 0.025567412 
885 148 45 55 0.025431303 
409 164 10 13 0.025160776 
637 269 96 92 0.024959639 
633 276 61 56 0.023980644 
308 261 35 47 0.022438753 
377 175 8 10 0.022355871 
622 268 51 50 0.02207467 
683 447 17 21 0.020613091 
408 159 9 12 0.020429678 
410 139 9 11 0.020331843 
145 157 9 11 0.020298047 
145 152 8 10 0.020139692 
