58_Hockey_icehockey_puck_58_403
52
295 96 55 63 0.9740762 
259 109 58 66 0.6150807 
80 275 62 76 0.54201317 
575 211 64 74 0.54026186 
120 322 213 299 0.33847272 
990 159 30 35 0.33618134 
220 197 343 424 0.2985088 
263 237 32 38 0.25130585 
614 202 92 100 0.21183142 
47 105 209 256 0.15653807 
782 324 27 39 0.10972989 
21 4 341 422 0.09415397 
66 274 388 477 0.09013162 
788 416 36 35 0.089254685 
174 254 207 272 0.07523043 
355 288 230 278 0.07086171 
804 420 30 29 0.06665588 
351 337 47 56 0.06427479 
121 156 192 233 0.059805714 
81 226 103 140 0.05870026 
254 126 39 55 0.054448996 
564 146 69 59 0.051050548 
386 203 347 468 0.04739378 
216 253 27 36 0.04503825 
374 349 35 45 0.04466801 
762 321 42 52 0.04435616 
259 72 55 71 0.0434377 
524 292 48 57 0.04263247 
561 161 87 93 0.04074726 
410 98 29 37 0.03924683 
534 411 235 260 0.03782795 
346 325 37 49 0.035995383 
389 363 35 46 0.03523502 
48 257 52 64 0.0329273 
673 474 61 56 0.03140874 
78 289 42 46 0.030900516 
580 406 121 134 0.029777681 
526 403 125 152 0.026492335 
796 342 15 20 0.026289497 
909 271 29 29 0.025732853 
608 199 378 496 0.025705155 
616 493 122 104 0.025108201 
769 345 33 38 0.025021879 
816 420 18 19 0.024428032 
165 340 134 161 0.02413364 
701 468 62 51 0.023830723 
540 216 87 92 0.023316469 
831 159 28 30 0.020984648 
669 461 26 35 0.020838303 
162 138 38 41 0.020628497 
973 487 12 15 0.020469481 
231 106 78 104 0.020372171 
