58_Hockey_icehockey_puck_58_469
316
551 210 35 42 0.994562 
368 239 38 41 0.990328 
338 112 16 21 0.9727147 
88 2 17 21 0.96075374 
163 81 17 23 0.95470446 
304 55 17 22 0.95088977 
481 87 16 21 0.9343608 
24 82 20 26 0.93211573 
619 110 21 26 0.9294812 
67 92 19 25 0.92237025 
333 73 19 23 0.90963507 
414 24 19 24 0.9044859 
464 11 18 22 0.8880711 
101 83 18 23 0.88767195 
647 113 17 22 0.8873141 
571 105 19 21 0.87827426 
398 85 20 24 0.84008217 
499 22 14 19 0.8266325 
783 157 16 21 0.813967 
4 45 20 28 0.78598154 
551 139 19 24 0.7622803 
215 58 20 24 0.7424534 
258 48 15 19 0.69699776 
828 118 16 20 0.676181 
888 68 13 17 0.64942545 
721 22 16 21 0.62888825 
357 61 18 20 0.60821944 
739 134 14 18 0.60637426 
130 11 17 22 0.5954233 
684 26 13 17 0.55893975 
902 164 13 18 0.53298026 
926 154 14 18 0.50211763 
839 162 12 18 0.4923755 
701 170 23 28 0.44170254 
867 117 14 17 0.44058368 
478 0 14 19 0.42764628 
627 178 18 21 0.41259304 
524 164 15 20 0.4042552 
879 93 11 13 0.35968798 
622 0 13 13 0.34626156 
78 177 21 25 0.28973797 
264 69 12 15 0.2797134 
862 159 14 19 0.27034223 
1 111 22 29 0.26550663 
291 173 13 16 0.25242653 
111 179 16 20 0.2493697 
279 133 10 13 0.23208088 
949 75 14 18 0.2317513 
428 174 13 17 0.23119576 
372 90 13 18 0.21672358 
604 18 17 20 0.21335718 
924 124 11 14 0.21184526 
162 28 14 19 0.21110532 
856 186 14 17 0.20971827 
201 11 16 20 0.2016692 
0 59 19 32 0.20019491 
904 115 12 16 0.184571 
823 70 13 17 0.16256106 
293 130 14 18 0.15874532 
856 18 10 13 0.1573608 
57 159 15 17 0.13442558 
581 -1 14 13 0.11753053 
916 176 14 16 0.112907074 
460 178 15 22 0.107791126 
16 76 21 30 0.10509684 
309 109 21 25 0.10506544 
158 184 23 27 0.10190274 
501 498 29 35 0.09672345 
908 170 13 17 0.08879597 
220 48 22 28 0.08798845 
633 110 21 26 0.086079516 
287 124 13 16 0.08595704 
912 87 9 11 0.08588488 
303 93 11 13 0.08097294 
877 22 11 15 0.08033186 
711 6 12 15 0.075128615 
150 49 13 16 0.07391838 
268 96 22 26 0.07321948 
108 147 10 14 0.07217815 
20 137 13 17 0.07153811 
542 35 15 19 0.071046814 
487 9 22 26 0.06922394 
588 0 14 12 0.06868668 
617 180 27 33 0.068620235 
601 265 51 67 0.06696664 
276 70 10 13 0.0669122 
915 95 10 13 0.064877816 
548 9 16 20 0.06428456 
480 3 22 28 0.06367411 
157 157 9 13 0.06289845 
619 100 18 21 0.062072527 
662 137 17 22 0.06122978 
91 200 15 17 0.061086062 
921 121 10 13 0.06020718 
852 146 15 19 0.060090907 
852 154 16 22 0.059608705 
235 104 17 21 0.059031367 
508 0 12 12 0.05894379 
137 16 14 19 0.058668837 
948 116 13 16 0.05819861 
521 213 23 28 0.057947077 
127 4 16 20 0.057077892 
222 289 12 14 0.057014726 
560 143 15 21 0.055841494 
366 180 16 20 0.0557949 
354 172 13 16 0.055620294 
51 182 16 18 0.055319224 
287 167 13 16 0.055078927 
832 162 13 18 0.05505897 
844 155 14 22 0.054117706 
827 149 14 18 0.053998545 
760 13 13 14 0.05338593 
181 193 13 18 0.052938297 
473 5 16 24 0.05279961 
240 151 12 13 0.051538292 
693 153 13 17 0.050895378 
182 126 11 14 0.050851885 
49 193 16 19 0.047760848 
309 120 16 20 0.046786427 
731 200 17 16 0.04658805 
726 306 15 20 0.046134427 
936 183 10 13 0.045385193 
1 75 16 24 0.04523295 
548 0 12 12 0.044814993 
534 43 14 17 0.04442242 
506 512 18 22 0.04365539 
296 122 20 27 0.043005183 
222 365 9 13 0.04228499 
729 301 38 47 0.042206813 
12 148 13 15 0.042063944 
576 0 13 12 0.04199043 
423 177 13 17 0.041538127 
237 33 13 16 0.040804878 
114 5 23 28 0.040707886 
126 98 13 17 0.04069487 
901 42 11 14 0.040533546 
510 162 12 16 0.040158965 
471 88 16 20 0.040155213 
502 146 15 19 0.039668415 
881 190 11 14 0.039555904 
323 109 20 25 0.039499596 
262 70 19 24 0.039132085 
782 90 15 17 0.03899156 
610 170 27 34 0.03764875 
401 -1 18 15 0.0375129 
858 14 13 15 0.03746393 
597 23 16 20 0.036944527 
931 149 13 16 0.036593758 
543 0 12 11 0.036526695 
521 520 22 29 0.036464438 
151 157 12 14 0.036337823 
233 49 16 19 0.035992336 
502 0 16 19 0.035954535 
210 18 15 20 0.035615146 
497 10 20 26 0.035546605 
220 0 13 11 0.03542575 
906 109 12 16 0.035240762 
237 162 14 18 0.035101056 
380 463 41 36 0.035067905 
945 94 10 14 0.03495403 
268 62 10 14 0.034579244 
10 38 15 18 0.03418893 
919 161 15 18 0.03367452 
499 58 16 19 0.033670258 
143 51 12 16 0.033505525 
531 59 16 19 0.033111546 
277 164 11 15 0.032905035 
533 2 15 16 0.032774523 
707 159 26 31 0.032556485 
875 44 11 14 0.032221906 
21 145 13 16 0.032187644 
505 19 14 20 0.032103404 
934 143 11 13 0.032060564 
12 352 166 217 0.03188388 
6 130 13 19 0.03179914 
547 52 16 21 0.03171292 
805 248 15 18 0.03161782 
10 123 20 28 0.03137169 
230 332 11 14 0.031347778 
682 176 13 18 0.030910796 
939 147 12 15 0.030703446 
728 190 27 28 0.030391702 
104 142 11 15 0.030340508 
501 165 13 16 0.03006714 
261 56 13 16 0.029705543 
583 105 14 20 0.029562827 
667 195 14 19 0.029525748 
979 220 13 16 0.029425025 
156 181 17 20 0.029362854 
782 98 15 19 0.029257862 
601 25 23 27 0.029213054 
171 200 15 17 0.029178536 
949 175 11 14 0.029099042 
610 13 16 20 0.02906429 
951 157 10 14 0.029048659 
328 165 10 12 0.02901132 
492 140 13 17 0.028846191 
883 99 11 13 0.028680474 
922 179 12 15 0.028502265 
327 78 17 21 0.028480833 
230 291 12 15 0.02835468 
927 144 10 13 0.028335966 
160 306 95 125 0.028288716 
417 1 17 18 0.028286524 
822 51 11 13 0.028255159 
302 103 22 27 0.028059818 
873 28 12 15 0.028002692 
665 5 15 19 0.027976502 
84 162 16 18 0.027936524 
118 150 14 16 0.027866969 
428 162 17 22 0.027848108 
131 21 16 21 0.027725186 
714 306 24 29 0.027671611 
881 68 12 16 0.02755025 
147 185 23 31 0.027491966 
133 82 15 18 0.026956443 
405 139 13 16 0.026687847 
293 118 12 16 0.026603533 
454 28 20 26 0.026588837 
896 39 11 14 0.026485058 
132 97 14 18 0.026455004 
934 102 11 15 0.026272457 
532 49 15 20 0.026267178 
368 172 17 20 0.026255263 
151 90 13 16 0.026240822 
163 38 15 20 0.026230155 
844 38 11 13 0.026096074 
866 187 11 15 0.025987102 
207 5 25 26 0.025949704 
507 153 15 20 0.025876777 
741 0 13 12 0.025865525 
107 8 17 20 0.025863333 
398 149 11 14 0.025862306 
974 148 11 14 0.025803305 
945 71 12 16 0.02570144 
935 83 10 14 0.025599603 
904 103 11 14 0.025545971 
911 99 12 15 0.025476197 
853 0 14 13 0.025341863 
168 186 19 23 0.025031444 
543 142 18 22 0.024819916 
188 74 13 16 0.024557993 
488 71 21 26 0.024444936 
637 0 14 13 0.024400841 
462 89 14 18 0.024347167 
150 26 13 17 0.024308946 
829 52 10 12 0.024259083 
237 28 21 29 0.024098448 
452 156 13 14 0.02401934 
296 90 12 16 0.02389141 
155 49 14 17 0.023738725 
350 63 19 24 0.023690153 
615 2 13 15 0.0235729 
787 104 14 19 0.023369176 
369 60 17 21 0.023244504 
165 199 15 17 0.023207126 
156 41 15 19 0.023205688 
620 294 30 34 0.023181476 
164 229 30 40 0.02303796 
98 7 16 19 0.023031693 
365 86 15 19 0.022931958 
302 207 10 13 0.022914745 
820 44 11 15 0.022872357 
812 165 11 14 0.022843473 
818 36 12 15 0.022784688 
296 212 12 15 0.022776397 
265 44 15 19 0.022768563 
46 200 14 17 0.022761034 
738 190 29 32 0.022755079 
459 20 18 23 0.022736127 
546 26 17 21 0.02272299 
787 45 14 18 0.02266339 
301 117 14 17 0.022640541 
829 62 11 15 0.0225625 
906 121 13 15 0.022531306 
847 13 11 14 0.022530014 
526 45 13 16 0.02252563 
246 51 10 15 0.022494486 
540 0 21 23 0.022427782 
730 297 23 32 0.022123456 
173 86 21 27 0.02209417 
447 153 12 15 0.022062449 
871 137 11 15 0.021945715 
517 157 15 20 0.021928055 
507 169 15 18 0.021776058 
243 40 19 27 0.021714127 
740 297 15 20 0.021689355 
877 137 11 15 0.021683587 
279 188 14 16 0.02150361 
885 113 13 16 0.021444669 
410 0 17 14 0.0214112 
931 125 11 14 0.021374004 
928 42 11 14 0.021372048 
143 186 12 17 0.021316769 
218 3 18 19 0.021271106 
202 75 14 17 0.021207526 
727 -1 14 12 0.021031877 
537 52 20 27 0.020948166 
453 163 14 16 0.020835549 
899 130 15 19 0.020699363 
623 213 26 29 0.020677945 
856 71 10 12 0.020621136 
83 187 22 25 0.020602206 
495 68 21 25 0.020517372 
117 17 13 18 0.020507723 
282 92 12 15 0.020439755 
628 488 22 27 0.020423785 
326 173 11 13 0.020404188 
574 93 22 27 0.020391507 
882 20 11 14 0.020310396 
158 22 15 19 0.020276794 
236 293 13 16 0.020208774 
194 97 16 22 0.020111255 
902 189 13 15 0.020109404 
996 177 14 18 0.020081414 
516 0 13 12 0.020024173 
