58_Hockey_icehockey_puck_58_680
596
839 208 33 40 0.99895954 
563 328 35 43 0.99823356 
773 342 38 46 0.99762255 
671 356 33 38 0.99722904 
470 320 38 43 0.9966966 
330 238 36 44 0.9962818 
562 244 36 40 0.99611205 
368 321 38 43 0.9949864 
789 124 15 19 0.99079305 
893 367 37 39 0.98760134 
751 216 35 39 0.98629224 
225 199 35 38 0.9847511 
548 192 34 39 0.9808926 
434 226 34 41 0.97905844 
258 174 28 33 0.97436464 
739 118 14 18 0.96237314 
948 224 31 35 0.9550491 
927 79 13 17 0.9540379 
804 150 14 19 0.953714 
702 153 15 19 0.9533791 
259 346 33 38 0.9505365 
670 2 13 17 0.94381726 
301 138 13 16 0.9432731 
626 56 13 17 0.94136983 
623 253 33 37 0.9257998 
643 142 15 18 0.92188096 
790 52 11 14 0.92119366 
341 31 11 15 0.909951 
702 25 11 14 0.90994734 
981 24 13 17 0.9050287 
703 119 13 17 0.89932394 
369 103 15 19 0.8961314 
580 132 12 16 0.8936976 
888 135 14 19 0.8841541 
581 2 13 16 0.8824636 
674 59 13 16 0.8812593 
956 124 13 18 0.87074125 
834 126 16 19 0.8517462 
579 93 13 16 0.84126353 
544 147 13 18 0.8341891 
950 60 11 15 0.8291662 
624 140 13 17 0.8179559 
1002 45 12 15 0.8157181 
513 111 14 18 0.8081605 
500 28 14 18 0.7995186 
377 131 14 18 0.7853749 
831 39 14 17 0.7592562 
694 235 34 39 0.7427296 
230 83 12 15 0.7202584 
974 139 14 17 0.7027353 
895 60 12 15 0.69977343 
772 21 12 15 0.68141854 
291 333 26 32 0.6767622 
638 190 17 20 0.662856 
246 133 13 16 0.6625827 
450 17 13 16 0.6616853 
983 173 13 17 0.65814155 
526 46 9 12 0.6503435 
936 166 13 16 0.64326847 
686 186 17 22 0.6182667 
485 152 12 15 0.58349586 
918 20 13 16 0.57918215 
417 36 12 15 0.55917054 
116 79 12 15 0.5452434 
20 101 12 15 0.539841 
588 60 11 15 0.52116716 
614 191 14 20 0.4948072 
447 95 11 14 0.4933437 
425 111 13 16 0.4851934 
709 50 13 16 0.48047647 
736 370 41 54 0.46475747 
559 25 12 15 0.4522453 
348 135 15 18 0.448191 
362 26 10 13 0.43212083 
106 45 14 18 0.4253108 
435 133 12 16 0.40007994 
624 0 13 12 0.39570886 
731 63 10 12 0.38681647 
300 80 12 14 0.38668504 
213 14 10 15 0.37121508 
887 103 13 16 0.3477715 
307 17 13 16 0.33786467 
876 43 10 13 0.33447447 
538 114 14 17 0.33373836 
517 1 12 12 0.3312684 
525 68 11 13 0.30527097 
587 45 12 14 0.2955642 
392 21 10 12 0.2922316 
13 265 66 87 0.28787196 
176 51 10 13 0.2835445 
737 141 12 16 0.27498907 
466 112 14 18 0.2725253 
465 37 10 12 0.25794363 
589 39 10 13 0.25079834 
720 21 10 13 0.2505413 
734 189 14 19 0.2483702 
599 0 11 10 0.24302223 
945 101 11 15 0.2270159 
731 68 12 15 0.22487831 
870 153 13 18 0.22024727 
313 192 16 20 0.2171455 
504 56 11 14 0.21467312 
341 161 13 17 0.21289375 
142 288 42 51 0.21126181 
404 5 12 13 0.21104121 
923 11 13 17 0.1964591 
627 221 12 15 0.19472598 
915 100 12 14 0.19044863 
835 26 14 18 0.18654282 
520 69 11 14 0.17087612 
925 6 12 14 0.16877836 
273 135 9 11 0.16843495 
854 0 16 13 0.16834347 
325 105 10 13 0.16778798 
851 180 15 19 0.16670202 
735 0 9 9 0.16502811 
703 85 12 16 0.15783224 
49 38 14 16 0.15700884 
232 12 11 15 0.15678394 
365 59 10 14 0.15359336 
615 74 13 17 0.15304898 
703 49 12 16 0.14433064 
314 170 17 23 0.14311552 
394 91 13 16 0.1431042 
283 265 27 37 0.13820985 
963 154 12 15 0.13780805 
471 62 11 12 0.13769554 
533 118 16 21 0.13601518 
673 105 15 17 0.13581479 
320 156 10 11 0.13288988 
587 52 13 17 0.13216929 
528 87 11 14 0.12977304 
403 77 12 14 0.12968041 
446 117 10 13 0.12609375 
597 354 18 21 0.12094385 
276 339 32 37 0.11868893 
894 89 14 17 0.117637 
371 245 15 20 0.117116384 
335 141 13 17 0.11628719 
407 83 11 15 0.11452796 
284 156 12 16 0.1103656 
359 209 15 19 0.10969709 
502 1 11 11 0.108548746 
724 15 11 13 0.108185485 
408 92 11 15 0.10733594 
796 68 16 21 0.10640122 
558 35 14 18 0.10329378 
480 81 11 15 0.10321647 
396 219 15 19 0.10294025 
683 129 13 17 0.10214227 
900 229 15 18 0.10049898 
865 28 11 15 0.10039977 
868 75 13 16 0.10029622 
429 167 11 14 0.09610574 
732 21 11 13 0.09568847 
696 50 12 16 0.09355573 
309 106 9 12 0.09219149 
319 0 11 10 0.09189813 
342 138 13 18 0.08924313 
773 47 13 19 0.08788619 
468 165 13 15 0.086534806 
639 256 29 39 0.08161096 
702 75 12 16 0.07982813 
279 159 13 18 0.07904545 
706 27 11 15 0.07816855 
238 172 15 18 0.07802415 
997 64 13 18 0.07626224 
36 61 15 18 0.076076396 
31 65 14 16 0.0758142 
559 61 12 16 0.075523846 
960 162 12 16 0.07481001 
827 348 29 36 0.0747694 
627 153 12 16 0.0744987 
996 74 14 17 0.07340963 
757 62 15 17 0.07232035 
709 361 15 21 0.07194899 
305 102 9 12 0.07182165 
1013 244 9 14 0.07083459 
968 11 12 17 0.07063049 
396 0 14 11 0.07061296 
511 94 10 13 0.07008738 
622 225 14 17 0.06870309 
348 35 13 17 0.068386964 
116 115 22 29 0.06723243 
396 83 14 16 0.06607805 
740 161 16 21 0.06580198 
667 77 12 16 0.065607965 
241 197 27 34 0.06511684 
4 71 12 15 0.063584924 
93 42 11 13 0.063505165 
223 0 10 10 0.06256935 
250 138 14 15 0.06146497 
262 198 16 22 0.061369713 
892 34 11 15 0.06086337 
916 204 11 16 0.060762297 
289 187 11 15 0.060177814 
341 51 10 13 0.059290256 
755 99 14 18 0.059258465 
925 0 12 12 0.058921535 
455 207 10 14 0.05716842 
38 56 11 13 0.05695573 
302 375 23 32 0.0568057 
459 82 13 16 0.05670421 
31 64 26 29 0.056479618 
685 318 30 34 0.056449156 
437 34 11 13 0.056063604 
110 130 11 14 0.055146318 
272 40 10 12 0.054572526 
661 21 11 14 0.0537979 
517 73 11 14 0.053368088 
583 219 13 15 0.053358525 
55 68 10 12 0.053156774 
447 27 12 15 0.053082105 
994 189 22 30 0.052577563 
292 180 13 19 0.05233555 
218 125 11 15 0.05224226 
421 330 28 30 0.051951926 
959 138 10 14 0.0517443 
740 74 12 16 0.050772175 
317 19 11 15 0.050272543 
354 41 13 16 0.050118543 
303 28 10 14 0.050018713 
751 135 19 27 0.04986928 
707 357 25 34 0.04949405 
730 75 11 13 0.04871914 
916 56 14 19 0.048691005 
468 32 11 14 0.048497915 
430 30 11 14 0.048222087 
448 162 11 13 0.048106693 
437 109 12 15 0.048077554 
659 185 15 18 0.047614265 
846 185 15 18 0.047276318 
792 176 12 15 0.047130015 
365 35 12 14 0.04674144 
477 159 19 25 0.04643642 
941 229 19 22 0.045967672 
348 178 14 17 0.045958996 
885 28 15 19 0.045538127 
871 266 29 36 0.04467454 
650 265 25 32 0.044633918 
913 18 13 17 0.04450054 
44 62 10 13 0.0443634 
446 33 10 13 0.044181075 
105 71 10 12 0.044042755 
992 101 10 14 0.04369696 
485 79 10 14 0.043559827 
469 77 12 15 0.04302072 
164 3 12 14 0.042975225 
870 38 19 23 0.042487025 
496 1 12 12 0.042375408 
839 190 24 28 0.042355016 
709 36 12 14 0.042202756 
421 206 26 29 0.042116478 
934 160 12 16 0.041899808 
735 360 32 38 0.041775007 
593 60 13 17 0.04162957 
315 11 13 17 0.041443266 
807 12 11 14 0.041251294 
339 224 31 39 0.041191816 
565 111 11 14 0.04110347 
47 53 10 13 0.041085582 
715 46 13 18 0.040938567 
528 121 13 17 0.040632695 
782 90 14 16 0.040408127 
863 70 12 16 0.04030037 
344 214 26 30 0.040274974 
239 173 24 27 0.040238865 
249 182 29 36 0.04009411 
180 48 11 12 0.039985552 
440 114 11 14 0.03980516 
904 122 13 17 0.03974031 
778 203 15 20 0.039693914 
715 55 13 17 0.03961944 
824 139 12 16 0.03920388 
401 73 11 13 0.039146103 
995 108 12 15 0.03890904 
296 261 27 38 0.038830597 
706 71 12 13 0.038624458 
649 140 13 17 0.03854104 
794 59 15 18 0.038490206 
701 211 16 17 0.038478408 
414 79 9 11 0.037864707 
319 27 10 13 0.037807614 
677 237 12 15 0.03757253 
334 84 11 14 0.03742842 
54 63 9 11 0.03713394 
259 147 12 14 0.03706597 
916 198 11 14 0.03687462 
855 -3 24 23 0.036544956 
53 52 10 12 0.03636659 
405 117 11 14 0.03632217 
122 119 14 17 0.036221284 
727 227 10 15 0.035982586 
694 308 31 38 0.035894554 
88 169 40 51 0.035861004 
828 62 16 20 0.035782136 
254 165 13 16 0.03570852 
513 75 10 13 0.035707504 
391 26 10 13 0.035670258 
429 200 25 28 0.035638 
450 98 12 15 0.03558213 
1000 244 14 16 0.035401393 
828 135 16 20 0.035059832 
392 99 12 14 0.034607876 
411 99 11 15 0.034600023 
326 211 14 19 0.03453951 
360 54 12 14 0.034284286 
716 91 12 15 0.03425486 
1007 28 13 15 0.03413644 
393 87 10 14 0.034084544 
766 189 15 16 0.03401501 
342 44 11 15 0.033904217 
971 155 12 15 0.033892564 
840 353 28 35 0.03387851 
21 94 20 25 0.033664472 
979 98 13 16 0.033587012 
216 140 11 15 0.03348768 
214 8 10 13 0.033468045 
389 138 10 13 0.03319838 
1012 92 12 17 0.033186473 
847 173 14 17 0.032899555 
774 70 10 13 0.032883268 
980 59 12 15 0.032631442 
353 69 11 13 0.03257313 
662 81 13 15 0.032312497 
505 32 13 18 0.03205768 
455 69 11 13 0.031780675 
926 105 10 14 0.031763498 
712 242 18 22 0.031611033 
33 78 24 30 0.031434722 
597 554 14 15 0.031355813 
209 477 36 45 0.031267054 
28 85 20 27 0.031241285 
774 38 14 18 0.031131286 
776 148 12 16 0.031062469 
274 44 12 13 0.030951407 
357 223 16 20 0.030911481 
149 254 39 37 0.030798292 
550 0 11 11 0.03078138 
360 231 23 31 0.030774191 
934 116 11 15 0.030636298 
679 156 11 14 0.030527387 
552 5 11 13 0.030488336 
540 126 14 18 0.0304447 
207 43 10 12 0.030360112 
397 138 9 13 0.029772587 
721 528 16 19 0.029749926 
734 25 12 15 0.029614583 
520 63 19 23 0.02958068 
476 188 13 16 0.029562406 
399 28 10 12 0.029507648 
367 42 9 13 0.029466765 
440 100 12 15 0.029458065 
326 324 22 29 0.029357234 
798 22 13 16 0.029285705 
468 41 11 15 0.029179603 
348 98 15 17 0.029168377 
396 243 14 18 0.02909903 
315 180 20 28 0.02907452 
930 4 13 15 0.028977932 
558 52 13 17 0.028880773 
841 125 14 17 0.028857687 
582 65 13 17 0.028855698 
72 166 40 51 0.028850598 
101 101 12 15 0.028808044 
118 128 13 18 0.028707916 
768 24 12 15 0.028668858 
139 260 47 59 0.02858782 
316 43 12 15 0.028378705 
188 215 25 31 0.028371895 
409 4 14 15 0.028369656 
407 29 11 15 0.02834521 
312 42 11 14 0.028303815 
341 176 14 19 0.028292071 
79 87 8 10 0.02807233 
499 219 20 30 0.028071616 
248 63 9 12 0.028069127 
573 10 15 18 0.028068596 
956 108 13 17 0.027978031 
793 45 14 17 0.027972728 
429 104 12 15 0.027916066 
929 170 13 18 0.027881542 
668 178 14 20 0.027875831 
1007 1 10 10 0.027761523 
949 94 12 15 0.027711237 
283 175 21 28 0.027544025 
643 227 15 18 0.027501805 
731 54 13 16 0.027434599 
641 263 18 22 0.027338399 
0 38 7 12 0.027280027 
467 102 13 18 0.027279457 
271 276 35 36 0.027217032 
277 126 10 12 0.0272053 
374 146 16 20 0.02718448 
332 211 17 20 0.027073849 
207 211 12 16 0.02698852 
389 222 17 21 0.02691196 
400 281 26 32 0.026829176 
621 -5 20 21 0.026712984 
445 87 12 15 0.026646407 
870 80 14 18 0.026637468 
546 130 14 17 0.026630992 
249 139 21 25 0.026620336 
189 46 11 13 0.026595071 
751 105 13 17 0.026497172 
588 0 13 13 0.026454307 
263 39 9 11 0.026390065 
796 78 15 18 0.026344476 
432 324 24 30 0.026298918 
557 4 11 14 0.02619237 
443 203 14 17 0.026157828 
521 49 12 14 0.026036575 
6 47 8 11 0.02603268 
620 67 13 16 0.026014395 
312 166 13 17 0.025974084 
451 216 15 17 0.025972323 
846 339 30 37 0.025889566 
693 130 12 17 0.025883375 
692 56 13 17 0.02585815 
860 22 20 26 0.025848953 
1006 9 12 17 0.025823787 
1012 34 11 15 0.02576422 
628 217 22 26 0.025760643 
188 38 11 13 0.02573104 
552 41 13 17 0.025671791 
438 212 24 30 0.025425406 
686 58 10 15 0.025424572 
263 45 9 12 0.025418874 
959 179 13 16 0.025328008 
973 163 13 17 0.025285607 
405 23 11 12 0.025254231 
756 356 32 45 0.02519544 
407 108 11 13 0.025191864 
317 3 12 15 0.02514898 
565 177 15 19 0.025148412 
967 1 11 11 0.025139393 
340 184 15 20 0.02510254 
307 24 14 16 0.025077397 
757 205 27 32 0.025045132 
235 327 16 21 0.024974432 
805 18 13 18 0.02492333 
699 364 26 34 0.024916133 
789 21 12 14 0.024860108 
521 2 13 14 0.024844605 
445 149 12 15 0.0247862 
709 90 12 16 0.02476534 
84 269 378 428 0.024737174 
934 148 12 16 0.024684757 
270 153 20 24 0.024665663 
392 61 10 13 0.024638435 
627 47 12 15 0.024532855 
878 28 12 17 0.024481483 
444 107 13 17 0.024458949 
702 143 14 17 0.024416534 
443 140 11 14 0.024413288 
427 21 13 15 0.024378797 
78 28 9 12 0.024286887 
276 38 11 14 0.0242844 
963 116 14 20 0.024214279 
223 174 26 29 0.024209665 
781 105 16 19 0.024178566 
193 266 15 19 0.024156123 
726 93 11 16 0.024122043 
950 117 14 19 0.0239694 
245 144 14 17 0.023898283 
944 55 13 16 0.023822263 
419 20 17 18 0.023820493 
773 57 11 15 0.023812516 
396 14 12 13 0.023803962 
942 112 11 16 0.023785254 
357 35 12 16 0.023780573 
464 251 23 28 0.02373261 
692 226 26 34 0.023713 
464 43 10 14 0.023708496 
312 6 12 14 0.023699708 
536 195 11 16 0.023699047 
464 168 13 17 0.02367397 
910 103 14 18 0.023595152 
743 89 11 16 0.023467684 
217 120 9 12 0.023446865 
779 43 13 18 0.023437798 
930 11 12 15 0.023390643 
510 -3 20 20 0.023381282 
445 153 18 24 0.023359515 
534 328 17 20 0.023356315 
393 238 25 31 0.023353098 
324 11 13 18 0.02333041 
620 227 26 28 0.023285666 
962 129 14 18 0.02328162 
269 149 13 15 0.023277001 
246 407 238 267 0.02324843 
326 149 11 15 0.023235181 
306 78 13 15 0.023169367 
697 83 13 17 0.02315736 
998 0 10 11 0.023134684 
471 55 10 13 0.023095233 
790 27 13 15 0.023090351 
580 73 13 15 0.022994408 
19 30 14 16 0.022961218 
768 16 12 15 0.022937473 
233 331 26 32 0.02293123 
285 29 11 14 0.022808978 
725 24 11 15 0.022806909 
212 170 24 29 0.022718837 
1013 51 11 15 0.02268476 
506 22 12 16 0.02268212 
311 371 27 34 0.02263512 
368 66 11 14 0.022611521 
888 53 12 15 0.022468248 
701 177 11 16 0.022426147 
290 154 13 17 0.02239456 
558 181 23 31 0.022388158 
835 185 16 21 0.022261795 
702 361 15 21 0.02212951 
961 168 15 19 0.022114445 
562 205 27 33 0.022088462 
53 74 14 17 0.022074223 
324 29 10 13 0.022070508 
397 249 29 33 0.022067573 
327 37 9 12 0.022042716 
252 62 10 12 0.022032162 
266 164 23 30 0.022028731 
361 217 16 19 0.02202613 
614 258 27 35 0.022018736 
398 0 22 22 0.021990843 
930 164 12 15 0.021923967 
716 236 16 20 0.021922912 
398 35 12 15 0.021886747 
261 284 39 46 0.021868078 
525 87 19 24 0.021849448 
300 69 13 15 0.021828853 
183 39 10 11 0.021826481 
376 500 11 13 0.02181063 
624 478 11 13 0.021795059 
605 107 13 17 0.021790063 
363 247 24 30 0.0216138 
374 86 9 12 0.0215975 
443 220 16 18 0.021591153 
899 351 29 31 0.0215666 
852 42 11 15 0.021566197 
286 193 13 18 0.021559527 
207 8 19 26 0.021547275 
739 222 32 36 0.021534342 
611 459 14 18 0.021465244 
659 508 137 144 0.021446684 
812 17 13 19 0.021414924 
949 12 11 15 0.021339938 
300 53 13 16 0.021324309 
798 12 13 15 0.021283329 
309 372 15 20 0.0212261 
445 93 19 24 0.021183072 
531 70 10 13 0.021154104 
599 428 40 47 0.021116715 
578 214 22 25 0.021101676 
302 89 13 16 0.021088447 
614 100 11 16 0.02107623 
220 12 12 17 0.021022735 
627 164 14 17 0.02100816 
12 92 20 25 0.020999085 
977 171 13 18 0.020993318 
228 0 11 11 0.020986166 
312 157 11 12 0.020983983 
459 206 11 14 0.020971391 
199 133 9 12 0.020964043 
907 116 13 17 0.020949565 
510 99 12 15 0.020934246 
778 20 12 14 0.020931734 
453 207 21 28 0.020931577 
909 0 11 12 0.020926595 
662 100 12 15 0.020916574 
781 97 17 19 0.020838924 
570 200 15 20 0.020834615 
356 74 11 14 0.020818576 
48 32 12 14 0.020805042 
543 20 11 15 0.020742934 
757 29 12 14 0.020671941 
104 40 11 14 0.020625992 
638 84 13 16 0.020615552 
461 68 13 15 0.020604745 
255 177 15 20 0.020599876 
536 202 11 16 0.020587405 
916 189 11 15 0.020583136 
453 107 11 15 0.020558165 
1 45 9 14 0.020489456 
779 75 12 15 0.020485945 
275 139 11 14 0.020417668 
450 115 13 16 0.020408813 
262 134 11 13 0.020392898 
461 52 11 12 0.02034835 
370 211 11 15 0.020305635 
310 114 12 16 0.020213427 
240 137 12 16 0.02016678 
95 11 11 15 0.020134894 
171 52 10 12 0.020032931 
260 157 12 13 0.020013975 
677 76 11 14 0.020013245 
