27_Spa_Spa_27_782
18
407 172 84 113 0.99442035 
859 -1 32 25 0.100243784 
961 54 54 70 0.057144906 
826 0 42 30 0.048718244 
321 115 386 395 0.04751717 
363 338 27 31 0.043138802 
596 366 37 35 0.03237349 
631 14 9 10 0.030377263 
-7 241 387 493 0.028831055 
655 502 9 11 0.026189039 
104 151 16 20 0.025065685 
915 -6 108 119 0.024127308 
570 350 61 55 0.023780406 
558 277 36 36 0.022628939 
509 333 119 98 0.021655487 
677 16 9 11 0.021460919 
-169 75 558 453 0.02132234 
665 464 8 11 0.020076282 
