27_Spa_Spa_27_109
18
311 380 157 105 0.47706166 
431 20 421 501 0.07389468 
196 361 60 59 0.06612515 
290 266 50 74 0.058301043 
571 263 445 462 0.05671982 
189 338 95 95 0.045776673 
247 438 59 63 0.03618698 
209 554 162 185 0.03496271 
220 399 103 99 0.032255724 
210 367 94 96 0.031430036 
373 369 42 37 0.026483666 
287 -43 364 516 0.02438431 
254 306 33 38 0.023265423 
343 375 90 69 0.023066279 
237 332 31 37 0.021694707 
175 373 64 68 0.021553274 
320 340 230 222 0.021237027 
269 400 103 106 0.020010725 
