27_Spa_Spa_27_225
25
56 160 497 397 0.2753053 
279 255 229 229 0.25715432 
534 399 43 36 0.24445039 
519 382 76 63 0.13457614 
481 382 134 104 0.11005488 
431 368 239 163 0.08680226 
895 200 7 9 0.045559976 
521 405 39 35 0.044097148 
657 206 8 12 0.042818423 
626 5 45 57 0.034581248 
218 220 44 55 0.032802206 
532 402 18 20 0.029786553 
975 232 8 10 0.02583684 
969 231 8 9 0.025241127 
802 102 8 10 0.023636334 
953 176 8 9 0.022807539 
528 392 31 34 0.022538077 
149 241 52 57 0.021742476 
925 208 8 9 0.021695416 
881 207 7 9 0.021679422 
921 207 7 10 0.021507826 
942 240 8 10 0.021074029 
911 214 8 10 0.020504884 
785 120 8 9 0.020479055 
808 126 8 9 0.020420216 
