27_Spa_Spa_27_512
80
356 627 97 109 0.9985831 
505 151 24 27 0.29882836 
42 906 14 17 0.19905788 
600 752 8 10 0.12566139 
634 744 8 10 0.093073264 
688 721 8 9 0.086797945 
441 89 197 226 0.07082588 
679 733 9 10 0.06929553 
704 750 9 10 0.06261403 
116 850 18 23 0.061855085 
687 999 61 72 0.05876868 
547 757 8 11 0.058108047 
887 1074 26 30 0.057230826 
653 516 12 14 0.054928083 
545 753 9 10 0.05421927 
686 726 9 10 0.051835317 
660 502 11 13 0.04792744 
681 728 9 10 0.045045402 
781 954 12 15 0.04059417 
759 703 10 13 0.038719263 
704 743 9 10 0.038690504 
710 743 8 10 0.038299136 
696 736 8 10 0.03823608 
701 736 9 10 0.037976768 
694 740 10 11 0.037856493 
337 760 324 432 0.03550775 
654 509 11 13 0.03474038 
601 511 8 10 0.034271732 
695 720 7 9 0.03366581 
673 726 7 10 0.03342978 
558 744 8 10 0.033145614 
622 813 10 12 0.03312418 
574 819 13 18 0.03229362 
637 749 8 10 0.031806048 
570 767 8 9 0.031542026 
600 786 10 13 0.031029848 
584 735 7 9 0.030700268 
682 720 7 9 0.030172797 
560 728 9 10 0.030075416 
503 727 7 10 0.02980559 
654 772 9 11 0.029429626 
670 511 11 11 0.02865446 
996 1184 12 14 0.02818758 
695 759 8 10 0.027572583 
532 744 9 10 0.02748353 
697 712 7 9 0.027480528 
485 726 8 10 0.027008962 
899 1183 38 38 0.026949817 
582 791 8 11 0.02659812 
664 758 8 11 0.026055112 
549 751 8 10 0.02523284 
595 751 8 10 0.02487652 
868 774 10 14 0.024360094 
632 737 8 9 0.024302948 
592 525 10 11 0.024296276 
672 721 6 9 0.023505295 
663 711 7 10 0.023337485 
793 767 8 9 0.023213679 
488 711 9 10 0.023199935 
685 525 31 37 0.023087166 
624 488 8 8 0.023033047 
574 768 8 9 0.022902615 
591 496 7 9 0.022774301 
687 733 8 10 0.0227712 
622 736 8 9 0.022648139 
619 557 30 37 0.022585118 
778 711 8 9 0.02197266 
631 728 7 9 0.021951806 
648 501 10 12 0.021556057 
489 703 8 10 0.021265496 
29 930 17 19 0.021211179 
575 744 9 10 0.021176957 
688 741 10 12 0.020836487 
576 719 8 10 0.020826748 
591 736 8 9 0.020741094 
654 496 10 12 0.020538693 
103 860 14 18 0.020525498 
713 760 8 9 0.020392658 
554 744 7 9 0.020090198 
558 775 7 9 0.020086467 
