22_Picnic_Picnic_22_654
48
404 436 109 119 0.99829346 
398 766 362 456 0.19932844 
676 445 86 110 0.16790512 
509 301 9 13 0.091596864 
331 139 196 256 0.09091882 
373 852 113 99 0.08962133 
358 1095 98 125 0.07651953 
821 417 88 126 0.05660327 
410 1044 24 29 0.055961736 
430 872 69 68 0.055573273 
350 275 179 263 0.04508072 
554 372 8 11 0.04311556 
499 476 92 133 0.04233503 
748 300 39 52 0.040618747 
186 1116 34 38 0.04032611 
844 481 49 70 0.034320414 
236 58 364 471 0.03223113 
875 1316 46 52 0.030911116 
49 1010 345 451 0.030586628 
454 870 44 41 0.029911201 
373 834 78 71 0.026985822 
819 1308 47 58 0.026896361 
861 424 86 127 0.026820164 
583 327 9 11 0.026406646 
5 113 26 35 0.026189193 
583 319 8 10 0.025613653 
816 932 123 126 0.02533367 
587 374 7 10 0.025143662 
419 1053 15 18 0.024704352 
88 886 458 454 0.024214912 
551 328 9 11 0.024007784 
583 383 8 11 0.023957888 
447 126 9 12 0.023843218 
868 971 15 14 0.023823757 
746 1306 31 46 0.023727797 
983 568 16 20 0.02361803 
546 774 81 115 0.023503052 
552 335 9 11 0.023031415 
557 336 8 10 0.022439413 
393 1082 116 130 0.022252081 
541 484 87 138 0.02222815 
668 972 127 158 0.022167632 
521 1086 52 51 0.022101311 
581 853 366 449 0.022027804 
519 349 9 11 0.021999085 
578 385 7 9 0.021987416 
591 292 8 11 0.021719074 
-59 202 409 463 0.02117102 
