22_Picnic_Picnic_22_152
69
128 233 39 64 0.97909194 
407 218 39 44 0.9309494 
594 146 40 45 0.88993996 
862 386 41 76 0.84488434 
108 365 45 72 0.31128162 
180 420 40 35 0.29699668 
618 462 24 26 0.29142433 
316 389 33 36 0.18959741 
707 420 20 21 0.18740125 
603 418 37 44 0.12901175 
23 619 156 117 0.08697357 
324 393 18 19 0.07917862 
641 422 25 28 0.07907434 
-35 573 274 176 0.073875815 
690 427 17 18 0.06470741 
297 397 33 37 0.05966143 
718 357 11 14 0.057316616 
91 394 35 54 0.05708667 
453 579 72 55 0.056195643 
606 546 36 39 0.05610741 
418 201 32 48 0.053322155 
447 557 38 48 0.045616347 
437 567 59 60 0.043288913 
933 360 64 68 0.04281524 
615 466 15 17 0.041923877 
688 417 30 31 0.04123871 
389 217 24 37 0.04092698 
719 362 13 16 0.040625885 
364 509 14 16 0.03962034 
679 462 105 116 0.038929086 
425 485 28 29 0.03800302 
720 368 29 31 0.03729436 
697 378 18 18 0.035922542 
657 387 27 36 0.03499683 
241 715 61 55 0.03421065 
854 359 78 112 0.03376091 
606 425 50 62 0.033239417 
455 562 107 90 0.032685373 
42 368 49 65 0.031150449 
375 348 51 50 0.030914657 
699 386 14 14 0.029812459 
690 376 30 30 0.02977808 
582 539 56 66 0.029226756 
669 390 49 50 0.029171742 
596 44 26 27 0.029070856 
917 344 76 57 0.028506652 
624 413 49 57 0.02755782 
678 443 12 16 0.026252484 
929 389 61 65 0.0256945 
611 555 17 21 0.025694294 
306 402 19 22 0.024892256 
694 375 14 15 0.024544606 
876 339 106 90 0.024145292 
713 358 24 28 0.02392272 
713 424 31 34 0.023655543 
38 387 31 50 0.023107782 
397 232 30 36 0.022886181 
660 412 45 49 0.022161929 
705 377 18 18 0.022143181 
853 398 32 56 0.021537881 
654 535 15 19 0.02092671 
304 395 46 60 0.02064592 
506 288 57 59 0.020624172 
663 402 12 16 0.020351404 
631 465 103 111 0.020330196 
697 368 29 30 0.020319905 
353 502 33 30 0.020162495 
161 484 57 62 0.020136435 
540 282 38 44 0.020058777 
