22_Picnic_Picnic_22_594
22
497 269 50 67 0.9981949 
787 310 55 73 0.97926015 
142 3 12 14 0.06778136 
100 416 32 40 0.06085385 
981 259 42 80 0.055841397 
413 30 11 13 0.041103207 
925 225 92 117 0.035598684 
708 290 47 51 0.033663582 
524 3 14 16 0.032316912 
450 66 16 19 0.026621796 
53 393 23 30 0.026412526 
846 243 76 109 0.025483899 
593 305 17 22 0.025446849 
420 43 23 27 0.025202084 
9 403 14 18 0.024376847 
430 3 15 19 0.023482732 
32 406 18 21 0.023009956 
127 388 12 17 0.022883011 
813 291 57 77 0.021528376 
1012 332 12 22 0.020690821 
3 396 15 20 0.020485083 
162 408 26 33 0.02002885 
