22_Picnic_Picnic_22_541
241
84 629 55 64 0.98991334 
86 348 13 19 0.6872659 
360 1110 12 16 0.44235227 
552 107 13 16 0.29814973 
993 143 15 20 0.22169511 
906 846 15 16 0.1976067 
309 192 22 25 0.1964378 
534 115 9 12 0.18573329 
642 81 14 16 0.15716213 
685 154 10 12 0.14832401 
774 1304 10 12 0.12842226 
970 112 15 18 0.12645955 
431 1071 8 10 0.11197872 
294 232 18 18 0.09205721 
253 323 36 35 0.09155638 
568 12 9 11 0.088859856 
653 1097 13 14 0.08461223 
484 82 13 15 0.079546936 
583 50 10 13 0.07746687 
788 95 10 13 0.07731164 
590 12 9 10 0.07632159 
922 76 12 15 0.07399424 
600 99 10 12 0.07214454 
432 1076 9 11 0.06864331 
757 1304 8 11 0.06859406 
942 84 10 13 0.06767348 
449 1072 9 11 0.06641286 
102 335 10 13 0.06558547 
281 231 11 13 0.065268844 
770 405 19 21 0.06392091 
580 103 9 11 0.06391743 
908 878 23 29 0.063463256 
606 15 8 11 0.062205534 
693 151 11 13 0.061214626 
899 891 12 14 0.0595179 
644 72 11 15 0.058594596 
845 45 12 15 0.05689324 
650 150 15 18 0.055674963 
718 56 10 13 0.05551324 
750 92 8 11 0.055228263 
838 46 13 16 0.054747913 
917 890 13 16 0.05418013 
653 85 10 13 0.053625613 
464 1070 11 13 0.05282607 
469 1084 12 15 0.052345585 
709 282 9 10 0.052110486 
252 237 14 16 0.05160091 
477 886 14 16 0.051219337 
607 108 9 11 0.050076906 
519 192 8 11 0.049216863 
897 880 25 27 0.04915851 
462 158 9 11 0.049066395 
464 1086 11 14 0.04880261 
686 285 9 9 0.048561547 
62 319 12 15 0.04855875 
436 1078 10 12 0.048375107 
761 69 10 14 0.04806254 
750 54 8 10 0.047144685 
325 287 17 19 0.04689195 
50 357 10 14 0.045841947 
427 1072 8 10 0.04581445 
263 966 60 72 0.044741478 
166 335 10 12 0.04348056 
351 257 32 36 0.043433435 
886 872 13 17 0.04320139 
617 108 8 11 0.04314488 
426 1077 8 10 0.042334426 
900 866 15 17 0.04166886 
453 1071 10 13 0.04166425 
493 81 13 15 0.041599948 
317 179 10 12 0.041510813 
784 87 11 12 0.041347224 
574 15 8 10 0.04115722 
102 346 13 17 0.04030045 
53 903 7 9 0.040063694 
680 131 11 13 0.039967086 
889 866 17 20 0.03972793 
705 284 9 11 0.039401893 
606 102 9 11 0.039238308 
933 149 10 12 0.03914295 
907 866 14 17 0.038792156 
64 345 12 16 0.0384548 
846 111 9 11 0.038155515 
434 1132 9 12 0.037878964 
797 78 9 10 0.03778816 
9 362 12 15 0.03771466 
305 290 12 14 0.037421137 
694 1070 8 10 0.037225183 
889 142 8 10 0.0367254 
436 1084 12 16 0.036656898 
721 1144 8 9 0.03643827 
437 1071 9 11 0.03626569 
576 44 12 16 0.036204007 
685 128 9 11 0.03600028 
545 96 7 9 0.035774726 
48 352 10 12 0.03553843 
1006 70 9 11 0.034829233 
785 99 11 13 0.034807958 
553 165 9 11 0.03474019 
588 51 9 14 0.03449924 
469 1077 11 14 0.034495268 
724 55 10 12 0.034155827 
864 110 8 10 0.034116153 
893 136 8 10 0.03398489 
185 344 8 10 0.033829834 
103 338 13 16 0.03377827 
174 349 9 12 0.0333637 
610 1072 8 10 0.03326763 
633 77 10 14 0.0330877 
767 86 8 11 0.032806955 
584 5 9 11 0.03271983 
508 182 9 12 0.032491233 
801 117 10 12 0.03207732 
92 342 11 15 0.031975586 
942 71 8 10 0.031374525 
428 1102 11 14 0.030951012 
293 215 11 14 0.030920431 
700 156 10 12 0.030862587 
496 192 9 11 0.03052153 
757 1173 11 13 0.030269047 
638 90 10 13 0.030201051 
52 364 10 12 0.030023312 
633 84 10 13 0.02963592 
906 857 16 19 0.029626735 
662 1071 8 10 0.02956478 
536 103 8 10 0.029437378 
248 243 11 13 0.029412815 
782 1305 9 11 0.02928889 
737 71 9 10 0.029084038 
422 1107 13 18 0.029036168 
109 373 56 61 0.029025266 
170 154 51 69 0.029015793 
500 83 10 13 0.028803738 
198 334 8 9 0.028551796 
667 381 16 20 0.028261477 
797 1218 12 16 0.028118502 
678 1079 8 10 0.027922437 
802 1161 34 41 0.027899308 
643 1117 46 53 0.027792929 
724 12 11 14 0.027685186 
880 159 9 11 0.027628973 
431 1126 10 13 0.02761779 
78 316 12 14 0.027547013 
574 39 10 14 0.027522573 
450 103 8 10 0.027504914 
274 1119 30 39 0.027424702 
478 119 7 10 0.0273259 
710 44 10 13 0.02712668 
656 1089 10 12 0.027126351 
1013 91 9 12 0.026794972 
750 48 8 10 0.026542904 
354 252 17 20 0.026387982 
477 1136 15 21 0.025875796 
31 356 10 12 0.02584536 
850 44 14 17 0.025772326 
575 1150 10 11 0.025663732 
713 1069 9 9 0.025380582 
638 103 9 11 0.025274158 
159 337 12 15 0.025243118 
614 94 9 11 0.025210105 
159 1039 10 12 0.025154568 
462 1091 13 18 0.025037613 
476 442 13 15 0.024992999 
460 1098 13 17 0.02486298 
7 350 8 10 0.024837738 
554 160 10 12 0.02480071 
245 253 12 13 0.024784282 
633 92 10 13 0.024741508 
574 7 10 12 0.024705691 
236 329 41 39 0.024688572 
606 95 10 13 0.024662692 
571 799 58 84 0.02461698 
243 285 33 33 0.024502482 
882 165 9 13 0.024499463 
258 298 25 28 0.024412822 
760 84 8 11 0.024106493 
249 1079 10 12 0.024055488 
658 1070 7 10 0.024051337 
745 38 7 10 0.023999525 
184 350 8 10 0.02386549 
378 1044 11 15 0.023759054 
759 1165 11 12 0.023648346 
230 306 57 55 0.023511779 
632 1104 8 9 0.023484651 
694 281 7 9 0.023291381 
167 357 11 13 0.023206268 
480 52 12 15 0.02317068 
686 146 21 24 0.02312743 
551 97 8 10 0.02304961 
88 1179 11 15 0.023048943 
412 1071 10 12 0.023017129 
711 1165 11 15 0.022859722 
399 1039 96 125 0.022817113 
607 1120 8 10 0.022717036 
969 141 9 12 0.022627367 
958 129 9 11 0.022521688 
561 7 11 13 0.022451809 
208 335 9 9 0.022442747 
984 134 9 12 0.022351272 
503 191 8 11 0.022346621 
268 251 13 14 0.022267107 
149 93 8 11 0.022217466 
577 1128 8 10 0.022209842 
512 190 8 11 0.022073748 
396 1069 11 13 0.022051003 
365 237 11 13 0.022001443 
157 366 12 16 0.021958493 
376 1115 10 14 0.02186531 
263 1131 10 13 0.021817064 
833 46 10 15 0.0217824 
540 116 10 13 0.021757016 
85 323 10 13 0.021712223 
577 107 9 12 0.021689152 
686 164 13 17 0.021626903 
872 103 8 10 0.02151492 
269 1100 11 16 0.021453353 
65 366 10 12 0.0214313 
184 181 33 40 0.021397786 
893 885 16 19 0.021232326 
608 1109 8 10 0.021198176 
891 859 15 18 0.021147005 
683 286 7 9 0.021115752 
958 134 9 11 0.020937977 
644 88 12 14 0.020915156 
265 331 21 22 0.020590141 
222 349 10 11 0.020571755 
920 84 9 11 0.020525929 
101 329 9 11 0.020457113 
144 127 9 12 0.020442853 
728 282 8 9 0.020441955 
769 1308 11 11 0.020415626 
721 87 8 11 0.020368308 
449 96 9 11 0.020335209 
728 87 8 10 0.020223988 
1008 77 8 10 0.020206884 
920 923 12 16 0.02014481 
549 98 103 138 0.02011548 
150 348 11 14 0.020104323 
75 903 11 14 0.020079734 
252 309 30 33 0.020071272 
55 253 13 15 0.020011596 
