22_Picnic_Picnic_22_208
35
113 292 70 90 0.99843353 
705 214 80 97 0.97423404 
185 465 41 45 0.2134274 
220 569 54 51 0.12596355 
185 569 63 49 0.11518283 
564 527 10 12 0.094235666 
9 457 15 18 0.08949524 
445 502 10 11 0.076697476 
241 508 34 36 0.05757132 
499 545 13 18 0.05557339 
392 470 10 11 0.0503933 
406 478 8 9 0.03991637 
186 492 31 36 0.036505654 
358 536 9 10 0.033846304 
335 583 11 14 0.031597834 
525 528 8 9 0.031492427 
742 227 68 79 0.031490814 
398 471 8 10 0.029298367 
545 550 8 11 0.025787773 
1 460 10 16 0.025633866 
318 512 9 10 0.025235783 
497 542 11 14 0.025204042 
501 484 11 12 0.024450067 
367 535 8 10 0.023940252 
5 438 9 12 0.023762235 
502 536 11 15 0.023715822 
-20 308 451 486 0.023472328 
357 486 9 11 0.023335328 
427 461 9 10 0.022953447 
3 463 18 20 0.02275694 
23 451 14 18 0.022042273 
327 533 11 13 0.021913089 
334 584 30 31 0.02152463 
759 422 137 156 0.020450102 
225 470 47 50 0.020031396 
