22_Picnic_Picnic_22_933
36
713 40 165 183 0.9932841 
641 188 60 54 0.963619 
224 9 179 223 0.80747235 
1 482 20 25 0.7947993 
631 406 48 47 0.6586162 
341 595 32 35 0.46068472 
708 300 34 39 0.21646729 
147 544 55 73 0.2086714 
12 6 350 443 0.18867521 
725 294 28 38 0.111662515 
5 548 44 52 0.10364552 
694 308 33 34 0.098776184 
514 574 13 19 0.08605573 
157 59 208 238 0.08268064 
181 538 19 21 0.08223412 
321 625 26 29 0.079429805 
743 278 52 63 0.044371214 
716 264 26 33 0.039777227 
666 191 55 57 0.03788801 
903 390 101 121 0.035839558 
543 593 16 20 0.033816326 
125 557 11 15 0.031574614 
500 565 13 17 0.031185172 
113 163 138 183 0.03023491 
480 580 12 17 0.028361708 
694 274 52 57 0.02757173 
171 526 29 29 0.026412234 
507 565 15 18 0.025689913 
499 75 403 446 0.023550987 
228 628 25 29 0.022774475 
50 581 24 31 0.021624412 
722 272 15 19 0.02104377 
167 537 32 36 0.021038378 
1 534 33 42 0.020805579 
343 580 14 16 0.0204305 
707 286 13 15 0.020236427 
