22_Picnic_Picnic_22_140
76
566 368 24 30 0.9945956 
312 341 26 35 0.9887761 
418 350 24 26 0.98544794 
785 380 26 33 0.9448549 
637 387 22 25 0.5403229 
922 431 16 24 0.4997479 
921 374 22 29 0.47941515 
877 377 31 33 0.26091772 
892 425 23 32 0.18740791 
613 449 22 37 0.18502626 
460 426 14 20 0.1647009 
928 378 24 28 0.10825725 
869 375 25 28 0.09525787 
630 379 23 28 0.074043915 
907 375 22 30 0.06570309 
885 389 32 44 0.06372201 
395 419 27 36 0.063316375 
626 371 16 19 0.061801367 
438 445 13 18 0.059150886 
903 423 21 33 0.05551105 
917 371 16 25 0.05410331 
81 361 29 35 0.050449148 
663 414 37 53 0.048815936 
552 407 14 20 0.0486092 
898 384 17 23 0.04842242 
857 411 24 38 0.04480603 
67 414 23 38 0.043159008 
381 451 12 14 0.042205367 
678 418 26 35 0.039392166 
395 396 17 23 0.038948588 
924 364 26 31 0.03841417 
595 527 25 42 0.03832613 
635 364 13 17 0.036493693 
0 374 10 16 0.03526046 
619 454 34 38 0.035215214 
634 370 16 20 0.034818396 
798 364 14 17 0.033857554 
937 369 18 23 0.03242017 
451 416 22 33 0.031951923 
649 368 22 27 0.031877473 
799 382 26 31 0.031513743 
744 447 10 11 0.031410925 
393 401 26 38 0.03136116 
478 464 14 17 0.030633636 
390 428 14 17 0.030206818 
619 410 17 18 0.029519146 
788 373 17 24 0.02887818 
351 472 12 15 0.028079297 
530 436 10 14 0.027692428 
645 378 24 28 0.026788414 
62 334 10 13 0.02626836 
792 364 25 29 0.026048064 
622 390 27 31 0.025855053 
618 374 21 30 0.025374897 
288 363 11 16 0.02529804 
461 447 13 18 0.025209524 
315 334 14 18 0.024821766 
598 450 26 38 0.023455175 
946 378 16 22 0.02316594 
471 565 13 15 0.022720104 
887 409 38 47 0.022598151 
683 459 38 52 0.02252194 
582 576 28 41 0.022365766 
733 448 50 48 0.022188593 
630 358 13 16 0.022091111 
657 363 13 16 0.022035202 
600 457 39 52 0.02138999 
956 423 15 22 0.02125544 
922 417 26 38 0.020877646 
272 549 12 14 0.02039066 
861 393 30 42 0.020388572 
20 350 185 264 0.020386001 
643 456 30 38 0.020347184 
858 368 23 30 0.020312853 
755 444 12 14 0.020268947 
425 377 15 19 0.020109845 
