22_Picnic_Picnic_22_290
130
415 411 28 37 0.9997962 
344 411 28 41 0.99919707 
617 417 28 36 0.99589217 
280 425 19 35 0.98127043 
550 429 22 35 0.42379716 
895 77 13 16 0.26507854 
807 3 11 13 0.2417121 
612 513 27 32 0.18338591 
601 426 15 20 0.17725609 
951 55 8 9 0.15768218 
861 70 10 12 0.15038799 
918 31 8 11 0.14926761 
903 12 12 15 0.121863194 
819 23 10 12 0.11009869 
967 3 9 12 0.1090517 
931 54 8 10 0.10270579 
822 14 9 11 0.10041343 
306 447 17 22 0.098274775 
960 21 8 10 0.08940307 
835 27 11 14 0.08773488 
884 30 13 13 0.08132703 
941 63 9 10 0.08011412 
920 64 9 12 0.079647265 
952 74 10 12 0.07755078 
833 23 10 13 0.072124735 
983 54 7 9 0.06810317 
909 22 9 10 0.059425738 
976 23 7 9 0.058312654 
910 61 9 12 0.057611555 
1006 37 8 10 0.05486428 
878 66 10 12 0.05300623 
912 78 8 12 0.052135315 
936 1 11 10 0.05037067 
993 63 8 10 0.05032841 
961 63 9 11 0.048545625 
823 9 10 11 0.048220597 
961 45 10 12 0.04782573 
285 523 11 13 0.04698425 
943 33 10 11 0.046644833 
923 68 10 13 0.04581158 
812 6 10 12 0.0451824 
958 69 11 13 0.044168483 
941 4 10 11 0.04394421 
856 5 9 12 0.04366859 
990 32 8 11 0.043195307 
938 31 8 10 0.043013554 
697 0 9 9 0.04227811 
924 62 11 13 0.0416162 
432 323 430 463 0.041094266 
726 30 10 12 0.04020939 
908 8 12 12 0.039791297 
984 7 9 11 0.039639223 
181 193 27 40 0.03938634 
234 433 15 25 0.03923507 
679 9 9 9 0.038635135 
829 13 10 11 0.03830632 
925 15 9 11 0.037494086 
816 37 9 12 0.037450846 
877 91 9 11 0.03734643 
966 40 8 10 0.036620937 
968 85 11 13 0.03649529 
789 48 9 10 0.035768416 
311 373 31 38 0.035589717 
942 68 9 12 0.035078425 
975 30 8 10 0.03448942 
802 5 10 12 0.033853836 
849 15 10 12 0.033633593 
952 48 9 11 0.03350607 
1000 54 8 11 0.033035118 
743 12 9 12 0.03296936 
321 368 17 20 0.03233953 
991 14 8 10 0.030952692 
862 4 11 11 0.030283406 
702 4 9 11 0.030005518 
560 438 15 23 0.029754216 
799 23 10 12 0.029673737 
974 4 10 11 0.029666407 
1001 16 7 9 0.029487606 
903 0 9 9 0.029251313 
1004 30 9 11 0.028590705 
264 430 25 31 0.02852608 
558 370 23 26 0.028247867 
1005 95 11 14 0.028088726 
919 7 10 12 0.027181346 
230 427 13 22 0.026951391 
170 201 28 35 0.0268891 
888 61 9 12 0.026433446 
686 9 8 10 0.026273947 
905 62 10 11 0.025997305 
889 80 11 13 0.02598473 
942 87 10 11 0.02598317 
893 61 9 11 0.025828477 
921 13 9 11 0.025807057 
696 373 27 32 0.025539258 
913 83 9 12 0.025425432 
982 94 9 10 0.025402447 
965 15 8 10 0.025257854 
886 84 10 14 0.025004424 
948 32 10 11 0.024655923 
712 7 9 11 0.024417853 
978 54 8 10 0.024287757 
300 407 25 36 0.023733372 
751 29 10 12 0.023706919 
615 424 16 22 0.023695705 
937 61 10 12 0.02360333 
901 70 10 13 0.023532303 
929 49 8 10 0.02311227 
934 47 8 11 0.022976438 
903 102 10 13 0.022790974 
951 15 8 10 0.022780556 
972 78 11 13 0.022711258 
889 103 8 11 0.02266387 
880 80 10 12 0.022394614 
927 21 9 11 0.022392223 
873 89 10 12 0.022356873 
286 432 22 33 0.022333438 
277 420 17 26 0.02232465 
964 68 9 11 0.022132048 
997 70 8 11 0.022076745 
860 63 10 13 0.021729 
304 384 32 42 0.021669105 
246 175 48 54 0.021657282 
700 413 17 21 0.02158522 
911 57 8 10 0.02131637 
781 31 11 13 0.020974344 
992 23 8 9 0.020934641 
714 12 8 11 0.020877037 
534 438 41 51 0.020765487 
977 17 8 10 0.020143457 
671 391 416 511 0.020013941 
