22_Picnic_Picnic_22_732
1266
282 601 13 18 0.94249254 
585 540 9 12 0.89572656 
847 618 15 18 0.83133644 
427 573 9 12 0.79201543 
148 590 11 14 0.7586997 
607 610 11 15 0.7449786 
668 626 16 17 0.6888675 
576 557 10 13 0.68713385 
223 588 10 12 0.66013736 
240 573 12 14 0.6494351 
527 602 11 14 0.62629837 
295 544 8 11 0.6082203 
59 655 16 22 0.5391868 
790 547 9 12 0.5304262 
109 560 11 13 0.5158135 
517 560 10 12 0.49175796 
407 572 8 11 0.49045828 
724 581 11 15 0.47941533 
722 612 10 14 0.45715445 
215 608 10 12 0.4450861 
366 563 9 12 0.43625438 
182 558 10 13 0.42632744 
768 534 10 12 0.40529135 
656 589 10 14 0.40368962 
158 536 9 12 0.39921853 
255 583 10 13 0.3859473 
183 543 10 11 0.37269723 
150 522 7 9 0.34704745 
365 580 10 13 0.34472197 
591 588 9 12 0.3422581 
903 591 10 15 0.33857587 
990 569 9 11 0.334017 
561 541 9 11 0.32470652 
194 528 8 10 0.30291355 
210 551 9 10 0.30230734 
640 544 8 10 0.30217245 
737 589 9 12 0.3001201 
552 589 13 16 0.2984541 
502 544 10 13 0.28119385 
592 583 10 13 0.27880332 
366 576 10 12 0.266178 
184 548 11 12 0.2659165 
321 582 10 13 0.26401418 
241 555 9 12 0.25666967 
632 525 8 10 0.25482365 
261 534 8 11 0.24998192 
169 524 7 10 0.24949998 
336 613 13 16 0.24514864 
136 577 14 16 0.24081771 
744 634 12 14 0.23544167 
487 563 10 11 0.23473899 
144 594 11 14 0.23325486 
197 528 10 11 0.23269582 
628 604 9 11 0.22819008 
257 495 7 9 0.22695406 
88 526 7 8 0.22313914 
231 551 9 12 0.21449101 
507 582 10 13 0.2142545 
381 590 9 12 0.21119183 
215 630 13 16 0.21056217 
449 541 9 11 0.2013767 
327 521 7 9 0.19943643 
706 567 9 11 0.19846009 
759 624 10 14 0.1959457 
720 607 11 13 0.19356814 
510 575 10 11 0.19260977 
701 582 10 13 0.1878716 
171 521 6 9 0.18440145 
58 536 7 9 0.18412553 
1014 566 8 12 0.18226294 
472 559 7 10 0.18210539 
332 553 9 10 0.17896684 
238 535 8 10 0.17796804 
528 548 8 11 0.17640088 
944 583 11 13 0.17346095 
680 573 9 12 0.1729347 
233 525 9 12 0.1713024 
366 587 10 12 0.17120612 
831 495 7 9 0.17088917 
561 536 8 11 0.16844611 
257 535 8 11 0.1682628 
5 550 10 13 0.16558789 
154 534 8 11 0.16137153 
514 30 202 201 0.15949617 
889 512 6 9 0.159221 
425 527 8 10 0.1591451 
8 514 7 8 0.15859467 
513 526 8 9 0.15683648 
348 581 10 13 0.15674447 
537 573 10 12 0.15522301 
665 551 8 11 0.15490267 
664 572 9 11 0.15224116 
6 542 9 11 0.15177736 
896 519 9 11 0.15105273 
710 571 9 12 0.15097602 
174 520 8 10 0.15055467 
536 566 8 10 0.14969891 
257 520 7 9 0.14947654 
307 147 67 66 0.14879613 
925 535 9 12 0.14761904 
240 511 7 9 0.14741206 
968 534 11 14 0.14730489 
785 544 10 13 0.1471518 
63 567 9 11 0.14690422 
194 606 11 14 0.14644217 
342 518 8 10 0.14591691 
253 602 11 14 0.14510387 
617 549 9 12 0.14397055 
42 582 12 15 0.1434724 
392 599 9 12 0.14347036 
57 541 9 12 0.14295243 
716 550 10 12 0.14258114 
738 520 7 9 0.14192437 
513 564 11 12 0.14190263 
718 535 8 10 0.1403919 
629 567 10 13 0.137545 
343 528 7 9 0.13697344 
872 509 7 9 0.13356864 
73 551 9 12 0.13315243 
78 555 8 10 0.13181615 
400 557 9 11 0.13106875 
48 659 15 17 0.13027889 
581 571 13 15 0.12943031 
61 548 9 12 0.12851413 
345 559 8 9 0.12838283 
360 524 7 10 0.12774575 
7 517 7 10 0.12719068 
653 629 9 14 0.12654176 
470 525 9 11 0.12495901 
122 582 8 11 0.12330488 
694 627 11 15 0.122966 
889 534 8 9 0.12274397 
863 580 9 11 0.12266202 
654 511 7 9 0.12170983 
800 527 8 11 0.12123684 
815 502 7 8 0.12100728 
402 534 8 10 0.11976832 
624 600 9 13 0.1197437 
22 566 11 13 0.11848415 
447 625 9 13 0.11676684 
580 563 11 15 0.11616491 
526 535 8 10 0.11590358 
224 496 7 9 0.1157687 
509 588 9 12 0.114042535 
305 495 7 9 0.11350972 
234 532 10 12 0.113247246 
921 540 8 10 0.11295668 
733 624 12 14 0.1128648 
504 586 10 13 0.112459 
351 558 8 10 0.112003714 
24 519 7 9 0.111455224 
217 535 8 10 0.11123622 
337 518 7 10 0.11104146 
1006 565 10 13 0.110940136 
646 632 13 16 0.11016601 
711 526 8 9 0.10930995 
382 595 10 13 0.10910125 
621 548 9 12 0.1083253 
225 504 7 8 0.1083125 
294 525 7 10 0.108083494 
1 536 8 11 0.107993625 
238 519 8 10 0.10780726 
361 560 8 11 0.10771 
808 525 9 11 0.10769408 
345 540 9 11 0.10734747 
583 511 7 9 0.107335694 
345 535 8 11 0.10677525 
232 520 9 11 0.1067556 
465 526 9 10 0.10662474 
262 526 8 10 0.10574762 
402 565 9 12 0.10443109 
561 613 10 15 0.10441863 
72 496 7 9 0.10431816 
340 617 11 16 0.10429254 
61 542 10 12 0.10413605 
262 595 12 15 0.1039608 
783 533 8 10 0.10323823 
263 503 6 8 0.1032144 
429 521 8 9 0.1029872 
217 519 6 9 0.102514215 
74 516 9 11 0.102259964 
330 535 9 11 0.10156896 
178 511 7 8 0.10140952 
599 527 9 10 0.10059213 
512 521 8 8 0.100259095 
261 496 8 9 0.09957914 
826 495 7 9 0.09940561 
412 626 11 15 0.099279135 
263 590 9 12 0.0991662 
191 505 7 9 0.09912486 
488 517 8 10 0.09883721 
855 557 9 12 0.09785106 
632 521 7 9 0.097567305 
83 590 10 13 0.09740224 
182 584 10 11 0.09636539 
406 541 9 11 0.09632866 
742 520 9 10 0.096236944 
245 578 11 15 0.09614389 
312 560 8 9 0.09601104 
432 543 7 10 0.09565307 
262 520 7 9 0.09520806 
526 543 9 12 0.094956115 
288 495 8 8 0.09407356 
551 527 9 11 0.093619645 
507 550 10 12 0.09324159 
110 591 9 12 0.09284397 
46 548 8 11 0.09271929 
104 520 6 8 0.09267036 
240 540 8 10 0.09243601 
205 574 9 11 0.09204673 
701 548 10 12 0.09117643 
208 503 7 9 0.09093478 
858 494 7 9 0.09069395 
245 568 9 12 0.09063372 
935 510 7 10 0.090599 
465 496 6 8 0.09052206 
16 501 8 10 0.0904172 
608 504 6 9 0.090384476 
141 495 8 9 0.08971963 
430 504 7 9 0.08950923 
61 536 8 11 0.08941665 
196 597 11 13 0.08882181 
999 566 10 12 0.08821425 
409 579 9 12 0.08795066 
556 583 11 14 0.087890856 
401 527 8 10 0.0878884 
977 520 8 10 0.08780744 
823 512 7 10 0.087478615 
977 464 8 9 0.08713104 
156 607 9 13 0.08703093 
759 497 7 9 0.08668717 
807 542 9 11 0.086655386 
934 469 8 10 0.08639496 
151 552 8 10 0.08638837 
246 588 10 12 0.08633261 
120 497 6 8 0.085909665 
269 596 11 15 0.08582554 
208 635 10 12 0.085687526 
367 597 10 14 0.085471205 
406 550 8 10 0.08487701 
210 605 10 13 0.084609464 
313 579 10 12 0.08445131 
370 496 7 8 0.08440175 
902 524 7 10 0.08439316 
392 495 7 8 0.08427248 
189 545 9 10 0.08421061 
358 543 7 11 0.08414021 
329 555 9 11 0.08384417 
591 521 7 10 0.08364584 
696 533 7 10 0.08363607 
209 544 8 9 0.08320891 
753 534 8 11 0.083040215 
549 547 8 11 0.0829626 
973 537 10 13 0.08265297 
831 533 9 12 0.08259928 
71 536 9 10 0.08252486 
992 519 8 10 0.082116336 
224 509 7 9 0.08206129 
307 119 99 119 0.081686534 
271 494 7 8 0.08143118 
578 512 6 8 0.0813787 
323 520 7 9 0.081365936 
105 495 6 9 0.080923095 
946 548 13 15 0.080919154 
89 497 7 9 0.08088029 
245 553 9 12 0.08040477 
638 614 12 15 0.07977931 
597 586 9 12 0.07950823 
769 529 8 11 0.079371706 
590 573 10 12 0.07915091 
88 560 8 10 0.07907573 
895 572 10 14 0.07889473 
377 588 9 12 0.07854411 
290 604 11 14 0.0785336 
650 519 8 9 0.07847168 
864 519 7 10 0.078288175 
761 541 8 11 0.07815271 
39 527 7 9 0.07805727 
830 527 9 10 0.07802395 
397 599 8 11 0.07792037 
73 512 8 10 0.07777333 
458 582 8 10 0.07758021 
592 524 9 10 0.07669339 
262 564 8 11 0.076506875 
54 595 10 12 0.07571323 
901 566 9 12 0.07557823 
992 447 8 9 0.07526982 
521 535 8 10 0.075220704 
665 526 8 9 0.0750142 
934 465 8 9 0.074958295 
902 535 8 11 0.074790366 
654 518 7 10 0.0744203 
512 597 9 13 0.074071355 
351 589 9 11 0.07397748 
586 589 10 13 0.07350025 
487 512 9 10 0.07329124 
630 580 8 12 0.0732887 
472 522 8 9 0.07302014 
392 520 7 9 0.07284298 
375 583 8 11 0.07279407 
991 541 9 12 0.07264005 
346 503 8 9 0.07253777 
1006 601 11 15 0.07219419 
184 520 6 9 0.072115324 
78 513 8 10 0.071771525 
998 521 8 9 0.07173026 
713 542 8 11 0.0712213 
489 528 7 9 0.07108483 
208 598 10 13 0.07092811 
425 519 8 10 0.0708471 
545 518 6 9 0.07083247 
198 591 10 12 0.07080084 
416 519 7 9 0.07069325 
625 510 6 8 0.0704264 
584 518 8 10 0.06986997 
543 512 7 9 0.06977598 
456 557 7 10 0.06956455 
681 552 8 10 0.06920937 
571 557 10 12 0.0691505 
441 497 7 9 0.06896247 
783 511 7 9 0.06888904 
743 525 9 10 0.06881838 
-1 630 8 13 0.06864994 
305 559 7 10 0.068646036 
413 588 10 12 0.068520844 
716 631 13 18 0.06828862 
798 532 12 16 0.0682796 
127 519 8 10 0.06816089 
558 528 7 9 0.06814528 
248 596 11 15 0.06807723 
88 502 7 9 0.0678793 
160 512 7 9 0.067647405 
265 510 6 8 0.067574754 
664 520 7 9 0.06743898 
351 542 9 11 0.06730551 
189 573 10 12 0.06688116 
121 535 9 10 0.0668597 
135 543 8 10 0.06685914 
719 600 11 13 0.06678945 
514 510 7 8 0.06662177 
880 549 8 11 0.06645135 
413 581 10 12 0.06629752 
251 612 11 14 0.06623593 
225 551 8 11 0.06615631 
831 648 9 13 0.06590324 
676 634 11 13 0.065824285 
646 613 12 15 0.0654928 
271 489 7 8 0.06545659 
800 511 7 9 0.06539935 
65 503 8 10 0.06533581 
155 613 12 16 0.065185435 
198 496 7 8 0.06505671 
2 554 9 14 0.06493404 
950 526 8 10 0.064866714 
271 544 9 12 0.06479429 
519 598 12 16 0.06474355 
268 592 10 12 0.064656444 
846 511 8 10 0.064566195 
648 526 8 9 0.064558774 
319 504 9 11 0.06448064 
408 505 7 8 0.06439975 
329 487 7 9 0.064301915 
360 589 10 12 0.06419585 
344 512 8 10 0.063930705 
624 534 7 9 0.0639281 
536 528 7 10 0.06349813 
188 566 10 12 0.06318337 
318 559 7 9 0.06301024 
273 511 7 9 0.062908836 
728 637 10 14 0.06268891 
240 496 6 8 0.0626832 
70 542 9 10 0.06267148 
685 575 9 12 0.06227329 
869 580 9 12 0.062220976 
144 533 8 10 0.062158026 
290 521 7 8 0.06160054 
1001 596 12 15 0.061482932 
480 565 9 11 0.061364412 
450 519 7 9 0.061225325 
895 535 8 10 0.061190717 
1 497 7 10 0.06112969 
856 533 8 10 0.06098588 
600 532 9 11 0.06034708 
998 534 10 12 0.06006808 
958 532 12 14 0.059983246 
678 568 8 11 0.059928283 
857 488 7 10 0.05989054 
673 567 8 11 0.059722967 
488 532 9 11 0.05969577 
522 540 9 12 0.05968935 
546 542 9 12 0.059605327 
359 639 9 11 0.059510168 
625 571 10 13 0.059360474 
190 581 9 11 0.05927528 
598 548 8 11 0.05916201 
63 519 9 9 0.05906308 
102 542 8 11 0.05902556 
294 480 7 9 0.05902292 
183 537 7 10 0.058688153 
650 504 7 9 0.058574606 
936 504 7 10 0.058440622 
997 540 10 12 0.058266453 
805 616 9 12 0.057841778 
242 503 7 9 0.057829075 
751 511 7 8 0.05779112 
783 557 10 12 0.057579152 
984 541 9 12 0.05756672 
878 462 8 10 0.057515997 
584 580 10 14 0.057502378 
717 541 9 11 0.05743197 
999 604 11 15 0.057393584 
983 503 7 9 0.057256978 
383 489 6 9 0.057226814 
265 488 7 9 0.057167802 
535 560 9 11 0.057119504 
921 480 8 10 0.057029992 
847 559 9 11 0.057010114 
518 527 7 9 0.05693117 
568 551 9 12 0.056793794 
751 527 7 10 0.056642883 
704 572 10 12 0.05659168 
498 542 8 12 0.056553166 
257 500 8 10 0.05609603 
232 497 7 9 0.05577536 
262 540 10 13 0.05516063 
697 543 8 10 0.05514316 
646 542 7 11 0.055116236 
756 645 13 15 0.05506869 
127 535 7 9 0.055039246 
701 614 10 12 0.054800875 
151 556 8 11 0.05479149 
543 495 6 8 0.054721158 
277 511 8 9 0.054390613 
928 455 7 9 0.054244447 
178 541 9 11 0.054183967 
672 503 7 8 0.054056447 
701 605 9 12 0.053956214 
120 502 7 9 0.05386567 
695 512 7 9 0.05372829 
424 604 10 15 0.053726193 
429 525 8 11 0.053652 
553 519 7 9 0.05361683 
223 520 8 10 0.053382438 
258 563 8 11 0.0533187 
617 527 7 10 0.053293616 
146 526 8 9 0.05326171 
821 557 12 13 0.05316782 
160 519 7 9 0.053125028 
997 470 8 10 0.053056628 
504 535 8 10 0.05296278 
624 527 7 10 0.052864663 
368 602 10 14 0.052708708 
352 550 8 10 0.05265943 
727 621 10 13 0.052507743 
976 510 8 10 0.05250758 
39 520 6 8 0.052502673 
440 501 8 9 0.052501414 
799 504 7 8 0.05245144 
565 535 9 11 0.052422505 
640 535 7 10 0.052409045 
256 559 8 11 0.05227126 
310 494 7 9 0.052243426 
336 494 7 8 0.05186475 
249 527 6 9 0.051796615 
320 526 8 9 0.051796492 
662 596 10 13 0.05150646 
575 527 8 10 0.05140721 
416 560 7 10 0.05139328 
41 597 10 14 0.05135245 
401 552 8 11 0.05130506 
841 606 9 13 0.05128137 
541 578 10 13 0.05119616 
317 576 9 12 0.051165827 
385 494 7 9 0.051031906 
817 512 8 9 0.050959844 
793 520 7 8 0.050940756 
714 535 8 11 0.050811853 
729 528 6 8 0.050801322 
887 541 9 11 0.05076485 
104 526 8 9 0.050760113 
249 605 11 15 0.05073441 
42 543 8 10 0.050691757 
126 526 8 9 0.05063646 
823 517 8 10 0.05057804 
377 526 6 8 0.050439425 
440 609 12 15 0.050371334 
314 551 8 10 0.05026954 
206 526 7 10 0.05006798 
423 533 8 10 0.050045546 
981 465 9 9 0.050039846 
686 552 7 9 0.049942907 
398 589 8 10 0.04985594 
720 513 6 7 0.04982022 
294 521 7 9 0.049799636 
728 628 10 14 0.04979826 
655 534 8 9 0.049465768 
464 559 9 10 0.049049806 
976 524 9 11 0.049018446 
464 502 7 9 0.04897511 
334 540 9 11 0.048805486 
830 519 8 9 0.048638582 
257 525 8 10 0.048567493 
629 610 13 16 0.04849519 
378 511 7 9 0.048463274 
815 517 8 10 0.04842664 
135 559 8 11 0.048425708 
7 565 9 13 0.048406947 
260 582 9 12 0.048395395 
622 543 9 12 0.048333626 
424 510 8 9 0.048307106 
623 505 6 8 0.04827099 
399 521 8 8 0.04821691 
609 520 8 9 0.048166536 
690 513 6 8 0.04798317 
625 519 7 8 0.047932245 
165 535 8 11 0.047904283 
960 511 8 9 0.047714666 
291 548 8 10 0.047617033 
136 511 7 9 0.04759619 
122 519 7 9 0.04753994 
950 520 8 10 0.047367718 
993 470 9 10 0.04730014 
318 534 8 11 0.047119353 
847 518 7 9 0.04705637 
854 573 11 13 0.047032077 
663 603 12 15 0.04701085 
841 512 8 9 0.047002442 
848 505 8 9 0.04686686 
138 489 7 9 0.046849962 
441 622 11 15 0.046781443 
86 564 10 13 0.04671885 
912 534 8 10 0.04671089 
216 572 10 12 0.046575885 
639 527 7 10 0.04648848 
755 604 11 13 0.046477444 
733 637 12 15 0.04638314 
214 541 8 11 0.046235114 
159 558 8 11 0.04607376 
918 463 7 9 0.04605777 
591 546 9 12 0.04603319 
880 622 10 14 0.04595304 
602 603 11 17 0.045754883 
930 512 8 9 0.04569141 
3 517 7 11 0.045685403 
982 519 8 10 0.045514274 
162 495 7 9 0.045513842 
144 586 18 22 0.04550405 
815 497 7 9 0.045484684 
151 572 10 13 0.045403313 
944 510 7 9 0.045370463 
255 576 10 13 0.045364495 
810 495 7 9 0.045281745 
545 534 9 10 0.045263622 
710 579 11 15 0.04517418 
41 533 7 10 0.045066107 
454 552 8 10 0.04490159 
825 533 9 12 0.044899035 
999 524 10 11 0.044866107 
401 502 6 9 0.04485814 
759 535 8 11 0.044755545 
345 576 9 12 0.044738792 
80 568 9 12 0.04471813 
176 566 9 13 0.04455497 
768 608 9 11 0.044440966 
599 543 9 12 0.044423133 
712 520 7 9 0.044361506 
213 555 9 12 0.04431048 
862 489 7 9 0.04404414 
505 506 7 8 0.043961667 
690 502 6 8 0.043953 
256 490 7 8 0.043858327 
318 552 7 9 0.04376468 
634 549 8 10 0.04375181 
695 518 7 8 0.043706086 
912 557 10 12 0.043663878 
405 536 8 10 0.04346085 
352 564 9 11 0.043455023 
213 598 10 12 0.04341417 
214 620 13 17 0.043249503 
306 489 8 9 0.043236572 
15 565 11 13 0.043212313 
296 536 7 10 0.04297071 
986 571 10 12 0.042901773 
218 590 10 12 0.04285199 
805 645 10 13 0.04281551 
310 487 7 9 0.04279679 
290 502 7 10 0.04274867 
431 548 10 11 0.042698454 
146 627 14 18 0.04261822 
470 532 8 10 0.042557612 
601 597 10 14 0.042445313 
24 526 8 9 0.042407777 
293 587 12 16 0.042323433 
193 488 7 9 0.042299725 
841 518 7 9 0.042102132 
262 574 8 11 0.042089466 
417 535 8 10 0.04204287 
465 533 8 10 0.04198845 
389 574 8 11 0.041983888 
652 610 11 15 0.041966196 
5 537 9 10 0.04185805 
455 520 7 9 0.041653227 
768 551 8 10 0.04163295 
129 565 10 11 0.04158496 
106 563 10 12 0.04151903 
615 496 6 7 0.04141235 
737 525 7 9 0.041406613 
71 568 8 11 0.04138963 
446 559 9 10 0.041384265 
703 510 7 8 0.04136766 
166 598 9 11 0.041332223 
8 643 10 14 0.041331664 
485 621 12 14 0.04128553 
392 591 7 10 0.04117786 
592 505 6 7 0.041168246 
62 557 8 10 0.04115962 
519 511 7 8 0.041150235 
278 519 7 8 0.041133985 
503 556 10 13 0.041112866 
295 583 10 12 0.041060787 
696 528 7 9 0.04102307 
650 511 8 9 0.041014113 
690 518 7 8 0.040959843 
568 513 6 7 0.040903877 
914 464 7 9 0.040902413 
271 560 8 10 0.040734008 
696 496 6 8 0.040492117 
517 573 9 10 0.040467337 
511 531 9 11 0.04039254 
176 505 8 8 0.040332183 
770 518 7 9 0.04029381 
399 583 9 12 0.04012354 
414 596 10 12 0.040091 
769 588 9 13 0.040083773 
775 529 9 10 0.040000092 
249 535 6 10 0.03985941 
878 496 8 9 0.039781377 
897 524 10 11 0.03975388 
191 620 10 12 0.03972799 
952 531 11 14 0.03970087 
930 517 7 9 0.03961347 
332 607 14 18 0.039502416 
626 487 7 9 0.03942448 
44 594 12 15 0.03939778 
937 478 7 8 0.03934699 
704 558 10 12 0.039251678 
783 504 7 9 0.03901701 
783 409 221 255 0.038991846 
133 566 10 12 0.03899087 
944 554 11 15 0.03898602 
408 495 6 8 0.03889708 
15 543 8 11 0.038803637 
479 560 8 10 0.03869981 
205 580 10 13 0.038661566 
41 488 6 7 0.03862743 
888 516 9 12 0.03862593 
778 504 7 8 0.038617734 
822 644 9 12 0.0385653 
470 550 9 12 0.038562108 
935 535 9 12 0.038510934 
647 560 7 10 0.038504727 
820 640 9 12 0.038411994 
975 456 7 9 0.0383952 
662 623 13 17 0.038377985 
177 537 8 10 0.038370594 
86 584 8 11 0.038275853 
655 505 7 9 0.03822663 
122 527 8 9 0.03811612 
727 503 6 8 0.038083013 
746 503 7 9 0.03808163 
105 489 6 8 0.037983533 
704 505 6 8 0.037978347 
487 541 9 12 0.037971087 
982 536 8 11 0.03790875 
878 456 7 10 0.03782468 
345 497 7 9 0.037807126 
874 495 7 9 0.03776915 
407 634 13 18 0.037741948 
993 524 8 11 0.037694417 
760 501 7 9 0.03769132 
654 526 8 9 0.037678685 
878 503 8 9 0.03759032 
910 512 6 8 0.037402436 
634 543 8 11 0.03736426 
812 526 9 11 0.03734567 
166 496 7 9 0.03721994 
299 542 9 12 0.037207954 
981 596 9 14 0.03713541 
314 527 8 9 0.037092734 
328 512 7 8 0.037064325 
731 643 14 17 0.037061512 
544 594 11 16 0.03706001 
273 518 7 9 0.03704186 
424 541 8 10 0.037039243 
814 534 9 12 0.037003968 
785 518 7 9 0.03687293 
873 526 7 10 0.036849514 
550 532 9 11 0.036827117 
337 513 7 10 0.036802415 
407 489 6 8 0.03678445 
88 543 9 12 0.036754604 
374 495 7 8 0.03674711 
453 536 9 11 0.036736988 
249 496 7 9 0.03668596 
930 464 8 9 0.036640488 
776 550 8 11 0.036573365 
722 503 6 8 0.03654393 
328 606 11 15 0.0365288 
229 581 10 14 0.036414728 
423 612 10 13 0.036315277 
774 541 9 11 0.036140535 
126 31 47 82 0.036124367 
65 510 8 10 0.0359953 
393 502 7 8 0.035995085 
458 503 6 8 0.035972208 
881 543 7 10 0.03596407 
206 567 9 11 0.035950717 
390 542 9 11 0.035921924 
614 519 8 8 0.035911273 
346 552 8 10 0.035896618 
464 603 9 12 0.03583249 
408 509 7 8 0.035790116 
737 496 6 8 0.035782825 
506 520 7 9 0.03573693 
664 543 8 10 0.035722964 
378 489 6 8 0.035645124 
217 567 8 10 0.035521347 
200 520 8 10 0.035517547 
824 453 9 10 0.035517532 
95 548 8 11 0.035446208 
768 512 6 9 0.03541715 
141 490 8 9 0.0353587 
136 550 8 10 0.035357226 
711 555 10 13 0.03533924 
978 469 8 11 0.03523313 
995 600 20 29 0.03520908 
119 512 7 9 0.03515315 
321 496 7 8 0.035138186 
728 512 7 8 0.03510225 
440 560 10 11 0.03509763 
192 591 9 11 0.035083342 
519 520 8 9 0.0350621 
219 610 10 15 0.034969065 
665 534 7 9 0.034964975 
463 564 9 11 0.034868382 
390 535 8 10 0.034860633 
791 503 8 9 0.03485431 
216 526 7 10 0.034826722 
640 520 6 8 0.034809157 
287 564 10 12 0.034805436 
541 565 8 11 0.034786064 
303 502 7 9 0.034757685 
449 548 9 12 0.0347037 
983 547 10 13 0.03462137 
29 563 11 14 0.03457052 
157 589 10 14 0.034532968 
470 543 10 12 0.03448627 
887 548 9 12 0.034352835 
421 620 10 13 0.034349807 
167 489 6 7 0.034336545 
318 565 8 10 0.034334168 
856 580 10 11 0.034182236 
457 587 10 13 0.03416866 
409 521 7 9 0.034164656 
385 520 7 9 0.034119483 
337 526 6 10 0.03401878 
798 518 8 11 0.033989605 
879 510 7 9 0.033878837 
673 510 7 9 0.03386134 
606 526 9 11 0.03380212 
750 519 9 10 0.03365598 
724 598 10 13 0.033625133 
493 565 9 11 0.03357027 
42 547 8 12 0.033558097 
482 621 8 12 0.03354698 
221 535 8 11 0.03351229 
782 644 10 13 0.03350823 
406 620 13 17 0.033445127 
430 535 8 10 0.033405226 
685 598 10 13 0.033401553 
221 574 9 11 0.03333486 
511 603 11 15 0.033302605 
209 497 6 8 0.033299815 
444 604 11 15 0.033290688 
829 554 10 14 0.03328545 
671 520 8 9 0.033229858 
271 601 12 16 0.033193175 
669 551 8 11 0.0331806 
538 511 7 9 0.03315107 
142 502 8 9 0.03308508 
560 628 13 17 0.03304425 
624 580 10 12 0.0330139 
801 618 10 13 0.033006743 
930 469 8 10 0.032865103 
748 642 14 16 0.03283417 
716 564 11 13 0.03282858 
350 496 8 9 0.032828096 
46 494 7 9 0.032786805 
195 495 7 8 0.03277488 
826 526 9 11 0.032751925 
185 569 11 14 0.032735523 
400 496 6 8 0.032698855 
949 541 12 15 0.032692656 
150 583 11 16 0.032672524 
127 496 7 9 0.032647606 
991 512 8 10 0.032628056 
527 520 7 9 0.032555312 
679 512 7 8 0.032513678 
460 575 10 12 0.032499347 
32 526 8 10 0.032490388 
736 512 7 9 0.032479737 
983 509 8 11 0.032425646 
887 529 9 10 0.032395974 
326 573 9 12 0.03236862 
558 519 7 9 0.032326363 
152 566 10 12 0.032321475 
205 591 10 12 0.032305613 
569 564 10 12 0.032172013 
414 540 9 11 0.03213605 
222 567 8 10 0.032127313 
295 502 6 9 0.03204908 
748 630 12 16 0.03203607 
713 512 7 8 0.032000475 
160 489 7 9 0.031923633 
350 535 7 10 0.031850353 
167 502 7 9 0.03184823 
32 589 9 12 0.031828832 
831 501 8 9 0.03179776 
545 527 8 10 0.031758677 
719 259 370 459 0.031737603 
-10 54 124 194 0.031724352 
680 534 8 10 0.03171766 
630 488 7 9 0.031712256 
797 598 9 12 0.031528246 
56 529 8 9 0.031527337 
97 544 9 11 0.031503834 
740 641 15 18 0.03148634 
705 527 8 9 0.03146629 
424 600 8 12 0.031458486 
552 505 7 8 0.031434957 
272 526 8 10 0.031372704 
287 591 12 14 0.031340815 
643 618 14 17 0.03132281 
1016 516 8 12 0.031315316 
165 589 9 13 0.031310633 
825 489 7 9 0.031296216 
672 487 8 8 0.031286392 
716 653 10 13 0.03125146 
199 567 8 10 0.031169102 
791 571 12 16 0.031148909 
424 568 16 23 0.031045163 
991 607 11 16 0.031003451 
605 542 9 11 0.030950742 
644 641 14 19 0.030738732 
449 525 9 10 0.03069085 
327 505 7 9 0.030650413 
906 511 7 9 0.030589882 
368 502 7 8 0.030541714 
88 531 8 11 0.030537995 
513 506 6 8 0.03049653 
246 502 8 10 0.030471398 
538 496 7 8 0.030338487 
414 566 8 10 0.030283475 
313 521 7 8 0.030257449 
808 548 11 13 0.030217187 
896 496 8 10 0.03019552 
999 463 8 10 0.03016589 
167 573 9 11 0.030133752 
186 525 7 10 0.030069795 
751 504 7 9 0.030060181 
507 542 11 14 0.030039033 
699 628 11 15 0.030004041 
362 504 6 8 0.029960603 
736 607 11 12 0.02995131 
32 495 6 8 0.029943304 
65 496 7 9 0.029922763 
7 496 8 10 0.029813865 
902 540 8 10 0.029797912 
417 512 7 9 0.029774403 
943 543 11 14 0.029744044 
816 557 11 13 0.029730465 
177 488 6 8 0.029694902 
279 543 7 10 0.029595112 
342 626 9 12 0.029591197 
488 503 7 9 0.029574016 
1013 559 10 15 0.029569801 
895 557 9 11 0.029525321 
1012 603 10 17 0.029488958 
169 567 9 12 0.029486291 
958 527 10 12 0.029477445 
696 502 7 9 0.029447194 
385 535 7 9 0.029378919 
577 570 10 15 0.029371599 
535 532 8 11 0.02936294 
503 564 9 11 0.029346416 
375 595 11 15 0.029270025 
655 543 8 10 0.029173162 
744 557 10 12 0.029119229 
0 608 9 13 0.029073669 
582 536 17 22 0.029070763 
200 543 8 10 0.029064277 
382 512 7 8 0.029049559 
382 584 9 12 0.029043294 
62 526 8 9 0.029039271 
761 511 7 9 0.029028552 
840 556 11 13 0.029025301 
406 527 7 9 0.02892288 
86 522 8 9 0.028885536 
104 502 7 9 0.028852448 
231 502 6 9 0.028836954 
578 518 7 8 0.028825032 
94 564 7 11 0.028820263 
405 559 8 10 0.02877661 
2 512 6 10 0.028775223 
879 671 13 14 0.028759934 
485 549 10 12 0.02866573 
114 512 6 8 0.028498419 
407 596 11 13 0.028464505 
15 510 7 9 0.028409552 
216 511 7 9 0.028407248 
881 519 7 10 0.028406743 
840 613 12 15 0.028373595 
732 584 11 14 0.028357007 
864 524 7 10 0.028312134 
138 502 8 9 0.028234785 
641 635 12 15 0.028218614 
838 497 7 8 0.028215155 
711 598 10 12 0.028172493 
402 488 6 9 0.028169159 
296 510 7 9 0.028113883 
590 567 10 13 0.028108839 
855 501 8 9 0.028028078 
670 571 9 12 0.027969513 
573 553 17 23 0.027949445 
217 495 7 9 0.02794122 
177 584 9 12 0.02784969 
710 587 10 14 0.027824393 
247 599 19 24 0.027747216 
417 489 6 8 0.027720386 
655 623 10 14 0.027697427 
184 623 9 12 0.027510228 
632 532 8 11 0.02750002 
272 504 7 9 0.027452707 
112 489 6 9 0.027437024 
159 572 9 12 0.027433135 
669 557 8 11 0.027431585 
458 497 6 8 0.027420048 
726 533 8 10 0.027416786 
687 527 9 10 0.027412217 
69 502 8 10 0.027406914 
360 596 10 14 0.027365908 
537 520 7 8 0.027351271 
464 521 8 10 0.027350232 
768 494 7 9 0.02734294 
464 487 7 8 0.027336953 
614 573 10 13 0.027316218 
895 447 6 8 0.027305255 
703 598 10 12 0.027289098 
25 512 6 9 0.027228385 
112 495 8 9 0.027217587 
589 536 8 12 0.027203621 
577 563 21 25 0.027190471 
239 488 7 9 0.027089693 
383 615 10 13 0.027087385 
353 636 10 12 0.027069766 
225 556 8 11 0.027001439 
946 519 8 10 0.026964476 
808 511 7 9 0.026922472 
664 503 6 8 0.02690988 
89 549 9 11 0.026908336 
663 630 13 17 0.026899144 
22 502 8 9 0.026842332 
4 611 11 14 0.026842097 
390 89 85 107 0.026770625 
488 598 10 12 0.026760165 
912 458 7 9 0.026736934 
471 620 8 12 0.026710732 
32 520 7 9 0.026654957 
857 519 8 10 0.026634254 
262 630 12 16 0.026631078 
301 604 10 14 0.026628736 
480 549 9 12 0.026627444 
855 527 8 10 0.026463484 
232 543 9 11 0.026430445 
382 61 217 218 0.026408026 
567 497 8 8 0.026405014 
328 480 7 9 0.026387062 
542 560 9 10 0.026353652 
5 666 15 18 0.026347341 
208 509 8 10 0.026291994 
106 555 18 22 0.026286444 
367 488 7 8 0.026271006 
729 519 7 9 0.026231619 
120 541 9 10 0.026227897 
496 588 11 13 0.026219387 
609 487 6 7 0.026143158 
686 556 9 12 0.026136106 
176 496 7 8 0.02613191 
982 524 8 11 0.026091093 
448 512 6 9 0.026058156 
744 534 9 11 0.026047906 
391 583 9 11 0.02599114 
479 519 8 10 0.0259542 
605 533 9 11 0.02593621 
440 480 8 10 0.025899695 
719 529 8 9 0.025893897 
788 366 9 12 0.02583173 
551 599 11 15 0.02580771 
810 521 8 10 0.025782648 
135 535 8 10 0.025779242 
451 626 11 14 0.025756156 
361 487 7 8 0.025664628 
792 526 7 10 0.025651736 
239 595 11 15 0.025598658 
329 492 7 9 0.025582436 
620 588 11 15 0.025555963 
120 576 9 12 0.02554814 
655 605 11 16 0.02554384 
774 607 8 10 0.025542423 
629 586 10 14 0.025526399 
761 627 12 14 0.02550415 
992 536 9 12 0.025418602 
276 582 9 12 0.025404241 
929 527 7 10 0.025388107 
671 534 7 10 0.02537316 
495 574 9 11 0.025333282 
358 548 7 10 0.02531572 
584 489 6 8 0.025292646 
13 548 9 11 0.025282854 
40 511 7 9 0.025275052 
880 535 8 9 0.025236018 
345 587 10 12 0.025235327 
288 489 7 9 0.025220178 
234 573 9 13 0.025179321 
912 563 9 13 0.025146876 
217 583 9 12 0.025133608 
455 525 8 10 0.025114305 
94 559 7 10 0.025104076 
871 518 8 10 0.025090698 
845 564 11 14 0.025084894 
817 643 10 13 0.025009168 
575 589 11 14 0.025001947 
597 572 9 13 0.024979977 
865 503 7 9 0.024949452 
810 502 7 9 0.024929848 
894 512 8 9 0.02491786 
360 512 7 8 0.024917351 
359 643 11 14 0.024917293 
503 595 10 14 0.024795104 
669 526 8 10 0.024742553 
778 511 7 9 0.02473418 
376 519 8 9 0.024733504 
916 564 11 14 0.024732254 
1000 606 21 37 0.02470329 
642 495 6 8 0.024697712 
223 489 8 9 0.024680134 
527 557 9 12 0.0246698 
472 510 8 9 0.024642237 
1006 462 8 10 0.024637941 
656 567 10 12 0.024599984 
296 653 10 13 0.024599297 
345 480 7 9 0.024576727 
721 496 6 8 0.024524475 
743 572 9 12 0.024455342 
21 665 14 16 0.024388338 
929 449 6 8 0.024387622 
695 575 9 12 0.024358334 
862 535 8 9 0.024326848 
775 518 8 9 0.024293002 
584 525 8 10 0.024288625 
401 618 11 15 0.024265433 
30 557 12 14 0.024262344 
1015 525 9 12 0.024221126 
737 503 7 9 0.02421296 
527 592 12 14 0.024211112 
616 33 198 205 0.024204675 
682 604 10 13 0.024152823 
504 604 10 14 0.024148624 
47 535 7 9 0.02410125 
717 574 10 13 0.024095664 
482 511 7 10 0.024093615 
631 559 9 10 0.024086436 
373 604 10 13 0.024070954 
224 525 8 11 0.024029793 
587 583 18 23 0.024021795 
31 595 10 14 0.023970997 
505 510 7 8 0.023957284 
279 505 7 8 0.023950152 
903 558 8 11 0.023919838 
376 534 7 10 0.023898164 
784 496 8 9 0.023818336 
960 504 8 10 0.023753732 
959 516 11 12 0.023724042 
616 504 7 8 0.023659503 
201 511 7 9 0.023651393 
504 526 9 10 0.023610357 
110 553 9 10 0.023562191 
584 506 7 8 0.023541076 
265 548 9 11 0.023461344 
532 590 13 15 0.02344918 
776 494 7 10 0.02337314 
392 525 7 10 0.023358764 
56 512 7 8 0.023328781 
925 627 13 22 0.023327768 
785 542 19 23 0.023322176 
566 573 10 13 0.023287997 
975 573 9 12 0.023261994 
805 456 9 9 0.023261601 
710 487 7 8 0.023197498 
753 496 8 9 0.023185723 
327 567 9 11 0.023175433 
557 605 12 16 0.02317416 
377 479 7 8 0.02316599 
18 527 7 9 0.023139652 
222 542 8 11 0.023119174 
879 526 8 10 0.02309801 
350 511 7 9 0.023058362 
40 575 10 14 0.023050115 
528 565 8 10 0.022994535 
830 511 8 10 0.022972843 
279 535 8 11 0.022926552 
527 503 8 10 0.0228911 
884 597 13 15 0.022880903 
863 611 12 15 0.022862356 
366 519 8 10 0.022844933 
719 518 7 9 0.022842543 
704 482 8 9 0.022812936 
814 550 9 12 0.022812573 
22 543 8 10 0.022807768 
764 651 14 15 0.022794478 
65 489 6 8 0.022724384 
416 496 7 9 0.022705989 
606 572 11 14 0.022668323 
631 494 7 8 0.02261433 
318 578 17 22 0.02256707 
295 485 6 9 0.022565274 
912 517 7 9 0.022545455 
841 617 14 20 0.022530938 
991 614 13 19 0.022491949 
433 487 6 8 0.022475371 
758 614 11 13 0.022464277 
824 502 7 9 0.022456184 
208 520 7 10 0.02243504 
793 604 9 11 0.022434464 
281 490 6 7 0.02242544 
479 543 8 12 0.022409914 
766 611 10 13 0.022381071 
528 573 8 10 0.022375826 
976 597 12 18 0.022369646 
873 488 6 9 0.022341523 
496 495 6 8 0.022336446 
670 542 7 10 0.022285948 
256 528 18 24 0.022232868 
838 527 9 10 0.022224635 
494 528 8 9 0.022204716 
95 496 7 9 0.022202069 
657 549 9 11 0.022175739 
942 465 8 9 0.022114819 
79 496 6 9 0.022041658 
143 510 8 10 0.022036621 
681 556 8 12 0.022027057 
353 527 7 9 0.022002878 
236 504 20 24 0.021982985 
157 565 10 14 0.021922873 
46 487 7 9 0.021916075 
554 489 7 8 0.021897223 
967 511 6 9 0.021883573 
1015 540 9 13 0.02187238 
468 605 9 13 0.02184886 
744 495 7 9 0.021847682 
456 576 9 12 0.021841694 
602 505 7 8 0.021817533 
479 662 12 14 0.021797953 
162 502 7 10 0.02179511 
367 610 10 13 0.021782706 
282 495 6 7 0.021717489 
219 584 19 22 0.021674728 
739 631 20 22 0.021634733 
975 596 20 29 0.021631716 
614 596 14 17 0.021626977 
384 525 7 9 0.021623118 
541 601 10 14 0.021585967 
495 533 8 11 0.021573609 
178 557 19 24 0.021572787 
287 558 10 12 0.021544008 
71 525 9 10 0.021492647 
895 539 8 12 0.021470547 
520 635 10 13 0.02144219 
693 659 10 13 0.021434829 
951 510 8 9 0.021403078 
543 487 7 9 0.021383712 
111 583 9 12 0.02136092 
303 511 7 9 0.021359915 
882 627 12 16 0.021319738 
271 534 8 10 0.02128634 
746 511 7 8 0.021276735 
641 512 7 9 0.021268582 
743 541 9 11 0.021234622 
321 479 7 9 0.02119524 
532 550 9 10 0.02113113 
895 479 8 10 0.021110658 
925 486 8 10 0.021084646 
41 494 7 9 0.021081427 
804 533 11 15 0.021075176 
500 538 18 24 0.02106081 
505 576 9 12 0.021053312 
943 504 8 11 0.021036154 
969 464 7 8 0.021028893 
849 462 7 10 0.020998005 
728 498 6 8 0.020981736 
414 574 8 11 0.020973032 
608 510 7 8 0.020966258 
57 556 8 10 0.02096594 
229 597 10 13 0.020944586 
888 553 10 15 0.020944463 
608 549 9 11 0.02092385 
0 640 9 16 0.020906674 
477 668 13 16 0.020885425 
312 541 10 12 0.02086956 
497 581 10 14 0.020857386 
743 565 10 13 0.0208478 
257 511 8 9 0.020805499 
846 571 12 15 0.020778997 
464 509 8 9 0.020776358 
705 520 7 9 0.02077626 
528 527 8 9 0.020673292 
639 557 9 11 0.020672433 
217 488 7 9 0.020661386 
334 488 7 9 0.020644687 
232 567 9 11 0.020615278 
241 588 11 14 0.020602377 
116 565 8 11 0.020595191 
646 497 20 26 0.020594789 
766 529 18 23 0.02058621 
792 488 7 9 0.020578193 
592 577 17 24 0.020574056 
860 618 12 17 0.02054556 
863 542 9 12 0.020541715 
247 674 12 14 0.02053614 
773 588 12 15 0.020525822 
250 489 7 8 0.020517016 
183 489 7 8 0.020496903 
809 488 7 8 0.020496333 
378 669 16 16 0.020489931 
98 519 7 8 0.020485157 
689 498 7 8 0.02043564 
656 495 7 8 0.020425702 
469 614 10 14 0.020406028 
0 621 9 17 0.020336129 
400 631 22 30 0.020325968 
120 490 6 7 0.020316184 
17 519 7 9 0.020302722 
54 536 19 24 0.020301796 
544 504 6 9 0.020272257 
688 625 10 15 0.020236408 
901 586 18 24 0.020220993 
351 631 11 13 0.020137753 
504 612 10 14 0.020135308 
772 653 12 14 0.020132443 
705 487 7 8 0.020123398 
202 636 10 12 0.020061288 
85 571 10 12 0.02003193 
440 487 8 8 0.020028656 
791 495 7 9 0.020023718 
632 617 12 16 0.020012196 
978 477 8 11 0.020008514 
