22_Picnic_Picnic_22_561
60
202 472 124 148 0.9999485 
386 495 102 130 0.9999199 
583 757 65 76 0.13374546 
56 -21 425 528 0.09567217 
650 1147 16 18 0.08529308 
723 771 47 63 0.0798337 
477 1156 20 31 0.07716217 
388 1140 16 17 0.07691311 
465 1149 17 22 0.06999862 
779 180 15 20 0.056844752 
703 1151 28 29 0.056315962 
871 69 20 22 0.04917946 
418 1178 14 19 0.04824544 
978 1019 13 18 0.047582906 
509 1160 24 29 0.04582395 
365 1177 12 16 0.044593275 
892 101 16 20 0.042097267 
772 1142 12 14 0.041500334 
718 215 10 14 0.03742672 
585 1039 15 20 0.037158426 
381 1137 27 27 0.03709491 
364 1160 31 34 0.03277859 
462 423 12 15 0.03232568 
655 1114 138 131 0.0320262 
747 1139 27 27 0.030531695 
516 1151 24 31 0.030058855 
332 1141 12 14 0.030025283 
733 94 11 14 0.029860353 
333 319 23 32 0.029359903 
739 86 10 12 0.028875759 
736 70 13 16 0.028685112 
713 84 12 15 0.028549232 
993 22 10 14 0.027891438 
717 188 12 14 0.02786633 
748 212 44 55 0.02684792 
483 1160 25 29 0.026554512 
523 1162 14 19 0.026514588 
623 1103 12 16 0.025759486 
769 1161 16 18 0.025555758 
756 1133 14 16 0.025138766 
420 1100 12 14 0.024192035 
676 1150 13 17 0.023759643 
466 1140 18 21 0.023456594 
801 84 12 17 0.023001416 
85 427 35 39 0.02264858 
367 1141 35 34 0.022493767 
550 1060 12 16 0.022423694 
677 1109 11 14 0.022342484 
356 1146 13 16 0.022089906 
766 1142 11 13 0.022077978 
816 58 15 19 0.02198094 
748 1134 16 18 0.021483159 
763 122 11 13 0.021376139 
709 1123 11 12 0.021213576 
701 747 84 99 0.020979786 
699 145 13 17 0.020754494 
759 1102 10 13 0.02058223 
548 1160 13 17 0.020437706 
505 1110 47 49 0.020271447 
463 1135 29 36 0.020102808 
