17_Ceremony_Ceremony_17_46
69
107 122 18 23 0.9036731 
266 143 16 24 0.8991495 
65 132 17 21 0.46357504 
749 243 9 12 0.1919754 
889 363 11 14 0.13060662 
817 307 10 13 0.111160405 
681 136 8 10 0.09019934 
109 199 10 13 0.08056414 
454 145 8 9 0.0789332 
703 167 8 11 0.070950076 
695 152 8 9 0.064266786 
473 144 9 11 0.062159974 
270 149 19 24 0.06166522 
462 128 9 11 0.05770967 
357 277 10 13 0.056342095 
710 128 7 9 0.052399874 
487 152 7 9 0.047019232 
73 179 17 17 0.04680676 
698 133 8 10 0.043747775 
704 135 8 9 0.042952787 
719 158 9 10 0.040574957 
225 368 8 11 0.038796827 
471 149 8 10 0.03723141 
227 373 11 13 0.036352806 
229 368 8 10 0.03563694 
701 160 8 10 0.035450686 
422 152 8 10 0.034978367 
457 128 9 11 0.03464003 
425 143 7 9 0.0339967 
477 143 8 10 0.03255912 
713 151 7 9 0.032030553 
762 269 14 17 0.03194029 
466 152 7 9 0.030822057 
72 130 15 20 0.030745339 
710 133 7 10 0.030402502 
710 169 8 10 0.029304594 
776 256 9 12 0.028782394 
296 304 9 11 0.028661655 
680 153 9 10 0.0285777 
685 173 9 11 0.028180864 
662 142 9 11 0.027075501 
687 169 7 10 0.027066328 
705 128 8 10 0.026048742 
809 309 10 14 0.026043406 
1013 477 9 15 0.025699265 
-37 -30 426 489 0.025497895 
727 158 7 11 0.02486743 
449 150 8 10 0.024792302 
433 143 8 9 0.024636064 
685 140 7 10 0.024508242 
437 143 8 10 0.024427611 
687 153 8 10 0.02425159 
448 128 8 10 0.023965893 
909 344 9 10 0.02384749 
439 135 8 10 0.023841431 
487 157 8 11 0.023708714 
718 144 8 9 0.022366084 
469 126 9 11 0.022325769 
426 137 7 10 0.02195714 
729 153 7 10 0.021817239 
53 134 29 31 0.021775456 
891 366 14 18 0.021774016 
929 334 10 12 0.021752426 
705 140 8 10 0.021593375 
438 158 8 10 0.020675736 
718 152 8 10 0.020664146 
59 125 19 21 0.020536894 
64 179 34 37 0.020447027 
217 366 8 10 0.020370293 
