17_Ceremony_Ceremony_17_490
61
885 173 102 139 0.9994073 
517 217 68 83 0.99893004 
289 264 59 77 0.99766976 
388 26 44 59 0.99727255 
48 0 52 60 0.9941975 
209 8 45 65 0.99393576 
481 18 41 63 0.96614444 
780 325 80 56 0.37974948 
791 368 57 58 0.20421556 
362 145 53 49 0.12609443 
418 -1 30 31 0.119271226 
720 40 14 18 0.1144592 
320 496 91 149 0.09785801 
279 100 44 50 0.089901134 
329 225 50 65 0.0632474 
44 274 128 224 0.058336906 
745 68 10 13 0.053724423 
430 1 20 19 0.050614085 
750 61 13 17 0.049696498 
726 56 13 16 0.049399983 
2 659 14 17 0.045129992 
285 533 91 134 0.043499712 
178 148 28 35 0.043432754 
204 143 43 43 0.0411522 
263 201 44 55 0.03999824 
499 364 14 18 0.039443206 
699 87 12 14 0.03866616 
711 55 11 14 0.0367123 
577 234 42 60 0.03638315 
731 54 11 15 0.036093365 
565 3 17 16 0.034104273 
342 161 59 50 0.03299287 
721 42 20 27 0.032755226 
555 0 30 29 0.032276765 
764 336 94 86 0.03190428 
752 58 10 12 0.031116683 
398 739 25 31 0.030828703 
277 59 24 25 0.030322144 
669 3 17 16 0.029835721 
718 79 10 14 0.028935911 
715 99 13 15 0.02670259 
292 228 60 65 0.025819529 
319 171 58 49 0.025505057 
734 70 10 12 0.02497199 
714 154 119 165 0.024911132 
454 2 16 16 0.024245927 
759 285 111 107 0.024065321 
480 220 50 70 0.023912976 
666 -17 191 229 0.023827381 
27 1 31 44 0.023559975 
753 66 15 18 0.02353519 
712 94 11 16 0.023115112 
714 3 14 13 0.023079103 
751 150 11 13 0.02286349 
740 79 22 30 0.02218127 
718 47 14 20 0.02204914 
595 448 30 37 0.021979216 
532 459 12 14 0.021758089 
505 13 33 47 0.02168236 
805 308 67 61 0.020736113 
749 75 43 65 0.020268308 
