17_Ceremony_Ceremony_17_470
40
940 271 54 67 0.99828666 
481 252 48 60 0.99807537 
353 172 51 71 0.99646866 
680 290 24 33 0.99464405 
78 254 43 53 0.99298555 
229 225 39 47 0.99068165 
725 211 49 59 0.9906048 
584 287 41 51 0.88505864 
642 291 24 34 0.6242394 
183 271 26 28 0.37391576 
713 268 32 45 0.24870257 
140 270 15 19 0.22919475 
209 292 41 56 0.16872713 
10 288 27 35 0.12934425 
752 211 43 49 0.11900976 
0 290 20 32 0.10093699 
989 305 16 22 0.07258624 
13 268 27 29 0.05306378 
183 327 27 34 0.047560304 
887 364 13 16 0.046833333 
15 276 32 37 0.044460047 
193 321 26 36 0.04263805 
169 324 28 39 0.039761495 
195 279 41 48 0.036046613 
800 323 60 79 0.031011334 
15 269 14 18 0.030351419 
195 273 28 31 0.028498271 
694 275 35 48 0.027974686 
768 311 107 122 0.027552525 
803 33 32 43 0.026203211 
600 277 44 52 0.024753388 
6 593 111 173 0.023626473 
133 256 21 27 0.023587504 
893 347 14 17 0.02355449 
201 305 31 41 0.022689614 
325 273 47 52 0.022658832 
49 418 58 51 0.021406623 
176 274 23 32 0.020839844 
644 306 18 23 0.020547079 
908 362 25 30 0.020069584 
