17_Ceremony_Ceremony_17_588
26
194 344 28 41 0.9981622 
264 219 24 35 0.9961014 
748 197 28 37 0.99592006 
954 164 40 55 0.99149644 
571 220 21 30 0.9822112 
92 178 41 51 0.9750172 
491 274 18 24 0.9399581 
312 360 20 30 0.67565966 
437 238 20 31 0.6606409 
297 363 22 30 0.22400829 
332 443 11 14 0.21883906 
10 596 64 64 0.16122973 
32 593 30 38 0.11098487 
925 418 102 182 0.0704698 
332 365 10 13 0.06166472 
36 606 36 41 0.0504179 
56 169 26 34 0.049523912 
290 363 19 26 0.044085458 
322 363 13 19 0.042737532 
87 326 50 52 0.037355036 
185 291 20 31 0.034852102 
309 351 8 10 0.03311996 
971 21 32 35 0.026229225 
60 137 13 15 0.024838667 
428 254 25 32 0.023662334 
205 327 40 46 0.021329187 
