17_Ceremony_Ceremony_17_592
131
163 252 31 38 0.98670864 
5 371 16 20 0.97218174 
60 308 17 22 0.9715251 
300 285 15 18 0.9657719 
508 287 15 19 0.95893025 
697 183 27 43 0.78927314 
790 340 12 14 0.46566975 
551 303 12 16 0.43312266 
195 338 18 20 0.42339873 
651 292 17 19 0.36656 
594 285 15 17 0.3651861 
592 319 11 14 0.27178192 
31 408 14 20 0.2105152 
193 344 22 27 0.17788859 
784 338 11 15 0.17126386 
60 331 32 34 0.1685844 
267 341 14 18 0.16221495 
850 124 34 45 0.14111182 
545 308 13 17 0.13969463 
371 178 46 59 0.11344221 
571 318 12 15 0.11155996 
401 286 17 20 0.095177844 
544 280 7 10 0.089133315 
280 288 9 11 0.08660631 
248 308 12 16 0.08389782 
557 323 10 12 0.078792945 
249 314 16 20 0.07294966 
601 286 12 15 0.072143726 
551 313 12 15 0.07037708 
279 329 13 18 0.06611794 
207 309 13 17 0.064058654 
556 318 9 13 0.060540833 
0 387 12 18 0.058837786 
222 326 12 15 0.05296541 
557 278 8 11 0.05134537 
239 309 10 14 0.050887767 
414 433 21 29 0.050504986 
452 290 16 18 0.05022486 
687 197 32 41 0.05005278 
85 342 16 22 0.049834896 
536 329 10 12 0.048012234 
67 332 16 18 0.04796347 
343 211 13 16 0.04639938 
248 323 13 16 0.046192046 
275 336 15 20 0.04472781 
552 278 9 11 0.042481422 
557 264 9 11 0.042468276 
482 194 14 19 0.0419085 
554 270 9 11 0.041073333 
3 422 17 21 0.039281808 
336 356 13 16 0.03859191 
254 352 14 19 0.03816177 
596 255 10 11 0.038052607 
455 316 10 13 0.037650906 
501 227 12 15 0.036887303 
846 136 25 40 0.03625899 
260 404 10 12 0.034674946 
784 357 10 13 0.033285085 
151 254 25 34 0.032976776 
793 345 13 14 0.03205734 
551 297 11 14 0.031450503 
77 330 28 33 0.03129308 
250 330 14 18 0.030954141 
212 328 15 19 0.030381547 
528 183 8 10 0.0303337 
533 225 10 12 0.030132495 
768 351 9 11 0.029118393 
260 350 15 20 0.029050125 
73 336 18 22 0.028903438 
396 451 14 16 0.028839212 
36 369 27 34 0.028562866 
613 343 9 12 0.02850035 
528 272 9 11 0.027600048 
403 275 24 28 0.02748787 
373 169 32 44 0.027198618 
291 330 12 15 0.027190715 
539 331 11 15 0.026404455 
266 352 14 19 0.026290238 
726 331 13 16 0.026183842 
553 331 23 29 0.02610748 
227 325 13 15 0.025906397 
777 341 11 14 0.02562942 
324 77 12 13 0.025501894 
271 414 8 10 0.025498873 
283 324 16 20 0.025189599 
591 280 12 15 0.025144758 
510 313 13 17 0.024796143 
184 256 18 24 0.024639728 
671 266 47 69 0.024416069 
269 332 16 19 0.024272155 
341 205 21 28 0.024256203 
156 350 16 19 0.024120696 
257 330 23 29 0.024093525 
91 331 14 17 0.024092706 
339 349 13 16 0.023739781 
200 323 23 26 0.02355059 
752 365 9 13 0.023403613 
708 349 9 11 0.023316275 
63 323 50 53 0.02320932 
761 374 8 9 0.023099279 
856 135 42 45 0.023031527 
533 271 10 12 0.022941481 
285 286 12 14 0.022925647 
253 319 22 29 0.022847492 
233 310 10 13 0.022544561 
418 264 24 29 0.02248522 
795 336 12 14 0.022420999 
580 342 9 13 0.022163417 
238 302 11 15 0.022155235 
568 270 8 11 0.021867435 
453 293 23 30 0.021659344 
120 391 27 31 0.021275334 
557 283 10 13 0.021274537 
677 190 30 34 0.021127012 
91 350 14 19 0.021121956 
34 416 14 17 0.02111364 
475 306 15 19 0.020981448 
45 310 49 51 0.020769948 
584 291 11 14 0.020689208 
0 338 12 18 0.020684488 
102 319 12 15 0.020589113 
270 408 10 12 0.020552317 
452 267 15 18 0.020523446 
534 260 9 11 0.020502392 
278 357 12 15 0.020352785 
716 378 14 19 0.0202837 
547 320 23 26 0.02026683 
483 306 13 16 0.020140963 
596 294 15 18 0.020106144 
386 252 17 20 0.020098 
84 332 16 21 0.020070236 
