17_Ceremony_Ceremony_17_227
306
262 493 11 14 0.9674036 
957 465 12 16 0.7854706 
436 722 19 22 0.7349522 
573 458 12 17 0.5880701 
311 493 10 14 0.5796636 
165 495 11 14 0.5727552 
911 451 11 14 0.45532957 
486 685 13 17 0.27069077 
523 740 19 20 0.26757297 
627 717 17 19 0.2649917 
113 495 10 14 0.2548022 
542 658 17 21 0.22692673 
388 731 13 16 0.21186508 
653 485 11 14 0.206166 
984 634 15 18 0.200731 
854 749 14 16 0.18738984 
435 656 13 16 0.15413567 
827 693 15 22 0.14937936 
460 725 15 19 0.14047138 
555 747 16 16 0.12738799 
245 488 9 12 0.12737003 
258 470 8 12 0.12478171 
634 659 14 17 0.1137389 
297 509 9 12 0.11254141 
502 681 17 20 0.11102411 
364 674 14 18 0.10801278 
715 697 14 17 0.10517239 
876 612 15 18 0.102767795 
515 719 16 19 0.1019651 
629 653 15 17 0.09737629 
254 733 28 31 0.09444788 
1003 627 17 22 0.093099445 
586 642 14 19 0.09281095 
890 735 15 21 0.08771824 
726 699 15 20 0.08648535 
32 711 35 34 0.08587917 
802 676 24 29 0.08382903 
467 713 16 20 0.08360141 
832 683 20 29 0.08139185 
532 697 18 22 0.08027185 
414 644 11 13 0.0798994 
747 640 21 26 0.079743765 
964 752 14 16 0.07530045 
963 625 22 27 0.07434422 
864 657 18 20 0.074294746 
609 690 16 20 0.07398264 
373 672 13 16 0.07365617 
674 689 16 18 0.07316401 
929 652 18 22 0.07282151 
215 519 9 13 0.07047137 
708 708 16 19 0.06973755 
446 722 21 24 0.068879135 
313 511 8 11 0.06819346 
981 697 15 19 0.06743738 
374 691 14 18 0.06678053 
470 645 13 15 0.06543644 
716 708 13 17 0.06442097 
685 729 15 19 0.06366361 
808 706 18 22 0.06319974 
318 502 8 11 0.0628721 
326 510 8 11 0.060350902 
154 525 10 13 0.060000304 
499 660 15 18 0.05980835 
478 656 17 21 0.059805453 
749 725 17 21 0.059473827 
569 712 18 21 0.05895119 
464 698 17 20 0.05865526 
527 684 15 18 0.05834513 
390 700 15 19 0.05682126 
276 509 9 13 0.05635433 
244 476 9 12 0.05627337 
286 643 43 48 0.054491118 
269 500 10 14 0.053903162 
490 688 14 17 0.053307615 
748 637 14 17 0.052795656 
947 675 17 21 0.052233372 
320 511 8 11 0.05222734 
472 636 12 15 0.05205808 
205 515 12 15 0.05194682 
157 517 10 12 0.051677365 
929 437 9 12 0.05159195 
197 513 14 16 0.051063277 
261 478 9 12 0.05059881 
577 679 16 20 0.05048263 
887 471 9 12 0.049553625 
184 659 12 16 0.049330067 
644 661 13 15 0.049019758 
454 660 12 15 0.04863718 
999 621 13 16 0.04854057 
158 529 10 13 0.048220612 
906 451 10 14 0.04771546 
928 420 9 13 0.04707738 
1011 689 12 19 0.046776775 
917 736 12 17 0.046575535 
669 698 16 19 0.04604163 
909 731 15 20 0.045722876 
415 721 16 20 0.04480462 
628 663 15 18 0.044463556 
606 650 17 20 0.04439363 
215 498 8 12 0.043901443 
413 662 14 18 0.0435799 
303 518 8 10 0.042907707 
297 504 9 11 0.042451307 
568 661 12 14 0.042025838 
731 707 14 18 0.041822962 
871 612 13 15 0.04179271 
357 721 15 19 0.041738186 
1013 486 8 11 0.041540306 
167 504 11 14 0.04147086 
790 688 17 23 0.0414033 
997 632 15 19 0.041261107 
533 723 15 18 0.04113344 
926 644 14 18 0.040986013 
312 517 8 10 0.040942017 
274 660 16 21 0.04027633 
583 651 14 15 0.04023982 
838 675 12 17 0.0400978 
977 675 15 19 0.04009363 
924 731 21 29 0.040040776 
644 706 18 20 0.03993267 
665 473 8 10 0.03990069 
928 444 9 12 0.03986991 
629 646 14 15 0.03954949 
52 710 12 17 0.03931416 
643 668 15 17 0.03926286 
634 707 23 24 0.039257348 
379 671 14 17 0.039182477 
452 676 13 16 0.039027993 
885 641 17 21 0.038625572 
532 730 16 20 0.03817588 
447 659 11 15 0.038055066 
929 428 9 13 0.038026616 
191 515 12 14 0.037600715 
637 202 103 125 0.03720397 
898 736 16 18 0.036971442 
367 663 10 12 0.036134243 
511 662 12 15 0.036053654 
574 737 14 18 0.035760723 
911 458 11 12 0.034888938 
715 687 12 15 0.0346149 
622 658 15 18 0.0343604 
933 731 17 20 0.03434189 
206 524 11 13 0.033789724 
847 750 13 15 0.033759553 
949 663 17 21 0.03343742 
206 673 15 18 0.03333115 
802 731 16 19 0.033325486 
915 446 10 14 0.0331864 
517 729 21 24 0.03300358 
0 723 13 20 0.0329957 
523 721 15 18 0.032870106 
573 654 11 14 0.032634992 
408 645 11 14 0.032597475 
623 667 14 18 0.032425914 
248 284 465 490 0.03223746 
318 516 9 10 0.03210773 
908 644 15 19 0.032057077 
1010 631 13 21 0.031545773 
431 669 13 16 0.031449318 
927 414 9 12 0.0311464 
38 709 14 18 0.03099029 
626 750 17 17 0.03085095 
858 599 9 11 0.030745538 
543 646 12 13 0.030669324 
364 732 15 19 0.030335525 
249 704 15 18 0.030280283 
412 652 14 15 0.02978621 
363 725 14 18 0.029719228 
13 698 50 56 0.029593984 
861 742 11 15 0.02914702 
365 689 13 17 0.029140785 
362 716 13 17 0.029087652 
159 511 10 12 0.02902837 
703 714 15 18 0.028584093 
241 470 10 14 0.028453132 
740 713 11 17 0.02839444 
498 654 14 16 0.028332796 
627 727 18 20 0.02830795 
579 687 17 20 0.02823665 
276 503 10 12 0.028099397 
927 451 10 13 0.027922142 
871 649 22 25 0.027811527 
182 655 23 27 0.027774677 
434 675 12 16 0.027732532 
943 679 14 19 0.027703004 
1007 683 14 21 0.027634518 
515 659 15 16 0.027587354 
181 530 12 15 0.027403422 
866 628 14 17 0.027238082 
530 708 22 26 0.027145136 
621 674 14 17 0.027137903 
173 507 11 13 0.027053067 
635 748 17 18 0.027031226 
1 720 25 37 0.026920397 
87 524 10 15 0.026813032 
886 743 14 18 0.026805554 
910 723 15 19 0.026516393 
662 676 12 14 0.026495801 
726 712 15 19 0.026339328 
916 647 14 19 0.026326083 
277 516 10 12 0.026318086 
379 695 20 25 0.02615811 
531 678 14 17 0.026087143 
929 746 20 20 0.026000781 
990 633 25 30 0.025942028 
44 709 15 19 0.025890263 
686 699 13 18 0.02582362 
407 651 12 15 0.025773115 
475 705 13 18 0.025708672 
591 640 21 26 0.025648711 
254 525 12 14 0.025515364 
543 640 10 11 0.025485374 
425 643 24 28 0.025406297 
660 682 12 16 0.025341844 
797 738 16 19 0.025270365 
670 445 9 13 0.02517041 
361 681 15 20 0.024988271 
340 690 15 19 0.02493426 
480 688 14 18 0.024789713 
949 486 9 11 0.024776742 
199 665 27 31 0.024691671 
560 200 10 14 0.02459813 
967 487 8 11 0.0245924 
300 665 18 21 0.024547717 
663 476 9 11 0.024454229 
281 657 23 27 0.024338804 
493 664 15 19 0.024175579 
488 673 19 25 0.024135722 
982 657 26 30 0.024099298 
383 737 16 19 0.024001122 
832 589 10 13 0.023877803 
431 725 16 22 0.02376255 
539 729 14 18 0.023745317 
583 658 12 15 0.02373319 
308 488 17 23 0.023568287 
484 696 16 19 0.023540067 
292 612 10 12 0.023530545 
564 718 17 21 0.023371583 
678 478 9 10 0.023365438 
862 651 17 19 0.023345735 
653 683 14 18 0.023318104 
462 645 12 16 0.023263302 
978 734 27 33 0.023026738 
914 705 15 21 0.023003535 
367 698 13 18 0.022886988 
971 619 14 18 0.022753121 
594 699 16 20 0.022575928 
887 463 8 11 0.022452677 
116 740 31 26 0.02242905 
303 502 9 12 0.022320675 
417 649 22 25 0.022260703 
323 642 13 16 0.022224594 
985 692 18 22 0.022220379 
526 703 17 21 0.02208527 
919 430 9 12 0.022069631 
214 476 10 14 0.022058468 
971 688 22 28 0.022030856 
485 643 14 16 0.022010814 
293 664 16 19 0.021979576 
538 692 16 21 0.021964002 
849 583 9 10 0.021958405 
261 518 11 13 0.02191021 
845 472 8 10 0.02183246 
199 524 12 15 0.021821244 
978 668 24 28 0.021745384 
909 468 9 12 0.02166089 
867 614 21 24 0.021637106 
508 679 20 26 0.021626806 
412 701 12 14 0.021548778 
230 111 8 11 0.021431321 
675 705 14 17 0.021400398 
1009 481 8 10 0.021399934 
972 648 14 18 0.02135838 
439 730 22 26 0.021348853 
507 697 15 18 0.021320902 
187 654 13 16 0.021260377 
188 526 11 14 0.021235963 
164 527 11 14 0.021226035 
835 747 16 18 0.021217316 
453 700 24 28 0.021206882 
405 723 22 27 0.021194682 
388 673 15 18 0.021125438 
985 644 25 27 0.021089014 
469 659 22 27 0.021075906 
398 637 11 14 0.021064518 
183 509 10 13 0.021024434 
759 640 20 27 0.020950675 
637 682 16 20 0.020851647 
447 666 11 15 0.020826504 
540 683 15 18 0.020816209 
863 614 12 12 0.0207274 
804 716 23 27 0.020663446 
220 517 12 16 0.020631475 
690 707 15 18 0.02062868 
876 625 14 17 0.020607816 
804 746 13 16 0.020576036 
450 663 20 25 0.02056504 
861 637 21 26 0.020533916 
1005 615 12 14 0.020515846 
255 519 12 14 0.020361628 
259 720 26 31 0.020170173 
609 700 22 26 0.020164143 
487 714 16 20 0.02014362 
337 706 15 18 0.020137532 
251 714 15 17 0.020133415 
212 461 10 13 0.02008542 
