17_Ceremony_Ceremony_17_944
315
839 455 13 19 0.9284071 
813 459 11 16 0.8560076 
472 428 10 14 0.75582796 
172 471 10 13 0.74013335 
953 550 27 42 0.71253395 
869 600 31 48 0.67492807 
229 460 13 16 0.6635479 
515 423 12 15 0.63860655 
873 518 19 29 0.54742473 
197 470 9 12 0.43412855 
152 469 10 12 0.39396206 
759 455 11 14 0.37514836 
10 547 14 19 0.33410725 
0 526 17 23 0.32787374 
707 537 24 31 0.27536973 
277 477 10 15 0.27458137 
638 447 15 19 0.26934898 
269 487 15 21 0.23703344 
262 475 11 13 0.23536727 
159 523 14 17 0.22874126 
208 507 12 15 0.19160195 
311 507 13 16 0.18473218 
157 469 9 11 0.18209115 
145 463 8 11 0.153435 
2 515 14 18 0.14581937 
198 476 10 12 0.13973795 
192 522 19 21 0.13832034 
144 468 9 11 0.13669977 
274 481 14 21 0.13203597 
541 429 9 12 0.13199216 
259 515 15 19 0.13046196 
220 487 13 15 0.12837847 
158 541 13 15 0.12721255 
176 507 11 12 0.124567464 
711 457 13 17 0.12443733 
146 457 7 9 0.1225517 
18 530 16 19 0.11888011 
125 579 17 21 0.11183631 
222 546 17 21 0.111166924 
9 525 19 26 0.11006135 
489 436 10 11 0.10639686 
495 416 7 9 0.10635349 
344 531 12 15 0.10572347 
493 434 10 12 0.099941775 
843 529 15 21 0.09908194 
541 391 8 11 0.09473228 
212 502 11 15 0.093207024 
191 537 15 19 0.092874736 
131 505 12 16 0.08976779 
271 477 11 15 0.08789545 
224 465 12 15 0.0852281 
160 492 11 14 0.0836639 
180 503 10 13 0.080702744 
275 546 13 18 0.075405374 
878 588 33 51 0.073149286 
274 538 14 19 0.07272795 
151 464 8 11 0.07269651 
256 526 16 22 0.06865581 
193 474 11 13 0.068194665 
84 545 26 31 0.06750694 
167 464 7 10 0.06654645 
137 471 8 10 0.06640482 
540 396 9 12 0.06499766 
164 519 13 16 0.06452981 
557 470 9 11 0.06428953 
269 471 11 13 0.06345196 
634 552 8 11 0.06297719 
526 407 7 10 0.06278752 
234 547 16 20 0.062365327 
205 484 9 12 0.062130954 
552 448 9 11 0.06097587 
489 320 10 12 0.0600914 
790 484 12 15 0.058280144 
238 469 10 13 0.057639174 
691 463 14 18 0.05718948 
885 609 32 50 0.057137277 
125 552 15 20 0.056486502 
144 487 9 12 0.056296542 
615 491 9 15 0.055607207 
175 485 9 11 0.05540506 
230 518 11 15 0.055185027 
554 395 11 14 0.054478366 
504 407 9 12 0.053641748 
242 537 16 21 0.053377114 
172 523 10 14 0.05328909 
160 465 8 11 0.052942526 
240 477 10 12 0.05235875 
245 474 10 13 0.052065004 
193 464 8 10 0.05197524 
241 549 15 21 0.05184234 
93 541 27 28 0.051786017 
476 423 10 13 0.050614115 
580 468 9 12 0.050352495 
687 481 11 16 0.05030819 
150 562 21 27 0.049923055 
180 546 11 16 0.04980793 
150 522 13 17 0.049691577 
553 429 11 14 0.049464736 
269 530 15 20 0.048977993 
490 389 10 13 0.048381485 
753 458 12 16 0.047872275 
199 465 7 10 0.04747332 
537 423 9 12 0.047065973 
543 435 8 11 0.046861544 
254 509 13 16 0.045993943 
195 543 15 18 0.045469563 
174 547 14 17 0.045255296 
216 490 12 15 0.045146726 
286 502 12 16 0.04434951 
200 482 11 13 0.043984525 
450 414 9 11 0.043369014 
699 528 27 31 0.04335102 
495 421 8 10 0.043261983 
454 431 8 10 0.041890133 
827 539 13 19 0.041183535 
150 545 12 17 0.040954128 
223 476 11 13 0.040797465 
315 563 13 15 0.040703107 
525 421 9 12 0.040699173 
316 492 13 15 0.04024992 
258 477 9 12 0.04002683 
165 499 11 14 0.039472748 
465 415 8 11 0.038904388 
880 525 17 23 0.038747594 
487 447 11 13 0.03844752 
263 483 13 17 0.03806966 
677 514 14 20 0.037686404 
526 412 10 12 0.037593633 
351 540 10 14 0.03635048 
251 500 13 17 0.0362944 
291 507 12 14 0.036269456 
789 492 13 16 0.03619184 
740 477 11 14 0.036137708 
145 490 11 16 0.03613553 
292 521 14 20 0.03602975 
680 498 12 17 0.035813518 
238 530 15 18 0.035447 
222 554 23 24 0.035444476 
636 587 11 14 0.034680836 
735 482 12 16 0.034445066 
205 538 14 19 0.03444438 
189 491 11 14 0.03431919 
235 516 11 15 0.03430506 
217 461 9 12 0.034222893 
93 532 16 19 0.03403336 
765 447 10 12 0.033737827 
168 507 11 14 0.03366635 
490 414 8 12 0.033611212 
577 486 8 11 0.033602282 
311 558 12 14 0.03346534 
820 676 36 30 0.033411894 
128 480 9 12 0.033406295 
133 478 9 11 0.0332723 
505 389 8 10 0.033236638 
517 415 12 15 0.033220578 
61 538 15 21 0.03269122 
255 483 11 15 0.032644745 
492 397 9 12 0.032402612 
439 503 8 10 0.032277443 
99 525 15 17 0.03222271 
977 581 49 69 0.032081205 
4 535 15 21 0.031941306 
502 327 9 12 0.031739004 
237 483 11 14 0.031613205 
645 541 12 17 0.031563394 
822 545 12 19 0.03152601 
258 471 9 11 0.031470653 
953 545 19 30 0.031457786 
637 550 10 13 0.03139012 
358 543 10 12 0.03129167 
190 485 11 14 0.03113884 
503 423 8 11 0.031098891 
501 430 8 11 0.030996764 
383 536 10 13 0.030910246 
760 448 10 13 0.030868612 
505 384 9 11 0.030669337 
193 456 8 9 0.030602103 
222 507 12 16 0.030564412 
158 554 13 19 0.030508824 
788 604 16 22 0.03049362 
107 524 16 19 0.030390475 
731 514 18 22 0.030356893 
115 530 15 16 0.030194823 
223 515 12 15 0.030121936 
266 520 16 22 0.02998534 
700 460 12 16 0.029842863 
876 576 28 37 0.029631231 
577 464 9 11 0.029532608 
882 515 16 22 0.029462826 
193 465 18 23 0.029057872 
374 599 11 12 0.02897702 
837 534 16 20 0.028953712 
130 459 8 12 0.028952979 
784 592 10 13 0.028717782 
752 469 10 14 0.028713932 
763 465 13 15 0.028403264 
284 527 15 21 0.028273722 
615 478 19 31 0.02793672 
315 570 13 15 0.027890837 
805 483 10 13 0.02776452 
448 405 9 10 0.027757352 
288 597 11 14 0.027692517 
169 467 17 21 0.027619865 
260 473 20 25 0.027472353 
512 415 9 12 0.0274128 
129 571 24 30 0.02733698 
225 457 10 13 0.027123807 
789 479 11 13 0.02684974 
637 556 10 13 0.026745817 
6 547 24 31 0.026513603 
158 486 19 25 0.026453454 
750 476 11 13 0.026365185 
595 491 10 12 0.026316166 
655 553 11 15 0.026252583 
537 405 8 11 0.026186185 
159 476 9 11 0.026099898 
448 433 8 9 0.026071532 
463 407 9 11 0.025959406 
444 462 9 12 0.025940591 
828 528 20 28 0.025802322 
270 508 11 16 0.025776617 
136 462 8 11 0.025754888 
710 464 13 16 0.025488885 
774 461 10 13 0.025456429 
284 513 20 26 0.02529322 
159 554 22 26 0.025171535 
577 439 7 9 0.025014702 
526 400 8 11 0.02495821 
493 445 10 12 0.024902515 
86 559 23 32 0.024872785 
392 564 10 16 0.024734348 
117 546 13 17 0.024718374 
317 483 13 16 0.024580838 
819 541 21 29 0.024502678 
233 558 18 20 0.02448877 
509 407 9 11 0.024458233 
93 518 13 15 0.024373932 
86 534 13 16 0.024313115 
873 608 19 29 0.024207689 
546 446 8 12 0.02419486 
122 524 15 18 0.024168147 
314 512 13 15 0.024151962 
448 437 7 9 0.023951052 
140 532 15 17 0.023908352 
511 384 8 11 0.023837622 
886 509 13 17 0.023771929 
140 539 16 20 0.023766108 
992 482 24 42 0.023659548 
468 424 18 22 0.023514368 
445 398 9 12 0.023474405 
214 545 14 20 0.023454089 
303 508 11 15 0.023390496 
256 461 8 11 0.023373965 
691 482 14 18 0.02322551 
352 549 10 12 0.02319815 
852 484 14 16 0.023114078 
18 547 14 17 0.023061434 
837 524 16 21 0.022961607 
92 573 17 21 0.022955725 
494 406 9 11 0.022923265 
119 562 24 31 0.022841925 
292 561 14 17 0.022840306 
148 487 19 26 0.022840036 
86 540 16 20 0.022824463 
523 428 10 13 0.02267884 
229 509 12 16 0.022663444 
962 555 35 38 0.022476962 
132 565 39 47 0.022426205 
819 465 13 14 0.022409914 
214 494 20 25 0.022330666 
165 485 10 13 0.022270061 
502 333 9 12 0.022270033 
733 491 13 20 0.022174321 
154 571 24 30 0.02212939 
206 512 12 16 0.022049798 
687 486 21 29 0.02199427 
439 449 9 11 0.021974383 
182 540 12 18 0.021899862 
797 483 13 14 0.021831611 
236 524 13 17 0.021770552 
705 450 12 16 0.021765394 
489 384 9 12 0.021691144 
174 491 10 14 0.021680554 
883 593 16 24 0.021640576 
670 519 16 21 0.021479318 
226 526 23 28 0.02146138 
543 384 8 10 0.021459594 
134 455 9 12 0.021439942 
258 535 16 21 0.021436159 
296 511 20 27 0.021429041 
228 490 12 16 0.02142611 
127 491 11 16 0.02139961 
278 523 12 20 0.02139464 
488 422 9 11 0.021382414 
215 478 9 11 0.021315256 
466 422 10 12 0.021203458 
102 531 23 24 0.02097065 
142 477 10 12 0.020969015 
553 422 10 13 0.020949185 
807 556 13 16 0.020934684 
277 497 12 17 0.020889327 
888 574 28 32 0.020766309 
701 515 16 17 0.020731306 
478 437 9 13 0.020725904 
314 500 13 16 0.02071767 
174 466 9 11 0.02057335 
292 549 11 14 0.020531278 
216 469 9 12 0.020452088 
678 494 20 26 0.020451363 
953 557 15 25 0.020439096 
212 513 12 15 0.020318875 
-1 596 28 36 0.020282803 
554 414 9 11 0.020279504 
315 579 13 15 0.020098949 
687 469 20 26 0.020026265 
