17_Ceremony_Ceremony_17_452
162
308 369 22 30 0.9833534 
933 388 17 26 0.8331082 
677 343 15 20 0.49729207 
983 414 26 32 0.36276397 
219 382 16 24 0.35774225 
981 393 12 16 0.3230434 
307 336 15 17 0.28150994 
418 407 12 15 0.1871724 
976 389 11 16 0.1708524 
948 25 47 86 0.15042157 
66 346 13 17 0.14114976 
131 413 14 20 0.13784128 
341 410 21 28 0.12428042 
392 358 10 13 0.115654536 
3 467 15 21 0.11367598 
353 440 17 20 0.10418857 
830 382 15 22 0.10274293 
226 379 13 20 0.09564404 
87 467 13 17 0.08552784 
416 369 10 13 0.084537834 
195 300 11 16 0.078030676 
413 372 13 18 0.077336416 
500 345 15 18 0.072436295 
864 439 37 49 0.071604714 
943 407 26 31 0.06935988 
980 403 41 53 0.06902766 
903 385 22 27 0.0688344 
482 344 9 12 0.06745505 
1013 329 10 17 0.06539436 
469 391 10 12 0.06147146 
229 385 24 32 0.061456073 
1 627 9 14 0.061367955 
853 448 13 16 0.060581334 
210 346 10 13 0.059418052 
5 628 10 14 0.05785282 
427 355 13 17 0.054705802 
630 390 9 11 0.05429294 
703 430 12 17 0.053453878 
988 427 17 23 0.05275828 
66 664 8 10 0.048851576 
56 645 9 11 0.046308417 
464 392 10 12 0.04619911 
726 453 11 15 0.046103545 
40 648 9 11 0.04570031 
21 648 10 13 0.04504264 
377 365 10 13 0.04501891 
1006 367 13 16 0.044238996 
728 420 11 15 0.04415731 
392 415 11 13 0.043796875 
686 599 16 24 0.04371906 
429 265 41 56 0.042576756 
853 443 23 29 0.042136442 
350 380 15 18 0.042094912 
956 410 15 19 0.04178128 
421 365 10 13 0.041686546 
994 323 12 17 0.04098659 
567 594 10 12 0.040903788 
61 459 14 18 0.040586136 
419 373 12 14 0.038963538 
319 415 25 34 0.038927965 
635 331 15 20 0.03770223 
300 92 14 18 0.037296906 
356 420 12 15 0.037162572 
419 419 13 14 0.036902472 
141 303 12 13 0.036768217 
103 413 11 15 0.035632133 
761 372 31 39 0.0354948 
182 310 10 12 0.034448136 
148 350 10 13 0.03442409 
137 302 9 12 0.034333084 
170 334 10 14 0.03422105 
832 386 20 30 0.0326093 
630 385 8 10 0.032532003 
664 356 10 13 0.032250293 
380 454 11 13 0.032195933 
683 316 13 18 0.032054115 
656 413 11 14 0.032027103 
167 357 11 13 0.031000385 
670 352 13 17 0.030841231 
735 389 10 14 0.030646918 
953 413 26 35 0.03059603 
734 397 8 12 0.030433454 
554 591 10 12 0.030121733 
183 440 12 18 0.030010525 
347 405 17 19 0.029849049 
68 459 12 18 0.029680101 
169 349 10 13 0.029526854 
411 316 403 503 0.0294412 
786 428 15 16 0.029156879 
190 375 15 19 0.029122747 
435 282 13 18 0.028879918 
25 631 9 11 0.028589798 
205 375 22 29 0.028328508 
995 349 11 15 0.027943723 
409 376 12 17 0.027934723 
728 414 11 14 0.027822245 
965 29 51 93 0.027626542 
264 133 11 14 0.027357273 
0 189 18 33 0.027323036 
273 0 58 55 0.026765255 
16 615 9 12 0.026739126 
198 171 9 12 0.026346423 
157 299 10 12 0.026017988 
973 416 25 35 0.025907375 
915 385 16 21 0.02578636 
18 647 9 11 0.02568652 
56 459 12 15 0.025344912 
155 402 17 18 0.024937255 
819 420 13 16 0.024713233 
464 385 8 10 0.024553278 
529 356 12 14 0.024496159 
0 405 21 35 0.024279745 
170 338 13 17 0.024270203 
194 325 11 15 0.02422353 
728 422 22 29 0.024158865 
842 386 14 21 0.024113158 
181 315 10 13 0.023866808 
817 427 12 15 0.023700604 
146 305 14 16 0.023456678 
838 396 21 30 0.02342832 
351 427 22 28 0.023200955 
944 394 16 19 0.023154318 
328 402 26 32 0.023078285 
998 359 14 19 0.022952555 
542 582 10 11 0.022658294 
207 302 10 14 0.022654872 
431 279 12 17 0.022503426 
364 428 12 15 0.022348247 
785 434 21 26 0.022298843 
426 331 12 15 0.02223009 
149 461 11 13 0.022114772 
240 426 11 14 0.022070903 
544 549 9 11 0.022065774 
162 358 10 13 0.021905957 
939 396 24 30 0.0218092 
926 387 17 24 0.021712871 
482 374 9 12 0.021610815 
556 595 11 12 0.021471951 
992 354 14 20 0.021444602 
728 433 13 18 0.021416765 
719 453 12 16 0.021277975 
222 355 14 17 0.02127133 
231 446 11 14 0.021220762 
417 360 8 12 0.021197611 
580 351 14 17 0.021025337 
717 367 10 12 0.020996906 
486 376 8 11 0.020980243 
46 430 11 13 0.020915587 
40 628 10 12 0.020896036 
395 362 11 13 0.020863414 
457 390 8 12 0.020836698 
195 371 15 19 0.020814529 
509 376 10 12 0.020790236 
1 613 9 13 0.020475566 
190 494 11 14 0.02046152 
317 430 24 31 0.020252382 
536 567 7 10 0.020197952 
627 413 11 13 0.020191304 
547 613 12 15 0.020126108 
295 370 23 31 0.02011391 
662 387 10 13 0.020094568 
153 295 10 12 0.020000622 
