17_Ceremony_Ceremony_17_113
45
353 208 116 135 0.999977 
609 169 117 158 0.99994993 
953 293 17 22 0.9846727 
764 251 20 33 0.9739624 
529 284 23 36 0.951101 
825 301 26 36 0.87335354 
739 272 22 33 0.57124186 
285 288 25 44 0.45753482 
245 306 19 34 0.37251648 
853 273 16 22 0.2275704 
818 298 16 24 0.12031176 
1005 290 17 22 0.11708901 
899 275 15 19 0.11381834 
1005 282 15 18 0.10577377 
837 314 26 31 0.10415992 
858 266 16 21 0.09390046 
982 318 14 22 0.09256207 
939 363 15 18 0.08256472 
997 301 21 28 0.061112 
932 345 14 18 0.053984907 
167 317 27 48 0.053906675 
233 306 36 60 0.05065157 
998 298 15 19 0.04385782 
746 264 26 35 0.0412797 
989 314 23 29 0.03897268 
857 271 25 30 0.037588395 
264 287 38 60 0.035628892 
972 328 16 20 0.03211742 
758 296 14 19 0.030476464 
885 323 25 33 0.030273689 
964 344 13 18 0.029023614 
751 245 37 54 0.026245521 
564 289 15 21 0.024458176 
884 273 14 20 0.023731757 
895 273 13 18 0.02348723 
924 309 14 17 0.02302294 
735 262 44 57 0.022776704 
848 316 25 31 0.02261949 
1010 277 13 18 0.022595549 
805 241 14 19 0.022587176 
970 337 16 20 0.022487741 
940 285 21 26 0.022011936 
931 280 19 24 0.021247482 
931 351 20 27 0.020387754 
564 273 11 15 0.020150186 
