17_Ceremony_Ceremony_17_803
162
322 23 99 135 0.99961156 
942 173 26 32 0.9987514 
646 89 87 111 0.9969599 
92 140 24 30 0.99180824 
573 139 14 18 0.9819056 
597 123 14 18 0.9616055 
627 108 12 17 0.95751095 
492 131 13 17 0.93973076 
527 115 14 18 0.92317307 
605 142 21 27 0.9048516 
632 151 18 25 0.9014699 
-4 69 112 240 0.8755302 
506 117 11 14 0.8508597 
149 124 14 19 0.8488434 
441 115 14 19 0.81087977 
123 125 17 21 0.77503437 
173 142 17 23 0.70330024 
568 117 12 14 0.67263895 
558 132 11 14 0.4937646 
541 157 15 22 0.38820893 
163 106 12 15 0.34788096 
418 114 13 18 0.3221931 
114 142 14 21 0.286394 
205 109 8 10 0.28511152 
239 125 13 17 0.2580939 
161 71 8 10 0.24789415 
159 249 59 113 0.22869588 
208 130 11 15 0.19416383 
221 116 10 12 0.17846386 
525 203 16 18 0.17054282 
212 127 11 15 0.1569142 
480 121 10 14 0.14841685 
621 147 20 27 0.14629085 
215 94 9 12 0.13262768 
196 132 12 17 0.11563912 
222 132 9 11 0.11062316 
91 111 11 15 0.10071726 
151 232 109 157 0.0894825 
484 120 9 12 0.08744613 
20 390 31 39 0.08345496 
105 143 17 23 0.083367504 
485 124 13 16 0.08096107 
186 75 8 10 0.06082628 
446 165 10 12 0.060241904 
507 156 12 16 0.058168232 
536 146 13 17 0.057740975 
510 135 10 13 0.057339534 
437 257 16 21 0.056729592 
509 151 10 13 0.05623437 
550 78 8 11 0.055505004 
223 113 10 11 0.054803487 
203 105 9 11 0.053918976 
478 157 10 14 0.052995175 
534 142 11 13 0.052572098 
524 163 14 16 0.049838465 
85 109 13 18 0.048779197 
633 132 12 15 0.04811104 
43 118 155 249 0.047994792 
577 134 15 18 0.04720232 
240 119 13 15 0.04664456 
497 281 13 16 0.045859136 
479 152 9 12 0.04574529 
534 154 16 22 0.044353187 
555 261 10 13 0.04433043 
540 149 13 17 0.043855455 
220 123 12 17 0.0429385 
12 365 41 50 0.04197999 
229 105 8 10 0.041573126 
461 165 10 12 0.041084513 
508 198 11 16 0.03824899 
581 120 11 13 0.038230587 
149 133 15 20 0.037700627 
110 122 14 17 0.036780007 
198 118 11 13 0.03622042 
583 124 12 15 0.03586188 
576 255 11 14 0.035574354 
228 110 9 11 0.03544494 
504 202 13 17 0.035212684 
571 122 13 16 0.035054117 
173 134 12 16 0.03468892 
600 253 12 15 0.03423886 
575 159 11 15 0.034096844 
463 120 10 12 0.03342575 
429 112 18 23 0.033119872 
175 61 8 11 0.03263954 
467 124 12 15 0.03248742 
144 130 14 18 0.03240125 
510 237 9 12 0.03232167 
218 113 9 10 0.03209531 
492 237 11 14 0.031674355 
202 126 19 24 0.031206165 
107 105 13 15 0.030877754 
635 137 14 19 0.030535122 
160 74 10 13 0.030409608 
561 118 10 13 0.030085709 
555 156 11 16 0.029752411 
103 123 13 15 0.02972213 
448 184 8 11 0.029202783 
240 120 21 27 0.028935967 
592 133 36 51 0.028603675 
215 112 20 26 0.0285512 
5 24 95 166 0.02847328 
141 137 13 17 0.028010895 
552 111 9 13 0.027923383 
539 201 13 18 0.027856817 
551 148 12 16 0.027805379 
530 197 16 20 0.027343309 
558 112 10 12 0.027055101 
207 117 10 13 0.02679348 
484 272 16 22 0.026633995 
456 165 10 13 0.026443902 
519 203 12 17 0.026376449 
544 69 8 12 0.026334327 
480 271 11 15 0.026191045 
102 108 13 14 0.026020631 
504 229 10 14 0.025872475 
193 137 11 14 0.025837848 
430 233 11 16 0.025651596 
636 128 13 17 0.025627272 
423 196 10 14 0.025567649 
132 120 12 14 0.025410127 
184 174 10 14 0.025199287 
845 -4 73 88 0.024871428 
200 102 18 24 0.024612699 
175 56 7 10 0.02448041 
523 124 10 13 0.024404371 
216 150 10 12 0.02440228 
445 197 11 14 0.024393454 
191 62 8 10 0.024170974 
591 202 14 18 0.023775203 
883 253 17 20 0.02369074 
189 72 8 11 0.02363183 
245 112 10 12 0.023609504 
441 165 11 13 0.023534374 
540 116 11 14 0.023221917 
155 118 12 15 0.022740908 
581 11 101 135 0.022671077 
439 235 11 15 0.022372184 
526 220 12 15 0.022230241 
454 123 11 15 0.022222456 
197 149 10 13 0.021710176 
504 152 9 12 0.021603312 
440 222 9 11 0.021554306 
555 127 19 24 0.021499056 
184 62 8 10 0.021249099 
491 209 14 19 0.021230033 
168 93 9 12 0.021212066 
567 197 12 15 0.021159193 
109 129 20 25 0.020996865 
480 205 12 14 0.020943364 
211 93 9 11 0.020875104 
638 120 24 39 0.020819642 
189 148 12 15 0.020761425 
534 135 9 11 0.020640243 
524 177 16 18 0.020614022 
498 132 12 16 0.02060804 
470 119 11 13 0.020557828 
472 112 9 10 0.020445768 
527 131 10 14 0.020439759 
530 207 16 18 0.02030078 
524 169 15 18 0.020253602 
540 315 11 15 0.020024091 
