17_Ceremony_Ceremony_17_735
83
326 230 463 603 0.9999951 
770 665 373 458 0.22294487 
284 502 447 519 0.16260396 
899 722 130 186 0.1469072 
806 717 219 295 0.14300992 
480 1312 13 16 0.10735437 
821 736 141 166 0.07751746 
433 1277 23 29 0.077409744 
471 1291 14 15 0.07671949 
604 1332 13 16 0.073556356 
462 1256 13 17 0.07078674 
513 1283 13 17 0.06612948 
477 1291 14 18 0.064606704 
858 1406 32 36 0.06085172 
660 1298 25 29 0.05208615 
483 1290 15 21 0.051646516 
671 1331 12 14 0.050339285 
584 1041 442 517 0.04907495 
587 1298 17 20 0.047721732 
830 1465 28 30 0.047671944 
777 1483 56 53 0.047588367 
503 1302 10 12 0.04715762 
589 1323 11 14 0.045554794 
541 1287 16 20 0.04540852 
128 1100 449 553 0.0432328 
500 1332 14 17 0.042335477 
128 834 470 576 0.041847393 
663 1293 13 14 0.040187422 
675 1491 23 28 0.039440263 
567 1314 11 15 0.039357413 
308 1139 499 553 0.0393071 
821 1261 28 35 0.03928122 
422 1306 15 18 0.03803351 
337 904 17 21 0.035514675 
552 1331 14 18 0.0349895 
800 1238 19 25 0.034957618 
521 1373 24 29 0.03451109 
503 1309 10 12 0.034164116 
17 780 394 506 0.033599593 
853 823 30 41 0.03290238 
477 1141 17 23 0.031496104 
846 806 56 65 0.031196885 
586 1428 33 40 0.030731944 
442 1289 12 15 0.03064808 
121 634 370 453 0.030642912 
443 1312 17 21 0.030467678 
509 1303 9 11 0.030099114 
208 1179 26 35 0.029652186 
826 1410 15 17 0.029563671 
498 1323 14 17 0.029306274 
526 1334 11 14 0.028420348 
661 1314 29 36 0.026801363 
442 1247 18 21 0.02576646 
292 1144 15 19 0.025742315 
786 1461 81 75 0.025728028 
448 1306 16 21 0.025336456 
429 1337 15 19 0.024858981 
168 74 477 566 0.024656454 
204 1317 30 33 0.024628758 
466 1331 17 20 0.024502711 
581 1309 23 27 0.024399668 
650 1367 18 21 0.024042271 
502 1269 10 12 0.02347365 
558 1309 11 14 0.02344622 
457 1361 25 29 0.023308113 
466 1325 14 16 0.023223806 
528 1294 10 12 0.023158157 
509 1308 10 13 0.023157315 
448 1371 24 30 0.022950463 
603 705 416 504 0.022887547 
538 1346 23 28 0.022554507 
775 1395 128 141 0.022470372 
470 1297 14 17 0.022439793 
596 1325 22 27 0.022363242 
486 1333 10 13 0.021878973 
519 1333 12 15 0.021825949 
464 1292 12 13 0.021322917 
424 1291 24 28 0.021254968 
545 1283 24 28 0.021229878 
230 1133 11 14 0.020528546 
218 752 120 149 0.020374201 
648 1377 27 32 0.020084962 
138 948 31 32 0.020070776 
