17_Ceremony_Ceremony_17_57
26
908 169 37 39 0.9995403 
425 118 35 41 0.9965031 
286 97 41 50 0.9963063 
129 111 37 44 0.9941022 
731 126 36 41 0.9934157 
576 153 36 39 0.94628155 
243 218 18 20 0.11333902 
553 208 18 18 0.09416878 
214 187 26 30 0.08259516 
95 275 29 30 0.05140142 
866 288 16 19 0.051027134 
637 469 31 32 0.03977706 
605 21 26 29 0.039282523 
356 83 31 38 0.035395313 
554 217 17 19 0.032357108 
93 304 14 18 0.031115644 
562 218 14 15 0.03017494 
236 223 16 19 0.028894821 
673 471 27 30 0.028097425 
590 165 21 26 0.027803201 
240 205 25 29 0.027486045 
425 98 28 37 0.02528767 
782 104 14 15 0.02334612 
546 213 11 15 0.023149109 
432 84 29 35 0.020149112 
559 203 19 21 0.020102443 
