17_Ceremony_Ceremony_17_344
28
598 47 90 116 0.99961096 
524 113 55 70 0.99920803 
936 368 85 110 0.99391115 
638 284 79 115 0.95125955 
229 399 40 43 0.75320756 
965 148 24 50 0.46000484 
895 186 22 28 0.27546498 
970 155 36 65 0.27422458 
650 293 112 146 0.16335236 
350 593 145 115 0.15118435 
976 173 47 82 0.12644878 
322 533 150 117 0.062221367 
904 192 20 21 0.05382812 
214 393 33 38 0.053548314 
246 93 119 163 0.049477752 
288 501 141 125 0.035103686 
894 182 15 22 0.030408463 
770 168 53 62 0.030359352 
911 187 25 31 0.030002788 
254 129 190 252 0.028341737 
194 411 29 35 0.025794903 
240 386 37 44 0.025583763 
384 590 82 77 0.023805879 
891 177 39 44 0.022894423 
361 486 107 88 0.022362052 
246 416 20 22 0.022160852 
212 400 16 22 0.02056067 
889 189 13 18 0.02022824 
