17_Ceremony_Ceremony_17_300
37
187 155 43 55 0.99773127 
315 154 40 55 0.99699414 
427 138 43 55 0.9959347 
732 135 45 55 0.99580234 
597 149 45 54 0.9925477 
489 252 46 57 0.53314704 
190 383 13 15 0.23909253 
634 305 29 30 0.13671397 
549 181 14 20 0.05185479 
351 0 10 9 0.041581772 
385 266 16 18 0.038328372 
819 183 9 11 0.03639586 
207 399 12 15 0.03573789 
330 24 6 8 0.034556374 
241 14 9 10 0.03438989 
801 182 11 12 0.033076625 
846 253 13 15 0.031537704 
608 6 9 10 0.031372387 
456 127 12 14 0.031327035 
863 0 9 10 0.029034486 
924 1 11 10 0.027739683 
861 15 8 10 0.025570799 
142 294 8 11 0.024734275 
863 72 9 10 0.024418766 
337 31 8 11 0.0243238 
334 23 7 9 0.024272004 
897 215 9 10 0.023485957 
319 8 8 9 0.023019293 
159 72 8 10 0.022423035 
321 47 8 9 0.021905756 
358 31 8 10 0.021851681 
181 420 12 13 0.021456981 
774 150 24 35 0.021159425 
350 53 9 12 0.020806102 
342 37 7 9 0.020484257 
872 9 9 10 0.020347983 
873 13 9 10 0.020335114 
