17_Ceremony_Ceremony_17_406
20
711 373 62 107 0.99405426 
372 246 61 105 0.9881742 
563 494 13 14 0.06361744 
561 509 13 16 0.059575357 
593 430 9 11 0.050478023 
505 361 43 58 0.03503935 
685 237 14 16 0.03477447 
577 508 10 14 0.032142363 
470 532 26 30 0.031973407 
310 460 11 13 0.031493388 
467 504 15 17 0.031381447 
606 586 34 37 0.028992804 
308 534 15 17 0.028029416 
563 500 13 15 0.027779186 
24 306 195 309 0.027706992 
120 620 58 67 0.025775075 
495 381 11 14 0.024433443 
550 503 10 13 0.022109669 
546 57 15 18 0.021044292 
831 278 8 10 0.020756356 
