17_Ceremony_Ceremony_17_765
245
89 473 36 57 0.9951734 
397 291 12 15 0.9850011 
377 397 22 35 0.9691402 
669 289 13 16 0.95776296 
874 299 15 20 0.94274056 
373 287 12 16 0.9127758 
324 295 11 15 0.88644546 
926 298 13 21 0.8550551 
794 284 17 23 0.8384316 
236 340 12 15 0.8353237 
137 309 10 14 0.82163507 
238 305 13 16 0.80641013 
78 305 12 15 0.7816243 
172 441 20 32 0.6903235 
716 286 12 18 0.6048754 
558 277 12 16 0.58795756 
140 340 14 17 0.45573074 
5 393 16 20 0.4367558 
424 288 7 9 0.389963 
834 309 13 16 0.36421266 
107 403 16 20 0.294068 
226 393 13 20 0.2691461 
288 369 11 16 0.20104219 
183 318 12 15 0.19671413 
231 440 21 35 0.18052247 
10 399 14 21 0.17606376 
81 338 14 17 0.16304205 
40 407 28 34 0.15688908 
124 396 12 16 0.1475962 
453 287 8 11 0.14712358 
358 307 9 12 0.14416866 
131 439 25 39 0.13362867 
210 384 15 19 0.1276557 
148 380 12 15 0.117970504 
4 405 17 24 0.1175848 
807 259 11 13 0.11522584 
222 333 9 14 0.11105574 
863 327 9 12 0.10742746 
177 326 11 14 0.106760606 
196 401 13 17 0.10565938 
244 396 16 19 0.08659707 
821 282 15 19 0.08527367 
341 382 11 15 0.08213221 
165 331 11 15 0.07992153 
147 386 17 20 0.07987259 
179 434 16 28 0.07181154 
82 413 15 25 0.06911821 
516 269 10 14 0.068047956 
160 333 11 14 0.067719586 
123 325 11 14 0.067712285 
783 269 9 11 0.067128554 
154 402 16 22 0.064473666 
250 402 17 21 0.06402273 
89 405 21 31 0.06031153 
218 386 17 25 0.06017493 
55 419 22 29 0.060106475 
230 334 13 16 0.058864985 
182 416 16 20 0.058476552 
384 307 9 12 0.058126792 
100 383 10 12 0.055426694 
865 349 10 14 0.05466767 
189 396 14 18 0.05368414 
86 256 9 11 0.05361614 
1 408 12 20 0.0530063 
766 274 10 13 0.052674413 
146 391 23 29 0.05267111 
561 280 15 18 0.05250571 
184 349 11 13 0.05166422 
212 391 16 20 0.05089002 
114 395 18 23 0.05069706 
765 288 9 11 0.050602913 
308 398 22 28 0.049932953 
206 392 14 19 0.049757484 
777 288 8 11 0.04940135 
331 426 15 23 0.04913409 
374 309 10 12 0.0482437 
144 325 10 12 0.047663957 
132 426 21 34 0.047591135 
783 301 12 15 0.047194406 
188 389 12 15 0.046996143 
85 324 12 14 0.046487022 
832 302 11 16 0.04632226 
764 294 10 12 0.045881677 
389 326 9 12 0.04543602 
880 294 18 21 0.045427725 
358 340 10 14 0.04537713 
108 413 15 20 0.04518242 
185 409 17 21 0.044752937 
184 238 10 14 0.043971125 
285 448 14 17 0.04302553 
200 264 388 443 0.04282375 
449 290 9 12 0.041676376 
238 393 13 18 0.04142519 
95 382 11 14 0.041276384 
324 322 12 15 0.040999796 
61 395 15 19 0.040120546 
110 308 9 12 0.039917354 
58 434 23 33 0.039470404 
729 364 8 10 0.03909573 
641 252 12 15 0.03907524 
366 404 17 21 0.038934458 
793 278 12 15 0.038621943 
513 296 9 12 0.038582426 
429 294 9 11 0.038568564 
671 312 10 11 0.038479757 
265 439 23 35 0.038370736 
141 315 9 11 0.037840426 
388 307 10 13 0.03754562 
151 319 8 11 0.037009165 
49 400 27 31 0.03690349 
245 446 25 34 0.036847275 
21 520 30 34 0.036791515 
784 308 12 14 0.036347557 
781 292 11 15 0.03626705 
160 316 9 12 0.036068816 
142 393 15 19 0.035965603 
401 327 9 12 0.035955064 
339 332 11 15 0.035449956 
140 422 23 33 0.03449867 
247 324 12 15 0.033698756 
829 290 13 17 0.03368236 
104 302 10 13 0.03349629 
134 305 17 23 0.033476263 
71 337 24 27 0.033081524 
103 469 33 47 0.033014603 
340 292 11 15 0.032734133 
8 302 8 9 0.03266126 
97 410 22 30 0.032636605 
70 338 16 17 0.032563515 
402 333 9 11 0.032547202 
781 287 10 13 0.032459565 
427 286 9 11 0.03219658 
155 380 13 17 0.032193575 
334 323 13 16 0.03207593 
399 307 11 14 0.031560197 
1005 365 11 15 0.031100508 
405 309 10 13 0.031059468 
354 333 10 14 0.030891983 
517 296 9 11 0.030851915 
132 395 13 18 0.030022416 
815 283 11 16 0.029895568 
289 251 12 15 0.029648094 
333 293 11 14 0.0296412 
93 294 10 12 0.029338118 
288 339 12 18 0.02922582 
384 319 9 12 0.029180696 
369 376 10 12 0.029168716 
51 394 17 22 0.029133989 
54 388 12 15 0.02887242 
333 311 11 14 0.028839612 
644 285 10 14 0.028740589 
868 371 9 12 0.02861963 
365 309 11 13 0.028525582 
179 424 19 27 0.02844502 
848 254 9 11 0.028232818 
161 312 8 10 0.028095042 
359 403 14 20 0.028034613 
334 376 22 30 0.028011922 
149 301 9 12 0.027953591 
782 276 10 12 0.027872847 
357 315 11 15 0.02745075 
146 375 11 15 0.027148796 
167 341 10 13 0.027112762 
36 328 9 11 0.027081124 
765 299 10 14 0.026943792 
0 391 14 20 0.026914539 
59 407 22 27 0.02690843 
862 331 13 17 0.026579509 
318 311 21 26 0.02626837 
863 304 13 17 0.026216673 
431 302 11 12 0.02618346 
390 331 9 12 0.026168214 
438 277 8 11 0.026148647 
802 278 14 19 0.025836779 
823 283 21 28 0.024918487 
160 288 9 11 0.024904646 
165 310 8 11 0.02486571 
419 287 9 11 0.024721965 
368 316 10 14 0.024501704 
166 304 9 11 0.024457289 
195 389 13 17 0.024428202 
365 346 10 13 0.024349306 
643 229 12 17 0.024331333 
415 301 11 14 0.024254061 
375 269 8 12 0.024235448 
315 316 15 18 0.024232881 
148 407 19 23 0.023906281 
172 340 11 15 0.023905726 
957 384 9 10 0.02369835 
553 237 10 13 0.023651447 
61 383 11 13 0.023394236 
64 338 12 15 0.023388436 
79 312 12 14 0.023336343 
418 292 9 11 0.023039198 
177 295 9 11 0.022876076 
119 391 13 16 0.022795754 
64 400 16 23 0.022740332 
202 401 15 18 0.022380253 
358 325 11 15 0.022039182 
386 387 16 24 0.021835878 
790 271 9 12 0.021833722 
387 516 13 16 0.021760013 
66 390 15 17 0.021663405 
280 442 24 28 0.021614566 
835 290 14 20 0.021598594 
418 477 16 17 0.021577816 
126 320 8 11 0.021499952 
413 307 11 13 0.021413827 
223 447 24 34 0.021407062 
778 270 8 11 0.02136558 
244 406 18 22 0.021322802 
440 255 9 12 0.021281943 
333 318 21 27 0.02126049 
562 271 13 15 0.021178763 
102 397 17 21 0.021147074 
88 294 10 13 0.021008836 
432 309 12 14 0.020989843 
806 265 13 16 0.020863242 
150 332 11 16 0.020811247 
453 215 9 11 0.020806452 
179 315 19 26 0.020711446 
871 295 13 19 0.020694476 
13 302 9 10 0.020686781 
47 397 12 17 0.020666797 
789 400 7 8 0.020629423 
405 317 9 12 0.02055992 
365 383 26 29 0.020515496 
152 415 19 23 0.02043853 
811 254 11 12 0.020399738 
34 332 8 11 0.020375224 
10 403 21 28 0.020352941 
165 317 9 12 0.020322165 
60 388 14 16 0.020282194 
140 446 30 35 0.020281747 
775 278 9 11 0.020230753 
990 407 8 9 0.020223811 
330 426 26 38 0.020192737 
828 299 20 26 0.020172123 
120 328 11 16 0.02014196 
823 307 13 16 0.020131124 
88 380 12 16 0.020125285 
371 381 11 13 0.020120507 
68 430 28 37 0.02010807 
864 292 11 16 0.020071752 
392 301 11 14 0.020042649 
