26_Soldier_Drilling_Soldiers_Drilling_26_359
30
508 661 69 97 0.88610846 
112 1407 39 52 0.29730812 
104 1510 36 38 0.253532 
669 329 56 75 0.21291472 
539 445 40 56 0.16214694 
559 461 29 39 0.12714422 
21 1438 32 45 0.10333161 
116 1396 29 38 0.09949712 
645 337 54 76 0.065237 
29 1422 37 58 0.05904872 
9 1444 49 69 0.051670704 
588 1210 23 26 0.050742947 
20 1463 52 70 0.03236684 
648 302 53 77 0.03207306 
772 181 106 129 0.030512955 
643 390 24 36 0.028941713 
705 332 48 71 0.027963042 
885 945 28 32 0.025976967 
514 899 18 22 0.025564251 
212 1593 26 33 0.025465416 
400 996 56 68 0.024114296 
4 1404 36 59 0.023620116 
780 174 64 72 0.023559986 
530 452 30 44 0.023557732 
554 662 59 90 0.02340238 
345 1984 38 37 0.022742298 
461 950 32 37 0.022545634 
622 357 52 71 0.022370886 
575 340 28 33 0.022285083 
5 1445 34 46 0.020655219 
