26_Soldier_Drilling_Soldiers_Drilling_26_529
50
178 236 40 50 0.9984308 
751 313 50 60 0.9964025 
467 330 55 66 0.99516535 
530 127 45 53 0.9946725 
362 128 43 55 0.9935435 
441 167 40 52 0.97796655 
758 460 16 21 0.3166942 
720 479 26 33 0.2248636 
726 472 16 20 0.22160093 
659 479 23 27 0.18359359 
866 475 34 36 0.18268767 
890 205 10 12 0.10322262 
933 199 10 12 0.0876705 
664 473 21 22 0.08361653 
952 227 12 14 0.060841043 
894 231 10 13 0.05278784 
995 197 12 13 0.051697265 
944 228 10 14 0.051165964 
775 470 12 14 0.046856243 
751 465 15 19 0.04633701 
956 227 15 18 0.04424888 
71 236 13 16 0.042214353 
717 228 13 15 0.041256305 
721 495 19 22 0.041015115 
917 207 11 14 0.038391553 
1013 164 10 15 0.035805296 
426 470 52 43 0.033727724 
912 221 9 13 0.030299421 
901 231 9 12 0.030226607 
835 229 12 15 0.030090753 
87 481 19 21 0.029889362 
889 231 11 13 0.029576773 
705 483 27 32 0.029317088 
729 469 24 28 0.029070282 
868 448 26 28 0.027598701 
521 475 48 50 0.026772462 
68 654 18 20 0.026654016 
718 474 16 21 0.024971245 
694 491 16 18 0.024506142 
829 685 14 16 0.024350788 
197 541 12 15 0.024097627 
58 653 54 59 0.023804639 
410 481 55 57 0.023431977 
125 534 14 16 0.023163076 
712 223 11 14 0.02183875 
903 237 9 11 0.021737942 
724 462 12 17 0.021375649 
799 229 13 16 0.020792972 
695 490 26 28 0.020244986 
944 498 14 17 0.020126399 
