26_Soldier_Drilling_Soldiers_Drilling_26_262
235
575 273 21 31 0.99590874 
759 326 23 30 0.99367553 
954 292 23 29 0.9905314 
274 293 24 29 0.9901816 
474 311 22 27 0.98687565 
301 210 15 19 0.98524934 
917 283 27 33 0.9852256 
691 278 21 27 0.9845821 
404 193 13 17 0.9821838 
609 275 21 26 0.9812479 
800 285 23 29 0.9797539 
621 318 21 28 0.9775378 
534 266 24 30 0.9724372 
725 281 23 30 0.97007376 
1004 266 21 30 0.96762264 
126 264 22 26 0.96308696 
763 248 20 25 0.9626604 
168 265 23 29 0.9573737 
370 218 14 17 0.9565027 
780 272 22 27 0.95639765 
76 259 24 29 0.95510525 
439 217 15 20 0.9514352 
219 232 17 20 0.9499675 
223 263 20 25 0.9494957 
853 291 21 27 0.94520146 
449 273 21 26 0.944536 
592 241 15 18 0.9166531 
486 243 13 17 0.91283154 
300 266 19 22 0.893852 
638 281 22 25 0.88674295 
4 260 22 28 0.87768114 
90 213 14 17 0.8774151 
867 254 17 22 0.83947057 
650 233 13 17 0.82518 
684 221 14 17 0.818571 
167 211 13 16 0.814271 
340 259 22 27 0.812245 
474 227 13 16 0.787623 
527 217 13 16 0.76077694 
965 235 21 26 0.74405867 
124 237 17 20 0.74203354 
241 260 20 24 0.74022263 
37 273 22 26 0.7070119 
60 256 18 23 0.69718534 
206 251 14 19 0.67268556 
353 228 13 16 0.6650563 
512 266 18 23 0.6641853 
149 246 16 21 0.6618413 
496 222 11 14 0.6436562 
428 263 17 22 0.6384696 
421 259 14 20 0.5987192 
803 247 16 18 0.5851709 
460 535 23 34 0.57985884 
392 265 15 21 0.5447857 
323 218 18 20 0.528011 
586 225 15 18 0.48741314 
521 264 23 28 0.4769161 
331 269 15 22 0.465825 
218 207 14 16 0.44367906 
248 217 15 17 0.44001174 
381 219 13 16 0.3451088 
979 278 16 24 0.26405653 
451 219 12 16 0.2544811 
692 249 22 26 0.2305358 
602 221 13 16 0.19631505 
264 217 13 16 0.19349775 
405 220 10 13 0.16985592 
106 258 15 20 0.16834012 
180 228 13 16 0.16504443 
321 231 21 25 0.16471021 
523 239 15 17 0.1570734 
596 224 16 19 0.15442133 
745 256 16 20 0.15041819 
828 290 15 20 0.1489481 
647 276 19 24 0.14483005 
640 234 13 18 0.14294876 
46 232 16 18 0.14137293 
116 223 10 14 0.14110617 
399 227 11 14 0.13687538 
378 288 17 24 0.13351686 
263 241 13 18 0.1282473 
879 314 15 18 0.12540154 
356 286 24 27 0.11537541 
714 235 16 19 0.11077072 
897 290 13 17 0.106425665 
814 286 21 28 0.10578507 
901 242 12 17 0.10138895 
416 258 13 18 0.09897958 
930 250 17 19 0.09242693 
834 288 16 22 0.090106405 
488 301 456 509 0.08688991 
433 265 21 26 0.08438159 
358 498 34 52 0.08112017 
426 254 17 20 0.0761008 
715 264 17 21 0.07313842 
122 242 23 27 0.069237046 
966 289 21 28 0.0690423 
320 226 13 16 0.06870503 
131 60 38 50 0.06844446 
524 223 15 18 0.06826152 
46 211 21 25 0.06781608 
724 242 15 19 0.06739143 
347 266 25 29 0.06504081 
812 259 17 19 0.062651485 
834 250 15 19 0.062232733 
897 271 15 20 0.06112723 
490 237 14 18 0.059508733 
37 248 14 17 0.059385575 
405 497 46 67 0.058320273 
233 262 20 24 0.05646747 
61 213 13 18 0.05411138 
91 221 16 19 0.05069713 
493 218 19 23 0.049972437 
144 244 14 17 0.049874872 
263 257 13 19 0.049701035 
323 259 14 19 0.04873105 
155 204 14 17 0.048501216 
924 255 21 24 0.047810312 
461 220 10 15 0.047624785 
159 261 20 26 0.047037635 
623 278 25 28 0.046526644 
270 637 42 45 0.04617114 
523 246 16 20 0.04591133 
465 274 15 20 0.045358796 
913 255 20 25 0.04437209 
219 475 14 20 0.04391779 
268 98 12 14 0.0436692 
896 278 19 26 0.043650396 
42 239 18 22 0.042605676 
62 245 37 47 0.04253731 
704 256 20 26 0.042330682 
961 272 23 29 0.04219488 
679 216 13 17 0.041319918 
66 260 20 24 0.040285446 
111 256 21 27 0.04022049 
126 43 11 13 0.039694514 
312 260 20 28 0.039531462 
841 281 16 22 0.03950578 
154 244 23 32 0.03912177 
35 42 43 50 0.03908751 
263 225 14 17 0.039028615 
266 187 12 17 0.039025504 
39 206 10 14 0.03844646 
878 284 14 18 0.037194654 
50 260 20 26 0.037185844 
738 259 23 30 0.037111335 
135 87 14 20 0.036986038 
707 241 19 25 0.036726933 
282 45 14 18 0.036331758 
715 247 20 26 0.035890695 
985 276 17 23 0.035804942 
328 224 17 20 0.03579138 
268 183 10 13 0.035631888 
67 212 13 15 0.03553822 
318 234 15 19 0.03552676 
677 245 13 16 0.035172272 
97 212 12 16 0.034853093 
687 253 14 16 0.034119003 
319 213 12 16 0.033821248 
247 252 19 26 0.03379986 
668 213 12 16 0.03358166 
197 254 16 21 0.03329969 
0 263 14 21 0.03323354 
372 293 17 22 0.03244674 
909 278 24 31 0.032119542 
592 276 22 28 0.03171442 
142 228 11 15 0.03167873 
283 237 11 16 0.031668987 
283 273 16 20 0.03140286 
29 616 28 37 0.031255238 
184 60 10 13 0.030688629 
407 254 13 18 0.030412136 
38 211 14 20 0.030214377 
338 268 18 24 0.030192707 
121 71 27 36 0.029765202 
503 266 13 18 0.029725377 
756 69 64 48 0.029063398 
706 266 22 27 0.02850838 
386 215 13 15 0.027749768 
843 288 18 24 0.027709806 
39 218 22 27 0.027679063 
35 252 22 29 0.027500002 
492 265 14 18 0.027166825 
726 265 25 31 0.027038226 
509 275 16 22 0.027001195 
372 487 58 73 0.026650244 
670 215 19 25 0.026351498 
935 287 26 32 0.026216343 
413 242 14 18 0.026147695 
713 271 22 28 0.026121585 
296 198 23 29 0.025912618 
211 237 19 24 0.025904205 
486 265 12 17 0.025755925 
390 225 13 16 0.025544921 
184 53 11 14 0.025444811 
657 233 12 18 0.025391458 
285 292 23 30 0.025377886 
979 290 21 30 0.02535937 
611 221 10 14 0.025305742 
648 7 27 28 0.025039915 
436 523 39 54 0.024943199 
144 147 12 15 0.024863964 
370 283 17 23 0.02480403 
138 79 17 23 0.024352567 
130 231 16 18 0.024172673 
730 253 22 28 0.024160152 
176 232 13 17 0.024093457 
419 244 15 18 0.023993492 
215 200 12 15 0.023680748 
411 191 11 14 0.023573367 
276 93 11 14 0.023496885 
565 127 8 11 0.023431072 
119 264 16 20 0.022956017 
3 252 17 23 0.022943614 
634 291 20 24 0.022902962 
185 258 18 22 0.0224505 
11 627 32 31 0.022317486 
550 236 14 18 0.022138797 
44 207 13 15 0.021886647 
228 209 12 16 0.02174341 
202 198 22 26 0.02170972 
196 209 15 18 0.021494381 
80 212 10 14 0.021462863 
397 232 12 15 0.021455474 
677 232 13 18 0.0212362 
955 263 24 28 0.020807875 
112 222 19 24 0.020593092 
329 250 23 29 0.020439712 
898 532 35 46 0.02038538 
141 237 11 15 0.02038142 
103 45 12 15 0.020319158 
285 106 10 15 0.020183193 
726 245 21 26 0.020090358 
334 231 20 25 0.020054087 
264 206 13 18 0.020022266 
