26_Soldier_Drilling_Soldiers_Drilling_26_619
99
460 213 30 39 0.99471277 
816 245 25 26 0.9757981 
648 444 54 63 0.556628 
212 151 14 18 0.34840634 
766 298 25 27 0.3161906 
677 315 14 19 0.29483286 
375 247 26 31 0.25270307 
114 252 22 26 0.20451158 
755 306 27 29 0.20015566 
132 253 16 21 0.19586481 
56 241 24 28 0.18826294 
893 373 15 18 0.16864274 
67 242 15 21 0.13753451 
363 241 42 53 0.11610961 
5 230 22 33 0.08854847 
190 409 11 12 0.08600156 
982 101 14 16 0.07333567 
718 362 10 14 0.06660768 
260 512 10 12 0.064547636 
289 496 8 10 0.06230676 
564 102 14 17 0.058189623 
636 241 12 15 0.0536716 
755 300 19 20 0.05066054 
864 310 10 11 0.047555603 
296 496 8 11 0.04638641 
937 358 19 21 0.044742994 
724 352 24 31 0.04348939 
110 250 15 20 0.04283858 
411 335 18 22 0.041295532 
116 247 15 18 0.040681783 
999 89 12 17 0.040228214 
170 127 24 29 0.039839264 
239 505 9 10 0.038693864 
831 249 18 20 0.03844803 
775 382 24 31 0.03815242 
750 315 28 35 0.037702344 
599 149 14 16 0.037525054 
505 31 11 14 0.037174366 
708 245 13 17 0.036847908 
301 500 8 9 0.035981473 
702 249 13 16 0.035426874 
771 284 15 16 0.034895338 
615 118 14 16 0.034872513 
279 521 9 10 0.034690816 
588 107 12 14 0.03452772 
215 528 10 13 0.03383014 
981 88 23 30 0.033621345 
195 123 13 15 0.033440683 
926 395 13 16 0.033197105 
25 184 184 275 0.032377865 
698 326 24 29 0.03183583 
327 510 9 11 0.031050958 
104 252 12 18 0.0288989 
111 275 11 14 0.028789971 
689 97 460 483 0.028126065 
289 501 9 10 0.028068895 
445 212 26 33 0.027903974 
328 486 8 10 0.027758833 
272 503 9 10 0.0276297 
-29 83 332 452 0.027443033 
277 502 8 10 0.027399663 
901 335 15 16 0.027123896 
141 410 13 12 0.026908658 
256 503 8 9 0.026537042 
805 247 16 19 0.0259369 
812 347 17 19 0.02552257 
971 375 30 35 0.02550897 
858 338 18 19 0.025420042 
62 199 21 27 0.025349163 
182 303 23 28 0.025340803 
848 372 11 12 0.025328308 
965 370 14 18 0.025304925 
272 484 9 11 0.025276767 
197 156 12 16 0.025242344 
202 437 9 10 0.024599824 
982 69 11 14 0.024531279 
187 148 12 17 0.024254335 
959 425 12 15 0.024115348 
111 267 13 17 0.023985717 
157 440 10 12 0.023907457 
280 495 8 10 0.02364126 
768 322 34 39 0.023390844 
206 138 23 28 0.023355382 
271 528 9 10 0.02304985 
965 370 25 32 0.022841355 
240 464 9 10 0.02261524 
294 479 7 10 0.02251472 
289 144 25 31 0.022168055 
961 356 24 30 0.021851515 
953 431 26 38 0.021442963 
417 -5 417 563 0.021345207 
494 48 14 15 0.021304624 
278 510 7 9 0.021003831 
966 319 9 12 0.020853583 
775 302 26 28 0.020808607 
233 520 8 11 0.020376757 
245 527 11 13 0.020296305 
418 333 13 17 0.020166598 
846 366 11 12 0.020090261 
