26_Soldier_Drilling_Soldiers_Drilling_26_245
48
291 348 91 102 0.99843115 
795 517 42 41 0.99470055 
151 258 22 28 0.8530946 
751 438 15 19 0.4283367 
589 281 13 17 0.13382684 
553 591 47 51 0.09978823 
790 456 17 21 0.073641606 
972 95 12 14 0.06920705 
248 402 13 19 0.068806194 
978 348 12 15 0.06848071 
617 264 11 13 0.067839496 
923 157 13 17 0.06614974 
912 35 11 16 0.04924445 
1000 244 8 12 0.04827822 
795 441 16 18 0.04659801 
115 234 15 22 0.04640987 
1013 344 9 17 0.04483856 
735 442 11 15 0.041454107 
596 290 12 17 0.04129409 
976 252 9 13 0.03989673 
786 461 28 32 0.03439857 
142 264 25 27 0.033893168 
1006 242 11 14 0.032938886 
961 239 9 11 0.03236549 
358 782 384 498 0.031842608 
789 444 23 27 0.030978622 
992 239 8 11 0.0297375 
958 95 10 12 0.029105164 
716 443 12 15 0.02891333 
814 460 13 16 0.027976494 
762 49 42 46 0.026976012 
952 239 8 10 0.026285192 
966 100 11 12 0.025888834 
142 260 17 20 0.02420507 
960 102 9 10 0.024079833 
778 465 22 30 0.023884192 
101 244 12 16 0.023560682 
109 238 16 22 0.023163442 
232 1151 59 69 0.022872975 
160 251 17 28 0.02280643 
101 308 11 15 0.02226552 
739 453 12 16 0.022250792 
985 100 9 11 0.021854948 
735 456 11 17 0.020839212 
608 261 10 13 0.020591518 
138 265 41 44 0.020538894 
772 470 18 22 0.020495646 
1012 243 11 16 0.02038362 
