26_Soldier_Drilling_Soldiers_Drilling_26_893
26
465 82 37 58 0.48393172 
54 480 29 32 0.09238789 
421 83 29 44 0.08309173 
422 420 71 90 0.07839656 
109 463 17 22 0.07815852 
128 445 11 12 0.057388414 
725 424 96 137 0.057305798 
239 331 98 133 0.051812124 
367 378 34 39 0.041988358 
994 12 30 54 0.04045525 
656 437 105 151 0.03996061 
302 538 28 30 0.034583718 
123 480 33 45 0.03264387 
703 474 29 41 0.030138686 
51 492 29 35 0.028874027 
420 94 45 60 0.027481241 
54 482 17 19 0.027301747 
253 273 35 44 0.027010135 
377 394 84 110 0.024492074 
85 183 363 399 0.024109393 
60 477 18 21 0.022579849 
264 370 101 116 0.021976138 
430 268 356 473 0.021809626 
127 450 14 18 0.021643355 
691 461 64 91 0.021295613 
422 445 110 120 0.021108713 
