26_Soldier_Drilling_Soldiers_Drilling_26_832
29
434 213 61 77 0.99751794 
786 222 65 80 0.99680614 
552 266 45 57 0.89740837 
794 318 208 267 0.21525913 
985 324 15 19 0.11524305 
654 341 41 50 0.11008941 
42 307 12 14 0.08487952 
606 187 12 16 0.062331926 
12 335 12 13 0.061721716 
273 450 41 47 0.061392326 
738 262 49 64 0.057061285 
302 315 12 14 0.05309829 
207 327 12 16 0.04811521 
363 353 14 18 0.043950975 
645 285 16 20 0.041631818 
232 327 12 14 0.036450375 
70 319 8 11 0.031638768 
865 449 105 139 0.027050257 
296 338 14 18 0.02438536 
972 324 28 29 0.023694143 
359 323 13 16 0.023170674 
592 258 45 63 0.022761691 
174 317 13 16 0.021483745 
704 294 25 30 0.021477912 
351 307 11 14 0.021258473 
214 316 10 12 0.02069943 
756 236 47 62 0.020548431 
613 256 41 58 0.02026744 
65 319 9 12 0.020128455 
