26_Soldier_Drilling_Soldiers_Drilling_26_31
48
662 197 39 44 0.99607 
531 214 37 43 0.9926658 
234 188 37 43 0.99090356 
807 160 40 49 0.97601694 
382 176 37 47 0.9730056 
315 384 15 21 0.24081033 
703 194 24 32 0.123345874 
841 163 24 31 0.11821801 
863 177 21 30 0.08174772 
250 286 17 22 0.078426264 
391 613 30 29 0.06573161 
556 220 28 36 0.056359418 
609 190 12 14 0.04909694 
197 106 34 41 0.048743155 
672 123 11 14 0.046407696 
383 113 38 51 0.04382815 
463 222 30 38 0.043347683 
764 184 28 38 0.040733475 
509 215 29 34 0.036113072 
844 5 44 55 0.03218718 
788 161 30 37 0.03194424 
192 157 44 51 0.031802397 
435 67 47 74 0.029506015 
497 196 17 20 0.029303944 
315 279 13 18 0.028829718 
404 146 22 27 0.027713157 
208 97 29 35 0.026275668 
597 259 15 20 0.02595003 
391 114 23 30 0.025771726 
309 399 16 24 0.024835978 
639 126 8 11 0.024355656 
518 276 27 36 0.024308613 
597 38 9 11 0.024287006 
246 270 29 40 0.023804802 
415 187 26 32 0.023191646 
606 192 22 27 0.023069987 
156 134 23 28 0.02303267 
226 111 32 42 0.022936434 
598 31 8 10 0.02271193 
569 225 18 24 0.021974832 
706 177 27 34 0.021839647 
729 31 9 12 0.021469565 
424 177 25 31 0.021323748 
291 204 25 36 0.021117967 
576 47 9 10 0.020868823 
614 39 7 9 0.020696362 
274 186 25 35 0.02051414 
103 141 23 29 0.020273415 
