26_Soldier_Drilling_Soldiers_Drilling_26_610
24
590 55 55 67 0.99793625 
275 153 348 394 0.25282788 
55 23 193 175 0.1617085 
846 218 29 35 0.13673286 
127 -5 195 199 0.080481164 
74 247 31 39 0.07614093 
424 175 361 408 0.075902246 
296 237 37 43 0.07578217 
210 33 117 133 0.066091366 
60 295 24 30 0.06239573 
368 32 110 144 0.06084222 
584 -76 421 436 0.051201534 
544 60 40 55 0.04587582 
941 147 81 169 0.044825494 
656 63 52 57 0.040369965 
356 175 32 34 0.039974555 
876 186 16 20 0.027679512 
-2 11 188 259 0.025320152 
456 115 27 32 0.02481559 
477 48 30 42 0.02427969 
516 53 377 412 0.023724103 
560 32 50 60 0.021344839 
844 209 51 55 0.02095536 
892 146 13 15 0.020451613 
