26_Soldier_Drilling_Soldiers_Drilling_26_719
45
460 213 33 38 0.90933216 
815 244 25 26 0.8039549 
115 254 22 27 0.7995022 
51 241 27 32 0.3516524 
60 197 22 27 0.1895932 
377 246 25 31 0.12669465 
435 253 16 18 0.11889871 
805 247 16 20 0.09574828 
124 251 22 28 0.09013991 
967 371 33 36 0.089891635 
212 144 17 21 0.06717037 
772 282 12 13 0.065245636 
66 240 16 22 0.0593817 
449 211 30 34 0.056145716 
504 31 12 15 0.051492617 
994 402 17 20 0.047910377 
365 238 41 55 0.047590367 
985 389 26 32 0.043035567 
105 251 36 45 0.041902453 
989 371 26 38 0.040094204 
644 446 52 57 0.03891739 
804 248 28 30 0.037115548 
586 144 446 499 0.03685294 
993 424 14 19 0.034474038 
111 262 15 22 0.030898118 
435 247 26 30 0.03082138 
132 238 12 16 0.030802812 
777 299 17 19 0.030346915 
389 271 39 58 0.030203886 
650 103 34 35 0.029982597 
288 495 8 10 0.028672159 
5 227 22 35 0.02623048 
192 293 42 52 0.026022708 
257 511 10 12 0.025772026 
833 235 15 19 0.025493432 
727 78 29 35 0.024976458 
853 299 11 13 0.024854196 
979 410 28 34 0.024664415 
239 504 9 11 0.024655215 
804 256 15 18 0.023254132 
293 480 8 10 0.023225801 
124 243 16 20 0.022725295 
116 246 16 20 0.020863691 
4 219 37 52 0.020820223 
678 192 29 27 0.020753533 
