26_Soldier_Drilling_Soldiers_Drilling_26_689
31
327 145 87 134 0.99575835 
245 113 63 85 0.9752846 
630 207 23 30 0.9608507 
395 171 56 91 0.33717015 
128 146 22 29 0.20593606 
166 161 21 32 0.14322585 
559 411 18 21 0.06809475 
391 107 29 42 0.05831855 
259 123 85 112 0.057678554 
413 23 17 21 0.038756512 
131 162 29 34 0.035922237 
597 323 15 20 0.03574063 
627 209 38 50 0.034765426 
83 285 25 30 0.034057017 
136 147 26 31 0.03226844 
72 289 24 28 0.031765375 
-5 332 80 115 0.030907959 
-2 353 49 72 0.028300881 
239 142 60 96 0.028297707 
72 301 34 36 0.02695964 
422 204 50 75 0.026258774 
639 248 24 32 0.024974009 
132 177 30 35 0.024823748 
390 198 31 47 0.024684563 
421 4 18 19 0.0245123 
151 163 32 37 0.023676341 
418 0 29 32 0.023043275 
468 249 48 60 0.021719364 
46 310 58 53 0.021292588 
225 114 50 77 0.02058671 
364 164 62 97 0.020233838 
