26_Soldier_Drilling_Soldiers_Drilling_26_307
44
415 357 26 27 0.97838277 
173 374 22 25 0.6340646 
260 344 24 30 0.6226053 
905 338 25 28 0.6169362 
449 172 17 21 0.28791893 
529 362 18 26 0.26494688 
81 396 19 22 0.12532622 
291 364 22 28 0.10795066 
428 187 45 65 0.10289748 
282 355 16 20 0.07563931 
221 377 16 20 0.074962564 
307 363 14 22 0.07399065 
490 157 18 23 0.06519296 
275 352 16 21 0.058312878 
435 181 32 43 0.056379564 
283 357 24 29 0.05502888 
400 317 10 13 0.05501208 
165 492 250 180 0.05385203 
731 358 12 15 0.04937941 
65 388 27 33 0.040870894 
3 256 27 45 0.04000993 
282 72 44 54 0.0398946 
229 616 53 57 0.03290398 
265 342 38 47 0.03289161 
40 336 18 25 0.032636277 
216 379 13 16 0.029647153 
252 345 19 25 0.029429805 
422 248 389 518 0.029040793 
459 242 12 16 0.027256265 
214 385 16 19 0.027219186 
261 209 401 485 0.026253471 
175 383 26 29 0.026227068 
309 363 22 32 0.024912067 
441 173 11 15 0.024383526 
178 365 18 22 0.024197003 
515 395 12 15 0.024190325 
284 353 37 46 0.024072364 
983 277 40 57 0.022957515 
182 529 145 118 0.022323633 
243 461 11 13 0.021113338 
219 390 17 20 0.020775883 
537 368 27 27 0.020751053 
3 343 33 44 0.020232683 
311 547 142 125 0.02020141 
