26_Soldier_Drilling_Soldiers_Drilling_26_942
36
100 196 38 47 0.9427012 
355 198 41 45 0.89928627 
347 135 20 31 0.538903 
781 223 112 131 0.39901808 
217 202 39 52 0.3230892 
82 305 28 31 0.26108298 
84 198 34 41 0.1287073 
293 271 29 42 0.12403412 
357 136 20 28 0.09249876 
373 136 15 24 0.07549192 
634 34 34 34 0.072303295 
833 255 66 68 0.071708895 
285 106 15 17 0.06213279 
397 91 15 18 0.056128252 
202 216 43 51 0.05361234 
146 452 9 13 0.042050682 
256 478 118 102 0.037017327 
524 41 366 404 0.035363436 
711 101 125 144 0.034751065 
190 230 44 50 0.034102622 
730 140 174 224 0.033856213 
64 601 26 38 0.03255776 
617 57 226 255 0.030815572 
622 64 109 129 0.030779177 
93 415 14 16 0.030098112 
83 207 17 22 0.028588202 
855 282 38 42 0.028343372 
618 35 54 67 0.025627634 
636 78 59 72 0.024771249 
235 406 14 17 0.023568178 
230 412 13 18 0.023044432 
758 36 21 29 0.021779843 
80 314 14 19 0.021400131 
511 146 11 14 0.020902975 
232 217 28 46 0.020520302 
70 327 10 14 0.020283097 
