26_Soldier_Drilling_Soldiers_Drilling_26_934
25
482 67 88 116 0.9994887 
682 214 67 84 0.99907565 
806 534 94 153 0.99871695 
973 211 45 61 0.99842924 
144 387 80 104 0.99591464 
70 169 40 51 0.980553 
148 138 35 44 0.932233 
741 176 64 94 0.8788322 
708 190 63 94 0.5762982 
-3 177 23 55 0.5101629 
565 452 63 81 0.27236825 
124 211 52 60 0.24156067 
257 648 31 34 0.19590886 
744 866 46 68 0.18446574 
722 853 45 69 0.10636324 
694 853 28 48 0.0798333 
593 164 29 48 0.07615197 
160 124 45 57 0.067774646 
4 52 14 20 0.04565772 
738 176 39 61 0.03321793 
729 845 76 110 0.025998373 
745 815 86 116 0.023663562 
703 646 92 109 0.023065656 
1 245 22 40 0.021439461 
715 882 33 45 0.020821637 
