26_Soldier_Drilling_Soldiers_Drilling_26_750
23
458 247 94 122 0.99903154 
22 215 103 211 0.9970169 
318 277 45 63 0.9696741 
767 172 71 151 0.8853253 
817 720 15 19 0.13865182 
794 178 108 139 0.09943669 
613 347 327 465 0.06474753 
652 588 16 24 0.06280622 
846 156 85 134 0.03976448 
314 254 70 100 0.037744585 
821 719 24 26 0.03274734 
627 483 32 41 0.031153254 
728 422 129 199 0.029492393 
707 630 54 65 0.029326709 
472 497 47 56 0.029055318 
136 323 12 18 0.025144968 
660 570 27 30 0.023252124 
814 727 14 18 0.021644142 
800 717 22 30 0.02147216 
300 294 35 46 0.020725122 
624 457 13 19 0.020255769 
625 467 30 35 0.020101687 
858 218 107 131 0.020020092 
