26_Soldier_Drilling_Soldiers_Drilling_26_236
26
600 175 110 112 0.99904114 
476 203 43 75 0.9881691 
980 238 41 59 0.964213 
366 376 90 77 0.9467489 
704 137 88 135 0.34480837 
550 235 28 37 0.25865543 
536 220 39 61 0.1558638 
659 147 100 141 0.10648825 
51 672 198 287 0.09595079 
0 422 48 69 0.052663803 
163 292 12 16 0.049236108 
520 209 36 65 0.034210447 
510 395 108 165 0.030610776 
186 365 32 30 0.029750824 
8 7 8 12 0.026416339 
588 85 123 140 0.026271537 
440 713 111 135 0.024331095 
115 612 462 496 0.023953645 
764 820 100 125 0.02356187 
550 248 17 21 0.022212809 
-22 331 186 248 0.021539519 
5 23 7 9 0.02125006 
328 386 69 79 0.020879254 
385 405 51 43 0.02078614 
446 355 51 64 0.020710144 
467 351 46 59 0.020346245 
