8_Election_Campain_Election_Campaign_8_86
78
121 172 51 73 0.9992531 
11 154 54 74 0.99876726 
378 216 40 59 0.9959143 
577 235 52 67 0.99406046 
213 230 39 53 0.96829724 
475 274 37 47 0.95996016 
344 262 31 40 0.93213385 
462 253 26 32 0.67777044 
641 104 109 147 0.67108154 
499 672 18 19 0.15344918 
662 10 116 179 0.14252785 
844 94 114 135 0.12865837 
808 45 184 244 0.11286376 
308 267 24 33 0.100993834 
619 273 356 442 0.09608401 
226 669 17 18 0.07858641 
320 269 21 31 0.07547052 
570 198 15 22 0.071121156 
996 325 26 38 0.06507017 
321 622 8 11 0.06281855 
473 264 19 23 0.059030574 
914 279 14 19 0.057638537 
877 125 64 90 0.05703241 
473 265 29 35 0.055636097 
333 268 24 32 0.051941022 
279 615 11 15 0.050631188 
33 250 12 15 0.049478754 
142 567 24 35 0.047811147 
812 225 26 31 0.04763871 
838 241 13 18 0.047149517 
318 612 10 13 0.039508406 
308 575 10 12 0.038613696 
847 305 11 15 0.037828315 
829 235 13 19 0.037692275 
311 604 13 18 0.036131263 
819 315 12 13 0.035172343 
448 635 30 36 0.035135683 
305 280 24 33 0.035123143 
301 604 12 18 0.034472313 
149 566 12 16 0.034260184 
812 312 15 16 0.0340989 
335 601 11 15 0.03404222 
139 651 16 19 0.033920903 
296 608 11 15 0.03319721 
688 31 59 94 0.03224667 
268 670 19 19 0.030655265 
81 175 39 56 0.030050525 
325 614 11 14 0.029394938 
131 644 13 18 0.02860345 
990 362 32 41 0.028338866 
455 256 15 23 0.028277967 
272 276 27 31 0.028238948 
416 618 28 38 0.02790479 
756 475 117 144 0.027886262 
568 198 27 34 0.027704319 
793 263 17 18 0.027697217 
304 620 10 13 0.026703326 
68 175 17 22 0.026594501 
134 648 15 20 0.025375238 
435 639 50 52 0.025355706 
823 231 23 30 0.0253528 
916 153 36 53 0.02477982 
893 296 53 62 0.02474669 
939 330 27 37 0.02419216 
915 0 84 121 0.023853848 
844 322 95 110 0.023669828 
209 625 14 18 0.02349376 
802 407 10 12 0.023424678 
665 186 67 85 0.023107987 
892 355 16 18 0.023042835 
-3 235 40 59 0.021536918 
500 595 13 18 0.021495476 
358 270 18 25 0.021291455 
870 319 62 70 0.021157539 
421 654 15 19 0.021109216 
800 229 12 15 0.020748286 
875 22 115 166 0.020316744 
7 108 47 71 0.020164153 
