8_Election_Campain_Election_Campaign_8_218
53
840 248 104 127 0.99896765 
433 319 60 78 0.998914 
675 549 57 75 0.9966878 
535 338 54 62 0.9947436 
174 382 83 98 0.99449676 
602 341 44 53 0.9900407 
689 330 50 64 0.9694467 
158 338 39 47 0.96495324 
286 330 70 88 0.9361707 
122 286 47 64 0.9284247 
791 262 46 61 0.8986884 
397 337 30 38 0.86758333 
87 324 55 71 0.21444497 
46 179 43 49 0.16362466 
358 174 26 28 0.13353747 
271 340 52 70 0.094226524 
156 351 55 74 0.09152027 
243 334 8 13 0.08873393 
254 362 31 42 0.05687742 
666 359 33 41 0.052572 
289 309 56 69 0.05049597 
672 340 49 61 0.049522053 
486 301 46 55 0.0492137 
215 256 47 59 0.048618466 
471 338 35 44 0.043487076 
409 536 56 45 0.041820806 
649 540 52 67 0.03933564 
589 343 37 43 0.037257828 
808 260 55 74 0.0372461 
466 545 35 35 0.036819097 
257 377 19 24 0.031798404 
100 360 31 38 0.030955011 
809 293 36 43 0.030928217 
457 306 54 70 0.029877886 
469 283 51 59 0.029555943 
359 184 31 36 0.029116115 
28 211 35 39 0.028383806 
227 373 56 74 0.02797644 
639 421 40 53 0.027255287 
576 339 29 44 0.02475073 
758 250 49 60 0.02431978 
143 309 34 41 0.02373714 
272 363 12 17 0.02336081 
747 229 37 42 0.022839345 
267 355 30 44 0.022799432 
242 312 9 11 0.022798534 
733 235 35 41 0.021430751 
131 308 73 92 0.02130596 
431 161 25 39 0.021305883 
248 331 49 68 0.021133851 
138 327 31 41 0.020914951 
574 310 32 38 0.020517567 
619 244 25 32 0.02027085 
