8_Election_Campain_Election_Campaign_8_252
443
293 441 52 67 0.9984523 
492 378 25 33 0.99621457 
412 391 29 37 0.9956012 
140 453 84 97 0.9951449 
922 309 28 36 0.9916285 
853 302 14 16 0.9602275 
897 297 15 18 0.92910105 
670 350 15 19 0.92816544 
877 311 15 19 0.9225904 
884 333 17 21 0.91029173 
365 387 26 32 0.86834735 
790 335 16 20 0.84694207 
608 365 12 15 0.737404 
651 363 14 18 0.7208979 
755 334 13 16 0.6748666 
38 423 10 13 0.6622659 
86 449 21 27 0.62594265 
823 353 15 23 0.6127587 
110 423 12 14 0.5547275 
711 298 14 15 0.5441302 
301 379 15 18 0.53264856 
846 331 18 20 0.42592517 
676 377 12 15 0.3822448 
655 301 9 12 0.36062637 
712 323 12 16 0.36005706 
984 288 24 28 0.344249 
623 359 11 13 0.32252756 
726 452 26 34 0.29327992 
952 314 15 21 0.289545 
910 302 10 13 0.2867268 
769 316 12 14 0.27410385 
633 344 11 14 0.27271014 
737 335 10 12 0.26288712 
576 356 12 15 0.2507001 
671 403 13 16 0.24851581 
178 407 12 15 0.22420278 
79 412 11 14 0.21592642 
242 397 9 12 0.21551128 
711 384 13 18 0.21465413 
52 477 25 34 0.19842176 
683 333 11 14 0.18953201 
705 351 11 13 0.17275217 
296 404 12 16 0.17176916 
283 389 11 14 0.17015786 
33 422 11 14 0.1699623 
648 342 10 14 0.16761544 
466 377 15 18 0.16457625 
726 354 14 17 0.16349117 
97 410 11 16 0.16220789 
372 364 15 19 0.15877646 
663 304 9 11 0.15337984 
263 388 8 11 0.1533243 
475 345 11 15 0.1530353 
654 339 11 14 0.15183163 
1 426 11 16 0.15071702 
432 367 11 13 0.14601803 
239 391 9 12 0.13860516 
487 334 11 14 0.13602097 
745 301 11 12 0.13384512 
728 314 9 13 0.1321073 
542 350 11 13 0.12888314 
305 403 25 32 0.12422573 
868 292 11 14 0.121512 
686 363 13 17 0.12131416 
773 297 14 15 0.11908526 
297 379 12 15 0.118171856 
838 275 11 15 0.117887035 
494 339 11 14 0.11580394 
78 419 13 18 0.11477955 
519 341 11 13 0.11299516 
632 410 13 19 0.11260006 
508 335 13 15 0.11232088 
766 322 13 17 0.11073021 
648 358 12 15 0.10975869 
837 243 13 17 0.09905156 
662 323 10 12 0.097722985 
269 453 45 58 0.09751112 
948 386 25 31 0.096940935 
459 358 11 14 0.09592979 
231 380 8 10 0.09588505 
732 348 13 17 0.09487918 
300 390 14 19 0.09472584 
895 305 12 15 0.09393592 
913 300 13 17 0.092922635 
306 374 14 18 0.09260604 
851 345 17 21 0.09254325 
1008 274 12 17 0.09214844 
658 334 12 14 0.09132524 
209 391 8 11 0.08769098 
477 333 12 15 0.08651808 
527 335 11 14 0.08607536 
844 243 14 18 0.0847424 
278 368 7 10 0.0831884 
306 384 14 17 0.08238564 
272 373 9 11 0.08151562 
271 398 8 11 0.078642964 
36 430 15 18 0.076788716 
715 319 12 15 0.076481 
63 436 11 15 0.076122455 
237 382 8 10 0.075851 
831 353 18 23 0.075447306 
105 421 11 16 0.0749781 
226 380 7 10 0.073881015 
580 361 12 15 0.073161 
0 461 8 13 0.07303139 
823 295 10 14 0.072927125 
453 392 14 19 0.07255886 
71 426 15 19 0.07239729 
258 384 8 11 0.071449 
763 329 13 18 0.07133832 
349 387 11 16 0.07095694 
384 325 12 15 0.070840485 
654 318 9 12 0.07056291 
541 385 25 31 0.070127904 
739 339 11 14 0.06968006 
501 340 12 15 0.0685308 
376 394 16 20 0.068398505 
684 369 13 18 0.0681229 
848 306 13 17 0.068029776 
739 368 15 18 0.06785443 
426 392 24 31 0.067327924 
668 303 8 12 0.064473234 
48 444 10 14 0.06377065 
404 350 9 13 0.06350612 
981 296 16 19 0.063023105 
614 359 12 15 0.06297933 
198 400 9 10 0.062947735 
112 404 10 11 0.06294158 
768 299 12 13 0.061867878 
771 355 12 17 0.06149198 
839 342 24 27 0.061304852 
114 428 12 14 0.060825575 
129 395 9 12 0.06020861 
281 385 8 10 0.060003527 
750 464 32 35 0.059770472 
309 367 9 12 0.059675034 
650 348 12 15 0.05955969 
891 341 16 21 0.05942798 
747 307 12 14 0.05895172 
308 405 15 19 0.058586042 
739 348 12 15 0.0579347 
961 246 8 10 0.057652857 
980 283 35 49 0.057451367 
686 359 10 13 0.057117093 
316 388 12 16 0.05692586 
407 364 12 15 0.056734234 
297 400 21 27 0.056083154 
216 375 8 10 0.05607353 
657 306 11 14 0.055780414 
295 395 14 18 0.055600792 
805 327 11 13 0.055145793 
845 311 14 19 0.05426254 
647 335 9 12 0.052864164 
193 398 9 11 0.05262075 
581 44 10 12 0.05244478 
693 359 9 13 0.051485058 
377 369 13 17 0.0505763 
117 400 9 11 0.049527783 
29 485 13 17 0.04932133 
273 369 9 11 0.04872524 
298 387 12 15 0.0485113 
445 392 13 18 0.04782276 
648 324 9 12 0.047617793 
301 386 25 32 0.04759867 
157 347 9 11 0.047504596 
164 398 10 11 0.04725902 
285 384 9 12 0.046695407 
719 362 12 16 0.04648222 
445 465 34 54 0.046402443 
422 349 10 13 0.046104185 
841 368 17 19 0.04596905 
24 421 11 15 0.045847267 
784 405 25 36 0.045774356 
650 319 9 12 0.045481663 
1008 330 13 19 0.0450579 
306 375 24 31 0.04499151 
779 294 11 14 0.044725038 
883 323 16 22 0.04456646 
404 356 12 14 0.044500533 
64 479 15 24 0.044285353 
265 395 9 12 0.04304717 
893 314 12 16 0.042968 
52 443 13 16 0.04292271 
794 344 14 18 0.04273501 
44 433 12 17 0.04241008 
33 419 18 22 0.042329133 
245 404 9 12 0.042251825 
118 435 10 13 0.04128262 
903 241 9 12 0.041095186 
570 351 11 14 0.041007202 
920 287 9 12 0.040771194 
279 417 46 57 0.040641166 
915 304 25 32 0.04061703 
277 373 8 10 0.040405653 
360 366 9 11 0.039777335 
287 401 12 16 0.03965963 
227 411 13 15 0.03942663 
655 324 10 13 0.039388236 
687 303 9 12 0.039360348 
688 318 9 12 0.039342612 
43 486 33 39 0.03932014 
734 437 46 45 0.039187502 
898 244 8 11 0.03915574 
72 423 24 30 0.03903411 
822 571 47 60 0.03896276 
539 398 27 37 0.038826786 
772 391 22 32 0.038697828 
368 345 11 13 0.038450867 
535 362 12 16 0.038337722 
316 392 15 20 0.038323212 
705 301 9 12 0.038174003 
925 284 12 14 0.03796293 
572 348 20 26 0.03789771 
586 357 12 15 0.037874524 
673 410 14 17 0.037851494 
685 326 9 12 0.037827775 
268 390 9 11 0.037778415 
866 286 10 13 0.037659235 
600 374 10 14 0.037611544 
814 315 12 16 0.037329696 
798 327 12 15 0.037126243 
763 338 13 17 0.03694595 
910 295 12 15 0.0367185 
438 360 9 12 0.036423024 
15 428 10 14 0.036328726 
374 348 9 12 0.036264926 
716 304 13 16 0.03614744 
720 381 21 29 0.03612155 
30 484 27 30 0.03611525 
182 400 11 12 0.036048383 
280 394 13 15 0.036002327 
677 341 11 14 0.035597023 
15 487 26 32 0.03556504 
833 250 11 14 0.035302337 
696 302 9 13 0.0352504 
175 389 9 10 0.035089064 
575 400 24 32 0.035071652 
45 490 18 19 0.035068654 
841 354 18 20 0.03499815 
604 375 14 20 0.034701403 
726 301 10 13 0.03457984 
525 0 12 11 0.03455656 
789 357 12 15 0.034548294 
499 331 21 24 0.03446908 
797 353 12 15 0.034250516 
998 286 21 29 0.03416573 
670 383 15 19 0.03405588 
413 356 11 13 0.034011852 
444 371 13 17 0.033926114 
459 384 16 19 0.033896822 
291 407 22 27 0.033882193 
916 294 11 14 0.03375202 
244 492 39 57 0.033674695 
890 323 16 22 0.033324692 
716 329 12 14 0.03330248 
216 381 8 10 0.033194534 
599 344 8 12 0.03296937 
73 411 12 15 0.032943826 
753 412 45 47 0.032878876 
473 376 16 21 0.032730196 
758 355 12 16 0.032715715 
448 347 11 14 0.032558333 
232 390 9 11 0.03209844 
1011 338 11 16 0.03193413 
270 381 9 12 0.03189389 
802 331 13 17 0.031890847 
812 323 12 14 0.031845577 
845 462 22 27 0.03182354 
852 308 15 19 0.031822078 
83 426 11 16 0.031810913 
207 396 10 12 0.031550318 
161 393 9 10 0.031547114 
832 458 11 15 0.031482626 
671 356 20 24 0.031190637 
659 369 14 17 0.031174429 
204 415 10 12 0.031003065 
279 359 7 9 0.030759497 
531 337 13 16 0.030732445 
732 371 23 27 0.030652713 
709 305 14 16 0.030640418 
685 350 9 12 0.030582938 
733 461 40 33 0.030524058 
6 498 13 17 0.030479712 
921 365 24 31 0.030379904 
166 404 11 13 0.03037103 
966 306 11 14 0.030154215 
559 371 13 16 0.030125175 
579 417 18 25 0.030021498 
630 339 18 23 0.030020008 
460 363 12 16 0.029919025 
709 343 12 14 0.029861506 
960 253 8 10 0.029860437 
565 365 12 16 0.02973199 
399 352 12 17 0.029658157 
616 358 18 23 0.029657835 
54 417 46 53 0.029615093 
574 25 8 9 0.029577436 
470 341 20 24 0.029438917 
436 370 14 17 0.029321533 
729 308 14 17 0.029239558 
535 37 11 13 0.029066222 
365 466 28 46 0.028834356 
733 364 14 17 0.028752685 
820 315 12 17 0.028587237 
840 314 12 18 0.028581927 
368 360 11 15 0.028427467 
488 330 21 24 0.028420202 
454 100 11 13 0.028390631 
591 375 10 12 0.028378049 
638 353 11 16 0.02829617 
900 459 17 22 0.02819245 
444 325 16 20 0.0279462 
265 376 8 10 0.027912255 
191 405 9 12 0.027791422 
285 412 16 19 0.027620118 
664 349 14 17 0.027603144 
939 291 12 14 0.027443303 
6 416 22 26 0.027362147 
833 236 12 16 0.027216826 
312 383 28 35 0.027206348 
37 441 13 16 0.027088787 
1006 279 16 23 0.026981222 
190 412 9 11 0.026800232 
416 349 11 13 0.026625402 
492 346 14 16 0.026363173 
12 497 15 20 0.026291506 
704 346 18 23 0.026279375 
342 385 15 20 0.026157051 
378 377 15 21 0.026149241 
902 296 18 23 0.026061907 
868 329 14 19 0.025930028 
772 347 13 18 0.025737185 
706 316 10 14 0.025722934 
640 335 9 11 0.025669694 
360 393 14 18 0.025631258 
150 407 10 12 0.0256162 
452 340 13 17 0.025512904 
784 362 12 15 0.0254788 
569 24 9 12 0.025400983 
402 377 26 33 0.025365144 
822 384 14 18 0.025364155 
631 389 11 15 0.025338216 
614 445 12 16 0.025324875 
55 413 10 13 0.025288103 
387 331 11 14 0.025165632 
766 361 13 15 0.025161255 
688 308 10 13 0.025133869 
488 353 13 16 0.025089568 
280 399 41 50 0.025029156 
553 377 30 29 0.024975244 
952 394 41 45 0.024902357 
257 377 8 9 0.024901172 
716 390 16 21 0.024771154 
839 281 11 15 0.024686081 
975 299 11 16 0.024683168 
419 341 13 16 0.024662567 
730 400 29 32 0.024568051 
968 386 37 41 0.024524216 
621 405 21 31 0.02445664 
526 363 14 16 0.02441782 
950 302 14 20 0.024388233 
724 430 31 43 0.024370247 
694 307 10 13 0.024336189 
755 342 15 20 0.024174608 
729 388 27 31 0.024174139 
653 334 20 24 0.024164509 
79 402 21 25 0.024091903 
368 356 23 31 0.023911892 
909 245 9 10 0.02389706 
373 332 11 14 0.023814408 
829 229 11 13 0.02376816 
438 393 21 31 0.023726411 
149 275 15 18 0.023651041 
396 391 25 30 0.023598988 
144 412 12 15 0.023444887 
399 333 11 14 0.02335493 
144 284 11 15 0.023171814 
326 382 28 36 0.023137229 
284 394 21 27 0.023018297 
749 315 10 13 0.022930382 
461 340 13 15 0.022811076 
835 374 16 19 0.022777181 
10 452 23 31 0.022718811 
885 255 9 11 0.022481425 
120 390 8 11 0.022401365 
793 414 16 23 0.022283386 
881 231 7 10 0.022253528 
250 445 46 57 0.022125645 
222 394 12 15 0.02211537 
703 343 12 15 0.02207173 
213 390 11 13 0.022042636 
22 490 15 19 0.021965057 
279 385 20 23 0.021909479 
825 299 13 16 0.021900754 
615 369 21 30 0.021878546 
742 296 20 24 0.02183786 
157 276 16 20 0.021796845 
721 464 28 41 0.0217235 
613 436 11 15 0.021691965 
581 373 11 13 0.021671047 
66 479 26 34 0.02164428 
206 404 10 12 0.021635663 
190 390 10 11 0.021630052 
726 342 11 15 0.021595981 
0 426 18 27 0.021536263 
697 296 9 12 0.02150609 
95 449 17 23 0.02149979 
717 352 19 25 0.021483384 
101 444 12 17 0.021467747 
684 402 12 16 0.02146547 
845 272 10 13 0.021454334 
734 301 11 14 0.021438884 
200 419 11 13 0.02143517 
51 431 20 27 0.021376379 
551 393 31 34 0.021349173 
547 414 34 35 0.021341037 
387 393 14 20 0.021296075 
380 317 21 27 0.02123269 
13 490 13 18 0.021171417 
1001 212 10 13 0.020956066 
779 307 14 17 0.020907026 
653 379 12 17 0.02082352 
315 379 14 19 0.02079839 
790 301 11 15 0.020781917 
592 24 7 9 0.02077502 
957 261 9 12 0.020748185 
538 358 15 19 0.020682931 
-5 186 47 73 0.02066781 
96 484 30 41 0.020646816 
693 316 9 13 0.020552974 
369 325 24 29 0.020526513 
714 433 23 36 0.020521704 
438 328 15 18 0.02051826 
668 323 10 14 0.020347767 
451 366 20 26 0.020296983 
286 368 7 10 0.020283742 
438 387 16 22 0.020281829 
13 420 13 16 0.020256666 
521 333 19 24 0.020176768 
766 346 13 18 0.0201593 
455 351 21 25 0.020113388 
7 495 26 32 0.020037865 
111 433 11 14 0.020002272 
