8_Election_Campain_Election_Campaign_8_244
27
388 99 106 148 0.99992776 
102 65 138 169 0.99988663 
507 128 120 166 0.99959093 
650 73 89 110 0.99958545 
849 141 89 107 0.99912065 
784 118 66 87 0.99765825 
255 158 81 97 0.99304914 
735 138 49 68 0.94909024 
2 168 56 76 0.8774432 
967 91 63 148 0.8345185 
699 112 76 100 0.23444246 
341 357 42 50 0.12435177 
926 115 89 134 0.095575005 
22 164 62 73 0.07867284 
362 173 27 41 0.06224005 
342 75 409 520 0.05889528 
820 245 25 37 0.04857444 
813 224 43 62 0.03870447 
748 102 14 20 0.03421175 
993 202 30 47 0.033977874 
444 114 107 148 0.031217108 
359 361 31 35 0.02408394 
341 146 49 73 0.022675011 
978 170 44 79 0.022551522 
364 188 16 22 0.021751778 
730 143 33 45 0.021700522 
334 124 87 118 0.02004883 
