8_Election_Campain_Election_Campaign_8_157
170
163 420 33 45 0.9993456 
268 441 21 25 0.9826612 
219 456 21 27 0.9654579 
-1 471 20 30 0.9547979 
326 460 23 36 0.9344633 
805 461 12 16 0.7088308 
726 415 17 21 0.69629884 
405 460 13 18 0.4574975 
645 443 12 15 0.37513608 
333 433 13 15 0.32540408 
1004 340 15 22 0.22060655 
630 424 13 14 0.21345784 
766 439 23 31 0.19382519 
585 547 18 20 0.17217204 
686 451 14 18 0.1625694 
606 464 15 20 0.15711515 
921 448 8 9 0.15704057 
583 450 22 30 0.14473474 
894 389 9 11 0.14295688 
583 403 13 16 0.13680708 
666 441 14 21 0.13330568 
662 438 13 19 0.123185076 
906 441 7 10 0.122415625 
653 441 12 18 0.10702221 
920 262 17 20 0.106819406 
612 461 12 16 0.10200042 
774 360 8 11 0.09510093 
854 436 11 15 0.09260793 
792 370 10 13 0.08330856 
991 306 11 13 0.07953004 
536 446 9 13 0.079107925 
820 453 10 13 0.076487996 
360 266 12 15 0.07406046 
309 460 26 31 0.073088676 
903 452 11 13 0.07196379 
464 395 13 18 0.07169745 
434 440 25 30 0.0716333 
685 443 14 18 0.07067544 
830 463 9 12 0.068029314 
894 448 7 10 0.065683864 
890 447 8 11 0.06495064 
874 351 9 11 0.06298897 
447 275 11 14 0.06279066 
702 421 9 10 0.062479604 
951 386 11 14 0.062472332 
503 464 13 18 0.060993638 
690 457 14 16 0.06094547 
909 446 9 11 0.058812603 
810 460 11 14 0.05836371 
946 253 10 12 0.056416884 
617 483 11 17 0.055146337 
958 448 11 12 0.054389115 
832 437 11 15 0.05374946 
662 489 14 20 0.05305091 
830 113 31 38 0.051035374 
915 247 25 29 0.047374923 
932 236 10 13 0.045437433 
338 433 13 18 0.044756997 
816 454 10 14 0.04438987 
594 458 21 28 0.0426567 
909 452 11 13 0.042107467 
358 273 13 15 0.04078333 
678 441 14 18 0.04073646 
399 463 14 19 0.040566 
826 185 19 35 0.03994484 
790 450 13 17 0.03906995 
693 438 11 14 0.038499255 
799 306 12 16 0.03821606 
919 250 15 18 0.037955564 
887 342 9 10 0.037888046 
438 449 24 34 0.037717577 
797 452 14 18 0.037289124 
734 441 16 19 0.037123818 
397 474 11 16 0.03709075 
719 453 13 17 0.03624513 
655 430 9 13 0.035720654 
894 397 8 10 0.035629775 
940 437 10 12 0.03516681 
851 323 12 17 0.03452125 
572 415 10 12 0.034272745 
405 449 20 28 0.03408126 
772 453 16 19 0.03329313 
230 540 20 30 0.033237748 
559 457 14 20 0.03317789 
557 451 25 31 0.033148076 
951 454 11 12 0.03296488 
612 474 14 19 0.03280675 
769 364 8 10 0.032770783 
461 413 12 16 0.0326052 
508 439 10 13 0.032542355 
639 438 11 15 0.032456584 
759 376 8 10 0.03214317 
617 438 16 20 0.031896293 
562 437 38 47 0.031844627 
625 348 10 12 0.031810544 
680 451 12 16 0.03168134 
936 445 11 13 0.031426456 
653 327 13 17 0.031404067 
885 410 10 13 0.031194504 
623 425 15 18 0.031177605 
822 461 11 13 0.031172948 
530 503 39 53 0.030875027 
895 453 9 10 0.030489901 
589 440 22 32 0.030315498 
811 315 14 18 0.030205425 
56 607 9 12 0.02975076 
662 360 15 19 0.028875794 
985 300 10 12 0.028072609 
863 455 11 12 0.027872616 
687 432 8 11 0.027820453 
556 438 10 15 0.027561111 
502 441 13 18 0.0274793 
822 447 11 14 0.027435556 
105 527 23 30 0.026904278 
774 323 9 13 0.026466414 
477 440 14 16 0.026367491 
912 236 26 28 0.026326565 
465 459 24 27 0.026289934 
863 470 11 12 0.025991643 
900 388 10 12 0.025722919 
890 384 9 13 0.025597248 
800 464 13 15 0.025450477 
832 432 10 12 0.02495018 
777 447 16 21 0.024914905 
832 338 12 17 0.024821479 
1004 445 12 16 0.024682932 
801 310 25 30 0.024589255 
489 449 22 29 0.024494462 
943 389 13 16 0.02405005 
574 443 13 16 0.023905218 
829 454 11 13 0.02357716 
233 524 22 33 0.02341574 
449 463 14 20 0.023356045 
672 471 10 12 0.023346702 
846 309 21 33 0.02308815 
574 450 16 22 0.023011226 
726 444 12 16 0.022868723 
547 441 22 30 0.02282877 
764 340 10 14 0.0227726 
832 308 10 13 0.02274491 
503 432 10 11 0.022678968 
570 366 215 213 0.022660913 
944 455 10 11 0.022182077 
455 389 21 27 0.02209926 
849 470 8 12 0.021969672 
680 458 12 16 0.021958226 
917 333 13 14 0.021938173 
805 313 15 19 0.021734191 
479 455 24 29 0.021731187 
236 559 13 18 0.021720499 
793 301 42 50 0.021700352 
349 442 12 17 0.02132468 
766 324 10 13 0.021265652 
789 340 11 15 0.021239787 
537 449 13 17 0.021192743 
867 459 11 13 0.021159332 
597 471 16 20 0.0210985 
616 398 11 15 0.021038555 
614 482 20 29 0.021008955 
732 408 12 14 0.020937033 
543 352 12 16 0.02085346 
676 470 11 13 0.020841481 
889 439 7 10 0.020618573 
519 292 9 12 0.020572476 
760 324 9 12 0.020453665 
343 430 22 29 0.020408504 
342 440 12 16 0.020299345 
944 460 10 13 0.02025659 
781 326 8 12 0.020217324 
549 484 11 13 0.020156538 
