8_Election_Campain_Election_Campaign_8_84
186
122 543 42 54 0.99414486 
35 527 29 35 0.99271303 
210 507 24 37 0.9903824 
311 496 25 31 0.9892587 
490 190 17 22 0.9873487 
76 502 24 31 0.9708095 
128 484 17 23 0.9553516 
291 500 21 29 0.95417506 
881 506 19 27 0.94710195 
631 203 18 24 0.9362851 
444 185 17 22 0.9134021 
524 178 14 18 0.90760535 
534 512 22 28 0.90473104 
976 487 25 29 0.8871747 
923 601 37 61 0.8441211 
8 530 19 25 0.8304092 
257 426 18 25 0.78583205 
88 503 24 31 0.7696517 
185 489 15 20 0.56748027 
846 485 11 14 0.49771544 
778 486 19 30 0.4831261 
164 464 13 17 0.3915763 
445 539 24 31 0.38223848 
100 505 23 31 0.37444085 
675 247 13 17 0.36592123 
198 456 11 16 0.30136743 
220 469 11 13 0.28263384 
227 440 12 17 0.23136516 
218 475 16 21 0.21569088 
154 446 10 11 0.20781973 
946 508 15 18 0.20309867 
173 469 12 16 0.17275967 
972 463 17 21 0.1672165 
179 422 8 11 0.15637848 
174 381 7 9 0.1393861 
178 474 12 15 0.13838929 
604 214 12 16 0.1307334 
560 179 12 17 0.13031483 
207 437 8 11 0.11676904 
287 419 14 17 0.10867035 
166 397 10 12 0.107005954 
292 430 15 22 0.1049042 
670 269 14 19 0.1048318 
183 429 7 10 0.10384827 
927 465 15 20 0.09440316 
228 431 10 12 0.08754959 
987 430 17 20 0.08462946 
602 213 21 26 0.08124948 
450 187 22 29 0.079687975 
882 387 15 20 0.079099275 
975 454 11 15 0.07639616 
992 487 16 23 0.07576833 
190 413 8 11 0.07478064 
176 416 8 11 0.0743001 
216 461 13 17 0.0732867 
973 472 26 32 0.07033228 
932 451 12 15 0.07026319 
831 464 8 11 0.06993387 
454 571 26 42 0.06807138 
158 451 8 11 0.067495815 
228 422 9 11 0.06632362 
32 412 10 12 0.06412087 
153 439 10 12 0.06407558 
921 593 27 44 0.063795425 
214 480 23 30 0.058058824 
176 559 25 39 0.056177028 
167 392 10 12 0.053727984 
539 196 23 30 0.053710133 
142 413 10 12 0.052066647 
611 213 13 16 0.051669665 
167 404 8 10 0.05133127 
206 431 9 12 0.050893914 
170 377 7 9 0.049873333 
826 462 9 12 0.049832363 
108 509 25 32 0.048832368 
189 431 8 10 0.048312478 
542 240 15 19 0.048164744 
206 444 9 12 0.048092168 
299 431 13 20 0.047810946 
770 387 15 19 0.046926994 
930 460 14 18 0.04593613 
553 182 22 31 0.04465467 
283 421 20 29 0.043751746 
184 416 8 10 0.04349805 
207 424 8 10 0.043077096 
138 414 8 11 0.0425894 
792 367 12 16 0.042188354 
368 643 21 29 0.040863525 
168 414 8 11 0.040777475 
880 727 38 42 0.040633764 
113 506 17 23 0.040545896 
135 431 8 12 0.040491898 
515 251 12 14 0.037978213 
260 520 17 23 0.037329417 
197 512 23 34 0.037292823 
173 390 10 11 0.037048407 
184 536 24 34 0.037025064 
168 432 8 11 0.03697886 
430 589 47 69 0.0366694 
141 524 27 33 0.03616578 
854 619 14 18 0.035957526 
622 237 13 16 0.034669124 
201 447 8 10 0.034637824 
151 430 8 11 0.034428194 
115 452 11 15 0.03428658 
273 422 21 30 0.0341324 
152 449 11 15 0.033875093 
952 460 10 14 0.033726923 
529 182 15 20 0.03364049 
957 453 10 14 0.033122852 
952 469 12 17 0.033122025 
821 358 9 12 0.03308288 
143 430 9 12 0.03307631 
8 737 26 31 0.032489385 
57 420 9 13 0.032429636 
508 203 14 17 0.032075923 
940 453 10 14 0.032038644 
291 416 10 13 0.032004375 
186 518 22 33 0.03195843 
563 182 14 20 0.031950004 
244 444 14 18 0.031561926 
611 222 16 19 0.03145548 
572 181 10 13 0.03133182 
177 429 8 11 0.0313088 
984 332 10 13 0.031103905 
642 256 15 20 0.031022346 
927 445 14 18 0.030893821 
705 308 11 14 0.030736366 
236 442 14 18 0.030446246 
194 455 11 15 0.030336631 
29 419 12 16 0.03015706 
150 423 8 11 0.029618727 
803 421 9 12 0.029249337 
167 454 9 11 0.029157674 
260 413 15 18 0.029117098 
168 437 8 12 0.029066404 
449 533 17 21 0.028948516 
550 180 11 16 0.028749777 
170 446 8 11 0.028628204 
160 414 8 10 0.028625105 
549 173 11 14 0.028435145 
638 264 17 19 0.027453678 
921 453 9 12 0.026912618 
225 417 8 10 0.026190998 
926 477 14 18 0.025343971 
668 253 20 27 0.02525096 
529 173 14 18 0.025078429 
926 449 21 27 0.024876863 
160 389 9 12 0.024578478 
336 428 9 13 0.024556892 
786 483 16 24 0.024368739 
224 479 16 20 0.024084445 
623 203 15 21 0.024020921 
605 206 13 18 0.024000363 
944 503 12 16 0.023356186 
458 181 16 21 0.022967529 
549 186 13 19 0.02296086 
641 207 15 20 0.022949737 
838 464 8 10 0.02293654 
56 12 110 126 0.02254669 
201 437 10 12 0.022484919 
554 200 15 20 0.022330256 
535 202 14 17 0.022248544 
663 250 13 18 0.022238906 
973 427 14 18 0.021949267 
142 436 8 11 0.021639265 
864 465 11 16 0.021632902 
25 422 10 13 0.021592842 
764 625 43 80 0.021511722 
173 406 9 11 0.021502743 
22 399 9 12 0.021492917 
136 422 8 11 0.021453796 
141 512 26 30 0.021399073 
542 179 13 17 0.021361541 
683 249 12 17 0.02132655 
941 460 10 15 0.021289825 
574 188 10 15 0.021274261 
785 500 16 21 0.021258283 
279 505 16 20 0.021170896 
223 427 20 27 0.021161016 
242 415 39 50 0.020584038 
826 455 8 11 0.020527126 
840 479 19 24 0.020505434 
516 183 42 50 0.020252125 
221 453 11 14 0.02013718 
172 395 10 12 0.020109218 
