8_Election_Campain_Election_Campaign_8_357
35
197 286 133 192 0.97276264 
671 824 8 10 0.08751177 
133 815 12 16 0.08342558 
356 831 9 11 0.05770031 
270 754 9 12 0.050914705 
270 823 8 10 0.048204545 
223 831 11 12 0.046782378 
294 822 7 10 0.03839041 
128 818 13 17 0.035229802 
269 788 8 11 0.035186823 
239 772 9 11 0.034220085 
606 571 41 57 0.03307775 
878 791 13 17 0.031107364 
191 796 8 10 0.030904332 
135 808 10 12 0.028186861 
293 848 8 10 0.027916046 
922 862 7 9 0.02787489 
272 848 8 10 0.027538659 
290 823 9 11 0.027238004 
265 790 9 11 0.026640022 
647 804 11 13 0.02576422 
357 665 16 21 0.023601383 
136 791 8 10 0.023560815 
140 790 9 11 0.022732848 
830 781 10 12 0.022324514 
237 807 9 11 0.022072667 
846 844 13 16 0.022013234 
129 792 9 10 0.021840695 
779 786 15 16 0.021465946 
168 798 8 10 0.021342231 
268 828 9 11 0.021029238 
869 856 39 50 0.020848073 
672 646 8 9 0.020825628 
112 848 9 12 0.02078197 
132 822 14 18 0.02026303 
