8_Election_Campain_Election_Campaign_8_148
469
243 370 102 126 0.9998474 
812 287 67 77 0.999345 
676 254 62 69 0.9991615 
626 348 89 111 0.9990596 
888 422 70 82 0.9986033 
965 295 59 76 0.9985281 
428 293 83 107 0.9980673 
733 259 65 78 0.99777156 
2 208 69 94 0.99760216 
502 212 55 65 0.9973502 
719 440 103 154 0.9971675 
571 319 71 88 0.99715924 
426 228 57 65 0.9965264 
373 120 15 20 0.9960783 
585 189 43 55 0.99479717 
194 113 25 31 0.99400395 
316 273 73 95 0.99377453 
128 84 27 33 0.99362224 
478 149 28 33 0.9932074 
504 284 63 98 0.9730367 
861 493 82 109 0.9595988 
93 205 50 59 0.9580899 
481 112 16 21 0.94018024 
0 377 64 124 0.93696874 
753 101 10 12 0.93387365 
614 134 16 20 0.93348926 
726 131 16 19 0.89872205 
510 152 20 26 0.8979642 
170 96 20 25 0.88393587 
321 98 20 28 0.8799091 
552 120 15 20 0.875243 
754 219 32 36 0.87102497 
637 179 23 27 0.87059385 
996 142 15 21 0.85706407 
7 8 14 18 0.84299064 
660 108 10 13 0.77166426 
36 11 12 15 0.7373743 
766 117 10 13 0.7138651 
495 148 26 32 0.665416 
800 125 10 13 0.6357643 
807 98 10 14 0.62965435 
225 103 18 22 0.6149684 
248 287 56 67 0.58018243 
650 86 9 12 0.5654665 
781 100 10 12 0.55925006 
566 150 18 22 0.5383675 
301 70 9 12 0.5263571 
903 598 90 110 0.5147591 
596 156 25 29 0.5146658 
379 245 52 69 0.5117995 
846 124 13 18 0.49607798 
685 91 10 13 0.48926228 
659 148 13 17 0.4872752 
687 121 12 15 0.4715478 
324 93 15 21 0.37912473 
908 248 29 36 0.34348848 
704 124 11 14 0.338081 
889 124 18 21 0.33727726 
557 73 9 11 0.32848015 
838 129 15 18 0.31904215 
232 55 10 13 0.3114206 
706 116 13 16 0.2864178 
682 87 9 12 0.27812815 
212 55 9 12 0.2710293 
271 66 12 16 0.25787902 
928 180 19 30 0.25397408 
268 76 11 15 0.25323617 
590 102 11 15 0.24597372 
505 95 9 11 0.2403174 
820 130 12 18 0.23141228 
422 247 66 87 0.21941055 
85 470 38 59 0.21724683 
373 135 12 17 0.20291668 
93 14 10 12 0.1916345 
317 30 10 13 0.18922582 
703 98 10 12 0.18553492 
823 110 12 16 0.18267065 
666 86 8 11 0.17896657 
269 199 13 17 0.17184584 
339 180 16 19 0.16975854 
520 70 8 10 0.16812481 
487 86 8 12 0.16625947 
495 71 8 11 0.16387267 
159 10 9 12 0.16377671 
117 26 11 14 0.1625565 
949 146 16 20 0.16029514 
755 130 11 15 0.15732107 
340 44 11 13 0.15648875 
67 2 13 16 0.14652458 
758 125 11 15 0.14613228 
343 132 21 24 0.14583966 
301 163 12 16 0.14133444 
275 243 15 17 0.13732582 
630 101 9 11 0.13594592 
884 540 96 123 0.13453853 
393 505 88 118 0.12589647 
489 72 8 10 0.12583436 
604 87 8 10 0.12354088 
153 265 54 89 0.123172745 
288 36 9 11 0.122770995 
179 96 22 27 0.12099665 
735 104 10 12 0.12006428 
630 96 9 12 0.12004936 
900 245 26 31 0.11620756 
302 64 9 12 0.11454015 
554 76 9 11 0.112037525 
951 299 28 43 0.11088647 
921 162 15 22 0.10868356 
246 84 13 17 0.10635471 
931 138 14 19 0.103361614 
337 184 23 26 0.10054005 
898 124 16 20 0.09678267 
836 192 30 43 0.096275896 
270 7 11 13 0.09247467 
727 78 8 11 0.09073596 
615 102 9 12 0.08887739 
589 94 8 11 0.08861774 
790 162 13 17 0.0880867 
585 93 8 11 0.087990634 
629 107 10 13 0.0875316 
996 182 11 16 0.08484007 
153 10 10 13 0.083253406 
621 86 8 10 0.081814334 
700 163 16 19 0.079463184 
36 124 19 25 0.07887425 
836 507 66 94 0.07855211 
139 15 13 15 0.07839921 
186 103 24 29 0.07754664 
728 220 31 34 0.07718492 
188 75 15 19 0.07606626 
588 522 49 57 0.07587125 
366 137 12 16 0.07569464 
270 22 8 10 0.07527024 
635 77 8 11 0.07423917 
876 155 19 23 0.074017376 
550 102 11 13 0.07361705 
54 0 15 18 0.07347813 
464 62 10 11 0.07272721 
939 140 13 18 0.07203664 
656 104 12 15 0.07094323 
897 256 29 39 0.07047764 
923 263 16 22 0.070056185 
734 87 10 12 0.06948236 
617 87 8 10 0.069180235 
44 565 43 59 0.06902516 
810 95 11 13 0.067376465 
704 110 13 15 0.0672125 
751 84 9 11 0.06705133 
114 22 11 14 0.066247895 
678 122 12 16 0.06465032 
190 7 9 11 0.06453529 
221 294 66 87 0.06409477 
936 184 20 30 0.064035535 
255 645 131 130 0.06304938 
520 152 15 22 0.062619545 
278 165 10 13 0.06252392 
924 164 24 34 0.061517805 
528 84 11 15 0.061308354 
212 103 21 28 0.061254054 
624 103 9 11 0.060894955 
24 54 10 14 0.060571846 
61 64 15 22 0.059510585 
166 13 9 12 0.059355743 
704 86 8 10 0.058381926 
891 234 26 31 0.058341034 
743 78 10 11 0.05823354 
355 133 14 17 0.057995476 
707 129 14 17 0.057338405 
294 15 8 10 0.057122793 
987 215 22 29 0.056636654 
261 30 8 11 0.055918444 
597 108 9 12 0.055756103 
356 251 58 76 0.05544773 
396 184 42 47 0.05528415 
1010 419 14 29 0.055148263 
729 94 10 13 0.055052444 
624 107 11 14 0.054929223 
247 37 9 13 0.053644955 
987 692 40 62 0.052755874 
654 81 9 11 0.052684397 
297 63 9 13 0.052245352 
158 576 55 66 0.052086584 
575 100 10 14 0.05093727 
233 322 103 121 0.050474256 
756 165 15 19 0.050297756 
17 547 42 68 0.049836565 
187 93 16 20 0.04982381 
647 81 10 12 0.049603354 
772 468 102 121 0.04908165 
584 105 13 17 0.04887933 
577 95 8 11 0.048308767 
942 144 15 19 0.048138127 
851 121 13 18 0.047610894 
482 86 9 11 0.0474726 
388 137 12 14 0.047196925 
29 51 11 15 0.046988953 
517 77 9 11 0.046939366 
756 96 9 13 0.04659631 
845 196 15 22 0.046577375 
663 81 10 12 0.046458557 
391 229 69 91 0.045158315 
598 79 9 11 0.045068555 
726 64 9 11 0.045006827 
216 99 14 20 0.044708617 
266 188 21 31 0.04466152 
651 89 11 14 0.04400569 
743 85 11 12 0.04352476 
47 4 12 16 0.04341713 
650 363 97 132 0.043133054 
310 63 8 11 0.043023292 
887 226 23 29 0.04252502 
696 80 9 12 0.042493433 
397 134 14 15 0.04248757 
293 280 57 70 0.04246024 
885 117 15 20 0.04223394 
313 36 10 12 0.04217681 
434 148 15 20 0.04207272 
233 108 16 21 0.04191372 
772 115 10 13 0.041433647 
657 113 11 15 0.041106556 
830 130 13 19 0.040864475 
816 125 11 17 0.04042205 
265 24 8 10 0.04039121 
404 138 13 14 0.039665807 
781 105 11 15 0.039379504 
43 10 12 15 0.039085343 
788 52 10 13 0.03878237 
776 109 9 13 0.03873474 
69 93 9 13 0.038475312 
270 293 41 45 0.038351 
876 451 83 104 0.037926573 
294 74 11 13 0.037830327 
406 148 15 18 0.03782011 
934 559 71 96 0.037531756 
226 60 11 13 0.037496887 
208 59 11 12 0.037366133 
144 58 12 16 0.037189968 
331 149 12 17 0.037124697 
87 19 11 14 0.03703523 
655 48 8 10 0.037000246 
696 403 103 141 0.036858223 
609 155 15 19 0.03669029 
701 67 10 12 0.036472477 
673 124 11 14 0.035896502 
630 62 8 10 0.035696074 
725 115 14 18 0.035548907 
533 81 9 11 0.03508901 
778 274 65 82 0.03506349 
1 533 38 78 0.035060667 
644 67 10 13 0.034882378 
224 31 9 11 0.03485221 
577 87 7 9 0.034732226 
192 30 9 11 0.034198675 
721 64 9 12 0.03419169 
502 70 8 10 0.03414586 
614 95 9 11 0.034066815 
484 104 13 16 0.034004357 
663 90 11 14 0.033980113 
250 89 13 17 0.033892404 
742 71 9 10 0.033714995 
951 175 25 30 0.0336792 
996 129 22 28 0.03367086 
125 12 11 15 0.03352551 
118 14 13 16 0.033382464 
598 71 10 12 0.03333946 
112 60 11 14 0.03323164 
310 263 52 64 0.03293532 
962 183 17 21 0.03254445 
950 534 61 77 0.032528404 
276 175 16 21 0.032183867 
750 97 16 22 0.032028377 
577 502 46 58 0.0319074 
879 165 24 35 0.03187907 
752 202 28 36 0.031514984 
720 134 15 20 0.031385228 
727 110 11 14 0.031338613 
283 145 13 17 0.03127427 
525 69 8 10 0.0312592 
263 108 12 18 0.031230677 
913 233 25 34 0.031184806 
134 413 32 45 0.031083792 
670 92 10 12 0.03100739 
264 80 13 16 0.030921333 
821 103 12 15 0.03077572 
358 553 95 151 0.030702781 
606 92 10 12 0.03063076 
655 142 14 18 0.030544367 
757 86 8 10 0.030448958 
706 167 15 20 0.030292355 
778 96 10 13 0.030096294 
625 95 9 11 0.029999666 
701 80 10 12 0.02997651 
65 26 10 15 0.029860595 
304 57 8 12 0.029807728 
61 87 15 18 0.029764501 
0 83 7 15 0.029628668 
148 20 13 15 0.029544966 
716 120 19 25 0.029497633 
584 89 8 10 0.02944596 
227 12 10 14 0.029356277 
144 90 17 21 0.02934268 
697 64 8 11 0.029229568 
324 30 9 12 0.029096493 
341 157 10 13 0.0289598 
736 64 9 11 0.028797908 
50 593 47 62 0.028792907 
69 8 12 16 0.02871128 
310 68 9 12 0.028688056 
561 237 15 19 0.0286759 
235 59 11 13 0.028672004 
759 138 10 14 0.028664138 
829 251 36 37 0.028561179 
277 75 11 16 0.028553514 
184 284 71 104 0.028483985 
923 150 23 31 0.028481286 
313 24 10 13 0.028210875 
232 49 9 12 0.028128764 
794 126 10 12 0.028101124 
732 224 19 21 0.028057098 
279 157 12 15 0.028056175 
316 68 10 12 0.027972216 
633 72 8 11 0.027835403 
397 201 47 55 0.027817758 
505 89 8 10 0.027792582 
304 40 8 10 0.027620057 
944 192 16 22 0.027398031 
803 119 12 16 0.027393444 
734 78 11 12 0.027313013 
56 69 13 18 0.02724302 
137 205 25 45 0.027208086 
262 48 7 10 0.027007436 
336 38 19 24 0.026892863 
910 216 13 17 0.026885882 
757 79 8 10 0.026858604 
149 264 37 53 0.026484368 
534 712 17 21 0.02634646 
93 5 12 15 0.026286786 
803 128 12 16 0.026284276 
984 117 37 50 0.026256874 
248 33 8 11 0.026249658 
720 77 9 12 0.026155984 
288 62 11 12 0.026092984 
899 1 12 12 0.025950799 
492 86 9 12 0.025944581 
699 97 21 26 0.025865538 
630 43 10 13 0.025774792 
639 70 9 12 0.025756644 
622 80 9 11 0.025705567 
92 110 16 19 0.025646066 
896 307 42 52 0.025514053 
604 78 9 11 0.02549296 
516 141 16 21 0.025343182 
274 5 11 13 0.02533782 
743 102 10 12 0.025194261 
681 81 8 11 0.025182847 
637 140 12 17 0.025157245 
687 79 9 12 0.02509946 
47 93 10 12 0.025012258 
817 78 11 12 0.024974413 
615 105 11 14 0.024950333 
656 51 9 12 0.02482121 
346 173 14 17 0.024818383 
667 151 15 19 0.024790274 
469 68 10 12 0.024681786 
101 -1 16 14 0.024626771 
0 9 13 19 0.02455788 
265 7 10 12 0.024457054 
794 157 14 19 0.024438206 
741 64 9 11 0.024436686 
199 100 23 33 0.02442944 
100 21 10 13 0.024334038 
185 40 7 10 0.02431131 
116 34 12 15 0.024209244 
481 71 8 11 0.024124658 
238 69 11 14 0.024098573 
223 22 9 10 0.02408543 
550 108 14 18 0.024064912 
777 75 9 11 0.023922294 
752 170 16 20 0.023859715 
67 22 11 14 0.023828572 
369 211 18 21 0.023765555 
494 55 8 9 0.023617553 
347 43 12 15 0.023607766 
772 186 13 16 0.023480127 
783 169 15 17 0.023413692 
954 143 22 27 0.023334038 
646 148 12 16 0.023260398 
96 411 31 39 0.02317743 
774 132 10 14 0.022993732 
655 122 10 14 0.022978382 
141 24 12 15 0.022944188 
757 108 10 13 0.022930296 
308 84 11 16 0.022925194 
448 237 62 70 0.022923796 
304 97 12 17 0.022912633 
293 32 8 10 0.022887804 
756 211 18 22 0.022846006 
195 81 12 17 0.022841077 
407 178 32 33 0.022646163 
989 246 17 22 0.022610493 
15 116 10 12 0.022603767 
150 137 24 37 0.022578586 
509 99 9 13 0.022543129 
782 73 9 10 0.022508623 
887 16 14 17 0.022478046 
261 53 9 11 0.022466553 
544 91 10 14 0.022450663 
459 159 22 29 0.022354279 
511 109 10 15 0.02232361 
346 126 16 19 0.022292284 
815 85 11 12 0.022249995 
892 179 17 27 0.022223743 
938 146 22 29 0.022217521 
655 133 10 14 0.022203786 
597 80 20 24 0.022202792 
457 534 46 66 0.022058882 
333 620 98 131 0.022037907 
358 155 10 12 0.02202627 
257 48 8 11 0.021996787 
174 21 8 11 0.021970907 
649 47 9 10 0.021962313 
688 70 9 11 0.02192762 
760 149 11 16 0.021925855 
890 333 46 56 0.021862548 
53 88 14 18 0.021827115 
532 89 11 16 0.021810714 
977 203 25 33 0.021804206 
191 35 8 12 0.021750398 
266 12 10 13 0.021703562 
314 67 108 126 0.021668611 
335 50 12 15 0.021634176 
288 69 11 14 0.021587549 
910 95 23 30 0.021579353 
920 142 21 28 0.021556303 
668 79 11 13 0.021554148 
286 76 12 16 0.021507911 
223 36 9 12 0.021470463 
495 94 8 11 0.021453917 
762 113 18 23 0.021451069 
694 95 9 12 0.021424342 
19 10 14 18 0.021322438 
489 66 7 9 0.02127223 
388 188 12 17 0.02120711 
235 95 21 26 0.02120149 
95 0 11 11 0.021043397 
22 117 10 13 0.02101166 
478 235 62 71 0.020944254 
49 0 12 13 0.020928606 
55 69 23 32 0.02091475 
736 212 41 46 0.0208656 
794 131 11 14 0.020808434 
1003 405 23 47 0.020790366 
257 53 8 11 0.020773234 
71 187 52 69 0.020582588 
270 29 8 11 0.020467732 
640 83 9 12 0.020449873 
256 24 8 10 0.020439005 
238 47 10 12 0.020405265 
356 147 12 15 0.020339403 
553 67 18 23 0.020304864 
255 35 10 12 0.020216525 
561 39 8 9 0.020187143 
856 154 22 32 0.020167809 
0 54 8 15 0.020139702 
716 115 13 19 0.020094713 
375 236 37 47 0.020092925 
681 86 18 23 0.020091016 
297 64 17 23 0.02007039 
35 50 13 16 0.020049665 
