8_Election_Campain_Election_Campaign_8_174
717
737 484 63 71 0.999303 
266 453 31 39 0.9990433 
129 413 34 44 0.99899286 
899 509 58 73 0.99889684 
311 442 30 33 0.99881446 
608 418 24 29 0.9988122 
584 458 39 47 0.9987159 
69 470 45 54 0.99812263 
742 444 32 36 0.997741 
8 480 46 56 0.99744654 
206 432 33 41 0.99706846 
503 343 32 40 0.99628556 
817 574 86 122 0.99616665 
167 423 30 37 0.9956495 
169 529 71 78 0.99563956 
951 465 40 51 0.9947484 
623 503 42 53 0.9946414 
198 478 37 44 0.9943869 
930 420 29 39 0.99425125 
386 537 73 85 0.9939044 
166 453 37 44 0.9934424 
297 486 45 52 0.9933529 
580 415 28 32 0.99292094 
453 448 40 44 0.9920615 
850 385 18 23 0.9913728 
656 421 23 28 0.99043244 
167 609 83 89 0.9889402 
822 441 29 34 0.98848736 
420 428 28 32 0.9825618 
990 333 13 15 0.981859 
434 446 27 38 0.98013306 
91 393 22 29 0.9794063 
771 380 17 21 0.9780824 
890 391 16 24 0.97413176 
693 397 18 24 0.9706407 
876 460 41 49 0.9694996 
258 422 27 28 0.96612585 
754 372 16 21 0.9630304 
979 405 23 28 0.9550892 
49 426 24 28 0.9462175 
449 616 75 87 0.9405039 
613 359 13 17 0.93606275 
805 413 19 24 0.93397725 
247 420 24 29 0.9296926 
346 393 14 19 0.92863 
954 419 25 32 0.9256344 
52 445 28 37 0.91978 
432 381 18 23 0.9093985 
320 473 35 46 0.9041152 
578 341 11 15 0.8872681 
428 437 26 33 0.88305926 
33 386 21 27 0.8829028 
183 350 9 11 0.8702122 
936 338 19 24 0.84360933 
727 397 18 22 0.8176587 
214 402 22 28 0.8062481 
854 308 11 14 0.8053203 
306 415 23 26 0.7914988 
491 330 13 16 0.7912779 
171 373 14 17 0.78895295 
1011 362 12 19 0.7807385 
675 363 11 14 0.7712911 
667 462 25 35 0.73282933 
932 392 23 26 0.7272062 
291 422 18 23 0.7220533 
557 357 12 14 0.71982723 
721 431 19 23 0.70751786 
428 502 43 59 0.6947414 
577 376 15 19 0.6886848 
871 385 15 20 0.68571323 
402 398 15 20 0.6812601 
627 378 15 18 0.6667012 
893 338 11 14 0.6496709 
758 413 27 29 0.6430602 
228 380 14 16 0.6310008 
725 374 11 14 0.6258244 
641 340 10 13 0.60422486 
475 368 14 19 0.6013585 
971 337 11 15 0.59003544 
795 398 19 22 0.58314615 
336 379 11 14 0.5761022 
656 398 19 21 0.575513 
114 340 13 16 0.55542773 
665 336 10 13 0.55029625 
487 591 66 75 0.5423853 
129 373 11 14 0.5311455 
163 349 9 11 0.52287656 
830 373 14 18 0.5163874 
596 379 12 15 0.49364355 
281 373 10 13 0.48989022 
676 385 13 16 0.4864541 
313 379 9 12 0.48374176 
1001 439 25 39 0.46620557 
151 392 15 20 0.45616576 
999 386 18 22 0.4463048 
445 418 25 29 0.44228217 
624 344 9 11 0.4418918 
728 342 9 12 0.43487313 
706 373 9 12 0.42419517 
496 380 11 14 0.39949977 
93 377 12 15 0.39847445 
636 380 15 17 0.39842844 
176 464 40 48 0.39759165 
255 381 10 12 0.35860485 
741 366 10 13 0.3526509 
798 372 15 18 0.34138194 
665 595 74 75 0.33760083 
543 372 14 17 0.3211345 
876 374 12 15 0.30177265 
679 451 27 33 0.2992631 
239 400 15 21 0.29820117 
981 292 9 11 0.2870245 
39 362 11 13 0.28653276 
1 373 11 15 0.27604303 
409 375 9 11 0.27514014 
272 364 8 11 0.26700056 
69 392 17 19 0.2637881 
941 296 9 11 0.25513935 
376 375 12 15 0.25298002 
255 374 10 12 0.23793846 
455 381 13 16 0.2344357 
179 403 13 17 0.23373039 
319 349 8 11 0.22794293 
130 390 17 21 0.22739983 
279 368 9 11 0.22457154 
190 370 9 12 0.22025307 
821 378 15 19 0.2185773 
711 367 11 13 0.2150486 
299 374 8 11 0.2119828 
0 397 9 15 0.21006007 
38 332 8 11 0.20465876 
466 518 36 57 0.20449656 
21 342 8 10 0.20082349 
660 377 12 15 0.20039567 
917 346 11 14 0.19910339 
1014 299 9 13 0.19743468 
55 408 17 20 0.19733958 
996 296 8 10 0.19671722 
12 370 10 13 0.19398548 
95 359 9 11 0.1916261 
800 406 20 25 0.18759172 
928 399 27 36 0.18518463 
564 378 13 16 0.18244648 
398 340 9 11 0.17686805 
467 345 14 18 0.17442179 
186 365 9 13 0.174091 
206 373 11 14 0.17117764 
319 330 6 8 0.16106969 
215 371 11 14 0.15953065 
718 436 26 32 0.15869169 
263 358 8 11 0.1582327 
409 326 7 9 0.15779644 
136 388 19 25 0.15702467 
437 425 28 33 0.15640564 
255 368 10 12 0.1556413 
21 351 9 11 0.15509962 
845 175 10 13 0.1547142 
406 513 59 74 0.15132584 
231 357 9 10 0.15124421 
184 353 10 13 0.15076001 
430 366 11 14 0.1492673 
387 404 13 16 0.14667322 
903 308 10 12 0.14635883 
835 402 16 19 0.14104757 
920 302 8 10 0.14034407 
219 368 10 12 0.14019655 
716 365 10 12 0.13797547 
760 410 16 19 0.13721196 
902 302 9 12 0.13489167 
24 355 9 12 0.13437141 
916 394 12 19 0.13293196 
141 381 13 16 0.13204587 
684 327 8 10 0.12928139 
224 342 8 9 0.12592454 
720 377 13 18 0.12540677 
232 335 7 8 0.122752935 
61 364 13 15 0.120640785 
392 326 6 9 0.12006023 
653 377 14 17 0.1185286 
328 367 9 10 0.11780298 
409 400 15 21 0.11638935 
320 345 7 9 0.11623682 
360 381 11 14 0.11373109 
161 343 10 12 0.113487236 
192 333 7 9 0.1126871 
571 422 26 34 0.11159048 
565 356 11 14 0.11039721 
298 380 10 12 0.10976172 
685 380 11 14 0.108926274 
353 365 9 12 0.1075122 
5 418 14 22 0.1047594 
131 381 14 17 0.10366103 
976 521 37 55 0.10363881 
83 447 25 30 0.10359443 
928 300 9 10 0.10229072 
918 319 8 12 0.10137639 
784 311 7 10 0.1005449 
965 299 11 12 0.100019656 
290 358 8 11 0.09956627 
7 366 13 16 0.09882774 
353 329 8 9 0.09794493 
158 335 8 10 0.09787463 
690 446 23 31 0.09731024 
392 352 8 9 0.09672133 
694 373 10 13 0.09658132 
284 401 16 20 0.09575535 
716 449 27 39 0.09360355 
199 342 7 10 0.09339366 
303 337 7 10 0.09338754 
359 375 8 12 0.09262457 
37 375 13 16 0.09214106 
201 372 9 12 0.09082727 
452 334 10 12 0.09051631 
285 408 22 28 0.09043878 
479 359 11 14 0.09042713 
452 359 11 14 0.09014766 
353 361 9 11 0.090034835 
53 346 10 13 0.08996268 
384 415 24 33 0.0891443 
629 347 10 12 0.08872505 
89 374 12 15 0.087148316 
241 410 23 30 0.08702209 
8 349 9 12 0.08641434 
578 443 35 44 0.08611181 
74 340 8 12 0.08548778 
334 341 8 10 0.0854195 
688 376 11 13 0.08474574 
572 354 11 15 0.084162846 
78 336 7 10 0.08348294 
280 395 13 16 0.083401285 
760 437 26 31 0.08330847 
248 359 8 9 0.08326444 
280 390 10 13 0.082751885 
236 374 11 13 0.081761435 
832 369 10 12 0.080606245 
374 325 8 10 0.080498606 
172 309 9 11 0.08022342 
727 368 11 14 0.07938669 
415 350 8 10 0.07930943 
54 366 12 15 0.079155646 
943 392 18 20 0.07914302 
900 335 10 13 0.07901968 
448 333 10 12 0.07801709 
644 376 13 16 0.077997886 
1004 436 19 23 0.07792498 
485 359 10 13 0.077898495 
52 381 14 18 0.0777927 
927 346 11 14 0.07772226 
116 400 15 20 0.077512324 
98 350 8 11 0.076976724 
758 312 8 10 0.07485097 
936 299 9 11 0.07439369 
34 334 8 10 0.07431643 
653 406 24 29 0.0741353 
217 335 6 8 0.073944665 
358 329 7 9 0.07243847 
36 381 15 19 0.072436854 
152 335 8 11 0.072359204 
753 316 9 11 0.07209045 
787 462 27 33 0.0719758 
1003 396 16 22 0.07171299 
272 425 16 19 0.07138683 
772 364 13 16 0.07124438 
730 440 29 35 0.07081661 
152 359 9 11 0.07079032 
791 311 8 10 0.0707719 
351 370 10 13 0.07067238 
78 340 9 12 0.0705017 
31 357 10 12 0.07023802 
238 368 8 10 0.06978826 
193 432 27 34 0.06888444 
744 313 7 10 0.06854515 
613 394 14 17 0.06847922 
319 333 7 10 0.06830338 
961 300 10 11 0.06785681 
285 368 9 11 0.06638628 
753 391 16 19 0.06616656 
335 337 7 9 0.06607115 
771 359 11 13 0.06559608 
431 543 53 67 0.065217435 
444 380 13 18 0.06502569 
37 312 9 12 0.06421453 
766 312 7 9 0.06416417 
248 366 10 12 0.063783586 
591 374 13 17 0.06232223 
696 367 8 11 0.062320303 
902 296 8 11 0.062299218 
76 393 23 28 0.062027812 
389 398 12 15 0.061906546 
633 359 9 12 0.061420936 
207 388 11 14 0.060680628 
122 396 20 24 0.06053734 
636 363 12 16 0.060093567 
666 396 15 19 0.060082797 
302 368 8 10 0.059912946 
693 378 11 14 0.0596956 
620 395 15 18 0.059572954 
22 335 9 11 0.059287015 
390 400 19 24 0.059206214 
990 449 30 45 0.058906663 
452 372 16 19 0.058709614 
155 380 12 15 0.057912745 
446 349 10 12 0.057694934 
337 359 7 9 0.057366725 
315 328 7 9 0.05697439 
407 322 7 9 0.056767877 
898 301 9 11 0.05639719 
49 343 10 12 0.05615951 
263 364 8 12 0.056043234 
896 396 17 21 0.055842336 
708 376 13 17 0.05581442 
324 404 15 17 0.055265713 
909 309 8 11 0.05509101 
424 385 13 18 0.055073217 
603 379 13 15 0.054982144 
101 375 10 13 0.054905042 
74 336 8 10 0.054765716 
658 390 16 19 0.053981222 
136 351 9 10 0.053467534 
147 380 13 16 0.052693374 
399 561 88 104 0.052575424 
757 317 8 9 0.05233044 
256 352 8 10 0.05207401 
63 443 29 34 0.051988978 
358 359 10 11 0.051985957 
981 363 15 17 0.05194588 
31 374 12 15 0.05172402 
213 359 10 11 0.051660553 
369 326 8 10 0.051460464 
548 365 12 14 0.051434338 
340 376 11 14 0.051367477 
186 334 8 10 0.051065072 
223 385 15 16 0.05104399 
97 344 9 11 0.050581325 
982 299 10 12 0.050536312 
710 465 32 42 0.05044984 
382 342 8 10 0.050187808 
676 371 12 14 0.05000924 
565 438 13 19 0.049370293 
45 384 21 26 0.049111113 
206 368 10 12 0.048932888 
186 328 8 10 0.048765726 
816 384 14 18 0.048688848 
189 380 11 14 0.048672043 
978 288 10 11 0.048564967 
867 463 29 41 0.048111115 
393 334 8 11 0.047998846 
34 329 8 10 0.047792487 
384 398 11 14 0.047614828 
21 312 8 11 0.047421783 
408 471 26 34 0.04730051 
415 344 8 10 0.04692257 
265 435 32 39 0.046891097 
693 458 29 34 0.04678038 
238 424 22 31 0.046778742 
206 394 11 17 0.04663617 
130 367 12 15 0.046495162 
538 274 15 18 0.046312455 
992 398 20 27 0.046228033 
446 328 9 11 0.04602697 
993 299 11 13 0.04599589 
62 392 15 18 0.045746557 
910 366 11 14 0.045530006 
224 356 9 12 0.045479823 
8 343 8 12 0.045294102 
364 379 12 17 0.044591583 
443 411 21 23 0.04444595 
45 363 11 14 0.044433974 
636 391 13 18 0.044211682 
174 406 25 28 0.04403567 
368 375 9 12 0.04399135 
761 371 16 20 0.043991275 
980 459 29 37 0.043848664 
165 354 10 13 0.043807786 
896 462 30 37 0.04366035 
600 531 23 35 0.043230675 
945 309 9 12 0.043165885 
22 327 8 10 0.04299962 
175 562 49 52 0.0427191 
133 399 25 31 0.042616088 
825 425 25 34 0.04251176 
415 452 31 42 0.04245265 
671 381 13 16 0.042405106 
788 379 13 17 0.04235508 
790 372 14 18 0.042250067 
181 370 11 16 0.042239573 
181 380 11 14 0.042217262 
912 318 10 12 0.041957624 
383 336 9 10 0.041605018 
912 343 10 13 0.04136972 
380 383 13 18 0.041141804 
918 393 21 29 0.04069206 
560 419 23 33 0.04068811 
262 353 7 10 0.04067414 
286 325 8 11 0.040596735 
592 421 19 23 0.040392805 
234 366 10 11 0.040242013 
299 337 7 9 0.040205434 
385 320 7 9 0.039910894 
777 312 8 9 0.039880827 
342 358 7 10 0.03983874 
20 318 9 11 0.039819848 
225 351 8 10 0.03979852 
685 445 18 23 0.03957601 
493 373 19 26 0.039395068 
46 327 8 10 0.039330494 
16 348 10 13 0.039322603 
713 360 10 13 0.039235458 
680 332 9 12 0.039171975 
387 378 11 15 0.03915197 
291 396 14 17 0.03908318 
716 420 18 21 0.039071504 
733 349 10 11 0.039026294 
30 261 8 11 0.03900028 
713 324 11 13 0.03898874 
59 465 35 43 0.038842093 
629 391 14 20 0.03875877 
600 342 7 11 0.03845951 
987 373 15 18 0.03844268 
644 336 11 14 0.038408894 
475 349 12 17 0.03825448 
329 373 8 11 0.038109582 
25 262 9 10 0.037976664 
314 407 22 27 0.037938006 
224 337 7 9 0.037860755 
294 352 8 9 0.037674572 
334 376 18 23 0.037483398 
344 351 6 9 0.03746995 
88 365 10 13 0.037170354 
534 370 13 18 0.03712295 
8 357 11 14 0.037097555 
655 319 9 11 0.036875162 
732 371 12 15 0.036779113 
305 358 7 10 0.036681846 
991 289 9 10 0.036625918 
492 329 20 24 0.036350552 
825 414 22 28 0.03622826 
655 325 9 11 0.036130678 
238 358 9 10 0.036074035 
910 464 26 33 0.035939842 
670 351 10 12 0.035815686 
903 372 11 13 0.035702545 
668 510 14 20 0.0356593 
214 350 9 12 0.035649586 
421 404 13 17 0.035491813 
468 308 9 12 0.035439126 
620 381 17 21 0.035344757 
272 325 8 10 0.035112746 
406 342 8 10 0.034980096 
177 399 11 13 0.034900784 
150 339 9 12 0.034899503 
1012 352 11 16 0.034750953 
224 403 16 21 0.034693427 
313 351 8 11 0.034692716 
289 351 8 10 0.034677457 
198 335 7 10 0.034410015 
574 435 26 35 0.03440634 
767 431 19 24 0.034300733 
23 302 7 9 0.03403424 
257 335 8 10 0.03402383 
357 386 13 18 0.034000166 
87 389 15 20 0.033926394 
178 435 36 44 0.033909176 
657 334 9 12 0.033876456 
196 278 12 14 0.033794846 
946 351 15 19 0.033632316 
692 392 14 18 0.033569746 
965 317 11 13 0.033453844 
180 345 18 22 0.033400025 
296 367 8 10 0.03330619 
409 349 8 10 0.033256795 
713 334 9 11 0.033183046 
606 395 14 17 0.03318243 
730 303 8 11 0.0331692 
446 372 14 17 0.03303828 
682 386 13 18 0.032971136 
256 357 10 12 0.032915276 
871 340 9 13 0.032826576 
413 366 11 14 0.03274102 
85 342 8 11 0.032737635 
248 374 10 12 0.03268481 
606 386 14 16 0.032631848 
125 341 9 12 0.03254357 
442 327 8 11 0.03242065 
705 443 27 33 0.032316007 
284 391 12 14 0.032149024 
274 407 24 28 0.032065287 
329 361 8 10 0.032046795 
375 321 8 10 0.031971533 
909 482 50 63 0.031929366 
645 345 10 13 0.031914376 
471 377 12 15 0.031862017 
1013 410 12 17 0.03186151 
733 334 9 12 0.03185487 
103 344 7 10 0.03171479 
765 363 12 16 0.031630013 
173 303 9 11 0.031589653 
846 370 12 16 0.031499024 
441 332 9 11 0.031419978 
157 366 11 13 0.031316593 
234 386 13 16 0.03115596 
329 342 7 10 0.031148363 
337 328 7 8 0.031115009 
55 419 20 24 0.031018507 
661 320 8 10 0.030653082 
699 475 38 47 0.030602342 
250 380 10 13 0.03060008 
568 465 27 36 0.030375969 
1009 296 8 10 0.030359378 
334 366 8 10 0.030283755 
596 365 12 14 0.030230746 
443 440 29 37 0.030228276 
328 336 7 9 0.030210653 
442 347 9 13 0.030123822 
869 368 11 12 0.030105432 
544 358 12 15 0.030008262 
911 379 14 21 0.029987965 
498 577 48 57 0.029951423 
850 315 9 12 0.029896695 
237 335 8 9 0.029867206 
297 369 18 22 0.029691769 
448 342 10 13 0.029657332 
983 376 15 20 0.029567737 
211 377 12 15 0.029450644 
466 347 22 26 0.029407952 
311 422 28 33 0.029170716 
911 296 8 10 0.028980818 
735 327 8 10 0.028978588 
591 365 11 14 0.02878532 
476 333 11 15 0.028774831 
369 320 7 10 0.028568665 
427 371 20 25 0.028567167 
593 493 26 33 0.028522668 
361 350 9 11 0.02835118 
312 460 33 41 0.02827722 
184 431 18 24 0.028148834 
497 335 26 33 0.028128719 
424 634 60 64 0.028039174 
611 383 22 25 0.028036937 
23 365 11 14 0.027960204 
554 353 20 25 0.027864605 
605 371 14 16 0.02784725 
277 360 8 11 0.02777743 
975 396 35 46 0.027756618 
313 334 8 10 0.027749728 
183 287 9 11 0.027713506 
391 322 7 9 0.027698232 
455 360 22 26 0.027625095 
62 432 20 24 0.02758672 
401 373 9 13 0.02754742 
159 342 17 23 0.027506422 
565 534 40 59 0.027402835 
911 303 9 11 0.0273591 
669 369 14 17 0.02734308 
160 373 11 15 0.027341144 
857 448 28 35 0.027212039 
232 329 8 10 0.02701788 
214 397 14 19 0.027014025 
684 621 44 45 0.026991112 
873 315 10 14 0.026957719 
718 319 7 10 0.026940001 
200 348 9 11 0.026700513 
8 335 7 10 0.026575236 
423 371 13 15 0.02650884 
984 327 12 16 0.026494045 
158 355 11 14 0.02645203 
249 352 7 9 0.026272276 
20 395 12 17 0.02618526 
686 358 9 11 0.026115438 
789 341 8 11 0.02611296 
46 333 8 10 0.026080202 
952 119 10 11 0.025965227 
397 349 9 11 0.025899623 
285 428 19 23 0.025795035 
424 494 33 49 0.025741791 
213 390 11 14 0.025671275 
174 336 8 9 0.025660058 
424 345 8 11 0.025553616 
655 437 26 35 0.02552736 
714 487 28 38 0.025438927 
272 381 9 11 0.025348023 
791 351 9 12 0.025322553 
249 343 7 9 0.025260435 
983 279 8 11 0.025155433 
475 339 12 17 0.025154667 
523 260 10 12 0.025102481 
661 114 32 41 0.025056928 
887 474 47 58 0.024951177 
613 404 15 19 0.02487429 
192 341 8 11 0.024836823 
444 466 49 61 0.024756128 
33 315 10 12 0.024751985 
411 378 12 14 0.024629934 
457 379 23 27 0.024483468 
87 294 9 11 0.024466597 
824 378 20 25 0.02440452 
476 503 28 51 0.024396358 
418 476 15 20 0.024389148 
333 417 12 17 0.024332285 
695 320 10 12 0.024294673 
879 370 11 13 0.024164787 
419 387 21 27 0.02416154 
88 272 9 10 0.0241352 
574 417 18 22 0.024132608 
610 463 29 34 0.024128102 
38 288 8 11 0.024039475 
305 350 8 10 0.024019772 
793 498 26 41 0.024009993 
903 314 11 13 0.023969252 
399 392 12 16 0.023893276 
752 301 9 10 0.023873707 
917 352 12 17 0.023867946 
803 368 12 16 0.023800027 
608 508 40 56 0.023762286 
256 328 8 10 0.02369988 
724 386 20 26 0.023623893 
1007 286 9 11 0.023608763 
662 327 10 13 0.02350548 
142 351 8 10 0.023496363 
882 372 12 16 0.023478208 
384 350 8 11 0.023433266 
543 360 19 24 0.023357758 
190 294 9 11 0.023356436 
613 381 12 16 0.023290455 
262 336 7 10 0.023255639 
645 393 13 17 0.023239663 
779 374 14 17 0.023229674 
903 391 18 26 0.023222389 
199 396 12 18 0.02321967 
167 486 51 63 0.023200987 
71 269 9 10 0.023198076 
430 344 9 11 0.023110256 
7 317 8 11 0.023105964 
474 571 57 70 0.023069413 
737 357 11 14 0.023049587 
955 347 12 16 0.023039652 
419 479 28 39 0.023010848 
65 267 9 11 0.02300352 
464 372 22 24 0.022850072 
56 286 9 12 0.022842951 
14 357 10 13 0.022767916 
545 541 45 59 0.022749221 
706 363 18 22 0.022661546 
278 368 18 22 0.022619395 
256 342 7 8 0.022615653 
836 327 9 12 0.02252759 
416 357 9 11 0.022523683 
145 342 9 11 0.022518434 
395 419 27 35 0.022439752 
914 463 38 48 0.02243646 
736 318 8 9 0.022385206 
337 351 7 10 0.02233958 
344 327 7 9 0.022333125 
30 363 13 16 0.02229386 
425 410 15 18 0.02229381 
58 401 24 30 0.022272283 
399 367 10 12 0.022196736 
294 389 12 14 0.02217606 
702 336 9 10 0.022134572 
851 305 18 21 0.022102162 
333 393 15 19 0.022064764 
898 308 10 13 0.022011723 
1010 402 13 20 0.022009509 
933 454 28 37 0.021978771 
69 260 10 13 0.021898612 
735 67 60 88 0.021898504 
43 379 15 21 0.02188392 
32 339 10 12 0.021877185 
720 312 7 9 0.021870704 
928 518 49 62 0.02185898 
648 414 23 29 0.021849005 
728 308 9 12 0.021838637 
696 335 9 11 0.021832544 
238 352 8 10 0.02181796 
311 357 8 9 0.021813191 
45 373 12 17 0.021706725 
298 342 8 10 0.021693023 
964 308 12 13 0.0216063 
173 385 12 15 0.021482747 
167 369 12 14 0.021438634 
667 386 20 23 0.021372309 
133 355 12 13 0.02134203 
209 350 9 12 0.021325843 
862 340 11 15 0.021317672 
463 401 12 16 0.021282017 
408 368 10 14 0.021218807 
830 407 16 21 0.021207092 
162 481 36 45 0.021066384 
382 369 11 13 0.021061493 
925 318 9 12 0.02104047 
721 341 9 12 0.02100313 
217 341 7 10 0.020965338 
200 377 12 16 0.020774491 
106 395 15 22 0.020760294 
0 413 11 19 0.020740867 
376 350 9 11 0.020721316 
154 438 29 40 0.020705136 
680 467 33 37 0.020694464 
273 372 10 12 0.020677129 
343 343 7 9 0.020651013 
977 283 18 22 0.020634886 
328 388 11 13 0.020586371 
407 368 19 24 0.020541234 
185 302 9 11 0.020530244 
153 363 9 12 0.020493543 
375 369 10 12 0.02043853 
462 353 14 17 0.020408832 
229 341 9 10 0.020371877 
43 433 31 36 0.020305462 
623 375 13 17 0.020247817 
280 321 9 11 0.020220062 
189 508 57 69 0.020218268 
400 328 7 9 0.020173285 
288 345 7 9 0.020105543 
143 357 8 11 0.020078484 
38 340 9 12 0.020057023 
659 500 24 34 0.020009533 
