8_Election_Campain_Election_Campaign_8_452
75
422 386 54 67 0.9975599 
787 322 85 99 0.9945148 
969 392 50 69 0.99200845 
639 291 77 83 0.9916992 
74 449 44 50 0.9802183 
361 404 43 56 0.9322794 
152 447 41 48 0.8796731 
8 490 34 40 0.30465725 
0 452 31 48 0.17482644 
322 381 15 21 0.13557526 
527 393 25 36 0.07598277 
392 380 13 15 0.07484274 
143 456 35 49 0.070769556 
111 459 28 36 0.06627302 
286 321 13 15 0.06346745 
484 542 47 60 0.05910691 
351 410 33 43 0.05480237 
310 180 9 11 0.048987906 
60 455 27 36 0.04801808 
106 140 8 11 0.047671147 
292 246 11 13 0.044771712 
334 349 9 10 0.039404165 
287 312 9 11 0.037492502 
332 398 25 36 0.03675231 
60 429 14 17 0.036505114 
290 252 9 11 0.03460791 
280 183 8 11 0.033640653 
732 350 45 63 0.033560555 
367 387 12 16 0.03351538 
222 281 11 15 0.033288658 
331 380 12 16 0.033042666 
749 371 12 16 0.032112308 
500 391 41 61 0.032018714 
71 143 8 10 0.031677514 
344 175 8 11 0.030819103 
242 393 30 40 0.030576246 
245 293 9 12 0.02987478 
525 378 23 36 0.0294302 
748 475 43 64 0.028904054 
164 456 43 49 0.02875325 
340 364 15 19 0.028519735 
278 239 9 11 0.027446993 
125 460 27 38 0.027134681 
204 542 31 44 0.027122652 
381 401 34 48 0.026878681 
58 440 26 36 0.026825625 
294 240 10 11 0.02661038 
287 223 8 10 0.026165737 
128 157 9 11 0.025045358 
265 303 9 10 0.02493776 
249 215 8 11 0.02470116 
-3 414 24 43 0.024457105 
278 244 9 12 0.024211233 
239 413 39 49 0.023868592 
58 430 22 30 0.023700617 
5 461 46 59 0.023448126 
222 200 8 10 0.02335415 
302 204 10 12 0.023296507 
0 131 9 14 0.023254083 
490 403 30 47 0.023060445 
225 160 9 10 0.02294703 
283 316 22 26 0.022654746 
246 174 9 11 0.022507112 
308 199 10 11 0.022393987 
247 190 9 11 0.022262387 
262 191 9 10 0.021639246 
278 156 9 12 0.021377135 
272 246 9 11 0.021330183 
361 380 26 34 0.021328544 
30 479 43 53 0.0210243 
450 391 51 66 0.02070152 
281 303 9 10 0.02055321 
198 468 36 40 0.020484325 
263 220 9 11 0.020217309 
287 230 9 10 0.020148378 
