8_Election_Campain_Election_Campaign_8_133
37
856 190 29 37 0.99925 
20 112 32 43 0.99901724 
903 187 28 34 0.99608886 
946 184 25 30 0.97686315 
727 178 33 36 0.9621881 
203 90 76 157 0.9443198 
630 168 25 32 0.8975308 
897 243 18 21 0.20883168 
944 219 17 19 0.19820388 
640 170 17 23 0.09446455 
379 127 42 47 0.092401505 
432 174 29 29 0.086566985 
300 140 25 33 0.06203883 
410 168 32 39 0.046082426 
650 171 12 16 0.044902574 
360 135 28 35 0.041310817 
485 210 11 14 0.04107293 
482 197 12 15 0.037764154 
426 185 33 33 0.035157405 
384 153 60 51 0.03279729 
960 186 19 24 0.031845607 
899 163 14 15 0.029435335 
943 203 24 31 0.02806654 
638 174 25 34 0.027990742 
429 197 13 14 0.027636234 
414 192 61 51 0.02447181 
292 125 44 59 0.024137333 
402 172 61 51 0.022388445 
5 138 15 23 0.021642143 
230 111 92 121 0.021534191 
424 203 37 32 0.02134718 
969 185 15 22 0.020670056 
439 191 31 35 0.02056796 
632 164 14 21 0.020338053 
477 189 12 17 0.020301914 
398 139 32 38 0.02028833 
76 133 99 137 0.020176573 
